   1.2700000e-02   7.0000000e-08
   8.8867000e-02   6.4400000e-01
   9.3180000e-02   1.7200000e-01
   2.1344000e-01   8.1400000e-01
   2.1666800e-01   6.4600000e-01
   2.3743100e-01   9.3200000e-02
   2.5764600e-01   1.6700000e-01
   2.7740300e-01   1.3800000e-02
   2.9681200e-01   9.6900000e-02
   3.0950000e-01   1.9000000e-04
   3.2556200e-01   9.4100000e-01
   4.2638300e-01   9.7000000e-01
   4.5405000e-01   1.6700000e-01
   4.9501300e-01   7.1300000e-01
   5.3503600e-01   9.4000000e-02
   5.7421500e-01   8.8000000e-01
