   1.0895000e-01   4.4000000e-04
   1.2030000e-01   2.4000000e-04
   1.2800000e-01   1.6000000e-04
   2.1898000e-01   2.9700000e-02
   2.4137700e-01   3.8600000e-02
   3.1433700e-01   7.4000000e-04
   3.1627100e-01   6.1000000e-04
   3.5005000e-01   1.5400000e-02
   3.5005300e-01   1.5400000e-02
   3.5255500e-01   8.3000000e-03
   3.7180700e-01   2.6200000e-02
   4.3471000e-01   3.8000000e-03
   4.5988000e-01   2.6620000e-01
   4.8070500e-01   5.8400000e-02
   5.6880000e-01   5.8000000e-01
   5.9124300e-01   9.4000000e-03
   5.9325000e-01   4.8000000e-03
   7.1956200e-01   6.8500000e-02
   7.2162900e-01   1.0200000e-02
   7.7822400e-01   9.6450000e-01
   8.1080000e-01   1.1090000e-01
   8.1258100e-01   2.9500000e-02
   8.4768700e-01   1.1400000e-02
   8.4992900e-01   2.0450000e-01
   1.0913490e+00   4.9000000e-03
   1.1269650e+00   4.2400000e-03
   1.2002310e+00   1.9970000e-01
   1.3468000e+00   2.4000000e-05
   1.4411290e+00   4.4400000e-03
   1.4978070e+00   3.2800000e-02
   1.6259030e+00   1.5400000e-03
