   7.8760000e-02   8.3000000e-04
   1.2500000e-01   1.9000000e-05
   1.3505000e-01   1.2000000e-04
   2.0521000e-01   3.0000000e-04
   2.5159600e-01   1.7300000e-03
   2.7282000e-01   1.5000000e-04
   2.7282000e-01   2.3000000e-04
   2.8500000e-01   1.6700000e-03
   2.8629300e-01   6.0000000e-04
   2.8629300e-01   7.0000000e-04
   2.8629300e-01   9.9000000e-04
   2.9806100e-01   6.4400000e-03
   3.0568000e-01   3.4000000e-04
   3.1073000e-01   3.0000000e-04
   3.1500000e-01   1.7000000e-04
   3.3397100e-01   9.6000000e-01
   3.3570000e-01   3.6000000e-04
   3.4038000e-01   1.5600000e-03
   3.4256000e-01   1.7000000e-03
   3.4595500e-01   3.9800000e-03
   3.7072000e-01   2.8000000e-04
   3.7072100e-01   8.0000000e-04
   3.7272800e-01   2.3900000e-03
   3.7773000e-01   1.1300000e-03
   3.7773000e-01   1.1300000e-03
   3.8199000e-01   1.1200000e-03
   4.0215200e-01   7.8000000e-03
   4.0297000e-01   2.4000000e-03
   4.0652000e-01   1.4000000e-03
   4.2055000e-01   1.3000000e-04
   4.3940100e-01   8.0400000e-01
   4.4878900e-01   2.5900000e-03
   4.5340000e-01   2.6000000e-04
   4.5836000e-01   4.4000000e-04
   4.6176100e-01   8.2600000e-03
   4.6411000e-01   8.0000000e-04
   4.6411000e-01   3.8000000e-03
   4.7449800e-01   1.4500000e-03
   4.7689000e-01   1.8000000e-04
   4.8593100e-01   1.6500000e-03
   5.0552100e-01   4.8000000e-02
   5.1007000e-01   1.2500000e-03
   5.1007000e-01   1.2500000e-03
   5.1565000e-01   9.8900000e-03
   5.2008500e-01   4.6100000e-03
   5.4055000e-01   8.6000000e-04
   5.4297200e-01   1.3400000e-03
   5.5320000e-01   3.3000000e-04
   5.7125900e-01   4.1300000e-03
   5.7551000e-01   3.1000000e-04
   5.8427400e-01   5.2600000e-01
   5.9085000e-01   3.2000000e-04
   5.9653000e-01   2.1000000e-04
   5.9653000e-01   5.3000000e-04
   6.0732000e-01   1.6700000e-03
   6.1269000e-01   9.3000000e-04
   6.1269000e-01   9.3000000e-04
   6.1269000e-01   9.3000000e-04
   6.1516000e-01   8.1000000e-04
   6.2556800e-01   3.1000000e-03
   6.3782600e-01   1.4000000e-04
   6.5828000e-01   5.3000000e-04
   6.6266000e-01   1.5000000e-04
   6.6705000e-01   2.5900000e-03
   6.6705000e-01   2.6000000e-03
   6.7586000e-01   5.0900000e-03
   6.7681000e-01   1.9000000e-04
   6.9950000e-01   6.0000000e-05
   7.1220500e-01   1.0800000e-02
   7.3122000e-01   3.3600000e-03
   7.3745500e-01   9.6000000e-02
   7.4060000e-01   0.0000000e+00
   7.4146700e-01   8.5400000e-03
   7.4805700e-01   5.1800000e-02
   7.4980000e-01   6.7200000e-03
   7.5106800e-01   2.1400000e-02
   7.5651000e-01   1.1300000e-03
   7.5957000e-01   7.7000000e-04
   7.6203000e-01   2.8000000e-04
   7.7328300e-01   6.0500000e-03
   7.7700000e-01   7.0000000e-05
   7.8800000e-01   4.0000000e-05
   8.1644000e-01   4.9000000e-04
   8.2856200e-01   5.8600000e-03
   8.3081600e-01   5.3200000e-03
   8.3192000e-01   6.7000000e-04
   8.3658000e-01   3.0700000e-03
   8.3840000e-01   5.8000000e-04
   8.5986700e-01   5.8600000e-03
   8.6925600e-01   1.8530000e-02
   8.9907100e-01   9.4100000e-03
   9.1088000e-01   8.6000000e-04
   9.1528000e-01   1.6000000e-04
   9.2326700e-01   3.0700000e-03
   9.2326700e-01   3.0700000e-03
   9.5320000e-01   4.5000000e-04
   9.7847000e-01   2.0000000e-04
   1.0458730e+00   8.8000000e-04
   1.0458730e+00   9.1000000e-03
   1.0490430e+00   5.3800000e-02
   1.0710020e+00   1.4400000e-03
   1.0814600e+00   2.9000000e-04
   1.0833400e+00   1.6300000e-03
   1.1154000e+00   1.5000000e-04
   1.1228550e+00   3.3600000e-03
   1.1657400e+00   1.0600000e-03
   1.1705870e+00   1.3340000e-02
   1.1938260e+00   8.0000000e-03
   1.1971080e+00   1.1300000e-02
   1.2094600e+00   3.4000000e-05
   1.2469680e+00   1.9100000e-02
   1.2512500e+00   1.6300000e-03
   1.2619800e+00   4.6100000e-03
   1.3086750e+00   8.9300000e-03
   1.3219100e+00   1.7300000e-03
   1.3340600e+00   4.1300000e-03
   1.3437770e+00   2.5900000e-02
   1.3464000e+00   2.9000000e-04
   1.3502900e+00   1.7300000e-03
   1.3791200e+00   3.9000000e-04
   1.3791300e+00   3.9000000e-04
   1.4170000e+00   2.4000000e-06
   1.4200000e+00   7.0000000e-05
   1.4854900e+00   1.9000000e-02
   1.4993500e+00   3.9400000e-04
   1.6365300e+00   7.2000000e-03
   1.6906680e+00   1.5000000e-03
   1.7100000e+00   5.8000000e-06
   1.7364000e+00   1.9000000e-06
   1.7831900e+00   1.0300000e-03
   1.8185200e+00   3.8000000e-05
   1.8333000e+00   2.6000000e-05
