   5.4150000e-01   4.6000000e-05
   7.3248000e-01   1.1000000e-04
   7.6050000e-01   2.8900000e-03
   7.6700000e-01   3.7000000e-05
   8.1851400e-01   2.3000000e-02
   8.9400000e-01   4.6000000e-05
   9.0680000e-01   1.2000000e-05
   9.3500000e-01   2.1000000e-05
   9.8154000e-01   1.2000000e-06
   1.2214000e+00   9.0000000e-06
   1.2615500e+00   2.9900000e-04
   1.3103100e+00   9.9000000e-04
   1.3227600e+00   2.6400000e-03
   1.4660000e+00   2.8000000e-05
   1.4969100e+00   4.2800000e-04
   1.5145000e+00   2.3000000e-05
   1.5509500e+00   1.1000000e-04
   1.5798190e+00   0.0000000e+00
   1.6669000e+00   1.1000000e-04
   1.7139000e+00   2.3000000e-06
   1.7914000e+00   6.7000000e-05
   1.8222000e+00   3.5000000e-05
   1.9548000e+00   1.6000000e-05
   2.0800000e+00   1.9300000e-04
   2.1287500e+00   4.6900000e-04
   2.1415000e+00   0.0000000e+00
   2.2860000e+00   4.6000000e-06
   2.3325000e+00   2.3000000e-05
   2.4854000e+00   3.2000000e-05
