   3.1070000e-02   1.6000000e-03
   3.1780000e-02   2.2000000e-03
   3.7300000e-02   4.8000000e-03
   5.9168000e-02   1.1200000e-02
   6.0580000e-02   8.0000000e-04
   6.1400000e-02   7.0000000e-03
   6.2620000e-02   1.3000000e-03
   6.5440000e-02   7.3000000e-04
   7.4880000e-02   4.5000000e-04
   7.6701000e-02   1.8800000e-02
   7.7940000e-02   9.5000000e-04
   8.1110000e-02   1.0600000e-03
   8.8380000e-02   8.4000000e-04
   1.2114700e-01   4.7600000e-02
   1.8600000e-01   2.5000000e-03
   1.8655000e-01   8.1000000e-03
   1.9027300e-01   1.1300000e-02
   1.9340000e-01   1.1000000e-02
   1.9646100e-01   1.6630000e-01
   1.9787000e-01   5.6000000e-01
   2.1695000e-01   3.2000000e-03
   2.6320700e-01   1.3400000e-02
   2.7605000e-01   9.9000000e-03
   3.1520000e-01   2.4000000e-03
   3.1746000e-01   1.3000000e-02
   3.2178000e-01   2.6000000e-03
   3.7670000e-01   2.9000000e-03
   3.9435100e-01   1.1930000e-01
   4.5310000e-01   3.0000000e-03
   4.5347000e-01   4.0000000e-03
   4.7265000e-01   7.7000000e-03
   5.1846000e-01   3.2000000e-03
   5.1846000e-01   3.2000000e-03
   5.3460000e-01   1.9000000e-03
   5.5754000e-01   4.2000000e-03
   5.7769000e-01   3.5000000e-03
   5.9424000e-01   2.9000000e-03
   6.4146000e-01   2.2000000e-03
   6.7046000e-01   5.0000000e-03
   7.1640000e-01   7.8000000e-03
   7.2419000e-01   2.5000000e-03
   7.5820000e-01   2.1000000e-03
   7.9736000e-01   2.7000000e-03
   8.2339000e-01   5.6000000e-03
   8.4400000e-01   2.5000000e-03
   8.4600000e-01   3.2000000e-03
   8.6852000e-01   3.2000000e-03
   9.0930000e-01   2.9000000e-03
   9.1170000e-01   3.4200000e-03
   9.6620000e-01   3.0000000e-03
   9.8820000e-01   5.0000000e-03
   9.8838000e-01   1.4600000e-02
   1.0281600e+00   5.7000000e-03
   1.1550400e+00   3.6000000e-03
   1.1631400e+00   8.5000000e-03
   1.1856500e+00   6.9000000e-03
   1.2208200e+00   3.2000000e-03
   1.3001000e+00   3.2000000e-03
   1.3546700e+00   3.5000000e-03
   1.3774000e+00   7.0000000e-03
   1.3863500e+00   9.9000000e-03
   1.4076500e+00   3.4000000e-03
   1.4631600e+00   2.8600000e-02
