   3.1737700e-02   4.8600000e-03
   4.2714800e-02   2.7700000e-03
   6.5711150e-02   2.9200000e-02
   6.7749700e-02   4.1200000e-01
   8.4680200e-02   2.6500000e-02
   1.0010595e-01   1.4100000e-01
   1.1041400e-01   8.7000000e-04
   1.1367170e-01   1.8850000e-02
   1.1641790e-01   4.3100000e-03
   1.2161000e-01   2.6000000e-05
   1.5242990e-01   6.9300000e-02
   1.5638650e-01   2.6420000e-02
   1.7939381e-01   3.0820000e-02
   1.9835190e-01   1.4410000e-02
   2.2210850e-01   7.4900000e-02
   2.2932070e-01   3.6300000e-02
   2.6407400e-01   3.6050000e-02
   3.5107000e-01   9.1000000e-05
   8.2970000e-01   1.5000000e-04
   8.9198000e-01   5.7000000e-04
   9.2799200e-01   6.1900000e-03
   9.5972960e-01   3.4800000e-03
   1.0016951e+00   2.0660000e-02
   1.0357100e+00   7.3000000e-05
   1.0444099e+00   2.3700000e-03
   1.1133900e+00   4.4600000e-03
   1.1213007e+00   3.4900000e-01
   1.1358100e+00   0.0000000e+00
   1.1573127e+00   5.9000000e-03
   1.1580817e+00   4.0000000e-03
   1.1807600e+00   8.6000000e-04
   1.1890503e+00   1.6230000e-01
   1.2214066e+00   2.6980000e-01
   1.2238033e+00   2.3000000e-03
   1.2310157e+00   1.1440000e-01
   1.2574185e+00   1.4880000e-02
   1.2737305e+00   6.5050000e-03
   1.2891561e+00   1.3490000e-02
   1.3427110e+00   2.5130000e-03
   1.3738362e+00   2.1850000e-03
   1.3874022e+00   7.0800000e-04
   1.4100800e+00   3.9400000e-04
   1.4531237e+00   2.8400000e-04
