   7.5500000e-02   1.1000000e-03
   7.9400000e-02   1.2000000e-03
   1.5800000e-01   1.1000000e-03
   1.7000000e-01   1.4000000e-03
   1.7750000e-01   6.4000000e-04
   1.8400000e-01   5.3000000e-04
   1.9600000e-01   8.3000000e-04
   2.0600000e-01   1.6000000e-03
   2.3100000e-01   1.2000000e-03
   3.0270000e-01   8.0000000e-01
   3.5100000e-01   1.0500000e-03
   3.5940000e-01   2.4000000e-03
   3.9090000e-01   6.1000000e-02
   4.5790000e-01   5.0000000e-03
   5.4750000e-01   5.2300000e-02
   6.3570000e-01   1.7800000e-02
   6.8180000e-01   2.1000000e-03
   7.7000000e-01   6.6000000e-03
   7.8874200e-01   1.0000000e+00
   9.4000000e-01   5.0000000e-03
   1.0378000e+00   1.0100000e+00
   1.0831000e+00   2.0000000e-03
   1.2024000e+00   6.0000000e-04
   1.2390000e+00   1.2000000e-03
   1.2570000e+00   6.6000000e-04
   1.2797000e+00   9.0000000e-04
   1.3478000e+00   3.3000000e-03
   1.3930000e+00   1.2000000e-03
   1.4160000e+00   4.4000000e-04
   1.4533000e+00   2.6000000e-03
   1.5093000e+00   5.6000000e-04
   1.5276000e+00   1.7000000e-03
   1.5409000e+00   1.6000000e-03
   1.5832000e+00   1.2100000e-03
   1.6315000e+00   4.0000000e-04
   1.6712000e+00   1.0200000e-03
   1.7092000e+00   8.8000000e-04
   1.7265000e+00   2.3000000e-04
   1.7975000e+00   1.0000000e-03
   1.8081000e+00   2.5100000e-03
   1.8510000e+00   2.8000000e-04
   1.8644000e+00   2.1400000e-03
   1.8841000e+00   8.0000000e-04
   1.9140000e+00   1.6000000e-04
   1.9270000e+00   1.4000000e-04
   1.9470000e+00   1.0000000e-04
   1.9560000e+00   1.0000000e-04
   1.9570000e+00   9.4000000e-04
   1.9690000e+00   2.8000000e-04
   1.9790000e+00   1.4000000e-04
   2.0102000e+00   3.4000000e-04
   2.0266000e+00   1.5000000e-03
   2.0302000e+00   6.0000000e-04
   2.0661000e+00   2.0000000e-04
   2.1117000e+00   3.0000000e-04
   2.1193000e+00   4.0000000e-04
   2.1985000e+00   1.2000000e-04
   2.2225000e+00   6.0000000e-04
   2.2364000e+00   3.0000000e-04
