   1.4160000e-02   0.0000000e+00
   5.5150000e-02   1.7800000e-02
   6.9200000e-02   1.0000000e-04
   7.1646000e-02   9.0000000e-03
   8.8400000e-02   3.7000000e-04
   1.0535950e-01   1.2340000e-01
   1.1294980e-01   2.0400000e-01
   1.1586820e-01   6.5000000e-03
   1.1701000e-01   1.8700000e-03
   1.2162110e-01   5.9100000e-02
   1.2850300e-01   1.5500000e-01
   1.3672480e-01   1.4000000e-02
   1.4576940e-01   9.1000000e-03
   1.4716400e-01   3.5100000e-02
   1.5328430e-01   1.6900000e-01
   1.5973420e-01   5.3000000e-03
   1.7185760e-01   4.8100000e-02
   1.7439910e-01   1.2610000e-01
   1.7700080e-01   3.4300000e-02
   1.8198000e-01   1.2400000e-03
   1.9556010e-01   8.4000000e-03
   2.0410520e-01   1.3800000e-01
   2.0836640e-01   5.7700000e-01
   2.1443390e-01   6.5900000e-02
   2.1810390e-01   3.2800000e-02
   2.2848380e-01   3.7000000e-01
   2.3386080e-01   5.5800000e-02
   2.4250000e-01   3.7000000e-04
   2.4967410e-01   6.1400000e-02
   2.6878500e-01   3.4300000e-02
   2.8178730e-01   1.4100000e-01
   2.8342000e-01   4.0000000e-03
   2.9142000e-01   1.0200000e-02
   2.9251000e-01   8.2000000e-03
   2.9645810e-01   5.0800000e-02
   2.9905060e-01   1.8000000e-02
   3.0550280e-01   1.8200000e-02
   3.1372510e-01   1.2600000e-02
   3.1902050e-01   1.0500000e-01
   3.2131620e-01   1.2000000e-02
   3.2768290e-01   1.8100000e-01
   3.4164320e-01   1.6900000e-02
   3.6741760e-01   3.1500000e-02
   3.7850290e-01   2.9700000e-01
   3.8503040e-01   3.1300000e-02
   4.1366360e-01   1.7400000e-01
   4.1853910e-01   2.1300000e-01
   4.2647260e-01   4.2800000e-03
   4.6584160e-01   2.3500000e-02
