   2.5640000e-02   5.2000000e-03
   3.0500000e-02   5.6000000e-03
   5.3100000e-02   1.5000000e-04
   6.1606900e-02   2.2400000e-03
   6.3100000e-02   1.1000000e-04
   6.4676100e-02   7.5000000e-05
   7.8637900e-02   2.5400000e-03
   8.0000000e-02   3.2000000e-04
   8.4101700e-02   2.3000000e-05
   9.0372500e-02   9.3000000e-05
   1.0433460e-01   7.4600000e-01
   1.3837460e-01   7.5000000e-04
   1.4144280e-01   1.9800000e-02
   1.6714820e-01   3.7000000e-04
   1.6900670e-01   3.7000000e-04
   1.7857200e-01   1.9000000e-05
   1.8340000e-01   1.9000000e-05
   1.9562400e-01   8.6000000e-05
   2.0304800e-01   3.7000000e-04
   2.2010000e-01   2.1000000e-05
   2.2873460e-01   5.2000000e-04
   2.2994300e-01   3.0000000e-05
   2.4577100e-01   3.7000000e-02
   2.8000000e-01   1.5000000e-04
   2.8714600e-01   1.1000000e-05
   3.0738400e-01   1.0000000e-04
   4.2617700e-01   1.2700000e-04
   4.6104600e-01   6.5000000e-04
   5.1029600e-01   1.2300000e-04
   5.2267000e-01   1.4900000e-03
   5.7188500e-01   1.9000000e-04
   6.0380600e-01   1.1000000e-04
   6.3102300e-01   1.7000000e-04
   6.4856000e-01   7.5000000e-05
   6.6412200e-01   6.0000000e-04
   6.6542300e-01   5.6000000e-05
   6.7740600e-01   6.7000000e-05
   7.1331000e-01   6.0000000e-05
   7.5800000e-01   3.4000000e-05
   7.6827000e-01   5.6000000e-05
   8.1761000e-01   9.3000000e-06
   8.3000000e-01   9.3000000e-06
   8.6110000e-01   4.8000000e-05
   8.8000000e-01   2.8000000e-05
   9.1100000e-01   9.3000000e-06
   9.2308000e-01   9.3000000e-06
   9.3262400e-01   9.3000000e-05
   9.9735500e-01   1.2000000e-04
   1.0023800e+00   1.6800000e-04
   1.0180000e+00   9.3000000e-06
   1.0550000e+00   9.0000000e-06
   1.0961700e+00   9.3000000e-06
   1.1320000e+00   1.9000000e-05
   1.1595200e+00   1.3000000e-04
   1.1745000e+00   1.5000000e-05
   1.1977000e+00   5.6000000e-05
   1.2078000e+00   1.5000000e-05
   1.2230200e+00   2.2400000e-04
   1.2624000e+00   2.2000000e-05
   1.3015600e+00   7.8000000e-04
