   4.3600000e-02   1.5000000e-03
   4.9600000e-02   4.0000000e-04
   5.1500000e-02   1.0000000e-04
   5.7900000e-02   0.0000000e+00
   9.5740000e-02   6.5000000e-02
   9.6000000e-02   5.0000000e-03
   1.4773000e-01   3.5000000e-03
   1.7850000e-01   2.0000000e-04
   2.0587000e-01   8.0000000e-04
   2.2206000e-01   2.4000000e-02
   2.3049000e-01   2.7000000e-03
   2.5461000e-01   4.3000000e-03
   2.5710000e-01   2.7000000e-03
   2.7081000e-01   1.1000000e-02
   2.7360000e-01   4.0000000e-04
   2.8000000e-01   0.0000000e+00
   3.2628000e-01   2.1000000e-03
   3.3630000e-01   1.1000000e-03
   3.3732000e-01   4.0000000e-04
   3.6680000e-01   6.6000000e-03
   3.8690000e-01   2.8000000e-03
   4.1490000e-01   1.4000000e-03
   4.3340000e-01   1.1000000e-03
   4.7210000e-01   1.1000000e-03
   4.8240000e-01   1.7000000e-02
   5.1090000e-01   2.1000000e-03
   5.3420000e-01   1.8000000e-03
   5.6770000e-01   1.6000000e-02
   6.0700000e-01   2.3000000e-03
   6.4370000e-01   6.0000000e-02
   6.7320000e-01   7.0000000e-04
   7.3963000e-01   4.8000000e-02
   7.8190000e-01   7.0000000e-04
