   1.3380000e-02   0.0000000e+00
   8.1186200e-02   2.1000000e-04
   8.7867100e-02   1.4000000e-02
   1.2584370e-01   9.2000000e-05
   1.3922660e-01   1.2900000e-03
   1.4155800e-01   2.5000000e-05
   1.4450000e-01   5.8000000e-05
   1.6192240e-01   1.1020000e-02
   1.8074600e-01   2.8400000e-03
   1.8732300e-01   5.7800000e-04
   1.8966300e-01   2.3000000e-05
   2.0045060e-01   1.2100000e-02
   2.3142550e-01   6.2000000e-04
   2.3899630e-01   2.3000000e-01
   2.4341400e-01   3.7000000e-04
   2.4978620e-01   2.9800000e-02
   2.7084700e-01   3.2100000e-03
   2.7752300e-01   3.2300000e-04
   2.8163800e-01   2.2900000e-02
   2.9721510e-01   4.1600000e-02
   3.0379000e-01   1.1780000e-02
   3.2507900e-01   2.3000000e-04
   3.3122010e-01   6.7000000e-04
   3.4201100e-01   6.2000000e-05
   3.7840200e-01   6.0000000e-04
   3.7894400e-01   9.0000000e-05
   3.8497600e-01   8.3600000e-03
   3.9089000e-01   2.2400000e-04
   4.0570100e-01   7.4000000e-05
   4.1908200e-01   1.6400000e-04
   4.2417800e-01   2.1900000e-04
   4.3945300e-01   1.5600000e-02
   4.7207500e-01   7.9000000e-05
   4.8454500e-01   1.0000000e-02
   5.0479500e-01   9.0000000e-05
   5.1817800e-01   1.6000000e-03
   5.2063900e-01   2.2400000e-01
   5.2327700e-01   3.9000000e-04
   5.6573200e-01   4.2700000e-03
   5.6806700e-01   8.5700000e-03
   5.7464300e-01   1.1870000e-02
   5.7885300e-01   2.9600000e-02
   5.8544300e-01   1.5700000e-02
   6.1038100e-01   2.1500000e-04
   6.6251000e-01   8.0800000e-04
   7.0405600e-01   1.5900000e-04
   7.4961000e-01   3.0000000e-04
   7.5539700e-01   1.6700000e-02
   7.6617100e-01   4.1600000e-04
   7.9116000e-01   9.2000000e-05
   8.1785600e-01   2.0800000e-02
   8.2449000e-01   1.3200000e-04
   8.8583200e-01   8.3000000e-05
   9.1158000e-01   2.5000000e-05
   9.2949200e-01   2.8000000e-05
   9.4803000e-01   6.9000000e-06
   9.8080000e-01   3.7000000e-05
   9.9162700e-01   2.2200000e-04
   1.0051930e+00   9.2400000e-03
   1.1869920e+00   1.6000000e-05
   1.2305000e+00   9.2000000e-06
