   2.1005000e-02   1.4000000e-04
   2.3132000e-02   2.6000000e-04
   2.3960000e-02   0.0000000e+00
   4.2964000e-02   8.2000000e-04
   6.3781000e-02   1.8000000e-04
   6.5459000e-02   1.8300000e-02
   6.7029000e-02   4.0000000e-04
   6.8855000e-02   1.2000000e-04
   7.1157000e-02   4.4000000e-04
   8.4830000e-02   2.2000000e-04
   9.0326000e-02   1.0670000e-02
   1.0792500e-01   4.8000000e-04
   1.1526800e-01   9.7000000e-04
   1.1830400e-01   9.6000000e-04
   1.2108300e-01   0.0000000e+00
   1.3194600e-01   2.1000000e-04
   1.3455200e-01   1.3000000e-04
   1.3545400e-01   0.0000000e+00
   1.5337000e-01   4.6000000e-04
   1.5576500e-01   2.0700000e-03
   1.6130000e-01   7.3000000e-04
   1.6144300e-01   1.1490000e-02
   1.7893000e-01   1.9000000e-04
   1.8456400e-01   3.3700000e-02
   1.9568000e-01   2.1000000e-04
   2.0558300e-01   3.5600000e-03
   2.0858300e-01   2.4600000e-04
   2.1685000e-01   1.3000000e-03
   2.2691800e-01   6.8400000e-01
   2.4864500e-01   1.0700000e-03
   2.6462100e-01   1.4000000e-03
   2.6935800e-01   1.7200000e-03
   2.7105600e-01   1.2100000e-02
   2.7681000e-01   3.8000000e-04
   2.8981000e-01   2.2000000e-04
   2.9489000e-01   4.8000000e-04
   3.1118000e-01   3.3000000e-04
   3.1794700e-01   2.0800000e-03
   3.2227000e-01   2.7000000e-04
   3.3496300e-01   1.2200000e-03
   3.4267000e-01   4.8000000e-04
   3.5247000e-01   1.4000000e-04
   3.5687000e-01   1.4000000e-04
   3.7772000e-01   4.9000000e-04
   3.7930000e-01   0.0000000e+00
   3.8277200e-01   1.8100000e-03
   3.9454000e-01   2.8000000e-04
   4.0196000e-01   3.5000000e-04
   4.0357000e-01   2.0800000e-03
   4.0880000e-01   9.6000000e-05
   4.2185000e-01   4.3000000e-04
   4.2503000e-01   6.1000000e-04
   4.3315000e-01   7.1100000e-03
   4.3956000e-01   4.6000000e-04
   4.4144000e-01   4.0000000e-04
   4.4584000e-01   2.2000000e-04
   4.5224800e-01   1.6000000e-03
   4.5905000e-01   1.0900000e-03
   4.6206000e-01   3.6000000e-04
   4.6300000e-01   0.0000000e+00
   4.6695000e-01   1.9000000e-04
   4.8415800e-01   1.0700000e-02
   4.9622000e-01   1.4400000e-03
   4.9861700e-01   1.7500000e-02
   5.0844000e-01   1.1900000e-02
   5.1762000e-01   7.6000000e-04
   5.3312000e-01   2.1000000e-04
   5.3400000e-01   2.1000000e-04
   5.3710000e-01   8.0000000e-05
   5.4224000e-01   5.9000000e-04
   5.4964300e-01   9.5800000e-03
   5.5944000e-01   3.2000000e-04
   5.7044900e-01   1.9100000e-03
   5.7682000e-01   0.0000000e+00
   5.8644000e-01   1.6300000e-03
   5.8816000e-01   5.2000000e-04
   5.9622000e-01   4.2000000e-04
   5.9914000e-01   2.3000000e-04
   6.0295000e-01   2.4000000e-04
   6.0994000e-01   7.9000000e-04
   6.1062000e-01   0.0000000e+00
   6.1483000e-01   2.9000000e-04
   6.1859000e-01   1.0000000e-03
   6.3240000e-01   1.4000000e-04
   6.4107200e-01   1.2500000e-02
   6.5392000e-01   1.2000000e-03
   6.5669000e-01   1.3100000e-03
   6.6162000e-01   5.5000000e-04
   6.6417300e-01   2.2400000e-02
   6.6640000e-01   5.5000000e-04
   6.6902000e-01   6.5000000e-04
   6.7639000e-01   4.0000000e-04
   6.7838000e-01   1.9900000e-03
   6.8840000e-01   8.0000000e-05
   6.9513800e-01   2.1100000e-03
   7.0115000e-01   5.7000000e-04
   7.0587000e-01   2.1000000e-04
   7.1249000e-01   4.6000000e-04
   7.2119000e-01   2.8400000e-03
   7.2346000e-01   1.0000000e-03
   7.2524000e-01   1.9400000e-03
   7.3912000e-01   1.0000000e-04
   7.4364000e-01   0.0000000e+00
   7.4390000e-01   1.4000000e-03
   7.4520000e-01   3.4000000e-03
   7.5007000e-01   8.5000000e-04
   7.5899000e-01   4.7000000e-04
   7.6070000e-01   8.8000000e-04
   7.6540000e-01   3.7000000e-04
   7.6760000e-01   3.7000000e-04
   7.7357000e-01   1.0100000e-03
   7.8219000e-01   1.0400000e-03
   7.8461000e-01   8.4000000e-04
   7.9644000e-01   5.7000000e-04
   8.0287000e-01   1.7100000e-04
   8.0828000e-01   9.4000000e-04
   8.1198000e-01   4.0400000e-03
   8.2040000e-01   3.2000000e-04
   8.2560000e-01   1.3000000e-03
   8.3516000e-01   2.5300000e-03
   8.3848000e-01   1.2900000e-03
   8.4153000e-01   2.7900000e-03
   8.4578000e-01   4.8000000e-04
   8.4898000e-01   1.7800000e-03
   8.5478000e-01   5.1000000e-04
   8.6174000e-01   4.2000000e-04
   8.7190000e-01   3.0000000e-04
   8.7530000e-01   2.5000000e-04
   8.7823000e-01   4.0000000e-04
   8.8442000e-01   6.0000000e-04
   8.9113000e-01   5.8800000e-03
   9.0551500e-01   2.4500000e-02
   9.1247000e-01   2.1900000e-03
   9.2094000e-01   1.0800000e-03
   9.2540000e-01   1.4000000e-04
   9.2853500e-01   7.1800000e-03
   9.3819000e-01   1.1800000e-03
   9.4051600e-01   3.0400000e-03
   9.4424000e-01   3.4000000e-04
   9.4999000e-01   5.5000000e-04
   9.6244000e-01   6.0000000e-04
   9.7236000e-01   8.1000000e-04
   9.7887000e-01   4.0000000e-04
   9.8182000e-01   2.1000000e-03
   9.9418000e-01   5.7000000e-04
   9.9670000e-01   2.7100000e-03
   9.9968000e-01   2.4400000e-02
   1.0030300e+00   1.6300000e-03
   1.0099600e+00   2.9000000e-04
   1.0128900e+00   2.9800000e-03
   1.0240000e+00   2.7000000e-04
   1.0500000e+00   1.7000000e-04
   1.0620900e+00   3.8600000e-03
   1.0681800e+00   5.7500000e-03
   1.0898000e+00   2.8000000e-02
   1.0900000e+00   2.8000000e-02
   1.0937000e+00   3.6000000e-04
   1.0982000e+00   2.2000000e-03
   1.1001000e+00   2.2000000e-03
   1.1152000e+00   4.1000000e-03
   1.1170000e+00   4.1000000e-03
   1.1201100e+00   7.5000000e-04
   1.1434400e+00   5.4000000e-04
   1.1554700e+00   2.0900000e-02
   1.1662200e+00   1.6920000e-02
   1.1725900e+00   4.9000000e-04
   1.1840500e+00   2.4000000e-04
   1.1981400e+00   2.9000000e-04
   1.2018700e+00   3.6000000e-04
   1.2131000e+00   3.3000000e-04
   1.2215200e+00   6.0000000e-04
   1.2323400e+00   4.5000000e-04
   1.2426300e+00   8.8200000e-04
   1.2512400e+00   9.4500000e-03
   1.2656900e+00   1.5000000e-04
   1.2833200e+00   2.2700000e-04
   1.2890800e+00   1.0000000e-04
   1.2950000e+00   1.7900000e-03
   1.3040500e+00   1.7400000e-03
   1.3162800e+00   1.5700000e-03
   1.3298500e+00   2.0000000e-04
   1.3368300e+00   4.9000000e-03
   1.3483900e+00   6.2000000e-04
   1.3568500e+00   2.5000000e-04
   1.3677700e+00   8.0100000e-03
   1.3863700e+00   1.0570000e-03
   1.3888200e+00   1.0120000e-03
   1.3938300e+00   2.6270000e-03
   1.4020000e+00   1.1000000e-04
   1.4045000e+00   1.4000000e-04
   1.4120800e+00   7.1000000e-04
   1.4149300e+00   2.4800000e-03
   1.4271900e+00   4.1300000e-03
   1.4295000e+00   2.2000000e-04
   1.4379700e+00   2.8500000e-03
   1.4518300e+00   1.6400000e-03
   1.4590000e+00   3.1000000e-04
   1.4792200e+00   5.4240000e-03
   1.4926100e+00   5.7180000e-03
   1.5092700e+00   2.5000000e-03
   1.5225100e+00   3.1000000e-04
   1.5437800e+00   1.0500000e-04
   1.5487300e+00   5.4000000e-05
   1.5578000e+00   6.2000000e-05
   1.5629100e+00   8.3000000e-04
   1.5670400e+00   2.0000000e-04
   1.5735600e+00   9.8000000e-04
   1.5779000e+00   7.5000000e-05
   1.5900400e+00   2.8000000e-04
   1.5945200e+00   5.5000000e-04
   1.5995700e+00   2.6500000e-03
   1.6064000e+00   6.2310000e-03
   1.6091400e+00   1.7800000e-04
   1.6105200e+00   3.7000000e-05
   1.6378700e+00   8.2000000e-04
   1.6419000e+00   7.2000000e-05
   1.6478200e+00   1.0300000e-04
   1.6560500e+00   2.6000000e-04
   1.6649800e+00   8.7000000e-03
   1.6781000e+00   7.0000000e-05
   1.6848000e+00   1.1100000e-03
   1.6916000e+00   1.0000000e-04
   1.7100800e+00   1.2900000e-04
   1.7130900e+00   1.7700000e-04
   1.7280200e+00   4.1000000e-04
   1.7456000e+00   1.1800000e-04
   1.7504500e+00   2.8800000e-04
   1.7581000e+00   2.5000000e-05
   1.7648600e+00   7.0000000e-05
   1.7696000e+00   2.1000000e-05
   1.7936400e+00   4.8000000e-04
   1.7953000e+00   1.4400000e-04
   1.8036000e+00   1.4400000e-04
   1.8355500e+00   9.8000000e-05
   1.8462000e+00   4.0000000e-05
   1.8661700e+00   1.2100000e-04
   1.8690000e+00   4.1000000e-06
   1.8892200e+00   2.1700000e-04
   1.9136000e+00   4.8000000e-06
   1.9547600e+00   1.3900000e-04
