   3.9954200e-02   1.7000000e-04
   3.5227000e-01   1.1000000e-05
   4.2794000e-01   3.4000000e-06
   5.1035000e-01   3.6000000e-05
   5.3609000e-01   1.6000000e-01
   5.8605000e-01   1.0700000e-02
   6.0350000e-01   2.0400000e-06
   6.6854000e-01   1.0800000e-04
   6.8599000e-01   3.4500000e-06
   8.3703000e-01   8.0000000e-06
   9.4600000e-01   8.0000000e-06
   1.0281100e+00   3.9000000e-04
   1.0964800e+00   2.5000000e-05
   1.1221500e+00   1.6800000e-03
   1.1742200e+00   1.3000000e-05
   1.2638000e+00   2.0000000e-05
   1.2721200e+00   2.5100000e-06
   1.3801500e+00   3.5900000e-04
   1.4401800e+00   1.0700000e-04
   1.6141000e+00   4.4700000e-03
   1.7599700e+00   2.9000000e-04
   1.8505000e+00   1.7000000e-05
   1.9580200e+00   1.8500000e-04
   1.9660400e+00   5.2000000e-04
   1.9891000e+00   2.4000000e-05
   2.0083500e+00   4.5000000e-05
   2.0293000e+00   4.2000000e-06
   2.0922900e+00   5.0000000e-05
   2.1014200e+00   9.9000000e-05
   2.1088000e+00   1.0200000e-04
   2.1501500e+00   2.0900000e-04
   2.2962100e+00   3.8000000e-05
   2.3077600e+00   2.2000000e-05
   2.5022000e+00   1.3200000e-04
   2.5440000e+00   5.2000000e-06
   2.7626000e+00   8.8000000e-06
