   1.8040000e-02   1.2000000e-03
   1.9860000e-02   3.6000000e-04
   3.1737700e-02   2.6000000e-03
   3.9110000e-02   2.6000000e-03
   4.1940000e-02   0.0000000e+00
   4.2714800e-02   4.6000000e-03
   6.0579000e-02   1.0000000e-03
   6.5711150e-02   2.9000000e-02
   6.7749700e-02   2.2200000e-01
   8.4680200e-02   2.7500000e-02
   1.0010595e-01   1.6400000e-01
   1.0716000e-01   1.4100000e-02
   1.0857300e-01   8.0000000e-03
   1.1041400e-01   1.0000000e-03
   1.1110000e-01   2.0800000e-03
   1.1367170e-01   4.9000000e-02
   1.1641790e-01   5.1000000e-03
   1.3080000e-01   7.5000000e-02
   1.3377100e-01   2.3900000e-02
   1.4542000e-01   6.7000000e-03
   1.4768300e-01   9.0000000e-03
   1.4884000e-01   1.7500000e-02
   1.4944000e-01   9.0000000e-03
   1.5021000e-01   5.1000000e-03
   1.5110000e-01   4.4000000e-03
   1.5242990e-01   8.5000000e-02
   1.5409000e-01   2.3000000e-03
   1.5638650e-01   7.2000000e-02
   1.6016000e-01   2.3900000e-03
   1.6019000e-01   2.3900000e-03
   1.6915100e-01   1.1300000e-01
   1.7288200e-01   3.5700000e-02
   1.7846300e-01   2.2600000e-02
   1.7939381e-01   3.0100000e-02
   1.8736000e-01   3.2000000e-03
   1.8840000e-01   1.3100000e-03
   1.8962000e-01   3.9000000e-03
   1.9138000e-01   6.7000000e-02
   1.9835190e-01   4.0000000e-02
   2.0355000e-01   4.9000000e-03
   2.0600000e-01   5.1000000e-03
   2.0826200e-01   6.2000000e-03
   2.0942000e-01   4.9000000e-03
   2.1432000e-01   1.1100000e-02
   2.1573300e-01   7.7000000e-03
   2.1757300e-01   3.2600000e-02
   2.2159000e-01   6.4000000e-02
   2.2210850e-01   8.5000000e-02
   2.2619000e-01   3.0600000e-02
   2.2932070e-01   2.6000000e-01
   2.4744400e-01   5.0000000e-02
   2.5645000e-01   9.5000000e-02
   2.6407400e-01   3.5700000e-02
   2.7631100e-01   8.7000000e-02
   2.8145500e-01   5.7000000e-02
   2.8655400e-01   7.0000000e-02
   2.9570000e-01   2.1000000e-03
   2.9995000e-01   1.3000000e-02
   3.0039000e-01   1.7000000e-02
   3.1397800e-01   8.0000000e-03
   3.2339000e-01   1.7500000e-02
   3.3906000e-01   5.6000000e-02
   3.4203300e-01   1.0500000e-02
   3.4547000e-01   4.9000000e-03
   3.5107000e-01   1.0300000e-01
   3.5711000e-01   5.4000000e-03
   8.9198000e-01   3.3000000e-04
   9.2799200e-01   3.7000000e-03
   9.4305000e-01   2.3000000e-03
   9.5972960e-01   2.0000000e-03
   1.0016951e+00   2.4600000e-02
   1.0444099e+00   2.8500000e-03
   1.0763000e+00   1.0500000e-01
   1.0884600e+00   1.9800000e-03
   1.1133900e+00   4.7000000e-02
   1.1213007e+00   2.2000000e-01
   1.1573127e+00   3.7000000e-03
   1.1580817e+00   8.8000000e-03
   1.1807600e+00   5.5000000e-03
   1.1890503e+00   9.0000000e-02
   1.2214066e+00   1.7400000e-01
   1.2238033e+00   2.6000000e-03
   1.2310157e+00   1.4900000e-01
   1.2574185e+00   1.0600000e-02
   1.2737305e+00   9.4000000e-03
   1.2802800e+00   6.2000000e-04
   1.2891561e+00   7.5600000e-03
   1.2918520e+00   2.3400000e-03
   1.2941200e+00   1.6100000e-02
   1.3309620e+00   3.8000000e-03
   1.3427110e+00   2.6000000e-02
   1.3738362e+00   2.9600000e-03
   1.3874022e+00   2.6000000e-03
   1.4100800e+00   2.7800000e-03
   1.4273670e+00   9.7900000e-02
   1.4395340e+00   1.5900000e-03
   1.4531237e+00   3.9000000e-04
   1.5211720e+00   9.5000000e-04
   1.5602830e+00   7.2000000e-04
   1.6313500e+00   1.2600000e-04
