   3.6830000e-02   1.5700000e-04
   5.1000000e-02   8.1000000e-05
   5.2590000e-02   7.1000000e-05
   5.4100000e-02   1.5000000e-05
   5.5800000e-02   3.5000000e-05
   6.0840000e-02   7.6000000e-05
   6.2380000e-02   4.8000000e-04
   6.3200000e-02   5.6000000e-05
   6.5050000e-02   1.0600000e-04
   6.6950000e-02   3.0000000e-04
   7.3320000e-02   3.5000000e-04
   7.8570000e-02   2.0000000e-04
   7.9190000e-02   1.6700000e-03
   8.1140000e-02   5.3100000e-02
   8.6430000e-02   1.9200000e-03
   9.5000000e-02   5.1000000e-05
   9.6400000e-02   8.0000000e-05
   9.8300000e-02   1.8000000e-04
   1.0000000e-01   9.6000000e-04
   1.0160000e-01   2.2300000e-03
   1.0206000e-01   1.0370000e-01
   1.0330000e-01   6.1000000e-04
   1.0500000e-01   3.5000000e-04
   1.0940000e-01   4.6000000e-04
   1.1190000e-01   4.0000000e-04
   1.1350000e-01   1.5000000e-04
   1.2370000e-01   5.1000000e-05
   1.2520000e-01   1.1000000e-04
   1.2610000e-01   8.0000000e-05
   1.2740000e-01   3.0000000e-04
   1.3050000e-01   9.1000000e-04
   1.3220000e-01   6.0000000e-05
   1.3486000e-01   9.3000000e-03
   1.3760000e-01   1.0000000e-03
   1.4930000e-01   1.0100000e-03
   1.4971600e-01   6.6000000e-02
   1.5120000e-01   1.0000000e-03
   1.5590000e-01   5.0000000e-04
   1.5966000e-01   1.6700000e-03
   1.6970000e-01   4.0000000e-04
   1.7200000e-01   1.5000000e-04
   1.7720000e-01   8.6000000e-04
   1.8225000e-01   9.0000000e-03
   1.8225000e-01   9.6000000e-03
   1.8311000e-01   2.0200000e-03
   1.8813000e-01   2.7800000e-03
   1.8976000e-01   6.6000000e-03
   1.9052000e-01   1.5200000e-03
   2.0063000e-01   9.8600000e-02
   2.0340000e-01   2.5000000e-04
   2.0750000e-01   5.1000000e-04
   2.1030000e-01   2.0000000e-04
   2.1190000e-01   1.5000000e-04
   2.1398000e-01   5.5600000e-03
   2.2770000e-01   2.0000000e-04
   2.3065000e-01   2.5300000e-03
   2.3230000e-01   1.2100000e-03
   2.3500000e-01   2.0000000e-04
   2.4093000e-01   9.9100000e-02
   2.5317000e-01   8.5000000e-03
   2.5544000e-01   4.0500000e-03
   2.6140000e-01   2.0000000e-04
   2.6720000e-01   2.0000000e-04
   2.6920000e-01   1.4000000e-03
   2.7856000e-01   2.3300000e-02
   2.8140000e-01   4.6000000e-04
   2.8320000e-01   5.1000000e-03
   2.9030000e-01   1.0100000e-03
   2.9709000e-01   6.6000000e-04
   3.0270000e-01   5.1000000e-04
   3.0390000e-01   5.1000000e-04
   3.0947000e-01   4.9000000e-03
   3.2370000e-01   2.0000000e-04
   3.3120000e-01   4.0000000e-04
   3.3427000e-01   1.2490000e-01
   3.3544000e-01   1.8000000e-03
   3.4292000e-01   5.1000000e-03
   3.4294500e-01   0.0000000e+00
   3.4590000e-01   1.3000000e-03
   3.5130000e-01   2.7300000e-03
   3.5350000e-01   1.0000000e-03
   3.5470000e-01   2.9800000e-03
   3.5740000e-01   2.5000000e-04
   3.6230000e-01   1.0000000e-03
   3.6498000e-01   1.5700000e-02
   3.7580000e-01   1.5000000e-04
   3.7780000e-01   5.1000000e-04
   3.7930000e-01   2.5000000e-04
   3.8390000e-01   2.6000000e-03
   4.0330000e-01   4.0000000e-04
   4.0820000e-01   8.0000000e-04
   4.1740000e-01   3.6400000e-03
   4.3240000e-01   8.6000000e-03
   4.5232300e-01   2.0000000e-02
   4.6292000e-01   2.3800000e-02
   4.6816000e-01   4.1000000e-03
   4.9266000e-01   1.0000000e-03
   5.0680000e-01   1.1600000e-03
   5.2480000e-01   1.7700000e-03
   5.3070000e-01   1.3700000e-03
   5.4140000e-01   1.5000000e-03
   5.4670000e-01   5.1000000e-04
   5.5810000e-01   3.0000000e-04
   5.7270000e-01   6.0000000e-04
   5.7980000e-01   1.0000000e-03
   5.8630000e-01   2.5800000e-02
   5.9700000e-01   6.6000000e-04
   6.0203900e-01   4.0000000e-03
   6.0940000e-01   1.8200000e-03
   6.3730000e-01   4.0000000e-04
   6.5720000e-01   4.0000000e-04
   6.6505000e-01   5.6600000e-02
   6.8190000e-01   4.0000000e-04
   6.8590000e-01   2.0200000e-03
   6.9562000e-01   5.2000000e-03
   7.0250000e-01   5.1100000e-03
   7.1310000e-01   1.8700000e-02
   7.3880000e-01   8.6000000e-04
   7.4420000e-01   2.0700000e-02
   7.4900000e-01   2.0000000e-04
   7.7367000e-01   4.9900000e-01
   7.7410000e-01   7.1000000e-03
   7.8249000e-01   1.0160000e-01
   7.9375000e-01   1.8100000e-01
   8.0160000e-01   2.5000000e-04
   8.2278000e-01   7.9900000e-02
   8.4490000e-01   2.0000000e-03
   8.4890000e-01   5.1000000e-04
   8.5221000e-01   5.1000000e-03
   8.5221000e-01   2.7000000e-01
   8.5608000e-01   8.1000000e-03
   8.6510000e-01   2.5000000e-03
   8.7230000e-01   1.3100000e-03
   8.8160000e-01   4.6000000e-04
   9.1000000e-01   4.3000000e-02
   9.2062000e-01   1.5700000e-02
   9.2340000e-01   1.5000000e-03
   9.3000000e-01   2.5000000e-04
   9.4127000e-01   1.0200000e-02
   9.8780000e-01   2.0200000e-03
   9.9510000e-01   1.1600000e-03
   9.9926000e-01   2.2300000e-03
   1.0036000e+00   3.5000000e-04
   1.0057600e+00   9.6000000e-04
   1.0236000e+00   8.1000000e-04
   1.0278000e+00   1.0000000e-04
   1.0354000e+00   1.3700000e-03
   1.0596900e+00   2.0200000e-02
   1.0723000e+00   3.0000000e-04
   1.1083000e+00   3.0000000e-04
   1.1141000e+00   1.5000000e-04
   1.1254600e+00   1.4900000e-01
   1.1279600e+00   1.2600000e-02
   1.1342000e+00   1.0000000e-04
   1.1488900e+00   3.0000000e-03
   1.1488900e+00   2.0000000e-02
   1.1509000e+00   8.6000000e-03
   1.1627000e+00   3.5000000e-04
   1.1655000e+00   1.8200000e-03
   1.1814000e+00   1.5000000e-04
   1.2066000e+00   1.2740000e-01
   1.2110000e+00   8.1000000e-04
   1.2278000e+00   1.0000000e-04
   1.2373200e+00   8.6000000e-03
   1.2542000e+00   3.5000000e-04
   1.3151600e+00   9.1000000e-03
   1.3162000e+00   1.3000000e-03
   1.3183000e+00   5.1000000e-04
   1.3338000e+00   7.1000000e-04
   1.3406000e+00   1.3100000e-03
   1.3768000e+00   5.6000000e-04
   1.3896000e+00   2.0000000e-04
   1.3948300e+00   1.4200000e-03
   1.4036000e+00   1.5000000e-04
   1.4965000e+00   7.6000000e-04
   1.5477500e+00   9.1000000e-04
   1.6460100e+00   1.6200000e-02
   1.6968000e+00   2.0000000e-04
   1.8306000e+00   1.0000000e-04
   1.8801000e+00   8.1000000e-04
   1.8877000e+00   1.7700000e-02
   1.9241000e+00   5.1000000e-05
   1.9361500e+00   9.6000000e-04
   1.9803000e+00   4.0000000e-04
   2.0009400e+00   2.6300000e-02
   2.1685400e+00   4.5500000e-03
   2.2706500e+00   5.0100000e-03
   2.3327000e+00   3.5000000e-05
