   2.6570000e-01   8.7000000e-04
   2.8800000e-01   2.7000000e-04
   2.9860000e-01   3.2000000e-04
   3.0420000e-01   1.6000000e-04
   3.2550000e-01   3.4000000e-04
   3.7231000e-01   4.2400000e-03
   4.0300000e-01   1.1000000e-04
   4.4150000e-01   3.2000000e-04
   4.5710000e-01   3.8200000e-03
   4.9680000e-01   6.6000000e-04
   5.3722000e-01   2.5200000e-03
   5.6434000e-01   3.0500000e-03
   5.6920000e-01   4.0000000e-04
   6.0100000e-01   1.3000000e-04
   6.0710000e-01   1.6000000e-04
   6.1340000e-01   5.0000000e-04
   6.3720000e-01   1.1900000e-03
   6.5070000e-01   8.0000000e-04
   6.6940000e-01   1.3000000e-04
   6.8020000e-01   4.2000000e-04
   7.0340000e-01   3.7000000e-04
   7.2985000e-01   3.7000000e-04
   7.4290000e-01   3.7000000e-04
   7.4850000e-01   4.8000000e-04
   7.6197000e-01   1.4800000e-02
   8.1380000e-01   5.3000000e-04
   8.9000000e-01   5.8000000e-04
   9.5405000e-01   5.0900000e-03
   9.6200000e-01   1.6000000e-04
   9.9500000e-01   2.1000000e-04
   1.0060000e+00   2.9000000e-04
   1.0265000e+00   2.9200000e-03
   1.0594000e+00   1.9000000e-04
   1.1011800e+00   6.4000000e-03
   1.1108000e+00   7.7000000e-04
   1.1378000e+00   2.7000000e-04
   1.1529800e+00   2.7000000e-02
   1.1700000e+00   4.8000000e-04
   1.2174000e+00   1.8000000e-03
   1.2728000e+00   2.7000000e-04
   1.3110000e+00   1.1000000e-04
   1.3506000e+00   3.2000000e-04
   1.5005400e+00   1.6700000e-03
   1.5427500e+00   7.4000000e-03
   1.6100000e+00   1.3100000e-02
   1.7526000e+00   4.0000000e-04
   1.9147000e+00   1.9900000e-02
   2.1071300e+00   4.3700000e-03
   2.1793000e+00   2.7800000e-03
   2.2120900e+00   2.3300000e-03
   2.2904000e+00   5.8000000e-04
   2.3233000e+00   3.3100000e-03
