   2.4595000e-02   2.9000000e-05
   6.4135000e-02   1.4300000e-04
   6.8916000e-02   7.5400000e-04
   1.0942200e-01   2.1900000e-03
   1.3111700e-01   4.6700000e-03
   1.7354300e-01   1.2700000e-03
   2.4193300e-01   4.1400000e-03
   2.6654300e-01   4.6600000e-03
   3.0690000e-01   2.5000000e-04
   3.2876200e-01   2.0300000e-01
   3.9752000e-01   7.3000000e-04
   4.3249300e-01   2.9000000e-02
   4.3850000e-01   3.9000000e-04
   4.4550000e-01   2.9000000e-05
   4.8702100e-01   4.5500000e-01
   6.1812000e-01   3.7000000e-04
   7.5163700e-01   4.3300000e-02
   8.1577200e-01   2.3280000e-01
   8.6784600e-01   5.5000000e-02
   9.1955000e-01   2.6600000e-02
   9.2518900e-01   6.9000000e-02
   9.5098700e-01   5.1900000e-03
   9.9290000e-01   1.3000000e-04
   1.0450500e+00   2.5000000e-04
   1.0972000e+00   2.3000000e-04
   1.3035000e+00   4.2000000e-04
   1.4052000e+00   5.9000000e-04
   1.5962100e+00   9.5400000e-01
   1.8772900e+00   4.1000000e-04
   1.9035000e+00   0.0000000e+00
   1.9246200e+00   1.3400000e-04
   2.0832000e+00   1.1500000e-04
   2.3478800e+00   8.5000000e-03
   2.4641000e+00   1.1400000e-04
   2.5214000e+00   3.4600000e-02
   2.5473400e+00   1.0100000e-03
   2.8996100e+00   6.6800000e-04
   3.1185100e+00   2.4800000e-04
   3.3204000e+00   3.8000000e-05
