   6.6060000e-02   2.1200000e-02
   7.2920000e-02   7.6000000e-03
   1.1480000e-01   9.3000000e-02
   1.3900000e-01   1.0000000e-03
   1.8080000e-01   1.2000000e-01
   4.2930000e-01   2.7000000e-03
   4.4100000e-01   5.0000000e-04
   4.5100000e-01   8.7000000e-04
   5.2350000e-01   4.3000000e-03
   5.3210000e-01   5.0000000e-04
   5.6750000e-01   3.5000000e-03
   5.7390000e-01   8.7000000e-04
   5.7800000e-01   6.4000000e-03
   6.1900000e-01   1.2000000e-04
   6.2150000e-01   2.5000000e-04
   6.2550000e-01   5.0000000e-04
   6.4710000e-01   5.0000000e-04
   6.9190000e-01   5.0000000e-04
   7.1350000e-01   1.2000000e-04
   8.7250000e-01   9.9000000e-04
   1.0123000e+00   1.1200000e-03
   1.0198000e+00   1.6100000e-03
   1.0620000e+00   5.0000000e-04
   1.0849000e+00   4.3000000e-03
   1.1083000e+00   1.1200000e-03
   1.1352000e+00   1.2000000e-04
   1.1507000e+00   1.8600000e-03
   1.2010000e+00   1.6100000e-02
   1.2229000e+00   2.5000000e-04
   1.2893000e+00   1.2400000e-03
   1.3852000e+00   9.9000000e-04
   1.4375000e+00   1.2000000e-04
   1.4488000e+00   5.0000000e-04
   1.5001000e+00   3.7000000e-03
   1.5112000e+00   1.2400000e-03
   1.5220000e+00   7.4000000e-04
   1.5663000e+00   3.8000000e-03
   1.5763000e+00   6.2000000e-04
   1.6180000e+00   2.5000000e-03
   1.6970000e+00   5.0000000e-04
   1.7536000e+00   2.5000000e-03
   1.8001000e+00   7.4000000e-04
   1.8422000e+00   1.1200000e-03
   1.9153000e+00   1.1000000e-03
   1.9206000e+00   3.7000000e-04
   1.9508000e+00   1.3600000e-03
   1.9628000e+00   6.2000000e-04
   1.9818000e+00   2.2300000e-03
   1.9919000e+00   1.2400000e-03
   2.0282000e+00   6.2000000e-04
   2.0570000e+00   1.2400000e-03
   2.0750000e+00   1.1200000e-03
   2.0898000e+00   1.6100000e-03
   2.1003000e+00   1.3600000e-03
   2.1410000e+00   3.7000000e-04
   2.1720000e+00   1.3600000e-03
   2.1820000e+00   2.2300000e-03
   2.1890000e+00   3.7000000e-04
   2.2224000e+00   6.2000000e-04
   2.2381000e+00   5.0000000e-04
   2.3212000e+00   1.4900000e-03
   2.4678000e+00   1.4900000e-03
