   9.2190000e-02   7.2000000e-03
   1.0089000e-01   7.0000000e-04
   1.2927000e-01   3.0000000e-04
   1.3735000e-01   1.5200000e-03
   1.7980000e-01   1.0000000e-04
   2.2148000e-01   2.2600000e-02
   2.7348000e-01   8.0200000e-03
   3.3290000e-01   9.0000000e-04
   3.4560000e-01   8.0000000e-06
   4.0115000e-01   9.1000000e-05
   5.5434800e-01   7.0800000e-01
   5.9950000e-01   1.3000000e-04
   6.0634000e-01   1.2000000e-02
   6.1910600e-01   4.3400000e-01
   6.9837400e-01   2.8490000e-01
   7.3410000e-01   8.0000000e-05
   7.3564000e-01   7.5000000e-04
   7.7651700e-01   8.3500000e-01
   8.2782800e-01   2.4030000e-01
   9.5202000e-01   3.6800000e-03
   1.0075900e+00   1.2710000e-02
   1.0440020e+00   2.7230000e-01
   1.0729600e+00   7.9000000e-04
   1.0812900e+00   6.1800000e-03
   1.0995000e+00   5.8000000e-05
   1.1740000e+00   1.8000000e-04
   1.1802660e+00   8.6000000e-04
   1.3174730e+00   2.6480000e-01
   1.4748800e+00   1.6320000e-01
   1.6503700e+00   7.4300000e-03
   1.7796600e+00   1.1360000e-03
   1.8715700e+00   2.5000000e-04
   1.9567400e+00   3.9100000e-04
