   6.0820000e-02   5.0000000e-03
   8.3010000e-02   6.2000000e-03
   1.4383000e-01   3.6000000e-04
   1.8220000e-01   1.8400000e-02
   2.6534000e-01   1.9000000e-03
   2.9720000e-01   5.2000000e-04
   3.2616000e-01   9.2000000e-01
   4.0520000e-01   1.8000000e-04
   4.9870000e-01   1.9000000e-04
   5.5310000e-01   2.0000000e-04
   5.7660000e-01   3.3000000e-04
   5.9750000e-01   8.0000000e-04
   6.3710000e-01   1.8000000e-04
   6.3710000e-01   2.0000000e-04
   6.9760000e-01   2.8000000e-05
   7.4520000e-01   5.2000000e-04
   7.7010000e-01   3.0000000e-04
   7.7660000e-01   5.4000000e-04
   8.9700000e-01   2.8000000e-05
   9.1040000e-01   2.8000000e-05
   9.3170000e-01   9.0000000e-05
   9.8400000e-01   4.6000000e-06
   9.9280000e-01   3.7000000e-05
   1.0444000e+00   6.0000000e-05
   1.1023000e+00   2.3000000e-05
   1.2152000e+00   1.8000000e-05
   1.2762000e+00   4.6000000e-05
