   3.2200000e-02   6.3000000e-02
   3.3300000e-02   8.0000000e-04
   3.9800000e-02   2.4700000e-03
   4.5500000e-02   3.6000000e-04
   5.6820000e-02   3.4700000e-03
   6.5540000e-02   4.8600000e-03
   7.0380000e-02   6.9000000e-04
   7.3320000e-02   2.1600000e-03
   7.8230000e-02   1.1600000e-03
   8.5100000e-02   1.5800000e-03
   8.5500000e-02   3.3000000e-04
   1.0314000e-01   7.5000000e-04
   1.0547000e-01   1.5200000e-02
   1.3327000e-01   1.1900000e-03
   1.3500000e-01   1.2000000e-04
   1.5190000e-01   7.0000000e-05
   1.6040000e-01   1.7000000e-04
   1.8525000e-01   4.8000000e-03
   2.3630000e-01   4.4000000e-04
   2.5533000e-01   1.1800000e-02
   2.6338000e-01   3.8600000e-03
   2.8382000e-01   8.0000000e-03
   3.0850000e-01   3.4000000e-04
   3.2050000e-01   6.5000000e-04
   3.2200000e-01   4.3000000e-03
   3.4066000e-01   4.7300000e-03
   3.4390000e-01   1.6000000e-03
   3.4497000e-01   1.1500000e-02
   4.0180000e-01   1.4200000e-03
   4.0747000e-01   4.5000000e-03
   4.0960000e-01   1.8700000e-03
   4.1834000e-01   6.8500000e-02
   4.3500000e-01   4.3000000e-04
   4.5040000e-01   2.7000000e-04
   4.7512000e-01   1.1900000e-02
   4.8014000e-01   1.8400000e-03
   5.0750000e-01   4.1000000e-04
   5.4710000e-01   6.0000000e-04
   5.5350000e-01   6.4000000e-04
   5.5580000e-01   1.4000000e-03
   5.7120000e-01   1.8000000e-04
   5.7140000e-01   9.9000000e-04
   5.8560000e-01   1.6000000e-04
   6.1500000e-01   2.1900000e-03
   6.6280000e-01   1.4200000e-03
   6.6533000e-01   2.4000000e-03
   6.6843000e-01   3.4200000e-03
   6.7367000e-01   9.2000000e-04
   6.8570000e-01   2.5300000e-03
   7.1000000e-01   3.2000000e-03
   7.2522000e-01   2.6000000e-03
   7.3840000e-01   1.0300000e-03
   7.5910000e-01   2.2800000e-03
   7.7090000e-01   7.0000000e-05
   7.8550000e-01   1.2600000e-03
   7.9563000e-01   4.7000000e-03
   8.2886000e-01   2.1900000e-03
   8.6810000e-01   2.3000000e-03
   8.9174000e-01   5.5000000e-03
   9.4796000e-01   4.5900000e-03
   9.5280000e-01   2.2000000e-04
   9.6708000e-01   1.4200000e-02
   1.0049000e+00   5.5000000e-04
   1.0135400e+00   6.4000000e-04
   1.0260000e+00   1.0000000e-03
   1.0708000e+00   7.5000000e-04
   1.1063000e+00   8.6000000e-04
   1.1074600e+00   8.2000000e-04
   1.1150000e+00   8.7000000e-04
   1.1207000e+00   6.0000000e-04
   1.1283000e+00   4.4000000e-04
   1.1366500e+00   3.0000000e-03
   1.1439000e+00   6.6000000e-04
   1.1605000e+00   4.7000000e-04
   1.1707000e+00   1.6900000e-03
   1.1763000e+00   1.9000000e-04
   1.1809700e+00   3.4000000e-03
   1.1904000e+00   7.1000000e-04
   1.1915000e+00   1.2300000e-03
   1.1940000e+00   2.8100000e-03
   1.2021700e+00   4.8600000e-03
   1.2137500e+00   9.8000000e-03
   1.2305000e+00   7.4000000e-03
   1.2378000e+00   1.4200000e-03
   1.2433000e+00   1.2400000e-03
   1.2571000e+00   4.0000000e-04
   1.2590600e+00   2.2000000e-03
   1.2642000e+00   1.1600000e-03
   1.2822000e+00   1.4000000e-04
   1.2961500e+00   2.4200000e-03
   1.3027000e+00   2.5000000e-04
   1.3258000e+00   7.9000000e-04
   1.3287000e+00   1.2000000e-03
   1.4024500e+00   1.5100000e-03
   1.4357900e+00   2.9000000e-03
   1.4803000e+00   1.7100000e-03
   1.5245000e+00   2.5000000e-03
   1.5371000e+00   2.0000000e-03
   1.5410000e+00   1.4000000e-03
   1.5470000e+00   8.7000000e-04
   1.5541000e+00   7.5000000e-04
   1.7320000e+00   1.6000000e-03
   1.7454000e+00   1.3000000e-03
   1.7590000e+00   8.0000000e-04
   1.7849000e+00   8.2000000e-04
   1.8052900e+00   2.6000000e-03
   1.8179000e+00   8.9000000e-04
   1.8245000e+00   1.1000000e-04
   1.8503000e+00   4.1000000e-04
   1.8824000e+00   1.1000000e-03
   1.8922000e+00   1.6000000e-03
   1.9223000e+00   3.4000000e-04
   1.9548000e+00   9.5000000e-04
   1.9655800e+00   1.6400000e-02
   1.9878400e+00   1.8300000e-03
   1.9948000e+00   1.4300000e-03
   1.9977500e+00   4.5000000e-03
   2.0084000e+00   7.2000000e-04
   2.0279000e+00   4.2000000e-04
   2.0322000e+00   3.3400000e-03
   2.0605000e+00   7.0000000e-05
   2.3189000e+00   1.2000000e-03
   2.3405000e+00   8.0000000e-04
