   1.0520000e-01   4.4200000e-05
   1.3630000e-01   4.0000000e-09
   1.5803000e-01   1.7020000e-04
   2.3144000e-01   8.8000000e-06
   2.6089000e-01   9.2000000e-06
   3.1620000e-01   2.4800000e-05
   3.3624000e-01   4.9400000e-05
   3.4430000e-01   4.0000000e-07
   3.5330000e-01   1.2000000e-06
   3.7061000e-01   8.0000000e-08
   4.7667000e-01   1.0000000e-06
   4.8050000e-01   8.0000000e-08
   4.8447000e-01   2.9000000e-03
   4.9230000e-01   9.6000000e-05
   5.0736000e-01   2.6000000e-06
   5.1505000e-01   1.0000000e-06
   5.4470000e-01   2.0000000e-07
   5.4470000e-01   6.0000000e-07
   9.3380000e-01   2.0000000e-02
   9.4142000e-01   2.4000000e-06
   1.0780000e+00   4.0000000e-07
   1.1325700e+00   8.5600000e-04
   1.2905800e+00   8.9000000e-03
   1.4182400e+00   1.8400000e-05
   1.4487800e+00   1.7000000e-04
   1.4785000e+00   1.0000000e-07
   1.4861000e+00   5.6000000e-06
