   2.1140000e-01   1.7800000e-03
   2.3336000e-01   3.0700000e-03
   2.5261000e-01   6.9000000e-03
   2.7735100e-01   6.3100000e-02
   2.7772000e-01   0.0000000e+00
   4.8595000e-01   5.0000000e-04
   5.1077000e-01   2.2600000e-01
   5.8319100e-01   8.4500000e-01
   5.8770000e-01   4.0000000e-04
   6.5010000e-01   3.6000000e-04
   7.0520000e-01   2.2000000e-04
   7.2204000e-01   2.0100000e-03
   7.4870000e-01   4.3000000e-04
   7.6313000e-01   1.8100000e-02
   8.2120000e-01   4.0000000e-04
   8.6056400e-01   1.2420000e-01
   8.8330000e-01   3.1000000e-04
   9.2760000e-01   1.3100000e-03
   9.8270000e-01   2.0300000e-03
   1.0040000e+00   5.0000000e-05
   1.0939000e+00   4.0000000e-03
   1.1257000e+00   5.0000000e-05
   1.1608000e+00   1.1000000e-04
   1.1851000e+00   1.7000000e-04
   1.2828000e+00   5.2000000e-04
   1.3811000e+00   7.0000000e-05
   1.6475000e+00   2.0000000e-05
   1.7440000e+00   2.0000000e-05
   2.6145330e+00   9.9000000e-01
