   1.2100000e-01   7.7000000e-04
   1.4790000e-01   1.3000000e-04
   1.5950000e-01   1.3000000e-04
   2.2600000e-01   1.7000000e-04
   2.4480000e-01   1.3000000e-04
   3.4230000e-01   1.7000000e-04
   3.5590000e-01   3.0000000e-04
   4.0200000e-01   4.3000000e-04
   4.1070000e-01   1.1600000e-03
   4.5090000e-01   3.4000000e-04
   5.3640000e-01   5.2000000e-04
   5.5852000e-01   1.3000000e-04
   5.6980000e-01   4.3000000e-04
   5.8540000e-01   3.9000000e-04
   6.0688000e-01   3.1000000e-02
   6.1751600e-01   4.3000000e-01
   6.2920000e-01   1.7000000e-04
   6.4950000e-01   2.2000000e-04
   6.6350000e-01   3.0000000e-04
   6.8890000e-01   4.3000000e-04
   6.9270000e-01   1.0800000e-02
   6.9486300e-01   3.0000000e-02
   7.1480000e-01   5.2000000e-04
   7.1840000e-01   1.6800000e-03
   7.5180000e-01   3.9000000e-04
   7.6230000e-01   5.2000000e-04
   7.8460000e-01   1.7000000e-04
   7.9780000e-01   5.2000000e-03
   8.0230000e-01   3.0000000e-04
   8.1577000e-01   1.3300000e-03
   8.4280000e-01   1.3000000e-04
   8.5110000e-01   1.0300000e-02
   8.6160000e-01   2.1900000e-03
   9.1870000e-01   6.9000000e-04
   9.4730000e-01   8.2000000e-04
   9.5710000e-01   8.6000000e-05
   9.8380000e-01   5.2000000e-04
   1.0070000e+00   1.0300000e-03
   1.0379000e+00   7.3000000e-04
   1.0637000e+00   8.0000000e-04
   1.1033500e+00   4.2000000e-03
   1.1259000e+00   1.7600000e-03
   1.1941000e+00   3.0000000e-04
   1.2534300e+00   3.7000000e-03
   1.2829000e+00   3.9000000e-04
   1.3122900e+00   1.2000000e-02
   1.3567000e+00   4.7000000e-03
   1.3876700e+00   5.4000000e-02
   1.3974000e+00   3.0000000e-04
   1.4118000e+00   3.4000000e-04
   1.4466000e+00   4.3000000e-04
   1.4514000e+00   1.5000000e-03
   1.4688100e+00   6.5000000e-03
   1.4980000e+00   1.7000000e-04
   1.5039000e+00   1.6300000e-03
   1.5180000e+00   8.2000000e-03
   1.5384800e+00   5.2000000e-03
   1.6135700e+00   2.8000000e-02
   1.6524000e+00   3.0000000e-04
   1.6837000e+00   4.3000000e-04
   1.7147000e+00   4.3000000e-04
   1.7983000e+00   9.0000000e-03
   1.8887600e+00   3.1000000e-03
   1.9092000e+00   4.3000000e-04
   1.9447000e+00   8.6000000e-04
   2.0515000e+00   1.2000000e-03
   2.0564200e+00   6.0000000e-03
   2.0660000e+00   1.3000000e-04
   2.1061600e+00   2.4000000e-02
   2.1479000e+00   9.9000000e-04
   2.1560000e+00   6.9000000e-04
   2.2116000e+00   4.3000000e-03
   2.3624000e+00   3.9000000e-04
   2.5068000e+00   1.0800000e-02
   2.5519000e+00   1.0800000e-03
   2.6860000e+00   2.5000000e-03
   2.7236000e+00   9.9000000e-04
   2.7528000e+00   9.5000000e-04
   2.8293700e+00   4.3000000e-03
   2.9617000e+00   1.7000000e-04
   3.3930000e+00   4.3000000e-05
