   5.5700000e-02   1.1000000e-03
   7.1000000e-02   2.0200000e-03
   1.0375000e-01   3.1400000e-03
   1.1940000e-01   6.7000000e-04
   1.2137000e-01   4.7000000e-03
   1.7497000e-01   8.6000000e-02
   1.7497000e-01   1.1300000e-01
   1.8130000e-01   1.4000000e-03
   2.1859000e-01   5.6000000e-01
   2.2538000e-01   3.0200000e-02
   2.8978000e-01   9.2000000e-02
   2.9653000e-01   2.1700000e-01
   3.0500000e-01   3.9000000e-04
   3.2680000e-01   9.0000000e-04
   3.3886000e-01   6.2200000e-03
   3.5672000e-01   5.2600000e-03
   3.8860000e-01   6.2000000e-04
   3.9350000e-01   6.7000000e-02
   4.2770000e-01   7.3000000e-04
   4.4130000e-01   9.5000000e-04
   4.4270000e-01   1.7900000e-03
   4.4680000e-01   1.0100000e-03
   4.5446000e-01   2.5800000e-03
   4.6680000e-01   7.3000000e-04
   4.8260000e-01   2.2000000e-04
   4.9147000e-01   3.4000000e-03
   4.9147000e-01   1.4600000e-02
   4.9820000e-01   4.5000000e-04
   5.0507000e-01   3.5800000e-03
   5.1388000e-01   8.4000000e-03
   5.1544000e-01   3.7000000e-03
   5.1880000e-01   5.0000000e-04
   5.2390000e-01   4.5000000e-04
   5.4902000e-01   6.2000000e-04
   5.6540000e-01   9.0000000e-04
   5.6964000e-01   1.5000000e-03
   5.7940000e-01   5.6000000e-04
   5.8560000e-01   4.5000000e-04
   5.8980000e-01   8.4000000e-04
   5.9543000e-01   2.8000000e-03
   6.0184000e-01   1.2000000e-02
   6.1282000e-01   4.5000000e-02
   6.2430000e-01   9.5000000e-04
   6.2689000e-01   9.5000000e-03
   6.3420000e-01   3.4000000e-04
   6.4650000e-01   6.2200000e-03
   6.5228000e-01   2.6900000e-03
   6.7239000e-01   1.4600000e-03
   6.7579000e-01   1.6200000e-03
   6.9960000e-01   8.4000000e-04
   7.1040000e-01   1.9600000e-03
   7.1696000e-01   1.6200000e-03
   7.1980000e-01   7.0000000e-04
   7.2384000e-01   1.8030000e-02
   7.3040000e-01   1.5100000e-03
   7.3242000e-01   1.9100000e-02
   7.4516000e-01   4.7000000e-03
   7.6104000e-01   1.9600000e-03
   7.7200000e-01   5.6000000e-04
   7.7340000e-01   1.1200000e-03
   7.7560000e-01   8.4000000e-04
   7.8310000e-01   6.2000000e-04
   7.8670000e-01   2.2000000e-04
   7.8804000e-01   3.5300000e-02
   8.0162000e-01   5.9400000e-03
   8.1829000e-01   2.7400000e-03
   8.2050000e-01   7.8000000e-04
   8.3241000e-01   7.3000000e-04
   8.4745000e-01   2.5800000e-03
   8.6870000e-01   5.6000000e-04
   8.7974000e-01   1.5700000e-03
   8.8860000e-01   6.7000000e-04
   8.9176000e-01   1.7400000e-03
   8.9630000e-01   1.5000000e-03
   9.0890000e-01   2.1800000e-03
   9.2450000e-01   1.6200000e-03
   9.2600000e-01   3.4000000e-04
   9.3790000e-01   6.7000000e-04
   9.4261000e-01   8.0000000e-04
   9.4650000e-01   6.0000000e-04
   9.5730000e-01   6.7000000e-04
   9.6060000e-01   5.6000000e-04
   9.6730000e-01   6.7000000e-04
   9.7030000e-01   8.4000000e-04
   9.8059000e-01   1.2300000e-03
   9.8080000e-01   1.2300000e-03
   9.8602000e-01   3.0200000e-03
   9.9619000e-01   2.9700000e-03
   1.0017000e+00   6.2000000e-04
   1.0062500e+00   2.5800000e-03
   1.0177000e+00   9.0000000e-04
   1.0220000e+00   3.9000000e-04
   1.0363000e+00   1.2300000e-03
   1.0463100e+00   2.9700000e-03
   1.0675600e+00   1.7000000e-04
   1.0994000e+00   6.2000000e-04
   1.1056000e+00   1.0100000e-03
   1.1148000e+00   1.3400000e-03
   1.1150000e+00   1.7000000e-03
   1.1292000e+00   7.8000000e-04
   1.1375200e+00   3.6000000e-03
   1.1492000e+00   1.4000000e-03
   1.1715000e+00   1.4600000e-03
   1.1763000e+00   7.8000000e-04
   1.1787300e+00   2.8000000e-04
   1.1787300e+00   3.4000000e-03
   1.1906000e+00   8.0000000e-04
   1.1994300e+00   1.8000000e-03
   1.2064500e+00   1.9000000e-03
   1.2149000e+00   7.3000000e-04
   1.2193300e+00   1.9000000e-03
   1.2288000e+00   7.8000000e-04
   1.2338000e+00   3.9000000e-04
   1.2428800e+00   6.5000000e-03
   1.2592600e+00   5.4900000e-03
   1.2670000e+00   4.5000000e-04
   1.2731000e+00   4.5000000e-04
   1.2894700e+00   4.9300000e-03
   1.2914000e+00   1.7000000e-03
   1.2978500e+00   4.4200000e-03
   1.2998000e+00   5.0000000e-04
   1.3094000e+00   9.0000000e-04
   1.3094000e+00   3.3000000e-03
   1.3164000e+00   1.5100000e-03
   1.3243800e+00   2.0700000e-03
   1.3449300e+00   1.0100000e-02
   1.3516000e+00   9.5000000e-04
   1.3629100e+00   3.1400000e-03
   1.3671900e+00   1.6800000e-03
   1.3861900e+00   5.1500000e-03
   1.4041600e+00   1.2900000e-03
   1.4165000e+00   1.7400000e-03
   1.4169400e+00   1.5700000e-03
   1.4287000e+00   1.8500000e-03
   1.4341300e+00   2.4600000e-03
   1.4377000e+00   1.1000000e-03
   1.4487000e+00   1.4000000e-03
   1.4533200e+00   4.8700000e-03
   1.4589800e+00   2.5000000e-03
   1.4815000e+00   6.7000000e-04
   1.4900000e+00   2.1000000e-03
   1.5031000e+00   2.0200000e-03
   1.5201700e+00   7.1000000e-03
   1.5401000e+00   6.2000000e-04
   1.5436000e+00   2.8000000e-04
   1.5795000e+00   2.0000000e-03
   1.5847000e+00   1.2000000e-03
   1.6087000e+00   9.5000000e-04
   1.6116000e+00   9.0000000e-04
   1.6124000e+00   1.5000000e-03
   1.6138000e+00   2.6300000e-03
   1.6150000e+00   1.6000000e-03
   1.6352000e+00   7.3000000e-04
   1.6417000e+00   1.5700000e-03
   1.6528000e+00   1.1000000e-03
   1.6536000e+00   2.6000000e-03
   1.6654000e+00   4.5000000e-04
   1.6662000e+00   4.5000000e-04
   1.6703300e+00   1.1030000e-02
   1.6811000e+00   1.9000000e-03
   1.7002000e+00   1.6000000e-03
   1.7114400e+00   2.8000000e-03
   1.7226000e+00   1.0600000e-03
   1.7650000e+00   5.0000000e-04
   1.7652000e+00   5.0000000e-04
   1.7690000e+00   3.9000000e-04
   1.7738400e+00   3.0200000e-03
   1.7769000e+00   1.8500000e-03
   1.7866000e+00   6.2000000e-04
   1.7908500e+00   4.3100000e-03
   1.7930000e+00   6.2000000e-04
   1.8039900e+00   1.1200000e-03
   1.8041000e+00   1.1200000e-03
   1.8141000e+00   1.2300000e-03
   1.8176000e+00   1.5100000e-03
   1.8185000e+00   1.5100000e-03
   1.8302000e+00   3.4000000e-04
   1.8302000e+00   7.8000000e-04
   1.8518000e+00   9.5000000e-04
   1.8523000e+00   9.5000000e-04
   1.8533000e+00   1.9000000e-03
   1.8545000e+00   1.3000000e-03
   1.8576000e+00   1.1200000e-03
   1.8624000e+00   7.3000000e-04
   1.8624000e+00   2.9700000e-03
   1.8959800e+00   5.9900000e-03
   1.9114200e+00   1.1800000e-03
   1.9117000e+00   1.1800000e-03
   1.9351000e+00   1.1200000e-03
   1.9395000e+00   9.5000000e-04
   1.9395000e+00   9.5000000e-04
   1.9673000e+00   1.2300000e-03
   1.9795700e+00   5.2100000e-03
   1.9942000e+00   8.4000000e-04
   2.0068000e+00   1.1200000e-03
   2.0076000e+00   1.1200000e-03
   2.0151100e+00   1.7400000e-03
   2.0218000e+00   1.0100000e-03
   2.0251000e+00   5.6000000e-04
   2.0391000e+00   7.8000000e-04
   2.0639000e+00   3.9200000e-03
   2.0859100e+00   6.2700000e-03
   2.0994800e+00   1.5700000e-03
   2.1037000e+00   5.6000000e-04
   2.1101200e+00   3.4000000e-03
   2.1168800e+00   3.1900000e-03
   2.1923200e+00   3.4000000e-03
   2.2046000e+00   4.5000000e-04
   2.2272800e+00   3.7000000e-03
   2.2384000e+00   1.4600000e-03
   2.2497000e+00   6.7000000e-04
   2.2553000e+00   9.0000000e-04
   2.2916100e+00   4.0000000e-03
   2.3049700e+00   2.9000000e-03
   2.3288000e+00   6.3000000e-03
   2.3669700e+00   1.3400000e-03
   2.4037500e+00   2.6300000e-03
   2.4236000e+00   4.5000000e-04
   2.4303000e+00   3.9000000e-04
   2.4378000e+00   9.5000000e-04
   2.4516000e+00   4.5000000e-04
   2.4646000e+00   1.1200000e-03
   2.5076000e+00   7.8000000e-04
   2.5104100e+00   2.7000000e-03
   2.5350000e+00   6.2000000e-04
   2.5740400e+00   3.4000000e-03
   2.5789000e+00   6.2000000e-04
   2.6137000e+00   3.4000000e-04
   2.6337500e+00   1.0600000e-03
   2.6401000e+00   3.4000000e-04
   2.6734000e+00   5.6000000e-04
   2.6934000e+00   7.8000000e-04
   2.7367000e+00   1.1800000e-03
   2.7542000e+00   6.7000000e-04
   2.7616000e+00   6.7000000e-04
   2.7693200e+00   2.9700000e-03
   2.7908900e+00   2.6900000e-03
   2.8150300e+00   2.2400000e-03
   2.8328000e+00   6.2000000e-04
   2.8542000e+00   9.0000000e-04
   2.8726500e+00   1.2300000e-03
   2.8866000e+00   8.4000000e-04
   2.9038000e+00   7.8000000e-04
   2.9117000e+00   6.7000000e-04
   2.9183000e+00   1.2300000e-03
   2.9362000e+00   5.6000000e-04
   2.9418000e+00   7.8000000e-04
   2.9894000e+00   7.3000000e-04
   3.0286000e+00   6.7000000e-04
   3.1108000e+00   3.9000000e-04
   3.1306000e+00   8.0000000e-04
   3.1466000e+00   6.2000000e-04
   3.1563000e+00   4.5000000e-04
   3.1687000e+00   6.2000000e-04
   3.2148000e+00   3.9000000e-04
   3.3755100e+00   1.5100000e-03
   3.4248000e+00   7.3000000e-04
   3.5047000e+00   6.7000000e-04
