   7.1780000e-02   1.3000000e-02
   4.5850000e-01   0.0000000e+00
   4.5916000e-01   2.1400000e-01
   4.6648000e-01   1.2700000e-02
   5.2386000e-01   3.7000000e-02
   6.3271000e-01   5.6000000e-03
   8.1077500e-01   8.8000000e-01
   8.6395900e-01   1.4800000e-01
   9.2568000e-01   1.6800000e-02
   1.1567700e+00   1.0500000e-02
   1.2657400e+00   9.1000000e-02
   1.3011000e+00   6.9000000e-03
   1.3230900e+00   5.9200000e-01
   1.4465300e+00   9.7000000e-04
   1.4881700e+00   1.6000000e-03
   1.5587100e+00   5.1000000e-03
   1.6747300e+00   1.1600000e-01
   1.7122100e+00   7.0000000e-04
   1.7677400e+00   3.1700000e-02
   1.7895900e+00   2.8600000e-02
   2.0117000e+00   1.6000000e-03
   2.0655900e+00   1.5800000e-03
   2.1790800e+00   4.8000000e-03
   2.2268800e+00   3.0000000e-03
   2.2363300e+00   3.4300000e-03
   2.2729900e+00   7.9000000e-04
   2.4224500e+00   1.1200000e-02
   2.4330500e+00   1.2300000e-03
   2.5139000e+00   5.3000000e-04
   2.6381500e+00   1.3300000e-02
   2.6999400e+00   1.0600000e-03
   2.8185000e+00   8.4000000e-03
   2.8552000e+00   6.2000000e-04
   3.0907000e+00   9.7000000e-04
   3.5019000e+00   1.8000000e-04
   3.6298000e+00   7.0000000e-04
   3.6817000e+00   7.0000000e-04
   3.7781000e+00   1.5000000e-03
   4.5310000e+00   3.5000000e-04
