   5.4889000e-02   1.0200000e-03
   7.8733000e-02   7.3500000e-03
   8.2580000e-02   1.4000000e-04
   9.2284000e-02   5.8500000e-03
   1.2380500e-01   2.8970000e-01
   1.2809000e-01   1.4000000e-04
   1.3360900e-01   2.1200000e-02
   1.3736000e-01   3.7400000e-04
   1.5715100e-01   1.7500000e-03
   2.1607800e-01   1.9660000e-01
   2.3962900e-01   2.4100000e-02
   2.4688500e-01   6.3200000e-03
   2.4943200e-01   2.8130000e-02
   2.9451500e-01   1.6600000e-03
   3.5119600e-01   9.1000000e-04
   3.6912000e-01   1.4000000e-04
   3.7324600e-01   1.4040000e-01
   3.9005000e-01   1.9000000e-05
   4.0404600e-01   1.3100000e-02
   4.2757000e-01   9.5500000e-04
   4.5141800e-01   4.0700000e-04
   4.6125800e-01   5.6000000e-04
   4.6268000e-01   4.7000000e-04
   4.7420000e-01   2.3000000e-05
   4.8040700e-01   3.2800000e-03
   4.8652200e-01   2.0870000e-02
   4.9632600e-01   4.7000000e-01
   5.0610000e-01   1.9000000e-05
   5.1750000e-01   1.4000000e-05
   5.3370000e-01   1.4000000e-05
   5.4628000e-01   3.5000000e-05
   5.5039000e-01   2.2000000e-05
   5.6287000e-01   3.6000000e-05
   5.7268600e-01   1.5630000e-03
   5.8504100e-01   1.1930000e-02
   5.9650000e-01   1.6000000e-05
   6.2011100e-01   1.4370000e-02
   6.5760000e-01   3.5000000e-05
   6.7443000e-01   1.3200000e-03
   6.9649000e-01   1.4500000e-03
   7.0344000e-01   6.4000000e-05
   7.4550000e-01   1.4000000e-05
   7.5700000e-01   4.7000000e-06
   7.8592000e-01   2.3000000e-05
   7.9585000e-01   7.0000000e-06
   7.9745000e-01   3.6000000e-04
   8.3162000e-01   2.2790000e-03
   8.4090000e-01   1.9000000e-05
   9.1407000e-01   4.6300000e-04
   9.1960000e-01   8.9000000e-05
   9.2387000e-01   7.2100000e-03
   9.5461000e-01   3.2800000e-04
   9.6894000e-01   3.6500000e-04
   1.0370000e+00   4.7000000e-06
   1.0464000e+00   9.0000000e-04
   1.0476000e+00   1.3240000e-02
   1.1259700e+00   2.7000000e-05
   1.1705300e+00   1.5900000e-05
   1.2084300e+00   1.7300000e-05
   1.2183000e+00   4.7000000e-06
   1.3418800e+00   1.0800000e-05
