   5.9780000e-02   5.5000000e-03
   7.0440000e-02   7.8000000e-03
   8.7000000e-02   1.6000000e-04
   1.0171000e-01   5.0000000e-05
   1.4160000e-01   4.4000000e-06
   1.6620000e-01   1.3000000e-04
   1.6900000e-01   3.5000000e-04
   2.0210000e-01   1.0000000e-04
   2.3030000e-01   2.4000000e-04
   2.7900000e-01   1.0000000e-04
   2.8977000e-01   1.0600000e-03
   3.0840000e-01   9.6000000e-05
   3.1690000e-01   2.1000000e-04
   3.5221000e-01   6.0000000e-05
   3.7671000e-01   4.6000000e-03
   3.9128000e-01   2.7000000e-04
   4.0488000e-01   8.7000000e-04
   4.1400000e-01   2.6000000e-04
   4.1549000e-01   7.7000000e-04
   4.1793000e-01   4.0000000e-05
   4.3850000e-01   5.0000000e-04
   4.7668000e-01   6.0000000e-04
   4.7863000e-01   2.0000000e-04
   4.8586000e-01   2.7000000e-04
   4.9410000e-01   9.0000000e-05
   5.0860000e-01   2.2000000e-03
   5.0900000e-01   2.2000000e-03
   5.1673000e-01   2.7000000e-04
   5.1931000e-01   1.0000000e-04
   5.4070000e-01   2.7000000e-04
   5.4700000e-01   3.8000000e-03
   5.5260000e-01   1.7000000e-04
   5.8002000e-01   9.0000000e-03
   6.0330000e-01   2.3000000e-04
   6.1130000e-01   1.8000000e-04
   6.2326000e-01   2.8700000e-03
   6.2440000e-01   1.7000000e-04
   6.3500000e-01   2.2000000e-04
   6.4170000e-01   4.4000000e-04
   6.4192000e-01   1.7000000e-04
   6.5040000e-01   5.7000000e-03
   6.5730000e-01   2.4000000e-04
   6.8550000e-01   5.2000000e-04
   7.0995000e-01   1.3100000e-03
   7.4280000e-01   1.7000000e-04
   7.4628000e-01   1.5000000e-04
   7.7300000e-01   4.4000000e-05
   7.7540000e-01   4.4000000e-04
   7.9360000e-01   1.8000000e-04
   8.0370000e-01   3.6000000e-04
   8.0850000e-01   2.7000000e-04
   8.0960000e-01   1.2000000e-05
   8.1682000e-01   8.0000000e-05
   8.3350000e-01   9.0000000e-05
   8.3560000e-01   2.7800000e-03
   8.9000000e-01   4.4000000e-05
   9.2070000e-01   2.5000000e-04
   9.3720000e-01   7.0000000e-05
   9.5000000e-01   9.0000000e-05
   9.5518000e-01   3.9000000e-04
   1.0023000e+00   6.4000000e-04
   1.0143000e+00   9.0000000e-05
   1.0220000e+00   7.0000000e-05
   1.0266000e+00   9.0000000e-05
   1.0527000e+00   4.0000000e-05
   1.0598600e+00   1.3000000e-04
   1.0671000e+00   1.3000000e-04
   1.0980000e+00   7.0000000e-05
   1.1203000e+00   1.3900000e-03
   1.2460000e+00   3.5000000e-05
   1.2699000e+00   9.0000000e-05
   1.3112000e+00   8.0000000e-05
   1.3480000e+00   1.7000000e-04
   1.3883600e+00   5.6000000e-03
   1.3950000e+00   4.0000000e-05
   1.4589000e+00   5.8000000e-03
   1.5060000e+00   9.0000000e-06
   1.5429000e+00   2.3000000e-04
   1.5490000e+00   5.0000000e-05
   1.5743000e+00   2.7000000e-04
   1.6444000e+00   2.0000000e-04
   1.8632000e+00   2.6000000e-05
