   6.7220000e-02   1.1000000e-03
   1.7091000e-01   9.0000000e-04
   1.8330000e-01   1.9000000e-04
   1.9050000e-01   5.6000000e-04
   1.9960000e-01   3.7000000e-04
   2.0740000e-01   2.5000000e-04
   2.3090000e-01   1.9000000e-04
   2.4200000e-01   3.1000000e-04
   2.5140000e-01   3.1000000e-04
   3.0200000e-01   3.1000000e-04
   3.1207200e-01   6.2000000e-01
   3.2430000e-01   5.0000000e-04
   3.3150000e-01   1.2000000e-03
   3.3822000e-01   2.6800000e-03
   3.4100000e-01   3.1000000e-04
   3.4390000e-01   6.2000000e-04
   3.5870000e-01   8.7000000e-04
   3.6890000e-01   9.0000000e-04
   3.8425000e-01   2.7000000e-03
   3.9244000e-01   2.5000000e-03
   3.9400000e-01   3.1000000e-04
   4.0485000e-01   2.6000000e-03
   4.0763000e-01   2.7100000e-01
   4.1040000e-01   9.4000000e-03
   4.1840000e-01   2.5000000e-04
   4.3161000e-01   1.2000000e-03
   4.5290000e-01   1.2000000e-03
   4.6130000e-01   6.2000000e-03
   4.7485000e-01   8.8000000e-03
   4.7777000e-01   3.8000000e-03
   4.8450000e-01   5.6000000e-04
   4.8500000e-01   5.6200000e-03
   4.8800000e-01   9.0000000e-04
   5.0730000e-01   1.3700000e-03
   5.2010000e-01   4.4000000e-04
   5.2040000e-01   1.9000000e-04
   5.2584000e-01   2.3100000e-03
   5.4350000e-01   1.2000000e-03
   5.4629000e-01   5.1000000e-03
   5.5370000e-01   6.2000000e-04
   5.6960000e-01   5.6000000e-04
   5.7200000e-01   2.5000000e-04
   5.8671000e-01   6.1800000e-03
   5.8760000e-01   1.0000000e-03
   5.9300000e-01   1.7000000e-03
   6.1352000e-01   3.2000000e-03
   6.2000000e-01   3.1000000e-04
   6.3580000e-01   6.9000000e-04
   6.4560000e-01   3.9000000e-03
   6.5398000e-01   3.1000000e-03
   6.6700000e-01   1.9000000e-03
   6.7980000e-01   6.0000000e-04
   6.9080000e-01   1.4000000e-03
   6.9600000e-01   8.0000000e-04
   7.0200000e-01   4.4000000e-04
   7.1260000e-01   1.9000000e-03
   7.1780000e-01   1.1000000e-03
   7.1960000e-01   6.0000000e-04
   7.1971000e-01   8.9000000e-02
   7.2030000e-01   1.2000000e-03
   7.2200000e-01   1.9000000e-04
   7.2700000e-01   4.0000000e-04
   7.4080000e-01   1.9000000e-03
   7.4300000e-01   3.1000000e-03
   7.4580000e-01   1.1000000e-03
   7.6280000e-01   1.2000000e-03
   7.7800000e-01   2.0000000e-03
   7.8693000e-01   5.4000000e-02
   8.0290000e-01   6.2000000e-04
   8.0330000e-01   1.3100000e-03
   8.1340000e-01   1.2000000e-03
   8.2390000e-01   8.1000000e-04
   8.2920000e-01   9.4000000e-04
   8.4436000e-01   3.3100000e-02
   8.5137000e-01   3.1000000e-03
   8.5420000e-01   6.0000000e-04
   8.6020000e-01   6.0000000e-04
   8.8070000e-01   6.0000000e-04
   8.8429000e-01   7.2000000e-03
   8.8600000e-01   4.4000000e-04
   8.8890000e-01   3.1000000e-04
   8.9670000e-01   5.0000000e-04
   9.0250000e-01   1.9000000e-03
   9.1000000e-01   1.2000000e-03
   9.1230000e-01   6.2000000e-04
   9.1269000e-01   6.0000000e-04
   9.1474000e-01   6.9000000e-03
   9.2200000e-01   1.2000000e-03
   9.2600000e-01   1.9000000e-03
   9.2775000e-01   5.0000000e-03
   9.2800000e-01   1.2000000e-03
   9.3071000e-01   3.8100000e-02
   9.3400000e-01   1.2000000e-03
   9.4220000e-01   3.1000000e-03
   9.4300000e-01   6.0000000e-04
   9.5151000e-01   2.2000000e-03
   9.7100000e-01   5.0000000e-04
   9.7800000e-01   1.2000000e-03
   9.9509000e-01   6.9000000e-03
   9.9766000e-01   1.0400000e-02
   1.0007200e+00   3.6200000e-02
   1.0153000e+00   1.2000000e-03
   1.0211300e+00   2.8100000e-02
   1.0268000e+00   5.6000000e-04
   1.0511000e+00   5.0000000e-04
   1.0616100e+00   1.1900000e-02
   1.1099000e+00   1.2000000e-03
   1.1239000e+00   6.0000000e-04
   1.1370000e+00   1.2000000e-03
   1.1563000e+00   6.9000000e-04
   1.2085000e+00   1.6000000e-03
   1.2217000e+00   1.9000000e-04
   1.2240000e+00   6.0000000e-05
   1.2277000e+00   1.1200000e-03
   1.2385000e+00   1.2000000e-03
   1.2399000e+00   2.1000000e-03
   1.2439000e+00   7.5000000e-04
   1.2520800e+00   1.4400000e-02
   1.2542000e+00   1.9000000e-04
   1.2665800e+00   1.9000000e-03
   1.2850000e+00   2.5000000e-04
   1.2860000e+00   2.5000000e-04
   1.2900000e+00   1.9000000e-04
   1.2940000e+00   1.4400000e-03
   1.3020000e+00   4.4000000e-04
   1.3060000e+00   2.7000000e-03
   1.3072000e+00   5.4000000e-03
   1.3104000e+00   1.3700000e-03
   1.3128000e+00   8.5000000e-03
   1.3204000e+00   2.5000000e-04
   1.3332100e+00   1.0670000e-01
   1.3337000e+00   8.0000000e-04
   1.3496300e+00   1.0000000e-03
   1.3594500e+00   9.4000000e-04
   1.3717000e+00   1.0000000e-04
   1.4055000e+00   5.9000000e-03
   1.4169000e+00   1.3100000e-03
   1.4380000e+00   6.0000000e-05
   1.4552400e+00   1.5000000e-03
   1.4682000e+00   5.0000000e-04
   1.4737400e+00   3.2000000e-03
   1.4898800e+00   1.1900000e-03
   1.4930000e+00   2.5000000e-04
   1.5028000e+00   3.1000000e-04
   1.5052000e+00   7.0000000e-04
   1.5351000e+00   2.1000000e-03
   1.5640000e+00   7.5000000e-04
   1.6301000e+00   2.5000000e-04
   1.6337000e+00   7.5000000e-04
   1.6711900e+00   1.6200000e-03
   1.6800000e+00   9.0000000e-04
   1.6829000e+00   1.3700000e-03
   1.6973000e+00   6.2000000e-04
   1.7060000e+00   6.0000000e-04
   1.7130000e+00   3.7000000e-03
   1.7176100e+00   3.1800000e-02
   1.7220000e+00   8.0000000e-04
   1.7380000e+00   5.0000000e-04
   1.7415700e+00   1.3700000e-03
   1.7549000e+00   4.4000000e-04
   1.7732700e+00   1.4000000e-03
   1.8069000e+00   2.5600000e-03
   1.8217000e+00   2.1800000e-03
   1.8242500e+00   4.0000000e-03
   1.8815200e+00   1.2200000e-02
   1.8932100e+00   5.6000000e-04
   1.8975900e+00   1.0600000e-03
   1.9129100e+00   1.1900000e-03
   1.9380000e+00   3.1000000e-04
   1.9438000e+00   8.1000000e-04
   1.9720000e+00   1.5000000e-04
   2.0256000e+00   8.1000000e-04
   2.0362000e+00   1.9000000e-04
   2.0485000e+00   3.7000000e-04
   2.0534300e+00   1.4000000e-03
   2.0793000e+00   9.4000000e-04
   2.0813000e+00   5.6000000e-04
   2.0930000e+00   1.9000000e-04
   2.1055000e+00   1.0000000e-03
   2.1365100e+00   1.2500000e-02
   2.1483000e+00   2.5000000e-04
   2.1550000e+00   2.5000000e-04
   2.1809000e+00   3.1000000e-04
   2.1936500e+00   5.7000000e-03
   2.2102200e+00   6.9000000e-03
   2.2136000e+00   2.1000000e-03
   2.2250000e+00   2.2500000e-03
   2.2296400e+00   8.7000000e-03
   2.2554000e+00   2.1000000e-03
   2.2664000e+00   2.4000000e-03
   2.2855000e+00   9.0000000e-05
   2.3360000e+00   1.4000000e-04
   2.3490000e+00   8.0000000e-05
   2.3630000e+00   2.5000000e-04
   2.3930000e+00   1.2000000e-04
   2.4177000e+00   1.9000000e-03
   2.4562000e+00   2.5600000e-03
   2.4674000e+00   4.1000000e-03
   2.4850000e+00   1.9000000e-04
   2.4963500e+00   1.9300000e-03
   2.5255000e+00   2.5000000e-04
   2.5418000e+00   5.0000000e-03
   2.5541900e+00   3.5000000e-03
   2.5977000e+00   5.6000000e-04
   2.6238200e+00   9.4000000e-04
   2.6611000e+00   7.5000000e-04
   2.8253000e+00   1.5600000e-03
