   1.0462000e-01   0.0000000e+00
   1.0509500e+00   5.3000000e-05
   1.0822900e+00   2.0700000e-04
   1.1563000e+00   3.6000000e-05
   1.4472000e+00   1.2500000e-04
   1.5810400e+00   2.2600000e-03
   1.6058000e+00   1.0200000e-04
   1.6369900e+00   3.2900000e-03
   1.7403500e+00   1.3500000e-04
   1.7904000e+00   2.9900000e-04
   2.5311900e+00   4.3000000e-05
   2.6319700e+00   1.1800000e-03
   2.7921800e+00   9.9000000e-05
   3.0282500e+00   8.5000000e-04
   3.1491700e+00   5.5000000e-04
   3.1874300e+00   5.3000000e-05
   3.8372000e+00   3.0000000e-05
   3.8866000e+00   2.3000000e-05
   3.9164000e+00   1.6000000e-05
   4.1801000e+00   2.0000000e-05
