   1.6700000e-02   1.2000000e-04
   5.7072300e-02   8.0000000e-03
   7.3775000e-02   4.5000000e-03
   7.9321900e-02   2.1000000e-02
   8.3473300e-02   1.5000000e-02
   1.0575000e-01   9.0000000e-04
   1.3100000e-01   4.5000000e-04
   1.3170000e-01   7.0000000e-04
   1.4839400e-01   1.1000000e-03
   2.0780100e-01   4.9000000e-02
   2.0870000e-01   1.7000000e-03
   2.3787300e-01   5.0000000e-02
   2.5020000e-01   0.0000000e+00
   2.5470000e-01   2.1000000e-03
   2.6650000e-01   0.0000000e+00
   3.0300000e-01   3.4000000e-04
   3.1543000e-01   7.3000000e-03
   3.2133600e-01   2.3500000e-01
   3.2370000e-01   0.0000000e+00
   3.3200000e-01   1.7000000e-03
   3.4654700e-01   5.6000000e-01
   3.5131000e-01   7.0000000e-03
   3.8640000e-01   3.3600000e-02
   3.9887000e-01   9.0000000e-03
   4.0302000e-01   3.2500000e-02
   4.3050000e-01   1.2000000e-03
   4.6000000e-01   2.0700000e-02
   4.6346000e-01   4.5000000e-03
   4.8000000e-01   1.5000000e-03
   5.3154000e-01   1.7000000e-04
   6.6810000e-01   2.2000000e-03
   7.4500000e-01   1.7000000e-03
