   6.9000000e-03   0.0000000e+00
   4.5115000e-01   0.0000000e+00
   4.7910000e-01   1.1000000e-03
   5.5579600e-01   9.1000000e-01
   7.6772000e-01   9.0000000e-03
   7.7780000e-01   6.4000000e-03
   7.8586000e-01   1.9000000e-02
   9.3460000e-01   4.6000000e-03
   9.7420000e-01   1.8000000e-04
   9.9610000e-01   5.0000000e-03
   1.1331000e+00   1.7000000e-03
   1.1915000e+00   1.8000000e-03
   1.2380000e+00   3.8700000e-02
   1.2471000e+00   4.7000000e-03
   1.2650300e+00   4.6000000e-03
   1.2978000e+00   8.0000000e-03
   1.3416900e+00   1.6400000e-02
   1.3543000e+00   4.6000000e-04
   1.3824000e+00   4.0000000e-03
   1.4185000e+00   3.0000000e-03
   1.6361000e+00   1.8000000e-03
   1.6375000e+00   2.7000000e-03
   1.6521000e+00   1.6000000e-03
   1.6890000e+00   9.1000000e-03
   1.7208000e+00   1.7300000e-02
   1.7435000e+00   3.2000000e-03
   1.7818000e+00   2.1000000e-02
   1.7940000e+00   4.1000000e-03
   1.8697000e+00   1.3000000e-04
   1.8906000e+00   1.4000000e-03
   1.9009000e+00   1.9000000e-03
   1.9361000e+00   6.0000000e-04
   1.9656000e+00   2.0000000e-03
   1.9775000e+00   8.6000000e-03
   1.9920000e+00   6.0000000e-04
   1.9991000e+00   1.0000000e-03
   2.0169000e+00   7.0000000e-03
   2.0659000e+00   2.3000000e-03
   2.0868000e+00   6.0000000e-04
   2.1392000e+00   1.5900000e-02
   2.1589000e+00   9.0000000e-04
   2.2156000e+00   9.0000000e-04
   2.2446000e+00   6.0000000e-04
   2.2542000e+00   9.0000000e-04
   2.2767000e+00   2.4600000e-02
   2.3383000e+00   9.1000000e-03
   2.3624000e+00   4.6000000e-03
   2.4196000e+00   7.3000000e-03
   2.4373000e+00   5.0000000e-04
   2.4783000e+00   1.0000000e-03
   2.5227000e+00   8.6000000e-03
   2.5574000e+00   4.6000000e-04
   2.6269000e+00   9.1000000e-03
   2.6575000e+00   3.2000000e-03
   2.7053000e+00   1.4000000e-03
   2.7295000e+00   1.1800000e-02
   2.7779000e+00   5.0000000e-04
   2.8525000e+00   3.2000000e-03
   2.9188000e+00   1.8000000e-03
   3.0083000e+00   8.0000000e-04
   3.0340000e+00   2.3000000e-03
   3.0978000e+00   1.8000000e-04
   3.1160000e+00   2.2000000e-04
   3.2136000e+00   1.4600000e-02
   3.4078000e+00   1.4600000e-02
   3.4739000e+00   1.0000000e-03
   3.6478000e+00   3.0000000e-04
   4.0090000e+00   1.5000000e-04
