   1.6500000e-02   0.0000000e+00
   3.1670000e-02   4.5000000e-03
   5.8280000e-02   3.7000000e-03
   6.3810000e-02   3.5000000e-04
   6.7020000e-02   1.9000000e-04
   6.8980000e-02   1.2600000e-02
   8.0740000e-02   2.3900000e-03
   8.5120000e-02   2.0500000e-02
   8.6080000e-02   5.0000000e-04
   8.9960000e-02   1.5300000e-02
   9.4400000e-02   1.6000000e-04
   9.7870000e-02   1.5000000e-04
   1.0010000e-01   3.5000000e-04
   1.0245000e-01   4.9000000e-03
   1.0490000e-01   4.0000000e-04
   1.1215000e-01   1.1700000e-03
   1.1388000e-01   9.0000000e-04
   1.1680000e-01   3.9000000e-01
   1.2574000e-01   2.4000000e-04
   1.3889000e-01   7.0500000e-02
   1.4961000e-01   2.9300000e-03
   1.5879000e-01   9.3000000e-04
   1.6360000e-01   2.0000000e-04
   1.6599000e-01   6.1000000e-04
   1.6788000e-01   1.0500000e-03
   1.6920000e-01   7.4000000e-04
   1.7076000e-01   4.0000000e-03
   1.7076000e-01   2.8700000e-02
   1.7140000e-01   1.5000000e-03
   1.7507000e-01   6.3300000e-02
   1.7609000e-01   2.7900000e-03
   1.8319000e-01   4.5200000e-03
   1.9727000e-01   2.1300000e-03
   1.9968000e-01   2.6600000e-03
   2.0616000e-01   4.3000000e-04
   2.0770000e-01   4.5000000e-04
   2.1136000e-01   6.8000000e-04
   2.2218000e-01   4.7000000e-04
   2.2990000e-01   3.3000000e-04
   2.3292000e-01   3.3000000e-04
   2.3863000e-01   4.8000000e-03
   2.3960000e-01   3.7000000e-03
   2.4929000e-01   3.3000000e-03
   2.5223000e-01   1.3300000e-03
   2.5568000e-01   1.4800000e-01
   2.5800000e-01   2.9000000e-04
   2.6356000e-01   7.8000000e-03
   2.6867000e-01   1.6000000e-03
   2.7089000e-01   3.2000000e-03
   2.7552000e-01   2.3000000e-03
   2.8470000e-01   4.3000000e-04
   2.9215000e-01   5.6000000e-04
   2.9730000e-01   1.1000000e-04
   3.0058000e-01   1.8200000e-02
   3.0180000e-01   6.4000000e-04
   3.1040000e-01   2.9000000e-04
   3.1263000e-01   2.4000000e-03
   3.1656000e-01   4.7000000e-04
   3.2009000e-01   6.1000000e-03
   3.2106000e-01   2.0000000e-03
   3.2380000e-01   1.3000000e-04
   3.2468000e-01   4.8000000e-03
   3.2630000e-01   2.8000000e-04
   3.3278000e-01   6.9000000e-03
   3.3465000e-01   4.8000000e-04
   3.3712000e-01   4.1000000e-04
   3.4195000e-01   5.9000000e-04
   3.4499000e-01   4.0000000e-04
   3.4713000e-01   4.0000000e-03
   3.5700000e-01   3.9000000e-03
   3.6270000e-01   2.3000000e-04
   3.6535000e-01   8.4000000e-04
   3.6690000e-01   2.7000000e-04
   3.7357000e-01   2.7000000e-04
   3.7357000e-01   8.1000000e-04
   3.7773000e-01   5.5000000e-04
   3.8010000e-01   3.2000000e-04
   3.8320000e-01   2.4000000e-04
   3.9113000e-01   4.7000000e-04
   3.9170000e-01   1.3000000e-04
   3.9460000e-01   2.9000000e-04
   4.0233000e-01   2.5000000e-03
   4.0755000e-01   5.0500000e-03
   4.1350000e-01   4.0000000e-04
   4.1463000e-01   1.7300000e-03
   4.1520000e-01   2.7000000e-04
   4.1840000e-01   5.3000000e-04
   4.2180000e-01   1.3000000e-03
   4.2260000e-01   3.7000000e-03
   4.2356000e-01   1.0600000e-03
   4.2356000e-01   5.9200000e-02
   4.2647000e-01   3.9000000e-03
   4.2720000e-01   1.1000000e-03
   4.2765000e-01   1.9000000e-03
   4.3020000e-01   2.7000000e-04
   4.3590000e-01   1.3000000e-04
   4.3922000e-01   3.1900000e-03
   4.4470000e-01   1.3000000e-04
   4.4553000e-01   1.0500000e-03
   4.4688000e-01   1.8600000e-03
   4.4920000e-01   3.2000000e-04
   4.5460000e-01   4.1000000e-04
   4.5668000e-01   7.2000000e-04
   4.5980000e-01   5.0000000e-05
   4.6059000e-01   9.6000000e-03
   4.6560000e-01   2.3000000e-04
   4.7650000e-01   1.6000000e-04
   4.7930000e-01   1.1000000e-04
   4.8192000e-01   5.5000000e-04
   4.8698000e-01   6.8000000e-04
   4.8818000e-01   1.1400000e-03
   4.9078000e-01   9.7000000e-04
   4.9224000e-01   1.0000000e-03
   4.9800000e-01   7.0000000e-05
   5.0380000e-01   9.0000000e-05
   5.0784000e-01   8.4000000e-04
   5.1621000e-01   7.2000000e-04
   5.1800000e-01   5.3000000e-04
   5.2210000e-01   1.6000000e-04
   5.2431000e-01   5.0500000e-03
   5.2760000e-01   2.5000000e-04
   5.3197000e-01   1.2100000e-03
   5.3570000e-01   7.0000000e-05
   5.4060000e-01   4.4000000e-04
   5.4206000e-01   5.0500000e-03
   5.4461000e-01   5.6000000e-04
   5.5004000e-01   6.1200000e-03
   5.5110000e-01   1.3000000e-04
   5.5740000e-01   2.0000000e-04
   5.6273000e-01   2.1300000e-03
   5.7300000e-01   1.6000000e-04
   5.7736000e-01   3.5900000e-03
   5.8020000e-01   1.6000000e-04
   5.8522000e-01   1.3000000e-02
   5.8961000e-01   2.9300000e-03
   5.9240000e-01   2.4000000e-04
   5.9664000e-01   4.3000000e-03
   5.9760000e-01   2.1000000e-03
   6.0080000e-01   2.5000000e-04
   6.0240000e-01   3.9000000e-04
   6.0580000e-01   2.4000000e-04
   6.1222000e-01   7.4000000e-04
   6.1590000e-01   1.7000000e-04
   6.1901000e-01   3.3000000e-03
   6.2130000e-01   3.2000000e-04
   6.2560000e-01   3.1000000e-04
   6.2974000e-01   1.4600000e-03
   6.3400000e-01   2.7000000e-04
   6.3640000e-01   3.1000000e-04
   6.3900000e-01   2.1000000e-04
   6.4311000e-01   6.7000000e-04
   6.4840000e-01   7.0000000e-05
   6.5080000e-01   7.0000000e-05
   6.5500000e-01   3.9000000e-04
   6.5861000e-01   7.3000000e-03
   6.6521000e-01   9.3000000e-04
   6.6810000e-01   2.7000000e-04
   6.7039000e-01   3.3200000e-03
   6.7322000e-01   9.3000000e-04
   6.7680000e-01   5.0000000e-04
   6.7788000e-01   2.3800000e-02
   6.7960000e-01   4.4000000e-04
   6.8200000e-01   3.2000000e-04
   6.8750000e-01   2.1000000e-04
   6.9570000e-01   3.3000000e-04
   7.0280000e-01   2.0000000e-04
   7.0585000e-01   7.6000000e-04
   7.0930000e-01   8.0000000e-05
   7.1570000e-01   4.4000000e-04
   7.1760000e-01   1.2900000e-03
   7.1960000e-01   4.7000000e-04
   7.2030000e-01   2.7000000e-04
   7.2428000e-01   1.1000000e-03
   7.2428000e-01   1.9000000e-03
   7.2750000e-01   1.1000000e-04
   7.3190000e-01   2.0000000e-04
   7.3400000e-01   1.0000000e-03
   7.3623000e-01   5.9200000e-02
   7.3920000e-01   1.5200000e-02
   7.4170000e-01   4.7000000e-04
   7.4400000e-01   2.7000000e-04
   7.4650000e-01   8.0000000e-05
   7.5100000e-01   1.3000000e-04
   7.5300000e-01   6.0000000e-04
   7.5380000e-01   2.7000000e-04
   7.5557000e-01   1.1700000e-02
   7.5790000e-01   3.7000000e-04
   7.6540000e-01   1.7300000e-03
   7.6789000e-01   2.6600000e-03
   7.7362000e-01   6.7000000e-04
   7.7362000e-01   2.7000000e-03
   7.7710000e-01   2.0000000e-04
   7.8070000e-01   3.6000000e-04
   7.8340000e-01   3.2000000e-04
   7.8528000e-01   1.4600000e-03
   7.8720000e-01   1.9000000e-04
   7.8995000e-01   5.3000000e-04
   7.8995000e-01   1.0600000e-03
   7.9240000e-01   3.9000000e-04
   7.9753000e-01   4.7200000e-02
   7.9820000e-01   1.5000000e-03
   8.0100000e-01   2.4000000e-04
   8.0923000e-01   2.3000000e-03
   8.1260000e-01   1.2500000e-03
   8.1540000e-01   4.3000000e-04
   8.1975000e-01   1.0800000e-03
   8.2320000e-01   2.3000000e-04
   8.2916000e-01   2.2600000e-03
   8.3750000e-01   1.1000000e-04
   8.4107000e-01   1.6000000e-03
   8.4107000e-01   7.6000000e-03
   8.4712000e-01   8.8000000e-04
   8.4800000e-01   2.7000000e-04
   8.5180000e-01   1.2000000e-03
   8.5180000e-01   1.7000000e-03
   8.5330000e-01   2.1000000e-03
   8.5400000e-01   5.0000000e-04
   8.5830000e-01   1.0500000e-03
   8.6590000e-01   4.0000000e-04
   8.6640000e-01   2.0000000e-04
   8.6640000e-01   7.4000000e-04
   8.6760000e-01   6.7000000e-04
   8.7070000e-01   8.5000000e-04
   8.7070000e-01   1.0600000e-03
   8.7250000e-01   1.3000000e-04
   8.7310000e-01   1.3000000e-04
   8.7450000e-01   1.0400000e-03
   8.7639000e-01   3.8600000e-03
   8.8114000e-01   6.1000000e-04
   8.8680000e-01   4.1000000e-04
   8.8910000e-01   4.5000000e-04
   8.9270000e-01   6.5000000e-04
   8.9765000e-01   2.7900000e-03
   9.0020000e-01   1.4600000e-03
   9.0470000e-01   9.0000000e-04
   9.0470000e-01   1.1000000e-03
   9.0530000e-01   4.0000000e-04
   9.1250000e-01   1.1000000e-03
   9.1428000e-01   9.2000000e-03
   9.1993000e-01   9.2000000e-04
   9.2440000e-01   1.3000000e-04
   9.2550000e-01   2.7000000e-04
   9.2550000e-01   1.0640000e-03
   9.3040000e-01   4.0000000e-04
   9.3404000e-01   1.1700000e-03
   9.3510000e-01   1.3000000e-04
   9.3680000e-01   4.4000000e-04
   9.4317000e-01   3.7200000e-03
   9.4550000e-01   1.3000000e-04
   9.4905000e-01   6.7000000e-04
   9.5080000e-01   1.3000000e-04
   9.5185000e-01   5.2000000e-04
   9.5440000e-01   2.3000000e-04
   9.5818000e-01   5.0000000e-04
   9.5818000e-01   5.9000000e-03
   9.6050000e-01   5.7000000e-04
   9.6474000e-01   1.8600000e-03
   9.6758000e-01   2.0000000e-04
   9.6758000e-01   1.8600000e-03
   9.6920000e-01   8.0000000e-05
   9.6920000e-01   6.5000000e-04
   9.7323000e-01   1.7200000e-03
   9.7965000e-01   5.6000000e-04
   9.8350000e-01   2.5000000e-04
   9.8530000e-01   2.4000000e-04
   9.8971000e-01   5.2000000e-04
   9.9464000e-01   5.6000000e-04
   9.9950000e-01   2.5000000e-04
   1.0032400e+00   6.3000000e-04
   1.0086000e+00   3.9000000e-04
   1.0108000e+00   2.0000000e-04
   1.0127000e+00   1.1000000e-04
   1.0164000e+00   2.5000000e-02
   1.0210500e+00   2.7000000e-04
   1.0210500e+00   6.7000000e-04
   1.0290500e+00   3.6000000e-04
   1.0305000e+00   1.3000000e-04
   1.0324000e+00   2.7000000e-04
   1.0324000e+00   4.0000000e-04
   1.0354000e+00   1.3000000e-04
   1.0361600e+00   1.7800000e-03
   1.0404000e+00   6.5000000e-04
   1.0419100e+00   3.1900000e-03
   1.0443000e+00   5.0000000e-05
   1.0450000e+00   8.0000000e-05
   1.0481100e+00   6.1000000e-03
   1.0495000e+00   8.0000000e-04
   1.0510000e+00   2.7000000e-04
   1.0578000e+00   1.1000000e-04
   1.0640000e+00   5.6000000e-04
   1.0665700e+00   2.7000000e-04
   1.0665700e+00   1.6000000e-03
   1.0700300e+00   6.4000000e-04
   1.0731000e+00   1.0800000e-03
   1.0740000e+00   4.0000000e-04
   1.0771200e+00   1.1800000e-03
   1.0795000e+00   1.3000000e-04
   1.0800900e+00   2.7000000e-04
   1.0800900e+00   2.1300000e-03
   1.0827000e+00   2.7000000e-04
   1.0840000e+00   2.5000000e-04
   1.0920000e+00   3.1000000e-04
   1.0999500e+00   9.7000000e-04
   1.1060000e+00   1.0100000e-03
   1.1071600e+00   4.2600000e-03
   1.1110000e+00   1.9000000e-04
   1.1154000e+00   5.5000000e-04
   1.1182000e+00   1.3000000e-04
   1.1182000e+00   5.3000000e-04
   1.1226300e+00   4.0800000e-02
   1.1235000e+00   2.7000000e-04
   1.1254000e+00   2.7000000e-04
   1.1271100e+00   1.8600000e-03
   1.1287000e+00   1.1000000e-04
   1.1316000e+00   5.7000000e-04
   1.1325500e+00   9.2000000e-04
   1.1365800e+00   1.8100000e-03
   1.1390000e+00   5.6000000e-04
   1.1455000e+00   5.3000000e-04
   1.1459000e+00   6.7000000e-04
   1.1478000e+00   1.3000000e-04
   1.1518000e+00   4.7000000e-04
   1.1569000e+00   7.0000000e-04
   1.1569000e+00   1.1000000e-03
   1.1594000e+00   5.2000000e-04
   1.1655000e+00   9.0000000e-05
   1.1692000e+00   2.2600000e-03
   1.1725300e+00   1.0600000e-03
   1.1749000e+00   3.5000000e-04
   1.1777000e+00   3.1000000e-04
   1.1808900e+00   1.3300000e-01
   1.1842000e+00   9.3000000e-04
   1.1860000e+00   2.7000000e-04
   1.1867000e+00   7.4000000e-04
   1.1892400e+00   2.6600000e-03
   1.1911000e+00   3.9000000e-04
   1.2010300e+00   2.7000000e-04
   1.2010300e+00   1.6900000e-03
   1.2066000e+00   5.0000000e-05
   1.2131800e+00   2.0000000e-04
   1.2131800e+00   8.5000000e-04
   1.2177100e+00   6.0000000e-04
   1.2244500e+00   3.2000000e-04
   1.2326000e+00   8.8000000e-04
   1.2341000e+00   1.3000000e-04
   1.2383500e+00   4.9000000e-04
   1.2516000e+00   5.1000000e-04
   1.2554000e+00   4.1000000e-04
   1.2608600e+00   1.7000000e-04
   1.2643000e+00   2.0000000e-04
   1.2685000e+00   5.0000000e-04
   1.2696000e+00   6.8000000e-04
   1.2709000e+00   6.4000000e-04
   1.2713000e+00   2.7000000e-04
   1.2769000e+00   2.5000000e-04
   1.2822000e+00   2.1000000e-04
   1.2856300e+00   1.6400000e-03
   1.2872000e+00   1.0600000e-03
   1.2936100e+00   3.0600000e-03
   1.2964000e+00   5.6000000e-04
   1.2976100e+00   2.0000000e-03
   1.3085000e+00   2.4000000e-04
   1.3142000e+00   9.3000000e-04
   1.3142000e+00   1.6000000e-03
   1.3163000e+00   1.3300000e-03
   1.3259000e+00   3.2000000e-04
   1.3282200e+00   2.5000000e-03
   1.3295000e+00   5.2000000e-04
   1.3323000e+00   1.3000000e-04
   1.3331000e+00   1.0200000e-03
   1.3384000e+00   2.9000000e-04
   1.3415800e+00   1.2000000e-03
   1.3465500e+00   1.3000000e-04
   1.3465500e+00   2.3000000e-04
   1.3493000e+00   2.4000000e-04
   1.3504000e+00   1.1000000e-04
   1.3504000e+00   1.5000000e-04
   1.3517000e+00   2.7000000e-05
   1.3570000e+00   7.0000000e-05
   1.3599400e+00   1.3200000e-03
   1.3627800e+00   3.0600000e-03
   1.3661000e+00   1.5000000e-04
   1.3714000e+00   2.9000000e-04
   1.3791200e+00   4.8000000e-04
   1.3791200e+00   1.0400000e-03
   1.3833700e+00   7.7000000e-04
   1.3871000e+00   2.3000000e-04
   1.3930000e+00   1.1000000e-04
   1.3950000e+00   9.8000000e-04
   1.4083000e+00   9.0000000e-05
   1.4149000e+00   9.0000000e-05
   1.4252900e+00   4.5000000e-04
   1.4276000e+00   1.1000000e-04
   1.4344000e+00   1.9000000e-04
   1.4390000e+00   1.2000000e-04
   1.4424000e+00   1.7000000e-04
   1.4454000e+00   4.9000000e-04
   1.4464000e+00   8.0000000e-05
   1.4515000e+00   4.0000000e-05
   1.4576000e+00   3.0000000e-05
   1.4616000e+00   9.0000000e-05
   1.4654100e+00   6.4000000e-04
   1.4708000e+00   1.6000000e-04
   1.4736000e+00   2.0000000e-04
   1.4757800e+00   6.7000000e-04
   1.4854500e+00   3.9900000e-04
   1.4854500e+00   1.9950000e-03
   1.4909300e+00   9.0000000e-05
   1.4989500e+00   3.2000000e-04
   1.5018000e+00   3.2000000e-04
   1.5074800e+00   4.3000000e-04
   1.5336000e+00   2.1000000e-04
   1.5400000e+00   4.0000000e-05
   1.5489000e+00   5.3000000e-04
   1.5497500e+00   2.6600000e-03
   1.5538400e+00   6.8000000e-04
   1.5598000e+00   8.0000000e-05
   1.5664100e+00   9.0000000e-04
   1.5718400e+00   9.8000000e-04
   1.5783600e+00   1.6100000e-03
   1.5846000e+00   9.0000000e-05
   1.5858000e+00   4.0000000e-05
   1.5925000e+00   2.1000000e-04
   1.5980400e+00   9.2000000e-04
   1.6115000e+00   4.0000000e-05
   1.6179400e+00   3.3000000e-03
   1.6186000e+00   2.7000000e-04
   1.6228000e+00   9.0000000e-05
   1.6279700e+00   2.8000000e-04
   1.6363400e+00   8.8000000e-04
   1.6397900e+00   1.9900000e-04
   1.6427000e+00   1.3300000e-04
   1.6474300e+00   3.6000000e-04
   1.6589000e+00   8.0000000e-05
   1.6646000e+00   8.0000000e-05
   1.6732000e+00   1.7000000e-04
   1.6784000e+00   5.3000000e-05
   1.6863000e+00   1.4600000e-04
   1.6930000e+00   1.2000000e-04
   1.6984200e+00   1.9000000e-04
   1.7036500e+00   5.0000000e-05
   1.7036500e+00   2.7000000e-04
   1.7085000e+00   7.0000000e-05
   1.7112000e+00   2.4000000e-04
   1.7169200e+00   1.0900000e-03
   1.7272000e+00   9.3000000e-05
   1.7318200e+00   8.5000000e-04
   1.7377500e+00   1.6000000e-04
   1.7424000e+00   1.3300000e-04
   1.7529900e+00   4.5000000e-04
   1.7568200e+00   4.9000000e-04
   1.7617700e+00   3.1000000e-04
   1.7674500e+00   9.3000000e-05
   1.7752600e+00   2.3900000e-03
   1.7823600e+00   4.7000000e-04
   1.7865100e+00   8.8000000e-04
   1.7884000e+00   1.5000000e-04
   1.7938400e+00   4.0000000e-04
   1.7951000e+00   1.1000000e-04
   1.7974000e+00   4.0000000e-05
   1.8009000e+00   2.7000000e-05
   1.8070000e+00   6.3000000e-04
   1.8109000e+00   8.0000000e-04
   1.8187400e+00   5.7000000e-04
   1.8254000e+00   2.7000000e-05
   1.8294000e+00   8.0000000e-05
   1.8359900e+00   9.3000000e-05
   1.8485500e+00   1.6000000e-04
   1.8545500e+00   1.2000000e-04
   1.8558000e+00   9.0000000e-05
   1.8633700e+00   4.4000000e-04
   1.8731000e+00   1.4600000e-04
   1.8776000e+00   1.4600000e-04
   1.8921500e+00   1.6900000e-03
   1.8940000e+00   2.5000000e-04
   1.9033500e+00   1.2000000e-04
   1.9086000e+00   3.3000000e-04
   1.9259700e+00   3.6000000e-04
   1.9325000e+00   2.3000000e-04
   1.9380000e+00   2.7000000e-05
   1.9503000e+00   5.3000000e-05
   1.9733000e+00   4.0000000e-05
   1.9802000e+00   5.3000000e-05
   1.9893000e+00   2.7000000e-05
   1.9938000e+00   5.3000000e-05
   1.9981000e+00   4.0000000e-05
   2.0090000e+00   4.0000000e-05
   2.0109200e+00   1.0600000e-04
   2.0188500e+00   4.7000000e-04
   2.0231600e+00   9.3000000e-05
   2.0381000e+00   2.7000000e-05
   2.0531000e+00   2.7000000e-05
   2.0625000e+00   1.3000000e-05
   2.0935000e+00   2.7000000e-05
   2.1069600e+00   6.6000000e-05
   2.1134000e+00   1.3000000e-05
   2.1189400e+00   6.6000000e-05
   2.1247000e+00   1.3000000e-05
   2.1353000e+00   1.3000000e-05
   2.1538000e+00   4.0000000e-05
   2.1862000e+00   2.7000000e-05
   2.2042000e+00   4.0000000e-05
   2.2274000e+00   1.3000000e-05
   2.2346000e+00   1.3000000e-05
   2.2549000e+00   1.0600000e-04
   2.2685000e+00   1.3000000e-05
   2.3038000e+00   1.3000000e-05
