   1.1446300e-01   1.7000000e-01
   1.4539900e-01   3.2000000e-01
   1.7537300e-01   3.5000000e-01
   1.9390000e-01   7.4000000e-01
   2.0381000e-01   3.3000000e-01
   2.3138000e-01   2.9000000e-01
   2.5659000e-01   3.5000000e-01
   2.5986200e-01   5.9000000e-02
   2.8218000e-01   1.5000000e-01
   3.0446000e-01   3.2000000e-01
   3.2077200e-01   8.8000000e-02
   3.7918000e-01   1.7000000e-01
   4.3518000e-01   2.1000000e-01
   4.8797000e-01   3.2000000e-01
   5.3878000e-01   2.4000000e-01
   5.8664000e-01   5.9000000e-01
