   3.4520000e-01   4.6000000e-01
   4.3250000e-01   2.3000000e-02
   5.9740000e-01   1.3300000e-02
   6.0980000e-01   2.8000000e-02
   8.4090000e-01   2.9000000e-02
   9.4110000e-01   2.5000000e-02
   9.5620000e-01   4.2000000e-02
   9.8790000e-01   1.7500000e-02
   1.0821000e+00   2.5000000e-02
   1.1912000e+00   8.7000000e-03
   1.2079000e+00   4.4000000e-02
   1.2469000e+00   1.6000000e-02
   1.3734000e+00   1.5200000e-02
   1.4272000e+00   7.0000000e-02
   1.4501000e+00   1.8000000e-02
   1.5528000e+00   8.3000000e-03
   1.5990000e+00   9.7000000e-03
   1.7010000e+00   2.1000000e-02
   1.7245000e+00   2.7000000e-02
   1.7953000e+00   8.7000000e-03
   1.9440000e+00   1.1000000e-02
   2.0294000e+00   1.0100000e-02
   2.0912000e+00   6.9000000e-03
   2.2344000e+00   2.9000000e-02
   2.2456000e+00   2.8000000e-03
   2.3040000e+00   5.5000000e-03
   2.4173000e+00   2.2000000e-02
   2.4469000e+00   5.0000000e-03
   2.4551000e+00   2.2000000e-02
   2.5429000e+00   7.0000000e-03
   2.5502000e+00   1.6100000e-02
   2.5654000e+00   9.7000000e-03
   2.5843000e+00   1.8000000e-02
   2.6015000e+00   1.4700000e-02
   2.7245000e+00   6.9000000e-03
   2.8719000e+00   6.0000000e-03
   3.0077000e+00   3.0000000e-02
   3.1722000e+00   8.3000000e-03
   3.3966000e+00   7.4000000e-02
   3.4793000e+00   6.9000000e-03
   3.5393000e+00   1.2900000e-02
   3.5550000e+00   5.1000000e-03
   3.6252000e+00   1.0600000e-02
   3.6559000e+00   3.8000000e-02
   3.6838000e+00   2.3000000e-02
   3.7414000e+00   6.9000000e-03
   3.7745000e+00   2.9000000e-02
   3.8271000e+00   1.1000000e-02
   3.9548000e+00   7.8000000e-03
