   2.0058000e-01   7.6000000e-04
   3.4602000e-01   9.8000000e-03
   3.9808000e-01   8.9000000e-04
   3.9957000e-01   1.8300000e-03
   5.0206000e-01   2.1000000e-03
   6.0016000e-01   3.9000000e-03
   6.4747000e-01   4.0000000e-03
   7.4423300e-01   9.0000000e-01
   8.4818000e-01   3.3200000e-02
   9.0189000e-01   4.4000000e-04
   9.3553800e-01   9.4500000e-01
   1.0457300e+00   7.0000000e-04
   1.2462780e+00   4.2100000e-02
   1.2478800e+00   3.8000000e-03
   1.3336490e+00   5.0700000e-02
   1.4340680e+00   1.0000000e+00
   1.4410000e+00   3.0000000e-05
   1.6458200e+00   4.7000000e-04
   1.8391400e+00   5.0000000e-05
   1.9811200e+00   3.4000000e-04
   2.2574200e+00   2.7000000e-05
