   1.7930000e-01   9.3000000e-03
   1.8320000e-01   4.6000000e-03
   2.0400000e-01   6.0000000e-03
   2.6320000e-01   1.0000000e-02
   2.8970000e-01   1.2000000e-02
   3.6230000e-01   1.3000000e-02
   4.4450000e-01   1.7000000e-02
   4.7910000e-01   1.0200000e-02
   4.9780000e-01   4.6000000e-03
   5.5579600e-01   9.2600000e-01
   6.1700000e-01   5.6000000e-03
   6.2320000e-01   2.5000000e-02
   6.5930000e-01   4.6000000e-03
   7.4067000e-01   7.2000000e-02
   7.5876000e-01   6.4000000e-02
   7.6772000e-01   6.5700000e-01
   7.8586000e-01   9.5000000e-02
   8.0590000e-01   2.8000000e-03
   8.3970000e-01   1.4000000e-02
   8.5790000e-01   1.0400000e-01
   8.6300000e-01   6.9000000e-02
   8.7200000e-01   2.8000000e-03
   8.8300000e-01   2.8000000e-03
   8.9260000e-01   4.6000000e-03
   9.0800000e-01   4.4000000e-02
   9.2330000e-01   6.9000000e-02
   9.2620000e-01   1.2500000e-01
   9.4170000e-01   2.5000000e-01
   9.5530000e-01   5.6000000e-03
   9.7420000e-01   1.9000000e-04
   1.0229000e+00   5.6000000e-03
   1.0753000e+00   2.1000000e-02
   1.1030000e+00   2.8000000e-03
   1.1205000e+00   8.3000000e-03
   1.1331000e+00   1.8000000e-03
   1.1920000e+00   2.8000000e-03
   1.2471000e+00   5.6000000e-03
   1.2650300e+00   4.3000000e-02
   1.2839000e+00   7.4000000e-03
   1.3160000e+00   2.8000000e-03
   1.3230000e+00   3.7000000e-03
   1.3416900e+00   7.3000000e-02
   1.3543000e+00   4.6000000e-04
   1.3726000e+00   9.0000000e-04
   1.4185000e+00   1.2000000e-03
   1.4250000e+00   2.2000000e-03
   1.4512000e+00   1.1100000e-02
   1.4560000e+00   2.8000000e-03
   1.4787000e+00   2.8000000e-03
   1.5265800e+00   7.1000000e-02
   1.5447000e+00   4.6000000e-03
   1.5516000e+00   1.9000000e-03
   1.6000000e+00   1.0200000e-02
   1.6258000e+00   5.1000000e-02
   1.6375000e+00   1.9000000e-03
   1.6870000e+00   1.9000000e-03
   1.7080000e+00   9.3000000e-03
   1.7230000e+00   1.9000000e-03
   1.7435000e+00   3.2000000e-03
   1.7631000e+00   6.5000000e-03
   1.7818000e+00   3.1000000e-02
   1.7882000e+00   9.0000000e-04
   1.7920000e+00   1.9000000e-03
   1.8137000e+00   9.3000000e-03
   1.8350000e+00   9.0000000e-04
   1.8697000e+00   1.9000000e-04
   1.8899000e+00   7.0000000e-03
   1.9009000e+00   1.9000000e-03
   1.9238000e+00   3.7000000e-04
   1.9569000e+00   3.7000000e-04
   1.9860000e+00   6.5000000e-03
   1.9920000e+00   1.9000000e-03
   2.0169000e+00   1.9000000e-03
   2.1150000e+00   5.0000000e-04
   2.1570000e+00   2.0000000e-03
   2.2183000e+00   9.0000000e-04
   2.2446000e+00   1.9000000e-04
   2.2666000e+00   1.9000000e-03
   2.2841000e+00   9.0000000e-04
   2.5490000e+00   5.0000000e-04
   2.5823000e+00   5.0000000e-04
   2.6134000e+00   6.0000000e-04
   2.7779000e+00   6.0000000e-04
   3.0978000e+00   1.9000000e-04
