   1.0540000e-02   0.0000000e+00
   3.1520000e-02   0.0000000e+00
   5.6810000e-02   3.4500000e-03
   5.8180000e-02   1.6000000e-04
   8.8300000e-02   2.1000000e-04
   9.3800000e-02   2.1000000e-04
   1.0592000e-01   2.6000000e-03
   1.0630000e-01   3.2000000e-04
   1.1645000e-01   1.5400000e-03
   1.8310000e-01   4.2000000e-04
   1.9405000e-01   9.9000000e-02
   1.9464000e-01   7.9000000e-03
   2.0409000e-01   3.3400000e-03
   2.1466000e-01   2.1200000e-03
   2.1730000e-01   3.5000000e-03
   2.2049000e-01   5.3000000e-03
   2.3026000e-01   1.3200000e-03
   2.5270000e-01   1.1700000e-03
   2.5720000e-01   4.2000000e-04
   2.6500000e-01   6.4000000e-04
   2.6680000e-01   1.6000000e-04
   2.6836000e-01   1.2200000e-02
   2.6850000e-01   3.2000000e-03
   2.7548000e-01   2.6000000e-03
   3.3390000e-01   9.0000000e-04
   3.5850000e-01   1.1000000e-03
   3.5880000e-01   3.2000000e-03
   3.6022000e-01   6.5000000e-03
   3.6450000e-01   4.8000000e-04
   3.6590000e-01   1.5400000e-03
   3.7428000e-01   3.0000000e-02
   3.7490000e-01   7.4000000e-03
   3.8450000e-01   5.0000000e-05
   3.9210000e-01   3.7000000e-04
   3.9441000e-01   3.9200000e-03
   3.9470000e-01   2.1000000e-04
   4.0580000e-01   2.1200000e-02
   4.3060000e-01   5.8000000e-04
   4.6261000e-01   3.6600000e-02
   4.7680000e-01   9.5000000e-04
   4.8420000e-01   1.1700000e-03
   4.8595000e-01   2.9200000e-03
   4.8870000e-01   1.1000000e-04
   4.8905000e-01   1.3300000e-02
   5.2410000e-01   1.6000000e-04
   5.6000000e-01   2.7000000e-04
   5.6889000e-01   4.2000000e-03
   5.7936000e-01   2.4400000e-02
   5.8890000e-01   6.4000000e-04
   5.9220000e-01   1.4300000e-03
   5.9710000e-01   3.2000000e-04
   6.0940000e-01   5.0000000e-04
   6.2640000e-01   9.0000000e-04
   6.3610000e-01   2.3900000e-03
   6.8311000e-01   5.3000000e-03
   6.8330000e-01   1.1000000e-03
   6.9090000e-01   5.8000000e-04
   7.0330000e-01   9.5000000e-03
   7.1230000e-01   4.2000000e-04
   7.1750000e-01   1.8600000e-03
   7.1800000e-01   5.0000000e-04
   7.2710000e-01   6.4000000e-04
   7.3755000e-01   9.0000000e-03
   7.4640000e-01   2.7000000e-04
   7.5950000e-01   8.5000000e-04
   8.0957000e-01   4.0000000e-03
   8.2110000e-01   2.0000000e-03
   8.4390000e-01   5.6000000e-03
   8.4793000e-01   5.3000000e-02
   8.6650000e-01   6.9000000e-04
   8.9790000e-01   7.4000000e-03
   9.1200000e-01   1.5500000e-02
   9.2400000e-01   3.7000000e-04
   9.3210000e-01   6.9000000e-03
   9.4810000e-01   3.8000000e-03
   9.5120000e-01   1.5000000e-03
   9.5600000e-01   6.4000000e-04
   9.8060000e-01   1.3800000e-03
   1.0419500e+00   2.5400000e-02
   1.0503000e+00   4.8000000e-04
   1.0670000e+00   4.2000000e-04
   1.0781200e+00   7.8000000e-03
   1.1060000e+00   4.2000000e-04
   1.1124000e+00   1.5400000e-03
   1.1422000e+00   1.1100000e-03
   1.1619000e+00   3.2000000e-04
   1.1673000e+00   1.4300000e-03
   1.1765000e+00   5.8000000e-04
   1.2722000e+00   2.5400000e-02
   1.2937000e+00   1.6000000e-04
   1.2940000e+00   3.2000000e-04
   1.2963000e+00   7.4000000e-04
   1.3064300e+00   6.4000000e-03
   1.3863000e+00   6.4000000e-04
   1.4256000e+00   4.2000000e-04
   1.4450000e+00   2.0700000e-03
   1.5580000e+00   9.5000000e-04
   1.5667000e+00   1.9600000e-03
   1.5891000e+00   4.2000000e-04
   1.5916000e+00   4.3000000e-03
   1.6390000e+00   5.3000000e-04
   1.6480000e+00   5.0000000e-04
   1.6484000e+00   7.0000000e-04
   1.6690000e+00   1.2200000e-03
   1.6925000e+00   1.1000000e-04
   1.7721000e+00   7.4000000e-04
   1.8177000e+00   2.1000000e-04
   1.8265000e+00   3.2000000e-04
   1.8630000e+00   2.2800000e-03
   1.8685000e+00   5.3000000e-04
   1.8976000e+00   8.5000000e-04
   1.9290000e+00   7.0000000e-04
   2.0135000e+00   5.3000000e-04
   2.0204000e+00   3.7000000e-04
   2.0555000e+00   1.0100000e-03
   2.2077000e+00   6.4000000e-04
   2.2497000e+00   6.4000000e-04
   2.3160000e+00   4.8000000e-04
   2.3310000e+00   1.0100000e-03
   2.5099000e+00   3.7000000e-04
