   4.0975500e-02   4.7000000e-03
   4.6483900e-02   5.8000000e-02
   5.2595400e-02   5.8000000e-02
   8.2918200e-02   3.8600000e-03
   8.4712500e-02   1.3400000e-02
   9.9079200e-02   6.7000000e-02
   1.0193400e-01   3.3200000e-03
   1.0248100e-01   1.3400000e-03
   1.0314980e-01   2.7000000e-03
   1.0793220e-01   1.1000000e-01
   1.0972650e-01   5.9800000e-03
   1.2037130e-01   6.8000000e-04
   1.4226900e-01   3.6200000e-03
   1.4412520e-01   2.4900000e-02
   1.6052760e-01   2.9200000e-02
   1.6134670e-01   8.9000000e-02
   1.6232190e-01   4.8800000e-02
   1.9264460e-01   3.5100000e-03
   2.0328940e-01   3.8300000e-03
   2.0508370e-01   8.7900000e-03
   2.0880570e-01   5.9500000e-03
   2.0986610e-01   4.4800000e-02
   2.4426480e-01   8.5000000e-02
   2.4524000e-01   4.1000000e-03
   2.4605910e-01   2.7000000e-01
   2.8639400e-01   1.1000000e-04
   2.9172380e-01   3.7300000e-02
   3.1301580e-01   3.3200000e-02
   3.1327000e-01   4.2000000e-02
   3.5399120e-01   1.1200000e-01
   3.6561110e-01   4.9300000e-03
   4.0658650e-01   5.1200000e-03
