   1.5479000e+00   3.5000000e-02
   2.0511000e+00   4.4000000e-03
   2.2302000e+00   7.1600000e-01
   2.4195000e+00   4.5000000e-04
   2.4649000e+00   4.1000000e-02
   2.8333000e+00   1.5000000e-04
   2.8872000e+00   9.0000000e-03
   3.3184000e+00   2.5000000e-02
   4.2811000e+00   2.7000000e-02
   4.4350000e+00   9.0000000e-03
   4.6950000e+00   2.7000000e-02
   4.7718000e+00   2.0500000e-01
   4.8842000e+00   4.2000000e-04
   4.9589000e+00   5.4000000e-03
   5.5483000e+00   1.6000000e-02
   7.1141000e+00   1.5000000e-04
   7.1888000e+00   3.6000000e-03
