   8.6788200e-02   1.3150000e-01
   9.3919000e-02   5.6600000e-04
   1.7649000e-01   6.2000000e-05
   1.9703520e-01   5.1800000e-02
   2.1564600e-01   4.0180000e-02
   2.3062800e-01   8.0700000e-04
   2.3764000e-01   6.0000000e-05
   2.3900000e-01   2.1000000e-05
   2.4250000e-01   7.5000000e-05
   2.4648900e-01   2.0800000e-04
   2.9724000e-01   9.0000000e-05
   2.9858000e-01   2.6130000e-01
   3.0956100e-01   8.6300000e-03
   3.3732000e-01   3.3900000e-03
   3.4992000e-01   1.4400000e-04
   3.7941000e-01   1.4100000e-04
   3.9251400e-01   1.3360000e-02
   4.3266000e-01   2.3200000e-04
   4.8606000e-01   8.4600000e-04
   6.8231000e-01   5.9600000e-03
   7.0760000e-01   1.0000000e-04
   7.6528000e-01   2.1400000e-02
   8.7203000e-01   2.1800000e-03
   8.7938300e-01   3.0100000e-01
   9.6231700e-01   9.8100000e-02
   9.6617100e-01   2.5100000e-01
   1.0028800e+00   1.0380000e-02
   1.0046700e+00   3.9000000e-04
   1.0690900e+00   9.9900000e-04
   1.1026000e+00   5.8200000e-03
   1.1151200e+00   1.5650000e-02
   1.1779620e+00   1.4870000e-01
   1.1998900e+00   2.3840000e-02
   1.2512700e+00   1.0600000e-03
   1.2718800e+00   7.4440000e-02
   1.2855800e+00   1.5400000e-04
   1.2993000e+00   5.4000000e-05
   1.3121400e+00   2.8600000e-02
   1.4686000e+00   5.7000000e-06
   1.5566000e+00   4.8000000e-06
