   3.8720000e-02   5.4000000e-05
   6.3980000e-02   1.0500000e-01
   7.3500000e-02   1.4000000e-04
   8.9910000e-02   1.4000000e-04
   1.1243000e-01   2.3000000e-04
   1.5539000e-01   4.4000000e-03
   1.5892000e-01   2.3000000e-04
   1.6750000e-01   1.5000000e-04
   1.7834000e-01   0.0000000e+00
   1.8289000e-01   3.5200000e-03
   1.8664000e-01   0.0000000e+00
   1.8737000e-01   0.0000000e+00
   2.0213000e-01   1.3000000e-04
   2.1617000e-01   2.3000000e-04
   2.8041000e-01   3.0200000e-01
   2.8483000e-01   1.0000000e-03
   2.8918000e-01   1.3000000e-03
   3.0625000e-01   0.0000000e+00
   3.0625000e-01   8.8000000e-03
   3.1164000e-01   6.0000000e-04
   3.1914000e-01   4.3500000e-02
   3.2526000e-01   1.6000000e-03
   3.2861000e-01   1.5000000e-03
   3.3151000e-01   4.1000000e-02
   3.4452000e-01   4.1000000e-01
   3.5400000e-01   7.0000000e-05
   3.6066000e-01   5.0000000e-03
   3.7017000e-01   7.3000000e-03
   3.8260000e-01   4.6000000e-05
   3.9264000e-01   1.9800000e-02
   4.0165000e-01   1.7400000e-03
   4.0275000e-01   0.0000000e+00
   4.0800000e-01   4.0000000e-04
   4.1466000e-01   2.8600000e-03
   4.2094000e-01   1.0500000e-03
   4.3712000e-01   2.5000000e-03
   4.4237000e-01   0.0000000e+00
   4.4337000e-01   1.0500000e-01
   4.4674000e-01   1.2000000e-03
   4.8705000e-01   6.0000000e-05
   5.2720000e-01   1.0000000e-03
   5.6071000e-01   5.8000000e-03
   5.6439000e-01   7.0000000e-05
   5.7662000e-01   1.4000000e-04
   5.8010000e-01   8.0000000e-05
   5.8293000e-01   1.8000000e-04
   5.9860000e-01   1.4000000e-04
   6.0950000e-01   4.0000000e-05
   6.1785000e-01   1.1600000e-02
   6.3660000e-01   0.0000000e+00
   6.4455000e-01   1.1100000e-01
   6.4600000e-01   0.0000000e+00
   6.4920000e-01   3.7000000e-05
   6.5072000e-01   2.5380000e-02
   6.7321000e-01   1.0500000e-02
   6.8190000e-01   4.5000000e-04
   7.2722000e-01   1.2400000e-03
   7.4331000e-01   5.7000000e-03
   7.9625000e-01   2.9000000e-05
   8.0746000e-01   1.1600000e-02
   8.4489000e-01   4.6000000e-04
   8.6033000e-01   2.9000000e-05
   9.2104000e-01   2.3000000e-04
   9.2912000e-01   1.6000000e-04
   9.6243000e-01   1.2400000e-03
   1.0879400e+00   3.8500000e-02
   1.1257000e+00   1.4000000e-04
