   1.2050000e-01   1.9400000e-03
   4.6730000e-01   3.5200000e-02
   4.9790000e-01   1.6700000e-02
   6.1100000e-01   2.3000000e-04
   6.1400000e-01   2.2000000e-04
   6.4320000e-01   9.7000000e-03
   6.8030000e-01   3.5000000e-04
   7.3960000e-01   8.0000000e-04
   7.5100000e-01   5.7000000e-04
   8.2606000e-01   2.1700000e-01
   8.3920000e-01   4.6000000e-03
   8.9630000e-01   1.3000000e-03
   9.0920000e-01   2.0200000e-02
   9.5240000e-01   2.7300000e-02
   9.6520000e-01   3.0000000e-03
   9.8450000e-01   8.0000000e-04
   9.9346000e-01   4.0000000e-04
   1.0273300e+00   9.0000000e-04
   1.0352000e+00   3.7000000e-02
   1.1105000e+00   1.0600000e-02
   1.1732370e+00   2.6000000e-03
   1.2240000e+00   4.4000000e-04
   1.2342000e+00   1.1000000e-03
   1.2937000e+00   1.8500000e-02
   1.3071000e+00   1.1000000e-03
   1.3325010e+00   8.8000000e-01
   1.4201000e+00   1.1400000e-03
   1.4251000e+00   7.0000000e-04
   1.4514000e+00   1.7000000e-03
   1.4860000e+00   5.0000000e-04
   1.5795000e+00   9.0000000e-04
   1.6100000e+00   3.5000000e-04
   1.6930000e+00   4.0000000e-04
   1.7160000e+00   2.0000000e-04
   1.7354000e+00   6.2000000e-04
   1.7670000e+00   1.0000000e-03
   1.7916000e+00   4.5400000e-01
   1.8130000e+00   2.0000000e-04
   1.8616000e+00   4.8000000e-02
   1.9197000e+00   7.0000000e-03
   1.9369000e+00   2.2000000e-02
   2.0610000e+00   7.9000000e-03
   2.1350000e+00   1.8000000e-04
   2.1585700e+00   3.3400000e-02
   2.1760000e+00   5.2000000e-04
   2.2636000e+00   1.1000000e-03
   2.3344000e+00   3.5000000e-04
   2.3770000e+00   6.2000000e-04
   2.3896000e+00   1.2000000e-03
   2.4033000e+00   7.7000000e-03
   2.4200000e+00   2.6000000e-04
   2.5430000e+00   2.6000000e-04
   2.5550000e+00   2.6000000e-04
   2.6020000e+00   2.0000000e-04
   2.6753000e+00   1.3000000e-03
   2.6879000e+00   4.4000000e-03
   2.7461000e+00   1.0600000e-02
   2.7840000e+00   2.1000000e-04
   2.8896000e+00   2.0000000e-04
   2.9863000e+00   1.2300000e-03
   3.0020000e+00   2.1000000e-04
   3.0240000e+00   2.6000000e-04
   3.1241000e+00   4.8000000e-02
   3.1608000e+00   5.8000000e-03
   3.1941000e+00   2.0200000e-02
   3.2030000e+00   3.3000000e-04
   3.2160000e+00   3.5000000e-04
   3.2465000e+00   2.6000000e-04
   3.2694000e+00   7.7000000e-03
   3.3934000e+00   5.3000000e-04
   3.4284000e+00   2.6000000e-04
   3.5130000e+00   1.8000000e-04
   3.5180000e+00   1.8000000e-04
   3.7160000e+00   7.0000000e-05
   3.7356000e+00   2.6000000e-04
   3.8710000e+00   1.1000000e-04
   4.0078000e+00   8.0000000e-04
   4.0204000e+00   7.7000000e-03
   4.0783000e+00   6.2000000e-04
   4.3194000e+00   4.4000000e-04
   4.3346000e+00   1.2300000e-04
   4.4940000e+00   4.0000000e-04
   4.5360000e+00   6.0000000e-05
   4.5487000e+00   4.0000000e-04
   4.5789000e+00   2.2000000e-04
   4.7590000e+00   8.0000000e-05
   4.8431000e+00   9.0000000e-05
   5.0480000e+00   1.8000000e-05
