   2.5210000e-02   1.3700000e-03
   2.7430000e-02   3.9000000e-04
   4.3670000e-02   8.0000000e-03
   5.9970000e-02   2.3000000e-02
   7.6210000e-02   1.3000000e-01
   8.6530000e-02   2.9000000e-04
   9.7510000e-02   1.2600000e-03
   1.0364000e-01   1.0300000e-02
   1.3590000e-01   3.2400000e-02
   1.3768000e-01   2.3000000e-03
   1.3991000e-01   7.0000000e-04
   1.4666000e-01   4.9000000e-03
   1.5067000e-01   2.5000000e-03
   1.6503000e-01   6.3000000e-04
   1.6600000e-01   5.1000000e-03
   1.6734000e-01   3.8000000e-03
   1.7957000e-01   4.7000000e-04
   1.8358000e-01   6.0000000e-04
   1.8906000e-01   1.1000000e-03
   2.0004000e-01   6.7000000e-03
   2.1261000e-01   1.7000000e-04
   2.1817000e-01   3.4000000e-04
   2.2747000e-01   2.0600000e-02
   2.3273000e-01   9.0000000e-04
   2.3954000e-01   7.9000000e-04
   2.4356000e-01   5.5000000e-04
   2.4371000e-01   2.4900000e-02
   2.5146000e-01   6.4000000e-04
   2.8657000e-01   3.5000000e-04
   2.9270000e-01   2.7500000e-03
   3.0368000e-01   1.6300000e-03
   3.1400000e-01   1.2700000e-03
   3.3024000e-01   1.1000000e-02
   3.9021000e-01   3.0000000e-03
   4.0874000e-01   2.3000000e-04
   4.6871000e-01   2.6000000e-03
