   6.6720000e-02   2.6000000e-04
   9.2600000e-02   1.9000000e-04
   9.8530000e-02   1.0100000e-03
   1.1601000e-01   1.5000000e-03
   1.5160000e-01   1.1500000e-04
   1.5780000e-01   1.0000000e-04
   1.6100000e-01   2.8800000e-04
   1.6615000e-01   6.7600000e-04
   1.8283000e-01   1.5000000e-03
   1.8972100e-01   1.7800000e-03
   2.1616000e-01   2.0000000e-04
   2.1616000e-01   2.9000000e-04
   2.1830000e-01   7.9000000e-05
   2.2271000e-01   2.3000000e-04
   2.4165300e-01   1.4400000e-02
   2.4383000e-01   3.2400000e-03
   2.5260000e-01   1.3400000e-03
   2.5535000e-01   2.2300000e-04
   2.7930000e-01   8.4000000e-04
   2.8814100e-01   3.4700000e-03
   2.9130000e-01   1.0800000e-04
   2.9621000e-01   5.5000000e-04
   3.0065000e-01   5.5000000e-04
   3.0845000e-01   7.5000000e-04
   3.1014000e-01   1.0000000e-03
   3.1014000e-01   1.4800000e-03
   3.1157000e-01   1.7900000e-02
   3.1927000e-01   1.5500000e-03
   3.2210000e-01   1.9000000e-04
   3.3291000e-01   1.0100000e-04
   3.5647000e-01   1.2000000e-04
   3.6250000e-01   2.6000000e-04
   3.7756000e-01   1.6000000e-03
   3.8590000e-01   1.4000000e-04
   4.1402800e-01   1.0300000e-01
   4.1405700e-01   1.0100000e-01
   4.2350000e-01   3.8000000e-04
   4.3274500e-01   1.2000000e-03
   4.3274500e-01   2.8300000e-02
   4.3718000e-01   1.9100000e-03
   4.4123000e-01   1.1500000e-04
   4.4652000e-01   4.0000000e-04
   4.4900000e-01   5.0000000e-04
   4.5530000e-01   2.7000000e-04
   4.6057000e-01   1.8700000e-04
   4.6080000e-01   1.8700000e-04
   4.6850000e-01   4.2100000e-03
   4.7420000e-01   5.0000000e-05
   4.7840000e-01   2.2000000e-04
   4.8089000e-01   9.4000000e-04
   4.8590000e-01   1.6000000e-04
   4.8650000e-01   1.6000000e-04
   4.8920000e-01   1.9000000e-04
   4.9351000e-01   4.7000000e-04
   4.9525000e-01   2.5600000e-03
   4.9528000e-01   4.7000000e-04
   5.0131200e-01   9.7100000e-03
   5.0457000e-01   1.3800000e-03
   5.1679300e-01   4.2300000e-03
   5.3200000e-01   1.9000000e-04
   5.3438000e-01   1.0100000e-03
   5.3910000e-01   1.0000000e-04
   5.5028400e-01   9.8500000e-01
   5.5323100e-01   1.2900000e-01
   5.5326000e-01   5.0000000e-02
   5.7196200e-01   9.5600000e-02
   5.7400000e-01   1.9000000e-04
   5.7597000e-01   4.6000000e-04
   5.8340000e-01   1.9000000e-04
   5.8752000e-01   1.1700000e-03
   5.9489000e-01   1.9300000e-03
   5.9981000e-01   3.4400000e-03
   6.0262000e-01   2.9000000e-04
   6.0262000e-01   3.0000000e-03
   6.1129300e-01   2.0500000e-01
   6.2004000e-01   2.0000000e-03
   6.2004000e-01   9.0000000e-03
   6.2998700e-01   7.1900000e-01
   6.3686000e-01   2.9000000e-04
   6.4390000e-01   1.5700000e-04
   6.4690000e-01   1.0000000e-04
   6.5150000e-01   1.9000000e-04
   6.5422000e-01   1.6200000e-02
   6.5693000e-01   1.4100000e-03
   6.6279000e-01   1.0000000e-03
   6.6717000e-01   6.6900000e-04
   6.6717000e-01   1.0570000e-03
   6.8315300e-01   1.2800000e-02
   6.9074000e-01   1.2200000e-03
   7.0190000e-01   1.9000000e-04
   7.0440000e-01   1.9000000e-04
   7.0591000e-01   1.7000000e-04
   7.1476900e-01   1.7200000e-02
   7.1964000e-01   2.7300000e-03
   7.2567300e-01   1.2700000e-01
   7.3299000e-01   5.6000000e-04
   7.3500000e-01   3.2000000e-04
   7.3500000e-01   1.2000000e-03
   7.3690000e-01   2.1000000e-04
   7.4216000e-01   2.4400000e-04
   7.4587000e-01   5.3000000e-04
   7.5658100e-01   3.0400000e-03
   7.7030700e-01   4.2300000e-03
   7.7420000e-01   1.0000000e-04
   7.8011000e-01   1.1500000e-03
   7.8798000e-01   2.7000000e-04
   7.9020000e-01   4.1000000e-04
   7.9259000e-01   1.1800000e-03
   7.9923000e-01   4.1800000e-03
   8.1012000e-01   6.8300000e-04
   8.1750000e-01   1.0000000e-04
   8.2630000e-01   2.6000000e-04
   8.2861000e-01   3.5000000e-04
   8.3282000e-01   2.4400000e-04
   8.3290000e-01   1.0000000e-04
   8.5140000e-01   1.5000000e-04
   8.5690000e-01   3.2000000e-04
   8.5990000e-01   3.5000000e-04
   8.6989100e-01   5.4900000e-02
   8.9584700e-01   6.4700000e-03
   9.0383100e-01   3.7000000e-03
   9.0687000e-01   2.0800000e-03
   9.1533100e-01   2.6000000e-02
   9.2475000e-01   3.1500000e-03
   9.2985000e-01   1.2200000e-02
   9.3080700e-01   1.4000000e-02
   9.3520000e-01   5.3000000e-04
   9.3810000e-01   1.1600000e-03
   9.4959000e-01   2.4000000e-03
   9.6140000e-01   1.0000000e-04
   9.6730600e-01   2.7000000e-02
   9.7650000e-01   8.1200000e-04
   9.7984300e-01   2.1400000e-03
   9.8960600e-01   4.6400000e-03
   1.0138080e+00   5.3200000e-03
   1.0339860e+00   7.7700000e-02
   1.0360000e+00   7.9000000e-05
   1.0475700e+00   5.0000000e-04
   1.0475700e+00   1.8800000e-03
   1.0587000e+00   1.0000000e-04
   1.0667500e+00   3.9000000e-03
   1.0682500e+00   9.3000000e-04
   1.0698200e+00   2.1900000e-03
   1.0820960e+00   1.8900000e-03
   1.0891540e+00   2.0500000e-03
   1.0971800e+00   1.2400000e-03
   1.1043210e+00   3.6700000e-03
   1.1076700e+00   1.3000000e-03
   1.1106000e+00   1.0000000e-04
   1.1139200e+00   1.3700000e-03
   1.1219100e+00   2.0900000e-04
   1.1276900e+00   8.4000000e-04
   1.1331200e+00   4.6700000e-04
   1.1384000e+00   1.4000000e-05
   1.1396000e+00   1.9000000e-04
   1.1468050e+00   1.9600000e-02
   1.1513000e+00   1.9000000e-04
   1.1655400e+00   8.1000000e-04
   1.1832080e+00   1.6600000e-02
   1.1941850e+00   1.2800000e-03
   1.2013000e+00   1.0000000e-04
   1.2074730e+00   6.3000000e-03
   1.2190100e+00   5.0000000e-04
   1.2213700e+00   1.3700000e-03
   1.2296000e+00   1.0000000e-04
   1.2363740e+00   4.0800000e-03
   1.2667600e+00   1.4500000e-03
   1.2693000e+00   1.4000000e-04
   1.3097780e+00   4.7500000e-03
   1.3285040e+00   1.3200000e-02
   1.3438700e+00   1.6900000e-02
   1.3447400e+00   1.8900000e-02
   1.3535500e+00   6.2600000e-03
   1.3626400e+00   5.9600000e-03
   1.3709700e+00   1.9400000e-04
   1.3774000e+00   1.0000000e-04
   1.3904400e+00   9.8000000e-05
   1.4091600e+00   1.4100000e-03
   1.4196000e+00   5.0000000e-04
   1.4222100e+00   1.3400000e-04
   1.4541100e+00   3.6900000e-03
   1.4606300e+00   1.1600000e-02
   1.4651200e+00   1.6000000e-04
   1.4928100e+00   9.9000000e-04
   1.5032000e+00   1.8600000e-03
   1.5114900e+00   4.2000000e-04
   1.5139000e+00   8.6000000e-05
   1.5218500e+00   1.5300000e-03
   1.5331000e+00   3.2000000e-04
   1.5358400e+00   9.1000000e-04
   1.5402700e+00   8.0000000e-04
   1.5432890e+00   7.4100000e-03
   1.5471400e+00   8.8000000e-04
   1.5607860e+00   8.4100000e-03
   1.5652900e+00   3.1600000e-04
   1.5729000e+00   1.1400000e-04
   1.6215100e+00   4.6400000e-02
   1.6353100e+00   1.5900000e-03
   1.6504360e+00   3.7100000e-02
   1.6540200e+00   1.1700000e-03
   1.6642000e+00   7.0500000e-04
   1.6778500e+00   4.2500000e-03
   1.6809000e+00   2.9000000e-04
   1.6995400e+00   1.5300000e-04
   1.7032000e+00   0.0000000e+00
   1.7485800e+00   3.4400000e-04
   1.7768700e+00   6.5400000e-04
   1.7889100e+00   5.6000000e-05
   1.8400600e+00   1.7000000e-04
   1.8435000e+00   1.9000000e-04
   1.9175000e+00   2.1000000e-05
   1.9391700e+00   6.9000000e-04
   1.9738100e+00   5.3200000e-04
   2.1227500e+00   1.3700000e-04
   2.1633900e+00   5.5000000e-05
   2.1732800e+00   2.3100000e-03
