   1.1100000e-02   0.0000000e+00
   1.7360000e-02   1.8000000e-03
   2.1580000e-02   7.0000000e-05
   2.3600000e-02   1.2300000e-05
   2.5390000e-02   8.0000000e-05
   2.7500000e-02   3.5000000e-04
   3.0300000e-02   0.0000000e+00
   3.0300000e-02   4.1000000e-04
   3.1100000e-02   8.4000000e-03
   3.1500000e-02   1.1900000e-02
   3.7800000e-02   3.3000000e-05
   4.2300000e-02   8.2000000e-04
   4.2820000e-02   1.6400000e-03
   4.3990000e-02   6.6000000e-03
   4.6520000e-02   2.0500000e-04
   4.9750000e-02   2.1500000e-04
   5.0990000e-02   1.7000000e-04
   5.3200000e-02   0.0000000e+00
   5.3750000e-02   1.1000000e-04
   5.5110000e-02   2.7000000e-05
   5.6518000e-02   2.8700000e-03
   6.3700000e-02   5.1000000e-05
   6.8090000e-02   6.9000000e-04
   6.8800000e-02   0.0000000e+00
   6.8830000e-02   1.3600000e-03
   7.2739000e-02   1.4400000e-03
   7.5090000e-02   6.1000000e-03
   7.5300000e-02   0.0000000e+00
   7.7630000e-02   4.5000000e-04
   7.8300000e-02   8.2000000e-05
   8.6250000e-02   1.3300000e-02
   8.6400000e-02   2.5700000e-02
   8.8430000e-02   2.7000000e-04
   9.4730000e-02   2.6700000e-03
   9.4920000e-02   1.3000000e-04
   1.0110000e-01   1.8000000e-04
   1.0460000e-01   9.0000000e-05
   1.0710800e-01   8.1000000e-03
   1.0920000e-01   4.4000000e-04
   1.1033200e-01   1.2400000e-03
   1.1530000e-01   2.8000000e-04
   1.1598000e-01   1.7000000e-04
   1.1799000e-01   1.3000000e-04
   1.1998000e-01   5.1000000e-04
   1.2319300e-01   1.5100000e-03
   1.2455000e-01   6.9000000e-03
   1.2465000e-01   7.4000000e-03
   1.2640000e-01   2.1000000e-04
   1.2650000e-01   1.1000000e-04
   1.2904000e-01   1.6000000e-04
   1.3192600e-01   3.3600000e-03
   1.3260000e-01   0.0000000e+00
   1.3420000e-01   3.1000000e-05
   1.3420000e-01   9.0000000e-05
   1.3571000e-01   0.0000000e+00
   1.3699000e-01   1.1800000e-02
   1.4030000e-01   0.0000000e+00
   1.4200000e-01   1.1000000e-04
   1.4296200e-01   4.0400000e-03
   1.4680000e-01   1.6000000e-04
   1.4764000e-01   2.0500000e-03
   1.4815000e-01   8.8000000e-03
   1.5004000e-01   6.0000000e-04
   1.5160000e-01   2.6000000e-04
   1.5433600e-01   7.7000000e-03
   1.5640900e-01   1.1900000e-02
   1.5842000e-01   4.8000000e-04
   1.6060000e-01   0.0000000e+00
   1.6160000e-01   0.0000000e+00
   1.6334000e-01   2.1000000e-04
   1.6570000e-01   0.0000000e+00
   1.6697600e-01   2.0500000e-03
   1.6745000e-01   5.1000000e-04
   1.6909000e-01   0.0000000e+00
   1.7150000e-01   1.8000000e-03
   1.7175000e-01   4.1000000e-04
   1.7292600e-01   1.1300000e-03
   1.7422000e-01   0.0000000e+00
   1.7422000e-01   9.0000000e-05
   1.7482000e-01   3.1000000e-04
   1.7975700e-01   1.9700000e-03
   1.8392800e-01   1.4200000e-03
   1.9020000e-01   0.0000000e+00
   1.9350900e-01   4.4000000e-02
   1.9430000e-01   3.1000000e-04
   2.0080700e-01   6.9000000e-04
   2.0469000e-01   6.0000000e-03
   2.1015000e-01   1.9000000e-03
   2.1085300e-01   2.8000000e-02
   2.1510000e-01   1.3700000e-03
   2.1540000e-01   0.0000000e+00
   2.1815400e-01   1.8500000e-03
   2.2122000e-01   2.3000000e-04
   2.2514900e-01   7.2000000e-04
   2.3624900e-01   1.7400000e-03
   2.4240000e-01   9.4000000e-04
   2.4350000e-01   0.0000000e+00
   2.5243000e-01   9.5000000e-04
   2.5908000e-01   3.4000000e-04
   2.6100000e-01   0.0000000e+00
   2.7748000e-01   0.0000000e+00
   2.8950000e-01   6.0000000e-05
   2.9291000e-01   0.0000000e+00
   2.9620000e-01   1.2000000e-04
