   4.7400000e-02   1.4000000e-05
   2.0131120e-01   6.7000000e-02
   2.0579549e-01   5.7000000e-01
   2.1848900e-01   2.9000000e-03
   2.3392000e-01   1.6000000e-02
   2.4750000e-01   4.6000000e-03
   2.8326680e-01   7.0000000e-02
   2.9248000e-01   4.5000000e-02
   3.0248000e-01   4.6000000e-01
   3.0702000e-01   6.2000000e-02
   3.2270000e-01   1.1000000e-02
   3.2931200e-01   1.5000000e-02
   3.7448520e-01   2.1000000e-01
   3.7915600e-01   1.7000000e-02
   4.2053200e-01   5.7000000e-02
   4.5220000e-01   4.0000000e-02
   4.5310000e-01   5.2000000e-01
   4.8457800e-01   4.4100000e-01
   4.8903900e-01   1.1900000e-01
   5.0250000e-01   8.0000000e-03
   5.0897000e-01   1.1500000e-01
   5.5574000e-01   1.3000000e-02
   5.6327000e-01   8.5000000e-02
   5.6936000e-01   6.1000000e-01
   5.7550000e-01   9.0000000e-03
   5.8043000e-01   3.4000000e-02
   6.0600000e-01   8.6000000e-02
   6.1930000e-01   1.0900000e-01
   6.2400000e-01   1.1500000e-02
   6.7150000e-01   1.3000000e-02
   7.0398000e-01   5.2000000e-03
   1.0000000e+00   2.0000000e-02
