   1.6586400e-01   2.3700000e-01
   1.0431000e+00   2.6000000e-07
   1.0528000e+00   3.1000000e-06
   1.0909700e+00   8.1000000e-05
   1.2154900e+00   3.1000000e-05
   1.2191400e+00   3.9000000e-05
   1.2547000e+00   2.6000000e-04
   1.2567000e+00   2.7000000e-05
   1.3106000e+00   1.5900000e-04
   1.3705000e+00   2.9000000e-05
   1.3811000e+00   8.0000000e-07
   1.3924000e+00   8.0000000e-07
   1.4205000e+00   2.6000000e-03
   1.4763000e+00   1.5900000e-05
   1.5180000e+00   5.0000000e-07
   1.5373000e+00   2.1100000e-05
   1.5585000e+00   2.0000000e-06
   1.5780900e+00   5.2000000e-06
   1.5953000e+00   2.0600000e-05
   1.6009000e+00   1.3000000e-06
   1.6831000e+00   2.5600000e-05
   1.6905000e+00   2.9000000e-06
   1.7550000e+00   5.0000000e-07
   1.7620000e+00   8.0000000e-07
   1.7654000e+00   1.7000000e-06
   1.7971000e+00   5.0000000e-07
   1.8940000e+00   2.1000000e-07
   1.9207000e+00   8.0000000e-07
   2.0609000e+00   5.0000000e-07
