   3.4520000e-02   1.6300000e-02
   4.3900000e-02   3.8000000e-04
   5.9030000e-02   8.4000000e-04
   6.0900000e-02   9.6000000e-05
   6.5000000e-02   5.9000000e-05
   8.6970000e-02   4.1800000e-03
   8.8710000e-02   5.8100000e-03
   9.3500000e-02   1.7000000e-05
   1.1200000e-01   8.0000000e-05
   1.1570000e-01   2.2000000e-04
   1.1803000e-01   3.7600000e-03
   1.1952000e-01   1.3000000e-02
   1.2380000e-01   5.0000000e-05
   1.3288000e-01   1.1300000e-03
   1.4597000e-01   8.0000000e-05
   1.5600000e-01   8.0000000e-05
   1.6250000e-01   2.5000000e-04
   1.7799000e-01   5.9000000e-04
   1.7905000e-01   2.9000000e-04
   1.8721000e-01   2.1000000e-04
   2.0076000e-01   4.8000000e-04
   2.0290000e-01   3.3000000e-04
   2.0650000e-01   7.7700000e-02
   2.1020000e-01   1.3000000e-04
   2.2380000e-01   2.1000000e-04
   2.6556000e-01   4.1800000e-01
   2.6776000e-01   6.2000000e-03
   2.7820000e-01   0.0000000e+00
   2.8100000e-01   4.2000000e-05
   2.9911000e-01   1.2500000e-02
   3.0007000e-01   2.3500000e-01
   3.0458000e-01   6.3000000e-04
   3.1290000e-01   3.8000000e-04
   3.1882000e-01   3.5000000e-04
   3.2620000e-01   1.3000000e-04
   3.3910000e-01   2.5000000e-04
   3.4301000e-01   1.0500000e-03
   3.5770000e-01   0.0000000e+00
   3.6530000e-01   2.9000000e-04
   3.7979000e-01   1.5500000e-02
   3.8781000e-01   6.0600000e-03
   3.9805000e-01   4.9700000e-03
   4.0000000e-01   3.1800000e-03
   4.0100000e-01   8.0000000e-05
   4.3400000e-01   8.0000000e-05
   4.5510000e-01   0.0000000e+00
   4.5908000e-01   1.1700000e-03
   4.5910000e-01   1.3000000e-04
   4.6520000e-01   9.2000000e-04
   4.8358000e-01   1.8600000e-02
   4.8502000e-01   2.0900000e-03
   4.9530000e-01   2.1000000e-04
   5.0592000e-01   5.3000000e-04
   5.1805000e-01   1.3600000e-01
   5.2835000e-01   1.2500000e-03
   5.4600000e-01   6.5200000e-03
   5.6070000e-01   8.0000000e-05
   5.6279000e-01   1.4600000e-03
   5.6687000e-01   6.0600000e-03
   5.7100000e-01   9.6000000e-04
   5.7226000e-01   1.0400000e-01
   5.7709000e-01   5.1400000e-02
   5.7730000e-01   5.0000000e-04
   5.8360000e-01   4.6000000e-04
   5.9000000e-01   3.8000000e-04
   6.0456000e-01   2.8000000e-02
   6.0676000e-01   1.8800000e-01
   6.1120000e-01   2.1000000e-04
   6.2185000e-01   3.9300000e-03
   6.5120000e-01   8.8000000e-05
   6.5590000e-01   4.2000000e-05
   6.6380000e-01   8.8000000e-04
   6.6560000e-01   2.1000000e-03
   6.6579000e-01   3.0100000e-02
   6.6600000e-01   4.2000000e-04
   6.8433000e-01   3.8000000e-03
   6.9340000e-01   8.0000000e-05
   6.9660000e-01   3.3000000e-04
   7.1235000e-01   3.0000000e-04
   7.1882000e-01   4.0500000e-03
   7.2700000e-01   1.3000000e-04
   7.2710000e-01   8.0000000e-05
   7.2790000e-01   6.0000000e-04
   7.2850000e-01   2.1000000e-04
   7.3846000e-01   4.0000000e-04
   7.5080000e-01   7.5000000e-05
   7.7140000e-01   4.2000000e-04
   7.7300000e-01   1.3000000e-03
   7.7390000e-01   2.1700000e-03
   7.7789000e-01   3.6400000e-03
   7.8260000e-01   2.1000000e-04
   7.8359000e-01   1.0600000e-01
   8.1556000e-01   3.2000000e-04
   8.2838000e-01   5.1400000e-02
   8.3210000e-01   3.8000000e-04
   8.3490000e-01   1.0900000e-03
   8.4506000e-01   1.3000000e-03
   8.7135000e-01   3.3000000e-02
   8.7510000e-01   3.8000000e-04
   8.9463000e-01   4.0000000e-04
   9.0587000e-01   1.6100000e-02
   9.2480000e-01   0.0000000e+00
   9.3376000e-01   3.3000000e-04
   9.3850000e-01   1.5000000e-04
   9.6489000e-01   3.3000000e-03
   9.6900000e-01   0.0000000e+00
   9.8340000e-01   8.0000000e-05
   9.8430000e-01   8.4000000e-04
   9.9340000e-01   1.3000000e-04
   9.9470000e-01   8.0000000e-05
   1.0384800e+00   5.0000000e-04
   1.0519000e+00   6.7000000e-04
   1.0669000e+00   6.7000000e-05
   1.1014500e+00   2.3000000e-04
   1.1394300e+00   8.8000000e-04
   1.1495800e+00   6.6900000e-03
   1.1714200e+00   1.9600000e-03
   1.1739200e+00   1.8400000e-03
   1.1794900e+00   3.6000000e-04
   1.1840900e+00   1.0900000e-02
   1.2141300e+00   1.0000000e-03
   1.2329800e+00   9.6000000e-04
   1.2431000e+00   4.2000000e-05
   1.2584000e+00   3.8000000e-04
   1.2735000e+00   1.9000000e-04
   1.2991800e+00   7.1000000e-04
   1.3347000e+00   3.8000000e-04
   1.3610000e+00   3.8000000e-04
   1.3767000e+00   6.7000000e-05
   1.3928000e+00   9.2000000e-05
   1.4395700e+00   5.9000000e-04
   1.4496000e+00   7.9000000e-05
   1.4669000e+00   2.1300000e-03
   1.4796000e+00   5.9000000e-05
   1.4970000e+00   2.5000000e-05
   1.5013800e+00   5.9000000e-04
   1.5315800e+00   2.0900000e-04
   1.5419000e+00   6.0000000e-05
   1.5507000e+00   1.0000000e-04
   1.5604900e+00   7.5000000e-04
   1.5853000e+00   2.3400000e-04
   1.5993000e+00   7.9000000e-05
   1.7670000e+00   1.2100000e-03
   1.7974000e+00   1.4600000e-04
   1.8500000e+00   4.6000000e-06
