   3.2634900e-01   5.0000000e-04
   3.3298300e-01   2.2900000e-01
   3.5568400e-01   8.7000000e-01
   3.9334600e-01   1.0100000e-04
   4.2600000e-01   7.0000000e-02
   4.3198200e-01   6.7000000e-05
   5.2117500e-01   3.8900000e-03
   5.7020300e-01   6.9000000e-05
   6.5938900e-01   3.7000000e-05
   6.7290000e-01   2.7000000e-05
   6.8876000e-01   6.1000000e-05
   7.5835800e-01   4.4400000e-04
   1.0058940e+00   2.7000000e-05
   1.0913310e+00   1.4900000e-03
   1.3610000e+00   4.4000000e-06
   1.4468400e+00   7.8000000e-06
