   1.4063830e-02   1.8000000e-04
   1.9812960e-02   0.0000000e+00
   2.1200000e-02   2.2000000e-04
   5.4193400e-02   8.4000000e-05
   6.8255700e-02   1.6200000e-04
   6.9673000e-02   2.4190000e-02
   7.5422130e-02   7.8300000e-04
   8.3367170e-02   1.9600000e-03
   8.9485950e-02   6.9000000e-04
   9.6883000e-02   2.0000000e-05
   9.7431000e-02   2.9000000e-01
   1.0318012e-01   2.1110000e-01
   1.1811230e-01   1.2000000e-06
   1.5162450e-01   0.0000000e+00
   1.6655560e-01   3.0000000e-06
   1.7230430e-01   2.0000000e-06
   1.7285307e-01   3.6000000e-04
