   5.8920000e-02   2.5000000e-03
   1.2000000e-01   2.1000000e-04
   1.2420000e-01   4.4000000e-04
   1.2992000e-01   1.1100000e-03
   1.5531000e-01   1.4200000e-03
   2.0279000e-01   7.0000000e-04
   2.3185000e-01   1.0000000e-03
   2.4102000e-01   1.7400000e-03
   2.8500000e-01   8.0000000e-04
   2.8510000e-01   8.0000000e-04
   3.0270000e-01   1.1000000e-04
   3.0896000e-01   4.0000000e-04
   3.2242000e-01   7.7000000e-04
   3.3119000e-01   7.9000000e-01
   3.4152000e-01   1.0300000e-03
   3.4504000e-01   2.8500000e-03
   3.6127000e-01   9.9000000e-02
   3.8138000e-01   2.2900000e-03
   3.9493000e-01   1.6500000e-03
   4.0603000e-01   2.0100000e-02
   4.4240000e-01   1.6000000e-04
   4.6495000e-01   3.5600000e-03
   4.8207000e-01   6.7000000e-04
   5.1438000e-01   1.7000000e-03
   5.4096000e-01   2.6100000e-03
   5.4629000e-01   2.6900000e-03
   5.6281000e-01   3.2000000e-04
   5.8455000e-01   3.5600000e-02
   5.9758000e-01   3.2400000e-03
   6.3797000e-01   4.3000000e-03
   6.9237000e-01   4.2700000e-02
   7.0875000e-01   7.7000000e-03
   7.2753000e-01   1.4200000e-03
   7.5335000e-01   1.5200000e-03
   7.6728000e-01   3.1600000e-02
   7.8729000e-01   5.9000000e-03
   8.0366000e-01   1.5100000e-02
   8.2621000e-01   2.3600000e-02
   9.0756000e-01   5.7000000e-02
   9.4596000e-01   7.4000000e-02
   9.4680000e-01   4.7000000e-03
   9.7950000e-01   3.2000000e-04
   9.9923000e-01   6.4000000e-03
   1.0103000e+00   1.7000000e-04
   1.0198000e+00   2.5000000e-04
   1.0627900e+00   7.0000000e-04
   1.0699500e+00   1.1400000e-02
   1.0888000e+00   8.6000000e-03
   1.0985100e+00   1.8300000e-02
   1.1147200e+00   1.6600000e-03
   1.1249000e+00   1.0300000e-04
   1.1487500e+00   7.6000000e-03
   1.1575500e+00   1.3400000e-03
   1.2194000e+00   2.4500000e-04
   1.2387600e+00   1.1800000e-02
   1.2771300e+00   1.6300000e-02
   1.2863000e+00   6.5000000e-04
   1.3084100e+00   5.5000000e-03
   1.3305000e+00   2.4000000e-04
   1.3407700e+00   4.3000000e-03
   1.3814000e+00   1.9000000e-04
   1.4012900e+00   1.3200000e-03
   1.4241600e+00   9.2000000e-04
   1.4458000e+00   3.6400000e-04
   1.4798900e+00   1.6400000e-03
   1.4862000e+00   1.9000000e-04
   1.5505000e+00   4.7000000e-05
   1.5876000e+00   2.6000000e-05
   1.6174500e+00   2.4500000e-04
   1.6309000e+00   2.5000000e-05
   1.6391000e+00   3.5000000e-05
   1.6720200e+00   2.6100000e-04
   1.6789600e+00   4.2000000e-05
   1.7553200e+00   1.1300000e-04
   1.8131000e+00   4.5000000e-05
