   1.0000000e-02   0.0000000e+00
   3.8300000e-02   8.0000000e-02
   5.7800000e-02   4.4000000e-02
   8.0660000e-02   4.0000000e-02
   1.6120000e-01   9.0000000e-04
   1.8500500e-01   2.8600000e-01
   1.8872000e-01   2.3000000e-03
   2.0550000e-01   4.6000000e-04
   2.1983100e-01   3.5000000e-04
   2.3602100e-01   7.0000000e-04
   2.4715800e-01   6.0000000e-04
   2.6007000e-01   3.5000000e-04
   2.7559500e-01   8.1000000e-03
   2.7840000e-01   2.3000000e-03
   2.8286400e-01   1.1300000e-01
   3.0288000e-01   3.8000000e-03
   3.2194300e-01   8.4000000e-04
   3.2940000e-01   5.5000000e-04
   3.3406100e-01   3.1000000e-03
   3.4725000e-01   2.9000000e-04
   4.2470000e-01   4.6800000e-03
   4.6790000e-01   2.4000000e-03
   6.3421000e-01   1.1000000e-03
   7.7600000e-01   9.5000000e-04
   7.9554000e-01   9.0000000e-04
   8.0753000e-01   8.0000000e-04
   8.4250000e-01   4.5000000e-03
   8.8232000e-01   3.8000000e-03
   8.8820000e-01   6.0000000e-04
   9.1713000e-01   5.9000000e-03
   9.3720000e-01   1.0800000e-01
   9.4450000e-01   1.6000000e-03
   9.8030000e-01   9.0000000e-04
   1.1249000e+00   1.1800000e-02
   1.1295000e+00   3.8000000e-03
   1.2200000e+00   2.2500000e-01
   1.2760000e+00   3.2000000e-04
   1.8060000e+00   2.6000000e-04
