   1.1403100e-01   6.7800000e-03
   1.5584000e-01   1.0000000e-04
   2.6306200e-01   5.6700000e-01
   3.8531000e-01   6.0000000e-04
   5.4122000e-01   6.0000000e-04
   5.7276000e-01   5.0000000e-04
   6.8467200e-01   9.9700000e-01
   6.8907000e-01   7.0000000e-04
   8.2700000e-01   5.0000000e-05
   8.4490000e-01   2.0000000e-04
   9.4780000e-01   2.2000000e-03
   9.4982000e-01   1.2000000e-03
   9.7894000e-01   6.0000000e-05
   1.3630200e+00   7.8700000e-03
   1.4179000e+00   3.0000000e-04
   1.4771300e+00   9.9100000e-01
   2.1618000e+00   1.0000000e-03
