   5.3080000e-02   2.8900000e-04
   5.8015000e-02   9.0500000e-04
   6.1626000e-02   4.0700000e-03
   6.6630000e-02   2.7000000e-04
   7.2470000e-02   1.8600000e-03
   9.0596000e-02   5.6300000e-03
   1.0385700e-01   4.9000000e-04
   1.0989700e-01   4.1000000e-04
   1.1635500e-01   1.0100000e-03
   1.4861200e-01   2.6200000e-02
   1.6305200e-01   1.3300000e-03
   1.7445200e-01   1.4400000e-03
   1.7558200e-01   2.6100000e-03
   1.8697800e-01   5.5800000e-03
   2.0143000e-01   1.1600000e-03
   2.5369000e-01   1.1900000e-03
   2.5940000e-01   5.5000000e-04
   2.8842300e-01   4.0600000e-03
   3.2630000e-01   3.9000000e-04
   3.5006500e-01   7.8000000e-02
   3.5511000e-01   2.4000000e-03
   4.1663300e-01   1.8700000e-02
