   7.3784000e-02   7.2000000e-05
   7.4626000e-02   6.6000000e-05
   7.9804000e-02   7.9000000e-02
   9.8982000e-02   6.6000000e-04
   9.9289000e-02   1.8000000e-03
   1.6244000e-01   3.8000000e-04
   1.8428500e-01   5.6000000e-02
   1.9824100e-01   2.6000000e-02
   2.0920000e-01   3.1000000e-04
   2.1742200e-01   2.1000000e-04
   2.8465500e-01   4.3000000e-04
   2.9777000e-01   1.4000000e-04
   3.6571000e-01   4.2000000e-04
   3.8167000e-01   2.0000000e-04
   3.8362000e-01   5.1000000e-04
   4.2231800e-01   2.1400000e-03
   4.2979000e-01   1.3300000e-03
   4.4751500e-01   1.3000000e-02
   4.5759000e-01   3.0400000e-03
   5.4680200e-01   1.5900000e-03
   5.5707900e-01   6.5000000e-03
   5.5920000e-01   2.3000000e-04
   5.6882100e-01   8.0000000e-04
   5.7992000e-01   5.1000000e-04
   5.9602000e-01   6.3000000e-04
   6.3170300e-01   3.2100000e-02
   6.4577500e-01   1.0700000e-03
   6.7366600e-01   5.2000000e-04
   6.7908000e-01   3.0000000e-04
   7.1955000e-01   1.4000000e-03
   7.2039200e-01   7.7000000e-03
   7.3066000e-01   1.4500000e-02
   7.4135600e-01   3.6600000e-01
   7.4828100e-01   1.3000000e-03
   8.1599000e-01   1.8600000e-01
   8.2116400e-01   3.4500000e-01
   8.2995800e-01   2.1700000e-03
   8.5347300e-01   6.4000000e-04
   9.0495000e-01   1.6000000e-04
   9.1494400e-01   9.1000000e-03
   9.2893500e-01   3.6000000e-04
   9.5261100e-01   5.5000000e-04
   9.9493000e-01   2.9000000e-04
   1.0121900e+00   3.2000000e-04
   1.0271100e+00   2.3000000e-04
   1.0344900e+00   2.2000000e-04
   1.0766600e+00   3.1100000e-04
   1.1045500e+00   1.9000000e-04
   1.1093600e+00   1.5000000e-04
   1.1372000e+00   2.3000000e-04
   1.1390000e+00   1.4000000e-04
   1.1441600e+00   2.6000000e-04
   1.1764600e+00   2.7000000e-04
   1.1965130e+00   1.2000000e-04
   1.2600900e+00   9.0000000e-04
   1.2640000e+00   1.1000000e-04
   1.2679400e+00   5.4000000e-04
   1.2735900e+00   1.9700000e-03
   1.2774510e+00   1.0400000e-03
   1.2973200e+00   3.4800000e-03
   1.3416000e+00   2.0000000e-04
   1.3512000e+00   1.5000000e-04
   1.3589900e+00   2.0000000e-03
   1.3720500e+00   1.5200000e-02
   1.4337400e+00   7.6000000e-04
   1.4617500e+00   8.4000000e-04
   1.4885000e+00   1.0000000e-03
   1.5296700e+00   4.0000000e-04
   1.5414600e+00   9.0000000e-05
   1.6040900e+00   1.2100000e-03
   1.6514900e+00   1.6200000e-04
   1.7118600e+00   1.4800000e-04
   1.7684900e+00   2.6900000e-03
   1.8356800e+00   1.1000000e-03
   1.8483100e+00   2.4500000e-03
   1.8504600e+00   1.7600000e-03
   1.9149700e+00   4.6000000e-04
   1.9304900e+00   1.2500000e-03
   2.0948000e+00   1.5200000e-04
   2.1124600e+00   6.1000000e-04
   2.1750000e+00   4.0000000e-05
   2.1924200e+00   3.0000000e-05
   2.2207000e+00   3.1000000e-04
   2.3455800e+00   2.1000000e-03
   2.3798000e+00   4.8000000e-05
   2.3902000e+00   9.7000000e-05
   2.4048400e+00   4.1700000e-04
   2.4253500e+00   9.2000000e-04
   2.5916000e+00   1.3800000e-04
