   3.2460000e-01   2.5000000e-02
   4.0380000e-01   4.3000000e-01
   4.3880000e-01   3.7700000e-01
   7.2840000e-01   1.3000000e-02
   7.6750000e-01   1.1500000e-02
   8.5430000e-01   1.3200000e-02
   8.8850000e-01   6.4000000e-03
   1.0464000e+00   1.4900000e-02
   1.0571000e+00   3.2700000e-02
   1.0919000e+00   2.5900000e-02
   1.2926000e+00   6.8000000e-02
   1.3365000e+00   5.1000000e-03
   1.3527000e+00   3.8000000e-03
   1.4466000e+00   3.0000000e-03
   1.4639000e+00   1.9000000e-02
   1.4810000e+00   5.1000000e-03
   1.4957000e+00   1.7900000e-02
   1.4991000e+00   6.0000000e-03
   1.5153000e+00   6.8000000e-03
   1.5659000e+00   2.1000000e-03
   1.5879000e+00   2.6000000e-03
   1.5999000e+00   6.0000000e-03
   1.6007000e+00   4.0000000e-02
   1.6341000e+00   3.4000000e-03
   1.8850000e+00   7.2000000e-03
   1.9024000e+00   8.9000000e-03
   1.9921000e+00   6.8000000e-03
   2.0048000e+00   8.9000000e-03
   2.0378000e+00   2.8000000e-02
