   5.0250000e-03   0.0000000e+00
   1.2385000e-02   3.0500000e-04
   8.5630000e-02   6.0000000e-04
   1.1162100e-01   2.0500000e-01
   1.1665600e-01   2.3000000e-02
   1.2401500e-01   9.1000000e-02
   1.6640000e-01   0.0000000e+00
   1.7553000e-01   8.9000000e-04
   1.9774000e-01   2.7000000e-04
   2.1016000e-01   7.0000000e-05
   2.1060000e-01   6.4200000e-03
   2.3714000e-01   3.0200000e-03
   2.6140000e-01   2.0000000e-04
   2.7737000e-01   5.8000000e-03
   2.8650000e-01   8.0000000e-05
   2.9590100e-01   2.8900000e-01
   3.0831000e-01   6.4400000e-01
   3.6291000e-01   1.9700000e-04
   3.7196000e-01   2.5700000e-03
   4.1990000e-01   8.3000000e-04
   4.2490000e-01   2.2400000e-04
   4.5560000e-01   6.0000000e-05
   4.8790000e-01   5.0000000e-05
   4.9540000e-01   2.0000000e-05
   5.0680000e-01   2.2700000e-04
   5.1940000e-01   1.7700000e-04
   5.4780000e-01   1.7000000e-04
   5.5940000e-01   4.6600000e-04
   5.7350000e-01   9.8000000e-05
   5.8610000e-01   4.0000000e-05
   6.0840000e-01   3.7000000e-04
   6.0900000e-01   2.0000000e-04
   6.2103000e-01   8.9000000e-04
   6.3070000e-01   5.0000000e-05
   6.7080000e-01   2.5200000e-03
   6.7180000e-01   2.2000000e-04
   6.7600000e-01   2.8500000e-03
   6.9350000e-01   1.5000000e-04
   7.0580000e-01   1.2000000e-04
   7.3250000e-01   9.7600000e-04
   7.4500000e-01   6.6000000e-05
   7.6780000e-01   4.5000000e-05
   7.8409000e-01   2.4000000e-03
   7.9654000e-01   6.4000000e-03
   8.6000000e-01   1.5000000e-05
   8.6970000e-01   5.5000000e-04
   8.7150000e-01   2.0000000e-04
   8.8200000e-01   3.8500000e-04
   9.0790000e-01   6.3500000e-03
   9.1260000e-01   7.7000000e-04
   9.6610000e-01   2.6400000e-04
   9.7620000e-01   7.0000000e-06
   9.9400000e-01   6.0000000e-06
   1.0510000e+00   4.0000000e-06
   1.0969000e+00   1.0600000e-05
   1.1090000e+00   6.7900000e-05
   1.1560000e+00   6.0000000e-06
   1.1684000e+00   1.8400000e-05
   1.1729000e+00   8.0000000e-06
   1.1820000e+00   3.0000000e-06
   1.2205000e+00   2.8000000e-05
   1.2712000e+00   3.4000000e-06
   1.2799000e+00   2.5000000e-05
   1.2844000e+00   2.4000000e-05
   1.3955000e+00   2.8000000e-05
   1.4005000e+00   2.5000000e-05
