   3.2210000e-02   0.0000000e+00
   3.8230000e-02   0.0000000e+00
   3.9510000e-02   3.0000000e-03
   1.0125000e-01   1.2000000e-05
   1.2656000e-01   9.0000000e-04
   1.5740000e-01   3.2000000e-04
   1.6553000e-01   7.3000000e-04
   2.0030000e-01   0.0000000e+00
   2.1807000e-01   4.8000000e-02
   2.1975000e-01   2.7000000e-02
   2.4170000e-01   1.5000000e-03
   2.5799000e-01   4.9000000e-01
   2.7495000e-01   7.0000000e-04
   2.8094000e-01   1.9000000e-03
   2.8176000e-01   7.8000000e-03
   2.9075000e-01   1.6000000e-02
   2.9540000e-01   3.4000000e-04
   2.9982000e-01   5.3000000e-03
   3.3000000e-01   5.0000000e-04
   3.4191000e-01   2.6000000e-02
   3.4500000e-01   6.0000000e-03
   3.4546000e-01   1.0700000e-02
   3.5450000e-01   8.0000000e-04
   3.6051000e-01   3.4000000e-03
   3.6447000e-01   2.4000000e-02
   3.8160000e-01   6.8000000e-03
   3.8247000e-01   4.0000000e-02
   3.9400000e-01   4.9000000e-02
   4.0436000e-01   1.2000000e-02
   4.0763000e-01   3.2000000e-01
   4.2180000e-01   3.4000000e-03
   4.2951000e-01   2.8000000e-03
   4.2951000e-01   6.0000000e-03
   4.3146000e-01   1.6000000e-03
   4.4200000e-01   2.2000000e-03
   4.4400000e-01   1.5000000e-03
   4.6183000e-01   1.6000000e-02
   4.8741000e-01   6.6000000e-03
   4.9130000e-01   3.2000000e-03
   4.9965000e-01   4.7000000e-02
   5.0943000e-01   2.5000000e-02
   5.1670000e-01   1.5000000e-03
   5.2951000e-01   1.0000000e-02
   5.3515000e-01   3.8000000e-02
   5.3708000e-01   6.7000000e-02
   5.3903000e-01   1.3000000e-02
   5.4505000e-01   7.7000000e-03
   5.4743000e-01   3.7000000e-03
   5.4859000e-01   7.0000000e-03
   5.5063000e-01   1.3000000e-02
   5.6000000e-01   3.4000000e-03
   5.7325000e-01   2.6000000e-01
   5.8332000e-01   1.7000000e-03
   5.9172000e-01   2.0000000e-03
   6.0065000e-01   4.0000000e-02
   6.0870000e-01   1.8000000e-03
   6.1432000e-01   6.6000000e-03
   6.2310000e-01   4.9000000e-03
   6.2491000e-01   4.1000000e-03
   6.2622000e-01   1.4000000e-03
   6.3900000e-01   2.4000000e-03
   6.3900000e-01   4.4000000e-03
   6.4341000e-01   8.0000000e-04
   6.4341000e-01   1.7000000e-03
   6.4523000e-01   2.4000000e-03
   6.5451000e-01   1.8000000e-03
   6.5762000e-01   2.0000000e-03
   6.6170000e-01   2.7000000e-03
   6.6273000e-01   4.9000000e-03
   6.6848000e-01   7.1000000e-03
   6.7517000e-01   1.5000000e-02
   6.8477000e-01   1.2000000e-02
   6.9254000e-01   2.7000000e-03
   7.0088000e-01   5.8000000e-03
   7.0630000e-01   9.4000000e-03
   7.1215000e-01   7.1000000e-03
   7.2560000e-01   9.0000000e-04
   7.2560000e-01   6.0000000e-03
   7.2720000e-01   2.2000000e-03
   7.3195000e-01   3.9000000e-03
   7.3860000e-01   4.0000000e-03
   7.3947000e-01   1.6000000e-03
   7.4611000e-01   9.0000000e-04
   7.5270000e-01   4.7000000e-03
   7.5763000e-01   2.6000000e-03
   7.6697000e-01   3.8000000e-03
   7.7657000e-01   1.3000000e-02
   7.7837000e-01   3.4000000e-03
   7.9060000e-01   1.0000000e-03
   7.9839000e-01   6.0000000e-04
   8.0173000e-01   1.6000000e-03
   8.0322000e-01   3.8000000e-04
   8.0830000e-01   3.8000000e-04
   8.1681000e-01   4.5000000e-03
   8.4090000e-01   2.8000000e-03
   8.5480000e-01   1.9000000e-03
   8.5580000e-01   2.6000000e-03
   8.7005000e-01   2.5000000e-02
   8.7776000e-01   4.1000000e-02
   8.8360000e-01   1.4000000e-03
   8.8530000e-01   2.2000000e-03
   8.9050000e-01   4.9000000e-04
   8.9500000e-01   2.7000000e-04
   9.0040000e-01   2.0000000e-04
   9.0240000e-01   2.7000000e-04
   9.0510000e-01   3.8000000e-04
   9.1306000e-01   3.1000000e-02
   9.3237000e-01   1.2500000e-01
   9.3910000e-01   1.4000000e-03
   9.5200000e-01   1.0000000e-03
   9.5742000e-01   3.0000000e-03
   9.6310000e-01   3.8000000e-04
   9.6610000e-01   1.1000000e-03
   9.7000000e-01   7.2000000e-04
   9.8220000e-01   8.0000000e-04
   9.8590000e-01   1.1000000e-03
   9.9461000e-01   3.0000000e-02
   1.0035000e+00   1.7000000e-03
   1.0046000e+00   2.0000000e-03
   1.0078000e+00   1.0000000e-03
   1.0133000e+00   1.3000000e-03
   1.0260000e+00   2.7000000e-04
   1.0355400e+00   1.5000000e-02
   1.0372200e+00   1.6000000e-03
   1.0405000e+00   2.8000000e-03
   1.0485000e+00   9.0000000e-04
   1.0520000e+00   1.0200000e-02
   1.0660000e+00   3.9000000e-04
   1.0706000e+00   1.5000000e-04
   1.0759000e+00   7.0000000e-03
   1.0857000e+00   4.5000000e-04
   1.0971500e+00   2.0000000e-03
   1.1098000e+00   2.1000000e-02
   1.1232000e+00   8.0000000e-04
   1.1325000e+00   2.2000000e-03
   1.1378000e+00   9.0000000e-04
   1.1395000e+00   9.0000000e-04
   1.1472000e+00   2.6000000e-03
   1.1493000e+00   4.1000000e-04
   1.1601800e+00   7.3000000e-03
   1.1715000e+00   1.2000000e-02
   1.1740000e+00   2.1000000e-02
   1.1786000e+00   2.6000000e-03
   1.1840000e+00   7.0000000e-04
   1.1895000e+00   1.5000000e-04
   1.1964000e+00   1.5000000e-03
   1.1995000e+00   7.3000000e-04
   1.2053000e+00   3.0000000e-04
   1.2122000e+00   1.6000000e-04
   1.2177000e+00   3.1000000e-04
   1.2322000e+00   2.0000000e-02
   1.2413000e+00   4.8000000e-02
   1.2541000e+00   1.9000000e-03
   1.2619000e+00   2.7000000e-03
   1.2654000e+00   1.9000000e-03
   1.2679000e+00   5.8000000e-03
   1.2852000e+00   1.2000000e-02
   1.2887000e+00   7.0000000e-04
   1.2943000e+00   1.1000000e-03
   1.2968000e+00   2.6000000e-03
   1.3010000e+00   1.6000000e-03
   1.3095000e+00   1.4000000e-04
   1.3145100e+00   7.0000000e-03
   1.3145100e+00   7.0000000e-03
   1.3255000e+00   4.2000000e-02
   1.3396000e+00   4.0000000e-02
   1.3515200e+00   3.4000000e-03
   1.3535000e+00   2.4000000e-03
   1.3594000e+00   9.0000000e-04
   1.3651000e+00   2.6000000e-02
   1.3876000e+00   1.0000000e-03
   1.3920000e+00   3.8000000e-03
   1.3945000e+00   1.4900000e-02
   1.4000000e+00   1.2000000e-03
   1.4066000e+00   1.9000000e-02
   1.4141000e+00   5.2000000e-04
   1.4324000e+00   1.2500000e-02
   1.4420000e+00   2.8000000e-03
   1.4539000e+00   7.0000000e-04
   1.4598000e+00   6.5000000e-03
   1.4616000e+00   6.2000000e-03
   1.4767000e+00   7.3000000e-03
   1.4816000e+00   2.9000000e-03
   1.4861000e+00   2.9000000e-02
   1.4992000e+00   2.0000000e-03
   1.5038000e+00   1.0200000e-02
   1.5175000e+00   6.8000000e-03
   1.5251000e+00   1.2000000e-02
   1.5335000e+00   1.7000000e-03
   1.5390000e+00   1.5000000e-03
   1.5515000e+00   3.2000000e-04
   1.5569000e+00   3.6000000e-03
   1.5622000e+00   4.8000000e-04
   1.5789000e+00   6.1000000e-04
   1.5819000e+00   2.8000000e-03
   1.5855000e+00   1.5000000e-03
   1.5914000e+00   1.1000000e-04
   1.5999000e+00   2.3000000e-03
   1.6085000e+00   1.0000000e-04
   1.6245000e+00   5.5000000e-03
   1.6394000e+00   2.9000000e-02
   1.6485000e+00   2.2000000e-02
   1.6742000e+00   1.6000000e-04
   1.6781000e+00   2.9900000e-03
   1.6838000e+00   3.3000000e-04
   1.6934000e+00   2.3000000e-04
   1.6970000e+00   1.5000000e-03
   1.7000000e+00   2.2000000e-04
   1.7213000e+00   2.6000000e-04
   1.7323000e+00   3.2000000e-03
   1.7376000e+00   4.6000000e-04
   1.7463000e+00   6.4000000e-03
   1.7522000e+00   1.2000000e-03
   1.7609000e+00   2.9000000e-04
   1.7684000e+00   2.0000000e-04
   1.7716000e+00   1.2000000e-03
   1.7837000e+00   2.0000000e-04
   1.7852000e+00   8.0000000e-04
   1.7889000e+00   1.8000000e-04
   1.7953000e+00   3.4000000e-04
   1.8032000e+00   2.0000000e-04
   1.8069000e+00   6.4000000e-04
   1.8134000e+00   6.0000000e-04
   1.8275000e+00   9.0000000e-04
   1.8362000e+00   1.0000000e-03
   1.8485000e+00   2.7000000e-03
   1.8533000e+00   2.2000000e-04
   1.8560000e+00   2.1000000e-04
   1.8692000e+00   2.6000000e-03
   1.8781000e+00   1.8000000e-04
   1.8813000e+00   6.4000000e-04
   1.8854000e+00   4.8000000e-04
   1.8925000e+00   1.5000000e-03
   1.8984000e+00   3.4000000e-04
   1.9037000e+00   3.4000000e-04
   1.9064000e+00   4.6000000e-04
   1.9098000e+00   1.4000000e-03
   1.9164000e+00   6.2000000e-03
   1.9198000e+00   1.7000000e-03
   1.9235000e+00   2.1000000e-03
   1.9255000e+00   2.6000000e-03
   1.9333000e+00   1.2000000e-04
   1.9549000e+00   1.2000000e-03
   1.9636000e+00   2.6000000e-03
   1.9682000e+00   1.1000000e-04
   1.9729000e+00   3.3000000e-04
   1.9886000e+00   3.4000000e-05
   1.9973000e+00   6.8000000e-05
   2.0280000e+00   1.7000000e-05
   2.0326000e+00   1.7000000e-05
   2.0452000e+00   1.7000000e-05
   2.0601000e+00   9.0000000e-05
