   6.2390000e-02   6.6000000e-04
   8.1200000e-02   5.2000000e-04
   1.2978200e-01   5.6800000e-02
   1.3933000e-01   4.7000000e-04
   1.4910000e-01   1.7500000e-02
   1.6346000e-01   1.5600000e-03
   1.8360000e-01   9.9000000e-04
   2.2508000e-01   1.2300000e-03
   2.4521000e-01   2.5000000e-04
   2.5488000e-01   6.6000000e-04
   2.6283000e-01   6.5700000e-02
   2.8630000e-01   2.8000000e-04
   3.0666000e-01   8.0000000e-04
   3.1644000e-01   1.1100000e-01
   3.2614000e-01   1.0600000e-02
   3.3085000e-01   6.7000000e-03
   3.3940000e-01   1.4000000e-04
   3.4330000e-01   2.8000000e-04
   3.4996000e-01   2.8900000e-03
   3.5018000e-01   1.0200000e-02
   3.6945000e-01   4.7000000e-04
   3.9336000e-01   3.7700000e-02
   4.0760000e-01   9.0000000e-04
   4.1353000e-01   2.2700000e-02
   4.6937000e-01   1.7500000e-01
   4.7010000e-01   1.8400000e-03
   4.7960000e-01   2.7900000e-04
   4.8948000e-01   5.5000000e-03
   4.9930000e-01   2.0000000e-02
   5.0010000e-01   5.5000000e-03
   5.1373000e-01   2.0000000e-03
   5.3929000e-01   1.1400000e-03
   5.5924000e-01   1.0900000e-03
   5.7200000e-01   9.0000000e-05
   5.7507000e-01   8.5000000e-03
   5.7700000e-01   1.9000000e-04
   5.9120000e-01   8.0000000e-04
   5.9710000e-01   3.0000000e-04
   6.2104000e-01   7.1000000e-04
   6.3234000e-01   1.5100000e-03
   6.3550000e-01   1.4000000e-04
   6.3866000e-01   2.2200000e-03
   6.5270000e-01   3.1000000e-03
   6.5621000e-01   2.1000000e-02
   6.7636000e-01   1.5700000e-01
   7.0100000e-01   1.9000000e-04
   7.0700000e-01   9.0000000e-05
   7.2421000e-01   4.7000000e-01
   7.3827000e-01   7.6000000e-04
   8.0584000e-01   4.5000000e-04
   8.2000000e-01   1.4000000e-04
   8.2198000e-01   2.1000000e-03
   8.4591000e-01   6.3000000e-03
   8.4690000e-01   2.8000000e-04
   8.5198000e-01   1.5600000e-03
   8.7585000e-01   2.5000000e-02
   8.7820000e-01   4.7000000e-03
   9.0764000e-01   5.3000000e-03
   9.5278000e-01   1.5100000e-04
   9.6944000e-01   2.1000000e-02
   9.7790000e-01   1.9000000e-05
   9.8460000e-01   1.0400000e-04
   9.8700000e-01   7.1000000e-05
   1.0174700e+00   3.2000000e-03
   1.0596000e+00   2.7000000e-04
   1.0827000e+00   8.0000000e-05
   1.0854000e+00   4.7000000e-05
   1.0940000e+00   3.3000000e-05
   1.1725800e+00   7.6000000e-05
   1.2090000e+00   6.1000000e-05
   1.2153800e+00   7.1000000e-04
   1.2220000e+00   1.8400000e-04
   1.2295000e+00   5.7000000e-05
   1.2388000e+00   1.9000000e-05
   1.2518900e+00   1.9400000e-04
   1.3212600e+00   2.0300000e-03
   1.3400000e+00   4.7000000e-06
   1.3572000e+00   2.4000000e-05
   1.3770600e+00   5.7000000e-04
   1.4412000e+00   6.1000000e-05
   1.4483000e+00   5.2000000e-05
   1.5710000e+00   9.0000000e-06
   1.6981000e+00   7.6000000e-04
   1.7087000e+00   4.7000000e-06
   1.7213600e+00   3.3000000e-04
   1.7654000e+00   1.9000000e-06
   1.8090000e+00   2.4000000e-06
   1.8296000e+00   8.0000000e-06
