   6.7090000e-02   8.6000000e-03
   7.9980000e-02   0.0000000e+00
   1.0178000e-01   2.1000000e-03
   1.1446300e-01   7.1000000e-03
   1.2837000e-01   1.4000000e-03
   1.4708000e-01   4.5000000e-03
   1.7071000e-01   6.9700000e-04
   2.3015000e-01   3.4800000e-03
   2.3711000e-01   2.4000000e-03
   2.4588000e-01   3.1000000e-03
   2.5186000e-01   3.9000000e-03
   3.6548000e-01   1.7000000e-03
   4.0131000e-01   4.2000000e-03
   4.8440000e-01   2.2100000e-02
   5.3571000e-01   4.4000000e-05
   5.5004000e-01   1.9000000e-03
   5.8562000e-01   2.1000000e-03
   7.1400000e-01   1.0000000e-03
   7.2460000e-01   9.0000000e-04
   7.3415000e-01   1.6000000e-03
   7.9592000e-01   3.3000000e-03
   8.1577000e-01   8.8000000e-04
   8.2901000e-01   1.3000000e-03
   8.4040000e-01   6.4000000e-03
   8.5340000e-01   3.3000000e-03
   8.7892000e-01   1.9700000e-02
   9.2628000e-01   1.3000000e-03
   9.4898000e-01   2.3000000e-03
   9.5486000e-01   1.3810000e-02
   9.6430000e-01   6.4000000e-04
   9.9346000e-01   1.7100000e-03
   1.0348500e+00   6.0200000e-02
   1.0407500e+00   2.9000000e-03
   1.1019400e+00   4.9000000e-01
   1.1047000e+00   5.6000000e-03
   1.1079200e+00   2.2360000e-01
   1.1104000e+00   3.0000000e-03
   1.1611000e+00   5.2000000e-03
   1.1739900e+00   1.9000000e-03
   1.2834000e+00   1.1000000e-03
   1.3310800e+00   7.0000000e-04
   1.3538000e+00   1.7100000e-03
   1.4689000e+00   1.5000000e-04
   1.4731000e+00   1.5000000e-04
   1.5626000e+00   2.9000000e-04
   1.6263900e+00   6.4000000e-04
   1.6500200e+00   2.9000000e-04
   1.6784800e+00   3.4000000e-04
   1.8067100e+00   9.3000000e-04
   1.8261000e+00   7.8000000e-04
   1.9038400e+00   1.1300000e-03
   1.9190000e+00   2.0000000e-04
   1.9481300e+00   3.4000000e-04
