   2.2700000e-02   4.5000000e-05
   3.1890000e-02   5.8000000e-04
   3.9080000e-02   1.4000000e-04
   5.4650000e-02   1.6900000e-04
   5.9040000e-02   2.1000000e-06
   6.1300000e-02   2.0000000e-05
   6.1880000e-02   1.6000000e-05
   6.6260000e-02   1.2000000e-06
   6.8550000e-02   7.6000000e-06
   7.0850000e-02   1.2100000e-05
   9.0180000e-02   5.5000000e-05
   9.3470000e-02   9.3000000e-06
   1.0299800e-01   2.5300000e-04
   1.0453000e-01   2.1000000e-05
   1.0734000e-01   6.1000000e-05
   1.1619000e-01   2.7000000e-05
   1.3041400e-01   2.0900000e-03
   1.3193000e-01   1.7100000e-04
   1.5020000e-01   3.8000000e-05
   1.5878500e-01   3.9000000e-04
   1.6230600e-01   2.3000000e-03
   1.6845300e-01   1.2200000e-04
   1.7350000e-01   5.0000000e-06
   1.8701300e-01   2.1800000e-04
   1.9315700e-01   4.0000000e-04
   1.9789100e-01   1.3600000e-04
   2.0060000e-01   1.6100000e-05
   2.0527000e-01   4.2000000e-05
   2.2056000e-01   4.6000000e-05
   2.3965000e-01   1.3100000e-04
   2.5254000e-01   3.7000000e-05
   2.6226000e-01   3.4000000e-05
   2.6226000e-01   3.4000000e-05
   2.6554000e-01   3.9000000e-05
   2.9426400e-01   5.4000000e-04
   3.0088400e-01   8.8000000e-04
   3.2359000e-01   1.5600000e-04
   3.5554000e-01   8.8000000e-05
