   2.9370000e-02   7.6000000e-05
   3.8660000e-02   7.2000000e-05
   5.9692000e-02   2.6900000e-02
   6.2524000e-02   2.0600000e-03
   6.8107000e-02   3.2900000e-02
   7.4940000e-02   1.1800000e-03
   8.0190000e-02   4.2000000e-05
   8.3150000e-02   2.9000000e-05
   8.9090000e-02   4.6000000e-05
   1.1371000e-01   1.3000000e-05
   1.1890000e-01   8.0000000e-06
   1.2780500e-01   2.1300000e-02
   1.3468000e-01   1.0100000e-04
   1.4583000e-01   1.3000000e-05
   1.6401300e-01   6.7400000e-03
   1.6740000e-01   7.2000000e-05
   1.7716000e-01   1.0000000e-05
   1.7960000e-01   1.0000000e-05
   1.8740000e-01   8.0000000e-06
   2.0272400e-01   1.0300000e-02
   2.0609000e-01   2.9000000e-05
   2.3950000e-01   4.2000000e-05
   2.3990000e-01   1.1400000e-04
   2.9530000e-01   2.5000000e-05
   3.0019000e-01   2.0600000e-04
   3.0715000e-01   1.0100000e-04
   3.4481700e-01   6.2700000e-03
   3.7030000e-01   1.2200000e-05
   3.8350100e-01   2.3500000e-02
   4.0733800e-01   4.2100000e-01
   4.1680000e-01   9.0000000e-05
   4.4602500e-01   2.9600000e-02
   4.6370000e-01   2.1000000e-05
   4.7271000e-01   3.1200000e-04
   4.7544500e-01   1.0400000e-02
   4.7976000e-01   1.1400000e-04
   4.9630000e-01   2.5000000e-05
   5.2620000e-01   2.9000000e-05
   5.3514300e-01   2.9300000e-03
   5.4754000e-01   2.9000000e-06
   6.1006200e-01   4.4200000e-01
   7.1445000e-01   1.7000000e-05
   7.3490000e-01   1.3000000e-06
   7.9742000e-01   1.0500000e-04
   8.3100000e-01   2.1000000e-06
   8.9400000e-01   1.3000000e-05
