   3.3800000e-02   1.1000000e-05
   7.5720000e-02   1.8000000e-02
   9.9800000e-02   3.0000000e-03
   1.0470000e-01   3.2000000e-03
   1.1803000e-01   1.2900000e-01
   1.4499000e-01   1.4000000e-02
   1.4852000e-01   1.6000000e-03
   1.5340000e-01   6.0000000e-04
   1.5800000e-01   2.4000000e-03
   1.6719000e-01   3.0000000e-02
   2.1092000e-01   1.6000000e-03
   2.2309000e-01   2.6000000e-03
   2.2876000e-01   1.6000000e-02
   2.3361000e-01   1.8000000e-02
   2.3875000e-01   4.4000000e-01
   2.4291000e-01   6.1000000e-02
   2.6754000e-01   1.0100000e-02
   3.0990000e-01   3.6000000e-03
   3.2443000e-01   4.8000000e-03
   3.2637000e-01   2.8000000e-03
   3.3460000e-01   2.0000000e-03
   3.4435000e-01   3.6000000e-03
   3.5678000e-01   1.6000000e-02
   3.9400000e-01   5.1000000e-03
   4.3473000e-01   1.9000000e-02
   4.6050000e-01   3.0000000e-03
   5.0836000e-01   2.0000000e-03
   5.3350000e-01   9.0000000e-03
   5.6720000e-01   4.4000000e-03
   5.6980000e-01   4.0000000e-03
   5.9196000e-01   7.0000000e-03
   6.7555000e-01   1.6000000e-02
   6.8720000e-01   5.1000000e-03
   7.2870000e-01   1.0300000e-02
   7.4960000e-01   8.0000000e-03
   7.5128000e-01   3.2000000e-02
   7.5915000e-01   2.4000000e-02
   7.8570000e-01   7.7000000e-03
   7.8760000e-01   5.3000000e-02
   7.9200000e-01   6.1000000e-03
   7.9690000e-01   1.2000000e-02
   8.2677000e-01   2.0000000e-01
   8.3162000e-01   7.7000000e-02
   8.3470000e-01   2.0000000e-03
   8.4299000e-01   8.3000000e-03
   8.6800000e-01   2.0000000e-02
   8.7220000e-01   2.4000000e-02
   9.0850000e-01   4.0000000e-03
   9.2050000e-01   1.3000000e-02
   9.3150000e-01   8.3000000e-03
   9.4180000e-01   1.0000000e-02
   9.5500000e-01   5.0000000e-02
   9.6000000e-01   4.6000000e-03
   9.7100000e-01   1.2000000e-02
   9.8070000e-01   8.3000000e-03
   9.9060000e-01   1.5000000e-02
   1.0005000e+00   5.0000000e-03
   1.0101800e+00   8.3000000e-03
   1.0286000e+00   3.0000000e-03
   1.0306000e+00   1.6600000e-02
   1.0445000e+00   3.0000000e-03
   1.0485000e+00   3.0000000e-03
   1.0603800e+00   5.7000000e-02
   1.0643000e+00   3.0000000e-03
   1.0776400e+00   4.0000000e-03
   1.0859000e+00   1.3000000e-02
   1.1108000e+00   2.1000000e-02
   1.1317000e+00   7.3000000e-03
   1.1595000e+00   5.3000000e-03
   1.1645000e+00   3.6000000e-03
   1.1765000e+00   2.0000000e-03
   1.1815000e+00   1.0300000e-02
   1.2340000e+00   2.2000000e-03
   1.2440000e+00   2.4000000e-03
   1.2593000e+00   2.6000000e-03
   1.3051000e+00   1.8000000e-02
   1.3251000e+00   4.0000000e-03
   1.3464000e+00   1.0900000e-02
   1.3690000e+00   1.4000000e-03
   1.3853000e+00   1.2000000e-02
   1.3942000e+00   6.0000000e-04
   1.4052000e+00   1.0000000e-03
   1.4127000e+00   2.0000000e-03
   1.4194000e+00   1.4000000e-03
   1.4344000e+00   5.3000000e-03
   1.4426700e+00   6.9000000e-03
   1.4923000e+00   1.0000000e-02
   1.5136000e+00   1.6000000e-03
   1.5382000e+00   2.6000000e-03
   1.5508000e+00   1.4000000e-03
   1.5681000e+00   1.0000000e-02
   1.5727000e+00   1.1000000e-02
   1.5893000e+00   6.7000000e-03
   1.6193000e+00   5.7000000e-03
   1.6244000e+00   3.6000000e-03
   1.6537000e+00   1.0000000e-03
   1.6590000e+00   6.0000000e-04
   1.6670000e+00   6.0000000e-04
   1.6846000e+00   6.0000000e-04
   1.7054000e+00   1.4000000e-02
   1.7398000e+00   1.2500000e-02
   1.7585000e+00   8.9000000e-03
   1.7811000e+00   4.0000000e-03
   1.7945000e+00   1.6000000e-03
   1.8263000e+00   1.6000000e-03
   1.8362000e+00   6.0000000e-04
   1.8460000e+00   6.0000000e-04
   1.8667000e+00   1.6000000e-03
   1.9130000e+00   6.0000000e-04
   1.9270000e+00   1.0000000e-03
   1.9376000e+00   2.0000000e-03
   1.9461000e+00   6.3000000e-03
   1.9817000e+00   1.2000000e-02
   1.9935000e+00   1.8000000e-03
   1.9994000e+00   1.8000000e-03
   2.0153000e+00   1.8000000e-03
   2.0692000e+00   4.0000000e-04
   2.0960000e+00   6.0000000e-04
   2.1152000e+00   1.6000000e-03
   2.1379000e+00   7.7000000e-03
   2.1567000e+00   3.0000000e-03
   2.2250000e+00   1.6000000e-03
   2.2578000e+00   2.6000000e-03
   2.2669000e+00   4.0000000e-04
   2.2845000e+00   4.0000000e-04
   2.3029000e+00   4.0000000e-03
   2.3550000e+00   4.0000000e-04
   2.3960000e+00   4.0000000e-04
   2.4341000e+00   1.0000000e-03
   2.4650000e+00   4.0000000e-04
   2.4823000e+00   4.0000000e-04
   2.5282000e+00   1.4000000e-03
   2.6470000e+00   4.0000000e-04
