   1.2279300e-01   1.5000000e-03
   1.2337900e-01   4.5000000e-03
   2.1433500e-01   1.1300000e-01
   2.1493000e-01   4.6000000e-03
   2.7902900e-01   1.9000000e-05
   3.0397700e-01   6.2000000e-05
   3.3771300e-01   1.8100000e-03
   5.3249000e-01   4.1000000e-05
   6.5588800e-01   2.7000000e-04
   6.8020000e-01   5.0000000e-06
   7.3583000e-01   1.7000000e-04
   7.8918800e-01   2.2000000e-06
   8.3124000e-01   2.7000000e-05
   8.5925400e-01   1.0000000e-03
   8.7024300e-01   5.7000000e-04
   8.9150000e-01   2.2000000e-05
   9.5390000e-01   1.3000000e-05
   9.8317000e-01   8.9000000e-05
   9.9806000e-01   2.7000000e-06
   1.0036900e+00   1.1600000e-04
   1.0461600e+00   3.8000000e-05
   1.0735000e+00   2.7000000e-06
   1.0769000e+00   8.1000000e-05
   1.1059200e+00   2.7000000e-04
   1.1208330e+00   8.0000000e-06
   1.1684000e+00   1.4000000e-05
   1.1995000e+00   4.9000000e-05
