   1.4063830e-02   0.0000000e+00
   1.9812960e-02   0.0000000e+00
   5.4193400e-02   1.9400000e-05
   6.8255700e-02   1.3000000e-05
   6.9673000e-02   4.8500000e-02
   7.5422130e-02   3.4900000e-03
   8.3367170e-02   1.8500000e-03
   8.9485950e-02   1.6700000e-03
   9.6883000e-02   7.0000000e-05
   9.7431000e-02   8.4600000e-03
   1.0318012e-01   3.0000000e-01
   1.1811230e-01   2.4000000e-06
   1.2490000e-01   9.0000000e-05
   1.5162450e-01   1.1300000e-04
   1.6655560e-01   6.3000000e-06
   1.7230430e-01   4.2000000e-06
   1.7285307e-01   8.0500000e-04
   4.1205000e-01   2.1500000e-05
   4.2451000e-01   2.0900000e-05
   4.3713000e-01   1.4900000e-05
   4.4320000e-01   8.9000000e-07
   4.6200000e-01   1.8000000e-05
   4.6364000e-01   1.4600000e-04
   4.8500000e-01   3.9000000e-06
   4.8775000e-01   3.7000000e-06
   5.0902000e-01   2.1000000e-05
   5.2137000e-01   7.5000000e-05
   5.3000000e-01   0.0000000e+00
   5.3140000e-01   6.3000000e-04
   5.3337200e-01   3.2000000e-04
   5.3904000e-01   2.1800000e-04
   5.4200000e-01   2.2900000e-05
   5.4575000e-01   8.9000000e-06
   5.5492000e-01   4.9000000e-05
   5.7410000e-01   1.6000000e-06
   5.7867000e-01   3.4000000e-05
   5.8459000e-01   1.1600000e-05
   5.8760000e-01   4.5000000e-06
   5.9096000e-01   1.1000000e-05
   5.9661000e-01   1.1600000e-04
   5.9830000e-01   2.1000000e-05
   5.9830000e-01   2.1000000e-05
   6.0331000e-01   4.6000000e-05
   6.0950000e-01   1.4600000e-04
   6.1580000e-01   6.0000000e-06
   6.1790000e-01   7.5000000e-06
   6.3050000e-01   1.0100000e-06
   6.3480000e-01   5.1000000e-06
   6.3640000e-01   2.2100000e-05
   6.5755000e-01   4.0000000e-06
   6.6240000e-01   2.1000000e-07
   6.7700000e-01   4.5000000e-07
   6.8200000e-01   2.7000000e-07
   6.8600000e-01   2.3200000e-06
   6.9410000e-01   2.1000000e-07
   7.0180000e-01   3.0000000e-07
   7.0680000e-01   1.5800000e-07
   7.1390000e-01   2.2400000e-06
   7.1900000e-01   2.4000000e-07
   7.6050000e-01   4.5000000e-07
   7.6380000e-01   4.2000000e-07
