   1.1009300e-01   1.2600000e-04
   1.3634348e-01   1.8300000e-03
   1.7698000e-01   4.3000000e-05
   2.0131120e-01   4.7200000e-03
   2.0579549e-01   3.3000000e-02
   2.1470000e-01   2.6000000e-05
   2.1470000e-01   2.6000000e-05
   2.8004000e-01   2.3000000e-04
   2.8326680e-01   2.6200000e-03
   2.9595827e-01   2.8670000e-01
   3.0845692e-01   3.0000000e-01
   3.1480000e-01   7.0000000e-04
   3.1480000e-01   7.0000000e-04
   3.1650791e-01   8.2810000e-01
   3.2931200e-01   1.8500000e-04
   3.7448520e-01   7.2100000e-03
   4.1540000e-01   9.0000000e-05
   4.1540000e-01   9.0000000e-05
   4.1647140e-01   6.6400000e-03
   4.2053200e-01   7.3700000e-04
   4.6807152e-01   4.7830000e-01
   4.8457800e-01   3.1840000e-02
   4.8530000e-01   2.2000000e-05
   4.8903900e-01   4.4300000e-03
   5.8858450e-01   4.5150000e-02
   5.9337000e-01   4.2600000e-04
   5.9935000e-01   3.9000000e-05
   6.0441464e-01   8.2300000e-02
   6.1246564e-01   5.3090000e-02
   7.0398000e-01   5.3000000e-05
   7.3900000e-01   5.0000000e-06
   7.3900000e-01   5.1000000e-06
   7.6580000e-01   1.4900000e-05
   8.8454180e-01   2.9230000e-03
   1.0614800e+00   5.2800000e-04
   1.0897000e+00   1.0800000e-05
   1.3783000e+00   1.2400000e-05
