   1.0600000e-02   8.0000000e-03
   1.4883000e-01   9.0000000e-06
   2.1703000e-01   3.9000000e-05
   4.3322000e-01   5.1800000e-04
   4.3659000e-01   2.6500000e-03
   4.4715000e-01   1.8000000e-02
   4.7912000e-01   1.1900000e-04
   4.8247000e-01   4.5700000e-04
   4.9303000e-01   1.0500000e-04
   5.2930000e-01   3.6000000e-06
   6.3138000e-01   1.3400000e-04
   6.7826000e-01   9.0000000e-06
   6.9872000e-01   3.1200000e-04
   7.0930000e-01   1.0700000e-05
   7.2440000e-01   7.0000000e-06
   7.7097000e-01   6.1000000e-05
   7.8157000e-01   3.0000000e-05
   9.1580000e-01   5.1400000e-04
   9.2635000e-01   3.3800000e-04
   1.1608500e+00   1.5000000e-05
