   6.7412000e-02   4.2300000e-02
   1.1750000e-01   1.0000000e-04
   2.1555000e-01   2.1000000e-04
   2.8295600e-01   1.2200000e-01
   3.7305000e-01   2.1500000e-02
   5.2916900e-01   3.7600000e-03
   5.4500000e-01   5.9000000e-05
   5.8860500e-01   1.1680000e-02
   6.2560500e-01   4.0000000e-04
   6.5600800e-01   1.0770000e-01
   8.1669200e-01   3.0700000e-03
   8.4121100e-01   2.1400000e-03
   9.0229400e-01   8.3000000e-04
   9.0863100e-01   1.1020000e-02
   9.4786000e-01   1.0000000e-04
   1.0151100e+00   1.0000000e-04
   1.0321620e+00   4.2000000e-04
   1.0648960e+00   4.8000000e-04
   1.0734650e+00   3.3000000e-04
   1.0995600e+00   2.4500000e-03
   1.1178200e+00   3.2000000e-04
   1.1323500e+00   9.0000000e-04
   1.1852340e+00   3.7500000e-02
   1.4464920e+00   4.5000000e-04
   1.5422040e+00   2.5600000e-04
   1.6096200e+00   2.1200000e-04
   1.6620000e+00   5.3000000e-04
   1.7294730e+00   5.4000000e-04
   1.9973000e+00   3.9000000e-05
   2.1200000e+00   1.0000000e-04
   2.1239300e+00   4.1000000e-04
