   3.2460000e-01   1.3000000e-05
   4.3500000e-01   7.0000000e-06
   4.7500000e-01   7.0000000e-06
   5.4710000e-01   1.0000000e-05
   5.6180000e-01   1.0000000e-05
   5.8110000e-01   1.1000000e-05
   5.8990000e-01   1.0000000e-05
   6.6206000e-01   2.5900000e-04
   6.7680000e-01   1.3000000e-05
   6.9490000e-01   1.1000000e-05
   7.1040000e-01   3.1000000e-05
   8.3480000e-01   2.0000000e-05
   8.5300000e-01   3.1000000e-05
   9.6400000e-01   1.5000000e-05
   1.3545200e+00   1.6400000e-02
   1.3687000e+00   4.9000000e-05
   1.4970000e+00   1.8200000e-04
   1.5121000e+00   9.2000000e-05
   1.6048000e+00   8.5000000e-05
   1.6933000e+00   7.4000000e-04
   1.7390000e+00   1.5600000e-04
   1.9437000e+00   3.3000000e-05
   2.0302000e+00   5.1000000e-05
   2.0492000e+00   2.3000000e-05
   2.1711000e+00   2.0300000e-04
   2.1739000e+00   1.6400000e-04
   2.2073000e+00   7.9000000e-05
   2.2670000e+00   4.1300000e-04
   2.3289000e+00   5.0000000e-06
