   0.0000000e+00   0.0000000e+00
   1.0867000e-01   3.1000000e-03
   1.1418000e-01   1.9000000e-03
   1.1912000e-01   1.1300000e-01
   1.2727000e-01   3.9000000e-03
   1.6314000e-01   5.3000000e-03
   1.8210000e-01   7.8000000e-03
   1.8671800e-01   2.7800000e-01
   1.9685000e-01   3.8000000e-03
   1.9808000e-01   9.9000000e-03
   1.9930000e-01   2.8000000e-03
   2.0000000e-01   1.2700000e-02
   2.0791000e-01   1.4000000e-03
   2.0791000e-01   4.0000000e-03
   2.2381100e-01   5.6000000e-03
   2.4230000e-01   1.4300000e-03
   2.5265000e-01   1.2700000e-03
   2.5519000e-01   4.9000000e-03
   2.8293000e-01   2.2300000e-02
   2.8490000e-01   4.4000000e-03
   2.8822000e-01   4.7000000e-03
   2.9475000e-01   1.2900000e-02
   2.9475000e-01   1.4300000e-02
   3.1556000e-01   1.0100000e-02
   3.2181000e-01   7.6000000e-03
   3.4409000e-01   1.2100000e-02
   3.6113600e-01   1.2100000e-01
   3.7126000e-01   1.0300000e-01
   3.7940000e-01   7.2000000e-03
   3.8710000e-01   8.7000000e-03
   3.9017000e-01   4.8000000e-02
   3.9460000e-01   4.6000000e-03
   3.9738800e-01   6.2000000e-02
   4.0717600e-01   8.3000000e-02
   4.0754300e-01   4.4000000e-02
   4.3161000e-01   4.0000000e-03
   4.4781000e-01   2.8800000e-02
   4.7780000e-01   4.2000000e-03
   4.8523000e-01   1.3700000e-03
   4.9071000e-01   3.4800000e-02
   5.0253000e-01   3.3800000e-02
   5.1855000e-01   6.7000000e-02
   5.3921000e-01   2.2000000e-03
   5.5797200e-01   1.4300000e-01
   5.5870000e-01   5.4000000e-02
   5.6931000e-01   1.3700000e-01
   6.0524000e-01   1.4900000e-01
   6.1542000e-01   1.7500000e-03
   6.1608000e-01   1.0300000e-02
   6.3091000e-01   4.4000000e-03
   6.3300000e-01   1.0000000e-02
   6.5600000e-01   1.0700000e-02
   6.7310000e-01   9.4000000e-02
   6.7520000e-01   5.2000000e-03
   6.9004000e-01   1.4100000e-02
   7.2622000e-01   4.4500000e-03
   7.3973000e-01   7.6000000e-03
   7.6861000e-01   2.1900000e-02
   8.2896000e-01   5.2000000e-03
   8.3912000e-01   1.8100000e-03
   8.6485000e-01   6.2000000e-03
   8.8110000e-01   7.8000000e-03
   8.8907000e-01   4.4000000e-03
   9.0575000e-01   1.3100000e-02
   9.5190000e-01   1.6300000e-03
   9.5820000e-01   1.9700000e-02
   9.6510000e-01   4.2000000e-03
   1.0109000e+00   6.0000000e-03
   1.0360500e+00   2.7000000e-03
   1.1136000e+00   4.0000000e-03
   1.1556000e+00   2.7000000e-03
   1.1661000e+00   4.1000000e-03
   1.1942000e+00   2.0300000e-03
   1.2002400e+00   6.6000000e-04
   1.2502000e+00   2.8000000e-03
   1.2659000e+00   8.3000000e-04
   1.3131000e+00   6.4000000e-03
   1.3243000e+00   2.2000000e-03
   1.3827000e+00   6.8000000e-04
   1.3869500e+00   2.4000000e-04
   1.4994000e+00   5.0000000e-04
   1.5211000e+00   8.3000000e-04
   1.5365000e+00   4.8000000e-04
   1.5649000e+00   1.2000000e-03
   1.5737000e+00   2.6000000e-03
   1.6164000e+00   1.4000000e-03
   1.7252000e+00   5.8000000e-04
   1.7454000e+00   4.0000000e-04
   1.8823000e+00   3.0000000e-04
   2.0234000e+00   2.0000000e-04
