   9.8000000e-03   0.0000000e+00
   5.2740000e-02   0.0000000e+00
   6.2480000e-02   0.0000000e+00
   8.0500000e-02   4.6000000e-06
   8.4450000e-02   0.0000000e+00
   1.0004000e-01   1.6900000e-05
   1.2352000e-01   2.1000000e-06
   1.6460000e-01   4.6000000e-06
   1.9260000e-01   5.1000000e-06
   2.5390000e-01   3.8000000e-06
   2.9788000e-01   1.2000000e-04
   3.3112000e-01   2.1000000e-06
   3.3995000e-01   3.3400000e-05
   4.1710000e-01   8.7000000e-06
   4.3116000e-01   1.4400000e-05
   4.3610000e-01   2.8500000e-04
   4.3994000e-01   2.7600000e-04
   4.4480000e-01   9.1000000e-06
   4.5230000e-01   6.9000000e-06
   4.8400000e-01   2.8000000e-06
   5.5200000e-01   3.2000000e-06
   5.5850000e-01   5.9000000e-06
   5.6840000e-01   8.6000000e-06
   5.7810000e-01   1.3300000e-05
   6.1430000e-01   3.3400000e-05
   7.1130000e-01   1.2300000e-05
   8.7580000e-01   6.9000000e-05
   1.0136000e+00   8.6000000e-06
   1.1135000e+00   4.9000000e-04
