   1.4320000e-01   2.3000000e-02
   1.4750000e-01   4.7500000e-01
   3.5880000e-01   1.7600000e-02
   3.6220000e-01   4.7000000e-03
   4.8420000e-01   5.7000000e-03
   6.8129000e-01   6.6000000e-03
   6.8500000e-01   6.2000000e-04
   7.2290000e-01   2.6100000e-02
   7.2670000e-01   1.2000000e-03
   7.7376000e-01   1.0500000e-03
   7.7730000e-01   5.2000000e-04
   8.3033000e-01   9.7400000e-02
   8.3430000e-01   3.8000000e-03
   8.4299000e-01   1.1400000e-02
   8.4714000e-01   6.2000000e-03
   8.7030000e-01   6.6000000e-02
   9.2454000e-01   9.0700000e-03
   9.3691000e-01   8.9300000e-03
   9.5700000e-01   1.5700000e-03
   9.7785000e-01   1.2160000e-02
   9.8160000e-01   1.0000000e-04
   9.9067000e-01   2.0900000e-03
   1.0002000e+00   1.0500000e-03
   1.0034200e+00   2.6600000e-03
   1.0570800e+00   8.1000000e-04
   1.0952600e+00   9.8300000e-02
   1.0988200e+00   1.3800000e-02
   1.1373400e+00   1.4700000e-03
   1.1864600e+00   1.5200000e-03
   1.2425900e+00   7.2000000e-02
   1.2652600e+00   4.7000000e-03
   1.2694000e+00   1.1400000e-03
   1.2956800e+00   4.7500000e-03
   1.3003000e+00   7.1000000e-04
   1.3159200e+00   2.0400000e-03
   1.3197000e+00   1.0000000e-03
   1.3237700e+00   1.9500000e-03
   1.3947000e+00   7.6000000e-04
   1.4029000e+00   5.2000000e-04
   1.4432700e+00   2.0900000e-03
   1.4454500e+00   1.2400000e-03
   1.4562000e+00   5.2000000e-04
   1.4625400e+00   1.4300000e-03
   1.4682400e+00   3.1800000e-03
   1.4995600e+00   4.3000000e-04
   1.5045800e+00   1.0500000e-03
   1.5288200e+00   5.7000000e-04
   1.5592500e+00   3.3000000e-04
   1.5819900e+00   8.1000000e-04
   1.6041900e+00   4.6500000e-03
   1.6087000e+00   9.5000000e-04
   1.6370000e+00   1.9000000e-04
   1.6833100e+00   4.7000000e-04
   1.6872000e+00   4.7000000e-04
   1.7010600e+00   4.7000000e-04
   1.7296800e+00   1.2400000e-03
   1.7520500e+00   8.1000000e-04
   1.7599300e+00   1.8500000e-03
   1.7692400e+00   4.7000000e-04
   1.8340900e+00   7.6500000e-03
   1.9264000e+00   9.0000000e-04
   1.9299000e+00   5.7000000e-04
   1.9816700e+00   2.5200000e-03
   2.2820500e+00   8.5000000e-04
   2.2865000e+00   2.9000000e-04
   2.3593000e+00   1.2400000e-03
   2.3807400e+00   3.8000000e-04
   2.4117000e+00   6.2000000e-04
   2.4181500e+00   2.4000000e-04
   2.4293600e+00   4.7000000e-04
   2.5072200e+00   6.7000000e-04
   2.5201500e+00   6.2000000e-04
   2.6091000e+00   5.7000000e-04
   2.8540000e+00   2.9000000e-04
   2.9095700e+00   4.7000000e-04
   2.9266900e+00   6.2000000e-04
   3.0021000e+00   9.0000000e-05
   3.0235000e+00   1.4000000e-04
   3.0784000e+00   1.4000000e-04
   3.0950000e+00   2.9000000e-04
   3.1718200e+00   4.7000000e-04
   3.1896500e+00   6.7000000e-04
   3.2460000e+00   1.4000000e-04
   3.3590000e+00   9.0000000e-05
   3.4578400e+00   1.4000000e-04
   3.5902000e+00   1.9000000e-04
