   2.4200000e-02   3.6000000e-04
   1.0587000e-01   1.3000000e-02
   1.2964000e-01   8.1000000e-01
   1.4659000e-01   3.7300000e-01
   1.6190000e-01   2.2700000e-03
   1.6680000e-01   1.6200000e-03
   2.7600000e-01   2.9200000e-02
   2.8790000e-01   1.8600000e-03
   3.1186000e-01   3.7000000e-02
   5.8820000e-01   1.1300000e-03
   6.0650000e-01   3.3000000e-03
   6.9810000e-01   4.9000000e-04
   7.3490000e-01   4.3000000e-03
   7.4830000e-01   2.4000000e-04
   8.3750000e-01   1.5400000e-03
   8.6150000e-01   2.0200000e-03
   8.6440000e-01   3.0000000e-04
   8.9490000e-01   1.0500000e-03
   9.6820000e-01   2.4000000e-04
   9.9170000e-01   4.4000000e-04
   1.0313000e+00   1.0500000e-04
   1.1585000e+00   4.6000000e-04
   1.3000000e+00   4.0000000e-03
   1.4464000e+00   1.1300000e-03
   1.4797000e+00   1.4600000e-04
   1.5760000e+00   3.1000000e-04
   1.9997000e+00   2.8000000e-04
   2.0317000e+00   4.0000000e-05
   2.0639000e+00   1.3000000e-04
   2.0683000e+00   1.5400000e-04
   2.1291000e+00   1.7000000e-04
