   1.9680000e-01   9.6000000e-04
   3.1450000e-01   8.8000000e-05
   5.4360000e-01   6.0000000e-04
   5.5120000e-01   9.2000000e-05
   7.2070000e-01   1.3600000e-04
   7.3920000e-01   5.0000000e-04
   7.5210000e-01   7.1000000e-04
   7.6510000e-01   1.6000000e-05
   8.2423000e-01   2.0700000e-03
   8.3169000e-01   3.9900000e-01
   8.8630000e-01   6.4000000e-04
   8.9250000e-01   2.8000000e-04
   9.8540000e-01   2.4000000e-04
   9.9785000e-01   4.5500000e-03
   1.0039000e+00   1.1000000e-04
   1.0271000e+00   2.0000000e-04
   1.0386300e+00   3.1100000e-03
   1.0607000e+00   9.5000000e-02
   1.1405000e+00   6.5000000e-04
   1.1469600e+00   4.3000000e-04
   1.1769000e+00   4.0000000e-04
   1.2717700e+00   3.9100000e-04
   1.3264600e+00   1.3200000e-03
   1.3753600e+00   1.8000000e-03
   1.4304000e+00   5.0000000e-04
   1.4383000e+00   3.2000000e-04
   1.4567000e+00   3.8000000e-04
   1.4856000e+00   6.8000000e-04
   1.4890000e+00   3.1000000e-04
   1.5221000e+00   3.8000000e-04
   1.5478000e+00   6.4000000e-04
   1.5903000e+00   1.4000000e-03
   1.6317800e+00   8.4000000e-04
   1.6656100e+00   2.1500000e-03
   1.6689000e+00   1.5000000e-03
   1.7389300e+00   2.3100000e-04
   1.7473000e+00   3.8000000e-04
   1.8041000e+00   6.0600000e-03
   1.8423000e+00   2.4000000e-04
   1.8707000e+00   7.6000000e-04
   1.8922800e+00   5.7500000e-03
   1.9418100e+00   1.2400000e-04
   1.9733000e+00   4.0000000e-04
   1.9960000e+00   4.0000000e-04
   2.1197000e+00   8.0000000e-04
   2.1393300e+00   4.4300000e-03
   2.1482000e+00   2.2000000e-03
   2.2074700e+00   4.5500000e-03
   2.2162900e+00   5.0000000e-03
   2.2397000e+00   1.6000000e-03
   2.2452000e+00   6.0000000e-04
   2.2565500e+00   1.2800000e-04
   2.2981000e+00   5.6000000e-04
   2.4739400e+00   6.1000000e-03
   2.4767000e+00   1.1000000e-03
   2.4972700e+00   3.4000000e-04
   2.6889000e+00   1.2400000e-03
   2.7242600e+00   1.2800000e-03
   2.9243000e+00   7.2000000e-04
   2.9807000e+00   9.6000000e-04
   3.0391700e+00   7.5000000e-03
   3.0813000e+00   1.6000000e-03
   3.1485800e+00   4.1900000e-03
   3.2950900e+00   8.6000000e-03
   3.3039100e+00   8.8000000e-03
   3.3170000e+00   2.8400000e-03
   3.3618800e+00   9.7000000e-03
   3.3832400e+00   6.7000000e-02
   3.5342400e+00   4.0300000e-02
   3.6274000e+00   1.3000000e-03
   3.6640000e+00   8.4000000e-04
   3.8143600e+00   5.9000000e-03
   3.9584000e+00   8.0000000e-04
   4.0193000e+00   3.6000000e-04
   4.0617000e+00   2.4000000e-03
   4.0872600e+00   2.5500000e-03
   4.1355100e+00   6.7000000e-02
   4.2784000e+00   5.2000000e-04
   4.3321400e+00   3.9500000e-03
   4.3557800e+00   4.4300000e-03
   4.3659000e+00   8.0000000e-02
   4.5008000e+00   3.6000000e-04
   4.6351000e+00   2.4000000e-04
   4.6464500e+00   2.2500000e-02
   4.7902000e+00   6.4000000e-04
   4.9190000e+00   7.7000000e-04
   4.9348000e+00   3.6000000e-04
   4.9741400e+00   2.0700000e-03
   5.0077000e+00   2.4000000e-04
   5.0702000e+00   1.4400000e-03
   5.1874400e+00   1.1700000e-02
   5.2542700e+00   2.3100000e-03
   5.2995000e+00   1.7000000e-04
   5.3330100e+00   4.3100000e-03
   5.6001000e+00   3.3000000e-04
