   4.6700000e-03   2.6500000e-07
   9.5950000e-03   2.6000000e-04
   7.7916000e-02   5.2500000e-04
   1.1718100e-01   2.0000000e-05
   1.1718100e-01   6.2000000e-04
   1.2367200e-01   8.3000000e-01
   1.3496400e-01   4.7400000e-02
   1.3963400e-01   1.2700000e-01
   1.6201100e-01   6.4600000e-02
   1.7160600e-01   1.6900000e-03
   2.2961000e-01   2.5000000e-05
   2.3982800e-01   6.0000000e-05
   2.8878600e-01   2.7900000e-04
   2.9697400e-01   3.3900000e-01
   3.0656900e-01   6.4200000e-02
   3.1123900e-01   1.0750000e-01
   3.5699600e-01   4.6600000e-03
   3.7771000e-01   8.0000000e-06
   4.2305700e-01   6.3100000e-04
   4.2694000e-01   9.9000000e-05
   4.2842000e-01   1.2100000e-04
   4.2971400e-01   8.9000000e-05
   4.4482100e-01   4.3000000e-05
   4.5130500e-01   8.9000000e-05
   4.5823000e-01   3.3000000e-05
   4.9240000e-01   1.2000000e-05
   5.4023800e-01   3.6900000e-03
   5.4689400e-01   3.0400000e-04
   5.4983200e-01   4.3700000e-03
   5.5648900e-01   1.2300000e-04
   5.6848500e-01   8.3000000e-05
   5.7808000e-01   2.3500000e-04
   5.9320000e-01   6.6000000e-05
   5.9600000e-01   1.7000000e-05
   6.1815300e-01   2.4100000e-04
   6.2591800e-01   3.0000000e-04
   6.9442600e-01   1.2000000e-04
   6.9442600e-01   1.2000000e-04
   7.1849900e-01   2.9300000e-03
   7.3471000e-01   5.1000000e-05
   7.4009000e-01   2.3200000e-04
   7.6088100e-01   6.7200000e-04
   7.6555100e-01   1.5000000e-04
   7.8195200e-01   4.2000000e-05
   8.0717000e-01   1.2000000e-05
   8.1160600e-01   1.6500000e-04
   8.2120100e-01   3.9000000e-05
   8.2839000e-01   3.3000000e-05
   8.3410000e-01   6.0000000e-05
   8.3410000e-01   6.0000000e-05
   8.4540000e-01   1.2000000e-05
   8.5346200e-01   3.2100000e-03
   8.5740000e-01   1.7000000e-05
   8.6634800e-01   8.0000000e-06
   8.7505400e-01   2.2700000e-03
   8.7972400e-01   3.8500000e-03
   8.8952200e-01   3.6000000e-05
   8.9912400e-01   1.0800000e-04
   8.9912400e-01   9.9000000e-03
   9.0581000e-01   1.8000000e-05
   9.2936000e-01   5.1000000e-05
   9.3394000e-01   1.2000000e-05
   9.6905000e-01   5.5000000e-05
   9.7704800e-01   9.7000000e-05
   9.8321100e-01   4.0000000e-05
   9.9000000e-01   8.0000000e-06
   9.9180000e-01   8.0000000e-06
   1.0013110e+00   1.1400000e-04
   1.0059810e+00   2.0600000e-04
   1.0340870e+00   4.2100000e-03
   1.0387570e+00   3.2300000e-03
   1.0643200e+00   5.1000000e-05
   1.0707370e+00   7.9000000e-04
   1.0858000e+00   3.3000000e-06
   1.0959500e+00   1.2000000e-05
   1.1000000e+00   5.0000000e-06
   1.1181740e+00   2.5000000e-04
   1.1454300e+00   1.7000000e-06
   1.2057000e+00   2.9800000e-03
   1.2103700e+00   8.9000000e-04
   1.2309200e+00   7.4000000e-06
   1.2355900e+00   1.7000000e-06
   1.2746000e+00   1.7000000e-06
   1.2804000e+00   1.7000000e-06
   1.2866000e+00   7.5000000e-06
   1.3160000e+00   5.8000000e-06
   1.3328700e+00   1.7000000e-06
   1.3639000e+00   8.0000000e-07
   1.4286000e+00   2.5000000e-06
   1.4500000e+00   4.2000000e-06
   1.4889000e+00   3.3000000e-06
   1.5125000e+00   1.7000000e-06
   1.7784000e+00   7.0000000e-06
   2.0430000e+00   2.5000000e-06
   2.1277000e+00   1.7000000e-06
   2.6131000e+00   1.7000000e-06
