   1.0048000e-01   2.7000000e-02
   1.0958000e-01   2.1000000e-01
   2.3062000e-01   1.7000000e-02
   2.8780000e-01   1.3000000e-03
   3.0698000e-01   1.1300000e-03
   3.2550000e-01   2.4600000e-03
   5.0326000e-01   2.1600000e-02
   5.2445000e-01   8.0000000e-04
   5.5121000e-01   1.2400000e-03
   6.0370000e-01   1.0900000e-02
   6.3400000e-01   2.6000000e-03
   7.2413000e-01   4.7000000e-03
   7.4910000e-01   4.3000000e-03
   7.7474000e-01   2.9100000e-03
   8.0822000e-01   3.4700000e-03
   8.2503000e-01   3.7000000e-03
   8.7178000e-01   3.4700000e-03
   1.0315900e+00   2.5000000e-03
   1.1814400e+00   9.4000000e-03
   1.2596500e+00   3.3200000e-03
   1.2658000e+00   2.5700000e-03
   1.2752600e+00   4.1100000e-03
   1.3965300e+00   2.1000000e-02
   1.4180200e+00   5.6000000e-03
   1.5058500e+00   9.2000000e-02
   1.5384400e+00   2.4400000e-03
   1.5572600e+00   3.0400000e-03
   1.5713300e+00   3.3000000e-03
   1.8453700e+00   2.1800000e-03
   1.8692500e+00   6.6000000e-03
   2.5942000e+00   2.6100000e-03
