   2.3470000e-01   3.4900000e-04
   2.5825000e-01   1.9000000e-04
   2.7060000e-01   1.0700000e-03
   2.8245000e-01   1.8400000e-04
   2.8620000e-01   5.8000000e-05
   3.1130000e-01   8.7000000e-05
   3.3210000e-01   1.4100000e-02
   3.5095000e-01   2.6400000e-03
   3.6350000e-01   2.9000000e-05
   3.8660000e-01   4.9000000e-05
   3.9800000e-01   4.8000000e-06
   4.3413000e-01   2.4200000e-04
   4.6985000e-01   1.4800000e-02
   4.8720000e-01   1.2600000e-04
   5.2430000e-01   9.7000000e-05
   5.6300000e-01   1.5500000e-04
   6.5260000e-01   4.0700000e-04
   6.8400000e-01   1.0700000e-04
   8.0028000e-01   1.0700000e-02
   8.2248000e-01   4.2800000e-02
   8.9050000e-01   8.7000000e-05
   8.9340000e-01   2.9100000e-03
   9.0350000e-01   1.3000000e-04
   9.1200000e-01   6.8000000e-05
   9.1555000e-01   4.1300000e-02
   9.2143000e-01   8.2500000e-04
   9.3463000e-01   2.0900000e-03
   1.0174000e+00   3.2000000e-03
   1.0671000e+00   1.0000000e-01
   1.0877000e+00   1.1900000e-02
   1.0891500e+00   4.5900000e-02
   1.1114000e+00   1.3600000e-04
   1.1375000e+00   2.9000000e-05
   1.1512300e+00   1.1400000e-03
   1.1638400e+00   3.1000000e-04
   1.1733000e+00   1.8100000e-03
   1.1861500e+00   8.7000000e-05
   1.1987000e+00   1.5500000e-04
   1.2084000e+00   7.8000000e-05
   1.2208800e+00   2.6800000e-03
   1.2593500e+00   3.1000000e-04
   1.2913000e+00   4.9000000e-05
   1.3494200e+00   5.9000000e-04
   1.4197000e+00   4.8700000e-03
   1.5573000e+00   4.1000000e-05
   1.5914000e+00   2.5200000e-04
   1.8067010e+00   1.4800000e-03
   1.8898950e+00   7.4000000e-04
   1.9825000e+00   3.2000000e-05
   2.0021470e+00   1.9200000e-02
   2.0383000e+00   2.9000000e-05
   2.2010190e+00   3.8800000e-04
   2.2270000e+00   1.9000000e-05
   2.2757660e+00   1.8200000e-03
