   4.8500000e-03   1.9000000e-03
   1.0850000e-02   7.0000000e-03
   6.8300000e-02   4.7000000e-04
   1.3720000e-01   7.0000000e-04
   1.5385800e-01   5.9500000e-02
   1.9700000e-01   0.0000000e+00
   2.4256000e-01   3.5000000e-02
   2.5841100e-01   3.1500000e-01
   2.8251000e-01   4.2800000e-03
   3.2530000e-01   2.3000000e-04
   3.2940000e-01   1.5000000e-04
   3.3528000e-01   1.0700000e-03
   3.7144000e-01   5.0100000e-03
   3.9651300e-01   6.3000000e-02
   4.0136000e-01   2.1700000e-02
   4.3456200e-01   2.0300000e-01
   5.0022000e-01   3.6200000e-03
   5.3007000e-01   2.5200000e-03
   5.3400000e-01   1.5000000e-04
   5.3776000e-01   1.1700000e-03
   5.4080000e-01   2.2000000e-04
   5.5595000e-01   1.1700000e-03
   5.6853000e-01   3.0600000e-03
   5.7968000e-01   7.6000000e-04
   5.8600000e-01   1.9000000e-04
   5.8884000e-01   1.2300000e-03
   6.1970000e-01   2.2000000e-04
   6.4720000e-01   1.6000000e-04
   6.5408000e-01   1.4500000e-03
   6.7537000e-01   7.2000000e-04
   6.8024000e-01   5.4000000e-04
   6.9150000e-01   3.2000000e-04
   6.9353000e-01   8.8000000e-04
   6.9760000e-01   2.2000000e-04
   7.0358000e-01   5.7000000e-04
   7.3390000e-01   3.2000000e-04
   7.4600000e-01   0.0000000e+00
   7.5500000e-01   2.5000000e-04
   7.7421000e-01   6.6000000e-04
   7.7810000e-01   4.4000000e-04
   7.9290000e-01   2.2000000e-04
   7.9960000e-01   1.6000000e-04
   8.1606000e-01   7.2000000e-04
   8.4870000e-01   4.4000000e-04
   8.5130000e-01   6.9000000e-04
   8.6582000e-01   2.9600000e-03
   8.6900000e-01   0.0000000e+00
   8.6935000e-01   6.2000000e-03
   8.9687000e-01   1.3200000e-03
   9.0230000e-01   4.4000000e-04
   9.1251000e-01   3.2800000e-03
   9.1713000e-01   9.2000000e-03
   9.3636000e-01   1.3500000e-03
   9.4125000e-01   2.3000000e-03
   9.4663000e-01   6.3000000e-04
   9.5310000e-01   2.8000000e-04
   9.9680000e-01   6.3000000e-04
   1.0763800e+00   8.8000000e-04
   1.0938700e+00   4.1000000e-03
   1.0987700e+00   2.1400000e-03
   1.1022400e+00   1.0700000e-03
   1.1142900e+00   1.4700000e-02
   1.1416400e+00   5.1000000e-03
   1.1454400e+00   1.3200000e-03
   1.1536000e+00   3.2000000e-04
   1.1609600e+00   9.8000000e-04
   1.1895400e+00   8.2000000e-04
   1.1949400e+00   8.8000000e-04
   1.2045000e+00   3.5000000e-04
   1.2187000e+00   3.8000000e-04
   1.2283000e+00   6.3000000e-04
   1.3110700e+00   8.5000000e-04
   1.3566000e+00   5.0000000e-04
   1.3619000e+00   3.5000000e-04
   1.3814000e+00   6.9000000e-04
   1.3855000e+00   7.6000000e-04
   1.4732000e+00   6.9000000e-04
   1.5489000e+00   7.6000000e-04
   1.5718400e+00   2.6500000e-03
   1.5781000e+00   5.0000000e-04
   1.6145700e+00   2.3600000e-03
   1.6465000e+00   6.6000000e-04
   1.7682600e+00   1.6700000e-01
   1.7834000e+00   3.8000000e-04
   1.7994000e+00   3.5000000e-04
   1.8125400e+00   1.8000000e-03
   1.8508600e+00   1.4200000e-02
   1.8873000e+00   6.9000000e-04
   1.9253600e+00   5.6000000e-03
   2.0047500e+00   5.3600000e-02
   2.0158200e+00   1.2250000e-01
   2.0412000e+00   3.2000000e-04
   2.0791700e+00   1.4400000e-02
   2.2522600e+00   2.2900000e-02
   2.2668000e+00   3.8000000e-04
   2.3219000e+00   6.2000000e-03
   2.3269000e+00   5.7000000e-04
   2.4752600e+00   3.1200000e-03
   2.4926100e+00   5.4000000e-04
   2.4975600e+00   1.7300000e-03
