   5.5150000e-02   0.0000000e+00
   7.7160000e-02   1.5000000e-02
   1.7060000e-01   2.2000000e-04
   1.7620000e-01   2.8000000e-04
   1.8576800e-01   3.3200000e-02
   1.9170900e-01   2.3400000e-02
   2.1936000e-01   3.8800000e-03
   2.2594500e-01   1.5600000e-03
   2.3986400e-01   1.7600000e-03
   2.4090000e-01   6.0000000e-04
   2.4645600e-01   2.2300000e-02
   2.9820000e-01   4.9000000e-04
   3.1705600e-01   4.9500000e-02
   3.2366300e-01   3.2000000e-03
   4.1765700e-01   3.7600000e-03
   4.2534000e-01   1.4300000e-03
   4.6580600e-01   9.1000000e-03
   4.6813000e-01   1.0000000e-02
   4.7468000e-01   0.0000000e+00
   4.7471900e-01   1.1500000e-02
   4.9377200e-01   5.5900000e-02
   5.0548000e-01   8.4000000e-04
   5.4299300e-01   1.5000000e-01
   6.1019100e-01   1.5000000e-04
   6.4468400e-01   8.4000000e-04
   6.4980000e-01   1.0000000e-04
   6.6500000e-01   5.3000000e-04
   7.1458300e-01   1.8400000e-02
   7.4648300e-01   2.5000000e-04
   7.5306100e-01   4.3000000e-04
   7.8033700e-01   2.4000000e-04
   7.8680000e-01   2.6000000e-04
   7.9177700e-01   1.0700000e-02
   8.3550000e-01   2.1000000e-04
   8.4232400e-01   1.8000000e-04
   8.9130000e-01   2.5000000e-04
   9.0200000e-01   1.0000000e-04
   9.6832800e-01   1.0700000e-02
   9.9230000e-01   1.3000000e-04
   1.0726410e+00   2.2000000e-04
   1.0770000e+00   9.0000000e-05
   1.1039640e+00   2.6000000e-04
   1.1594400e+00   8.8000000e-05
   1.2497180e+00   1.0300000e-04
