   5.2300000e-03   0.0000000e+00
   4.2330000e-02   1.5900000e-02
   9.4110000e-02   4.5600000e-03
   1.5975000e-01   1.1000000e-03
   2.9004000e-01   4.4000000e-03
   3.8117000e-01   2.4900000e-02
   3.8153000e-01   1.4100000e-01
   3.8937000e-01   1.6600000e-02
   4.1837000e-01   4.4100000e-02
   4.2363000e-01   1.5900000e-02
   4.3816000e-01   8.5000000e-03
   5.5935000e-01   2.2200000e-03
   5.6445000e-01   9.6000000e-04
   6.3090000e-01   3.0000000e-04
   6.4580000e-01   4.8000000e-04
   6.5250000e-01   9.9000000e-04
   6.5773000e-01   8.7000000e-04
   6.5910000e-01   3.6000000e-03
   6.5961000e-01   2.4000000e-03
   6.7400000e-01   6.9000000e-04
   6.7860000e-01   4.9000000e-04
   6.8290000e-01   2.1000000e-04
   7.0910000e-01   1.5000000e-04
   7.1060000e-01   2.9400000e-04
   7.1534000e-01   1.0200000e-03
   7.2270000e-01   1.6000000e-04
   7.3195000e-01   8.3000000e-04
   7.3713000e-01   2.5500000e-03
   7.5910000e-01   4.1000000e-03
   7.6265000e-01   3.0000000e-01
   7.7844000e-01   1.9900000e-02
   7.9340000e-01   4.2000000e-04
   8.0465000e-01   8.5000000e-04
   8.0870000e-01   4.1000000e-04
   8.1929000e-01   8.4000000e-03
   8.3100000e-01   6.0000000e-05
   8.4844000e-01   2.3000000e-03
   8.5383000e-01   1.2900000e-03
   8.6860000e-01   1.5000000e-04
   8.6910000e-01   2.7000000e-04
   8.7910000e-01   3.6000000e-04
   8.8810000e-01   2.1000000e-04
   8.9080000e-01   1.3800000e-03
   9.0290000e-01   7.2000000e-04
   9.0767000e-01   3.0300000e-03
   9.1691000e-01   1.3200000e-03
   9.3000000e-01   5.0000000e-04
   9.3580000e-01   2.9000000e-04
   9.9420000e-01   6.0000000e-03
   9.9421000e-01   6.0000000e-03
   1.0103500e+00   2.7900000e-04
   1.0194500e+00   4.8000000e-04
   1.0354000e+00   3.6000000e-04
   1.0385500e+00   8.7000000e-04
   1.0440300e+00   3.4800000e-03
   1.0544500e+00   2.0400000e-03
   1.0863000e+00   3.5000000e-04
   1.0980500e+00   2.5600000e-03
   1.1029000e+00   2.8800000e-04
   1.1255500e+00   1.6500000e-04
   1.1304100e+00   3.9900000e-04
   1.1473300e+00   1.2800000e-02
   1.1599700e+00   1.4800000e-02
   1.1740800e+00   4.0500000e-04
   1.1785500e+00   9.6000000e-05
   1.2017700e+00   1.5900000e-03
   1.2086000e+00   2.0400000e-04
   1.2148800e+00   2.4100000e-03
   1.2343000e+00   3.8000000e-04
   1.2377200e+00   2.1000000e-03
   1.2428700e+00   7.2000000e-04
   1.2524500e+00   1.4400000e-04
   1.2721000e+00   6.6000000e-04
   1.2778000e+00   2.9000000e-04
   1.2851100e+00   7.8000000e-04
   1.2960600e+00   1.3100000e-03
   1.3244500e+00   2.0400000e-03
   1.3316000e+00   1.5000000e-04
   1.3749700e+00   4.6200000e-04
   1.3832000e+00   4.8000000e-04
   1.3854000e+00   1.0500000e-03
   1.3967000e+00   1.8300000e-04
   1.4409000e+00   2.8500000e-04
   1.4525000e+00   8.1000000e-05
   1.4921000e+00   1.5900000e-04
   1.5283200e+00   9.2000000e-04
   1.5625100e+00   1.7600000e-02
   1.5925000e+00   1.3800000e-04
   1.5976400e+00   3.2100000e-04
   1.6060000e+00   9.0000000e-05
   1.6127000e+00   1.5000000e-04
   1.6247000e+00   9.0000000e-05
   1.6495000e+00   3.6000000e-04
   1.6533100e+00   6.8000000e-04
   1.6662000e+00   7.8000000e-04
   1.7074000e+00   2.3100000e-04
   1.7111500e+00   3.0000000e-04
   1.7492500e+00   2.3100000e-04
   1.7565000e+00   1.9800000e-04
   1.7657000e+00   1.5000000e-04
   1.7778500e+00   2.3100000e-04
   1.7932500e+00   1.2600000e-04
   1.7985500e+00   2.7300000e-04
   1.8737400e+00   2.8200000e-04
   1.9111500e+00   3.0000000e-04
   1.9467000e+00   7.2000000e-04
   1.9520600e+00   7.7400000e-03
   2.0149800e+00   4.6000000e-04
   2.0534000e+00   6.6000000e-05
   2.0899400e+00   1.2200000e-03
   2.1348900e+00   2.7000000e-04
   2.1476400e+00   1.7100000e-03
