   1.0692000e-01   2.2000000e-03
   3.1450000e-01   8.3000000e-03
   3.9580000e-01   8.0000000e-04
   4.4230000e-01   1.1000000e-03
   5.2210000e-01   4.0000000e-03
   5.5120000e-01   8.6000000e-03
   7.2070000e-01   5.4000000e-03
   7.3920000e-01   6.7000000e-05
   7.5210000e-01   1.1600000e-05
   7.6510000e-01   8.0000000e-04
   7.7990000e-01   2.7000000e-03
   8.2423000e-01   8.7000000e-02
   8.3169000e-01   9.4000000e-01
   8.7200000e-01   5.3000000e-03
   8.8630000e-01   5.8000000e-05
   9.2120000e-01   3.0000000e-03
   9.5244000e-01   1.6800000e-02
   9.8540000e-01   8.0000000e-04
   1.0039000e+00   6.0000000e-04
   1.0139500e+00   2.5000000e-03
   1.0219000e+00   8.0000000e-04
   1.0271000e+00   1.2000000e-03
   1.0607000e+00   7.6000000e-02
   1.0867000e+00   7.0000000e-04
   1.1092000e+00   1.3000000e-03
   1.1405000e+00   8.8000000e-03
   1.1469600e+00   1.5000000e-04
   1.1769000e+00   3.7000000e-05
   1.2428400e+00   3.0300000e-02
   1.2717700e+00   1.5400000e-02
   1.2985000e+00   2.0000000e-03
   1.3022000e+00   1.9000000e-03
   1.3264600e+00   1.7500000e-05
   1.3753600e+00   1.6700000e-01
   1.3772000e+00   2.3000000e-02
   1.3916000e+00   4.3000000e-03
   1.4252000e+00   2.7000000e-03
   1.4383000e+00   4.2000000e-06
   1.4567000e+00   2.4000000e-03
   1.4601000e+00   1.9000000e-03
   1.4890000e+00   3.5000000e-03
   1.5769000e+00   1.1000000e-03
   1.6035200e+00   4.6000000e-03
   1.6589000e+00   4.3000000e-03
   1.6656100e+00   4.8000000e-02
   1.6862000e+00   1.2000000e-03
   1.6920700e+00   2.7000000e-03
   1.6961600e+00   1.6500000e-02
   1.7389300e+00   1.8800000e-02
   1.7473000e+00   2.4000000e-03
   1.7645000e+00   9.0000000e-04
   1.7938900e+00   8.4000000e-03
   1.8298200e+00   3.5000000e-03
   1.8381500e+00   8.2000000e-03
   1.8774000e+00   4.4000000e-03
   1.8922800e+00   4.6000000e-03
   1.9031000e+00   1.3000000e-03
   1.9418100e+00   6.1000000e-03
   2.1283000e+00   5.1900000e-02
   2.1393300e+00   1.3000000e-03
   2.2009000e+00   4.8000000e-03
   2.2074700e+00   1.6100000e-03
   2.2565500e+00   6.6000000e-03
   2.2981000e+00   3.4000000e-03
   2.3112000e+00   2.9000000e-03
   2.3352000e+00   2.1000000e-03
   2.3815000e+00   1.7000000e-03
   2.4429000e+00   2.6000000e-03
   2.4739400e+00   8.5000000e-05
   2.4972700e+00   7.6000000e-03
   2.5378000e+00   1.7000000e-03
   2.5439000e+00   3.3000000e-03
   2.5923200e+00   6.4000000e-03
   2.6178000e+00   6.1000000e-03
   2.7242600e+00   4.3000000e-03
   2.7410000e+00   1.4000000e-03
   2.7526800e+00   1.1500000e-01
   2.7891000e+00   2.8000000e-03
   2.8344300e+00   1.8400000e-02
   2.9003000e+00   1.1000000e-03
   2.9117000e+00   1.2000000e-03
   3.0321000e+00   4.3000000e-03
   3.0391700e+00   2.6000000e-03
   3.1979000e+00   1.4000000e-03
   3.2050900e+00   1.1200000e-02
   3.2145000e+00   1.3000000e-03
   3.3039100e+00   1.4100000e-04
   3.3170000e+00   1.4300000e-01
   3.3708000e+00   4.0000000e-03
   3.3832400e+00   6.1300000e-03
   3.5035200e+00   2.3600000e-02
   3.5342400e+00   7.2000000e-04
   3.5386000e+00   4.8000000e-03
   3.5728200e+00   1.5300000e-02
   3.6208000e+00   5.7000000e-03
   3.6274000e+00   9.0000000e-03
   3.9294000e+00   1.3000000e-03
   3.9722000e+00   3.6000000e-03
   4.1156000e+00   3.5000000e-03
   4.1355100e+00   1.1000000e-03
   4.1927500e+00   1.1400000e-02
   4.2095000e+00   9.0000000e-03
   4.2573400e+00   7.3000000e-03
   4.3659000e+00   1.0600000e-03
   4.4540700e+00   1.1800000e-02
   4.5994000e+00   4.6000000e-03
   4.6850000e+00   4.0000000e-04
   4.7261000e+00   1.1000000e-03
   4.9962000e+00   7.0000000e-04
