   1.3271600e-01   4.1300000e-02
   1.4117800e-01   6.6800000e-01
   2.2200000e-01   7.0000000e-05
   2.6800000e-01   4.1000000e-05
   3.0900000e-01   9.0000000e-05
   3.2905800e-01   1.2300000e-03
   3.3750000e-01   2.5000000e-04
   3.7130700e-01   1.8000000e-02
   4.0900000e-01   9.0000000e-05
   4.2028000e-01   2.7100000e-04
   4.2550000e-01   4.9000000e-05
   4.2900000e-01   4.9000000e-05
   5.1860000e-01   6.9000000e-03
   5.2400000e-01   1.9000000e-04
   5.6160400e-01   1.2000000e-03
   6.2300000e-01   1.9000000e-04
   6.4300000e-01   1.9000000e-04
   7.5795000e-01   4.0000000e-04
   7.8400000e-01   7.0000000e-05
   7.9205000e-01   1.1000000e-04
   8.2774000e-01   1.1070000e-02
   8.9064000e-01   1.8000000e-02
   8.9100000e-01   6.0000000e-04
   9.3200000e-01   1.1000000e-03
   9.5200000e-01   9.0000000e-05
   1.0515300e+00   2.1300000e-03
   1.0578000e+00   1.7000000e-04
   1.0931400e+00   9.8000000e-04
   1.1292240e+00   9.2700000e-01
   1.1550000e+00   4.9000000e-05
   1.1927000e+00   1.6400000e-04
   1.2010000e+00   1.9000000e-04
   1.2703960e+00   1.2960000e-02
   1.4640000e+00   2.3000000e-04
   1.4705280e+00   4.5900000e-03
   1.4930000e+00   9.0000000e-05
   1.5750350e+00   5.1700000e-03
   1.6117600e+00   2.3800000e-02
   1.6581000e+00   3.3500000e-03
   1.7162700e+00   5.0000000e-03
   1.7607000e+00   0.0000000e+00
   1.8433420e+00   6.8900000e-03
   1.9131940e+00   1.2800000e-02
   1.9845400e+00   6.8100000e-03
   2.0002000e+00   6.6000000e-04
   2.0561000e+00   1.1500000e-03
   2.1862420e+00   1.7960000e-01
   2.2223400e+00   6.2300000e-03
   2.3189680e+00   8.2030000e-01
   2.3219000e+00   7.4000000e-03
   2.3220000e+00   8.0000000e-05
   2.7410000e+00   7.4000000e-05
   2.7478000e+00   4.9000000e-05
   2.8450000e+00   1.6000000e-05
   3.1140000e+00   1.6000000e-05
