   1.5060000e-01   3.8000000e-04
   1.5636000e-01   8.0300000e-03
   1.5911000e-01   2.3000000e-03
   1.7728000e-01   1.7900000e-03
   1.9476000e-01   1.7700000e-02
   2.0898000e-01   9.4000000e-03
   2.1103000e-01   3.0800000e-01
   2.1551000e-01   2.8600000e-01
   2.1910000e-01   1.5000000e-03
   2.5474000e-01   2.1100000e-03
   2.6444000e-01   5.4000000e-01
   2.6810000e-01   2.2000000e-03
   3.1330000e-01   2.0500000e-04
   3.2560000e-01   2.7000000e-04
   3.3763000e-01   2.3200000e-03
   3.3866000e-01   6.6800000e-03
   3.3900000e-01   0.0000000e+00
   3.5010000e-01   1.6700000e-04
   3.6740000e-01   1.4000000e-01
   3.9901000e-01   9.6000000e-04
   4.1633000e-01   2.1800000e-01
   4.1975000e-01   1.2300000e-02
   4.3060000e-01   1.0200000e-04
   4.3944000e-01   2.0200000e-03
   4.4442000e-01   1.7200000e-04
   4.6138000e-01   1.2700000e-02
   4.7000000e-01   8.1000000e-05
   4.7543000e-01   9.9200000e-03
   5.0394000e-01   7.0100000e-04
   5.2000000e-01   3.0000000e-03
   5.3130000e-01   4.6400000e-04
   5.3499000e-01   1.1000000e-05
   5.5700000e-01   4.3000000e-04
   5.5802000e-01   1.6100000e-01
   5.6922000e-01   7.8700000e-04
   5.8254000e-01   7.8200000e-03
   6.1096000e-01   6.1400000e-04
   6.1439000e-01   8.9000000e-04
   6.1439000e-01   5.1000000e-03
   6.2476000e-01   1.8200000e-03
   6.3182000e-01   6.9500000e-02
   6.3439000e-01   2.0800000e-02
   6.3897000e-01   4.0400000e-04
   6.5528000e-01   1.2400000e-04
   6.6006000e-01   3.0700000e-04
   6.6540000e-01   4.9000000e-05
   6.7309000e-01   1.3300000e-03
   6.7309000e-01   5.3000000e-03
   6.8036000e-01   3.8800000e-04
   6.8537000e-01   2.5000000e-04
   6.8537000e-01   6.7000000e-04
   6.9854000e-01   2.2900000e-03
   7.0524000e-01   1.0670000e-03
   7.1235000e-01   8.3000000e-03
   7.1435000e-01   7.1700000e-02
   7.3040000e-01   2.0500000e-04
   7.4365000e-01   1.7700000e-03
   7.4575000e-01   9.6500000e-03
   7.4986000e-01   8.8400000e-03
   7.6672000e-01   7.8700000e-03
   7.7570000e-01   1.5100000e-04
   7.8126000e-01   1.0130000e-02
   7.8477000e-01   1.3200000e-02
   7.8892000e-01   9.7000000e-04
   7.9433000e-01   2.7700000e-03
   7.9880000e-01   4.8000000e-04
   8.0284000e-01   2.8000000e-04
   8.1035000e-01   2.2700000e-02
   8.1336000e-01   1.3200000e-03
   8.2313000e-01   5.9800000e-03
   8.2540000e-01   4.3000000e-04
   8.4317000e-01   2.0800000e-03
   8.5762000e-01   3.0700000e-04
   8.7519000e-01   7.8200000e-03
   8.8417000e-01   1.5600000e-04
   8.8923000e-01   1.4000000e-04
   8.9651000e-01   1.2200000e-03
   9.0097000e-01   1.2100000e-03
   9.0699000e-01   9.4900000e-03
   9.1381000e-01   3.6500000e-03
   9.2104000e-01   7.1100000e-04
   9.2314000e-01   6.9000000e-03
   9.2400000e-01   0.0000000e+00
   9.2547000e-01   6.4000000e-04
   9.2547000e-01   7.2000000e-03
   9.2885000e-01   1.0460000e-02
   9.3935000e-01   2.8500000e-03
   9.4573000e-01   3.0700000e-04
   9.4573000e-01   3.0700000e-04
   9.5924000e-01   7.0100000e-04
   9.6640000e-01   3.8000000e-04
   9.7010000e-01   2.7000000e-04
   9.7400000e-01   0.0000000e+00
   9.8573000e-01   9.8600000e-04
   9.9655000e-01   1.0510000e-03
   1.0074700e+00   1.3500000e-04
   1.0219000e+00   5.9000000e-05
   1.0300000e+00   0.0000000e+00
   1.0525400e+00   3.1300000e-04
   1.0550000e+00   0.0000000e+00
   1.0550000e+00   0.0000000e+00
   1.0617000e+00   1.5000000e-03
   1.0808200e+00   2.4100000e-03
   1.0851900e+00   6.0500000e-02
   1.1042300e+00   3.4000000e-04
   1.1148000e+00   1.0300000e-03
   1.1249900e+00   1.1800000e-03
   1.1300000e+00   0.0000000e+00
   1.1347700e+00   2.7500000e-04
   1.1518400e+00   1.9500000e-03
   1.1553700e+00   1.9400000e-04
   1.1646500e+00   5.0100000e-04
   1.1865200e+00   3.7200000e-04
   1.1932600e+00   2.5700000e-02
   1.2014300e+00   8.1400000e-04
   1.2154200e+00   1.2700000e-03
   1.2345500e+00   2.8000000e-04
   1.2421800e+00   3.9800000e-03
   1.2638600e+00   8.4600000e-03
   1.2799600e+00   1.7400000e-03
   1.2957100e+00   6.0000000e-04
   1.2957100e+00   8.9000000e-04
   1.3092700e+00   4.8600000e-03
   1.3128000e+00   3.5800000e-03
   1.3196600e+00   3.0100000e-03
   1.3233200e+00   1.6200000e-04
   1.3260500e+00   3.8300000e-04
   1.3391900e+00   6.8500000e-04
   1.3543100e+00   1.4600000e-04
   1.3587400e+00   2.9100000e-04
   1.3650000e+00   0.0000000e+00
   1.3684000e+00   3.3000000e-02
   1.3857800e+00   7.5000000e-05
   1.3973000e+00   7.5000000e-05
   1.4110000e+00   0.0000000e+00
   1.4525900e+00   1.2100000e-03
   1.4547500e+00   3.7200000e-04
   1.4657500e+00   5.9000000e-04
   1.4657500e+00   6.0000000e-04
   1.4765200e+00   2.4200000e-03
   1.4789900e+00   8.5000000e-04
   1.4789900e+00   1.2700000e-03
   1.4956000e+00   4.9800000e-03
   1.5282000e+00   4.6400000e-04
   1.5387600e+00   1.4200000e-03
   1.5570300e+00   1.2400000e-04
   1.5693900e+00   5.7100000e-04
   1.5736900e+00   6.5800000e-03
   1.5810000e+00   0.0000000e+00
   1.6241300e+00   5.4000000e-05
   1.6395000e+00   6.5000000e-05
   1.6426000e+00   2.1000000e-04
   1.7098100e+00   3.0700000e-03
   1.7196600e+00   3.9800000e-03
   1.7221600e+00   5.1200000e-04
   1.7271800e+00   1.4800000e-03
   1.7356600e+00   9.2000000e-05
   1.7596000e+00   6.0000000e-05
   1.7844000e+00   7.5000000e-05
   1.7926300e+00   4.8000000e-04
   1.8102000e+00   3.8000000e-04
   1.8290300e+00   1.0000000e-04
   1.8312300e+00   2.7500000e-04
   1.8464100e+00   1.7100000e-03
   1.8786000e+00   3.6700000e-04
   1.8814700e+00   1.2900000e-04
   1.9119100e+00   2.3700000e-04
   1.9294100e+00   2.6400000e-04
   1.9486200e+00   8.1000000e-05
   2.0001000e+00   5.6100000e-03
   2.0377600e+00   6.1000000e-04
   2.0771700e+00   2.3300000e-03
   2.0896000e+00   3.4700000e-03
   2.1261500e+00   2.0400000e-03
   2.2481200e+00   1.7800000e-04
   2.2800000e+00   7.5000000e-05
   2.3280400e+00   2.2100000e-04
   2.3416300e+00   4.7200000e-03
   2.3534000e+00   4.9000000e-05
