   5.0200000e-02   2.0300000e-05
   9.8000000e-02   7.7000000e-03
   1.0560000e-01   3.3000000e-02
   1.3400000e-01   9.7000000e-05
   1.5350000e-01   1.2400000e-04
   1.7860000e-01   9.2000000e-03
   2.8490000e-01   7.7000000e-03
   2.8760000e-01   7.7000000e-04
   2.9290000e-01   1.1200000e-03
   3.0460000e-01   1.7000000e-03
   3.1139000e-01   0.0000000e+00
   3.1800000e-01   4.2000000e-03
   3.3760000e-01   9.7000000e-04
   3.4300000e-01   9.9000000e-04
   3.5510000e-01   3.2000000e-03
   3.6030000e-01   1.0200000e-02
   3.6360000e-01   6.4000000e-03
   4.1150000e-01   7.4000000e-03
   4.1150000e-01   1.1400000e-02
   4.2240000e-01   9.5000000e-02
   4.3770000e-01   3.0000000e-03
   5.8500000e-01   4.9000000e-02
   6.3300000e-01   7.0000000e-03
   6.3300000e-01   7.2000000e-03
   6.6790000e-01   2.2000000e-03
   6.6790000e-01   2.5000000e-03
   6.8830000e-01   7.4000000e-03
   7.0900000e-01   1.2000000e-02
   7.2070000e-01   1.7900000e-01
   8.1760000e-01   1.3400000e-02
   8.7830000e-01   3.5000000e-03
   9.0270000e-01   1.1200000e-02
   9.2320000e-01   6.9000000e-02
   9.4120000e-01   5.6000000e-03
   9.8390000e-01   9.7000000e-03
   9.9630000e-01   1.6000000e-02
   9.9970000e-01   7.4000000e-03
   1.0250000e+00   2.4800000e-01
   1.0351000e+00   9.4000000e-03
   1.1019000e+00   9.7000000e-02
   1.1427000e+00   9.2000000e-03
   1.1855000e+00   2.9000000e-02
   1.2037000e+00   1.3400000e-01
   1.2171000e+00   1.2000000e-03
   1.2229000e+00   5.0000000e-03
   1.2362000e+00   2.5000000e-03
   1.2795000e+00   2.5000000e-03
   1.3342000e+00   2.1000000e-02
   1.3442000e+00   6.7000000e-02
   1.3529000e+00   8.2000000e-03
   1.3608000e+00   1.4900000e-02
   1.3641000e+00   5.2000000e-02
   1.3881000e+00   8.7000000e-03
   1.3971000e+00   1.2000000e-02
   1.4365000e+00   5.1000000e-02
   1.4680000e+00   1.0400000e-02
   1.5283000e+00   5.2000000e-03
   1.5399000e+00   8.2000000e-03
   1.6245000e+00   4.0000000e-03
   1.6336000e+00   3.5000000e-03
   1.6392000e+00   5.5000000e-03
   1.6685000e+00   3.0500000e-02
   1.7019000e+00   2.8000000e-02
   1.7732000e+00   1.3000000e-02
   1.8060000e+00   8.9000000e-03
   1.8457000e+00   5.5000000e-03
   2.0213000e+00   2.2600000e-01
   2.1043000e+00   5.9000000e-02
   2.3893000e+00   7.2000000e-03
   2.3942000e+00   1.2000000e-02
   2.4226000e+00   4.5000000e-02
   2.5203000e+00   1.1200000e-02
   2.5274000e+00   1.0000000e-02
   2.6725000e+00   6.9000000e-03
