   4.4700000e-02   1.1000000e-05
   8.8040000e-02   3.6000000e-02
   1.0390000e-01   9.3000000e-06
   1.3420000e-01   1.3000000e-05
   1.4510000e-01   1.1200000e-05
   2.8630000e-01   1.4000000e-06
   3.0910000e-01   4.9000000e-05
   3.1140000e-01   3.2000000e-04
   3.9060000e-01   9.3000000e-06
   3.9560000e-01   1.7000000e-06
   4.1300000e-01   6.6000000e-05
   4.1520000e-01   1.0700000e-04
   4.2390000e-01   9.5000000e-06
   4.4760000e-01   8.3000000e-06
   4.5430000e-01   5.4000000e-06
   4.9720000e-01   8.0000000e-07
   5.5140000e-01   6.1000000e-06
   5.5810000e-01   2.4000000e-05
   6.0250000e-01   8.0000000e-05
   6.3630000e-01   1.0000000e-04
   6.4730000e-01   2.4000000e-04
   7.0190000e-01   3.1000000e-05
   7.0700000e-01   1.5900000e-05
   7.2430000e-01   1.9000000e-06
   7.3670000e-01   1.6800000e-05
   7.7830000e-01   1.5000000e-05
   7.8140000e-01   1.1200000e-04
   8.2290000e-01   1.9000000e-06
   8.6250000e-01   1.3000000e-06
   9.6620000e-01   9.0000000e-07
   1.0100000e+00   6.1000000e-07
