   6.2289000e-02   1.6390000e-01
   9.0639000e-02   5.3200000e-01
   1.5292800e-01   3.0320000e-01
   5.9535000e-01   2.7000000e-06
   6.5760000e-01   2.7000000e-06
   1.0216300e+00   1.1000000e-05
   1.0268000e+00   1.1000000e-06
   1.3616100e+00   4.5000000e-04
   1.3840000e+00   0.0000000e+00
   1.4236000e+00   1.0000000e-04
   1.4330000e+00   0.0000000e+00
   1.4490000e+00   0.0000000e+00
   1.5083700e+00   8.0000000e-05
   1.5144000e+00   2.6000000e-04
   1.5708300e+00   2.0000000e-04
   2.0907000e+00   4.0000000e-06
   2.1429000e+00   9.2000000e-06
   2.1816000e+00   2.7000000e-07
   2.2186000e+00   1.9000000e-06
   2.2344000e+00   2.2000000e-06
