   2.7840000e-01   7.0000000e-04
   3.1120000e-01   7.0000000e-04
   3.3210000e-01   9.7200000e-01
   3.8600000e-01   8.7000000e-04
   5.8960000e-01   2.0000000e-03
   6.4300000e-01   1.6000000e-03
   7.7800000e-01   1.3000000e-04
   8.4090000e-01   6.8000000e-04
   1.0174000e+00   9.7000000e-04
   1.0590000e+00   1.9000000e-04
   1.0930000e+00   3.9000000e-04
   1.1511000e+00   2.9000000e-04
   1.3050000e+00   1.0000000e-04
   1.3494200e+00   1.9000000e-04
   1.3688000e+00   9.7000000e-04
   1.4040000e+00   7.0000000e-03
   1.4839000e+00   1.8000000e-03
   1.5820000e+00   6.0000000e-05
   1.6153000e+00   1.1700000e-03
   1.6340000e+00   1.9000000e-04
   1.7356000e+00   2.9000000e-04
   1.9135000e+00   1.9000000e-04
   1.9470000e+00   1.0000000e-04
   2.1130000e+00   1.9000000e-05
