   1.8090000e-02   0.0000000e+00
   2.0860000e-02   4.0400000e-03
   3.9900000e-02   2.9300000e-03
   4.7470000e-02   2.2100000e-03
   5.0000000e-02   8.0000000e-04
   5.2500000e-02   1.7000000e-04
   7.4050000e-02   3.8000000e-03
   8.1610000e-02   3.2100000e-03
   8.6850000e-02   4.4000000e-04
   8.8064000e-02   1.3300000e-02
   9.2330000e-02   2.0000000e-03
   9.4989000e-02   2.8700000e-02
   9.7800000e-02   1.3300000e-03
   1.1023000e-01   8.3000000e-04
   1.1226000e-01   1.1000000e-03
   1.1644000e-01   2.8000000e-03
   1.1958000e-01   1.1000000e-03
   1.3664000e-01   1.5000000e-03
   1.5080000e-01   3.3000000e-03
   1.5080000e-01   6.6000000e-03
   1.5760000e-01   1.1000000e-03
   1.6440000e-01   9.7000000e-03
   1.6902500e-01   5.2500000e-02
   1.7690000e-01   2.2000000e-03
   1.7720000e-01   2.2000000e-03
   1.7800000e-01   3.3000000e-03
   1.8477000e-01   1.7000000e-03
   1.9339000e-01   5.9000000e-03
   1.9818000e-01   1.7000000e-03
   2.0065000e-01   4.4000000e-03
   2.0100000e-01   1.7000000e-03
   2.1348000e-01   2.1600000e-02
   2.1400000e-01   2.2000000e-03
   2.2110000e-01   2.4000000e-03
   2.2421000e-01   1.7000000e-03
   2.3010000e-01   2.8000000e-03
   2.3500000e-01   1.7000000e-03
   2.4090000e-01   3.3000000e-03
   2.4441000e-01   3.3000000e-03
   2.4890000e-01   3.3000000e-04
   2.5138000e-01   2.8000000e-03
   2.5782000e-01   4.4000000e-03
   2.6162600e-01   7.8500000e-02
   2.7800000e-01   5.5000000e-03
   2.8120000e-01   1.1000000e-03
   2.8450000e-01   2.2000000e-03
   2.9482000e-01   2.2000000e-03
   3.0790000e-01   2.8000000e-03
   3.1207200e-01   2.2100000e-02
   3.1424000e-01   3.9000000e-03
   3.1880000e-01   2.2000000e-03
   3.2240000e-01   1.1000000e-03
   3.2600000e-01   2.8000000e-03
   3.3424500e-01   3.3200000e-02
   3.3427000e-01   7.0000000e-02
   3.4280000e-01   5.0000000e-03
   3.4439000e-01   7.2000000e-03
   3.4560000e-01   2.2000000e-03
   3.4731000e-01   6.6000000e-03
   3.5540000e-01   6.5000000e-03
   3.6080000e-01   4.0000000e-04
   3.6306000e-01   5.0000000e-03
   3.6790000e-01   2.2000000e-03
   3.6850000e-01   1.1000000e-03
   3.6930000e-01   1.1000000e-03
   3.7680000e-01   2.2000000e-03
   3.8400000e-01   1.7000000e-03
   3.9244000e-01   1.1000000e-03
   3.9697000e-01   7.2000000e-03
   4.0600000e-01   3.9000000e-03
   4.1320000e-01   6.6000000e-03
   4.1500000e-01   1.1000000e-03
   4.2903000e-01   2.2100000e-02
   4.3528000e-01   1.2200000e-02
   4.4494000e-01   2.0500000e-02
   4.5800000e-01   1.1000000e-03
   4.6223000e-01   1.5500000e-02
   4.6400000e-01   2.8000000e-03
   4.7187000e-01   8.3000000e-03
   4.7470000e-01   1.1000000e-03
   4.7862000e-01   9.4000000e-03
   4.8740000e-01   5.5000000e-03
   4.9296000e-01   7.7000000e-03
   4.9500000e-01   1.9300000e-03
   5.0720000e-01   4.4000000e-03
   5.1970000e-01   2.8000000e-03
   5.2563000e-01   2.8000000e-03
   5.3240000e-01   8.8000000e-03
   5.3488000e-01   1.0500000e-02
   5.4030000e-01   2.8000000e-03
   5.5500000e-01   1.1000000e-03
   5.6530000e-01   7.0000000e-04
   5.7411000e-01   7.2000000e-03
   5.7411000e-01   1.2200000e-02
   5.8138000e-01   5.0000000e-03
   5.8640000e-01   2.8000000e-03
   6.0150000e-01   1.2700000e-03
   6.0210000e-01   1.7000000e-04
   6.0511000e-01   1.2700000e-02
   6.0730000e-01   1.7000000e-03
   6.2130000e-01   5.0000000e-03
   6.2330000e-01   2.8000000e-03
   6.2900000e-01   3.3000000e-03
   6.3200000e-01   2.8000000e-03
   6.3650000e-01   2.2000000e-03
   6.4233000e-01   8.8000000e-03
   6.4751000e-01   1.9400000e-01
   6.5330000e-01   6.1000000e-03
   6.6320000e-01   1.1000000e-03
   6.8100000e-01   1.1000000e-03
   6.9810000e-01   9.4000000e-03
   7.0291000e-01   2.4300000e-02
   7.1040000e-01   7.2000000e-03
   7.1890000e-01   8.3000000e-03
   7.2350000e-01   2.8000000e-03
   7.2400000e-01   1.1000000e-03
   7.3188000e-01   6.1000000e-03
   7.3400000e-01   1.7700000e-02
   7.3410000e-01   7.0000000e-04
   7.3979000e-01   6.1000000e-03
   7.4290000e-01   3.9000000e-03
   7.5330000e-01   3.3000000e-03
   7.5680000e-01   3.3000000e-03
   7.7967000e-01   1.7700000e-02
   7.8211000e-01   3.3000000e-03
   7.8970000e-01   4.4000000e-03
   7.9260000e-01   1.1000000e-03
   7.9290000e-01   1.1000000e-03
   7.9470000e-01   1.1000000e-02
   7.9590000e-01   1.1000000e-03
   8.0054000e-01   1.1000000e-02
   8.0510000e-01   1.7000000e-03
   8.1634000e-01   7.7000000e-03
   8.1930000e-01   1.7000000e-03
   8.2705000e-01   5.5000000e-03
   8.5170000e-01   1.1000000e-03
   8.5900000e-01   1.1000000e-03
   8.6395500e-01   1.5600000e-01
   8.8270000e-01   2.2100000e-02
   8.8480000e-01   9.9000000e-03
   8.8853000e-01   8.3000000e-03
   8.8990000e-01   2.8000000e-03
   8.9140000e-01   1.0500000e-02
   9.1269000e-01   5.5280000e-01
   9.1474000e-01   1.0940000e-01
   9.4520000e-01   6.1000000e-03
   9.4920000e-01   6.6000000e-03
   9.7050000e-01   3.3000000e-03
   9.7264000e-01   5.5000000e-03
   9.7830000e-01   4.8600000e-02
   9.8026000e-01   1.4900000e-02
   9.9509000e-01   5.0000000e-03
   9.9610000e-01   4.0000000e-03
   1.0075000e+00   6.6000000e-03
   1.0151000e+00   1.1000000e-03
   1.0298800e+00   1.2200000e-02
   1.0355000e+00   1.1000000e-03
   1.0537000e+00   1.7000000e-03
   1.0598000e+00   6.0000000e-04
   1.0618900e+00   1.6600000e-02
   1.0781300e+00   1.7000000e-03
   1.0796300e+00   5.5000000e-03
   1.0905000e+00   1.1000000e-03
   1.0984000e+00   8.8000000e-03
   1.1039000e+00   1.1000000e-03
   1.1348800e+00   3.3000000e-03
   1.1373000e+00   2.8000000e-03
   1.1427400e+00   1.3300000e-02
   1.1740000e+00   3.9000000e-03
   1.1980000e+00   2.2000000e-03
   1.2042000e+00   2.2000000e-03
   1.2275000e+00   1.7000000e-03
   1.2296000e+00   2.2000000e-03
   1.2520000e+00   3.3000000e-03
   1.2992000e+00   1.7000000e-03
   1.3072000e+00   3.9000000e-03
   1.3340000e+00   2.8000000e-03
   1.3488700e+00   1.4900000e-02
   1.3723000e+00   2.8000000e-03
   1.3923000e+00   1.1000000e-03
   1.4050000e+00   1.1000000e-03
   1.4550000e+00   7.2000000e-03
   1.4560000e+00   1.1000000e-03
   1.4589000e+00   1.7000000e-03
   1.5062000e+00   2.8000000e-03
   1.5162600e+00   1.2700000e-02
   1.5370000e+00   9.0000000e-04
   1.5520000e+00   1.7000000e-03
   1.5700000e+00   1.1000000e-03
   1.5735000e+00   2.8000000e-03
   1.5810000e+00   1.7000000e-03
   1.5876600e+00   1.4400000e-02
   1.6436000e+00   3.3000000e-03
   1.6462000e+00   2.8000000e-03
   1.6832300e+00   4.1500000e-02
   1.6933000e+00   1.1000000e-04
   1.7044000e+00   7.2000000e-03
   1.7732000e+00   6.6000000e-03
   1.7975000e+00   1.8000000e-03
   1.8708000e+00   5.5000000e-03
   1.8812000e+00   2.2000000e-03
   1.8856200e+00   9.9000000e-03
   1.8929800e+00   1.5000000e-03
   1.9140000e+00   6.0000000e-04
   1.9678000e+00   1.7000000e-03
   1.9746000e+00   3.9000000e-04
   2.0053300e+00   3.3700000e-02
   2.0160000e+00   4.4000000e-04
   2.0496600e+00   1.2200000e-02
   2.0620000e+00   1.0000000e-03
   2.1444000e+00   6.6000000e-04
   2.4825000e+00   6.6000000e-04
   2.8263000e+00   1.4000000e-03
   2.9681000e+00   1.1100000e-03
   3.0513000e+00   3.2100000e-03
