   1.1120800e-01   1.7100000e-01
   1.2406000e-01   1.8000000e-05
   1.2787100e-01   1.6000000e-05
   2.2674600e-01   1.8000000e-04
   2.3055700e-01   1.5100000e-04
   2.5284800e-01   3.0200000e-02
   2.5630000e-01   6.0000000e-05
   2.6500000e-01   1.5000000e-05
   2.9495900e-01   2.2000000e-04
   3.8034000e-01   5.0000000e-05
   3.8425400e-01   5.0000000e-05
   3.8552700e-01   5.0000000e-05
   4.8302500e-01   1.8000000e-04
   5.3922400e-01   3.2700000e-03
   6.4191000e-01   1.9400000e-02
   7.5737900e-01   6.2000000e-04
   7.6978000e-01   6.6600000e-03
   7.9207100e-01   3.7500000e-01
   8.9475700e-01   1.5600000e-01
   9.0327900e-01   3.7900000e-01
   1.0102260e+00   9.1000000e-04
   1.0188160e+00   1.1300000e-05
   1.0226270e+00   5.2000000e-03
   1.0609270e+00   2.6000000e-05
   1.1214340e+00   3.5200000e-04
   1.2750940e+00   1.1900000e-03
   1.3137730e+00   1.1100000e-04
   1.3197900e+00   2.2600000e-05
   1.3863020e+00   1.0300000e-03
   1.4309900e+00   2.4000000e-05
