   2.5511000e-01   2.3600000e-03
   3.5400000e-01   1.1800000e-04
   5.8737000e-01   7.1000000e-05
   6.6460000e-01   2.8000000e-05
   6.9601000e-01   2.8000000e-05
   7.5424000e-01   1.4200000e-04
   8.2400000e-01   1.3200000e-04
   1.0653200e+00   2.5000000e-05
   1.0887000e+00   3.1000000e-05
   1.0914000e+00   1.4000000e-05
   1.3202400e+00   6.9500000e-04
   1.3415000e+00   4.7000000e-05
   1.3473300e+00   4.7000000e-03
   1.3755600e+00   1.5400000e-03
   1.5172000e+00   1.9000000e-05
   1.5633800e+00   4.1600000e-04
   1.5965800e+00   3.4000000e-04
   1.6306700e+00   3.4300000e-03
   1.6525800e+00   3.8800000e-04
   1.6785000e+00   1.4000000e-05
   1.7102700e+00   1.7000000e-05
   1.7298900e+00   9.0000000e-05
   1.8183000e+00   3.0700000e-04
   1.9076100e+00   1.7000000e-04
   1.9656600e+00   7.0000000e-06
   1.9850400e+00   7.0000000e-06
   2.0162500e+00   1.1800000e-04
