   4.2856000e-01   7.7000000e-05
   4.3425000e-01   2.2400000e-05
   4.3919000e-01   5.7000000e-05
   5.1184200e-01   1.7000000e-01
   5.7838000e-01   6.5000000e-05
   6.1617400e-01   1.4200000e-03
   6.2194000e-01   3.1600000e-03
   6.8022000e-01   3.2000000e-05
   7.1590000e-01   7.2000000e-06
   7.1724000e-01   1.1700000e-05
   8.7348000e-01   1.9900000e-03
   1.0503900e+00   1.6700000e-03
   1.1087600e+00   4.2000000e-05
   1.1144800e+00   6.2000000e-05
   1.1280000e+00   7.2100000e-04
   1.1337000e+00   0.0000000e+00
   1.1807200e+00   5.5000000e-05
   1.1945300e+00   3.9800000e-04
   1.3974000e+00   2.9900000e-05
   1.4896000e+00   1.4900000e-05
   1.4988000e+00   7.0000000e-06
   1.5622400e+00   1.7200000e-04
   1.5724000e+00   9.5000000e-07
   1.7303500e+00   1.2400000e-05
   1.7662000e+00   2.4900000e-05
   1.7969700e+00   8.2000000e-05
   1.9095000e+00   1.1900000e-05
   1.9272700e+00   8.5000000e-06
   1.9884400e+00   3.0000000e-06
   2.1149500e+00   4.5000000e-06
   2.1933000e+00   2.5000000e-05
   2.2424600e+00   8.0000000e-06
   2.3093000e+00   7.0000000e-06
   2.3164200e+00   2.5000000e-06
   2.3660400e+00   3.5000000e-06
   2.4390700e+00   4.7000000e-06
   2.6269000e+00   0.0000000e+00
   2.7050200e+00   8.5000000e-06
