   3.7774800e-01   1.7000000e-02
   7.0460000e-01   2.9000000e-04
   9.3553800e-01   2.0000000e-04
   1.3336490e+00   2.9000000e-04
   1.4340680e+00   9.8300000e-01
   1.5306700e+00   4.6200000e-04
   1.7275300e+00   2.1600000e-03
   2.0380000e+00   7.9000000e-05
   2.3374400e+00   6.9000000e-05
   2.8477000e+00   6.0000000e-06
   2.9650000e+00   4.0000000e-06
   3.1290000e+00   1.5000000e-06
   3.1618000e+00   2.2000000e-04
   3.3815000e+00   2.5000000e-05
   3.7717000e+00   1.8000000e-05
   3.9510000e+00   7.0000000e-06
   4.8154000e+00   2.5000000e-05
