   1.2178170e-01   2.8580000e-01
   1.2569000e-01   1.6000000e-04
   1.4801000e-01   3.7000000e-04
   1.7317000e-01   8.0000000e-05
   1.7518000e-01   4.0000000e-05
   1.9260000e-01   6.7900000e-05
   1.9505000e-01   6.1000000e-05
   2.0274000e-01   5.1000000e-05
   2.0760000e-01   5.9000000e-05
   2.0910000e-01   0.0000000e+00
   2.0941000e-01   5.5000000e-05
   2.1256800e-01   1.9800000e-04
   2.3731000e-01   9.4000000e-05
   2.3942000e-01   4.6000000e-05
   2.4469750e-01   7.5830000e-02
   2.5163000e-01   7.2000000e-04
   2.6986000e-01   8.3000000e-05
   2.7113100e-01   7.2900000e-04
   2.7544900e-01   3.3500000e-04
   2.8598000e-01   9.9000000e-05
   2.9593920e-01   4.4700000e-03
   3.1517400e-01   5.0700000e-04
   3.1630000e-01   2.1000000e-05
   3.2003000e-01   1.6000000e-05
   3.2483000e-01   7.2000000e-04
   3.2942500e-01   1.2800000e-03
   3.3054000e-01   5.9000000e-05
   3.4040000e-01   3.6000000e-04
   3.4427850e-01   2.6500000e-01
   3.5166000e-01   9.3000000e-05
   3.5726000e-01   4.0000000e-05
   3.5813000e-01   0.0000000e+00
   3.6778870e-01   8.6100000e-03
   3.7937000e-01   8.3000000e-06
   3.8569000e-01   5.1000000e-05
   3.8790000e-01   2.9200000e-05
   3.8790000e-01   2.9400000e-05
   3.8907000e-01   3.5000000e-05
   3.9132000e-01   1.2600000e-05
   3.9575000e-01   8.0000000e-05
   4.0674000e-01   8.3000000e-06
   4.1111630e-01   2.2340000e-02
   4.1604800e-01   1.1000000e-03
   4.2345000e-01   3.2000000e-05
   4.4086000e-01   1.3400000e-04
   4.4100000e-01   0.0000000e+00
   4.4110000e-01   1.3300000e-04
   4.4396000e-01   3.2700000e-03
   4.4396500e-01   2.8210000e-02
   4.8230000e-01   1.4000000e-05
   4.8231000e-01   2.9200000e-04
   4.8243000e-01   0.0000000e+00
   4.8867920e-01   4.1900000e-03
   4.9350800e-01   2.9400000e-04
   4.9400000e-01   9.8000000e-05
   4.9639000e-01   4.2000000e-05
   4.9639000e-01   5.1000000e-05
   5.0347400e-01   1.4900000e-03
   5.2022700e-01   5.2000000e-04
   5.2313000e-01   1.5000000e-04
   5.2688100e-01   1.3100000e-04
   5.3424500e-01   4.2700000e-04
   5.3623000e-01   0.0000000e+00
   5.3829000e-01   3.9000000e-05
   5.5656000e-01   1.8500000e-04
   5.5791000e-01   4.5000000e-05
   5.6120000e-01   1.0400000e-05
   5.6293000e-01   2.7000000e-05
   5.6399000e-01   4.8900000e-03
   5.6643000e-01   1.2900000e-03
   5.7160000e-01   4.8000000e-05
   5.8626480e-01   4.5900000e-03
   5.9561000e-01   3.2000000e-04
   6.1544000e-01   0.0000000e+00
   6.1605000e-01   9.1000000e-05
   6.4437000e-01   6.2000000e-05
   6.5648700e-01   1.4480000e-03
   6.6478000e-01   1.6600000e-04
   6.7115100e-01   1.9500000e-04
   6.7467500e-01   1.7200000e-03
   6.7510000e-01   1.7000000e-04
   6.7862300e-01   4.7100000e-03
   6.8332000e-01   3.2000000e-05
   6.8661000e-01   1.9300000e-04
   6.8867000e-01   8.5700000e-03
   6.9687000e-01   1.6000000e-04
   7.0296000e-01   0.0000000e+00
   7.0325000e-01   3.4000000e-05
   7.0354000e-01   1.6000000e-05
   7.1284300e-01   9.3000000e-04
   7.1934900e-01   5.9000000e-04
   7.1934900e-01   2.7800000e-03
   7.2799000e-01   1.1200000e-04
   7.3540000e-01   5.9000000e-05
   7.5612000e-01   0.0000000e+00
   7.6490000e-01   2.1500000e-03
   7.6894400e-01   9.4000000e-04
   7.7890400e-01   1.2942000e-01
   7.9481000e-01   2.6300000e-04
   8.0570000e-01   1.2300000e-04
   8.1045100e-01   3.2000000e-03
   8.3936000e-01   1.6100000e-04
   8.4157000e-01   1.6600000e-03
   8.6737800e-01   4.2450000e-02
   8.9658000e-01   6.6900000e-04
   9.0118100e-01   8.6000000e-04
   9.0590000e-01   1.6300000e-04
   9.1933000e-01   4.2700000e-03
   9.2631700e-01   2.7800000e-03
   9.3058000e-01   7.2900000e-04
   9.3705000e-01   3.4000000e-05
   9.5863000e-01   2.1700000e-04
   9.6339000e-01   1.3500000e-03
   9.6407900e-01   1.4605000e-01
   9.6800000e-01   3.7000000e-05
   9.7409000e-01   1.4100000e-04
   9.9019000e-01   3.1300000e-04
   1.0011000e+00   4.6000000e-05
   1.0052720e+00   6.4600000e-03
   1.0840000e+00   2.4600000e-03
   1.0858690e+00   1.0207000e-01
   1.0897370e+00   1.7270000e-02
   1.1091740e+00   1.8600000e-03
   1.1120740e+00   1.3644000e-01
   1.1390000e+00   1.2600000e-05
   1.1709300e+00   3.7000000e-04
   1.2061100e+00   1.4100000e-04
   1.2129480e+00   1.4220000e-02
   1.2499380e+00   1.8800000e-03
   1.2613430e+00   3.3400000e-04
   1.2927780e+00   1.0500000e-03
   1.2991400e+00   1.6230000e-02
   1.3146700e+00   5.0000000e-05
   1.3153100e+00   7.2000000e-05
   1.3481000e+00   1.7800000e-04
   1.3637700e+00   2.5700000e-04
   1.3903600e+00   4.8000000e-05
   1.4080060e+00   2.1005000e-01
   1.4576430e+00   5.0200000e-03
   1.4859000e+00   5.6000000e-05
   1.5281030e+00   2.8100000e-03
   1.6056100e+00   8.2000000e-05
   1.6083600e+00   5.3000000e-05
   1.6352000e+00   1.6000000e-06
   1.6474100e+00   6.3000000e-05
   1.6743000e+00   6.2000000e-05
   1.6981000e+00   5.9000000e-05
   1.7690900e+00   9.6000000e-05
