   2.6150000e-01   7.9000000e-03
   3.1540000e-01   2.4000000e-04
   3.6850000e-01   1.6000000e-04
   4.7980000e-01   7.9000000e-03
   6.4350000e-01   6.3000000e-02
   6.5990000e-01   2.4400000e-02
   7.8820000e-01   7.9000000e-03
   8.8150000e-01   2.6000000e-02
   1.0510000e+00   4.7000000e-03
   1.0632000e+00   2.3600000e-02
   1.0928000e+00   2.4000000e-03
   1.1567000e+00   4.7000000e-03
   1.1876000e+00   7.1000000e-03
   1.3181000e+00   3.9000000e-03
   1.3543000e+00   2.0000000e-03
   1.3947000e+00   1.1800000e-02
   1.4317100e+00   1.5000000e-02
   1.4608300e+00   7.9000000e-01
   1.5584000e+00   4.7000000e-03
   1.5796000e+00   3.2000000e-03
   1.5893000e+00   9.5000000e-03
   1.7471000e+00   2.7600000e-02
   1.7767000e+00   1.5800000e-04
   1.7980000e+00   2.6000000e-02
   2.0504000e+00   1.0200000e-02
   2.0620000e+00   3.9000000e-03
   2.2199000e+00   7.5000000e-02
   2.4579000e+00   5.2000000e-02
   2.5240000e+00   2.1300000e-02
   2.6215000e+00   1.5400000e-01
   2.8398000e+00   3.0400000e-01
   3.1013000e+00   1.1000000e-01
   3.2079000e+00   4.7000000e-03
   3.3561000e+00   3.2000000e-03
   3.5111000e+00   1.6000000e-03
   3.7048000e+00   7.9000000e-03
   3.7594000e+00   7.9000000e-04
   3.9186000e+00   4.0000000e-02
   4.0823000e+00   2.4000000e-03
   4.1476000e+00   8.7000000e-03
   4.3242000e+00   1.6000000e-03
   4.7687000e+00   4.7000000e-03
   5.8799000e+00   3.9000000e-02
   6.0531000e+00   3.2000000e-03
   6.3385000e+00   2.4000000e-03
   6.4754000e+00   1.5800000e-03
