   1.0330000e-01   1.6300000e-01
   3.3300000e-01   2.4000000e-03
   3.4070000e-01   1.5400000e-02
   3.5568400e-01   9.4000000e-01
   3.9334600e-01   9.7000000e-01
   4.2090000e-01   2.5000000e-02
   4.4710000e-01   9.4100000e-01
   5.2117500e-01   9.6000000e-01
   5.5300000e-01   6.3000000e-03
   5.6640000e-01   2.9000000e-03
   6.1590000e-01   4.2000000e-03
   6.3350000e-01   1.1000000e-02
   6.4730000e-01   9.1000000e-01
   6.5950000e-01   8.0000000e-04
   6.7390000e-01   1.7000000e-03
   6.9390000e-01   4.2000000e-02
   7.2200000e-01   6.4000000e-03
   7.2730000e-01   2.5900000e-02
   7.6060000e-01   7.5000000e-03
   7.7940000e-01   3.8000000e-04
   8.3560000e-01   6.3400000e-02
   8.4940000e-01   5.1000000e-03
   8.6810000e-01   4.6000000e-03
   8.8700000e-01   1.0600000e-03
   8.9300000e-01   1.9200000e-03
   9.0460000e-01   9.6000000e-04
   9.1460000e-01   2.9000000e-03
   9.2600000e-01   6.7000000e-04
   1.0246000e+00   2.5000000e-03
   1.0680000e+00   7.1000000e-04
   1.0805000e+00   1.1500000e-03
   1.0915000e+00   4.8000000e-04
   1.1167000e+00   7.0000000e-04
   1.2816000e+00   5.9000000e-04
   1.3415000e+00   2.8000000e-03
   1.3558000e+00   5.8000000e-04
   1.3940000e+00   7.1000000e-04
   1.4825000e+00   2.3000000e-02
