   2.1690000e-01   8.0000000e-05
   2.2490000e-01   4.2000000e-04
   2.5680000e-01   1.7000000e-04
   4.1532000e-01   2.5000000e-04
   4.1850000e-01   1.0000000e-03
   4.5642000e-01   6.7000000e-04
   4.6858000e-01   2.4200000e-02
   4.7510000e-01   3.8400000e-01
   5.5641000e-01   9.6000000e-01
   6.2805000e-01   3.8000000e-02
   6.3128000e-01   8.3000000e-04
   6.3680000e-01   1.9200000e-03
   6.8066000e-01   4.8000000e-03
   7.3393000e-01   8.3000000e-04
   7.3958000e-01   4.4000000e-03
   9.3050000e-01   2.5000000e-04
   9.3320000e-01   1.7000000e-04
   9.4348000e-01   0.0000000e+00
   1.0465800e+00   3.5900000e-03
   1.1031600e+00   2.4200000e-02
   1.1057000e+00   3.2500000e-03
   1.1581000e+00   4.8000000e-03
   1.3620600e+00   3.3000000e-03
   1.5622000e+00   9.2000000e-04
   1.5683000e+00   8.0000000e-05
   1.5805000e+00   4.2000000e-04
   1.7864000e+00   8.0000000e-05
   2.0370000e+00   2.5000000e-04
   2.0441000e+00   8.0000000e-06
   2.2613000e+00   1.7000000e-04
