   2.4460000e-02   3.9000000e-02
   1.1140000e-01   1.2000000e-04
   1.2970000e-01   1.5000000e-04
   1.3280000e-01   2.1000000e-04
   1.5741000e-01   0.0000000e+00
   1.5800000e-01   2.3000000e-04
   1.7100000e-01   1.7000000e-04
   1.7310000e-01   2.3000000e-04
   1.8500000e-01   1.0000000e-04
   2.6967000e-01   6.4300000e-02
   2.9629000e-01   1.9000000e-01
   3.0528000e-01   3.8000000e-04
   3.2074000e-01   5.6000000e-03
   3.5528000e-01   2.2300000e-03
   3.7460000e-01   6.0000000e-05
   3.8120000e-01   3.8000000e-04
   4.2765000e-01   9.8000000e-04
   4.3508000e-01   6.3000000e-04
   4.5369000e-01   6.0500000e-03
   4.9200000e-01   1.0000000e-04
   4.9609000e-01   3.3000000e-04
   5.4510000e-01   0.0000000e+00
   5.6500000e-01   2.1000000e-03
   5.6598000e-01   3.4400000e-02
   5.9044000e-01   1.2060000e-01
   6.1144000e-01   9.4000000e-04
   6.1945000e-01   4.0000000e-04
   7.0260000e-01   1.7000000e-04
   7.2290000e-01   2.7000000e-03
   7.2375000e-01   1.9600000e-02
   7.4837000e-01   5.0100000e-03
   7.8700000e-01   4.8000000e-05
   7.9040000e-01   2.3000000e-04
   7.9662000e-01   2.7000000e-04
   8.2110000e-01   1.9000000e-04
   8.5360000e-01   8.8000000e-04
   8.5700000e-01   8.0000000e-05
   8.7070000e-01   2.1000000e-04
   8.8129000e-01   1.0800000e-03
   9.0580000e-01   8.0000000e-05
   9.1180000e-01   2.1000000e-04
   9.1486000e-01   7.5000000e-04
   9.4900000e-01   8.0000000e-05
   9.6530000e-01   1.9000000e-04
   9.9282000e-01   9.4000000e-03
   1.0145600e+00   2.3000000e-04
   1.0417300e+00   5.6000000e-04
   1.0729000e+00   2.9000000e-04
   1.1636000e+00   1.0000000e-04
   1.1657000e+00   1.0000000e-04
   1.1776300e+00   3.5300000e-03
   1.2020400e+00   1.5200000e-02
   1.2182800e+00   5.2000000e-03
   1.2890400e+00   2.2800000e-02
   1.3115000e+00   1.6000000e-03
   1.3130000e+00   7.3000000e-04
   1.3425000e+00   2.5000000e-04
   1.3912000e+00   5.8000000e-05
   1.4334000e+00   2.9000000e-04
   1.4460000e+00   3.8000000e-05
   1.5124000e+00   2.5000000e-04
   1.5145000e+00   1.9000000e-04
   1.6077000e+00   2.7000000e-04
   1.6325000e+00   1.9000000e-04
   1.6386000e+00   1.0000000e-03
   1.6465000e+00   1.7000000e-05
   1.6636000e+00   2.1000000e-05
   1.7296000e+00   9.0000000e-05
