   9.2100000e-03   0.0000000e+00
   1.0250000e-02   0.0000000e+00
   1.7193000e-02   0.0000000e+00
   1.8053000e-02   3.3000000e-03
   1.9100000e-02   0.0000000e+00
   2.5646000e-02   1.4500000e-01
   2.6550000e-02   5.4000000e-03
   2.9300000e-02   3.5000000e-04
   3.2730000e-02   7.3000000e-04
   3.3320000e-02   3.0000000e-04
   3.8900000e-02   1.1000000e-03
   4.1550000e-02   1.6000000e-04
   4.2220000e-02   5.2000000e-04
   4.2838000e-02   5.8000000e-04
   4.4080000e-02   7.0000000e-06
   4.5340000e-02   3.4000000e-04
   5.8570000e-02   4.8000000e-03
   6.3825000e-02   2.3000000e-04
   6.8480000e-02   5.7000000e-05
   7.2751000e-02   2.5100000e-03
   7.7685000e-02   0.0000000e+00
   8.1227000e-02   8.9000000e-03
   8.2087000e-02   4.0000000e-03
   8.4216000e-02   6.6000000e-02
   8.5800000e-02   5.8000000e-05
   8.9944000e-02   9.4000000e-03
   9.3063000e-02   4.5000000e-04
   9.7550000e-02   2.3000000e-04
   9.9279000e-02   1.2000000e-03
   1.0226800e-01   4.1000000e-03
   1.0581000e-01   7.1000000e-05
   1.0658700e-01   1.7000000e-04
   1.0685000e-01   3.0000000e-04
   1.1559000e-01   1.0000000e-05
   1.1682300e-01   2.0700000e-04
   1.2492500e-01   5.6000000e-04
   1.3402500e-01   2.4000000e-04
   1.3566700e-01   7.8000000e-04
   1.3671400e-01   4.2000000e-05
   1.4055500e-01   7.1000000e-06
   1.4505200e-01   5.8000000e-05
   1.4591200e-01   3.2000000e-04
   1.6310500e-01   1.5500000e-03
   1.6495000e-01   3.9000000e-05
   1.6963500e-01   1.2000000e-05
   1.7300000e-01   4.0000000e-04
   1.7416000e-01   1.8100000e-04
   1.8349500e-01   3.2900000e-04
   1.8875000e-01   3.2000000e-05
   2.1794000e-01   4.0000000e-04
   2.2410000e-01   8.9000000e-05
   2.3599300e-01   9.2000000e-05
   2.3780000e-01   9.0000000e-04
   2.4026000e-01   2.8000000e-06
   2.4252400e-01   8.4000000e-06
   2.4957000e-01   7.8000000e-06
   2.5043000e-01   6.5000000e-06
   2.6762000e-01   1.1600000e-05
   2.7415000e-01   3.0000000e-07
   3.0874000e-01   3.9000000e-06
   3.1100000e-01   2.9000000e-05
   3.1795000e-01   8.0000000e-07
   3.2020900e-01   1.1000000e-06
   3.5184000e-01   7.0000000e-07
