   1.5880000e-01   2.0000000e-04
   1.9046000e-01   4.9000000e-06
   2.2755000e-01   1.2000000e-04
   2.4644000e-01   4.7000000e-04
   2.8009000e-01   2.4000000e-04
   2.9348000e-01   4.9000000e-05
   3.0249000e-01   1.3000000e-04
   3.6346000e-01   8.9000000e-04
   4.1801000e-01   3.4200000e-01
   4.2794000e-01   8.3000000e-04
   4.2912000e-01   3.4000000e-04
   4.5772000e-01   2.3700000e-03
   5.1035000e-01   8.5000000e-03
   5.3609000e-01   9.9000000e-01
   5.3910000e-01   1.4000000e-02
   5.5390000e-01   6.6000000e-03
   5.8605000e-01   1.6900000e-02
   6.0350000e-01   6.1000000e-03
   6.2304000e-01   1.7000000e-04
   6.6854000e-01   9.6000000e-01
   6.8599000e-01   1.0700000e-02
   7.2954000e-01   1.1000000e-04
   7.3948000e-01   8.2000000e-01
   7.4902000e-01   1.2000000e-04
   7.7100000e-01   4.0000000e-05
   8.0023000e-01   1.0100000e-03
   8.0829000e-01   2.3600000e-03
   8.1415000e-01   2.5000000e-04
   8.2115000e-01   4.3000000e-04
   8.5499000e-01   3.5000000e-04
   8.6775000e-01   4.3000000e-04
   8.7735000e-01   1.9100000e-03
   8.9704000e-01   2.1000000e-04
   9.4421000e-01   6.2000000e-04
   9.6702000e-01   8.8000000e-03
   9.9680000e-01   2.8000000e-04
   1.0600700e+00   1.7000000e-04
   1.0942900e+00   2.8000000e-04
   1.0964800e+00   5.5200000e-03
   1.1221500e+00   2.5300000e-03
   1.1574700e+00   1.1300000e-01
   1.2225600e+00   1.7900000e-03
   1.2721200e+00   7.4800000e-03
   1.3046900e+00   4.8500000e-05
   1.4039000e+00   3.4500000e-03
   1.4176900e+00   1.1900000e-04
   1.4247300e+00   2.0800000e-04
   1.4878500e+00   1.1900000e-04
   1.5002000e+00   3.9600000e-04
   1.5457800e+00   2.3000000e-04
   1.5477500e+00   1.8000000e-04
   1.6072900e+00   4.5000000e-04
   1.6898600e+00   5.4000000e-05
