   1.2521000e-01   5.5000000e-03
   1.2950000e-01   4.0000000e-04
   1.4880000e-01   2.2000000e-03
   2.1192000e-01   7.5000000e-03
   2.4022000e-01   2.5000000e-03
   2.4110000e-01   8.4000000e-03
   2.9206000e-01   3.0000000e-04
   3.3555000e-01   2.2000000e-03
   3.8994000e-01   6.2000000e-02
   4.1727000e-01   4.0000000e-03
   4.2218000e-01   8.6000000e-01
   4.5972000e-01   8.6000000e-02
   4.9047000e-01   9.1000000e-02
   5.3228000e-01   5.5000000e-04
   5.4677000e-01   1.2000000e-03
   6.0195000e-01   6.0000000e-03
   6.5749000e-01   3.2400000e-01
   6.6239000e-01   4.5000000e-04
   7.8699000e-01   5.0000000e-01
   9.5445000e-01   1.0000000e-02
   9.6067000e-01   9.2000000e-01
   1.3828400e+00   0.0000000e+00
