   1.4930000e-01   4.0000000e-03
   2.0860000e-01   5.0000000e-03
   2.2380000e-01   1.3900000e-02
   2.7880000e-01   2.4000000e-02
   2.9726000e-01   4.5000000e-02
   2.9730000e-01   5.0000000e-03
   3.6350000e-01   2.7000000e-03
   3.8630000e-01   2.0000000e-03
   4.1480000e-01   1.0000000e-02
   4.1481000e-01   8.3300000e-01
   5.5520000e-01   1.6900000e-02
   5.7300000e-01   6.7000000e-02
   5.9300000e-01   7.5000000e-02
   6.0540000e-01   1.4000000e-02
   6.2020000e-01   9.0000000e-03
   6.3970000e-01   9.0000000e-03
   6.4600000e-01   1.0000000e-02
   6.5630000e-01   2.1900000e-02
   6.6633100e-01   1.0000000e+00
   6.7500000e-01   3.7000000e-02
   6.9503000e-01   1.0000000e+00
   6.9670000e-01   2.9000000e-01
   7.2064000e-01   5.3800000e-01
   7.3090000e-01   6.0000000e-03
   8.5680000e-01   1.7600000e-01
   9.5400000e-01   1.2000000e-02
   9.5960000e-01   5.0000000e-03
   9.8957000e-01   6.8000000e-02
   1.0350700e+00   1.0000000e-02
   1.0639000e+00   9.0000000e-03
   1.2130000e+00   2.3900000e-02
   1.4762000e+00   2.8000000e-03
