   4.5497000e-01   7.0000000e-05
   6.1372500e-01   1.4000000e-01
   6.9491600e-01   5.8000000e-04
   8.8486100e-01   6.8000000e-04
   1.1449590e+00   1.7700000e-04
   1.2282500e+00   1.3600000e-04
   1.3085900e+00   4.3500000e-04
   1.3387800e+00   1.1700000e-04
   1.3821600e+00   2.7000000e-05
   1.7135500e+00   1.6000000e-05
   1.7215000e+00   4.6000000e-04
   1.9231500e+00   4.9000000e-04
   1.9958700e+00   5.0000000e-05
   2.2843700e+00   4.9000000e-05
   2.3919300e+00   3.5000000e-05
   2.4759600e+00   1.7700000e-04
   2.5373000e+00   1.7800000e-05
   2.6410500e+00   2.7000000e-05
   2.7699100e+00   6.1000000e-06
   2.8995000e+00   3.4000000e-06
   3.0059000e+00   4.5000000e-06
