   4.1180000e-02   0.0000000e+00
   6.5870000e-02   2.4000000e-05
   7.3042000e-02   3.2000000e-02
   8.0236000e-02   0.0000000e+00
   9.6820000e-02   9.9000000e-04
   9.8700000e-02   1.6600000e-04
   1.0702000e-01   6.4000000e-03
   1.3588000e-01   4.3000000e-06
   1.3893800e-01   4.2700000e-02
   1.4215500e-01   7.5000000e-04
   1.5472100e-01   3.0000000e-04
   1.8007000e-01   1.8200000e-03
   1.8100000e-01   3.2000000e-06
   1.8179200e-01   1.9400000e-03
   1.9740000e-01   4.7000000e-05
   2.0153500e-01   2.8000000e-05
   2.1882600e-01   8.7000000e-05
   2.1915800e-01   2.7700000e-03
   2.3460800e-01   5.1000000e-04
   2.5163500e-01   2.1700000e-03
   2.8046500e-01   1.2400000e-02
   2.8880700e-01   1.4200000e-03
   2.9000000e-01   4.7000000e-06
   2.9882600e-01   1.8600000e-03
   3.1700000e-01   1.0000000e-05
   3.2160400e-01   1.2800000e-02
   3.3328000e-01   2.8000000e-05
   3.3770000e-01   1.2000000e-05
   3.5020000e-01   7.1000000e-05
   3.5777000e-01   1.0000000e-04
   3.6186000e-01   2.9600000e-03
   3.7731000e-01   7.1000000e-04
   3.7853300e-01   1.6000000e-05
   3.7923000e-01   1.4000000e-04
   3.8752000e-01   1.2600000e-02
   4.1375600e-01   4.7000000e-05
   4.1800000e-01   7.1000000e-05
   4.1840000e-01   5.5000000e-04
   4.2035100e-01   1.6600000e-03
   4.4098000e-01   9.2000000e-04
   4.6054700e-01   3.9500000e-02
   4.8432300e-01   1.7000000e-03
   4.8627400e-01   1.1000000e-04
   5.1230000e-01   1.6000000e-05
   5.1506400e-01   1.1100000e-04
   5.1647500e-01   2.4000000e-05
   5.2515000e-01   1.5800000e-04
   5.3212700e-01   8.3000000e-04
   5.5617500e-01   3.2000000e-05
   5.5742900e-01   1.3000000e-02
   5.5929000e-01   4.9000000e-03
   5.6000000e-01   2.8000000e-05
   5.7324000e-01   1.9400000e-04
   5.9810000e-01   7.0000000e-06
   6.3909000e-01   7.5000000e-05
   6.6796300e-01   8.0000000e-06
   6.9517000e-01   2.8000000e-05
   7.0999000e-01   2.1000000e-05
   7.1215000e-01   1.5400000e-04
   7.3551000e-01   1.1000000e-05
   7.7590000e-01   4.0000000e-06
   7.7857000e-01   1.7000000e-05
   7.8444000e-01   6.7000000e-06
   8.0090000e-01   3.2000000e-06
   8.4893000e-01   4.3000000e-05
   8.7429000e-01   1.9000000e-04
   8.9137000e-01   2.8000000e-05
