   4.4834000e-01   2.3400000e-02
   4.9248000e-01   4.9000000e-03
   5.6103000e-01   2.4000000e-02
   8.4417000e-01   1.2500000e-02
   9.1273000e-01   6.3000000e-03
   9.3446000e-01   1.3900000e-01
   9.7232000e-01   6.8000000e-04
   1.1322400e+00   2.4300000e-03
   1.3830000e+00   0.0000000e+00
   1.4052800e+00   4.8000000e-02
   1.8472700e+00   3.6000000e-03
   1.8850000e+00   2.8000000e-04
   1.9887300e+00   6.1000000e-05
   2.1051700e+00   1.9000000e-04
   2.3399000e+00   1.4000000e-04
   2.4369300e+00   3.1000000e-05
   2.4734000e+00   5.1000000e-05
   2.8198000e+00   4.2000000e-05
   3.2633000e+00   1.1000000e-05
   3.3709000e+00   3.1000000e-05
