   8.8966700e-02   8.4000000e-02
   1.3870000e-01   7.9000000e-05
   1.6020000e-01   1.0300000e-04
   1.9016000e-01   1.6500000e-04
   1.9921320e-01   7.4000000e-03
   2.1570000e-01   1.3000000e-04
   2.4470000e-01   9.0000000e-05
   2.8140000e-01   7.8000000e-05
   2.9049000e-01   8.7000000e-05
   3.1730000e-01   6.0000000e-04
   3.3569000e-01   1.0200000e-04
   3.4870200e-01   1.3600000e-04
   3.5420000e-01   1.4500000e-04
   4.3446500e-01   2.0900000e-03
   4.7270000e-01   1.4500000e-03
   4.9032000e-01   1.6000000e-03
   4.9490000e-01   1.5000000e-04
   4.9888000e-01   6.6000000e-04
   5.5466000e-01   1.7000000e-04
   5.8580000e-01   0.0000000e+00
   5.8580000e-01   4.7000000e-04
   5.9952000e-01   2.0850000e-02
   6.2600000e-01   2.2000000e-04
   6.3279000e-01   3.9000000e-04
   6.4622000e-01   6.2800000e-02
   6.6000000e-01   1.4000000e-04
   6.6548000e-01   6.0000000e-05
   7.0710000e-01   6.5000000e-04
   7.0990000e-01   8.7600000e-03
   7.2348000e-01   5.4180000e-02
   7.6856000e-01   8.7000000e-04
   7.7800000e-01   2.6000000e-04
   7.8414000e-01   4.9000000e-04
   7.9773000e-01   1.0900000e-03
   8.1179000e-01   9.7000000e-02
   8.2036000e-01   1.6900000e-03
   8.3652000e-01   8.1000000e-04
   8.3900000e-01   3.0000000e-04
   8.4120000e-01   2.0800000e-03
   8.5836000e-01   2.0500000e-03
   8.6580000e-01   1.8800000e-03
   8.6701000e-01   1.3280000e-02
   8.7239000e-01   4.0000000e-04
   9.0362000e-01   4.0000000e-04
   9.1640000e-01   3.2000000e-04
   9.2880000e-01   2.8000000e-04
   9.4435000e-01   1.3310000e-02
   9.4746000e-01   2.9200000e-03
   9.6055000e-01   1.4500000e-02
   9.6100000e-01   1.5000000e-03
   9.6300000e-01   3.4000000e-04
   9.6986000e-01   3.7300000e-03
   1.0118700e+00   3.1400000e-03
   1.0185000e+00   8.4000000e-04
   1.0273900e+00   1.2800000e-03
   1.0370000e+00   5.3000000e-04
   1.0404300e+00   5.0100000e-03
   1.0494600e+00   0.0000000e+00
   1.0651500e+00   4.9220000e-02
   1.0760000e+00   3.3800000e-03
   1.0792400e+00   4.5890000e-02
   1.1018000e+00   4.2000000e-04
   1.1157800e+00   5.0000000e-04
   1.1294100e+00   1.3500000e-03
   1.1405100e+00   2.8300000e-03
   1.1536700e+00   6.7900000e-02
   1.1541900e+00   4.7300000e-02
   1.1560000e+00   1.3100000e-03
   1.1642000e+00   6.5000000e-04
   1.1680000e+00   0.0000000e+00
   1.1690900e+00   2.6600000e-03
   1.1873000e+00   1.5000000e-04
   1.2205000e+00   1.9000000e-04
   1.2306800e+00   7.9800000e-02
   1.2424700e+00   6.6010000e-02
   1.2579800e+00   9.5000000e-04
   1.2774300e+00   2.8860000e-02
   1.3664400e+00   1.5720000e-02
   1.6255000e+00   4.6000000e-04
   1.6822000e+00   2.7200000e-03
   1.8574200e+00   2.4000000e-03
   1.8730000e+00   5.9000000e-04
   1.8770300e+00   1.5120000e-02
   1.9377100e+00   1.9440000e-02
   1.9463400e+00   1.6500000e-03
   1.9652000e+00   3.8700000e-02
   2.0266500e+00   3.2720000e-02
   2.0325100e+00   1.3100000e-03
   2.0977000e+00   3.8090000e-02
   2.1105200e+00   7.9000000e-04
   2.1164900e+00   1.1400000e-03
   2.1213000e+00   4.7000000e-05
   2.1708600e+00   3.2200000e-04
   2.1809100e+00   2.1420000e-02
   2.1867100e+00   3.4850000e-02
   2.2053800e+00   8.7800000e-03
   2.2054000e+00   0.0000000e+00
   2.2118300e+00   9.8400000e-04
   2.2555000e+00   6.0000000e-05
   2.2598000e+00   1.1400000e-04
   2.2699000e+00   1.0310000e-02
   2.2934000e+00   2.2400000e-04
   2.3010000e+00   1.0400000e-04
   2.3443000e+00   4.0000000e-05
   2.3612000e+00   1.6800000e-04
