   1.5660000e-01   9.2000000e-04
   1.7420000e-01   1.8000000e-03
   3.5149000e-01   1.6200000e-03
   3.5473500e-01   1.8900000e-02
   3.9100000e-01   1.2400000e-03
   4.4994000e-01   8.0000000e-04
   4.6220000e-01   5.9000000e-03
   4.6880000e-01   9.7000000e-04
   4.9729400e-01   1.8400000e-03
   5.0370000e-01   4.2000000e-03
   5.4530000e-01   3.0200000e-02
   5.5180000e-01   1.7000000e-03
   6.1372500e-01   5.4000000e-01
   6.3710000e-01   2.0500000e-03
   6.5790000e-01   2.7000000e-03
   6.8630000e-01   9.2000000e-03
   6.8725400e-01   6.5000000e-03
   6.9491600e-01   1.6700000e-01
   7.2240000e-01   1.4600000e-03
   7.5690000e-01   8.6000000e-04
   8.2818900e-01   8.1000000e-02
   8.4150000e-01   1.6000000e-03
   8.4236000e-01   1.0800000e-02
   8.8200000e-01   1.9000000e-03
   8.8486100e-01   4.6000000e-03
   8.8909900e-01   2.1100000e-02
   9.0360000e-01   8.0000000e-04
   9.5900000e-01   4.6000000e-03
   9.6820000e-01   1.6000000e-03
   9.8820000e-01   9.2000000e-04
   1.0047300e+00   3.2000000e-03
   1.0186500e+00   1.4000000e-03
   1.0796700e+00   1.6200000e-02
   1.1449590e+00   1.6700000e-02
   1.1695000e+00   1.2000000e-03
   1.1986000e+00   7.0000000e-03
   1.2282500e+00   1.1000000e-03
   1.2401300e+00   5.9000000e-02
   1.2906000e+00   1.0000000e-03
   1.3085900e+00   1.3000000e-01
   1.3387800e+00   3.9000000e-03
   1.3734800e+00   4.8000000e-02
   1.3821600e+00   7.6000000e-03
   1.4409000e+00   3.2000000e-03
   1.5296000e+00   2.4800000e-02
   1.6420000e+00   1.6000000e-03
   1.7135500e+00   1.7800000e-02
   1.7215000e+00   3.2000000e-03
   1.7372000e+00   1.1000000e-03
   1.7919000e+00   9.7000000e-03
   1.8358000e+00   1.4600000e-02
   1.8934600e+00   2.9000000e-03
   1.9213000e+00   8.1000000e-03
   1.9231500e+00   7.6000000e-03
   1.9958700e+00   1.3500000e-02
   2.0641000e+00   1.1000000e-03
   2.0684000e+00   7.0000000e-03
   2.1878000e+00   3.6000000e-03
   2.2247000e+00   9.2000000e-03
   2.3272600e+00   1.1000000e-03
   2.6158000e+00   7.0000000e-03
   2.6284000e+00   8.1000000e-04
   2.6813000e+00   1.9400000e-02
   2.7588000e+00   1.1300000e-03
   2.7976000e+00   2.1000000e-03
   2.8390000e+00   5.0000000e-04
   3.0975000e+00   6.5000000e-04
