   1.0000000e-02   0.0000000e+00
   2.0020000e-02   1.0000000e-04
   2.9490000e-02   1.5800000e-05
   5.7750000e-02   7.0000000e-05
   6.2860000e-02   2.1000000e-04
   6.3290000e-02   4.8000000e-02
   7.3920000e-02   0.0000000e+00
   7.3920000e-02   1.7200000e-04
   8.3300000e-02   7.9000000e-04
   8.7020000e-02   1.9000000e-04
   9.2000000e-02   0.0000000e+00
   9.2380000e-02   2.8100000e-02
   9.2800000e-02   2.7700000e-02
   1.0335000e-01   4.2000000e-05
   1.0371000e-01   0.0000000e+00
   1.0800000e-01   1.0600000e-04
   1.1281000e-01   2.7700000e-03
   1.3290000e-01   0.0000000e+00
   1.8480000e-01   1.3000000e-04
