   3.0220000e-01   9.0000000e-05
   3.5809800e-01   1.4000000e-04
   4.0309400e-01   2.3400000e-04
   4.3825200e-01   1.3000000e-05
   4.5679000e-01   3.5600000e-04
   4.6360000e-01   9.0000000e-06
   4.6650000e-01   4.0000000e-05
   4.7281200e-01   4.9000000e-04
   4.8480000e-01   5.8000000e-05
   5.5910100e-01   4.5000000e-01
   5.6317800e-01   1.2000000e-02
   5.7149800e-01   1.3900000e-03
   5.7530500e-01   6.8000000e-04
   6.0250000e-01   9.0000000e-06
   6.3950000e-01   3.6000000e-05
   6.5704100e-01   6.2000000e-02
   6.6500000e-01   4.0000000e-04
   6.6536100e-01   3.6000000e-03
   6.9513600e-01   9.0000000e-05
   7.2701000e-01   1.8400000e-04
   7.4016700e-01   1.1700000e-03
   7.5500000e-01   4.0000000e-06
   7.7175600e-01   1.2100000e-03
   7.7650000e-01   9.0000000e-06
   7.9610000e-01   4.0000000e-05
   8.0982700e-01   1.7100000e-04
   8.5280000e-01   2.2000000e-05
   8.5700000e-01   9.0000000e-06
   8.6380000e-01   1.1300000e-04
   8.6764000e-01   1.3000000e-03
   8.8217000e-01   5.8000000e-04
   9.0750000e-01   1.8000000e-05
   9.2160000e-01   9.0000000e-06
   9.5460000e-01   1.8000000e-05
   9.5760000e-01   1.8000000e-05
   9.8071000e-01   4.1400000e-04
   1.0306000e+00   9.0000000e-06
   1.0606000e+00   1.8000000e-05
   1.0982000e+00   3.6000000e-05
   1.1298530e+00   1.2600000e-03
   1.1300000e+00   1.8000000e-04
   1.2129400e+00   1.4400000e-02
   1.2161040e+00   3.4200000e-02
   1.2286000e+00   1.2100000e-02
   1.3930000e+00   0.0000000e+00
   1.4391000e+00   2.7900000e-03
   1.4537000e+00   1.0800000e-03
   1.4670000e+00   9.0000000e-06
   1.5328000e+00   2.4300000e-04
   1.5630000e+00   1.8000000e-05
   1.5679800e+00   7.6000000e-05
   1.6116000e+00   7.6000000e-05
   1.7876800e+00   2.9200000e-03
   1.8050000e+00   1.3000000e-05
   1.8700000e+00   5.4000000e-04
   1.8813000e+00   9.0000000e-06
   1.9558000e+00   9.0000000e-05
   2.0964000e+00   5.5000000e-03
   2.1109000e+00   3.2800000e-03
   2.1271000e+00   1.3000000e-05
   2.4290000e+00   3.1000000e-04
   2.6553000e+00   4.3600000e-04
   2.6697000e+00   2.7000000e-06
