   3.2460000e-02   4.8000000e-05
   9.3124000e-02   4.8000000e-02
   9.8200000e-02   1.3900000e-05
   3.0090000e-01   2.6700000e-05
   3.2481000e-01   3.1400000e-04
   3.5640000e-01   3.5000000e-06
   3.6400000e-01   2.5000000e-06
   4.2315000e-01   3.0100000e-04
   4.3660000e-01   2.7000000e-06
   4.6190000e-01   6.7000000e-06
   5.2650000e-01   4.6000000e-05
   5.5010000e-01   9.2000000e-06
   5.9727000e-01   7.8000000e-05
   6.2491000e-01   3.5900000e-05
   6.4850000e-01   1.8000000e-06
   7.1993000e-01   3.6700000e-05
   7.8640000e-01   1.6700000e-05
   7.9646200e-01   6.6500000e-04
   7.9992000e-01   2.0000000e-05
   8.1823000e-01   2.0900000e-05
   8.2893000e-01   1.7000000e-03
   8.5650000e-01   9.2000000e-07
   8.9817000e-01   9.9000000e-05
   9.3400000e-01   7.5000000e-07
   9.4980000e-01   1.3400000e-05
   1.0500000e+00   2.0000000e-06
   1.0975000e+00   2.0000000e-05
   1.1299000e+00   7.3000000e-05
   1.1430000e+00   2.5000000e-07
   1.1657000e+00   4.2000000e-06
   1.2230000e+00   1.7000000e-08
   1.2326000e+00   4.8000000e-06
   1.2590000e+00   5.0000000e-07
   1.2645000e+00   1.4000000e-06
   1.2940000e+00   2.0000000e-07
   1.2970000e+00   5.8000000e-07
   1.3258000e+00   8.4000000e-07
