   2.9858000e-01   0.0000000e+00
   5.2873000e-01   4.7800000e-03
   8.1322000e-01   1.5000000e-04
   8.2730000e-01   4.0000000e-03
   1.0982000e+00   8.0000000e-04
   1.1735900e+00   4.7000000e-04
   1.2296800e+00   2.5000000e-02
   1.2672300e+00   5.1800000e-03
   1.4476600e+00   2.3000000e-04
   1.7000400e+00   7.7000000e-04
   1.7580500e+00   0.0000000e+00
   1.9078000e+00   4.5000000e-04
   2.0429000e+00   8.0000000e-05
   2.0565000e+00   0.0000000e+00
   2.3278200e+00   1.0800000e-04
   2.4965600e+00   0.0000000e+00
   2.6773500e+00   1.3000000e-04
