   1.6720000e-01   8.0000000e-04
   2.3140000e-01   1.0000000e-03
   2.3620000e-01   1.2000000e-03
   3.0300000e-01   6.0000000e-04
   4.1380000e-01   1.5000000e-02
   4.3930000e-01   1.0000000e-03
   4.7880000e-01   3.9000000e-02
   5.4910000e-01   4.6000000e-03
   5.6120000e-01   3.2000000e-02
   5.8700000e-01   3.1000000e-03
   6.3990000e-01   9.0000000e-04
   6.6770000e-01   6.0000000e-04
   7.3810000e-01   1.5000000e-01
   7.5570000e-01   6.0000000e-04
   8.1240000e-01   4.4000000e-04
   8.7820000e-01   3.1000000e-04
   8.9100000e-01   4.0000000e-02
   9.1050000e-01   3.4000000e-04
   9.2250000e-01   6.0000000e-04
   9.7500000e-01   3.4000000e-01
   1.0792000e+00   1.6000000e-03
   1.1103000e+00   1.1000000e-02
   1.1199000e+00   1.1000000e-03
   1.1318000e+00   4.1000000e-03
   1.1379000e+00   3.0000000e-03
   1.1464000e+00   3.1000000e-03
   1.1843000e+00   1.7000000e-03
   1.2026000e+00   3.3000000e-02
   1.2069000e+00   2.6000000e-02
   1.2345000e+00   2.1000000e-03
   1.2556000e+00   1.1000000e-03
   1.2773000e+00   8.0000000e-04
   1.3048000e+00   1.1000000e-03
   1.3114000e+00   8.0000000e-03
   1.3694000e+00   1.4000000e-04
   1.3698000e+00   7.0000000e-02
   1.3976000e+00   3.2000000e-03
   1.4186000e+00   4.4000000e-03
   1.4395000e+00   1.3000000e-01
   1.4434000e+00   1.6000000e-02
   1.4878000e+00   9.0000000e-04
   1.5099000e+00   7.0000000e-03
   1.5496000e+00   8.0000000e-03
   1.5599000e+00   5.0000000e-03
   1.5889000e+00   3.6000000e-03
   1.6057000e+00   9.0000000e-04
   1.6217000e+00   1.9000000e-03
   1.7133000e+00   1.1000000e-03
   1.7246000e+00   3.2000000e-03
   1.7500000e+00   7.0000000e-04
   1.7582000e+00   3.5000000e-03
   1.7836000e+00   4.3000000e-03
   1.8496000e+00   8.0000000e-04
   1.8660000e+00   2.4000000e-02
   1.8892000e+00   1.0000000e-03
   1.9053000e+00   1.3000000e-03
   1.9508000e+00   3.4000000e-03
   2.0584000e+00   3.6000000e-03
   2.0981000e+00   3.3000000e-03
   2.1024000e+00   3.3000000e-03
   2.1775000e+00   8.0000000e-04
   2.1894000e+00   7.0000000e-03
   2.2885000e+00   1.6000000e-03
   2.3188000e+00   1.1000000e-02
   2.3343000e+00   2.8000000e-02
   2.3445000e+00   4.1000000e-04
   2.3447000e+00   7.0000000e-02
   2.4011000e+00   1.0000000e-03
   2.4390000e+00   2.2000000e-03
   2.4798000e+00   2.2000000e-02
   2.5072000e+00   3.4000000e-04
   2.5356000e+00   4.1000000e-04
   2.6038000e+00   3.1000000e-04
   2.7023000e+00   4.4000000e-04
   2.7391000e+00   7.0000000e-04
   2.8699000e+00   2.5000000e-03
   2.8936000e+00   6.0000000e-03
   2.9762000e+00   1.0000000e-03
   3.2635000e+00   5.0000000e-03
   3.3093000e+00   2.5000000e-03
   3.3806000e+00   2.7000000e-04
   3.3930000e+00   3.8000000e-03
   3.4548000e+00   7.0000000e-04
   3.6458000e+00   1.7000000e-04
   3.7140000e+00   3.2000000e-03
