   5.9780000e-02   2.7200000e-04
   7.0440000e-02   2.1400000e-02
   8.7000000e-02   8.0000000e-05
   1.0171000e-01   7.9000000e-04
   1.1890000e-01   2.8000000e-04
   1.6620000e-01   2.8000000e-04
   1.6900000e-01   1.2000000e-03
   1.7218000e-01   3.4000000e-01
   2.7200000e-01   4.7000000e-04
   2.8977000e-01   2.9000000e-03
   3.0780000e-01   4.0000000e-04
   3.1690000e-01   1.0000000e-04
   3.5790000e-01   1.1900000e-03
   3.7671000e-01   2.5000000e-03
   3.9128000e-01   1.5300000e-02
   4.1325000e-01   5.0000000e-03
   4.1549000e-01   4.6000000e-03
   4.1793000e-01   1.5000000e-04
   4.3930000e-01   6.9000000e-04
   4.4420000e-01   3.6000000e-04
   4.5440000e-01   7.0000000e-04
   4.5460000e-01   3.2000000e-03
   4.7700000e-01   1.1000000e-04
   4.8586000e-01   1.4700000e-03
   5.1930000e-01   3.2000000e-04
   5.1931000e-01   1.1000000e-04
   5.2560000e-01   3.7000000e-03
   5.5220000e-01   7.9000000e-04
   5.5260000e-01   6.8000000e-05
   5.5616000e-01   7.9000000e-04
   5.7510000e-01   9.0000000e-03
   5.8002000e-01   6.0000000e-03
   5.8350000e-01   7.4000000e-04
   5.9570000e-01   3.6000000e-04
   6.1750000e-01   2.0000000e-04
   6.2326000e-01   1.1000000e-03
   6.3276000e-01   1.0100000e-02
   6.4550000e-01   2.8000000e-04
   6.5460000e-01   4.3000000e-04
   6.6850000e-01   2.8000000e-03
   6.9419000e-01   6.0000000e-03
   6.9708000e-01   4.0000000e-04
   7.0380000e-01   1.8700000e-03
   7.1600000e-01   1.1000000e-04
   7.1890000e-01   5.1000000e-04
   7.2458000e-01   7.9000000e-04
   7.4628000e-01   3.6000000e-04
   7.5280000e-01   3.4000000e-04
   7.6216000e-01   3.6000000e-03
   7.9780000e-01   2.8900000e-03
   8.0850000e-01   1.7000000e-04
   8.0960000e-01   2.0000000e-05
   8.1682000e-01   2.8000000e-04
   8.2830000e-01   3.3000000e-04
   8.2870000e-01   1.6000000e-04
   8.6320000e-01   4.3000000e-04
   8.8210000e-01   6.1000000e-04
   8.8210000e-01   6.1000000e-04
   8.9390000e-01   1.7000000e-04
   9.1620000e-01   2.8000000e-04
   9.4470000e-01   3.7000000e-04
   9.7520000e-01   4.5000000e-04
   9.9630000e-01   7.4000000e-04
   1.0007000e+00   2.8000000e-04
   1.0227000e+00   4.0000000e-04
   1.0290000e+00   1.6000000e-04
   1.0297000e+00   1.3000000e-04
   1.0452000e+00   2.8000000e-04
   1.0631000e+00   4.0000000e-04
   1.0760000e+00   1.1000000e-04
   1.0880000e+00   5.7000000e-04
   1.0985000e+00   3.4000000e-04
   1.1159000e+00   3.1000000e-03
   1.1396000e+00   1.7000000e-04
   1.1424000e+00   3.4000000e-04
   1.1633000e+00   9.6000000e-04
   1.2001000e+00   9.1000000e-04
   1.2225000e+00   2.6000000e-04
   1.2700000e+00   1.1000000e-04
   1.2825000e+00   2.9000000e-03
   1.3090000e+00   1.7000000e-04
   1.3810000e+00   1.1000000e-04
   1.4177000e+00   1.7000000e-04
   1.6513000e+00   2.0400000e-03
   1.6911000e+00   3.6000000e-03
   1.7219000e+00   9.6000000e-04
   1.7754000e+00   1.3000000e-03
   1.9052000e+00   2.3000000e-04
   1.9390000e+00   2.8000000e-04
   1.9708000e+00   1.7600000e-03
   2.0641000e+00   8.0000000e-05
   2.0860000e+00   1.1000000e-04
