   4.2856000e-01   7.0600000e-04
   4.3425000e-01   2.0200000e-04
   4.3919000e-01   1.2600000e-04
   5.1184200e-01   2.0000000e-01
   5.7838000e-01   8.4000000e-05
   6.1617400e-01   7.5000000e-03
   6.2194000e-01   9.9300000e-02
   6.8022000e-01   1.1000000e-04
   6.8480000e-01   5.5100000e-05
   7.0280000e-01   2.9000000e-06
   7.1590000e-01   1.0000000e-04
   7.1724000e-01   6.5000000e-05
   7.5130000e-01   1.0800000e-05
   8.7348000e-01   4.3900000e-03
   9.4260000e-01   5.7000000e-06
   1.0458300e+00   1.3300000e-04
   1.0503900e+00   1.5600000e-02
   1.0621400e+00   3.2000000e-04
   1.1087600e+00   5.9200000e-05
   1.1144800e+00   1.1800000e-04
   1.1280000e+00   4.0400000e-03
   1.1337000e+00   0.0000000e+00
   1.1502000e+00   3.0600000e-05
   1.1562800e+00   1.6000000e-06
   1.1807200e+00   1.4480000e-04
   1.1945300e+00   5.7300000e-04
   1.2098000e+00   4.5000000e-06
   1.2588000e+00   5.7000000e-06
   1.2660000e+00   1.0400000e-05
   1.3052000e+00   1.3300000e-05
   1.3157000e+00   3.4700000e-05
   1.3557000e+00   6.3000000e-06
   1.3602000e+00   2.2200000e-05
   1.3723000e+00   2.0600000e-05
   1.3974000e+00   2.6500000e-05
   1.4896000e+00   1.2000000e-05
   1.4963300e+00   2.2200000e-04
   1.4988000e+00   6.7000000e-05
   1.5622400e+00   1.6320000e-03
   1.5724000e+00   1.8400000e-06
   1.5772000e+00   1.0600000e-05
   1.6874000e+00   5.5000000e-06
   1.6932000e+00   6.5000000e-06
   1.7303500e+00   2.2200000e-05
   1.7662000e+00   3.4300000e-04
   1.7745000e+00   1.2600000e-05
   1.7841000e+00   4.3000000e-06
   1.7969700e+00   2.7700000e-04
   1.8550000e+00   1.2400000e-05
   1.9093000e+00   1.4300000e-05
   1.9272700e+00   1.5300000e-04
   1.9546000e+00   1.8000000e-06
   1.9735000e+00   1.8000000e-06
   1.9884400e+00   2.6100000e-04
   2.0933000e+00   3.7000000e-06
   2.1125400e+00   3.4500000e-04
   2.1857000e+00   2.4000000e-06
   2.1933000e+00   4.9000000e-05
   2.2424600e+00   2.0600000e-05
   2.2718400e+00   1.3700000e-05
   2.3090000e+00   5.6300000e-05
   2.3164200e+00   6.3600000e-05
   2.3660400e+00   2.3300000e-04
   2.3906000e+00   6.5100000e-05
   2.4059600e+00   1.4500000e-04
   2.4390700e+00   4.5900000e-05
   2.4568000e+00   2.9000000e-06
   2.4846000e+00   9.0000000e-06
   2.5252000e+00   2.0000000e-06
   2.5427000e+00   2.9600000e-05
   2.5711000e+00   1.4500000e-05
   2.6493000e+00   6.5000000e-06
   2.7050200e+00   2.5100000e-05
   2.7095000e+00   3.7300000e-05
   2.7401000e+00   2.4000000e-06
   2.7873000e+00   8.0000000e-07
   2.8090000e+00   6.9000000e-06
   2.8211000e+00   1.2000000e-05
   2.8650000e+00   1.4000000e-07
   2.9025000e+00   6.5000000e-07
   2.9179000e+00   9.2000000e-06
   3.0373000e+00   1.0200000e-05
   3.0550000e+00   3.5000000e-06
   3.1647000e+00   2.9000000e-07
   3.2498000e+00   1.0000000e-06
   3.2734000e+00   5.1000000e-07
   3.3759000e+00   1.1200000e-07
   3.4018000e+00   1.2400000e-07
