   1.0940000e-01   6.2000000e-04
   1.4120000e-01   2.8000000e-04
   1.4971600e-01   6.9000000e-01
   1.5110000e-01   1.7000000e-03
   2.2157000e-01   3.3000000e-04
   2.6750000e-01   4.0000000e-05
   2.7468000e-01   7.0000000e-05
   2.7817000e-01   9.8000000e-04
   2.8017000e-01   1.7000000e-04
   2.9475000e-01   4.8000000e-05
   2.9709000e-01   7.0000000e-05
   2.9709000e-01   4.3000000e-04
   2.9994000e-01   3.9000000e-04
   3.4294500e-01   7.0100000e-03
   3.4560000e-01   1.4000000e-04
   3.5148000e-01   2.3000000e-04
   3.5358000e-01   1.9000000e-04
   3.8405900e-01   8.9400000e-03
   4.0236000e-01   7.0000000e-05
   4.0330000e-01   7.0000000e-05
   4.2132000e-01   4.2000000e-04
   4.3830000e-01   7.0000000e-05
   4.5232300e-01   1.8180000e-01
   4.6970000e-01   1.5000000e-04
   4.9266000e-01   4.8260000e-02
   4.9485000e-01   7.6000000e-04
   4.9623000e-01   3.4000000e-04
   5.4488000e-01   4.2600000e-03
   5.5040000e-01   2.8000000e-04
   5.6733000e-01   1.0200000e-03
   5.7490000e-01   3.1000000e-04
   6.0203900e-01   4.1870000e-02
   6.0555000e-01   1.1700000e-03
   6.5426000e-01   1.5260000e-02
   6.9619000e-01   1.7900000e-03
   7.0270000e-01   8.0000000e-05
   7.2700000e-01   4.6800000e-03
   7.4440000e-01   8.0000000e-05
   8.0557000e-01   1.4000000e-04
   8.2500000e-01   2.8000000e-04
   8.4199000e-01   1.9900000e-03
   8.5221000e-01   4.4000000e-04
   8.5383000e-01   9.6000000e-04
   8.5608000e-01   1.3100000e-03
   8.8115000e-01   2.5000000e-04
   8.9854000e-01   1.3800000e-03
   9.3448300e-01   8.7300000e-03
   9.4854200e-01   2.2600000e-02
   9.5139000e-01   3.3000000e-03
   9.9725000e-01   3.3340000e-02
   9.9926000e-01   2.8000000e-04
   1.0057600e+00   1.4000000e-04
   1.0079600e+00   7.9800000e-03
   1.0355000e+00   2.8000000e-05
   1.0668000e+00   6.0000000e-05
   1.0982500e+00   1.7200000e-03
   1.1469600e+00   4.9500000e-02
   1.1485100e+00   1.1000000e-03
   1.1488900e+00   6.2000000e-04
   1.1558000e+00   4.1000000e-05
   1.1847000e+00   5.5000000e-05
   1.1983000e+00   5.5000000e-05
   1.2652000e+00   4.8000000e-05
   1.2774400e+00   1.1800000e-03
   1.2943400e+00   4.8100000e-03
   1.2979800e+00   4.8000000e-05
   1.3081000e+00   6.9000000e-05
   1.3509100e+00   6.1000000e-04
   1.4271400e+00   1.0500000e-03
   1.5006200e+00   1.1500000e-03
   1.5277300e+00   5.7000000e-04
   1.5480000e+00   9.0000000e-06
   1.5799400e+00   8.3000000e-05
   1.6509700e+00   1.2400000e-04
   1.7652000e+00   1.0000000e-05
   1.8006800e+00   3.4000000e-05
   1.8911000e+00   2.8000000e-05
   1.9236000e+00   3.4000000e-05
   1.9731000e+00   2.1000000e-05
   2.0408000e+00   6.9000000e-05
   2.0728000e+00   6.2000000e-05
