   1.1600000e-02   0.0000000e+00
   2.2780000e-02   0.0000000e+00
   2.9310000e-02   0.0000000e+00
   3.0800000e-02   1.5000000e-02
   5.2100000e-02   0.0000000e+00
   6.8860000e-02   9.1000000e-02
   8.0110000e-02   4.9000000e-01
   9.1970000e-02   3.4000000e-03
   1.0426000e-01   1.5700000e-03
   1.1806000e-01   2.3900000e-02
   1.2959000e-01   4.0000000e-03
   1.3026000e-01   2.9000000e-03
   1.3232000e-01   1.0000000e-03
   1.3460000e-01   9.8000000e-04
   1.4729000e-01   1.0300000e-02
   1.5651000e-01   1.3600000e-03
   1.5820000e-01   7.3000000e-04
   1.7025000e-01   5.8000000e-03
   1.8588000e-01   5.8000000e-03
   2.0332000e-01   3.6500000e-03
   2.0850000e-01   6.5000000e-04
   2.2834000e-01   2.9000000e-04
   2.3261000e-01   2.4300000e-03
   2.3521000e-01   9.5000000e-04
   2.5500000e-01   5.3000000e-04
   2.6087000e-01   9.8000000e-04
   2.6389000e-01   2.1000000e-04
   2.7553000e-01   1.6000000e-03
   2.7570000e-01   3.9000000e-04
   2.8603000e-01   3.1000000e-04
   2.9032000e-01   5.3000000e-04
   3.0403000e-01   1.0800000e-02
   3.1225000e-01   4.0000000e-04
   3.1431000e-01   4.8000000e-04
   3.2068000e-01   2.2100000e-03
   3.3230000e-01   1.3000000e-03
   3.3967000e-01   7.0000000e-04
   3.6159000e-01   2.6000000e-03
   3.6358000e-01   9.2000000e-04
   3.8249000e-01   3.1000000e-04
   3.8990000e-01   5.0000000e-04
   3.9140000e-01   3.0000000e-03
   4.0447000e-01   9.0000000e-04
   4.0457000e-01   5.0000000e-04
   4.1603000e-01   1.6400000e-03
   4.2226000e-01   3.8000000e-04
   4.3080000e-01   1.7000000e-04
   4.3335000e-01   1.8700000e-03
   4.4610000e-01   3.4000000e-04
   4.6263000e-01   1.0800000e-03
   4.7972000e-01   3.5000000e-03
   4.9290000e-01   3.4000000e-04
   5.2276000e-01   3.4000000e-04
   5.2750000e-01   2.0000000e-04
   5.3335000e-01   1.6000000e-04
   5.4524000e-01   5.7000000e-04
   5.5796000e-01   2.3000000e-04
   5.6690000e-01   1.2600000e-03
   5.7858000e-01   6.6000000e-04
   5.9719000e-01   4.9000000e-04
   5.9957000e-01   4.9000000e-04
   6.0624000e-01   4.9000000e-04
   6.0944000e-01   2.6000000e-04
   6.1352000e-01   4.7000000e-04
   6.2810000e-01   1.6000000e-04
   6.3679000e-01   1.9200000e-03
   6.4421000e-01   2.6000000e-04
   6.5000000e-01   2.3000000e-04
   6.5600000e-01   3.7600000e-03
   6.7575000e-01   6.4000000e-04
   7.0813000e-01   3.3000000e-04
   7.2230000e-01   2.2000000e-04
   7.2877000e-01   3.8000000e-04
   7.3900000e-01   5.6000000e-04
   7.4460000e-01   1.6000000e-04
   7.7261000e-01   6.6000000e-04
   7.8443000e-01   2.0800000e-03
   7.9621000e-01   3.4000000e-04
   8.2087000e-01   3.8000000e-04
   8.2633000e-01   1.8700000e-03
   8.3112000e-01   1.2200000e-03
   8.3883000e-01   6.2000000e-04
   8.5305000e-01   8.8000000e-04
   8.5600000e-01   1.0000000e-03
   8.7700000e-01   1.0000000e-03
   8.7860000e-01   1.3000000e-03
   8.9290000e-01   6.0000000e-04
   8.9521000e-01   1.4000000e-03
   9.0610000e-01   7.0000000e-04
   9.3517000e-01   4.2000000e-03
   9.3796000e-01   9.2000000e-04
   9.4680000e-01   2.7000000e-04
   9.5668000e-01   1.0900000e-02
   9.6794000e-01   9.1000000e-04
   9.7310000e-01   5.6000000e-04
   9.8997000e-01   7.9000000e-04
   9.9934000e-01   1.3000000e-03
   9.9946000e-01   5.1000000e-03
   1.0093000e+00   2.3000000e-04
   1.0124000e+00   6.1000000e-04
   1.0157000e+00   1.0000000e-03
   1.0300500e+00   6.8000000e-03
   1.0323000e+00   3.8000000e-04
   1.0735400e+00   3.1000000e-03
   1.0735600e+00   6.0000000e-03
   1.0902800e+00   4.4000000e-02
   1.0905400e+00   9.0000000e-04
   1.1177400e+00   2.0100000e-03
   1.1220000e+00   1.6600000e-03
   1.1263400e+00   1.6300000e-03
   1.1453300e+00   1.0900000e-03
   1.1485600e+00   1.9400000e-03
   1.1545400e+00   4.6000000e-03
   1.1617800e+00   9.6000000e-04
   1.1655300e+00   2.4700000e-03
   1.1727000e+00   3.6000000e-04
   1.1884000e+00   1.3600000e-03
   1.1934700e+00   7.8000000e-04
   1.2025400e+00   1.2600000e-03
   1.2094000e+00   7.0000000e-04
   1.2123000e+00   8.0000000e-04
   1.2194100e+00   5.1000000e-03
   1.2293000e+00   2.3000000e-04
   1.2395600e+00   2.9600000e-03
   1.2495000e+00   3.8000000e-04
   1.2661300e+00   2.1600000e-03
   1.2698700e+00   1.4800000e-03
   1.2826500e+00   1.5900000e-03
   1.2896500e+00   0.0000000e+00
   1.2945000e+00   8.0000000e-04
   1.2968100e+00   2.2000000e-03
   1.3087000e+00   4.7000000e-04
   1.3121200e+00   1.4000000e-03
   1.3293600e+00   3.7000000e-03
   1.3399000e+00   1.8000000e-04
   1.3518500e+00   3.0000000e-04
   1.3560500e+00   4.2000000e-04
   1.3675700e+00   1.4700000e-03
   1.3713300e+00   1.4600000e-03
   1.3860000e+00   2.6000000e-04
   1.3904700e+00   9.2000000e-04
   1.4014100e+00   8.8000000e-04
   1.4047000e+00   3.9000000e-04
   1.4213500e+00   3.2000000e-03
   1.4269100e+00   1.2400000e-03
   1.4352800e+00   1.0500000e-03
   1.4520600e+00   2.8600000e-03
   1.5013100e+00   5.9000000e-03
   1.5311000e+00   8.5000000e-04
   1.6860000e+00   6.1000000e-04
   1.7090000e+00   3.6000000e-04
   1.7261000e+00   4.2000000e-04
   1.7848000e+00   3.8000000e-04
   1.7889000e+00   4.8000000e-04
   1.8028000e+00   2.6000000e-04
   1.8270000e+00   2.0000000e-04
   1.8810000e+00   2.0000000e-04
   1.9165000e+00   3.3000000e-04
   1.9426000e+00   5.2000000e-04
   1.9574000e+00   5.7000000e-04
   1.9780000e+00   2.6000000e-04
   2.2045000e+00   2.6000000e-04
