   4.6690000e-01   1.3000000e-04
   5.2280000e-01   4.0000000e-05
   6.9686000e-01   6.8000000e-04
   6.9837400e-01   1.3300000e-03
   7.1120000e-01   5.1000000e-04
   7.7651700e-01   1.3000000e-01
   8.6930000e-01   1.2000000e-05
   9.7520000e-01   7.5000000e-05
   9.9220000e-01   1.6000000e-05
   1.0214000e+00   1.3000000e-05
   1.0440020e+00   8.0000000e-06
   1.0812900e+00   2.7000000e-06
   1.0868000e+00   1.2000000e-05
   1.1236000e+00   7.0000000e-06
   1.1684300e+00   1.2000000e-05
   1.1802660e+00   1.4800000e-04
   1.1809500e+00   2.7000000e-05
   1.3951390e+00   4.7100000e-03
   1.4748800e+00   7.9000000e-04
   1.4880000e+00   0.0000000e+00
   1.6077000e+00   2.0000000e-05
   1.6735000e+00   6.3000000e-05
   1.6987000e+00   1.3000000e-05
   1.7031900e+00   4.4900000e-04
   1.7119000e+00   1.5000000e-05
   1.7851300e+00   2.7000000e-05
   1.8794000e+00   9.0000000e-05
   1.9567400e+00   6.0000000e-05
   2.1675900e+00   3.7500000e-04
   2.1720000e+00   0.0000000e+00
   2.2419800e+00   8.0000000e-06
   2.4102600e+00   2.0900000e-04
   2.4796400e+00   3.6200000e-04
   2.5089000e+00   2.5000000e-05
   2.5787000e+00   9.4000000e-06
   2.6559500e+00   2.3000000e-05
   2.7884000e+00   1.0200000e-05
   2.9400000e+00   2.8000000e-05
   2.9440000e+00   6.7000000e-05
   2.9663000e+00   5.4000000e-06
   3.0592000e+00   6.0000000e-06
   3.1045000e+00   1.3000000e-06
   3.3556000e+00   2.5000000e-06
   3.4574000e+00   9.9000000e-07
   3.8150000e+00   4.0000000e-06
   3.8360000e+00   1.9600000e-06
   3.8810000e+00   7.8000000e-07
   3.9110000e+00   9.4000000e-07
   3.9560000e+00   8.0000000e-07
