   1.1910000e-01   0.0000000e+00
   1.5260000e-01   0.0000000e+00
   1.5770000e-01   0.0000000e+00
   1.9120000e-01   0.0000000e+00
   1.9260000e-01   0.0000000e+00
   2.3110000e-01   0.0000000e+00
   2.3120000e-01   0.0000000e+00
   2.5380000e-01   4.0000000e-03
   3.1030000e-01   1.2000000e-02
   3.5105900e-01   7.7000000e-01
   4.4630000e-01   1.3000000e-02
   5.6380000e-01   9.0000000e-03
   5.9640000e-01   4.0000000e-03
   9.9300000e-01   5.1000000e-03
   9.9710000e-01   6.9000000e-01
   1.3317000e+00   4.5000000e-02
   1.3481000e+00   3.0000000e-02
   1.5639000e+00   1.5000000e-01
   1.5903000e+00   2.0000000e-02
   1.6371000e+00   3.0000000e-01
   1.6827000e+00   7.0000000e-03
   1.7563000e+00   1.6000000e-01
   1.7949000e+00   7.0000000e-02
   1.9092000e+00   2.0000000e-03
   1.9475000e+00   3.8000000e-02
   1.9874000e+00   5.0000000e-02
   2.0095000e+00   2.4000000e-02
   2.3580000e+00   5.1000000e-03
   2.5605000e+00   8.0000000e-03
   2.6341000e+00   3.5000000e-02
   2.6754000e+00   1.0000000e-03
   2.7533000e+00   7.0000000e-03
   2.9854000e+00   4.0000000e-04
