   1.0958000e-01   1.2000000e-01
   1.8602000e-01   2.8000000e-02
   2.1640000e-01   1.1700000e-01
   2.3062000e-01   6.1000000e-01
   2.8780000e-01   1.1000000e-02
   3.0698000e-01   8.6000000e-03
   3.2550000e-01   2.0900000e-02
   4.4690000e-01   5.6000000e-02
   4.8486000e-01   6.3000000e-02
   5.2445000e-01   4.4000000e-02
   5.4227000e-01   3.2600000e-01
   5.5121000e-01   1.0600000e-02
   6.3400000e-01   1.3000000e-01
   6.4461000e-01   3.1000000e-02
   7.2413000e-01   4.0000000e-02
   7.4503000e-01   7.8000000e-02
   7.4910000e-01   3.6000000e-02
   7.5500000e-01   1.8000000e-01
   7.6546000e-01   4.6700000e-02
   7.7474000e-01   2.4600000e-02
   7.8151000e-01   1.2300000e-01
   8.2503000e-01   3.1300000e-02
   8.7519000e-01   3.0700000e-02
   9.0232000e-01   3.7000000e-02
   1.0151400e+00   9.8000000e-02
   1.0315900e+00   2.1500000e-02
   1.1175600e+00   9.9000000e-02
   1.1920900e+00   4.7000000e-02
   1.2563200e+00   9.9000000e-02
   1.2596500e+00   2.8300000e-02
   1.4180200e+00   4.7000000e-02
   1.5384400e+00   2.0900000e-02
   1.5572600e+00   2.5800000e-02
   1.5713300e+00   2.7600000e-02
   1.8453700e+00   1.8400000e-02
   2.5942000e+00   2.2100000e-02
