   1.1900000e-01   6.0000000e-04
   1.5860000e-01   9.0000000e-04
   1.8180000e-01   6.0000000e-04
   2.1690000e-01   6.0000000e-04
   2.2050000e-01   1.2000000e-03
   2.2220000e-01   6.0000000e-04
   2.2920000e-01   1.2000000e-03
   2.5010000e-01   1.2000000e-03
   2.6110000e-01   3.3000000e-03
   3.1030000e-01   1.5000000e-03
   3.1160000e-01   6.0000000e-03
   3.3110000e-01   9.7000000e-02
   3.4020000e-01   2.4000000e-03
   3.5390000e-01   1.0200000e-02
   3.6290000e-01   2.4000000e-03
   3.7370000e-01   2.4000000e-03
   3.7610000e-01   9.0000000e-04
   3.8300000e-01   9.0000000e-03
   3.8420000e-01   3.3100000e-02
   4.0180000e-01   9.0000000e-04
   4.3720000e-01   2.6000000e-02
   4.3740000e-01   2.6000000e-02
   4.5280000e-01   1.5000000e-03
   4.5440000e-01   1.8000000e-03
   4.5980000e-01   2.1000000e-03
   4.5980000e-01   2.1000000e-03
   4.6580000e-01   1.5000000e-03
   4.7320000e-01   1.8000000e-03
   4.7850000e-01   1.2000000e-03
   4.8270000e-01   1.2000000e-03
   4.9580000e-01   3.9000000e-03
   5.0120000e-01   2.7000000e-03
   5.2200000e-01   6.0000000e-03
   5.2210000e-01   2.8900000e-02
   5.3940000e-01   2.1000000e-03
   5.6030000e-01   9.0000000e-04
   5.9460000e-01   9.0000000e-04
   5.9720000e-01   1.5000000e-03
   6.1420000e-01   1.8100000e-02
   6.2360000e-01   2.1700000e-02
   6.4990000e-01   2.8000000e-01
   6.6010000e-01   1.4400000e-02
   7.1070000e-01   4.2000000e-03
   7.3270000e-01   6.3000000e-03
   7.4530000e-01   3.3000000e-03
   7.8530000e-01   2.7000000e-03
   7.9090000e-01   1.5700000e-02
   8.1610000e-01   5.4000000e-03
   8.1620000e-01   5.4000000e-03
   8.2880000e-01   8.7000000e-03
   8.3570000e-01   8.7000000e-03
   8.4860000e-01   1.5000000e-03
   8.5790000e-01   5.4000000e-03
   8.6930000e-01   6.9000000e-03
   8.7920000e-01   6.0000000e-03
   8.8870000e-01   6.3000000e-03
   8.9750000e-01   9.6000000e-03
   9.6720000e-01   4.8000000e-03
   9.7630000e-01   1.0800000e-02
   9.8530000e-01   3.9000000e-03
   1.0263500e+00   5.3000000e-02
   1.0264000e+00   5.3000000e-02
   1.0390000e+00   4.5100000e-02
   1.0542000e+00   6.3000000e-03
   1.0727000e+00   2.4000000e-03
   1.0785000e+00   9.0000000e-04
   1.0839000e+00   6.0000000e-03
   1.0922000e+00   5.4000000e-03
   1.0994000e+00   3.0000000e-01
   1.1072000e+00   4.8000000e-03
   1.1077000e+00   4.8000000e-03
   1.1192000e+00   3.1600000e-02
   1.1282000e+00   1.4100000e-02
   1.1305000e+00   9.0000000e-04
   1.1578000e+00   5.1000000e-03
   1.1666000e+00   4.5000000e-03
   1.1702000e+00   9.0000000e-04
   1.1878000e+00   2.4000000e-03
   1.2056000e+00   3.9000000e-03
   1.2114000e+00   9.9000000e-03
   1.2209000e+00   1.5000000e-03
   1.2274000e+00   3.3000000e-03
   1.2399000e+00   3.9000000e-03
   1.2501000e+00   2.4000000e-03
   1.2715000e+00   4.8000000e-03
   1.2900000e+00   1.5000000e-03
   1.3007000e+00   5.1000000e-03
   1.3213000e+00   1.1900000e-01
   1.3501000e+00   9.0000000e-03
   1.3752000e+00   3.9000000e-03
   1.3882000e+00   2.4000000e-03
   1.4089000e+00   6.9000000e-03
   1.4297000e+00   3.0000000e-03
   1.4427000e+00   7.2000000e-03
   1.4553000e+00   6.6000000e-03
   1.4620000e+00   2.1000000e-02
   1.4636000e+00   3.0000000e-02
   1.4642000e+00   3.6000000e-02
   1.4887000e+00   4.1000000e-02
   1.4924000e+00   1.3500000e-02
   1.5017000e+00   1.5000000e-03
   1.5249000e+00   5.1000000e-03
   1.5466000e+00   1.2000000e-03
   1.5656000e+00   2.4000000e-03
   1.5739000e+00   5.4800000e-02
   1.5807000e+00   1.1400000e-02
   1.6032000e+00   3.9000000e-03
   1.6217000e+00   4.5000000e-03
   1.6557000e+00   4.8000000e-03
   1.6862000e+00   7.5000000e-03
   1.7007000e+00   1.2000000e-03
   1.7093000e+00   9.0000000e-04
   1.7125000e+00   9.9000000e-03
   1.7222000e+00   1.0500000e-02
   1.7595000e+00   1.1100000e-02
   1.8190000e+00   1.8000000e-03
   1.8251000e+00   6.3000000e-03
   1.8253000e+00   6.3000000e-03
   1.8437000e+00   7.2000000e-03
   1.8587000e+00   3.9000000e-03
   1.8898000e+00   1.5400000e-02
   1.9111000e+00   5.8100000e-02
   1.9305000e+00   5.1000000e-03
   1.9435000e+00   1.6900000e-02
   1.9513000e+00   9.0000000e-04
   1.9569000e+00   3.9000000e-03
   1.9622000e+00   1.5000000e-03
   2.0490000e+00   3.0000000e-03
   2.0552000e+00   1.8000000e-02
   2.0748000e+00   9.0000000e-04
   2.1259000e+00   1.3800000e-02
   2.1589000e+00   7.2000000e-03
   2.1956000e+00   1.3800000e-02
   2.2185000e+00   2.2000000e-03
   2.2358000e+00   1.0800000e-03
   2.2765000e+00   2.4000000e-03
   2.4375000e+00   1.4100000e-03
   2.5418000e+00   2.6200000e-02
   2.5642000e+00   1.0200000e-03
   2.5748000e+00   1.1100000e-03
   2.5916000e+00   6.0000000e-03
   2.6027000e+00   7.8000000e-04
   2.6170000e+00   6.0000000e-04
   2.7854000e+00   1.7500000e-02
   2.8132000e+00   3.9000000e-03
   2.8522000e+00   6.0000000e-04
   2.8586000e+00   1.0200000e-02
   2.8712000e+00   8.1000000e-04
   2.9198000e+00   1.5000000e-04
   2.9429000e+00   1.1100000e-03
   3.0134000e+00   1.2600000e-03
   3.0297000e+00   4.5000000e-04
   3.0348000e+00   1.2300000e-03
   3.0507000e+00   3.6000000e-03
   3.0656000e+00   7.8000000e-04
   3.1398000e+00   4.2000000e-04
   3.3167000e+00   9.0000000e-04
   3.3609000e+00   2.1000000e-04
   3.3956000e+00   1.1100000e-03
   3.4185000e+00   1.2000000e-04
   3.4273000e+00   1.8000000e-04
