   3.5240000e-01   1.7000000e-03
   5.3220000e-01   3.8000000e-02
   5.4770000e-01   2.0000000e-01
   8.6160000e-01   3.5000000e-01
   1.1675000e+00   2.3000000e-01
   1.3148000e+00   4.5000000e-02
   1.3237000e+00   1.4000000e-01
   1.3940000e+00   2.7000000e-01
   1.4240000e+00   2.4000000e-02
   1.4801000e+00   2.2000000e-01
   1.4853000e+00   1.6000000e-01
   1.6444000e+00   4.8000000e-02
   1.7148000e+00   8.0000000e-02
   1.8471000e+00   6.0000000e-02
   1.9965000e+00   3.8000000e-02
   2.0275000e+00   9.0000000e-03
   2.3334000e+00   1.2000000e-02
   2.3787000e+00   1.1000000e-02
   2.9120000e+00   1.4000000e-02
   3.0389000e+00   2.4000000e-02
   3.1965000e+00   3.1000000e-02
   3.7717000e+00   2.1000000e-02
   4.3790000e+00   1.2000000e-02
