   3.4900000e-02   3.9000000e-04
   4.6900000e-02   8.1000000e-04
   5.1500000e-02   1.9000000e-04
   5.2800000e-02   3.9000000e-04
   5.6900000e-02   5.8000000e-04
   6.6400000e-02   1.5000000e-03
   7.0300000e-02   3.9000000e-03
   8.3400000e-02   1.9000000e-03
   8.8100000e-02   4.3000000e-04
   9.7200000e-02   4.7000000e-03
   1.0410000e-01   1.9000000e-03
   1.1010000e-01   3.9000000e-03
   1.1970000e-01   2.2100000e-02
   1.2400000e-01   8.0000000e-04
   1.4190000e-01   4.3000000e-03
   1.4370000e-01   5.0000000e-03
   1.5560000e-01   2.3000000e-03
   1.5690000e-01   2.7000000e-03
   1.6920000e-01   2.0600000e-02
   1.7030000e-01   8.0000000e-04
   1.7800000e-01   1.2000000e-03
   1.8110000e-01   1.6000000e-03
   1.8400000e-01   4.7000000e-03
   1.8470000e-01   1.1300000e-02
   1.9010000e-01   5.8000000e-03
   1.9500000e-01   8.0000000e-04
   2.0280000e-01   7.8000000e-03
   2.0410000e-01   2.3000000e-03
   2.0520000e-01   2.3000000e-03
   2.0800000e-01   1.6000000e-03
   2.1150000e-01   1.2000000e-03
   2.1290000e-01   1.2000000e-03
   2.1500000e-01   8.0000000e-04
   2.2040000e-01   3.1000000e-03
   2.2840000e-01   1.9000000e-03
   2.3220000e-01   8.5000000e-03
   2.3430000e-01   5.4000000e-03
   2.3530000e-01   2.7000000e-03
   2.4860000e-01   8.0000000e-04
   2.5530000e-01   1.2000000e-03
   2.6250000e-01   2.3700000e-02
   2.6620000e-01   2.1700000e-02
   2.7150000e-01   1.2000000e-03
   2.7930000e-01   5.8000000e-03
   2.8200000e-01   5.4000000e-03
   2.8430000e-01   2.7000000e-02
   2.9290000e-01   1.2800000e-02
   3.0170000e-01   1.2000000e-03
   3.0590000e-01   8.0000000e-04
   3.3170000e-01   4.7000000e-03
   3.4840000e-01   5.0000000e-03
   3.5330000e-01   1.2000000e-03
   3.5700000e-01   1.9000000e-03
   3.6060000e-01   1.9000000e-03
   3.6270000e-01   4.3000000e-03
   3.6550000e-01   1.9000000e-03
   3.7890000e-01   1.9000000e-03
   3.9050000e-01   1.2800000e-02
   3.9690000e-01   3.5000000e-03
   4.0500000e-01   4.7000000e-03
   4.0710000e-01   1.5500000e-02
   4.2070000e-01   1.6000000e-03
   4.2570000e-01   2.3000000e-03
   4.3820000e-01   6.2000000e-02
   4.4470000e-01   4.7000000e-03
   4.4630000e-01   2.3000000e-03
   4.5210000e-01   3.9000000e-03
   4.6870000e-01   4.7000000e-03
   4.8750000e-01   4.7000000e-03
   4.9090000e-01   5.4000000e-02
   4.9320000e-01   3.2000000e-02
   5.0070000e-01   1.5500000e-02
   5.0900000e-01   1.5000000e-02
   5.0970000e-01   7.8000000e-03
   5.1390000e-01   2.7000000e-03
   5.1820000e-01   1.9000000e-03
   5.2850000e-01   1.2000000e-03
   5.3060000e-01   1.2000000e-03
   5.3960000e-01   2.3000000e-03
   5.4540000e-01   2.3300000e-02
   5.6340000e-01   1.6000000e-03
   5.6580000e-01   1.2000000e-03
   5.7010000e-01   5.8000000e-03
   5.8330000e-01   3.3000000e-02
   5.9230000e-01   2.0600000e-02
   6.0950000e-01   3.1000000e-03
   6.1610000e-01   2.3000000e-03
   6.2190000e-01   4.7000000e-03
   6.3160000e-01   5.4000000e-03
   6.3490000e-01   2.7000000e-03
   6.4910000e-01   8.1000000e-03
   6.6860000e-01   1.9000000e-03
   7.0260000e-01   1.6000000e-03
   7.0870000e-01   1.9000000e-03
   7.5910000e-01   1.6000000e-03
   7.7370000e-01   4.3000000e-03
   8.0590000e-01   8.4000000e-02
   8.2310000e-01   1.0900000e-01
   8.2470000e-01   6.2000000e-02
   8.4760000e-01   1.9000000e-03
   8.5950000e-01   8.1000000e-02
   8.6500000e-01   3.5000000e-03
   8.8900000e-01   3.5000000e-03
   8.9880000e-01   1.9000000e-03
   9.1240000e-01   1.2000000e-03
   9.1650000e-01   1.2000000e-02
   9.2970000e-01   3.5000000e-03
   9.7610000e-01   7.8000000e-03
   9.7920000e-01   7.4000000e-02
   9.8030000e-01   7.8000000e-03
   9.9790000e-01   1.9800000e-02
   1.0026000e+00   1.7800000e-02
   1.0361000e+00   2.0200000e-02
   1.0449000e+00   2.7000000e-03
   1.0555000e+00   2.3000000e-03
   1.0646000e+00   3.9000000e-03
   1.0933000e+00   3.9000000e-02
   1.0956000e+00   2.0000000e-01
   1.1143000e+00   3.9000000e-01
   1.1345000e+00   1.2000000e-03
   1.1420000e+00   1.9000000e-03
   1.1592000e+00   9.3000000e-03
   1.1604000e+00   2.4000000e-02
   1.1792000e+00   5.0000000e-03
   1.2205000e+00   5.4000000e-03
   1.2374000e+00   1.2000000e-03
   1.2921000e+00   7.8000000e-03
   1.3105000e+00   8.0000000e-04
   1.3603000e+00   1.6000000e-03
   1.3684000e+00   5.4000000e-03
   1.4344000e+00   3.1000000e-03
   1.4584000e+00   2.7000000e-03
   1.4712000e+00   7.8000000e-03
   1.4725000e+00   1.3000000e-02
   1.5427000e+00   8.0000000e-04
   1.5843000e+00   1.8200000e-02
   1.6000000e+00   1.6000000e-03
   1.6108000e+00   1.6000000e-03
   1.6478000e+00   1.0500000e-02
   1.6665000e+00   5.0000000e-03
   1.7099000e+00   2.7000000e-03
   1.7200000e+00   1.9000000e-03
   1.7507000e+00   1.9000000e-03
   1.7528000e+00   2.7000000e-03
   1.8128000e+00   1.2000000e-03
   1.9373000e+00   8.0000000e-04
   2.0034000e+00   5.4000000e-02
   2.0933000e+00   8.0000000e-04
   2.1024000e+00   5.0000000e-03
   2.1503000e+00   3.0000000e-04
   2.1600000e+00   3.1000000e-03
   2.3042000e+00   1.2000000e-03
   2.3174000e+00   1.1300000e-02
   2.3895000e+00   1.2000000e-03
   2.4475000e+00   3.5000000e-03
   2.4700000e+00   1.2000000e-03
   2.5139000e+00   1.2000000e-03
   2.5849000e+00   1.5900000e-02
   2.6959000e+00   1.6700000e-02
   2.8057000e+00   3.9000000e-03
   2.8464000e+00   9.7000000e-03
   2.8811000e+00   2.7000000e-03
