   1.2716400e-01   1.6700000e-01
   1.6186000e-01   2.2700000e-04
   2.5250000e-01   0.0000000e+00
   3.0410000e-01   2.0000000e-05
   3.7994000e-01   6.7000000e-04
   5.4190000e-01   3.7000000e-05
   6.7344000e-01   4.9100000e-04
   6.9600000e-01   9.0000000e-06
   7.5530000e-01   5.4000000e-05
   9.0698000e-01   6.1300000e-04
   1.0466800e+00   1.3400000e-03
   1.2240000e+00   6.2900000e-04
   1.2799900e+00   9.6000000e-05
   1.3505200e+00   2.0000000e-05
   1.3776300e+00   8.1700000e-01
   1.6032800e+00   3.9000000e-05
   1.7304400e+00   5.2300000e-04
   1.7575500e+00   5.7500000e-02
   1.8974200e+00   2.7800000e-04
   1.9195200e+00   1.2260000e-01
   2.1330400e+00   2.8600000e-04
   2.7309100e+00   1.9900000e-04
   2.8042000e+00   9.8000000e-04
   3.1772800e+00   1.1100000e-04
