   4.7400000e-02   0.0000000e+00
   6.7500000e-02   0.0000000e+00
   7.1313000e-02   2.7000000e-03
   1.1470000e-01   0.0000000e+00
   1.1750000e-01   0.0000000e+00
   1.2120000e-01   2.3000000e-04
   1.2535810e-01   3.4200000e-03
   1.4870000e-01   0.0000000e+00
   1.5770000e-01   0.0000000e+00
   1.5940000e-01   0.0000000e+00
   1.6285200e-01   5.6600000e-03
   1.8570000e-01   0.0000000e+00
   1.8910000e-01   0.0000000e+00
   2.2910000e-01   0.0000000e+00
   2.3415700e-01   4.1300000e-03
   5.9207400e-01   1.3180000e-02
   5.9490000e-01   0.0000000e+00
   6.4611600e-01   7.8000000e-01
   7.1010000e-01   0.0000000e+00
   7.1742400e-01   3.9400000e-02
   7.4946000e-01   3.1000000e-05
   7.5500000e-01   0.0000000e+00
   7.6893000e-01   3.5000000e-05
   8.0570000e-01   4.0000000e-07
   8.3620000e-01   0.0000000e+00
   8.7481300e-01   6.2900000e-02
   8.8052300e-01   5.1700000e-02
   9.3106000e-01   4.8400000e-04
