   3.4954000e-02   1.6800000e-04
   4.4110000e-02   7.1000000e-05
   1.2341500e-01   2.2700000e-04
   1.5750400e-01   3.6000000e-04
   1.5838600e-01   8.2000000e-04
   1.8397700e-01   1.5800000e-01
   1.9004000e-01   0.0000000e+00
   2.0244000e-01   4.4000000e-04
   2.2765000e-01   0.0000000e+00
   2.3424200e-01   2.4100000e-03
   2.5731000e-01   0.0000000e+00
   2.6270000e-01   3.0200000e-02
   2.8375000e-01   0.0000000e+00
   3.1366000e-01   3.5900000e-03
   3.3985000e-01   0.0000000e+00
   3.4351000e-01   2.3400000e-01
   3.6082000e-01   0.0000000e+00
   3.8083000e-01   0.0000000e+00
   3.8620000e-01   5.1600000e-03
   3.9800000e-01   1.0740000e-01
   4.3489000e-01   2.2700000e-04
   4.4214000e-01   3.8000000e-04
   4.4320000e-01   0.0000000e+00
   4.5284000e-01   1.5600000e-03
   4.6292000e-01   5.3000000e-04
   4.8038000e-01   8.9000000e-04
   4.9706000e-01   1.5310000e-01
   5.1618000e-01   4.0700000e-01
   5.3745000e-01   3.0500000e-01
   5.5530000e-01   3.8000000e-04
   5.7372000e-01   0.0000000e+00
   5.7636000e-01   1.1200000e-03
   5.8197000e-01   4.8500000e-03
   6.2048000e-01   5.7600000e-02
   6.3225000e-01   4.4700000e-02
   6.5716000e-01   1.9100000e-02
   6.6417000e-01   9.8000000e-04
   7.3924000e-01   1.5700000e-03
   7.5496000e-01   5.2700000e-03
   7.8066000e-01   0.0000000e+00
   7.8458000e-01   5.3600000e-03
   8.0310000e-01   9.9000000e-01
   8.1625000e-01   0.0000000e+00
   8.4128000e-01   1.8600000e-03
   8.8101000e-01   6.6200000e-01
   8.9512000e-01   1.5660000e-01
   9.1500000e-01   3.1000000e-04
   9.6422000e-01   3.7000000e-04
   1.0186300e+00   7.6000000e-02
   1.0253000e+00   4.3000000e-04
   1.0475500e+00   5.6000000e-04
   1.0596400e+00   0.0000000e+00
   1.0718800e+00   0.0000000e+00
   1.0933100e+00   7.0000000e-04
   1.0982600e+00   1.3500000e-01
   1.1423700e+00   1.1100000e-03
   1.1667000e+00   0.0000000e+00
   1.1807000e+00   6.6000000e-04
   1.1946900e+00   2.7700000e-03
   1.2025800e+00   1.0500000e-03
   1.2087600e+00   4.9000000e-04
   1.2464600e+00   8.4000000e-04
   1.2818100e+00   6.5000000e-04
   1.3323300e+00   2.8200000e-03
   1.3936500e+00   0.0000000e+00
   1.4050100e+00   1.4340000e-02
   1.4202200e+00   4.3000000e-04
   1.4599000e+00   8.0000000e-04
   1.4666300e+00   0.0000000e+00
   1.4961800e+00   1.7600000e-03
   1.5603000e+00   3.7800000e-03
   1.5653400e+00   3.0400000e-03
   1.5882000e+00   4.1000000e-04
   1.5952700e+00   5.0100000e-02
   1.7187000e+00   3.1800000e-01
   1.8444900e+00   5.6900000e-03
   1.8786500e+00   2.0100000e-02
   1.9035600e+00   3.4900000e-03
   1.9632000e+00   1.0900000e-04
   2.0228000e+00   1.2900000e-04
   2.4390000e+00   4.9000000e-05
   2.4767000e+00   1.4800000e-04
   2.5996000e+00   1.3000000e-03
   2.7596000e+00   1.3800000e-04
