   9.2190000e-02   6.5000000e-03
   1.0089000e-01   1.1000000e-03
   1.2927000e-01   1.2700000e-03
   1.3735000e-01   1.1800000e-03
   1.8309000e-01   2.1300000e-02
   2.2148000e-01   2.0700000e-02
   2.7348000e-01   1.0400000e-02
   3.8940000e-01   8.0000000e-04
   4.0115000e-01   5.1000000e-03
   4.5518000e-01   1.2700000e-02
   4.9931000e-01   2.1000000e-03
   5.5434800e-01   6.2400000e-01
   5.8384000e-01   1.3300000e-02
   6.0634000e-01   2.0100000e-02
   6.1910600e-01   3.7976000e-01
   6.9837400e-01   2.6300000e-01
   7.0356000e-01   1.4300000e-03
   7.3564000e-01   1.1000000e-03
   7.3564000e-01   3.1000000e-03
   7.5576000e-01   3.1200000e-03
   7.7651700e-01   8.4000000e-01
   8.2782800e-01   2.1000000e-01
   8.3600000e-01   1.7000000e-03
   9.5202000e-01   6.4000000e-03
   9.6370000e-01   9.3000000e-04
   9.7690000e-01   6.8000000e-04
   9.8710000e-01   3.4000000e-04
   1.0075900e+00   7.1700000e-02
   1.0440020e+00   3.2068000e-01
   1.0729600e+00   7.3000000e-03
   1.0812900e+00   1.3100000e-02
   1.0860000e+00   2.5000000e-04
   1.0995000e+00   7.5000000e-03
   1.1802660e+00   1.1800000e-03
   1.1908100e+00   2.8700000e-03
   1.2180000e+00   4.0000000e-04
   1.2289000e+00   5.9000000e-04
   1.3174730e+00   2.3700000e-01
   1.3308000e+00   5.2300000e-03
   1.3748000e+00   9.3000000e-04
   1.3954000e+00   2.5000000e-04
   1.4417000e+00   1.6000000e-03
   1.4748800e+00   1.5530000e-01
   1.5068000e+00   1.7000000e-04
   1.5430000e+00   4.2000000e-04
   1.5553000e+00   3.4000000e-04
   1.6413000e+00   2.5000000e-04
   1.6503700e+00   1.1810000e-02
   1.7078000e+00   3.4000000e-04
   1.7710000e+00   2.5000000e-04
   1.7796600e+00   2.6200000e-03
   1.8352000e+00   1.1800000e-03
   1.8715700e+00   2.7000000e-04
   1.9567400e+00   5.9000000e-04
   1.9613000e+00   1.7000000e-04
   1.9740000e+00   1.1000000e-03
   1.9965000e+00   4.7000000e-04
   2.0020000e+00   2.7000000e-04
   2.0730000e+00   2.4000000e-04
   2.1308000e+00   1.9000000e-04
   2.2429500e+00   1.0100000e-03
   2.2474700e+00   7.8000000e-04
   2.3050000e+00   8.0000000e-05
   2.3150000e+00   3.0000000e-03
