   1.9880000e-02   2.0100000e-04
   3.5491900e-02   4.2900000e-02
   5.8300000e-02   2.6900000e-04
   1.1089000e-01   1.0700000e-05
   1.1695200e-01   2.8450000e-03
   1.4608000e-01   5.9000000e-06
   1.7271900e-01   1.9800000e-03
   1.7631300e-01   6.8230000e-02
   1.7884200e-01   2.8700000e-04
   1.9865400e-01   1.3600000e-04
   2.0413900e-01   3.2620000e-03
   2.0807900e-01   2.4100000e-03
   2.2789100e-01   1.3020000e-03
   3.1494000e-01   3.9000000e-05
   3.2103000e-01   4.1100000e-03
   3.8045200e-01   1.5160000e-02
   4.0806500e-01   1.8400000e-03
   4.2787500e-01   3.0000000e-01
   4.4355400e-01   3.0200000e-03
   4.6336500e-01   1.0493000e-01
   4.9736000e-01   9.0000000e-05
   6.0060000e-01   1.7860000e-01
   6.0671800e-01   5.0260000e-02
   6.3595400e-01   1.1310000e-01
   6.4210000e-01   4.7000000e-04
   6.7144500e-01   1.7950000e-02
   7.2980000e-01   7.4000000e-06
