   1.5190000e-01   0.0000000e+00
   4.7200000e-01   2.1000000e-03
   5.6280000e-01   1.2300000e-03
   8.4520000e-01   2.7700000e-02
   8.8030000e-01   4.8000000e-04
   9.3600000e-01   4.4000000e-04
   1.4080000e+00   5.5400000e-03
   1.4431000e+00   5.7000000e-04
   1.4909000e+00   2.2000000e-04
   1.8163000e+00   4.0000000e-04
   1.8826000e+00   2.6000000e-03
   2.1363000e+00   9.2000000e-04
   2.2882000e+00   4.4000000e-02
   2.3353000e+00   3.8000000e-03
   2.4585000e+00   9.1000000e-03
   2.7599000e+00   1.9800000e-03
   3.2620000e+00   1.0600000e-04
   3.6313000e+00   1.6000000e-04
