   1.6701000e-01   8.4000000e-01
   2.5345000e-01   3.2000000e-03
   3.5912000e-01   1.4700000e-02
   4.6860000e-01   1.2700000e-03
   5.5180000e-01   8.3000000e-04
   5.5740000e-01   5.9000000e-04
   6.6106000e-01   3.0000000e-03
   7.2820000e-01   4.4000000e-03
   7.2870000e-01   2.3500000e-02
   7.4385000e-01   6.9000000e-04
   8.1140000e-01   7.8000000e-03
   8.2809000e-01   2.9900000e-02
   8.9800000e-01   9.6000000e-03
   9.1092000e-01   3.1000000e-02
   9.1468000e-01   3.0000000e-02
   9.8090000e-01   1.1300000e-02
   1.0816600e+00   1.0300000e-02
   1.1954900e+00   2.8000000e-04
   1.2022400e+00   1.2700000e-04
   1.2804000e+00   3.8000000e-03
   1.3176000e+00   7.8000000e-04
   1.4498800e+00   6.6000000e-03
   1.4724800e+00   4.9000000e-02
   1.6394000e+00   6.4000000e-03
   1.6419200e+00   8.8000000e-03
   1.6688000e+00   1.2700000e-04
   1.6800000e+00   1.1300000e-04
   1.7082000e+00   4.4000000e-04
   1.7908000e+00   6.4000000e-04
   1.8089800e+00   1.3200000e-02
   1.8447000e+00   2.5000000e-04
   1.9766000e+00   1.3700000e-03
   2.0795000e+00   2.1600000e-04
   2.1440000e+00   5.9000000e-04
   2.3959000e+00   6.9000000e-04
   2.4530000e+00   1.5700000e-04
   2.5266000e+00   2.0600000e-03
   2.5636000e+00   2.2500000e-03
   2.6688000e+00   3.5000000e-04
   2.7306000e+00   9.3000000e-04
   2.8656000e+00   1.0300000e-03
   3.0422000e+00   3.4000000e-04
   3.0583000e+00   1.9100000e-03
   3.1231000e+00   6.9000000e-04
   3.1442000e+00   1.3200000e-04
   3.1628000e+00   1.1300000e-03
   3.2255000e+00   2.9000000e-04
   3.3078000e+00   1.7600000e-04
   3.3619000e+00   2.0100000e-04
   3.3688000e+00   1.7600000e-04
   3.4015000e+00   1.5200000e-03
   3.4657000e+00   8.3000000e-05
   3.6124000e+00   5.9000000e-05
   3.6314000e+00   5.9000000e-05
   3.6556000e+00   4.4000000e-05
   3.7270000e+00   1.2700000e-04
