   1.0490000e-02   4.9000000e-05
   1.2700000e-02   1.0000000e-04
   1.3800000e-02   2.0000000e-04
   1.8764000e-02   4.9000000e-04
   2.1036000e-02   4.7000000e-06
   2.4560000e-02   8.0000000e-05
   2.6533000e-02   3.1600000e-03
   3.1444000e-02   7.1000000e-05
   4.0750000e-02   2.6000000e-04
   4.5297200e-02   1.3260000e-02
   5.7980500e-02   6.7000000e-04
   6.0008600e-02   1.1300000e-02
   8.6059000e-02   1.5000000e-03
   8.6545000e-02   3.0700000e-01
   1.0530500e-01   2.1200000e-01
   1.0760000e-01   4.0000000e-06
   1.4607100e-01   5.2000000e-04
