   2.7810000e-02   2.7900000e-04
   7.6100000e-02   3.3000000e-06
   1.0550000e-01   1.4500000e-03
   1.1530000e-01   2.8000000e-06
   2.0896000e-01   2.9000000e-07
   2.4220000e-01   6.7000000e-06
   2.5062000e-01   4.0000000e-06
   2.7843000e-01   6.0000000e-06
   2.8138000e-01   1.0000000e-06
   2.8144000e-01   5.3000000e-06
   3.2064000e-01   6.3000000e-06
   3.5748000e-01   1.4000000e-06
   4.5960000e-01   1.2500000e-05
   4.8739000e-01   2.4000000e-06
   4.9034000e-01   2.4000000e-06
   5.5243000e-01   2.9000000e-06
   5.5665000e-01   1.2100000e-03
   5.6282000e-01   4.8000000e-06
   6.7184000e-01   2.5500000e-04
   6.9588000e-01   3.0710000e-02
   7.0176000e-01   2.5500000e-04
   7.0552000e-01   5.3000000e-05
   7.1660000e-01   2.4000000e-06
   7.2957000e-01   7.2000000e-03
   7.4096000e-01   2.7900000e-04
   7.6877000e-01   2.9000000e-05
   7.7180000e-01   3.0000000e-06
   7.9460000e-01   5.8000000e-06
   8.1704000e-01   9.3000000e-04
   8.4481000e-01   3.5100000e-04
   9.2450000e-01   6.0000000e-07
   1.0036500e+00   7.2000000e-06
   1.0224300e+00   1.7800000e-04
   1.0502100e+00   1.8300000e-04
   1.1760000e+00   1.0000000e-06
   1.2035900e+00   2.4000000e-06
   1.2541300e+00   4.3000000e-06
   1.2819600e+00   2.2000000e-06
   1.3737500e+00   2.7000000e-06
   1.4013600e+00   3.5600000e-05
