   2.9715000e-02   4.2000000e-05
   5.7864000e-02   1.3900000e-04
   6.7712000e-02   1.4000000e-04
   7.1502000e-02   2.4000000e-05
   8.7585000e-02   1.4300000e-04
   8.9753000e-02   2.9000000e-05
   9.4700000e-02   3.5800000e-02
   9.5931000e-02   9.2000000e-06
   9.8800000e-02   8.4000000e-06
   1.0959000e-01   5.9000000e-06
   1.1510400e-01   7.1000000e-05
   1.1947000e-01   7.1000000e-05
   1.2939000e-01   5.0000000e-06
   1.4054400e-01   2.1000000e-05
   1.5380300e-01   5.7000000e-05
   1.7022000e-01   3.0000000e-05
   1.7496000e-01   1.0900000e-05
   2.0970000e-01   1.0000000e-05
   2.2830000e-01   4.2000000e-06
   2.5953000e-01   1.4600000e-04
   2.6680000e-01   1.1000000e-05
   2.7976300e-01   4.9800000e-03
   3.5690000e-01   8.0000000e-06
   3.6168000e-01   8.4000000e-03
   4.0525100e-01   1.0700000e-04
   4.5609300e-01   4.2500000e-04
   4.7211000e-01   1.4300000e-05
   4.7962200e-01   4.4000000e-04
   4.8990000e-01   3.4000000e-05
   5.0410000e-01   1.0900000e-05
   5.1257000e-01   3.2000000e-05
   5.1546700e-01   3.8100000e-04
   5.4051600e-01   5.6000000e-05
   5.4583400e-01   1.6200000e-03
   5.6571800e-01   1.3200000e-03
   5.6690000e-01   1.3000000e-03
   5.7555800e-01   7.8700000e-04
   5.8856500e-01   3.3000000e-05
   6.1029400e-01   5.3000000e-05
   6.2063500e-01   9.7000000e-04
   6.3341500e-01   5.6800000e-03
   6.6008000e-01   2.6600000e-04
   6.9408400e-01   1.1600000e-04
   7.1532800e-01   5.3400000e-03
   7.2539200e-01   1.4000000e-04
   8.2010600e-01   8.1000000e-05
   9.0041000e-01   2.5200000e-05
   9.7674000e-01   2.3000000e-06
   9.8492000e-01   6.4000000e-05
   9.9508900e-01   5.5100000e-04
   1.0456000e+00   5.0000000e-06
   1.0557610e+00   3.1200000e-04
   1.0796280e+00   9.2000000e-04
   1.0919100e+00   1.0100000e-05
   1.1403600e+00   1.3400000e-05
   1.1865600e+00   4.6000000e-06
