   2.5540000e-01   1.1700000e-04
   2.5830000e-01   0.0000000e+00
   2.9530000e-01   3.9000000e-04
   6.0306000e-01   7.8000000e-04
   6.0540000e-01   2.9000000e-04
   6.5776220e-01   9.8000000e-01
   6.8701500e-01   6.8000000e-04
   8.1535000e-01   2.8400000e-03
   8.1803100e-01   7.9000000e-03
   8.8468500e-01   0.0000000e+00
   9.5822000e-01   8.8000000e-04
   1.0017100e+00   4.0000000e-04
   1.0229600e+00   4.9000000e-04
   1.0737000e+00   9.8000000e-04
   1.0855800e+00   3.9000000e-04
   1.1257000e+00   1.0200000e-02
   1.1517100e+00   4.4000000e-04
   1.2356000e+00   2.6400000e-03
   1.3450000e+00   1.1000000e-04
   1.4100300e+00   3.6000000e-04
   1.4203000e+00   4.2100000e-03
   1.4731000e+00   0.0000000e+00
   1.4757880e+00   4.6900000e-03
   1.5050400e+00   9.2000000e-04
   1.6025800e+00   1.2700000e-03
   1.6296100e+00   7.8000000e-04
   1.6523000e+00   2.2000000e-04
   1.6660200e+00   4.1000000e-04
   1.6981000e+00   2.7000000e-03
   1.7314000e+00   0.0000000e+00
   1.7441600e+00   4.3000000e-04
   1.7834800e+00   2.8400000e-03
   1.9737400e+00   7.0000000e-04
   1.9764100e+00   7.0000000e-04
   2.0025400e+00   1.2700000e-03
   2.0784000e+00   1.7000000e-04
   2.1228000e+00   1.7000000e-04
   2.1295300e+00   2.1300000e-02
   2.2114900e+00   1.7600000e-02
   2.3175400e+00   1.3100000e-02
   2.4208000e+00   5.3800000e-03
   2.4442200e+00   3.0300000e-03
   2.5358000e+00   2.3500000e-03
   2.6566600e+00   4.2100000e-04
   2.7457000e+00   8.5000000e-04
   2.7873400e+00   8.7000000e-04
   2.8083000e+00   5.4800000e-03
   2.8175800e+00   6.5000000e-04
   2.8691400e+00   4.2000000e-04
   2.9752100e+00   1.3600000e-03
   3.0436900e+00   1.3100000e-03
   3.0782600e+00   3.0300000e-03
   3.1018000e+00   6.0000000e-05
   3.3133000e+00   5.0000000e-05
   3.4033800e+00   2.5000000e-04
   3.4646000e+00   6.8000000e-05
   3.4752400e+00   6.5000000e-03
   3.5968600e+00   1.2500000e-03
   3.7718000e+00   6.7000000e-04
