   5.8795000e-01   1.4900000e-03
   7.7511000e-01   5.3000000e-04
   8.2281000e-01   2.1000000e-04
   8.6020000e-01   2.2000000e-04
   9.0909000e-01   1.2200000e-03
   9.9682000e-01   1.3700000e-03
   1.0597500e+00   2.8500000e-03
   1.0768800e+00   1.4800000e-01
   1.0902200e+00   1.4000000e-03
   1.2749900e+00   1.0600000e-03
   1.3686330e+00   9.6000000e-01
   1.4341100e+00   6.3000000e-04
   1.7039400e+00   1.6000000e-04
   1.7718900e+00   4.0000000e-03
   1.8873700e+00   5.6000000e-04
   1.8996600e+00   8.2000000e-03
   1.9518100e+00   9.4000000e-04
   2.1275100e+00   5.4000000e-04
   2.1365800e+00   1.6800000e-03
   2.3811400e+00   3.7000000e-04
   2.4288500e+00   7.7400000e-03
   2.5669600e+00   6.5000000e-04
   2.5769000e+00   3.0000000e-04
   2.7540280e+00   4.1200000e-01
   2.8695000e+00   1.0970000e-02
   3.2038700e+00   3.0800000e-02
   3.3778500e+00   4.3000000e-04
   3.4933200e+00   4.0000000e-04
   3.5056100e+00   1.9800000e-02
   3.8661900e+00   5.2600000e-02
   4.2005400e+00   4.0200000e-02
   4.2379600e+00   3.6100000e-02
   4.2806000e+00   6.6000000e-03
   4.3160100e+00   1.4200000e-01
   4.6411600e+00   3.4200000e-02
   5.0620100e+00   3.6000000e-04
   5.1774700e+00   9.8000000e-03
   5.3401400e+00   1.1500000e-03
   5.3926800e+00   1.8300000e-01
   5.9795700e+00   9.3000000e-04
   6.2469200e+00   5.4000000e-03
   7.0695000e+00   4.3000000e-01
   7.3478300e+00   1.5300000e-03
   7.6151700e+00   2.2400000e-03
   7.9308600e+00   1.3400000e-02
   8.0876500e+00   2.0000000e-04
   8.1460400e+00   2.8000000e-04
   9.4501000e+00   1.1000000e-03
   9.9433000e+00   2.7000000e-04
