   1.1160000e-01   6.5000000e-04
   1.8290000e-01   3.2000000e-04
   2.0250000e-01   2.9000000e-04
   2.1890000e-01   1.6800000e-03
   2.5417000e-01   1.1400000e-02
   2.7240000e-01   2.3000000e-03
   2.9480000e-01   8.0000000e-04
   2.9720000e-01   6.6000000e-04
   3.0510000e-01   2.8000000e-04
   3.3043000e-01   1.4300000e-03
   3.5540000e-01   2.0900000e-02
   4.0042000e-01   2.4500000e-03
   4.1000000e-01   7.0000000e-04
   4.7350000e-01   7.0000000e-04
   5.0764000e-01   5.0300000e-02
   5.1341000e-01   5.5000000e-03
   5.5800000e-01   2.8000000e-04
   6.0060000e-01   1.9000000e-03
   6.0237000e-01   1.3800000e-02
   6.9052000e-01   1.8300000e-03
   6.9920000e-01   1.0100000e-03
   7.0376000e-01   1.0100000e-02
   7.0740000e-01   3.2000000e-04
   7.4336000e-01   9.3000000e-01
   7.7200000e-01   2.4000000e-03
   7.7500000e-01   1.9000000e-03
   8.0452000e-01   6.1000000e-03
   8.0560000e-01   2.8000000e-03
   8.2979000e-01   2.3900000e-03
   8.5489000e-01   3.5600000e-03
   9.7134000e-01   2.7800000e-03
   1.0181000e+00   3.7000000e-03
   1.0212000e+00   1.0100000e-02
   1.0267000e+00   2.8000000e-03
   1.1104400e+00   9.3000000e-04
   1.1479700e+00   2.6100000e-02
   1.2760700e+00   9.4000000e-03
   1.3610000e+00   7.0000000e-03
   1.3626800e+00   1.0200000e-02
   1.7502400e+00   1.0900000e-02
   1.8516100e+00   3.1000000e-03
   2.2030000e+00   0.0000000e+00
