   6.5500000e-03   0.0000000e+00
   8.5100000e-02   5.4000000e-04
   1.2914000e-01   5.5100000e-02
   1.3561000e-01   1.0000000e-02
   2.0238000e-01   3.0000000e-03
   2.1430000e-01   1.3400000e-01
   2.2083000e-01   8.5000000e-02
   3.3390000e-01   4.4000000e-03
   5.5410000e-01   2.9400000e-02
   9.4450000e-01   1.1000000e-03
   1.1403000e+00   1.8000000e-04
   1.1646000e+00   1.1000000e-02
   1.2770000e+00   1.2000000e-03
   1.3686000e+00   5.5000000e-04
   1.3893000e+00   5.1000000e-04
   1.4003000e+00   1.2000000e-04
   1.4397500e+00   4.7000000e-04
   1.4736000e+00   2.0000000e-03
   1.5129000e+00   0.0000000e+00
   1.5584000e+00   2.8000000e-04
   1.6106000e+00   3.3000000e-03
   1.6938000e+00   8.0000000e-04
   1.6943000e+00   8.0000000e-04
   1.7015000e+00   8.6000000e-04
   1.7446000e+00   8.6000000e-04
   1.7872000e+00   2.2000000e-04
   1.8190000e+00   8.0000000e-04
   1.8304000e+00   6.3000000e-03
   1.8567000e+00   1.1000000e-05
   1.8690000e+00   1.1000000e-05
   1.9164000e+00   1.3000000e-04
   1.9224000e+00   6.6000000e-04
   1.9473000e+00   2.9000000e-03
   1.9536000e+00   6.4000000e-03
   2.0340000e+00   0.0000000e+00
   2.0862000e+00   0.0000000e+00
   2.1058000e+00   0.0000000e+00
