   2.2510000e-02   2.3200000e-02
   7.2983000e-02   1.4100000e-04
   1.2200000e-01   3.0000000e-06
   1.2950000e-01   4.0000000e-06
   1.3010000e-01   3.1000000e-05
   1.7858000e-01   1.8500000e-04
   2.0828300e-01   1.2100000e-04
   2.5151000e-01   1.0900000e-04
   2.5456600e-01   6.3600000e-03
   2.7221000e-01   1.3000000e-06
   2.7708900e-01   3.5600000e-02
   2.8129500e-01   2.2600000e-04
   2.8595000e-01   7.0000000e-06
   3.0800000e-01   1.0000000e-06
   3.2752600e-01   4.0300000e-02
   3.5001600e-01   3.6700000e-03
   3.7650000e-01   3.0000000e-07
   3.8170000e-01   3.5000000e-05
   5.0609300e-01   5.5800000e-03
   5.2858700e-01   5.0800000e-03
   5.3589700e-01   4.8000000e-04
   5.5837200e-01   5.2000000e-04
   5.6836000e-01   2.4000000e-07
   5.9088000e-01   9.6000000e-07
   6.1392000e-01   2.6000000e-06
   6.3605000e-01   3.0000000e-06
   6.3650000e-01   1.5000000e-06
