   1.8624000e-01   4.3000000e-04
   2.0852000e-01   2.6000000e-02
   2.2965000e-01   7.5200000e-03
   2.3760000e-01   3.8000000e-04
   2.8522000e-01   7.8000000e-04
   4.1144000e-01   3.6000000e-04
   4.4599000e-01   5.5300000e-02
   4.7221000e-01   1.9900000e-03
   4.7457000e-01   2.8800000e-02
   5.1050000e-01   1.2500000e-03
   5.6021000e-01   9.5000000e-03
   5.6894000e-01   6.9000000e-04
   5.7618000e-01   1.9700000e-03
   5.9847000e-01   6.6000000e-04
   6.3540000e-01   1.7000000e-02
   6.3861000e-01   1.3200000e-02
   6.4256000e-01   5.8000000e-04
   6.7500000e-01   1.2000000e-03
   6.8306000e-01   5.4300000e-01
   7.1915000e-01   7.3000000e-04
   7.5640000e-01   3.6000000e-04
   8.1322000e-01   3.7200000e-02
   8.5884000e-01   1.1200000e-03
   8.8566000e-01   2.5300000e-03
   9.0865000e-01   8.4000000e-04
   9.2057000e-01   4.8600000e-03
   9.7144000e-01   3.1000000e-03
   9.7144000e-01   3.4000000e-03
   1.0506500e+00   8.1000000e-01
   1.0943000e+00   7.7300000e-03
   1.0951900e+00   1.4000000e-02
   1.0982000e+00   1.5000000e-02
   1.1025400e+00   6.5000000e-04
   1.1164200e+00   6.8000000e-04
   1.1324900e+00   9.5000000e-04
   1.1735900e+00   1.3700000e-02
   1.1801800e+00   1.5600000e-03
   1.2296800e+00   9.6000000e-01
   1.2591900e+00   3.8300000e-02
   1.2649600e+00   1.3200000e-03
   1.2712600e+00   7.0000000e-04
   1.3016200e+00   5.4000000e-04
   1.3122200e+00   1.8000000e-03
   1.3683000e+00   2.3000000e-04
   1.3770900e+00   3.6000000e-04
   1.4180300e+00   2.6000000e-04
   1.4247000e+00   2.0000000e-04
   1.4304000e+00   1.8000000e-04
   1.4476600e+00   4.5000000e-04
   1.4735000e+00   1.7000000e-03
   1.5041300e+00   1.5800000e-02
   1.5319600e+00   1.2800000e-03
   1.5496300e+00   2.7000000e-03
   1.6619300e+00   3.9000000e-04
   2.0429000e+00   3.4800000e-02
   2.1076000e+00   1.5000000e-04
   2.1446400e+00   1.1600000e-03
   2.2307600e+00   3.2000000e-03
   2.3278200e+00   3.5900000e-03
   2.3627800e+00   6.5000000e-04
   2.4750600e+00   1.4400000e-03
   2.5869400e+00   9.2000000e-04
   2.6091800e+00   8.3000000e-04
   2.6773500e+00   3.7000000e-04
   2.9039000e+00   2.7000000e-04
   3.1045000e+00   1.5000000e-04
   3.6697000e+00   3.8000000e-05
