ebin, xs
1.0000e-05, 4.0227e+04
1.0625e-05, 3.9026e+04
1.1250e-05, 3.7926e+04
1.1875e-05, 3.6915e+04
1.2500e-05, 3.5980e+04
1.3750e-05, 3.4306e+04
1.5000e-05, 3.2845e+04
1.6250e-05, 3.1557e+04
1.7500e-05, 3.0409e+04
1.8750e-05, 2.9378e+04
2.0000e-05, 2.8445e+04
2.1875e-05, 2.7199e+04
2.3750e-05, 2.6103e+04
2.5625e-05, 2.5130e+04
2.7500e-05, 2.4258e+04
2.9375e-05, 2.3471e+04
3.1250e-05, 2.2756e+04
3.3125e-05, 2.2103e+04
3.5000e-05, 2.1503e+04
3.8750e-05, 2.0436e+04
4.2500e-05, 1.9513e+04
4.6250e-05, 1.8706e+04
5.0000e-05, 1.7991e+04
5.3125e-05, 1.7453e+04
5.6250e-05, 1.6962e+04
5.9375e-05, 1.6509e+04
6.2500e-05, 1.6091e+04
6.8750e-05, 1.5343e+04
7.5000e-05, 1.4690e+04
8.1250e-05, 1.4113e+04
8.7500e-05, 1.3600e+04
9.3750e-05, 1.3139e+04
1.0000e-04, 1.2722e+04
1.0625e-04, 1.2342e+04
1.1250e-04, 1.1994e+04
1.1875e-04, 1.1674e+04
1.2500e-04, 1.1379e+04
1.3750e-04, 1.0849e+04
1.5000e-04, 1.0387e+04
1.6250e-04, 9.9800e+03
1.7500e-04, 9.6170e+03
1.8750e-04, 9.2910e+03
2.0000e-04, 8.9960e+03
2.1875e-04, 8.6019e+03
2.3750e-04, 8.2554e+03
2.5625e-04, 7.9477e+03
2.7500e-04, 7.6720e+03
2.9375e-04, 7.4232e+03
3.1250e-04, 7.1971e+03
3.3125e-04, 6.9905e+03
3.5000e-04, 6.8007e+03
3.8750e-04, 6.4633e+03
4.2500e-04, 6.1716e+03
4.6250e-04, 5.9162e+03
5.0000e-04, 5.6900e+03
5.3125e-04, 5.5202e+03
5.6250e-04, 5.3647e+03
5.9375e-04, 5.2216e+03
6.2500e-04, 5.0894e+03
6.8750e-04, 4.8526e+03
7.5000e-04, 4.6461e+03
8.1250e-04, 4.4638e+03
8.7500e-04, 4.3015e+03
9.3750e-04, 4.1557e+03
1.0000e-03, 4.0238e+03
1.0625e-03, 3.9037e+03
1.1250e-03, 3.7937e+03
1.1875e-03, 3.6925e+03
1.2500e-03, 3.5991e+03
1.3750e-03, 3.4316e+03
1.5000e-03, 3.2856e+03
1.6250e-03, 3.1567e+03
1.7500e-03, 3.0419e+03
1.8750e-03, 2.9388e+03
2.0000e-03, 2.8455e+03
2.1875e-03, 2.7208e+03
2.3750e-03, 2.6112e+03
2.5625e-03, 2.5139e+03
2.7500e-03, 2.4267e+03
2.9375e-03, 2.3480e+03
3.1250e-03, 2.2766e+03
3.3125e-03, 2.2112e+03
3.5000e-03, 2.1512e+03
3.8750e-03, 2.0445e+03
4.2500e-03, 1.9522e+03
4.6250e-03, 1.8714e+03
5.0000e-03, 1.7998e+03
5.3125e-03, 1.7461e+03
5.6250e-03, 1.6969e+03
5.9375e-03, 1.6517e+03
6.2500e-03, 1.6099e+03
6.8750e-03, 1.5350e+03
7.5000e-03, 1.4697e+03
8.1250e-03, 1.4120e+03
8.7500e-03, 1.3606e+03
9.3750e-03, 1.3144e+03
1.0000e-02, 1.2727e+03
1.0625e-02, 1.2347e+03
1.1250e-02, 1.1999e+03
1.1875e-02, 1.1680e+03
1.2500e-02, 1.1385e+03
1.3750e-02, 1.0855e+03
1.5000e-02, 1.0393e+03
1.6250e-02, 9.9853e+02
1.7500e-02, 9.6217e+02
1.8750e-02, 9.2952e+02
2.0000e-02, 8.9999e+02
2.1325e-02, 8.7157e+02
2.2650e-02, 8.4568e+02
2.3975e-02, 8.2197e+02
2.5300e-02, 8.0014e+02
2.6844e-02, 7.7678e+02
2.8387e-02, 7.5537e+02
2.9931e-02, 7.3565e+02
3.1475e-02, 7.1741e+02
3.4563e-02, 6.8465e+02
3.7650e-02, 6.5593e+02
4.0738e-02, 6.3052e+02
4.3825e-02, 6.0785e+02
4.6913e-02, 5.8747e+02
5.0000e-02, 5.6900e+02
5.3125e-02, 5.5198e+02
5.6250e-02, 5.3641e+02
5.9375e-02, 5.2211e+02
6.2500e-02, 5.0894e+02
6.8750e-02, 4.8529e+02
7.5000e-02, 4.6458e+02
8.1250e-02, 4.4630e+02
8.7500e-02, 4.3003e+02
9.3750e-02, 4.1542e+02
1.0000e-01, 4.0220e+02
1.0625e-01, 3.9017e+02
1.1250e-01, 3.7915e+02
1.1875e-01, 3.6904e+02
1.2500e-01, 3.5974e+02
1.3750e-01, 3.4303e+02
1.5000e-01, 3.2838e+02
1.6250e-01, 3.1547e+02
1.7500e-01, 3.0396e+02
1.8750e-01, 2.9364e+02
2.0000e-01, 2.8433e+02
2.1875e-01, 2.7188e+02
2.3750e-01, 2.6090e+02
2.5625e-01, 2.5115e+02
2.7500e-01, 2.4241e+02
2.9375e-01, 2.3453e+02
3.1250e-01, 2.2737e+02
3.3125e-01, 2.2083e+02
3.5000e-01, 2.1486e+02
3.8750e-01, 2.0422e+02
4.2500e-01, 1.9498e+02
5.0000e-01, 1.7974e+02
5.5000e-01, 1.7137e+02
5.6250e-01, 1.6967e+02
5.6875e-01, 1.6976e+02
5.7500e-01, 1.7316e+02
5.7812e-01, 1.7778e+02
5.8125e-01, 1.8573e+02
5.8437e-01, 1.9820e+02
5.8750e-01, 2.1620e+02
5.9062e-01, 2.4018e+02
5.9375e-01, 2.6981e+02
6.0000e-01, 3.3997e+02
6.0000e-01, 3.3997e+02
6.0005e-01, 3.4054e+02
6.0010e-01, 3.4111e+02
6.0020e-01, 3.4225e+02
6.0039e-01, 3.4452e+02
6.0078e-01, 3.4906e+02
6.0156e-01, 3.5809e+02
6.0313e-01, 3.7578e+02
6.0625e-01, 4.0873e+02
6.0938e-01, 4.3690e+02
6.1250e-01, 4.5925e+02
6.1563e-01, 4.7567e+02
6.1875e-01, 4.8676e+02
6.2500e-01, 4.9723e+02
6.3750e-01, 4.9764e+02
6.5000e-01, 4.9303e+02
6.9375e-01, 4.7729e+02
7.3750e-01, 4.6343e+02
8.2500e-01, 4.3794e+02
1.0000e+00, 3.9757e+02
1.0000e+00, 3.9757e+02
1.0000e+00, 3.9757e+02
1.0004e+00, 3.9749e+02
1.0008e+00, 3.9741e+02
1.0016e+00, 3.9725e+02
1.0032e+00, 3.9692e+02
1.0065e+00, 3.9628e+02
1.0129e+00, 3.9502e+02
1.0259e+00, 3.9254e+02
1.0518e+00, 3.8765e+02
1.1036e+00, 3.7804e+02
1.2071e+00, 3.6106e+02
1.4142e+00, 3.3296e+02
1.7071e+00, 3.0238e+02
2.0000e+00, 2.7885e+02
2.2500e+00, 2.6245e+02
2.5000e+00, 2.4857e+02
2.7500e+00, 2.3666e+02
3.0000e+00, 2.2627e+02
3.2500e+00, 2.1707e+02
3.5000e+00, 2.0890e+02
4.0000e+00, 1.9493e+02
4.5000e+00, 1.8337e+02
5.0000e+00, 1.7362e+02
5.7500e+00, 1.6140e+02
6.5000e+00, 1.5138e+02
7.0000e+00, 1.4562e+02
7.7500e+00, 1.3803e+02
8.5000e+00, 1.3148e+02
9.2500e+00, 1.2575e+02
1.0000e+01, 1.2070e+02
1.2071e+01, 1.0918e+02
1.4142e+01, 1.0035e+02
1.7071e+01, 9.0768e+01
2.0000e+01, 8.3422e+01
2.2500e+01, 7.8273e+01
2.5000e+01, 7.3933e+01
2.7500e+01, 7.0216e+01
3.0000e+01, 6.6985e+01
3.2500e+01, 6.4103e+01
3.5000e+01, 6.1547e+01
4.0000e+01, 5.7195e+01
4.5000e+01, 5.3610e+01
5.0000e+01, 5.0595e+01
5.5000e+01, 4.7975e+01
6.0000e+01, 4.5702e+01
6.5000e+01, 4.3706e+01
7.0000e+01, 4.1936e+01
7.7500e+01, 3.9591e+01
8.5000e+01, 3.7577e+01
9.2500e+01, 3.5822e+01
1.0000e+02, 3.4277e+01
1.1250e+02, 3.2041e+01
1.2500e+02, 3.0153e+01
1.5000e+02, 2.7147e+01
1.7500e+02, 2.4824e+01
2.0000e+02, 2.2967e+01
2.2500e+02, 2.1422e+01
2.5000e+02, 2.0129e+01
2.7500e+02, 1.9026e+01
3.0000e+02, 1.8072e+01
3.2500e+02, 1.7223e+01
3.5000e+02, 1.6472e+01
4.0000e+02, 1.5201e+01
4.5000e+02, 1.4161e+01
5.0000e+02, 1.3291e+01
5.5000e+02, 1.2541e+01
6.0000e+02, 1.1893e+01
6.5000e+02, 1.1326e+01
7.0000e+02, 1.0826e+01
7.7500e+02, 1.0171e+01
8.5000e+02, 9.6099e+00
9.2500e+02, 9.1239e+00
1.0000e+03, 8.6976e+00
1.1250e+03, 8.0930e+00
1.2500e+03, 7.5879e+00
1.5000e+03, 6.7872e+00
1.7500e+03, 6.1765e+00
2.0000e+03, 5.6921e+00
2.2500e+03, 5.3072e+00
2.5000e+03, 4.9849e+00
2.7500e+03, 4.7103e+00
3.0000e+03, 4.4728e+00
3.2500e+03, 4.2766e+00
3.5000e+03, 4.1027e+00
4.0000e+03, 3.8070e+00
4.5000e+03, 3.5639e+00
5.0000e+03, 3.3596e+00
5.5000e+03, 3.2000e+00
6.0000e+03, 3.0610e+00
6.5000e+03, 2.9384e+00
7.0000e+03, 2.8294e+00
7.7500e+03, 2.6993e+00
8.5000e+03, 2.5865e+00
9.2500e+03, 2.4874e+00
1.0000e+04, 2.3993e+00
1.2500e+04, 2.1996e+00
1.5000e+04, 2.0488e+00
1.7500e+04, 1.9294e+00
2.0000e+04, 1.8316e+00
2.3746e+04, 1.7263e+00
2.7492e+04, 1.6414e+00
2.7492e+04, 1.6414e+00
3.0000e+04, 1.5231e+00
3.0113e+04, 1.5198e+00
3.0113e+04, 1.5198e+00
3.3778e+04, 1.4059e+00
3.7443e+04, 1.3110e+00
4.1999e+04, 1.2127e+00
4.6556e+04, 1.1309e+00
4.6556e+04, 1.1309e+00
5.0000e+04, 1.0363e+00
5.4580e+04, 9.7034e-01
5.9161e+04, 9.1339e-01
6.4580e+04, 8.5524e-01
7.0000e+04, 8.0504e-01
7.4469e+04, 7.6786e-01
7.4469e+04, 7.6786e-01
8.4926e+04, 6.9226e-01
8.4926e+04, 6.9226e-01
9.2463e+04, 6.4276e-01
1.0000e+05, 6.0028e-01
1.0615e+05, 5.6558e-01
1.0615e+05, 5.6558e-01
1.1043e+05, 5.4373e-01
1.1043e+05, 5.4373e-01
1.2000e+05, 5.0305e-01
1.2742e+05, 4.7751e-01
1.4000e+05, 4.4240e-01
1.4866e+05, 4.2410e-01
1.6071e+05, 3.9311e-01
1.7000e+05, 3.7623e-01
1.8815e+05, 3.5347e-01
1.8815e+05, 3.5347e-01
1.9959e+05, 3.4340e-01
2.0000e+05, 3.4309e-01
2.1172e+05, 3.2528e-01
2.1172e+05, 3.2528e-01
2.2801e+05, 3.0551e-01
2.2801e+05, 3.0551e-01
2.5000e+05, 2.8697e-01
2.5011e+05, 2.8690e-01
2.5011e+05, 2.8690e-01
2.7250e+05, 2.7493e-01
2.7250e+05, 2.7493e-01
2.7435e+05, 2.7417e-01
3.0000e+05, 2.6299e-01
3.0608e+05, 2.5803e-01
3.1740e+05, 2.4738e-01
3.1740e+05, 2.4737e-01
3.3151e+05, 2.3663e-01
3.3151e+05, 2.3663e-01
3.4352e+05, 2.2722e-01
3.4352e+05, 2.2722e-01
3.4352e+05, 2.2722e-01
3.7176e+05, 2.1260e-01
4.0000e+05, 1.9990e-01
4.5000e+05, 1.8958e-01
5.0000e+05, 1.8080e-01
5.5000e+05, 1.6795e-01
6.0000e+05, 1.5701e-01
6.5000e+05, 1.5019e-01
7.0000e+05, 1.4415e-01
7.5000e+05, 1.3714e-01
8.0000e+05, 1.3090e-01
8.5000e+05, 1.2597e-01
9.0000e+05, 1.2149e-01
9.5000e+05, 1.1760e-01
1.0000e+06, 1.1403e-01
1.0250e+06, 1.1215e-01
1.0500e+06, 1.1035e-01
1.1000e+06, 1.0695e-01
1.1250e+06, 1.0528e-01
1.1500e+06, 1.0367e-01
1.2000e+06, 1.0063e-01
1.2250e+06, 9.9128e-02
1.2500e+06, 9.7675e-02
1.2750e+06, 9.6271e-02
1.3000e+06, 9.4914e-02
1.3250e+06, 9.3472e-02
1.3500e+06, 9.2077e-02
1.3750e+06, 9.0729e-02
1.4000e+06, 8.9424e-02
1.4250e+06, 8.8064e-02
1.4500e+06, 8.6748e-02
1.4750e+06, 8.5474e-02
1.5000e+06, 8.4239e-02
1.5250e+06, 8.2905e-02
1.5500e+06, 8.1613e-02
1.5750e+06, 8.0361e-02
1.6000e+06, 7.9148e-02
1.6250e+06, 7.7853e-02
1.6500e+06, 7.6599e-02
1.6750e+06, 7.5383e-02
1.7000e+06, 7.4205e-02
1.7250e+06, 7.2936e-02
1.7500e+06, 7.1707e-02
1.7750e+06, 7.0516e-02
1.8000e+06, 6.9360e-02
1.8500e+06, 6.6910e-02
1.9000e+06, 6.4608e-02
1.9500e+06, 6.2229e-02
2.0000e+06, 5.9996e-02
2.0500e+06, 5.7675e-02
2.1000e+06, 5.5497e-02
2.1500e+06, 5.3277e-02
2.2000e+06, 5.1193e-02
2.3000e+06, 4.6940e-02
2.4000e+06, 4.3199e-02
2.5000e+06, 3.9421e-02
2.6000e+06, 3.6102e-02
2.7000e+06, 3.2813e-02
2.8000e+06, 2.9928e-02
2.9000e+06, 2.7101e-02
3.0000e+06, 2.4623e-02
3.1250e+06, 2.1475e-02
3.2500e+06, 1.8831e-02
3.3750e+06, 1.6594e-02
3.5000e+06, 1.4691e-02
3.6250e+06, 1.2741e-02
3.7500e+06, 1.1104e-02
3.8750e+06, 9.7212e-03
4.0000e+06, 8.5465e-03
4.1250e+06, 7.4172e-03
4.2500e+06, 6.4645e-03
4.3750e+06, 5.6566e-03
4.5000e+06, 4.9683e-03
4.6250e+06, 4.3720e-03
4.7500e+06, 3.8604e-03
4.8750e+06, 3.4197e-03
5.0000e+06, 3.0386e-03
5.1250e+06, 2.7174e-03
5.2500e+06, 2.4367e-03
5.3750e+06, 2.1907e-03
5.5000e+06, 1.9743e-03
5.7500e+06, 1.6812e-03
6.0000e+06, 1.4414e-03
6.2500e+06, 1.2982e-03
6.5000e+06, 1.1740e-03
6.5596e+06, 1.1606e-03
6.5596e+06, 1.1606e-03
7.0000e+06, 1.0696e-03
7.5000e+06, 1.0536e-03
8.0000e+06, 1.1086e-03
8.5000e+06, 1.1986e-03
9.0000e+06, 1.3089e-03
9.5000e+06, 1.4062e-03
1.0000e+07, 1.4808e-03
1.0500e+07, 1.5033e-03
1.1000e+07, 1.5097e-03
1.1500e+07, 1.4825e-03
1.1983e+07, 1.4374e-03
1.1983e+07, 1.4374e-03
1.2000e+07, 1.4358e-03
1.2500e+07, 1.3927e-03
1.3000e+07, 1.3111e-03
1.3500e+07, 1.2181e-03
1.4000e+07, 1.1194e-03
1.4500e+07, 1.0024e-03
1.5000e+07, 9.0751e-04
1.5500e+07, 8.2369e-04
1.6000e+07, 7.5103e-04
1.6500e+07, 6.8842e-04
1.7000e+07, 6.3471e-04
1.7500e+07, 5.8858e-04
1.8000e+07, 5.6261e-04
1.8500e+07, 5.2684e-04
1.8680e+07, 5.1492e-04
1.9000e+07, 4.9474e-04
1.9500e+07, 4.8001e-04
2.0000e+07, 4.5322e-04
