ebin, xs
1.0000e-05, 1.1747e+01
1.0625e-05, 1.1396e+01
1.1250e-05, 1.1075e+01
1.1875e-05, 1.0780e+01
1.2500e-05, 1.0507e+01
1.3750e-05, 1.0018e+01
1.5000e-05, 9.5914e+00
1.6250e-05, 9.2151e+00
1.7500e-05, 8.8799e+00
1.8750e-05, 8.5788e+00
2.0000e-05, 8.3064e+00
2.1875e-05, 7.9424e+00
2.3750e-05, 7.6225e+00
2.5625e-05, 7.3383e+00
2.7500e-05, 7.0837e+00
2.9375e-05, 6.8539e+00
3.1250e-05, 6.6451e+00
3.3125e-05, 6.4543e+00
3.5000e-05, 6.2790e+00
3.8750e-05, 5.9675e+00
4.2500e-05, 5.6981e+00
4.6250e-05, 5.4622e+00
5.0000e-05, 5.2534e+00
5.3125e-05, 5.0966e+00
5.6250e-05, 4.9530e+00
5.9375e-05, 4.8209e+00
6.2500e-05, 4.6988e+00
6.8750e-05, 4.4801e+00
7.5000e-05, 4.2894e+00
8.1250e-05, 4.1211e+00
8.7500e-05, 3.9712e+00
9.3750e-05, 3.8366e+00
1.0000e-04, 3.7147e+00
1.0625e-04, 3.6038e+00
1.1250e-04, 3.5023e+00
1.1875e-04, 3.4089e+00
1.2500e-04, 3.3226e+00
1.3750e-04, 3.1679e+00
1.5000e-04, 3.0331e+00
1.6250e-04, 2.9141e+00
1.7500e-04, 2.8081e+00
1.8750e-04, 2.7129e+00
2.0000e-04, 2.6267e+00
2.1875e-04, 2.5116e+00
2.3750e-04, 2.4104e+00
2.5625e-04, 2.3206e+00
2.7500e-04, 2.2401e+00
2.9375e-04, 2.1674e+00
3.1250e-04, 2.1014e+00
3.3125e-04, 2.0410e+00
3.5000e-04, 1.9856e+00
3.8750e-04, 1.8871e+00
4.2500e-04, 1.8019e+00
4.6250e-04, 1.7273e+00
5.0000e-04, 1.6613e+00
5.3125e-04, 1.6117e+00
5.6250e-04, 1.5663e+00
5.9375e-04, 1.5245e+00
6.2500e-04, 1.4859e+00
6.8750e-04, 1.4167e+00
7.5000e-04, 1.3564e+00
8.1250e-04, 1.3032e+00
8.7500e-04, 1.2558e+00
9.3750e-04, 1.2132e+00
1.0000e-03, 1.1747e+00
1.0625e-03, 1.1396e+00
1.1250e-03, 1.1075e+00
1.1875e-03, 1.0780e+00
1.2500e-03, 1.0507e+00
1.3750e-03, 1.0018e+00
1.5000e-03, 9.5914e-01
1.6250e-03, 9.2151e-01
1.7500e-03, 8.8799e-01
1.8750e-03, 8.5788e-01
2.0000e-03, 8.3064e-01
2.1875e-03, 7.9425e-01
2.3750e-03, 7.6225e-01
2.5625e-03, 7.3383e-01
2.7500e-03, 7.0837e-01
2.9375e-03, 6.8539e-01
3.1250e-03, 6.6451e-01
3.3125e-03, 6.4543e-01
3.5000e-03, 6.2791e-01
3.8750e-03, 5.9675e-01
4.2500e-03, 5.6981e-01
4.6250e-03, 5.4622e-01
5.0000e-03, 5.2534e-01
5.3125e-03, 5.0965e-01
5.6250e-03, 4.9529e-01
5.9375e-03, 4.8208e-01
6.2500e-03, 4.6988e-01
6.8750e-03, 4.4801e-01
7.5000e-03, 4.2893e-01
8.1250e-03, 4.1211e-01
8.7500e-03, 3.9711e-01
9.3750e-03, 3.8365e-01
1.0000e-02, 3.7146e-01
1.0625e-02, 3.6037e-01
1.1250e-02, 3.5022e-01
1.1875e-02, 3.4088e-01
1.2500e-02, 3.3225e-01
1.3750e-02, 3.1678e-01
1.5000e-02, 3.0330e-01
1.6250e-02, 2.9140e-01
1.7500e-02, 2.8079e-01
1.8750e-02, 2.7127e-01
2.0000e-02, 2.6266e-01
2.1325e-02, 2.5437e-01
2.2650e-02, 2.4682e-01
2.3975e-02, 2.3990e-01
2.5300e-02, 2.3354e-01
2.6844e-02, 2.2673e-01
2.8387e-02, 2.2048e-01
3.1475e-02, 2.0939e-01
3.4563e-02, 1.9982e-01
3.7650e-02, 1.9145e-01
4.0738e-02, 1.8404e-01
4.3825e-02, 1.7744e-01
4.6913e-02, 1.7150e-01
5.0000e-02, 1.6612e-01
5.3125e-02, 1.6116e-01
5.6250e-02, 1.5662e-01
5.9375e-02, 1.5244e-01
6.2500e-02, 1.4859e-01
6.8750e-02, 1.4168e-01
7.5000e-02, 1.3564e-01
8.1250e-02, 1.3032e-01
8.7500e-02, 1.2557e-01
9.3750e-02, 1.2131e-01
1.0000e-01, 1.1746e-01
1.0625e-01, 1.1395e-01
1.1250e-01, 1.1074e-01
1.1875e-01, 1.0779e-01
1.2500e-01, 1.0507e-01
1.3750e-01, 1.0018e-01
1.5000e-01, 9.5916e-02
1.6250e-01, 9.2149e-02
1.7500e-01, 8.8794e-02
1.8750e-01, 8.5784e-02
2.0000e-01, 8.3062e-02
2.1875e-01, 7.9424e-02
2.3750e-01, 7.6222e-02
2.5625e-01, 7.3377e-02
2.7500e-01, 7.0828e-02
2.9375e-01, 6.8528e-02
3.1250e-01, 6.6439e-02
3.3125e-01, 6.4535e-02
3.5000e-01, 6.2789e-02
3.8750e-01, 5.9681e-02
4.2500e-01, 5.6983e-02
5.0000e-01, 5.2542e-02
6.2500e-01, 4.6994e-02
7.5000e-01, 4.2890e-02
8.7500e-01, 3.9718e-02
1.0000e+00, 3.7160e-02
1.2500e+00, 3.3224e-02
1.5000e+00, 3.0322e-02
1.7500e+00, 2.8077e-02
2.0000e+00, 2.6263e-02
2.3750e+00, 2.4098e-02
2.7500e+00, 2.2397e-02
3.1250e+00, 2.1005e-02
3.5000e+00, 1.9844e-02
4.2500e+00, 1.8002e-02
5.0000e+00, 1.6595e-02
6.2500e+00, 1.4838e-02
7.5000e+00, 1.3540e-02
8.7500e+00, 1.2533e-02
1.0000e+01, 1.1721e-02
1.2500e+01, 1.0476e-02
1.5000e+01, 9.5575e-03
1.7500e+01, 8.8439e-03
2.0000e+01, 8.2682e-03
2.3750e+01, 7.5808e-03
2.7500e+01, 7.0394e-03
3.1250e+01, 6.5976e-03
3.5000e+01, 6.2287e-03
4.2500e+01, 5.6427e-03
5.0000e+01, 5.1938e-03
6.2500e+01, 4.6327e-03
7.5000e+01, 4.2175e-03
8.7500e+01, 3.8943e-03
1.0000e+02, 3.6332e-03
1.2500e+02, 3.2326e-03
1.5000e+02, 2.9359e-03
1.7500e+02, 2.7046e-03
2.0000e+02, 2.5175e-03
2.3750e+02, 2.2938e-03
2.7500e+02, 2.1170e-03
3.1250e+02, 1.9726e-03
3.5000e+02, 1.8518e-03
4.2500e+02, 1.6598e-03
5.0000e+02, 1.5126e-03
5.6250e+02, 1.4132e-03
6.2500e+02, 1.3291e-03
7.5000e+02, 1.1942e-03
8.7500e+02, 1.0900e-03
1.0000e+03, 1.0068e-03
1.1250e+03, 9.3866e-04
1.2500e+03, 8.8175e-04
1.5000e+03, 7.9208e-04
1.7500e+03, 7.2481e-04
2.0000e+03, 6.7279e-04
2.3750e+03, 6.1455e-04
2.7500e+03, 5.7321e-04
3.1250e+03, 5.4473e-04
3.5000e+03, 5.2776e-04
3.8750e+03, 5.2368e-04
4.2500e+03, 5.3882e-04
4.4375e+03, 5.5862e-04
4.6250e+03, 5.9267e-04
4.8125e+03, 6.5111e-04
5.0000e+03, 7.5577e-04
5.1190e+03, 8.6852e-04
5.2380e+03, 1.0511e-03
5.3570e+03, 1.3650e-03
5.4165e+03, 1.6177e-03
5.4760e+03, 1.9848e-03
5.5285e+03, 2.4671e-03
5.5810e+03, 3.2087e-03
5.6073e+03, 3.7251e-03
5.6335e+03, 4.4089e-03
5.6598e+03, 5.3251e-03
5.6860e+03, 6.5929e-03
5.7123e+03, 8.4191e-03
5.7254e+03, 9.6502e-03
5.7385e+03, 1.1185e-02
5.7517e+03, 1.3099e-02
5.7648e+03, 1.5609e-02
5.7779e+03, 1.8939e-02
5.7910e+03, 2.3490e-02
5.7976e+03, 2.6418e-02
5.8042e+03, 2.9938e-02
5.8107e+03, 3.4220e-02
5.8173e+03, 3.9469e-02
5.8238e+03, 4.5996e-02
5.8304e+03, 5.4383e-02
5.8370e+03, 6.5309e-02
5.8402e+03, 7.2052e-02
5.8435e+03, 7.9896e-02
5.8472e+03, 9.0441e-02
5.8510e+03, 1.0322e-01
5.8547e+03, 1.1889e-01
5.8584e+03, 1.3839e-01
5.8621e+03, 1.6300e-01
5.8640e+03, 1.7777e-01
5.8658e+03, 1.9462e-01
5.8677e+03, 2.1401e-01
5.8696e+03, 2.3643e-01
5.8714e+03, 2.6254e-01
5.8733e+03, 2.9316e-01
5.8755e+03, 3.3643e-01
5.8777e+03, 3.8970e-01
5.8798e+03, 4.5622e-01
5.8809e+03, 4.9578e-01
5.8820e+03, 5.4038e-01
5.8831e+03, 5.9096e-01
5.8842e+03, 6.4845e-01
5.8853e+03, 7.1402e-01
5.8864e+03, 7.8897e-01
5.8875e+03, 8.7504e-01
5.8886e+03, 9.7399e-01
5.8897e+03, 1.0879e+00
5.8908e+03, 1.2187e+00
5.8922e+03, 1.4248e+00
5.8937e+03, 1.6689e+00
5.8952e+03, 1.9518e+00
5.8966e+03, 2.2679e+00
5.8996e+03, 2.9353e+00
5.9011e+03, 3.2300e+00
5.9025e+03, 3.4517e+00
5.9036e+03, 3.5497e+00
5.9047e+03, 3.5825e+00
5.9063e+03, 3.5086e+00
5.9078e+03, 3.3041e+00
5.9094e+03, 3.0036e+00
5.9110e+03, 2.6516e+00
5.9142e+03, 1.9490e+00
5.9157e+03, 1.6468e+00
5.9173e+03, 1.3893e+00
5.9191e+03, 1.1551e+00
5.9208e+03, 9.6722e-01
5.9226e+03, 8.1705e-01
5.9243e+03, 6.9676e-01
5.9261e+03, 5.9973e-01
5.9278e+03, 5.2075e-01
5.9295e+03, 4.5581e-01
5.9313e+03, 4.0189e-01
5.9327e+03, 3.6577e-01
5.9340e+03, 3.3419e-01
5.9354e+03, 3.0644e-01
5.9368e+03, 2.8196e-01
5.9395e+03, 2.4093e-01
5.9423e+03, 2.0818e-01
5.9450e+03, 1.8162e-01
5.9478e+03, 1.5982e-01
5.9505e+03, 1.4174e-01
5.9532e+03, 1.2660e-01
5.9560e+03, 1.1376e-01
5.9587e+03, 1.0275e-01
5.9615e+03, 9.3242e-02
5.9642e+03, 8.4988e-02
5.9697e+03, 7.1458e-02
5.9752e+03, 6.0931e-02
5.9807e+03, 5.2579e-02
5.9862e+03, 4.5844e-02
5.9917e+03, 4.0333e-02
5.9971e+03, 3.5774e-02
6.0076e+03, 2.9043e-02
6.0181e+03, 2.4019e-02
6.0286e+03, 2.0213e-02
6.0390e+03, 1.7258e-02
6.0495e+03, 1.4919e-02
6.0600e+03, 1.3037e-02
6.0809e+03, 1.0226e-02
6.1019e+03, 8.2787e-03
6.1229e+03, 6.8415e-03
6.1438e+03, 5.7725e-03
6.1648e+03, 4.9443e-03
6.2067e+03, 3.7772e-03
6.2486e+03, 3.0073e-03
6.2945e+03, 2.4350e-03
6.3404e+03, 2.0336e-03
6.3863e+03, 1.7363e-03
6.4321e+03, 1.5141e-03
6.5239e+03, 1.2069e-03
6.6157e+03, 1.0104e-03
6.7833e+03, 7.9644e-04
6.9510e+03, 6.7430e-04
7.1186e+03, 5.9864e-04
7.2862e+03, 5.4677e-04
7.6214e+03, 4.8517e-04
7.9567e+03, 4.4778e-04
8.4675e+03, 4.1661e-04
8.9783e+03, 3.9910e-04
1.0000e+04, 3.8231e-04
1.1250e+04, 3.7724e-04
1.2500e+04, 3.8136e-04
1.3750e+04, 3.9220e-04
1.5000e+04, 4.0921e-04
1.6250e+04, 4.3273e-04
1.7500e+04, 4.6378e-04
1.8750e+04, 5.0404e-04
2.0000e+04, 5.5613e-04
2.1043e+04, 6.1162e-04
2.2085e+04, 6.8157e-04
2.3128e+04, 7.7098e-04
2.4171e+04, 8.9243e-04
2.4233e+04, 9.1904e-04
2.4264e+04, 9.7730e-04
2.4272e+04, 1.0256e-03
2.4279e+04, 1.1531e-03
2.4281e+04, 1.2336e-03
2.4283e+04, 1.3736e-03
2.4285e+04, 1.6265e-03
2.4287e+04, 2.0808e-03
2.4288e+04, 2.4267e-03
2.4289e+04, 2.8795e-03
2.4290e+04, 3.4636e-03
2.4291e+04, 4.2044e-03
2.4292e+04, 5.1268e-03
2.4293e+04, 6.2526e-03
2.4294e+04, 7.5976e-03
2.4295e+04, 9.1507e-03
2.4296e+04, 1.1095e-02
2.4297e+04, 1.3268e-02
2.4299e+04, 1.8068e-02
2.4301e+04, 2.2860e-02
2.4302e+04, 2.4964e-02
2.4303e+04, 2.6711e-02
2.4304e+04, 2.7935e-02
2.4305e+04, 2.8673e-02
2.4306e+04, 2.8898e-02
2.4307e+04, 2.8419e-02
2.4309e+04, 2.6996e-02
2.4310e+04, 2.4781e-02
2.4312e+04, 2.1075e-02
2.4314e+04, 1.6996e-02
2.4315e+04, 1.3018e-02
2.4316e+04, 1.1203e-02
2.4317e+04, 9.5645e-03
2.4318e+04, 8.0844e-03
2.4319e+04, 6.7895e-03
2.4320e+04, 5.6782e-03
2.4321e+04, 4.7514e-03
2.4321e+04, 3.9737e-03
2.4322e+04, 3.3396e-03
2.4323e+04, 2.8301e-03
2.4324e+04, 2.4304e-03
2.4325e+04, 1.9742e-03
2.4327e+04, 1.6676e-03
2.4328e+04, 1.4645e-03
2.4330e+04, 1.3307e-03
2.4332e+04, 1.1814e-03
2.4335e+04, 1.1080e-03
2.4346e+04, 1.0007e-03
2.4367e+04, 9.4770e-04
2.4410e+04, 9.2897e-04
2.4523e+04, 9.3576e-04
2.4635e+04, 9.4937e-04
2.4860e+04, 9.8149e-04
2.5378e+04, 1.0673e-03
2.5896e+04, 1.1680e-03
2.6414e+04, 1.2867e-03
2.6933e+04, 1.4281e-03
2.7192e+04, 1.5066e-03
2.7451e+04, 1.5949e-03
2.7710e+04, 1.6922e-03
2.7969e+04, 1.7997e-03
2.8228e+04, 1.9188e-03
2.8488e+04, 2.0512e-03
2.8747e+04, 2.1989e-03
2.9006e+04, 2.3645e-03
2.9351e+04, 2.6213e-03
2.9524e+04, 2.7639e-03
2.9697e+04, 2.9232e-03
2.9870e+04, 3.0916e-03
3.0042e+04, 3.2799e-03
3.0388e+04, 3.7052e-03
3.0733e+04, 4.2316e-03
3.0906e+04, 4.5305e-03
3.1079e+04, 4.8728e-03
3.1252e+04, 5.2393e-03
3.1424e+04, 5.6593e-03
3.1597e+04, 6.1151e-03
3.1770e+04, 6.6324e-03
3.1969e+04, 7.3155e-03
3.2168e+04, 8.0890e-03
3.2367e+04, 8.9841e-03
3.2566e+04, 1.0006e-02
3.2765e+04, 1.1178e-02
3.2964e+04, 1.2520e-02
3.3163e+04, 1.4033e-02
3.3362e+04, 1.5731e-02
3.3545e+04, 1.7452e-02
3.3728e+04, 1.9275e-02
3.4095e+04, 2.2927e-02
3.4278e+04, 2.4537e-02
3.4461e+04, 2.5822e-02
3.4645e+04, 2.6644e-02
3.4828e+04, 2.6881e-02
3.5037e+04, 2.6345e-02
3.5195e+04, 2.5400e-02
3.5352e+04, 2.4174e-02
3.5667e+04, 2.1151e-02
3.5982e+04, 1.7900e-02
3.6297e+04, 1.4850e-02
3.6612e+04, 1.2302e-02
3.6927e+04, 1.0177e-02
3.7242e+04, 8.5052e-03
3.7557e+04, 7.1399e-03
3.7900e+04, 5.9857e-03
3.8243e+04, 5.0619e-03
3.8586e+04, 4.3253e-03
3.8928e+04, 3.7366e-03
3.9271e+04, 3.2523e-03
3.9614e+04, 2.8670e-03
3.9956e+04, 2.5332e-03
4.0299e+04, 2.2533e-03
4.0984e+04, 1.8291e-03
4.1670e+04, 1.5123e-03
4.2355e+04, 1.2747e-03
4.3041e+04, 1.0940e-03
4.3726e+04, 9.5096e-04
4.4411e+04, 8.4153e-04
4.5782e+04, 6.7335e-04
4.6837e+04, 5.8554e-04
4.7891e+04, 5.1850e-04
4.8946e+04, 4.6675e-04
5.0000e+04, 4.2657e-04
5.1925e+04, 3.7613e-04
5.3850e+04, 3.4525e-04
5.5775e+04, 3.2804e-04
5.7700e+04, 3.2125e-04
5.9624e+04, 3.2321e-04
6.1549e+04, 3.3332e-04
6.3474e+04, 3.5182e-04
6.5399e+04, 3.7979e-04
6.6843e+04, 4.0940e-04
6.8286e+04, 4.4440e-04
6.9730e+04, 4.9108e-04
7.1174e+04, 5.4895e-04
7.1895e+04, 5.8480e-04
7.2617e+04, 6.2508e-04
7.3339e+04, 6.7027e-04
7.4061e+04, 7.2091e-04
7.4783e+04, 7.8140e-04
7.5505e+04, 8.5019e-04
7.6226e+04, 9.2826e-04
7.6948e+04, 1.0167e-03
7.7686e+04, 1.1249e-03
7.8424e+04, 1.2493e-03
7.9161e+04, 1.3963e-03
7.9899e+04, 1.5658e-03
8.0636e+04, 1.7640e-03
8.1374e+04, 1.9912e-03
8.2112e+04, 2.2470e-03
8.2849e+04, 2.5285e-03
8.4864e+04, 3.3089e-03
8.5871e+04, 3.5607e-03
8.6374e+04, 3.6265e-03
8.6878e+04, 3.6365e-03
8.7488e+04, 3.5679e-03
8.8174e+04, 3.4051e-03
8.8860e+04, 3.1864e-03
8.9546e+04, 2.9610e-03
9.0233e+04, 2.8157e-03
9.0690e+04, 3.1398e-03
9.0871e+04, 3.8844e-03
9.0962e+04, 4.8558e-03
9.1007e+04, 5.7299e-03
9.1052e+04, 7.1202e-03
9.1098e+04, 9.4663e-03
9.1121e+04, 1.1197e-02
9.1144e+04, 1.3425e-02
9.1167e+04, 1.6203e-02
9.1190e+04, 1.9402e-02
9.1213e+04, 2.2491e-02
9.1236e+04, 2.4570e-02
9.1248e+04, 2.4945e-02
9.1267e+04, 2.4330e-02
9.1286e+04, 2.2527e-02
9.1323e+04, 1.7379e-02
9.1361e+04, 1.2764e-02
9.1398e+04, 9.5599e-03
9.1435e+04, 7.5247e-03
9.1471e+04, 6.1567e-03
9.1544e+04, 4.5524e-03
9.1617e+04, 3.7136e-03
9.1689e+04, 3.2055e-03
9.1945e+04, 2.4287e-03
9.2201e+04, 2.1256e-03
9.2713e+04, 1.8213e-03
9.3736e+04, 1.4857e-03
9.4391e+04, 1.3327e-03
9.5047e+04, 1.2077e-03
9.5702e+04, 1.0953e-03
9.6358e+04, 1.0063e-03
9.7669e+04, 8.5845e-04
9.8979e+04, 7.7082e-04
9.9331e+04, 8.1145e-04
9.9506e+04, 9.9976e-04
9.9550e+04, 1.1428e-03
9.9594e+04, 1.4786e-03
9.9616e+04, 1.8216e-03
9.9638e+04, 2.4276e-03
9.9649e+04, 2.9629e-03
9.9660e+04, 3.8256e-03
9.9671e+04, 5.3792e-03
9.9676e+04, 6.7584e-03
9.9682e+04, 9.0929e-03
9.9687e+04, 1.3497e-02
9.9693e+04, 2.2255e-02
9.9698e+04, 3.9371e-02
9.9704e+04, 7.0188e-02
9.9709e+04, 1.1932e-01
9.9715e+04, 1.8564e-01
9.9720e+04, 2.5872e-01
9.9726e+04, 3.1856e-01
9.9732e+04, 3.4484e-01
9.9736e+04, 3.3357e-01
9.9739e+04, 3.0220e-01
9.9747e+04, 2.0507e-01
9.9752e+04, 1.4347e-01
9.9757e+04, 9.3170e-02
9.9762e+04, 5.7294e-02
9.9766e+04, 3.4426e-02
9.9771e+04, 2.1036e-02
9.9776e+04, 1.3636e-02
9.9781e+04, 9.5794e-03
9.9786e+04, 7.2705e-03
9.9795e+04, 4.9050e-03
9.9805e+04, 3.7046e-03
9.9824e+04, 2.4797e-03
9.9843e+04, 1.8976e-03
9.9862e+04, 1.5596e-03
9.9901e+04, 1.1928e-03
1.0000e+05, 8.8186e-04
1.0019e+05, 7.3956e-04
1.0039e+05, 6.9406e-04
1.0078e+05, 6.5814e-04
1.0156e+05, 6.1699e-04
1.0312e+05, 5.7110e-04
1.0345e+05, 5.9144e-04
1.0361e+05, 6.3264e-04
1.0369e+05, 7.6045e-04
1.0373e+05, 9.5210e-04
1.0375e+05, 1.1950e-03
1.0377e+05, 1.4245e-03
1.0378e+05, 1.8297e-03
1.0378e+05, 2.3720e-03
1.0379e+05, 3.5438e-03
1.0379e+05, 4.6835e-03
1.0380e+05, 6.5283e-03
1.0380e+05, 9.4844e-03
1.0380e+05, 1.4090e-02
1.0381e+05, 2.1211e-02
1.0381e+05, 3.1068e-02
1.0382e+05, 6.0542e-02
1.0383e+05, 1.3219e-01
1.0384e+05, 1.4277e-01
1.0384e+05, 1.2999e-01
1.0385e+05, 9.8409e-02
1.0386e+05, 4.5014e-02
1.0387e+05, 2.6719e-02
1.0387e+05, 1.5250e-02
1.0388e+05, 8.5829e-03
1.0388e+05, 5.1195e-03
1.0389e+05, 3.3948e-03
1.0389e+05, 2.5313e-03
1.0390e+05, 1.7395e-03
1.0391e+05, 1.3805e-03
1.0393e+05, 1.0355e-03
1.0397e+05, 7.8591e-04
1.0401e+05, 6.8203e-04
1.0418e+05, 5.7850e-04
1.0434e+05, 5.5626e-04
1.0466e+05, 5.4135e-04
1.0531e+05, 5.3191e-04
1.0661e+05, 5.2518e-04
1.0822e+05, 5.3842e-04
1.0984e+05, 5.7620e-04
1.1145e+05, 6.4981e-04
1.1226e+05, 7.0597e-04
1.1306e+05, 7.8441e-04
1.1405e+05, 9.2545e-04
1.1454e+05, 1.0238e-03
1.1503e+05, 1.1495e-03
1.1552e+05, 1.3133e-03
1.1601e+05, 1.5244e-03
1.1625e+05, 1.6590e-03
1.1650e+05, 1.8168e-03
1.1674e+05, 2.0034e-03
1.1699e+05, 2.2260e-03
1.1730e+05, 2.5808e-03
1.1745e+05, 2.7858e-03
1.1761e+05, 3.0281e-03
1.1792e+05, 3.6001e-03
1.1808e+05, 3.9557e-03
1.1823e+05, 4.3571e-03
1.1839e+05, 4.7998e-03
1.1855e+05, 5.3174e-03
1.1886e+05, 6.5255e-03
1.1948e+05, 9.4248e-03
1.1961e+05, 9.9658e-03
1.1975e+05, 1.0404e-02
1.1988e+05, 1.0722e-02
1.2001e+05, 1.0889e-02
1.2015e+05, 1.0838e-02
1.2028e+05, 1.0611e-02
1.2042e+05, 1.0241e-02
1.2055e+05, 9.7473e-03
1.2110e+05, 7.2509e-03
1.2137e+05, 6.1032e-03
1.2164e+05, 5.1338e-03
1.2177e+05, 4.7201e-03
1.2191e+05, 4.3545e-03
1.2218e+05, 3.7222e-03
1.2237e+05, 3.3624e-03
1.2256e+05, 3.0557e-03
1.2275e+05, 2.7938e-03
1.2294e+05, 2.5695e-03
1.2313e+05, 2.3768e-03
1.2332e+05, 2.2109e-03
1.2370e+05, 1.9425e-03
1.2408e+05, 1.7387e-03
1.2446e+05, 1.5824e-03
1.2484e+05, 1.4617e-03
1.2522e+05, 1.3680e-03
1.2560e+05, 1.2952e-03
1.2598e+05, 1.2389e-03
1.2636e+05, 1.1958e-03
1.2674e+05, 1.1634e-03
1.2712e+05, 1.1400e-03
1.2750e+05, 1.1241e-03
1.2826e+05, 1.1107e-03
1.2874e+05, 1.1145e-03
1.2922e+05, 1.1226e-03
1.2970e+05, 1.1367e-03
1.3017e+05, 1.1578e-03
1.3065e+05, 1.1822e-03
1.3113e+05, 1.2124e-03
1.3209e+05, 1.2845e-03
1.3257e+05, 1.3279e-03
1.3305e+05, 1.3741e-03
1.3352e+05, 1.4233e-03
1.3400e+05, 1.4765e-03
1.3448e+05, 1.5325e-03
1.3496e+05, 1.5909e-03
1.3592e+05, 1.7129e-03
1.3665e+05, 1.8081e-03
1.3738e+05, 1.9001e-03
1.3884e+05, 2.0627e-03
1.4030e+05, 2.1700e-03
1.4176e+05, 2.1960e-03
1.4266e+05, 2.1574e-03
1.4355e+05, 2.0955e-03
1.4445e+05, 2.0106e-03
1.4534e+05, 1.9449e-03
1.4569e+05, 2.0089e-03
1.4586e+05, 2.1917e-03
1.4595e+05, 2.4633e-03
1.4604e+05, 3.2113e-03
1.4607e+05, 3.8419e-03
1.4610e+05, 4.9560e-03
1.4611e+05, 5.8309e-03
1.4613e+05, 7.0246e-03
1.4615e+05, 8.6100e-03
1.4616e+05, 1.0564e-02
1.4618e+05, 1.3241e-02
1.4619e+05, 1.4178e-02
1.4620e+05, 1.4578e-02
1.4622e+05, 1.4215e-02
1.4623e+05, 1.3040e-02
1.4626e+05, 9.7083e-03
1.4628e+05, 6.9113e-03
1.4631e+05, 5.1492e-03
1.4633e+05, 4.1783e-03
1.4636e+05, 3.5510e-03
1.4640e+05, 2.8396e-03
1.4650e+05, 2.2483e-03
1.4665e+05, 1.9293e-03
1.4681e+05, 1.8054e-03
1.4713e+05, 1.6954e-03
1.4775e+05, 1.5705e-03
1.4901e+05, 1.4014e-03
1.5152e+05, 1.1547e-03
1.5346e+05, 1.0840e-03
1.5405e+05, 1.0966e-03
1.5506e+05, 1.1892e-03
1.5557e+05, 1.2785e-03
1.5607e+05, 1.4254e-03
1.5657e+05, 1.6485e-03
1.5683e+05, 1.7950e-03
1.5708e+05, 1.9687e-03
1.5758e+05, 2.3876e-03
1.5809e+05, 2.8238e-03
1.5841e+05, 3.0021e-03
1.5873e+05, 3.0435e-03
1.5893e+05, 2.9796e-03
1.5912e+05, 2.8594e-03
1.5952e+05, 2.5116e-03
1.6030e+05, 1.7889e-03
1.6069e+05, 1.5075e-03
1.6109e+05, 1.2875e-03
1.6148e+05, 1.1169e-03
1.6187e+05, 9.8198e-04
1.6265e+05, 7.9464e-04
1.6344e+05, 6.7203e-04
1.6422e+05, 5.8577e-04
1.6500e+05, 5.2155e-04
1.6671e+05, 4.3186e-04
1.6841e+05, 3.7295e-04
1.7182e+05, 3.0707e-04
1.7524e+05, 2.7606e-04
1.7865e+05, 2.6401e-04
1.8206e+05, 2.7301e-04
1.8548e+05, 3.0191e-04
1.8889e+05, 3.6509e-04
1.9059e+05, 4.1683e-04
1.9230e+05, 4.8552e-04
1.9360e+05, 5.5654e-04
1.9491e+05, 6.4657e-04
1.9556e+05, 6.9878e-04
1.9621e+05, 7.5943e-04
1.9686e+05, 8.2293e-04
1.9751e+05, 8.9635e-04
1.9816e+05, 9.7571e-04
1.9881e+05, 1.0599e-03
1.9946e+05, 1.1478e-03
2.0012e+05, 1.2373e-03
2.0272e+05, 1.5167e-03
2.0322e+05, 1.5594e-03
2.0347e+05, 1.6457e-03
2.0360e+05, 1.9064e-03
2.0363e+05, 2.1443e-03
2.0366e+05, 2.6607e-03
2.0368e+05, 3.3360e-03
2.0369e+05, 4.0889e-03
2.0369e+05, 5.6236e-03
2.0370e+05, 9.0467e-03
2.0371e+05, 1.2018e-02
2.0371e+05, 1.6288e-02
2.0372e+05, 3.0365e-02
2.0373e+05, 5.4237e-02
2.0374e+05, 1.2460e-01
2.0375e+05, 1.5932e-01
2.0376e+05, 1.7952e-01
2.0376e+05, 1.8188e-01
2.0377e+05, 1.6966e-01
2.0377e+05, 1.3845e-01
2.0379e+05, 7.5020e-02
2.0379e+05, 4.9077e-02
2.0380e+05, 3.0552e-02
2.0381e+05, 1.8330e-02
2.0381e+05, 1.1213e-02
2.0382e+05, 7.2265e-03
2.0382e+05, 5.1506e-03
2.0383e+05, 3.7066e-03
2.0384e+05, 3.0578e-03
2.0386e+05, 2.4763e-03
2.0390e+05, 2.0219e-03
2.0397e+05, 1.7225e-03
2.0412e+05, 1.5859e-03
2.0442e+05, 1.5231e-03
2.0501e+05, 1.4633e-03
2.0620e+05, 1.3284e-03
2.0696e+05, 1.2234e-03
2.0772e+05, 1.1162e-03
2.0925e+05, 9.0864e-04
2.1230e+05, 6.0059e-04
2.1536e+05, 4.1653e-04
2.1841e+05, 3.1980e-04
2.1935e+05, 3.0905e-04
2.1976e+05, 3.2271e-04
2.1997e+05, 3.4537e-04
2.2007e+05, 3.9919e-04
2.2012e+05, 4.6673e-04
2.2017e+05, 6.4129e-04
2.2020e+05, 9.1420e-04
2.2021e+05, 1.2319e-03
2.2022e+05, 1.5228e-03
2.2023e+05, 2.0064e-03
2.2023e+05, 2.8463e-03
2.2024e+05, 4.3107e-03
2.2025e+05, 6.7745e-03
2.2025e+05, 1.0647e-02
2.2027e+05, 2.3247e-02
2.2028e+05, 3.8060e-02
2.2029e+05, 4.4215e-02
2.2030e+05, 4.1461e-02
2.2031e+05, 3.4237e-02
2.2033e+05, 1.6591e-02
2.2033e+05, 1.1225e-02
2.2034e+05, 7.4015e-03
2.2035e+05, 4.8198e-03
2.2035e+05, 3.2363e-03
2.2036e+05, 2.2733e-03
2.2037e+05, 1.7110e-03
2.2038e+05, 1.1455e-03
2.2039e+05, 8.8664e-04
2.2040e+05, 7.3887e-04
2.2043e+05, 5.7495e-04
2.2048e+05, 4.4189e-04
2.2053e+05, 3.8911e-04
2.2074e+05, 3.2978e-04
2.2096e+05, 3.2165e-04
2.2162e+05, 3.4649e-04
2.2228e+05, 4.3620e-04
2.2275e+05, 6.0772e-04
2.2298e+05, 7.8499e-04
2.2321e+05, 1.1188e-03
2.2333e+05, 1.4037e-03
2.2345e+05, 1.8386e-03
2.2356e+05, 2.5338e-03
2.2362e+05, 3.0455e-03
2.2368e+05, 3.7230e-03
2.2372e+05, 4.3630e-03
2.2377e+05, 5.1556e-03
2.2381e+05, 6.1318e-03
2.2385e+05, 7.3131e-03
2.2394e+05, 1.0171e-02
2.2398e+05, 1.1570e-02
2.2403e+05, 1.2599e-02
2.2406e+05, 1.2935e-02
2.2408e+05, 1.2900e-02
2.2413e+05, 1.2143e-02
2.2418e+05, 1.0793e-02
2.2427e+05, 7.7047e-03
2.2431e+05, 6.3900e-03
2.2436e+05, 5.3084e-03
2.2440e+05, 4.4369e-03
2.2445e+05, 3.7437e-03
2.2451e+05, 3.0424e-03
2.2457e+05, 2.5165e-03
2.2469e+05, 1.8088e-03
2.2481e+05, 1.3687e-03
2.2493e+05, 1.0812e-03
2.2518e+05, 7.2862e-04
2.2544e+05, 5.4563e-04
2.2595e+05, 3.6902e-04
2.2681e+05, 2.5642e-04
2.2767e+05, 2.1026e-04
2.2940e+05, 1.6767e-04
2.3271e+05, 1.3530e-04
2.3603e+05, 1.1989e-04
2.4267e+05, 1.0875e-04
2.4841e+05, 1.1760e-04
2.5128e+05, 1.3537e-04
2.5271e+05, 1.5479e-04
2.5415e+05, 1.9921e-04
2.5491e+05, 2.5529e-04
2.5527e+05, 3.0120e-04
2.5562e+05, 3.7484e-04
2.5597e+05, 5.0334e-04
2.5614e+05, 6.0755e-04
2.5632e+05, 7.5603e-04
2.5640e+05, 8.5579e-04
2.5649e+05, 9.7952e-04
2.5658e+05, 1.1349e-03
2.5666e+05, 1.3324e-03
2.5675e+05, 1.5850e-03
2.5683e+05, 1.9097e-03
2.5692e+05, 2.3253e-03
2.5701e+05, 2.8404e-03
2.5709e+05, 3.4625e-03
2.5718e+05, 4.1038e-03
2.5727e+05, 4.6110e-03
2.5731e+05, 4.7513e-03
2.5736e+05, 4.7900e-03
2.5741e+05, 4.7045e-03
2.5744e+05, 4.5621e-03
2.5748e+05, 4.3663e-03
2.5755e+05, 3.8732e-03
2.5770e+05, 2.8295e-03
2.5777e+05, 2.3917e-03
2.5784e+05, 2.0286e-03
2.5792e+05, 1.7337e-03
2.5799e+05, 1.4959e-03
2.5810e+05, 1.2206e-03
2.5821e+05, 1.0222e-03
2.5832e+05, 8.7394e-04
2.5843e+05, 7.6377e-04
2.5865e+05, 6.1748e-04
2.5887e+05, 5.3375e-04
2.5906e+05, 4.9536e-04
2.5924e+05, 4.7983e-04
2.5950e+05, 4.9561e-04
2.5975e+05, 5.7175e-04
2.6001e+05, 7.7690e-04
2.6014e+05, 9.9613e-04
2.6027e+05, 1.3967e-03
2.6036e+05, 1.9486e-03
2.6045e+05, 3.0403e-03
2.6050e+05, 4.0086e-03
2.6055e+05, 5.5890e-03
2.6059e+05, 8.4398e-03
2.6061e+05, 1.0764e-02
2.6064e+05, 1.4168e-02
2.6065e+05, 1.6884e-02
2.6066e+05, 2.0395e-02
2.6068e+05, 2.5023e-02
2.6069e+05, 3.1156e-02
2.6070e+05, 3.9244e-02
2.6072e+05, 4.9656e-02
2.6073e+05, 6.2356e-02
2.6074e+05, 7.6421e-02
2.6075e+05, 8.6325e-02
2.6076e+05, 9.4592e-02
2.6077e+05, 1.0021e-01
2.6078e+05, 1.0216e-01
2.6079e+05, 9.9942e-02
2.6080e+05, 9.3726e-02
2.6081e+05, 8.4615e-02
2.6082e+05, 7.4019e-02
2.6084e+05, 5.3233e-02
2.6085e+05, 4.4493e-02
2.6086e+05, 3.7170e-02
2.6087e+05, 3.0605e-02
2.6089e+05, 2.5427e-02
2.6090e+05, 2.1348e-02
2.6091e+05, 1.8142e-02
2.6093e+05, 1.3466e-02
2.6095e+05, 1.0375e-02
2.6100e+05, 6.7173e-03
2.6104e+05, 4.7152e-03
2.6110e+05, 3.1727e-03
2.6116e+05, 2.3232e-03
2.6123e+05, 1.7814e-03
2.6129e+05, 1.4249e-03
2.6141e+05, 1.0081e-03
2.6153e+05, 7.6781e-04
2.6178e+05, 5.2863e-04
2.6202e+05, 4.1788e-04
2.6256e+05, 3.1677e-04
2.6310e+05, 2.8035e-04
2.6417e+05, 2.6310e-04
2.6584e+05, 2.8971e-04
2.6667e+05, 3.2773e-04
2.6709e+05, 3.6625e-04
2.6750e+05, 4.4539e-04
2.6768e+05, 5.1672e-04
2.6786e+05, 6.4284e-04
2.6804e+05, 9.2221e-04
2.6813e+05, 1.2063e-03
2.6817e+05, 1.4311e-03
2.6822e+05, 1.7503e-03
2.6827e+05, 2.3275e-03
2.6830e+05, 2.7478e-03
2.6832e+05, 3.3041e-03
2.6835e+05, 4.0711e-03
2.6837e+05, 5.1454e-03
2.6839e+05, 5.8504e-03
2.6840e+05, 6.6917e-03
2.6841e+05, 7.7039e-03
2.6843e+05, 8.9185e-03
2.6844e+05, 1.0448e-02
2.6845e+05, 1.2251e-02
2.6848e+05, 1.6514e-02
2.6849e+05, 1.8703e-02
2.6851e+05, 2.0601e-02
2.6852e+05, 2.1907e-02
2.6854e+05, 2.2374e-02
2.6855e+05, 2.1854e-02
2.6856e+05, 2.0409e-02
2.6858e+05, 1.8338e-02
2.6859e+05, 1.6014e-02
2.6861e+05, 1.3701e-02
2.6862e+05, 1.1603e-02
2.6864e+05, 9.8031e-03
2.6865e+05, 8.3165e-03
2.6866e+05, 7.1689e-03
2.6868e+05, 6.2287e-03
2.6869e+05, 5.4457e-03
2.6870e+05, 4.8003e-03
2.6873e+05, 3.8059e-03
2.6876e+05, 3.1009e-03
2.6879e+05, 2.5865e-03
2.6881e+05, 2.2048e-03
2.6887e+05, 1.6768e-03
2.6891e+05, 1.3774e-03
2.6896e+05, 1.1696e-03
2.6905e+05, 9.0995e-04
2.6924e+05, 6.6353e-04
2.6962e+05, 5.0660e-04
2.7033e+05, 4.5635e-04
2.7097e+05, 4.6748e-04
2.7160e+05, 4.9378e-04
2.7224e+05, 5.2832e-04
2.7288e+05, 5.6876e-04
2.7351e+05, 6.1384e-04
2.7415e+05, 6.6304e-04
2.7478e+05, 7.1540e-04
2.7542e+05, 7.6918e-04
2.7591e+05, 8.1126e-04
2.7641e+05, 8.5182e-04
2.7741e+05, 9.2182e-04
2.7940e+05, 9.8513e-04
2.8051e+05, 9.5552e-04
2.8107e+05, 9.2741e-04
2.8162e+05, 8.8972e-04
2.8217e+05, 8.4832e-04
2.8273e+05, 8.0164e-04
2.8384e+05, 7.0538e-04
2.8502e+05, 6.0739e-04
2.8620e+05, 5.2016e-04
2.8856e+05, 3.8498e-04
2.9092e+05, 2.9470e-04
2.9328e+05, 2.3570e-04
2.9696e+05, 1.8410e-04
3.0065e+05, 1.6391e-04
3.0323e+05, 1.6867e-04
3.0581e+05, 1.9344e-04
3.0774e+05, 2.3692e-04
3.0870e+05, 2.7077e-04
3.0966e+05, 3.1806e-04
3.1063e+05, 3.8127e-04
3.1159e+05, 4.6155e-04
3.1352e+05, 6.5480e-04
3.1428e+05, 7.0777e-04
3.1505e+05, 7.2579e-04
3.1597e+05, 6.8592e-04
3.1688e+05, 6.0349e-04
3.1871e+05, 4.2019e-04
3.1963e+05, 3.4887e-04
3.2054e+05, 2.9155e-04
3.2237e+05, 2.1275e-04
3.2379e+05, 1.7466e-04
3.2521e+05, 1.4795e-04
3.2804e+05, 1.1486e-04
3.3371e+05, 8.7306e-05
3.3695e+05, 8.2610e-05
3.4050e+05, 8.6059e-05
3.4227e+05, 9.8822e-05
3.4315e+05, 1.1912e-04
3.4360e+05, 1.4649e-04
3.4382e+05, 1.6704e-04
3.4404e+05, 2.0566e-04
3.4426e+05, 2.8069e-04
3.4448e+05, 4.4187e-04
3.4459e+05, 6.1442e-04
3.4470e+05, 9.2760e-04
3.4476e+05, 1.2139e-03
3.4482e+05, 1.6718e-03
3.4487e+05, 2.4496e-03
3.4493e+05, 3.9940e-03
3.4497e+05, 6.2837e-03
3.4499e+05, 8.1762e-03
3.4501e+05, 1.0936e-02
3.4503e+05, 1.4954e-02
3.4505e+05, 2.0403e-02
3.4509e+05, 3.2538e-02
3.4510e+05, 3.4452e-02
3.4511e+05, 3.5128e-02
3.4513e+05, 3.3615e-02
3.4514e+05, 2.9663e-02
3.4518e+05, 1.9412e-02
3.4519e+05, 1.5061e-02
3.4521e+05, 1.1695e-02
3.4523e+05, 9.1712e-03
3.4524e+05, 7.3275e-03
3.4528e+05, 4.6046e-03
3.4532e+05, 3.1357e-03
3.4536e+05, 2.2714e-03
3.4540e+05, 1.7332e-03
3.4548e+05, 1.1163e-03
3.4556e+05, 8.0153e-04
3.4564e+05, 5.9932e-04
3.4572e+05, 4.7632e-04
3.4588e+05, 3.3059e-04
3.4607e+05, 2.4700e-04
3.4626e+05, 1.9881e-04
3.4664e+05, 1.5143e-04
3.4740e+05, 1.2004e-04
3.4893e+05, 1.0897e-04
3.5175e+05, 1.2199e-04
3.5457e+05, 1.5713e-04
3.5668e+05, 2.1349e-04
3.5774e+05, 2.6953e-04
3.5827e+05, 3.1877e-04
3.5880e+05, 4.0689e-04
3.5912e+05, 5.1508e-04
3.5944e+05, 7.2440e-04
3.5961e+05, 9.3587e-04
3.5977e+05, 1.3385e-03
3.5985e+05, 1.6665e-03
3.5993e+05, 2.1809e-03
3.6001e+05, 3.0505e-03
3.6009e+05, 4.5862e-03
3.6015e+05, 6.7360e-03
3.6022e+05, 1.0370e-02
3.6028e+05, 1.5416e-02
3.6031e+05, 1.7662e-02
3.6034e+05, 1.8785e-02
3.6039e+05, 1.7403e-02
3.6044e+05, 1.3683e-02
3.6049e+05, 9.9298e-03
3.6054e+05, 7.1381e-03
3.6059e+05, 5.2647e-03
3.6064e+05, 4.0464e-03
3.6074e+05, 2.5939e-03
3.6080e+05, 2.0626e-03
3.6095e+05, 1.3928e-03
3.6110e+05, 1.0551e-03
3.6140e+05, 7.8186e-04
3.6200e+05, 6.7258e-04
3.6271e+05, 7.3873e-04
3.6307e+05, 8.0837e-04
3.6342e+05, 9.0014e-04
3.6378e+05, 1.0136e-03
3.6413e+05, 1.1551e-03
3.6449e+05, 1.3240e-03
3.6484e+05, 1.5244e-03
3.6516e+05, 1.7330e-03
3.6548e+05, 1.9676e-03
3.6612e+05, 2.4339e-03
3.6644e+05, 2.6458e-03
3.6676e+05, 2.8017e-03
3.6708e+05, 2.8879e-03
3.6740e+05, 2.8933e-03
3.6768e+05, 2.8325e-03
3.6812e+05, 2.6202e-03
3.6857e+05, 2.3229e-03
3.6947e+05, 1.6760e-03
3.6992e+05, 1.3964e-03
3.7037e+05, 1.1738e-03
3.7082e+05, 9.9697e-04
3.7127e+05, 8.5752e-04
3.7183e+05, 7.2867e-04
3.7238e+05, 6.3753e-04
3.7294e+05, 5.7711e-04
3.7350e+05, 5.4476e-04
3.7378e+05, 5.3959e-04
3.7409e+05, 5.4380e-04
3.7440e+05, 5.6033e-04
3.7471e+05, 5.9083e-04
3.7502e+05, 6.3940e-04
3.7563e+05, 7.9743e-04
3.7594e+05, 8.8716e-04
3.7610e+05, 9.2923e-04
3.7625e+05, 9.5891e-04
3.7644e+05, 9.7385e-04
3.7659e+05, 9.6631e-04
3.7675e+05, 9.4036e-04
3.7707e+05, 8.4988e-04
3.7739e+05, 7.3877e-04
3.7754e+05, 6.8335e-04
3.7770e+05, 6.3314e-04
3.7802e+05, 5.4536e-04
3.7834e+05, 4.7766e-04
3.7865e+05, 4.2501e-04
3.7897e+05, 3.8435e-04
3.7927e+05, 3.5513e-04
3.7957e+05, 3.3298e-04
3.8017e+05, 3.0126e-04
3.8137e+05, 2.7480e-04
3.8218e+05, 2.8100e-04
3.8298e+05, 3.0914e-04
3.8379e+05, 3.7954e-04
3.8420e+05, 4.4444e-04
3.8440e+05, 4.8943e-04
3.8460e+05, 5.4310e-04
3.8472e+05, 5.8176e-04
3.8484e+05, 6.2556e-04
3.8495e+05, 6.6990e-04
3.8506e+05, 7.1910e-04
3.8517e+05, 7.7305e-04
3.8527e+05, 8.3224e-04
3.8538e+05, 8.9591e-04
3.8544e+05, 9.2909e-04
3.8549e+05, 9.6288e-04
3.8560e+05, 1.0316e-03
3.8571e+05, 1.0991e-03
3.8583e+05, 1.1721e-03
3.8596e+05, 1.2306e-03
3.8621e+05, 1.2875e-03
3.8634e+05, 1.2761e-03
3.8646e+05, 1.2390e-03
3.8659e+05, 1.1818e-03
3.8671e+05, 1.1108e-03
3.8684e+05, 1.0324e-03
3.8697e+05, 9.5179e-04
3.8722e+05, 7.9990e-04
3.8750e+05, 6.5748e-04
3.8779e+05, 5.4968e-04
3.8836e+05, 4.0892e-04
3.8893e+05, 3.2881e-04
3.8951e+05, 2.8140e-04
3.9051e+05, 2.3756e-04
3.9151e+05, 2.1726e-04
3.9251e+05, 2.0835e-04
3.9351e+05, 2.0586e-04
3.9551e+05, 2.1241e-04
3.9751e+05, 2.2947e-04
3.9979e+05, 2.6035e-04
4.0207e+05, 3.0353e-04
4.0435e+05, 3.6028e-04
4.0663e+05, 4.3190e-04
4.0777e+05, 4.7375e-04
4.0891e+05, 5.1944e-04
4.1119e+05, 6.1057e-04
4.1347e+05, 6.8821e-04
4.1575e+05, 7.3055e-04
4.1770e+05, 7.4720e-04
4.1868e+05, 7.9823e-04
4.1916e+05, 9.1652e-04
4.1941e+05, 1.0678e-03
4.1965e+05, 1.4272e-03
4.1975e+05, 1.7210e-03
4.1985e+05, 2.2102e-03
4.1995e+05, 3.0652e-03
4.2000e+05, 3.7199e-03
4.2005e+05, 4.5825e-03
4.2015e+05, 6.8617e-03
4.2020e+05, 7.8793e-03
4.2023e+05, 8.1841e-03
4.2026e+05, 8.2917e-03
4.2029e+05, 8.0690e-03
4.2033e+05, 7.4686e-03
4.2040e+05, 5.7699e-03
4.2047e+05, 4.2334e-03
4.2055e+05, 3.1563e-03
4.2060e+05, 2.5812e-03
4.2066e+05, 2.1640e-03
4.2078e+05, 1.6269e-03
4.2089e+05, 1.3156e-03
4.2100e+05, 1.1223e-03
4.2139e+05, 8.1596e-04
4.2178e+05, 6.9540e-04
4.2256e+05, 5.8922e-04
4.2411e+05, 4.8884e-04
4.2830e+05, 3.3629e-04
4.3250e+05, 2.4210e-04
4.3669e+05, 1.8220e-04
4.4088e+05, 1.4219e-04
4.4719e+05, 1.0492e-04
4.5350e+05, 8.2204e-05
4.5981e+05, 6.8857e-05
4.6611e+05, 6.3476e-05
4.6976e+05, 6.7470e-05
4.7158e+05, 7.5354e-05
4.7340e+05, 9.7613e-05
4.7456e+05, 1.3817e-04
4.7514e+05, 1.8319e-04
4.7572e+05, 2.7338e-04
4.7597e+05, 3.4128e-04
4.7622e+05, 4.4360e-04
4.7647e+05, 6.0275e-04
4.7659e+05, 7.1464e-04
4.7672e+05, 8.5528e-04
4.7689e+05, 1.1206e-03
4.7707e+05, 1.4445e-03
4.7725e+05, 1.7614e-03
4.7734e+05, 1.8657e-03
4.7743e+05, 1.9061e-03
4.7750e+05, 1.8858e-03
4.7758e+05, 1.8209e-03
4.7772e+05, 1.5955e-03
4.7801e+05, 1.0710e-03
4.7815e+05, 8.6250e-04
4.7830e+05, 7.0068e-04
4.7844e+05, 5.7695e-04
4.7859e+05, 4.8257e-04
4.7877e+05, 3.9405e-04
4.7895e+05, 3.2935e-04
4.7932e+05, 2.4481e-04
4.8004e+05, 1.6131e-04
4.8090e+05, 1.2133e-04
4.8176e+05, 1.0355e-04
4.8347e+05, 9.5679e-05
4.8535e+05, 1.1443e-04
4.8629e+05, 1.4168e-04
4.8724e+05, 1.9853e-04
4.8792e+05, 2.8416e-04
4.8826e+05, 3.5440e-04
4.8861e+05, 4.5424e-04
4.8876e+05, 5.1076e-04
4.8891e+05, 5.7506e-04
4.8907e+05, 6.4565e-04
4.8922e+05, 7.2125e-04
4.8937e+05, 7.9616e-04
4.8952e+05, 8.6341e-04
4.8968e+05, 9.1428e-04
4.8983e+05, 9.4053e-04
4.9009e+05, 9.1925e-04
4.9021e+05, 8.8101e-04
4.9034e+05, 8.3050e-04
4.9047e+05, 7.7215e-04
4.9060e+05, 7.1039e-04
4.9085e+05, 5.9152e-04
4.9132e+05, 4.2084e-04
4.9180e+05, 3.1556e-04
4.9227e+05, 2.5923e-04
4.9274e+05, 2.3696e-04
4.9324e+05, 2.6066e-04
4.9362e+05, 3.4280e-04
4.9381e+05, 4.2818e-04
4.9400e+05, 5.6060e-04
4.9419e+05, 7.2060e-04
4.9428e+05, 7.8769e-04
4.9438e+05, 8.1753e-04
4.9444e+05, 8.1152e-04
4.9456e+05, 7.4289e-04
4.9469e+05, 6.3559e-04
4.9494e+05, 4.2645e-04
4.9519e+05, 2.9837e-04
4.9544e+05, 2.2550e-04
4.9594e+05, 1.5509e-04
4.9644e+05, 1.2364e-04
4.9744e+05, 9.7107e-05
5.0000e+05, 8.0008e-05
5.0164e+05, 7.8809e-05
5.0515e+05, 8.5316e-05
5.0867e+05, 1.0118e-04
5.1218e+05, 1.3121e-04
5.1569e+05, 1.9322e-04
5.1735e+05, 2.4996e-04
5.1818e+05, 2.9091e-04
5.1901e+05, 3.4463e-04
5.1984e+05, 4.1343e-04
5.2067e+05, 5.0218e-04
5.2150e+05, 6.0681e-04
5.2234e+05, 7.1768e-04
5.2322e+05, 8.2077e-04
5.2411e+05, 8.9818e-04
5.2499e+05, 9.5696e-04
5.2543e+05, 9.7657e-04
5.2588e+05, 9.8263e-04
5.2667e+05, 9.2162e-04
5.2707e+05, 8.5843e-04
5.2746e+05, 7.8155e-04
5.2804e+05, 6.6610e-04
5.2861e+05, 5.6058e-04
5.2975e+05, 4.0048e-04
5.3089e+05, 3.0113e-04
5.3203e+05, 2.3650e-04
5.3324e+05, 1.9246e-04
5.3444e+05, 1.6249e-04
5.3685e+05, 1.2613e-04
5.3926e+05, 1.0622e-04
5.4168e+05, 9.6356e-05
5.4250e+05, 9.5277e-05
5.4384e+05, 9.9569e-05
5.4451e+05, 1.1161e-04
5.4485e+05, 1.2852e-04
5.4518e+05, 1.7229e-04
5.4533e+05, 2.2046e-04
5.4548e+05, 3.2596e-04
5.4555e+05, 4.3386e-04
5.4563e+05, 6.4423e-04
5.4566e+05, 8.2833e-04
5.4570e+05, 1.1232e-03
5.4574e+05, 1.6209e-03
5.4577e+05, 2.4558e-03
5.4582e+05, 4.1639e-03
5.4585e+05, 4.9369e-03
5.4587e+05, 5.2573e-03
5.4590e+05, 4.9492e-03
5.4593e+05, 4.1678e-03
5.4598e+05, 2.5239e-03
5.4600e+05, 2.0029e-03
5.4603e+05, 1.6861e-03
5.4608e+05, 1.5135e-03
5.4612e+05, 1.7222e-03
5.4615e+05, 2.4387e-03
5.4617e+05, 3.1253e-03
5.4619e+05, 4.0985e-03
5.4623e+05, 6.5946e-03
5.4625e+05, 7.5341e-03
5.4626e+05, 7.7894e-03
5.4628e+05, 7.4563e-03
5.4629e+05, 6.7512e-03
5.4632e+05, 4.8291e-03
5.4635e+05, 3.1216e-03
5.4637e+05, 2.0203e-03
5.4640e+05, 1.3873e-03
5.4643e+05, 1.0173e-03
5.4646e+05, 7.8811e-04
5.4648e+05, 6.3844e-04
5.4655e+05, 4.3278e-04
5.4662e+05, 3.2573e-04
5.4675e+05, 2.2543e-04
5.4688e+05, 1.7673e-04
5.4701e+05, 1.5078e-04
5.4727e+05, 1.2400e-04
5.4754e+05, 1.1100e-04
5.4859e+05, 9.4493e-05
5.4996e+05, 9.1418e-05
5.5179e+05, 9.3741e-05
5.5400e+05, 1.0148e-04
5.5622e+05, 1.1389e-04
5.5844e+05, 1.3194e-04
5.6066e+05, 1.5713e-04
5.6288e+05, 1.9140e-04
5.6509e+05, 2.3468e-04
5.6731e+05, 2.8020e-04
5.6842e+05, 2.9936e-04
5.6953e+05, 3.1267e-04
5.7061e+05, 3.1817e-04
5.7164e+05, 3.1594e-04
5.7268e+05, 3.0725e-04
5.7371e+05, 2.9408e-04
5.7475e+05, 2.7898e-04
5.7888e+05, 2.3724e-04
5.8123e+05, 2.6519e-04
5.8240e+05, 3.1507e-04
5.8299e+05, 3.5750e-04
5.8358e+05, 4.1662e-04
5.8417e+05, 5.0106e-04
5.8447e+05, 5.5443e-04
5.8476e+05, 6.1633e-04
5.8506e+05, 6.8749e-04
5.8535e+05, 7.6975e-04
5.8565e+05, 8.7474e-04
5.8595e+05, 1.1063e-03
5.8602e+05, 1.2615e-03
5.8609e+05, 1.6000e-03
5.8613e+05, 1.9523e-03
5.8616e+05, 2.6151e-03
5.8618e+05, 3.1592e-03
5.8620e+05, 3.9101e-03
5.8623e+05, 6.0443e-03
5.8626e+05, 7.6622e-03
5.8627e+05, 8.1753e-03
5.8629e+05, 8.3573e-03
5.8631e+05, 7.9595e-03
5.8632e+05, 6.9422e-03
5.8636e+05, 4.4739e-03
5.8638e+05, 3.5245e-03
5.8640e+05, 2.8398e-03
5.8644e+05, 2.0422e-03
5.8651e+05, 1.4756e-03
5.8666e+05, 1.1366e-03
5.8681e+05, 1.0399e-03
5.8711e+05, 9.5157e-04
5.8741e+05, 8.7962e-04
5.8771e+05, 8.0429e-04
5.8821e+05, 6.7900e-04
5.8870e+05, 5.6214e-04
5.8969e+05, 3.9168e-04
5.9068e+05, 2.8882e-04
5.9167e+05, 2.2777e-04
5.9220e+05, 2.1002e-04
5.9241e+05, 2.1420e-04
5.9252e+05, 2.3089e-04
5.9257e+05, 2.6651e-04
5.9260e+05, 3.2864e-04
5.9261e+05, 4.2463e-04
5.9262e+05, 5.1679e-04
5.9262e+05, 6.6190e-04
5.9263e+05, 1.1153e-03
5.9264e+05, 1.9909e-03
5.9266e+05, 3.5301e-03
5.9267e+05, 5.9363e-03
5.9269e+05, 1.3128e-02
5.9271e+05, 1.9571e-02
5.9272e+05, 2.0485e-02
5.9274e+05, 1.8357e-02
5.9276e+05, 9.8294e-03
5.9278e+05, 5.9382e-03
5.9279e+05, 3.2277e-03
5.9280e+05, 2.3023e-03
5.9280e+05, 1.6376e-03
5.9281e+05, 1.1692e-03
5.9282e+05, 8.4976e-04
5.9282e+05, 6.3798e-04
5.9283e+05, 5.0060e-04
5.9284e+05, 3.5648e-04
5.9286e+05, 2.9567e-04
5.9287e+05, 2.6691e-04
5.9289e+05, 2.3884e-04
5.9295e+05, 2.1289e-04
5.9314e+05, 1.8813e-04
5.9334e+05, 1.7738e-04
5.9372e+05, 1.6867e-04
5.9450e+05, 1.6124e-04
5.9524e+05, 1.6476e-04
5.9598e+05, 1.8480e-04
5.9640e+05, 2.1120e-04
5.9661e+05, 2.3208e-04
5.9682e+05, 2.6075e-04
5.9703e+05, 3.0026e-04
5.9724e+05, 3.5564e-04
5.9734e+05, 3.9032e-04
5.9745e+05, 4.3071e-04
5.9755e+05, 4.7687e-04
5.9766e+05, 5.2880e-04
5.9795e+05, 6.8099e-04
5.9809e+05, 7.3587e-04
5.9824e+05, 7.5441e-04
5.9834e+05, 7.4222e-04
5.9843e+05, 7.1233e-04
5.9860e+05, 6.3493e-04
5.9876e+05, 5.4633e-04
5.9909e+05, 3.9333e-04
5.9925e+05, 3.3734e-04
5.9941e+05, 2.9362e-04
5.9974e+05, 2.3252e-04
6.0001e+05, 1.9984e-04
6.0028e+05, 1.7706e-04
6.0083e+05, 1.4903e-04
6.0137e+05, 1.3451e-04
6.0192e+05, 1.3021e-04
6.0228e+05, 1.4163e-04
6.0246e+05, 1.6149e-04
6.0255e+05, 1.9000e-04
6.0264e+05, 2.4813e-04
6.0270e+05, 3.3711e-04
6.0273e+05, 4.2482e-04
6.0276e+05, 5.8419e-04
6.0279e+05, 9.2309e-04
6.0281e+05, 1.2480e-03
6.0282e+05, 1.7631e-03
6.0283e+05, 2.5650e-03
6.0285e+05, 3.7039e-03
6.0288e+05, 6.6772e-03
6.0289e+05, 7.9845e-03
6.0290e+05, 8.3570e-03
6.0291e+05, 8.4882e-03
6.0292e+05, 8.3763e-03
6.0292e+05, 8.0452e-03
6.0294e+05, 6.8743e-03
6.0297e+05, 3.8700e-03
6.0298e+05, 2.6751e-03
6.0300e+05, 1.8369e-03
6.0301e+05, 1.2886e-03
6.0303e+05, 9.4771e-04
6.0305e+05, 6.1404e-04
6.0308e+05, 4.5048e-04
6.0313e+05, 2.9827e-04
6.0319e+05, 2.3178e-04
6.0324e+05, 1.9608e-04
6.0335e+05, 1.6032e-04
6.0346e+05, 1.4143e-04
6.0388e+05, 1.1935e-04
6.0474e+05, 1.1304e-04
6.0667e+05, 1.1941e-04
6.0764e+05, 1.2628e-04
6.0860e+05, 1.3485e-04
6.0924e+05, 1.4143e-04
6.0988e+05, 1.4830e-04
6.1052e+05, 1.5525e-04
6.1116e+05, 1.6207e-04
6.1180e+05, 1.6803e-04
6.1244e+05, 1.7280e-04
6.1372e+05, 1.7785e-04
6.1564e+05, 1.6969e-04
6.1659e+05, 1.6047e-04
6.1755e+05, 1.4968e-04
6.1947e+05, 1.2830e-04
6.2139e+05, 1.1116e-04
6.2658e+05, 9.2021e-05
6.3112e+05, 1.0160e-04
6.3339e+05, 1.1659e-04
6.3566e+05, 1.4193e-04
6.3744e+05, 1.7382e-04
6.3922e+05, 2.2185e-04
6.4100e+05, 2.9420e-04
6.4189e+05, 3.4288e-04
6.4278e+05, 4.0032e-04
6.4391e+05, 4.8639e-04
6.4504e+05, 5.7559e-04
6.4617e+05, 6.4994e-04
6.4730e+05, 6.8506e-04
6.5062e+05, 5.9083e-04
6.5197e+05, 6.0098e-04
6.5222e+05, 5.9612e-04
6.5265e+05, 5.6693e-04
6.5309e+05, 5.1991e-04
6.5395e+05, 4.4560e-04
6.5424e+05, 4.9949e-04
6.5432e+05, 5.6302e-04
6.5440e+05, 7.1036e-04
6.5445e+05, 8.6210e-04
6.5449e+05, 1.1241e-03
6.5453e+05, 1.5451e-03
6.5457e+05, 2.0499e-03
6.5459e+05, 2.2360e-03
6.5461e+05, 2.3170e-03
6.5463e+05, 2.2571e-03
6.5465e+05, 2.0648e-03
6.5470e+05, 1.5456e-03
6.5475e+05, 1.1649e-03
6.5479e+05, 9.8331e-04
6.5482e+05, 9.3769e-04
6.5489e+05, 1.0043e-03
6.5492e+05, 1.1105e-03
6.5496e+05, 1.2677e-03
6.5502e+05, 1.6876e-03
6.5505e+05, 1.8608e-03
6.5509e+05, 1.9216e-03
6.5512e+05, 1.8529e-03
6.5514e+05, 1.6883e-03
6.5520e+05, 1.2606e-03
6.5526e+05, 9.1640e-04
6.5532e+05, 7.0087e-04
6.5541e+05, 5.1714e-04
6.5551e+05, 4.2304e-04
6.5569e+05, 3.3424e-04
6.5607e+05, 2.6578e-04
6.5681e+05, 2.1245e-04
6.5756e+05, 1.8302e-04
6.5905e+05, 1.4424e-04
6.6204e+05, 1.0102e-04
6.6460e+05, 8.0363e-05
6.6716e+05, 6.7003e-05
6.7228e+05, 5.1883e-05
6.7740e+05, 4.4592e-05
6.8251e+05, 4.1966e-05
6.8866e+05, 4.4274e-05
6.9480e+05, 5.7334e-05
6.9674e+05, 6.8757e-05
6.9771e+05, 8.2672e-05
6.9820e+05, 1.0498e-04
6.9844e+05, 1.4312e-04
6.9856e+05, 1.9823e-04
6.9862e+05, 2.5334e-04
6.9868e+05, 3.5767e-04
6.9871e+05, 4.4558e-04
6.9874e+05, 5.8411e-04
6.9877e+05, 8.2614e-04
6.9879e+05, 1.3119e-03
6.9881e+05, 1.7461e-03
6.9882e+05, 2.3975e-03
6.9884e+05, 3.3478e-03
6.9885e+05, 4.6433e-03
6.9891e+05, 1.0867e-02
6.9892e+05, 1.1182e-02
6.9894e+05, 9.9746e-03
6.9896e+05, 7.4255e-03
6.9899e+05, 4.7954e-03
6.9901e+05, 2.8903e-03
6.9903e+05, 1.7586e-03
6.9905e+05, 1.1519e-03
6.9907e+05, 8.2099e-04
6.9909e+05, 6.2676e-04
6.9913e+05, 4.4219e-04
6.9917e+05, 3.4070e-04
6.9924e+05, 2.3453e-04
6.9931e+05, 1.8712e-04
6.9938e+05, 1.6090e-04
6.9952e+05, 1.3541e-04
6.9980e+05, 1.1449e-04
7.0036e+05, 1.1105e-04
7.0122e+05, 1.2589e-04
7.0209e+05, 1.5366e-04
7.0296e+05, 2.0071e-04
7.0382e+05, 2.9064e-04
7.0417e+05, 3.5459e-04
7.0452e+05, 4.5069e-04
7.0488e+05, 6.0269e-04
7.0505e+05, 7.1535e-04
7.0523e+05, 8.6581e-04
7.0537e+05, 1.0230e-03
7.0551e+05, 1.2245e-03
7.0564e+05, 1.4829e-03
7.0578e+05, 1.8069e-03
7.0606e+05, 2.6124e-03
7.0620e+05, 2.9879e-03
7.0627e+05, 3.1155e-03
7.0634e+05, 3.1837e-03
7.0647e+05, 3.1365e-03
7.0659e+05, 2.8951e-03
7.0685e+05, 2.1654e-03
7.0697e+05, 1.8209e-03
7.0710e+05, 1.5303e-03
7.0722e+05, 1.2940e-03
7.0735e+05, 1.1056e-03
7.0753e+05, 8.9991e-04
7.0771e+05, 7.5172e-04
7.0808e+05, 5.6100e-04
7.0880e+05, 3.8056e-04
7.0982e+05, 2.8804e-04
7.1084e+05, 2.6120e-04
7.1149e+05, 2.6993e-04
7.1214e+05, 3.0864e-04
7.1279e+05, 4.0567e-04
7.1312e+05, 4.9974e-04
7.1344e+05, 6.5319e-04
7.1381e+05, 9.5688e-04
7.1399e+05, 1.1916e-03
7.1418e+05, 1.5030e-03
7.1434e+05, 1.8345e-03
7.1441e+05, 2.0092e-03
7.1449e+05, 2.1834e-03
7.1457e+05, 2.3431e-03
7.1465e+05, 2.4734e-03
7.1481e+05, 2.5922e-03
7.1504e+05, 2.3824e-03
7.1526e+05, 1.9116e-03
7.1548e+05, 1.4430e-03
7.1570e+05, 1.0805e-03
7.1602e+05, 7.4386e-04
7.1634e+05, 5.4467e-04
7.1665e+05, 4.1452e-04
7.1697e+05, 3.2927e-04
7.1760e+05, 2.2954e-04
7.1823e+05, 1.7643e-04
7.1902e+05, 1.3974e-04
7.1980e+05, 1.1912e-04
7.2138e+05, 1.0227e-04
7.2211e+05, 1.0512e-04
7.2284e+05, 1.1871e-04
7.2320e+05, 1.3555e-04
7.2357e+05, 1.6597e-04
7.2394e+05, 2.3026e-04
7.2412e+05, 2.8561e-04
7.2430e+05, 3.7126e-04
7.2449e+05, 5.1812e-04
7.2468e+05, 7.6283e-04
7.2477e+05, 9.2804e-04
7.2487e+05, 1.1033e-03
7.2505e+05, 1.3212e-03
7.2517e+05, 1.2672e-03
7.2528e+05, 1.0914e-03
7.2544e+05, 7.9811e-04
7.2560e+05, 5.6950e-04
7.2576e+05, 4.1810e-04
7.2592e+05, 3.2004e-04
7.2624e+05, 2.1064e-04
7.2656e+05, 1.5659e-04
7.2716e+05, 1.1034e-04
7.2775e+05, 8.9463e-05
7.2894e+05, 7.2015e-05
7.3132e+05, 6.1534e-05
7.3227e+05, 6.0048e-05
7.3512e+05, 5.8872e-05
7.4368e+05, 6.9333e-05
7.4796e+05, 8.3762e-05
7.5011e+05, 9.6286e-05
7.5225e+05, 1.1709e-04
7.5382e+05, 1.4284e-04
7.5539e+05, 1.8537e-04
7.5696e+05, 2.5389e-04
7.5852e+05, 3.3290e-04
7.5935e+05, 3.5114e-04
7.6018e+05, 3.4048e-04
7.6100e+05, 3.1085e-04
7.6229e+05, 2.6388e-04
7.6358e+05, 2.4533e-04
7.6445e+05, 2.6740e-04
7.6488e+05, 3.0882e-04
7.6531e+05, 4.1877e-04
7.6551e+05, 5.3299e-04
7.6570e+05, 7.6481e-04
7.6580e+05, 9.7146e-04
7.6590e+05, 1.3202e-03
7.6600e+05, 1.9443e-03
7.6605e+05, 2.4420e-03
7.6610e+05, 3.1399e-03
7.6616e+05, 4.4154e-03
7.6622e+05, 6.2110e-03
7.6628e+05, 8.1226e-03
7.6631e+05, 8.7773e-03
7.6634e+05, 9.0140e-03
7.6638e+05, 8.5293e-03
7.6642e+05, 7.3331e-03
7.6651e+05, 4.6311e-03
7.6655e+05, 3.6142e-03
7.6660e+05, 2.8561e-03
7.6668e+05, 1.8891e-03
7.6676e+05, 1.3796e-03
7.6684e+05, 1.0598e-03
7.6701e+05, 7.0967e-04
7.6717e+05, 5.4053e-04
7.6733e+05, 4.4096e-04
7.6765e+05, 3.4145e-04
7.6798e+05, 2.9742e-04
7.6827e+05, 2.7679e-04
7.6916e+05, 2.6056e-04
7.7062e+05, 2.8951e-04
7.7135e+05, 3.1929e-04
7.7209e+05, 3.5629e-04
7.7282e+05, 3.9911e-04
7.7355e+05, 4.3880e-04
7.7428e+05, 4.6774e-04
7.7501e+05, 4.7635e-04
7.7628e+05, 4.5684e-04
7.7712e+05, 4.4349e-04
7.7851e+05, 4.5252e-04
7.7920e+05, 4.7693e-04
7.7990e+05, 5.1653e-04
7.8059e+05, 5.7017e-04
7.8129e+05, 6.2969e-04
7.8198e+05, 6.7088e-04
7.8268e+05, 6.7931e-04
7.8439e+05, 6.4242e-04
7.8525e+05, 6.2859e-04
7.8611e+05, 6.1194e-04
7.8679e+05, 5.9218e-04
7.8748e+05, 5.6541e-04
7.8884e+05, 5.0387e-04
7.9158e+05, 3.7779e-04
7.9431e+05, 2.8492e-04
7.9704e+05, 2.2229e-04
8.0270e+05, 1.5115e-04
8.0836e+05, 1.2771e-04
8.1272e+05, 1.4528e-04
8.1491e+05, 1.7788e-04
8.1709e+05, 2.4741e-04
8.1799e+05, 2.9856e-04
8.1890e+05, 3.8082e-04
8.1962e+05, 5.3537e-04
8.1998e+05, 7.6567e-04
8.2016e+05, 1.0571e-03
8.2025e+05, 1.3307e-03
8.2034e+05, 1.7830e-03
8.2043e+05, 2.6560e-03
8.2048e+05, 3.4060e-03
8.2052e+05, 4.5101e-03
8.2071e+05, 1.2289e-02
8.2072e+05, 1.2408e-02
8.2074e+05, 1.2180e-02
8.2076e+05, 1.1573e-02
8.2081e+05, 9.6286e-03
8.2085e+05, 7.4609e-03
8.2089e+05, 5.6477e-03
8.2093e+05, 4.3109e-03
8.2097e+05, 3.3690e-03
8.2105e+05, 2.2332e-03
8.2112e+05, 1.7097e-03
8.2119e+05, 1.3771e-03
8.2133e+05, 1.0025e-03
8.2158e+05, 7.2632e-04
8.2183e+05, 6.0589e-04
8.2233e+05, 5.0907e-04
8.2332e+05, 4.1314e-04
8.2432e+05, 3.4150e-04
8.2532e+05, 2.8004e-04
8.2638e+05, 2.2783e-04
8.2871e+05, 1.5496e-04
8.3104e+05, 1.1758e-04
8.3336e+05, 9.8237e-05
8.3569e+05, 8.9164e-05
8.3685e+05, 8.7472e-05
8.3976e+05, 9.1781e-05
8.4267e+05, 1.1422e-04
8.4384e+05, 1.3489e-04
8.4442e+05, 1.5016e-04
8.4471e+05, 1.6016e-04
8.4485e+05, 1.6531e-04
8.4493e+05, 1.8709e-04
8.4495e+05, 2.1655e-04
8.4496e+05, 2.7001e-04
8.4500e+05, 4.4654e-04
8.4500e+05, 7.2500e-04
8.4800e+05, 7.2354e-04
8.4900e+05, 7.2305e-04
8.5000e+05, 7.2257e-04
8.5050e+05, 7.2233e-04
8.5100e+05, 7.2208e-04
8.5150e+05, 7.2184e-04
8.5200e+05, 7.2160e-04
8.5300e+05, 7.2111e-04
8.5400e+05, 7.2062e-04
8.5500e+05, 7.2014e-04
8.5600e+05, 7.1965e-04
8.5700e+05, 7.1916e-04
8.5900e+05, 7.1819e-04
8.5950e+05, 7.1795e-04
8.6000e+05, 7.1771e-04
8.6100e+05, 7.1722e-04
8.6200e+05, 7.1673e-04
8.6300e+05, 7.1625e-04
8.6400e+05, 7.1576e-04
8.6450e+05, 7.1552e-04
8.6500e+05, 7.1527e-04
8.6600e+05, 7.1479e-04
8.6800e+05, 7.1382e-04
8.7000e+05, 7.1284e-04
8.7200e+05, 7.1187e-04
8.7400e+05, 7.1090e-04
8.7500e+05, 7.1041e-04
8.7529e+05, 7.1027e-04
8.7529e+05, 7.1027e-04
8.7600e+05, 7.0993e-04
8.7700e+05, 7.0944e-04
8.7800e+05, 7.0895e-04
8.8200e+05, 7.0701e-04
8.8500e+05, 7.0555e-04
8.9000e+05, 7.0312e-04
8.9500e+05, 7.0069e-04
9.0000e+05, 6.9826e-04
9.0500e+05, 6.9656e-04
9.0800e+05, 6.9555e-04
9.1000e+05, 6.9487e-04
9.1200e+05, 6.9420e-04
9.1400e+05, 6.9352e-04
9.1500e+05, 6.9318e-04
9.1550e+05, 6.9301e-04
9.1600e+05, 6.9284e-04
9.1650e+05, 6.9267e-04
9.1700e+05, 6.9251e-04
9.1800e+05, 6.9217e-04
9.1900e+05, 6.9183e-04
9.2000e+05, 6.9149e-04
9.2100e+05, 6.9115e-04
9.2200e+05, 6.9081e-04
9.2400e+05, 6.9014e-04
9.2500e+05, 6.8980e-04
9.2600e+05, 6.8946e-04
9.2700e+05, 6.8912e-04
9.2800e+05, 6.8878e-04
9.2900e+05, 6.8845e-04
9.3000e+05, 6.8811e-04
9.3050e+05, 6.8794e-04
9.3100e+05, 6.8777e-04
9.3150e+05, 6.8760e-04
9.3200e+05, 6.8743e-04
9.3300e+05, 6.8709e-04
9.3400e+05, 6.8675e-04
9.3600e+05, 6.8608e-04
9.3700e+05, 6.8574e-04
9.3800e+05, 6.8540e-04
9.3900e+05, 6.8506e-04
9.4000e+05, 6.8473e-04
9.4200e+05, 6.8405e-04
9.4400e+05, 6.8337e-04
9.4600e+05, 6.8270e-04
9.5000e+05, 6.8134e-04
9.5500e+05, 6.7965e-04
9.6400e+05, 6.7661e-04
9.6600e+05, 6.7593e-04
9.6800e+05, 6.7525e-04
9.6900e+05, 6.7492e-04
9.6950e+05, 6.7475e-04
9.7000e+05, 6.7458e-04
9.7060e+05, 6.7437e-04
9.7080e+05, 6.7431e-04
9.7100e+05, 6.7424e-04
9.7120e+05, 6.7417e-04
9.7150e+05, 6.7407e-04
9.7200e+05, 6.7390e-04
9.7250e+05, 6.7373e-04
9.7300e+05, 6.7356e-04
9.7400e+05, 6.7322e-04
9.7600e+05, 6.7255e-04
9.7900e+05, 6.7153e-04
9.8000e+05, 6.7120e-04
9.8100e+05, 6.7086e-04
9.8400e+05, 6.6984e-04
9.8600e+05, 6.6917e-04
9.9000e+05, 6.6781e-04
9.9500e+05, 6.6612e-04
1.0000e+06, 6.6443e-04
1.0050e+06, 6.6351e-04
1.0100e+06, 6.6258e-04
1.0160e+06, 6.6147e-04
1.0180e+06, 6.6110e-04
1.0200e+06, 6.6073e-04
1.0240e+06, 6.5999e-04
1.0250e+06, 6.5981e-04
1.0260e+06, 6.5962e-04
1.0265e+06, 6.5953e-04
1.0280e+06, 6.5925e-04
1.0290e+06, 6.5907e-04
1.0320e+06, 6.5852e-04
1.0340e+06, 6.5815e-04
1.0360e+06, 6.5778e-04
1.0380e+06, 6.5741e-04
1.0390e+06, 6.5722e-04
1.0400e+06, 6.5704e-04
1.0420e+06, 6.5667e-04
1.0430e+06, 6.5648e-04
1.0440e+06, 6.5630e-04
1.0450e+06, 6.5611e-04
1.0480e+06, 6.5556e-04
1.0500e+06, 6.5519e-04
1.0524e+06, 6.5475e-04
1.0524e+06, 6.5475e-04
1.0600e+06, 6.5334e-04
1.0750e+06, 6.5057e-04
1.0800e+06, 6.4964e-04
1.0820e+06, 6.4927e-04
1.0840e+06, 6.4890e-04
1.0860e+06, 6.4854e-04
1.0900e+06, 6.4780e-04
1.0920e+06, 6.4743e-04
1.0940e+06, 6.4706e-04
1.0980e+06, 6.4632e-04
1.1000e+06, 6.4595e-04
1.1020e+06, 6.4558e-04
1.1040e+06, 6.4521e-04
1.1100e+06, 6.4410e-04
1.1150e+06, 6.4318e-04
1.1200e+06, 6.4225e-04
1.1400e+06, 6.3855e-04
1.1450e+06, 6.3763e-04
1.1470e+06, 6.3726e-04
1.1480e+06, 6.3708e-04
1.1485e+06, 6.3698e-04
1.1490e+06, 6.3689e-04
1.1495e+06, 6.3680e-04
1.1500e+06, 6.3671e-04
1.1502e+06, 6.3667e-04
1.1504e+06, 6.3663e-04
1.1506e+06, 6.3660e-04
1.1510e+06, 6.3652e-04
1.1515e+06, 6.3643e-04
1.1520e+06, 6.3634e-04
1.1530e+06, 6.3615e-04
1.1540e+06, 6.3597e-04
1.1620e+06, 6.3449e-04
1.1640e+06, 6.3412e-04
1.1660e+06, 6.3375e-04
1.1680e+06, 6.3338e-04
1.1720e+06, 6.3264e-04
1.1740e+06, 6.3227e-04
1.1760e+06, 6.3190e-04
1.1780e+06, 6.3153e-04
1.1790e+06, 6.3135e-04
1.1800e+06, 6.3116e-04
1.1810e+06, 6.3098e-04
1.1820e+06, 6.3079e-04
1.1840e+06, 6.3042e-04
1.1860e+06, 6.3005e-04
1.1910e+06, 6.2913e-04
1.1920e+06, 6.2894e-04
1.1930e+06, 6.2876e-04
1.1950e+06, 6.2839e-04
1.1960e+06, 6.2820e-04
1.1970e+06, 6.2802e-04
1.1980e+06, 6.2783e-04
1.2000e+06, 6.2747e-04
1.2100e+06, 6.2562e-04
1.2250e+06, 6.2284e-04
1.2300e+06, 6.2192e-04
1.2350e+06, 6.2100e-04
1.2380e+06, 6.2044e-04
1.2400e+06, 6.2007e-04
1.2440e+06, 6.1933e-04
1.2480e+06, 6.1859e-04
1.2500e+06, 6.1822e-04
1.2510e+06, 6.1804e-04
1.2520e+06, 6.1785e-04
1.2530e+06, 6.1767e-04
1.2540e+06, 6.1748e-04
1.2550e+06, 6.1730e-04
1.2560e+06, 6.1712e-04
1.2570e+06, 6.1693e-04
1.2580e+06, 6.1675e-04
1.2590e+06, 6.1656e-04
1.2620e+06, 6.1601e-04
1.2630e+06, 6.1582e-04
1.2640e+06, 6.1564e-04
1.2660e+06, 6.1527e-04
1.2680e+06, 6.1490e-04
1.2700e+06, 6.1453e-04
1.2750e+06, 6.1360e-04
1.2780e+06, 6.1305e-04
1.2800e+06, 6.1268e-04
1.2830e+06, 6.1212e-04
1.2840e+06, 6.1194e-04
1.2850e+06, 6.1175e-04
1.2860e+06, 6.1157e-04
1.2870e+06, 6.1139e-04
1.2880e+06, 6.1120e-04
1.2900e+06, 6.1083e-04
1.2910e+06, 6.1065e-04
1.2920e+06, 6.1046e-04
1.2950e+06, 6.0991e-04
1.3000e+06, 6.0898e-04
1.3100e+06, 6.0713e-04
1.3140e+06, 6.0640e-04
1.3160e+06, 6.0603e-04
1.3200e+06, 6.0529e-04
1.3220e+06, 6.0492e-04
1.3250e+06, 6.0436e-04
1.3300e+06, 6.0344e-04
1.3350e+06, 6.0251e-04
1.3400e+06, 6.0159e-04
1.3410e+06, 6.0140e-04
1.3420e+06, 6.0122e-04
1.3435e+06, 6.0094e-04
1.3440e+06, 6.0085e-04
1.3445e+06, 6.0076e-04
1.3460e+06, 6.0048e-04
1.3470e+06, 6.0030e-04
1.3480e+06, 6.0011e-04
1.3490e+06, 5.9993e-04
1.3500e+06, 5.9974e-04
1.3510e+06, 5.9956e-04
1.3520e+06, 5.9937e-04
1.3530e+06, 5.9919e-04
1.3550e+06, 5.9882e-04
1.3560e+06, 5.9863e-04
1.3570e+06, 5.9845e-04
1.3580e+06, 5.9826e-04
1.3600e+06, 5.9789e-04
1.3620e+06, 5.9752e-04
1.3640e+06, 5.9715e-04
1.3660e+06, 5.9678e-04
1.3680e+06, 5.9641e-04
1.3690e+06, 5.9623e-04
1.3710e+06, 5.9586e-04
1.3740e+06, 5.9531e-04
1.3750e+06, 5.9512e-04
1.3800e+06, 5.9420e-04
1.3810e+06, 5.9401e-04
1.3870e+06, 5.9290e-04
1.3900e+06, 5.9235e-04
1.3950e+06, 5.9142e-04
1.3960e+06, 5.9124e-04
1.3970e+06, 5.9105e-04
1.3980e+06, 5.9087e-04
1.4000e+06, 5.9050e-04
1.4010e+06, 5.9032e-04
1.4030e+06, 5.8995e-04
1.4060e+06, 5.8939e-04
1.4100e+06, 5.8865e-04
1.4140e+06, 5.8791e-04
1.4180e+06, 5.8717e-04
1.4220e+06, 5.8643e-04
1.4240e+06, 5.8606e-04
1.4260e+06, 5.8569e-04
1.4270e+06, 5.8551e-04
1.4300e+06, 5.8496e-04
1.4340e+06, 5.8422e-04
1.4360e+06, 5.8385e-04
1.4380e+06, 5.8348e-04
1.4400e+06, 5.8311e-04
1.4420e+06, 5.8274e-04
1.4440e+06, 5.8237e-04
1.4460e+06, 5.8200e-04
1.4480e+06, 5.8163e-04
1.4500e+06, 5.8126e-04
1.4510e+06, 5.8107e-04
1.4530e+06, 5.8070e-04
1.4540e+06, 5.8052e-04
1.4560e+06, 5.8015e-04
1.4600e+06, 5.7941e-04
1.4700e+06, 5.7756e-04
1.4800e+06, 5.7571e-04
1.5000e+06, 5.7202e-04
1.5100e+06, 5.7081e-04
1.5200e+06, 5.6960e-04
1.5250e+06, 5.6899e-04
1.5280e+06, 5.6863e-04
1.5300e+06, 5.6838e-04
1.5320e+06, 5.6814e-04
1.5380e+06, 5.6742e-04
1.5400e+06, 5.6717e-04
1.5420e+06, 5.6693e-04
1.5440e+06, 5.6669e-04
1.5480e+06, 5.6620e-04
1.5500e+06, 5.6596e-04
1.5520e+06, 5.6572e-04
1.5540e+06, 5.6548e-04
1.5560e+06, 5.6524e-04
1.5585e+06, 5.6493e-04
1.5590e+06, 5.6487e-04
1.5594e+06, 5.6482e-04
1.5598e+06, 5.6478e-04
1.5600e+06, 5.6475e-04
1.5602e+06, 5.6473e-04
1.5606e+06, 5.6468e-04
1.5610e+06, 5.6463e-04
1.5615e+06, 5.6457e-04
1.5620e+06, 5.6451e-04
1.5640e+06, 5.6427e-04
1.5660e+06, 5.6402e-04
1.5750e+06, 5.6293e-04
1.5800e+06, 5.6233e-04
1.5850e+06, 5.6172e-04
1.5910e+06, 5.6100e-04
1.5950e+06, 5.6051e-04
1.5980e+06, 5.6015e-04
1.5990e+06, 5.6003e-04
1.6000e+06, 5.5991e-04
1.6010e+06, 5.5979e-04
1.6020e+06, 5.5966e-04
1.6030e+06, 5.5954e-04
1.6040e+06, 5.5942e-04
1.6050e+06, 5.5930e-04
1.6100e+06, 5.5870e-04
1.6200e+06, 5.5748e-04
1.6240e+06, 5.5700e-04
1.6250e+06, 5.5688e-04
1.6270e+06, 5.5664e-04
1.6280e+06, 5.5652e-04
1.6290e+06, 5.5639e-04
1.6300e+06, 5.5627e-04
1.6310e+06, 5.5615e-04
1.6320e+06, 5.5603e-04
1.6340e+06, 5.5579e-04
1.6360e+06, 5.5555e-04
1.6370e+06, 5.5543e-04
1.6380e+06, 5.5530e-04
1.6400e+06, 5.5506e-04
1.6420e+06, 5.5482e-04
1.6440e+06, 5.5458e-04
1.6480e+06, 5.5409e-04
1.6500e+06, 5.5385e-04
1.6540e+06, 5.5337e-04
1.6580e+06, 5.5288e-04
1.6640e+06, 5.5215e-04
1.6660e+06, 5.5191e-04
1.6700e+06, 5.5143e-04
1.6740e+06, 5.5094e-04
1.6760e+06, 5.5070e-04
1.6780e+06, 5.5046e-04
1.6820e+06, 5.4997e-04
1.7000e+06, 5.4779e-04
1.7080e+06, 5.4683e-04
1.7240e+06, 5.4489e-04
1.7280e+06, 5.4440e-04
1.7300e+06, 5.4416e-04
1.7315e+06, 5.4398e-04
1.7335e+06, 5.4374e-04
1.7340e+06, 5.4368e-04
1.7345e+06, 5.4362e-04
1.7350e+06, 5.4356e-04
1.7355e+06, 5.4350e-04
1.7365e+06, 5.4337e-04
1.7390e+06, 5.4307e-04
1.7430e+06, 5.4259e-04
1.7440e+06, 5.4247e-04
1.7450e+06, 5.4234e-04
1.7480e+06, 5.4198e-04
1.7500e+06, 5.4174e-04
1.7520e+06, 5.4150e-04
1.7540e+06, 5.4125e-04
1.7580e+06, 5.4077e-04
1.7620e+06, 5.4029e-04
1.7760e+06, 5.3859e-04
1.7780e+06, 5.3835e-04
1.7820e+06, 5.3786e-04
1.7840e+06, 5.3762e-04
1.7860e+06, 5.3738e-04
1.8000e+06, 5.3568e-04
1.8280e+06, 5.3229e-04
1.8385e+06, 5.3102e-04
1.8425e+06, 5.3054e-04
1.8460e+06, 5.3011e-04
1.8470e+06, 5.2999e-04
1.8480e+06, 5.2987e-04
1.8490e+06, 5.2975e-04
1.8505e+06, 5.2957e-04
1.8530e+06, 5.2926e-04
1.8545e+06, 5.2908e-04
1.8555e+06, 5.2896e-04
1.8565e+06, 5.2884e-04
1.8575e+06, 5.2872e-04
1.8610e+06, 5.2830e-04
1.8640e+06, 5.2793e-04
1.8660e+06, 5.2769e-04
1.8740e+06, 5.2672e-04
1.8800e+06, 5.2599e-04
1.8860e+06, 5.2527e-04
1.8880e+06, 5.2502e-04
1.8900e+06, 5.2478e-04
1.8920e+06, 5.2454e-04
1.8960e+06, 5.2406e-04
1.8969e+06, 5.2395e-04
1.8969e+06, 5.2395e-04
1.9000e+06, 5.2357e-04
1.9020e+06, 5.2333e-04
1.9040e+06, 5.2309e-04
1.9080e+06, 5.2260e-04
1.9100e+06, 5.2236e-04
1.9140e+06, 5.2188e-04
1.9200e+06, 5.2115e-04
1.9240e+06, 5.2066e-04
1.9300e+06, 5.1994e-04
1.9320e+06, 5.1970e-04
1.9380e+06, 5.1897e-04
1.9460e+06, 5.1800e-04
1.9500e+06, 5.1752e-04
1.9520e+06, 5.1727e-04
1.9540e+06, 5.1703e-04
1.9560e+06, 5.1679e-04
1.9600e+06, 5.1630e-04
1.9620e+06, 5.1606e-04
1.9680e+06, 5.1534e-04
1.9720e+06, 5.1485e-04
1.9740e+06, 5.1461e-04
1.9760e+06, 5.1437e-04
1.9800e+06, 5.1388e-04
1.9820e+06, 5.1364e-04
1.9840e+06, 5.1340e-04
1.9900e+06, 5.1267e-04
1.9920e+06, 5.1243e-04
1.9940e+06, 5.1219e-04
1.9960e+06, 5.1194e-04
1.9980e+06, 5.1170e-04
2.0000e+06, 5.1146e-04
2.0020e+06, 5.1124e-04
2.0040e+06, 5.1102e-04
2.0060e+06, 5.1079e-04
2.0080e+06, 5.1057e-04
2.0100e+06, 5.1035e-04
2.0120e+06, 5.1013e-04
2.0160e+06, 5.0968e-04
2.0240e+06, 5.0880e-04
2.0300e+06, 5.0813e-04
2.0340e+06, 5.0768e-04
2.0360e+06, 5.0746e-04
2.0380e+06, 5.0724e-04
2.0400e+06, 5.0702e-04
2.0420e+06, 5.0680e-04
2.0455e+06, 5.0641e-04
2.0475e+06, 5.0619e-04
2.0485e+06, 5.0607e-04
2.0495e+06, 5.0596e-04
2.0500e+06, 5.0591e-04
2.0545e+06, 5.0541e-04
2.0605e+06, 5.0474e-04
2.0615e+06, 5.0463e-04
2.0625e+06, 5.0452e-04
2.0635e+06, 5.0441e-04
2.0650e+06, 5.0424e-04
2.0685e+06, 5.0385e-04
2.0715e+06, 5.0352e-04
2.0760e+06, 5.0302e-04
2.0840e+06, 5.0213e-04
2.0860e+06, 5.0191e-04
2.0880e+06, 5.0169e-04
2.0920e+06, 5.0124e-04
2.0980e+06, 5.0058e-04
2.1000e+06, 5.0036e-04
2.1040e+06, 4.9991e-04
2.1060e+06, 4.9969e-04
2.1080e+06, 4.9947e-04
2.1120e+06, 4.9902e-04
2.1160e+06, 4.9858e-04
2.1220e+06, 4.9791e-04
2.1280e+06, 4.9725e-04
2.1360e+06, 4.9636e-04
2.1380e+06, 4.9614e-04
2.1400e+06, 4.9591e-04
2.1420e+06, 4.9569e-04
2.1500e+06, 4.9480e-04
2.1600e+06, 4.9369e-04
2.1640e+06, 4.9325e-04
2.1660e+06, 4.9303e-04
2.1680e+06, 4.9280e-04
2.1720e+06, 4.9236e-04
2.1820e+06, 4.9125e-04
2.1840e+06, 4.9103e-04
2.1880e+06, 4.9058e-04
2.1920e+06, 4.9014e-04
2.1940e+06, 4.8992e-04
2.1960e+06, 4.8970e-04
2.1980e+06, 4.8947e-04
2.2000e+06, 4.8925e-04
2.2040e+06, 4.8881e-04
2.2060e+06, 4.8859e-04
2.2080e+06, 4.8836e-04
2.2100e+06, 4.8814e-04
2.2140e+06, 4.8770e-04
2.2160e+06, 4.8747e-04
2.2180e+06, 4.8725e-04
2.2240e+06, 4.8659e-04
2.2280e+06, 4.8614e-04
2.2320e+06, 4.8570e-04
2.2360e+06, 4.8525e-04
2.2400e+06, 4.8481e-04
2.2460e+06, 4.8414e-04
2.2500e+06, 4.8370e-04
2.2540e+06, 4.8326e-04
2.2580e+06, 4.8281e-04
2.2660e+06, 4.8192e-04
2.2760e+06, 4.8081e-04
2.2800e+06, 4.8037e-04
2.2880e+06, 4.7948e-04
2.2938e+06, 4.7884e-04
2.2938e+06, 4.7884e-04
2.3000e+06, 4.7815e-04
2.3100e+06, 4.7704e-04
2.3120e+06, 4.7681e-04
2.3160e+06, 4.7637e-04
2.3220e+06, 4.7570e-04
2.3260e+06, 4.7526e-04
2.3280e+06, 4.7504e-04
2.3300e+06, 4.7482e-04
2.3320e+06, 4.7459e-04
2.3360e+06, 4.7415e-04
2.3380e+06, 4.7393e-04
2.3400e+06, 4.7371e-04
2.3440e+06, 4.7326e-04
2.3460e+06, 4.7304e-04
2.3480e+06, 4.7282e-04
2.3500e+06, 4.7260e-04
2.3520e+06, 4.7237e-04
2.3540e+06, 4.7215e-04
2.3560e+06, 4.7193e-04
2.3580e+06, 4.7171e-04
2.3620e+06, 4.7126e-04
2.3640e+06, 4.7104e-04
2.3660e+06, 4.7082e-04
2.3740e+06, 4.6993e-04
2.3800e+06, 4.6926e-04
2.3840e+06, 4.6882e-04
2.3880e+06, 4.6838e-04
2.3920e+06, 4.6793e-04
2.3980e+06, 4.6727e-04
2.4000e+06, 4.6704e-04
2.4020e+06, 4.6682e-04
2.4060e+06, 4.6638e-04
2.4120e+06, 4.6571e-04
2.4160e+06, 4.6527e-04
2.4180e+06, 4.6504e-04
2.4200e+06, 4.6482e-04
2.4220e+06, 4.6460e-04
2.4240e+06, 4.6438e-04
2.4260e+06, 4.6416e-04
2.4320e+06, 4.6349e-04
2.4340e+06, 4.6327e-04
2.4460e+06, 4.6194e-04
2.4500e+06, 4.6149e-04
2.4540e+06, 4.6105e-04
2.4580e+06, 4.6060e-04
2.4640e+06, 4.5994e-04
2.4680e+06, 4.5949e-04
2.4820e+06, 4.5794e-04
2.4900e+06, 4.5705e-04
2.5000e+06, 4.5594e-04
2.5020e+06, 4.5578e-04
2.5060e+06, 4.5545e-04
2.5100e+06, 4.5513e-04
2.5160e+06, 4.5464e-04
2.5200e+06, 4.5432e-04
2.5260e+06, 4.5383e-04
2.5300e+06, 4.5351e-04
2.5340e+06, 4.5318e-04
2.5360e+06, 4.5302e-04
2.5400e+06, 4.5270e-04
2.5460e+06, 4.5221e-04
2.5480e+06, 4.5205e-04
2.5500e+06, 4.5188e-04
2.5520e+06, 4.5172e-04
2.5540e+06, 4.5156e-04
2.5560e+06, 4.5140e-04
2.5620e+06, 4.5091e-04
2.5640e+06, 4.5075e-04
2.5660e+06, 4.5059e-04
2.5700e+06, 4.5026e-04
2.5900e+06, 4.4864e-04
2.6000e+06, 4.4783e-04
2.6050e+06, 4.4743e-04
2.6100e+06, 4.4702e-04
2.6150e+06, 4.4661e-04
2.6200e+06, 4.4621e-04
2.6300e+06, 4.4540e-04
2.6350e+06, 4.4499e-04
2.6400e+06, 4.4459e-04
2.6450e+06, 4.4418e-04
2.6500e+06, 4.4378e-04
2.6550e+06, 4.4337e-04
2.6600e+06, 4.4297e-04
2.6650e+06, 4.4256e-04
2.6700e+06, 4.4216e-04
2.6750e+06, 4.4175e-04
2.6800e+06, 4.4134e-04
2.6850e+06, 4.4094e-04
2.6950e+06, 4.4013e-04
2.7000e+06, 4.3972e-04
2.7050e+06, 4.3932e-04
2.7150e+06, 4.3851e-04
2.7250e+06, 4.3770e-04
2.7350e+06, 4.3689e-04
2.7400e+06, 4.3648e-04
2.7450e+06, 4.3607e-04
2.7500e+06, 4.3567e-04
2.7550e+06, 4.3526e-04
2.7650e+06, 4.3445e-04
2.7700e+06, 4.3405e-04
2.7800e+06, 4.3324e-04
2.7850e+06, 4.3283e-04
2.7900e+06, 4.3243e-04
2.7950e+06, 4.3202e-04
2.8000e+06, 4.3162e-04
2.8050e+06, 4.3121e-04
2.8100e+06, 4.3080e-04
2.8250e+06, 4.2959e-04
2.8370e+06, 4.2861e-04
2.8450e+06, 4.2797e-04
2.8500e+06, 4.2756e-04
2.8550e+06, 4.2716e-04
2.8600e+06, 4.2675e-04
2.8650e+06, 4.2635e-04
2.8700e+06, 4.2594e-04
2.8750e+06, 4.2553e-04
2.8800e+06, 4.2513e-04
2.8850e+06, 4.2472e-04
2.8900e+06, 4.2432e-04
2.8950e+06, 4.2391e-04
2.9000e+06, 4.2351e-04
2.9050e+06, 4.2310e-04
2.9100e+06, 4.2270e-04
2.9150e+06, 4.2229e-04
2.9184e+06, 4.2202e-04
2.9184e+06, 4.2202e-04
2.9200e+06, 4.2189e-04
2.9250e+06, 4.2148e-04
2.9300e+06, 4.2108e-04
2.9350e+06, 4.2067e-04
2.9400e+06, 4.2026e-04
2.9450e+06, 4.1986e-04
2.9500e+06, 4.1945e-04
2.9550e+06, 4.1905e-04
2.9650e+06, 4.1824e-04
2.9700e+06, 4.1783e-04
2.9800e+06, 4.1702e-04
2.9850e+06, 4.1662e-04
2.9950e+06, 4.1581e-04
3.0000e+06, 4.1540e-04
3.0050e+06, 4.1517e-04
3.0100e+06, 4.1495e-04
3.0150e+06, 4.1472e-04
3.0200e+06, 4.1449e-04
3.0250e+06, 4.1427e-04
3.0300e+06, 4.1404e-04
3.0450e+06, 4.1336e-04
3.0500e+06, 4.1314e-04
3.0550e+06, 4.1291e-04
3.0600e+06, 4.1268e-04
3.0700e+06, 4.1223e-04
3.0850e+06, 4.1155e-04
3.0925e+06, 4.1121e-04
3.0925e+06, 4.1121e-04
3.0950e+06, 4.1110e-04
3.1000e+06, 4.1087e-04
3.1050e+06, 4.1065e-04
3.1100e+06, 4.1042e-04
3.1163e+06, 4.1014e-04
3.1163e+06, 4.1014e-04
3.1200e+06, 4.0997e-04
3.1250e+06, 4.0974e-04
3.1300e+06, 4.0952e-04
3.1350e+06, 4.0929e-04
3.1400e+06, 4.0906e-04
3.1450e+06, 4.0884e-04
3.1500e+06, 4.0861e-04
3.1550e+06, 4.0839e-04
3.1600e+06, 4.0816e-04
3.1650e+06, 4.0793e-04
3.1700e+06, 4.0771e-04
3.1750e+06, 4.0748e-04
3.1850e+06, 4.0703e-04
3.1900e+06, 4.0680e-04
3.2000e+06, 4.0635e-04
3.2050e+06, 4.0612e-04
3.2100e+06, 4.0590e-04
3.2150e+06, 4.0567e-04
3.2250e+06, 4.0522e-04
3.2300e+06, 4.0499e-04
3.2350e+06, 4.0477e-04
3.2450e+06, 4.0431e-04
3.2474e+06, 4.0421e-04
3.2474e+06, 4.0421e-04
3.2500e+06, 4.0409e-04
3.2600e+06, 4.0363e-04
3.2650e+06, 4.0341e-04
3.2700e+06, 4.0318e-04
3.2750e+06, 4.0296e-04
3.2800e+06, 4.0273e-04
3.2850e+06, 4.0250e-04
3.2900e+06, 4.0228e-04
3.3000e+06, 4.0182e-04
3.3050e+06, 4.0160e-04
3.3100e+06, 4.0137e-04
3.3200e+06, 4.0092e-04
3.3300e+06, 4.0047e-04
3.3500e+06, 3.9956e-04
3.3550e+06, 3.9934e-04
3.3600e+06, 3.9911e-04
3.3650e+06, 3.9888e-04
3.3700e+06, 3.9866e-04
3.3800e+06, 3.9820e-04
3.3850e+06, 3.9798e-04
3.3900e+06, 3.9775e-04
3.3950e+06, 3.9752e-04
3.4000e+06, 3.9730e-04
3.4100e+06, 3.9685e-04
3.4200e+06, 3.9639e-04
3.4250e+06, 3.9617e-04
3.4350e+06, 3.9571e-04
3.4500e+06, 3.9504e-04
3.4600e+06, 3.9458e-04
3.4650e+06, 3.9436e-04
3.4700e+06, 3.9413e-04
3.4850e+06, 3.9345e-04
3.4900e+06, 3.9323e-04
3.4950e+06, 3.9300e-04
3.5000e+06, 3.9277e-04
3.5100e+06, 3.9264e-04
3.5200e+06, 3.9251e-04
3.5250e+06, 3.9245e-04
3.5300e+06, 3.9238e-04
3.5350e+06, 3.9232e-04
3.5550e+06, 3.9205e-04
3.5600e+06, 3.9199e-04
3.5750e+06, 3.9179e-04
3.5800e+06, 3.9173e-04
3.5900e+06, 3.9160e-04
3.6000e+06, 3.9146e-04
3.6100e+06, 3.9133e-04
3.6200e+06, 3.9120e-04
3.6250e+06, 3.9114e-04
3.6300e+06, 3.9107e-04
3.6400e+06, 3.9094e-04
3.6450e+06, 3.9088e-04
3.6500e+06, 3.9081e-04
3.6584e+06, 3.9070e-04
3.6584e+06, 3.9070e-04
3.6600e+06, 3.9068e-04
3.6700e+06, 3.9055e-04
3.6750e+06, 3.9048e-04
3.6800e+06, 3.9042e-04
3.6850e+06, 3.9035e-04
3.6950e+06, 3.9022e-04
3.7000e+06, 3.9016e-04
3.7050e+06, 3.9009e-04
3.7100e+06, 3.9003e-04
3.7150e+06, 3.8996e-04
3.7200e+06, 3.8989e-04
3.7250e+06, 3.8983e-04
3.7350e+06, 3.8970e-04
3.7373e+06, 3.8967e-04
3.7373e+06, 3.8967e-04
3.7400e+06, 3.8963e-04
3.7500e+06, 3.8950e-04
3.7650e+06, 3.8931e-04
3.7800e+06, 3.8911e-04
3.7950e+06, 3.8891e-04
3.8000e+06, 3.8885e-04
3.8100e+06, 3.8872e-04
3.8177e+06, 3.8862e-04
3.8177e+06, 3.8862e-04
3.8250e+06, 3.8852e-04
3.8317e+06, 3.8843e-04
3.8317e+06, 3.8843e-04
3.8350e+06, 3.8839e-04
3.8450e+06, 3.8826e-04
3.8500e+06, 3.8819e-04
3.8600e+06, 3.8806e-04
3.8750e+06, 3.8787e-04
3.8800e+06, 3.8780e-04
3.8900e+06, 3.8767e-04
3.8950e+06, 3.8760e-04
3.9000e+06, 3.8754e-04
3.9094e+06, 3.8742e-04
3.9094e+06, 3.8742e-04
3.9100e+06, 3.8741e-04
3.9150e+06, 3.8734e-04
3.9300e+06, 3.8715e-04
3.9450e+06, 3.8695e-04
3.9500e+06, 3.8688e-04
3.9700e+06, 3.8662e-04
3.9800e+06, 3.8649e-04
3.9900e+06, 3.8636e-04
3.9950e+06, 3.8630e-04
4.0000e+06, 3.8623e-04
4.0200e+06, 3.8637e-04
4.0300e+06, 3.8644e-04
4.0500e+06, 3.8659e-04
4.0650e+06, 3.8669e-04
4.0750e+06, 3.8677e-04
4.0900e+06, 3.8687e-04
4.1000e+06, 3.8695e-04
4.1047e+06, 3.8698e-04
4.1047e+06, 3.8698e-04
4.1100e+06, 3.8702e-04
4.1200e+06, 3.8709e-04
4.1250e+06, 3.8712e-04
4.1300e+06, 3.8716e-04
4.1400e+06, 3.8723e-04
4.1450e+06, 3.8727e-04
4.1500e+06, 3.8730e-04
4.1550e+06, 3.8734e-04
4.1700e+06, 3.8745e-04
4.1750e+06, 3.8748e-04
4.1850e+06, 3.8755e-04
4.2000e+06, 3.8766e-04
4.2059e+06, 3.8770e-04
4.2059e+06, 3.8770e-04
4.2150e+06, 3.8777e-04
4.2400e+06, 3.8795e-04
4.2450e+06, 3.8798e-04
4.2500e+06, 3.8802e-04
4.2600e+06, 3.8809e-04
4.2750e+06, 3.8820e-04
4.2900e+06, 3.8830e-04
4.2950e+06, 3.8834e-04
4.3000e+06, 3.8838e-04
4.3200e+06, 3.8852e-04
4.3300e+06, 3.8859e-04
4.3450e+06, 3.8870e-04
4.3500e+06, 3.8873e-04
4.3750e+06, 3.8891e-04
4.3800e+06, 3.8895e-04
4.3900e+06, 3.8902e-04
4.4000e+06, 3.8909e-04
4.4200e+06, 3.8923e-04
4.4300e+06, 3.8931e-04
4.4400e+06, 3.8938e-04
4.4500e+06, 3.8945e-04
4.4650e+06, 3.8956e-04
4.4700e+06, 3.8959e-04
4.4750e+06, 3.8963e-04
4.4950e+06, 3.8977e-04
4.5000e+06, 3.8981e-04
4.5050e+06, 3.8986e-04
4.5200e+06, 3.9003e-04
4.5300e+06, 3.9015e-04
4.5450e+06, 3.9032e-04
4.5500e+06, 3.9037e-04
4.5600e+06, 3.9049e-04
4.5700e+06, 3.9060e-04
4.5751e+06, 3.9066e-04
4.5751e+06, 3.9066e-04
4.6000e+06, 3.9094e-04
4.6050e+06, 3.9100e-04
4.6200e+06, 3.9117e-04
4.6350e+06, 3.9133e-04
4.6389e+06, 3.9138e-04
4.6389e+06, 3.9138e-04
4.6421e+06, 3.9142e-04
4.6421e+06, 3.9142e-04
4.6442e+06, 3.9144e-04
4.6442e+06, 3.9144e-04
4.6450e+06, 3.9145e-04
4.6500e+06, 3.9150e-04
4.6600e+06, 3.9162e-04
4.6789e+06, 3.9183e-04
4.6789e+06, 3.9183e-04
4.6800e+06, 3.9184e-04
4.7000e+06, 3.9207e-04
4.7300e+06, 3.9241e-04
4.7400e+06, 3.9252e-04
4.7500e+06, 3.9264e-04
4.7512e+06, 3.9265e-04
4.7512e+06, 3.9265e-04
4.7600e+06, 3.9275e-04
4.7700e+06, 3.9286e-04
4.7800e+06, 3.9298e-04
4.7900e+06, 3.9309e-04
4.8000e+06, 3.9320e-04
4.8164e+06, 3.9339e-04
4.8164e+06, 3.9339e-04
4.8200e+06, 3.9343e-04
4.8300e+06, 3.9354e-04
4.8400e+06, 3.9365e-04
4.8500e+06, 3.9377e-04
4.8700e+06, 3.9399e-04
4.8800e+06, 3.9411e-04
4.9000e+06, 3.9433e-04
4.9100e+06, 3.9445e-04
4.9400e+06, 3.9479e-04
4.9500e+06, 3.9490e-04
4.9600e+06, 3.9501e-04
4.9700e+06, 3.9513e-04
4.9800e+06, 3.9524e-04
4.9900e+06, 3.9535e-04
4.9916e+06, 3.9537e-04
5.0000e+06, 3.9547e-04
5.0100e+06, 3.9555e-04
5.0300e+06, 3.9572e-04
5.0500e+06, 3.9589e-04
5.0700e+06, 3.9607e-04
5.0900e+06, 3.9624e-04
5.1000e+06, 3.9632e-04
5.1225e+06, 3.9652e-04
5.1225e+06, 3.9652e-04
5.1300e+06, 3.9658e-04
5.1500e+06, 3.9675e-04
5.1625e+06, 3.9686e-04
5.1625e+06, 3.9686e-04
5.1800e+06, 3.9701e-04
5.2000e+06, 3.9718e-04
5.2033e+06, 3.9721e-04
5.2100e+06, 3.9727e-04
5.2200e+06, 3.9735e-04
5.2300e+06, 3.9744e-04
5.2400e+06, 3.9752e-04
5.2500e+06, 3.9761e-04
5.2600e+06, 3.9769e-04
5.2700e+06, 3.9778e-04
5.2900e+06, 3.9795e-04
5.3000e+06, 3.9804e-04
5.3200e+06, 3.9821e-04
5.3300e+06, 3.9830e-04
5.3491e+06, 3.9846e-04
5.3491e+06, 3.9846e-04
5.3500e+06, 3.9847e-04
5.3700e+06, 3.9864e-04
5.3900e+06, 3.9881e-04
5.4000e+06, 3.9890e-04
5.4200e+06, 3.9907e-04
5.4300e+06, 3.9915e-04
5.4400e+06, 3.9924e-04
5.4444e+06, 3.9928e-04
5.4519e+06, 3.9934e-04
5.4700e+06, 3.9950e-04
5.4900e+06, 3.9967e-04
5.5000e+06, 3.9975e-04
5.5021e+06, 3.9977e-04
5.5021e+06, 3.9977e-04
5.5100e+06, 3.9984e-04
5.5181e+06, 3.9991e-04
5.5500e+06, 4.0018e-04
5.5600e+06, 4.0027e-04
5.5700e+06, 4.0035e-04
5.5800e+06, 4.0044e-04
5.5892e+06, 4.0052e-04
5.5892e+06, 4.0052e-04
5.6000e+06, 4.0061e-04
5.6100e+06, 4.0070e-04
5.6225e+06, 4.0080e-04
5.6225e+06, 4.0080e-04
5.6359e+06, 4.0092e-04
5.6417e+06, 4.0097e-04
5.6417e+06, 4.0097e-04
5.6600e+06, 4.0112e-04
5.6900e+06, 4.0138e-04
5.7000e+06, 4.0147e-04
5.7054e+06, 4.0151e-04
5.7054e+06, 4.0151e-04
5.7400e+06, 4.0181e-04
5.7500e+06, 4.0190e-04
5.7582e+06, 4.0197e-04
5.7582e+06, 4.0197e-04
5.7600e+06, 4.0198e-04
5.7800e+06, 4.0215e-04
5.7979e+06, 4.0231e-04
5.7979e+06, 4.0231e-04
5.8000e+06, 4.0233e-04
5.8100e+06, 4.0241e-04
5.8243e+06, 4.0253e-04
5.8243e+06, 4.0253e-04
5.8300e+06, 4.0258e-04
5.8400e+06, 4.0267e-04
5.8500e+06, 4.0275e-04
5.8547e+06, 4.0279e-04
5.8547e+06, 4.0279e-04
5.8600e+06, 4.0284e-04
5.8789e+06, 4.0300e-04
5.8900e+06, 4.0310e-04
5.9000e+06, 4.0318e-04
5.9056e+06, 4.0323e-04
5.9056e+06, 4.0323e-04
5.9200e+06, 4.0335e-04
5.9261e+06, 4.0341e-04
5.9500e+06, 4.0361e-04
5.9663e+06, 4.0375e-04
5.9663e+06, 4.0375e-04
5.9700e+06, 4.0378e-04
6.0000e+06, 4.0404e-04
6.0300e+06, 4.0410e-04
6.0446e+06, 4.0413e-04
6.0500e+06, 4.0414e-04
6.0600e+06, 4.0417e-04
6.1000e+06, 4.0425e-04
6.1100e+06, 4.0427e-04
6.1300e+06, 4.0431e-04
6.1400e+06, 4.0433e-04
6.1500e+06, 4.0435e-04
6.1700e+06, 4.0440e-04
6.1800e+06, 4.0442e-04
6.1824e+06, 4.0442e-04
6.1824e+06, 4.0442e-04
6.2000e+06, 4.0446e-04
6.2018e+06, 4.0446e-04
6.2018e+06, 4.0446e-04
6.2300e+06, 4.0452e-04
6.2500e+06, 4.0456e-04
6.2596e+06, 4.0458e-04
6.2600e+06, 4.0458e-04
6.2736e+06, 4.0461e-04
6.2736e+06, 4.0461e-04
6.2900e+06, 4.0465e-04
6.3000e+06, 4.0467e-04
6.3073e+06, 4.0468e-04
6.3073e+06, 4.0468e-04
6.3365e+06, 4.0474e-04
6.3440e+06, 4.0476e-04
6.3700e+06, 4.0482e-04
6.3895e+06, 4.0486e-04
6.3895e+06, 4.0486e-04
6.4000e+06, 4.0488e-04
6.4200e+06, 4.0492e-04
6.4500e+06, 4.0498e-04
6.4595e+06, 4.0500e-04
6.4595e+06, 4.0500e-04
6.4700e+06, 4.0502e-04
6.4800e+06, 4.0505e-04
6.5000e+06, 4.0509e-04
6.5200e+06, 4.0513e-04
6.5220e+06, 4.0513e-04
6.5400e+06, 4.0517e-04
6.5700e+06, 4.0523e-04
6.5844e+06, 4.0526e-04
6.6000e+06, 4.0530e-04
6.6100e+06, 4.0532e-04
6.6199e+06, 4.0534e-04
6.6500e+06, 4.0540e-04
6.6600e+06, 4.0542e-04
6.6800e+06, 4.0546e-04
6.7000e+06, 4.0551e-04
6.7056e+06, 4.0552e-04
6.7194e+06, 4.0555e-04
6.7200e+06, 4.0555e-04
6.7453e+06, 4.0560e-04
6.7500e+06, 4.0561e-04
6.7552e+06, 4.0562e-04
6.7772e+06, 4.0567e-04
6.7772e+06, 4.0567e-04
6.7884e+06, 4.0569e-04
6.7884e+06, 4.0569e-04
6.7900e+06, 4.0570e-04
6.8000e+06, 4.0572e-04
6.8300e+06, 4.0578e-04
6.8500e+06, 4.0582e-04
6.8516e+06, 4.0582e-04
6.8522e+06, 4.0583e-04
6.8900e+06, 4.0590e-04
6.9000e+06, 4.0593e-04
6.9002e+06, 4.0593e-04
6.9002e+06, 4.0593e-04
6.9047e+06, 4.0594e-04
6.9100e+06, 4.0595e-04
6.9400e+06, 4.0601e-04
6.9600e+06, 4.0605e-04
6.9640e+06, 4.0606e-04
6.9640e+06, 4.0606e-04
6.9706e+06, 4.0607e-04
6.9706e+06, 4.0607e-04
6.9900e+06, 4.0611e-04
7.0000e+06, 4.0614e-04
7.0115e+06, 4.0615e-04
7.0115e+06, 4.0615e-04
7.0179e+06, 4.0616e-04
7.0179e+06, 4.0616e-04
7.0287e+06, 4.0618e-04
7.0300e+06, 4.0618e-04
7.0400e+06, 4.0620e-04
7.0405e+06, 4.0620e-04
7.0405e+06, 4.0620e-04
7.0667e+06, 4.0624e-04
7.0667e+06, 4.0624e-04
7.0689e+06, 4.0625e-04
7.0689e+06, 4.0625e-04
7.0700e+06, 4.0625e-04
7.0750e+06, 4.0626e-04
7.0750e+06, 4.0626e-04
7.0758e+06, 4.0626e-04
7.0900e+06, 4.0628e-04
7.1000e+06, 4.0630e-04
7.1129e+06, 4.0632e-04
7.1129e+06, 4.0632e-04
7.1400e+06, 4.0636e-04
7.2000e+06, 4.0646e-04
7.2500e+06, 4.0654e-04
7.2600e+06, 4.0656e-04
7.2623e+06, 4.0656e-04
7.2623e+06, 4.0656e-04
7.2623e+06, 4.0656e-04
7.2623e+06, 4.0656e-04
7.3000e+06, 4.0663e-04
7.3200e+06, 4.0666e-04
7.3900e+06, 4.0677e-04
7.4000e+06, 4.0679e-04
7.4600e+06, 4.0689e-04
7.5000e+06, 4.0695e-04
7.6000e+06, 4.0712e-04
7.6600e+06, 4.0721e-04
7.7000e+06, 4.0728e-04
7.7500e+06, 4.0736e-04
7.7600e+06, 4.0738e-04
7.8000e+06, 4.0744e-04
7.8600e+06, 4.0754e-04
7.8800e+06, 4.0757e-04
7.9000e+06, 4.0761e-04
7.9200e+06, 4.0764e-04
7.9400e+06, 4.0767e-04
7.9800e+06, 4.0774e-04
8.0000e+06, 4.0777e-04
8.0800e+06, 4.0786e-04
8.1200e+06, 4.0790e-04
8.1499e+06, 4.0793e-04
8.1800e+06, 4.0796e-04
8.2000e+06, 4.0799e-04
8.2500e+06, 4.0804e-04
8.3000e+06, 4.0809e-04
8.4000e+06, 4.0820e-04
8.5000e+06, 4.0831e-04
8.5814e+06, 4.0840e-04
8.5814e+06, 4.0840e-04
8.6000e+06, 4.0842e-04
8.7000e+06, 4.0853e-04
8.8000e+06, 4.0864e-04
8.9500e+06, 4.0880e-04
9.0000e+06, 4.0885e-04
9.2000e+06, 4.1364e-04
9.3000e+06, 4.1603e-04
9.3218e+06, 4.1656e-04
9.3218e+06, 4.1656e-04
9.4000e+06, 4.1843e-04
9.5000e+06, 4.2082e-04
9.6000e+06, 4.2322e-04
9.7000e+06, 4.2561e-04
9.8000e+06, 4.2800e-04
9.9961e+06, 4.3270e-04
1.0000e+07, 4.3279e-04
1.0200e+07, 4.4224e-04
1.0250e+07, 4.4460e-04
1.0350e+07, 4.4933e-04
1.0361e+07, 4.4987e-04
1.0361e+07, 4.4987e-04
1.0400e+07, 4.5169e-04
1.0467e+07, 4.5486e-04
1.0500e+07, 4.5642e-04
1.0550e+07, 4.5878e-04
1.0600e+07, 4.6114e-04
1.0753e+07, 4.6840e-04
1.0753e+07, 4.6840e-04
1.0767e+07, 4.6906e-04
1.0767e+07, 4.6906e-04
1.0786e+07, 4.6993e-04
1.0786e+07, 4.6994e-04
1.0800e+07, 4.7059e-04
1.0900e+07, 4.7532e-04
1.1000e+07, 4.8005e-04
1.1150e+07, 4.8736e-04
1.1200e+07, 4.8980e-04
1.1250e+07, 4.9224e-04
1.1289e+07, 4.9412e-04
1.1290e+07, 4.9418e-04
1.1290e+07, 4.9418e-04
1.1350e+07, 4.9711e-04
1.1357e+07, 4.9746e-04
1.1357e+07, 4.9746e-04
1.1400e+07, 4.9955e-04
1.1432e+07, 5.0110e-04
1.1432e+07, 5.0110e-04
1.1500e+07, 5.0443e-04
1.1600e+07, 5.0930e-04
1.1762e+07, 5.1721e-04
1.1762e+07, 5.1721e-04
1.1800e+07, 5.1906e-04
1.1897e+07, 5.2377e-04
1.1897e+07, 5.2378e-04
1.1952e+07, 5.2648e-04
1.2000e+07, 5.2881e-04
1.2176e+07, 5.3749e-04
1.2200e+07, 5.3865e-04
1.2203e+07, 5.3879e-04
1.2301e+07, 5.4362e-04
1.2301e+07, 5.4362e-04
1.2400e+07, 5.4850e-04
1.2500e+07, 5.5342e-04
1.2600e+07, 5.5834e-04
1.2628e+07, 5.5971e-04
1.2628e+07, 5.5971e-04
1.2763e+07, 5.6639e-04
1.2764e+07, 5.6639e-04
1.2800e+07, 5.6818e-04
1.2962e+07, 5.7615e-04
1.2962e+07, 5.7615e-04
1.3000e+07, 5.7802e-04
1.3142e+07, 5.8508e-04
1.3200e+07, 5.8796e-04
1.3270e+07, 5.9142e-04
1.3328e+07, 5.9431e-04
1.3328e+07, 5.9431e-04
1.3400e+07, 5.9789e-04
1.3408e+07, 5.9831e-04
1.3500e+07, 6.0286e-04
1.3545e+07, 6.0509e-04
1.3546e+07, 6.0516e-04
1.3546e+07, 6.0516e-04
1.3600e+07, 6.0782e-04
1.3750e+07, 6.1527e-04
1.3783e+07, 6.1693e-04
1.3800e+07, 6.1776e-04
1.3949e+07, 6.2518e-04
1.3949e+07, 6.2518e-04
1.4000e+07, 6.2769e-04
1.4130e+07, 6.3225e-04
1.4130e+07, 6.3225e-04
1.4195e+07, 6.3455e-04
1.4195e+07, 6.3455e-04
1.4196e+07, 6.3456e-04
1.4196e+07, 6.3456e-04
1.4200e+07, 6.3472e-04
1.4250e+07, 6.3647e-04
1.4400e+07, 6.4174e-04
1.4480e+07, 6.4456e-04
1.4480e+07, 6.4456e-04
1.4500e+07, 6.4526e-04
1.4600e+07, 6.4877e-04
1.4750e+07, 6.5404e-04
1.4800e+07, 6.5579e-04
1.4822e+07, 6.5658e-04
1.4822e+07, 6.5658e-04
1.4831e+07, 6.5689e-04
1.4831e+07, 6.5689e-04
1.5000e+07, 6.6282e-04
1.5200e+07, 6.6589e-04
1.5250e+07, 6.6666e-04
1.5344e+07, 6.6810e-04
1.5344e+07, 6.6810e-04
1.5400e+07, 6.6896e-04
1.5500e+07, 6.7050e-04
1.5600e+07, 6.7203e-04
1.5800e+07, 6.7510e-04
1.6000e+07, 6.7817e-04
1.6200e+07, 6.7978e-04
1.6400e+07, 6.8140e-04
1.6500e+07, 6.8221e-04
1.6800e+07, 6.8463e-04
1.7000e+07, 6.8624e-04
1.7200e+07, 6.8197e-04
1.7282e+07, 6.8021e-04
1.7282e+07, 6.8021e-04
1.7400e+07, 6.7769e-04
1.7428e+07, 6.7709e-04
1.7428e+07, 6.7709e-04
1.7500e+07, 6.7555e-04
1.7600e+07, 6.7342e-04
1.7781e+07, 6.6955e-04
1.7800e+07, 6.6914e-04
1.8000e+07, 6.6487e-04
1.8200e+07, 6.5197e-04
1.8400e+07, 6.3907e-04
1.8500e+07, 6.3262e-04
1.8600e+07, 6.2618e-04
1.8800e+07, 6.1328e-04
1.8894e+07, 6.0719e-04
1.9000e+07, 6.0038e-04
1.9200e+07, 5.8749e-04
1.9400e+07, 5.7459e-04
1.9500e+07, 5.6814e-04
1.9590e+07, 5.6235e-04
1.9600e+07, 5.6169e-04
2.0000e+07, 5.3590e-04
2.0000e+07, 0.0000e+00
2.0945e+07, 0.0000e+00
2.1000e+07, 0.0000e+00
2.1328e+07, 0.0000e+00
2.1539e+07, 0.0000e+00
2.2000e+07, 0.0000e+00
2.2908e+07, 0.0000e+00
2.3000e+07, 0.0000e+00
2.3350e+07, 0.0000e+00
2.4000e+07, 0.0000e+00
2.5000e+07, 0.0000e+00
2.5337e+07, 0.0000e+00
2.5492e+07, 0.0000e+00
2.5516e+07, 0.0000e+00
2.6000e+07, 0.0000e+00
2.7000e+07, 0.0000e+00
2.7314e+07, 0.0000e+00
2.8000e+07, 0.0000e+00
2.8553e+07, 0.0000e+00
2.9000e+07, 0.0000e+00
2.9168e+07, 0.0000e+00
3.0000e+07, 0.0000e+00
3.0041e+07, 0.0000e+00
3.1000e+07, 0.0000e+00
3.2000e+07, 0.0000e+00
3.2044e+07, 0.0000e+00
3.2150e+07, 0.0000e+00
3.3000e+07, 0.0000e+00
3.3122e+07, 0.0000e+00
3.3399e+07, 0.0000e+00
3.3466e+07, 0.0000e+00
3.3773e+07, 0.0000e+00
3.4000e+07, 0.0000e+00
3.4818e+07, 0.0000e+00
3.4830e+07, 0.0000e+00
3.5000e+07, 0.0000e+00
3.5764e+07, 0.0000e+00
3.6000e+07, 0.0000e+00
3.6044e+07, 0.0000e+00
3.6730e+07, 0.0000e+00
3.6895e+07, 0.0000e+00
3.7000e+07, 0.0000e+00
3.8000e+07, 0.0000e+00
3.9000e+07, 0.0000e+00
4.0000e+07, 0.0000e+00
4.0896e+07, 0.0000e+00
4.1000e+07, 0.0000e+00
4.1642e+07, 0.0000e+00
4.2000e+07, 0.0000e+00
4.2902e+07, 0.0000e+00
4.3000e+07, 0.0000e+00
4.3852e+07, 0.0000e+00
4.4000e+07, 0.0000e+00
4.4671e+07, 0.0000e+00
4.5000e+07, 0.0000e+00
4.6000e+07, 0.0000e+00
4.6054e+07, 0.0000e+00
4.6235e+07, 0.0000e+00
4.6810e+07, 0.0000e+00
4.7000e+07, 0.0000e+00
4.7678e+07, 0.0000e+00
4.8000e+07, 0.0000e+00
4.8019e+07, 0.0000e+00
4.8538e+07, 0.0000e+00
4.8777e+07, 0.0000e+00
4.9000e+07, 0.0000e+00
4.9683e+07, 0.0000e+00
4.9715e+07, 0.0000e+00
5.0000e+07, 0.0000e+00
5.1000e+07, 0.0000e+00
5.2000e+07, 0.0000e+00
5.2570e+07, 0.0000e+00
5.3000e+07, 0.0000e+00
5.4000e+07, 0.0000e+00
5.5000e+07, 0.0000e+00
5.5384e+07, 0.0000e+00
5.6000e+07, 0.0000e+00
5.7000e+07, 0.0000e+00
5.7529e+07, 0.0000e+00
5.8000e+07, 0.0000e+00
5.8129e+07, 0.0000e+00
5.9000e+07, 0.0000e+00
5.9070e+07, 0.0000e+00
6.0000e+07, 0.0000e+00
6.0317e+07, 0.0000e+00
6.1000e+07, 0.0000e+00
6.2000e+07, 0.0000e+00
6.3000e+07, 0.0000e+00
6.3432e+07, 0.0000e+00
6.4000e+07, 0.0000e+00
6.5000e+07, 0.0000e+00
6.6000e+07, 0.0000e+00
6.7000e+07, 0.0000e+00
6.8000e+07, 0.0000e+00
6.8143e+07, 0.0000e+00
6.8492e+07, 0.0000e+00
6.9000e+07, 0.0000e+00
7.0000e+07, 0.0000e+00
7.1000e+07, 0.0000e+00
7.2000e+07, 0.0000e+00
7.3000e+07, 0.0000e+00
7.3928e+07, 0.0000e+00
7.4000e+07, 0.0000e+00
7.5000e+07, 0.0000e+00
7.6000e+07, 0.0000e+00
7.7000e+07, 0.0000e+00
7.8000e+07, 0.0000e+00
7.9000e+07, 0.0000e+00
8.0000e+07, 0.0000e+00
8.1000e+07, 0.0000e+00
8.2000e+07, 0.0000e+00
8.3000e+07, 0.0000e+00
8.4000e+07, 0.0000e+00
8.5000e+07, 0.0000e+00
8.6000e+07, 0.0000e+00
8.7000e+07, 0.0000e+00
8.8000e+07, 0.0000e+00
8.9000e+07, 0.0000e+00
9.0000e+07, 0.0000e+00
9.1000e+07, 0.0000e+00
9.2000e+07, 0.0000e+00
9.3000e+07, 0.0000e+00
9.4000e+07, 0.0000e+00
9.5000e+07, 0.0000e+00
9.6000e+07, 0.0000e+00
9.7000e+07, 0.0000e+00
9.8000e+07, 0.0000e+00
9.9000e+07, 0.0000e+00
1.0000e+08, 0.0000e+00
1.0200e+08, 0.0000e+00
1.0400e+08, 0.0000e+00
1.0600e+08, 0.0000e+00
1.0800e+08, 0.0000e+00
1.1000e+08, 0.0000e+00
1.1200e+08, 0.0000e+00
1.1400e+08, 0.0000e+00
1.1600e+08, 0.0000e+00
1.1800e+08, 0.0000e+00
1.2000e+08, 0.0000e+00
1.2200e+08, 0.0000e+00
1.2400e+08, 0.0000e+00
1.2600e+08, 0.0000e+00
1.2800e+08, 0.0000e+00
1.3000e+08, 0.0000e+00
1.3200e+08, 0.0000e+00
1.3400e+08, 0.0000e+00
1.3600e+08, 0.0000e+00
1.3800e+08, 0.0000e+00
1.4000e+08, 0.0000e+00
1.4200e+08, 0.0000e+00
1.4400e+08, 0.0000e+00
1.4600e+08, 0.0000e+00
1.4800e+08, 0.0000e+00
1.5000e+08, 0.0000e+00
