ebin, xs
1.0000e-05, 2.6966e+02
1.0803e-05, 2.5947e+02
1.1605e-05, 2.5035e+02
1.2408e-05, 2.4214e+02
1.3211e-05, 2.3469e+02
1.4014e-05, 2.2788e+02
1.4816e-05, 2.2164e+02
1.6422e-05, 2.1057e+02
1.7316e-05, 2.0507e+02
1.8211e-05, 1.9999e+02
2.0000e-05, 1.9087e+02
2.1400e-05, 1.8455e+02
2.2800e-05, 1.7882e+02
2.4200e-05, 1.7359e+02
2.5600e-05, 1.6880e+02
2.8122e-05, 1.6110e+02
3.0643e-05, 1.5437e+02
3.3165e-05, 1.4842e+02
3.5687e-05, 1.4312e+02
3.9265e-05, 1.3649e+02
4.2843e-05, 1.3071e+02
4.6422e-05, 1.2562e+02
5.0000e-05, 1.2108e+02
5.4971e-05, 1.1553e+02
5.9942e-05, 1.1069e+02
6.4913e-05, 1.0642e+02
6.9885e-05, 1.0262e+02
6.9935e-05, 1.0258e+02
7.0136e-05, 1.0244e+02
7.0337e-05, 1.0229e+02
7.0738e-05, 1.0201e+02
7.1541e-05, 1.0144e+02
7.3146e-05, 1.0034e+02
7.6357e-05, 9.8236e+01
8.2779e-05, 9.4408e+01
8.9200e-05, 9.1004e+01
9.5622e-05, 8.7950e+01
1.0000e-04, 8.6040e+01
1.1016e-04, 8.2058e+01
1.2031e-04, 7.8595e+01
1.3047e-04, 7.5548e+01
1.4062e-04, 7.2839e+01
1.5078e-04, 7.0411e+01
1.6093e-04, 6.8218e+01
1.7109e-04, 6.6225e+01
1.8124e-04, 6.4404e+01
2.0000e-04, 6.1415e+01
2.1244e-04, 5.9658e+01
2.2487e-04, 5.8050e+01
2.4974e-04, 5.5207e+01
2.5018e-04, 5.5160e+01
2.5111e-04, 5.5063e+01
2.5204e-04, 5.4966e+01
2.5389e-04, 5.4774e+01
2.5760e-04, 5.4396e+01
2.6501e-04, 5.3665e+01
2.7983e-04, 5.2292e+01
3.0948e-04, 4.9851e+01
3.3913e-04, 4.7742e+01
3.6878e-04, 4.5895e+01
4.0158e-04, 4.4098e+01
4.3439e-04, 4.2510e+01
4.6719e-04, 4.1095e+01
5.0000e-04, 3.9822e+01
5.4874e-04, 3.8148e+01
5.9749e-04, 3.6685e+01
6.4623e-04, 3.5392e+01
6.9498e-04, 3.4237e+01
7.7123e-04, 3.2654e+01
8.4749e-04, 3.1288e+01
9.2374e-04, 3.0092e+01
1.0000e-03, 2.9032e+01
1.0625e-03, 2.8247e+01
1.1250e-03, 2.7526e+01
1.2500e-03, 2.6241e+01
1.3750e-03, 2.5123e+01
1.5000e-03, 2.4137e+01
1.6250e-03, 2.3255e+01
1.7500e-03, 2.2458e+01
1.8750e-03, 2.1731e+01
2.0000e-03, 2.1063e+01
2.1325e-03, 2.0409e+01
2.2650e-03, 1.9804e+01
2.5300e-03, 1.8711e+01
2.7949e-03, 1.7747e+01
3.0599e-03, 1.6885e+01
3.3249e-03, 1.6108e+01
3.5899e-03, 1.5403e+01
3.8549e-03, 1.4759e+01
4.1199e-03, 1.4169e+01
4.3399e-03, 1.3716e+01
4.5599e-03, 1.3293e+01
5.0000e-03, 1.2529e+01
5.3125e-03, 1.2045e+01
5.6250e-03, 1.1604e+01
5.9375e-03, 1.1201e+01
6.2500e-03, 1.0833e+01
6.5625e-03, 1.0496e+01
6.8750e-03, 1.0187e+01
7.1875e-03, 9.9029e+00
7.5000e-03, 9.6418e+00
8.1250e-03, 9.1785e+00
8.7500e-03, 8.7810e+00
9.3750e-03, 8.4365e+00
1.0000e-02, 8.1346e+00
1.0806e-02, 7.7954e+00
1.1612e-02, 7.5006e+00
1.2419e-02, 7.2405e+00
1.3225e-02, 7.0080e+00
1.4031e-02, 6.7980e+00
1.4837e-02, 6.6067e+00
1.5643e-02, 6.4312e+00
1.6449e-02, 6.2693e+00
1.7337e-02, 6.1045e+00
1.8225e-02, 5.9522e+00
2.0000e-02, 5.6790e+00
2.1325e-02, 5.4980e+00
2.2650e-02, 5.3334e+00
2.3975e-02, 5.1829e+00
2.5300e-02, 5.0448e+00
2.7345e-02, 4.8525e+00
2.9389e-02, 4.6818e+00
3.1434e-02, 4.5293e+00
3.3478e-02, 4.3919e+00
3.5523e-02, 4.2674e+00
3.7567e-02, 4.1537e+00
4.1657e-02, 3.9515e+00
4.5828e-02, 3.7708e+00
5.0000e-02, 3.6088e+00
5.5480e-02, 3.4203e+00
6.0961e-02, 3.2581e+00
6.6441e-02, 3.1196e+00
7.1922e-02, 3.0004e+00
7.7402e-02, 2.8963e+00
8.2883e-02, 2.8040e+00
9.3844e-02, 2.6410e+00
1.0000e-01, 2.5564e+00
1.0942e-01, 2.4361e+00
1.1884e-01, 2.3314e+00
1.2826e-01, 2.2431e+00
1.3768e-01, 2.1663e+00
1.4710e-01, 2.0972e+00
1.5652e-01, 2.0358e+00
1.6594e-01, 1.9819e+00
1.7536e-01, 1.9328e+00
2.0000e-01, 1.8110e+00
2.1884e-01, 1.7219e+00
2.2826e-01, 1.6816e+00
2.3768e-01, 1.6457e+00
2.5652e-01, 1.5855e+00
2.7536e-01, 1.5326e+00
2.9420e-01, 1.4822e+00
3.1304e-01, 1.4378e+00
3.3188e-01, 1.4012e+00
3.5072e-01, 1.3683e+00
4.2536e-01, 1.2384e+00
4.4402e-01, 1.2068e+00
4.6268e-01, 1.1784e+00
5.0000e-01, 1.1343e+00
6.1511e-01, 1.0238e+00
7.3021e-01, 9.5083e-01
9.6043e-01, 8.1632e-01
1.0000e+00, 8.0171e-01
1.1250e+00, 7.5971e-01
1.2500e+00, 7.1754e-01
1.5000e+00, 6.6356e-01
1.7500e+00, 6.0862e-01
1.8750e+00, 5.8345e-01
2.0000e+00, 5.6670e-01
2.4489e+00, 5.1166e-01
2.8978e+00, 4.7745e-01
3.7955e+00, 4.0985e-01
5.0000e+00, 3.5800e-01
6.7085e+00, 3.1265e-01
7.5628e+00, 2.9002e-01
8.4170e+00, 2.7671e-01
1.0000e+01, 2.5282e-01
1.3417e+01, 2.2080e-01
1.5126e+01, 2.0473e-01
1.6834e+01, 1.9529e-01
2.0000e+01, 1.7837e-01
2.6834e+01, 1.5570e-01
3.0251e+01, 1.4428e-01
3.3668e+01, 1.3758e-01
3.9279e+01, 1.2649e-01
4.4891e+01, 1.2017e-01
5.0000e+01, 1.1363e-01
6.0913e+01, 1.0103e-01
7.1825e+01, 9.3815e-02
7.8126e+01, 8.8896e-02
8.0803e+01, 8.7666e-02
9.0402e+01, 8.3886e-02
1.0000e+02, 7.9488e-02
1.1672e+02, 7.2014e-02
1.2569e+02, 6.9468e-02
1.4427e+02, 6.5156e-02
1.5356e+02, 6.2524e-02
1.6285e+02, 6.0730e-02
2.0000e+02, 5.5021e-02
2.3343e+02, 4.9641e-02
2.4288e+02, 4.8618e-02
2.7502e+02, 4.5774e-02
3.0716e+02, 4.2772e-02
3.7144e+02, 3.9021e-02
4.3572e+02, 3.5373e-02
4.6786e+02, 3.3341e-02
5.0000e+02, 3.2150e-02
5.6250e+02, 3.0228e-02
6.2500e+02, 2.7972e-02
7.5000e+02, 2.5448e-02
8.7500e+02, 2.2859e-02
9.3750e+02, 2.1501e-02
1.0000e+03, 2.0754e-02
1.0055e+03, 2.0691e-02
1.0208e+03, 2.0480e-02
1.0361e+03, 2.0273e-02
1.0667e+03, 1.9872e-02
1.1278e+03, 1.9122e-02
1.2500e+03, 1.7472e-02
1.6250e+03, 1.4661e-02
1.8125e+03, 1.3248e-02
1.9062e+03, 1.2618e-02
2.0000e+03, 1.2223e-02
2.2500e+03, 1.1081e-02
2.5000e+03, 9.8747e-03
2.8125e+03, 9.1228e-03
3.1250e+03, 8.2700e-03
3.4375e+03, 7.4965e-03
3.7500e+03, 6.6453e-03
4.3750e+03, 5.7658e-03
5.0000e+03, 4.8072e-03
7.5000e+03, 2.9265e-03
1.0000e+04, 1.9718e-03
1.2500e+04, 1.4631e-03
1.5000e+04, 1.2339e-03
1.5625e+04, 1.2458e-03
1.6250e+04, 1.2736e-03
1.6875e+04, 1.4527e-03
1.7500e+04, 1.6168e-03
1.8125e+04, 2.2093e-03
1.8750e+04, 3.9338e-03
1.9062e+04, 6.3192e-03
1.9230e+04, 9.8065e-03
1.9254e+04, 1.0291e-02
1.9278e+04, 1.0807e-02
1.9302e+04, 1.1290e-02
1.9340e+04, 1.2101e-02
1.9359e+04, 1.2494e-02
1.9368e+04, 1.2696e-02
1.9378e+04, 1.2963e-02
1.9415e+04, 1.4559e-02
1.9453e+04, 1.6205e-02
1.9500e+04, 1.9036e-02
1.9523e+04, 2.0461e-02
1.9529e+04, 2.0840e-02
1.9534e+04, 2.1291e-02
1.9546e+04, 2.2348e-02
1.9593e+04, 2.6632e-02
1.9604e+04, 2.7712e-02
1.9610e+04, 2.8348e-02
1.9616e+04, 2.9103e-02
1.9639e+04, 3.2416e-02
1.9681e+04, 3.8460e-02
1.9692e+04, 4.0346e-02
1.9702e+04, 4.2689e-02
1.9723e+04, 4.7496e-02
1.9747e+04, 5.2991e-02
1.9759e+04, 5.5811e-02
1.9765e+04, 5.7389e-02
1.9771e+04, 5.9291e-02
1.9795e+04, 6.7852e-02
1.9820e+04, 7.6320e-02
1.9842e+04, 8.4502e-02
1.9853e+04, 8.9360e-02
1.9865e+04, 9.4497e-02
1.9910e+04, 1.1522e-01
1.9921e+04, 1.2034e-01
1.9932e+04, 1.2361e-01
1.9955e+04, 1.2892e-01
1.9977e+04, 1.3466e-01
1.9989e+04, 1.3752e-01
2.0000e+04, 1.3915e-01
2.0012e+04, 1.3629e-01
2.0024e+04, 1.3219e-01
2.0048e+04, 1.2396e-01
2.0096e+04, 1.0750e-01
2.0193e+04, 7.4462e-02
2.0193e+04, 7.4301e-02
2.0195e+04, 7.3636e-02
2.0197e+04, 7.2964e-02
2.0200e+04, 7.1601e-02
2.0208e+04, 6.8900e-02
2.0223e+04, 6.3811e-02
2.0238e+04, 5.9512e-02
2.0253e+04, 5.6360e-02
2.0313e+04, 4.4889e-02
2.0352e+04, 3.7670e-02
2.0391e+04, 3.3869e-02
2.0469e+04, 2.6603e-02
2.0626e+04, 2.0597e-02
2.0692e+04, 1.8072e-02
2.0708e+04, 1.7559e-02
2.0725e+04, 1.7362e-02
2.0758e+04, 1.6977e-02
2.0890e+04, 1.5422e-02
2.0924e+04, 1.5022e-02
2.0957e+04, 1.4790e-02
2.1023e+04, 1.4547e-02
2.1155e+04, 1.4111e-02
2.1396e+04, 1.3271e-02
2.1637e+04, 1.2681e-02
2.1877e+04, 1.2129e-02
2.2118e+04, 1.1912e-02
2.2672e+04, 1.1407e-02
2.2810e+04, 1.1274e-02
2.2948e+04, 1.1219e-02
2.3225e+04, 1.1112e-02
2.3779e+04, 1.0903e-02
2.4332e+04, 1.0795e-02
2.5656e+04, 1.0532e-02
2.6980e+04, 1.0367e-02
2.7641e+04, 1.0287e-02
2.8303e+04, 1.0220e-02
2.9627e+04, 1.0094e-02
3.1736e+04, 9.8945e-03
3.3845e+04, 9.7193e-03
3.8064e+04, 9.3685e-03
4.6500e+04, 8.6670e-03
4.6500e+04, 8.6670e-03
5.0000e+04, 8.4339e-03
6.0000e+04, 7.7681e-03
7.0000e+04, 7.1024e-03
8.0000e+04, 6.6829e-03
9.0000e+04, 6.2634e-03
1.0000e+05, 5.8440e-03
1.2500e+05, 5.0404e-03
1.5000e+05, 4.4530e-03
1.7000e+05, 4.2938e-03
2.0000e+05, 4.1790e-03
2.5000e+05, 3.8592e-03
3.0000e+05, 3.7130e-03
3.5000e+05, 3.6252e-03
4.0000e+05, 3.6090e-03
5.0000e+05, 3.6170e-03
5.0004e+05, 3.6170e-03
6.0000e+05, 3.6630e-03
7.0000e+05, 3.7385e-03
8.0000e+05, 3.8140e-03
9.0000e+05, 3.8847e-03
1.0000e+06, 3.9555e-03
1.1000e+06, 4.0138e-03
1.2000e+06, 4.0722e-03
1.2000e+06, 4.0722e-03
1.3000e+06, 4.2462e-03
1.3500e+06, 4.3332e-03
1.4000e+06, 4.4203e-03
1.5000e+06, 4.5943e-03
1.6000e+06, 4.6820e-03
1.6500e+06, 4.7259e-03
1.7000e+06, 4.7697e-03
1.8000e+06, 4.8574e-03
1.9000e+06, 4.9527e-03
1.9700e+06, 5.0194e-03
2.0000e+06, 5.0480e-03
2.0252e+06, 4.6352e-03
2.1000e+06, 3.4133e-03
2.2000e+06, 2.8416e-03
2.3000e+06, 2.5811e-03
2.4000e+06, 2.4772e-03
2.5000e+06, 2.3734e-03
2.6000e+06, 2.3384e-03
2.8000e+06, 2.2683e-03
3.0000e+06, 2.1982e-03
3.5000e+06, 2.1651e-03
4.0000e+06, 2.1320e-03
4.1783e+06, 2.1672e-03
4.2952e+06, 2.1127e-03
4.3291e+06, 2.0968e-03
4.4144e+06, 1.9590e-03
4.4405e+06, 1.9294e-03
4.4504e+06, 1.9117e-03
4.5000e+06, 1.8230e-03
4.5378e+06, 1.7554e-03
4.5655e+06, 1.7057e-03
4.6000e+06, 1.6441e-03
4.9512e+06, 1.3075e-03
4.9740e+06, 1.3020e-03
5.0000e+06, 1.2958e-03
5.0898e+06, 1.2569e-03
5.1135e+06, 1.2467e-03
5.1711e+06, 1.2218e-03
5.1944e+06, 1.2098e-03
5.2595e+06, 1.1904e-03
5.3160e+06, 1.1735e-03
5.3397e+06, 1.1665e-03
5.5000e+06, 1.1186e-03
5.8360e+06, 1.0183e-03
5.8566e+06, 1.0162e-03
5.8959e+06, 1.0124e-03
5.9997e+06, 9.8519e-04
6.0000e+06, 9.8511e-04
6.0213e+06, 9.7954e-04
6.0614e+06, 9.6905e-04
6.1365e+06, 9.4937e-04
6.2173e+06, 9.2822e-04
6.3091e+06, 9.0657e-04
6.3560e+06, 8.9551e-04
6.3914e+06, 8.8787e-04
6.5000e+06, 8.6439e-04
6.5342e+06, 8.5699e-04
6.6112e+06, 8.4036e-04
6.6456e+06, 8.3175e-04
6.7300e+06, 8.1511e-04
6.7964e+06, 8.0202e-04
6.8272e+06, 7.9594e-04
6.8324e+06, 7.9493e-04
6.8352e+06, 7.9437e-04
6.8365e+06, 7.9411e-04
6.8670e+06, 7.8572e-04
6.9187e+06, 7.7450e-04
7.0000e+06, 7.5688e-04
7.0267e+06, 7.5109e-04
7.0287e+06, 7.5064e-04
7.0596e+06, 7.4396e-04
7.0935e+06, 7.3660e-04
8.0000e+06, 5.4000e-04
8.7460e+06, 4.9076e-04
9.0000e+06, 4.7400e-04
1.0000e+07, 4.2700e-04
1.0500e+07, 4.1000e-04
1.1000e+07, 3.9600e-04
1.1000e+07, 3.9600e-04
1.1000e+07, 3.9600e-04
1.1500e+07, 3.7500e-04
1.2000e+07, 3.6600e-04
1.2500e+07, 3.6000e-04
1.3000e+07, 3.6800e-04
1.3500e+07, 3.9400e-04
1.4000e+07, 4.3800e-04
1.4500e+07, 5.0000e-04
1.5000e+07, 5.8100e-04
1.5254e+07, 6.2848e-04
1.5254e+07, 6.2852e-04
1.6000e+07, 7.6800e-04
1.7000e+07, 9.2700e-04
1.8000e+07, 9.8000e-04
1.9000e+07, 9.4700e-04
2.0000e+07, 8.9000e-04
