ebin, xs
1.0000e-05, 3.2863e+02
1.0625e-05, 3.1882e+02
1.1250e-05, 3.0984e+02
1.1875e-05, 3.0157e+02
1.2500e-05, 2.9394e+02
1.3750e-05, 2.8026e+02
1.5000e-05, 2.6833e+02
1.6250e-05, 2.5780e+02
1.7500e-05, 2.4842e+02
1.8750e-05, 2.4000e+02
2.0000e-05, 2.3238e+02
2.1875e-05, 2.2220e+02
2.3750e-05, 2.1325e+02
2.5625e-05, 2.0530e+02
2.7500e-05, 1.9817e+02
2.9375e-05, 1.9174e+02
3.1250e-05, 1.8590e+02
3.3125e-05, 1.8056e+02
3.5000e-05, 1.7566e+02
3.8750e-05, 1.6695e+02
4.2500e-05, 1.5941e+02
4.6250e-05, 1.5281e+02
5.0000e-05, 1.4697e+02
5.3125e-05, 1.4258e+02
5.6250e-05, 1.3856e+02
5.9375e-05, 1.3487e+02
6.2500e-05, 1.3145e+02
6.8750e-05, 1.2534e+02
7.5000e-05, 1.2000e+02
8.1250e-05, 1.1529e+02
8.7500e-05, 1.1110e+02
9.3750e-05, 1.0733e+02
1.0000e-04, 1.0392e+02
1.0625e-04, 1.0082e+02
1.1250e-04, 9.7979e+01
1.1875e-04, 9.5366e+01
1.2500e-04, 9.2951e+01
1.3750e-04, 8.8626e+01
1.5000e-04, 8.4852e+01
1.6250e-04, 8.1524e+01
1.7500e-04, 7.8558e+01
1.8750e-04, 7.5894e+01
2.0000e-04, 7.3484e+01
2.1875e-04, 7.0264e+01
2.3750e-04, 6.7434e+01
2.5625e-04, 6.4920e+01
2.7500e-04, 6.2668e+01
2.9375e-04, 6.0635e+01
3.1250e-04, 5.8787e+01
3.3125e-04, 5.7099e+01
3.5000e-04, 5.5549e+01
3.8750e-04, 5.2792e+01
4.2500e-04, 5.0410e+01
4.6250e-04, 4.8323e+01
5.0000e-04, 4.6475e+01
5.3125e-04, 4.5088e+01
5.6250e-04, 4.3817e+01
5.9375e-04, 4.2649e+01
6.2500e-04, 4.1569e+01
6.8750e-04, 3.9634e+01
7.5000e-04, 3.7947e+01
8.1250e-04, 3.6458e+01
8.7500e-04, 3.5132e+01
9.3750e-04, 3.3941e+01
1.0000e-03, 3.2863e+01
1.0625e-03, 3.1882e+01
1.1250e-03, 3.0983e+01
1.1875e-03, 3.0157e+01
1.2500e-03, 2.9393e+01
1.3750e-03, 2.8025e+01
1.5000e-03, 2.6832e+01
1.6250e-03, 2.5780e+01
1.7500e-03, 2.4842e+01
1.8750e-03, 2.4000e+01
2.0000e-03, 2.3237e+01
2.1875e-03, 2.2219e+01
2.3750e-03, 2.1324e+01
2.5625e-03, 2.0529e+01
2.7500e-03, 1.9817e+01
2.9375e-03, 1.9174e+01
3.1250e-03, 1.8590e+01
3.3125e-03, 1.8056e+01
3.5000e-03, 1.7566e+01
3.8750e-03, 1.6694e+01
4.2500e-03, 1.5941e+01
4.6250e-03, 1.5281e+01
5.0000e-03, 1.4696e+01
5.3125e-03, 1.4257e+01
5.6250e-03, 1.3856e+01
5.9375e-03, 1.3486e+01
6.2500e-03, 1.3145e+01
6.8750e-03, 1.2533e+01
7.5000e-03, 1.1999e+01
8.1250e-03, 1.1528e+01
8.7500e-03, 1.1108e+01
9.3750e-03, 1.0732e+01
1.0000e-02, 1.0391e+01
1.0625e-02, 1.0080e+01
1.1250e-02, 9.7964e+00
1.1875e-02, 9.5353e+00
1.2500e-02, 9.2940e+00
1.3750e-02, 8.8616e+00
1.5000e-02, 8.4842e+00
1.6250e-02, 8.1511e+00
1.7500e-02, 7.8542e+00
1.8750e-02, 7.5876e+00
2.0000e-02, 7.3463e+00
2.1325e-02, 7.1142e+00
2.2650e-02, 6.9029e+00
2.3975e-02, 6.7094e+00
2.5300e-02, 6.5315e+00
2.6844e-02, 6.3412e+00
2.8387e-02, 6.1667e+00
3.1475e-02, 5.8568e+00
3.4563e-02, 5.5888e+00
3.7650e-02, 5.3542e+00
4.0738e-02, 5.1469e+00
4.3825e-02, 4.9619e+00
4.6913e-02, 4.7955e+00
5.0000e-02, 4.6448e+00
5.3125e-02, 4.5059e+00
5.6250e-02, 4.3788e+00
5.9375e-02, 4.2621e+00
6.2500e-02, 4.1544e+00
6.8750e-02, 3.9613e+00
7.5000e-02, 3.7922e+00
8.1250e-02, 3.6430e+00
8.7500e-02, 3.5101e+00
9.3750e-02, 3.3907e+00
1.0000e-01, 3.2828e+00
1.0625e-01, 3.1845e+00
1.1250e-01, 3.0945e+00
1.1875e-01, 3.0119e+00
1.2500e-01, 2.9358e+00
1.3750e-01, 2.7993e+00
1.5000e-01, 2.6796e+00
1.6250e-01, 2.5740e+00
1.7500e-01, 2.4799e+00
1.8750e-01, 2.3955e+00
2.0000e-01, 2.3193e+00
2.1875e-01, 2.2175e+00
2.3750e-01, 2.1276e+00
2.5625e-01, 2.0478e+00
2.7500e-01, 1.9763e+00
2.9375e-01, 1.9118e+00
3.1250e-01, 1.8532e+00
3.3125e-01, 1.7996e+00
3.5000e-01, 1.7508e+00
3.8750e-01, 1.6635e+00
4.2500e-01, 1.5877e+00
5.0000e-01, 1.4629e+00
6.2500e-01, 1.3069e+00
7.5000e-01, 1.1914e+00
8.7500e-01, 1.1019e+00
1.0000e+00, 1.0296e+00
1.2500e+00, 9.1859e-01
1.5000e+00, 8.3653e-01
1.7500e+00, 7.7276e-01
2.0000e+00, 7.2123e-01
2.3750e+00, 6.5961e-01
2.7500e+00, 6.1101e-01
3.1250e+00, 5.7126e-01
3.5000e+00, 5.3803e-01
4.2500e+00, 4.8516e-01
5.0000e+00, 4.4459e-01
6.2500e+00, 3.9382e-01
7.5000e+00, 3.5623e-01
8.7500e+00, 3.2702e-01
1.0000e+01, 3.0349e-01
1.1250e+01, 2.8404e-01
1.2500e+01, 2.6766e-01
1.5000e+01, 2.4155e-01
1.7500e+01, 2.2168e-01
2.0000e+01, 2.0613e-01
2.3750e+01, 1.8851e-01
2.7500e+01, 1.7586e-01
3.1250e+01, 1.6689e-01
3.5000e+01, 1.6091e-01
3.8750e+01, 1.5750e-01
4.2500e+01, 1.5651e-01
4.6250e+01, 1.5791e-01
5.0000e+01, 1.6187e-01
5.3125e+01, 1.6738e-01
5.6250e+01, 1.7524e-01
5.9375e+01, 1.8594e-01
6.2500e+01, 2.0017e-01
6.5625e+01, 2.1895e-01
6.8750e+01, 2.4379e-01
7.1875e+01, 2.7689e-01
7.3438e+01, 2.9756e-01
7.5000e+01, 3.2183e-01
7.6562e+01, 3.5046e-01
7.8125e+01, 3.8449e-01
7.9688e+01, 4.2530e-01
8.1250e+01, 4.7475e-01
8.2812e+01, 5.3543e-01
8.4375e+01, 6.1093e-01
8.5938e+01, 7.0608e-01
8.6719e+01, 7.6324e-01
8.7500e+01, 8.2882e-01
8.8257e+01, 9.0165e-01
8.9014e+01, 9.8549e-01
8.9771e+01, 1.0827e+00
9.0527e+01, 1.1963e+00
9.1284e+01, 1.3301e+00
9.2041e+01, 1.4891e+00
9.2419e+01, 1.5786e+00
9.2798e+01, 1.6784e+00
9.3176e+01, 1.7881e+00
9.3365e+01, 1.8474e+00
9.3555e+01, 1.9100e+00
9.3713e+01, 1.9650e+00
9.3872e+01, 2.0225e+00
9.4031e+01, 2.0827e+00
9.4189e+01, 2.1457e+00
9.4269e+01, 2.1784e+00
9.4348e+01, 2.2118e+00
9.4428e+01, 2.2460e+00
9.4507e+01, 2.2811e+00
9.4586e+01, 2.3170e+00
9.4666e+01, 2.3538e+00
9.4745e+01, 2.3916e+00
9.4824e+01, 2.4302e+00
9.4922e+01, 2.4792e+00
9.4977e+01, 2.5074e+00
9.5032e+01, 2.5361e+00
9.5142e+01, 2.5951e+00
9.5251e+01, 2.6562e+00
9.5361e+01, 2.7196e+00
9.5471e+01, 2.7853e+00
9.5581e+01, 2.8536e+00
9.5691e+01, 2.9244e+00
9.5801e+01, 2.9980e+00
9.5868e+01, 3.0444e+00
9.5935e+01, 3.0919e+00
9.6002e+01, 3.1406e+00
9.6069e+01, 3.1904e+00
9.6204e+01, 3.2938e+00
9.6338e+01, 3.4025e+00
9.6472e+01, 3.5168e+00
9.6606e+01, 3.6371e+00
9.6741e+01, 3.7639e+00
9.6875e+01, 3.8977e+00
9.6997e+01, 4.0259e+00
9.7119e+01, 4.1607e+00
9.7241e+01, 4.3025e+00
9.7363e+01, 4.4517e+00
9.7485e+01, 4.6089e+00
9.7607e+01, 4.7747e+00
9.7730e+01, 4.9499e+00
9.7852e+01, 5.1350e+00
9.7974e+01, 5.3310e+00
9.8096e+01, 5.5386e+00
9.8218e+01, 5.7588e+00
9.8340e+01, 5.9926e+00
9.8462e+01, 6.2413e+00
9.8584e+01, 6.5061e+00
9.8706e+01, 6.7884e+00
9.8828e+01, 7.0897e+00
9.8975e+01, 7.4791e+00
9.9121e+01, 7.9020e+00
9.9268e+01, 8.3624e+00
9.9414e+01, 8.8649e+00
9.9561e+01, 9.4147e+00
9.9707e+01, 1.0018e+01
9.9854e+01, 1.0681e+01
1.0000e+02, 1.1412e+01
1.0018e+02, 1.2397e+01
1.0035e+02, 1.3518e+01
1.0053e+02, 1.4802e+01
1.0070e+02, 1.6280e+01
1.0088e+02, 1.7993e+01
1.0106e+02, 1.9996e+01
1.0123e+02, 2.2357e+01
1.0141e+02, 2.5168e+01
1.0157e+02, 2.8216e+01
1.0173e+02, 3.1860e+01
1.0189e+02, 3.6268e+01
1.0197e+02, 3.8825e+01
1.0205e+02, 4.1665e+01
1.0213e+02, 4.4837e+01
1.0221e+02, 4.8382e+01
1.0229e+02, 5.2373e+01
1.0237e+02, 5.6875e+01
1.0245e+02, 6.1995e+01
1.0253e+02, 6.7837e+01
1.0261e+02, 7.4561e+01
1.0269e+02, 8.2357e+01
1.0278e+02, 9.2483e+01
1.0287e+02, 1.0463e+02
1.0295e+02, 1.1942e+02
1.0304e+02, 1.3764e+02
1.0309e+02, 1.4842e+02
1.0313e+02, 1.6052e+02
1.0317e+02, 1.7420e+02
1.0322e+02, 1.8976e+02
1.0326e+02, 2.0760e+02
1.0331e+02, 2.2811e+02
1.0335e+02, 2.5191e+02
1.0339e+02, 2.7974e+02
1.0345e+02, 3.1922e+02
1.0350e+02, 3.6763e+02
1.0355e+02, 4.2774e+02
1.0358e+02, 4.6323e+02
1.0360e+02, 5.0299e+02
1.0363e+02, 5.4759e+02
1.0365e+02, 5.9763e+02
1.0368e+02, 6.5376e+02
1.0371e+02, 7.1665e+02
1.0373e+02, 7.8697e+02
1.0376e+02, 8.6537e+02
1.0378e+02, 9.5245e+02
1.0381e+02, 1.0487e+03
1.0385e+02, 1.2262e+03
1.0389e+02, 1.4288e+03
1.0394e+02, 1.6550e+03
1.0398e+02, 1.9008e+03
1.0406e+02, 2.4193e+03
1.0415e+02, 2.8932e+03
1.0419e+02, 3.0615e+03
1.0422e+02, 3.1890e+03
1.0426e+02, 3.2681e+03
1.0430e+02, 3.2940e+03
1.0434e+02, 3.2685e+03
1.0437e+02, 3.1957e+03
1.0441e+02, 3.0798e+03
1.0444e+02, 2.9271e+03
1.0451e+02, 2.5411e+03
1.0459e+02, 2.1061e+03
1.0468e+02, 1.5580e+03
1.0473e+02, 1.3193e+03
1.0477e+02, 1.1111e+03
1.0482e+02, 9.3405e+02
1.0487e+02, 7.8638e+02
1.0491e+02, 6.6490e+02
1.0496e+02, 5.6578e+02
1.0500e+02, 4.9746e+02
1.0504e+02, 4.3994e+02
1.0508e+02, 3.9141e+02
1.0512e+02, 3.5037e+02
1.0516e+02, 3.1533e+02
1.0520e+02, 2.8531e+02
1.0523e+02, 2.5942e+02
1.0527e+02, 2.3702e+02
1.0531e+02, 2.1740e+02
1.0535e+02, 2.0017e+02
1.0543e+02, 1.7147e+02
1.0551e+02, 1.4862e+02
1.0559e+02, 1.3011e+02
1.0565e+02, 1.1673e+02
1.0572e+02, 1.0536e+02
1.0579e+02, 9.5580e+01
1.0586e+02, 8.7118e+01
1.0592e+02, 7.9731e+01
1.0599e+02, 7.3264e+01
1.0613e+02, 6.2505e+01
1.0626e+02, 5.3973e+01
1.0640e+02, 4.7097e+01
1.0653e+02, 4.1459e+01
1.0667e+02, 3.6771e+01
1.0678e+02, 3.3391e+01
1.0690e+02, 3.0457e+01
1.0701e+02, 2.7894e+01
1.0713e+02, 2.5641e+01
1.0736e+02, 2.1885e+01
1.0759e+02, 1.8898e+01
1.0782e+02, 1.6483e+01
1.0804e+02, 1.4504e+01
1.0827e+02, 1.2863e+01
1.0850e+02, 1.1493e+01
1.0873e+02, 1.0331e+01
1.0896e+02, 9.3315e+00
1.0919e+02, 8.4684e+00
1.0942e+02, 7.7196e+00
1.0965e+02, 7.0658e+00
1.0988e+02, 6.4921e+00
1.1034e+02, 5.5365e+00
1.1080e+02, 4.7781e+00
1.1125e+02, 4.1664e+00
1.1171e+02, 3.6660e+00
1.1217e+02, 3.2519e+00
1.1261e+02, 2.9240e+00
1.1305e+02, 2.6425e+00
1.1348e+02, 2.3997e+00
1.1392e+02, 2.1889e+00
1.1436e+02, 2.0072e+00
1.1480e+02, 1.8486e+00
1.1523e+02, 1.7090e+00
1.1567e+02, 1.5872e+00
1.1655e+02, 1.3846e+00
1.1742e+02, 1.2277e+00
1.1830e+02, 1.1075e+00
1.1917e+02, 1.0199e+00
1.1984e+02, 9.7504e-01
1.2051e+02, 9.5153e-01
1.2090e+02, 9.5001e-01
1.2130e+02, 9.5806e-01
1.2169e+02, 9.8224e-01
1.2209e+02, 1.0273e+00
1.2249e+02, 1.1017e+00
1.2268e+02, 1.1539e+00
1.2288e+02, 1.2195e+00
1.2308e+02, 1.3031e+00
1.2328e+02, 1.4106e+00
1.2347e+02, 1.5503e+00
1.2367e+02, 1.7340e+00
1.2382e+02, 1.9081e+00
1.2396e+02, 2.1270e+00
1.2411e+02, 2.4067e+00
1.2426e+02, 2.7722e+00
1.2433e+02, 2.9993e+00
1.2440e+02, 3.2643e+00
1.2448e+02, 3.5768e+00
1.2455e+02, 3.9489e+00
1.2462e+02, 4.3982e+00
1.2469e+02, 4.9473e+00
1.2477e+02, 5.6320e+00
1.2484e+02, 6.5078e+00
1.2490e+02, 7.4822e+00
1.2493e+02, 8.0772e+00
1.2496e+02, 8.7649e+00
1.2500e+02, 9.5743e+00
1.2503e+02, 1.0533e+01
1.2506e+02, 1.1690e+01
1.2509e+02, 1.3095e+01
1.2512e+02, 1.4833e+01
1.2515e+02, 1.6990e+01
1.2518e+02, 1.9703e+01
1.2521e+02, 2.3111e+01
1.2525e+02, 2.7427e+01
1.2526e+02, 2.9983e+01
1.2528e+02, 3.2850e+01
1.2529e+02, 3.6084e+01
1.2531e+02, 3.9678e+01
1.2532e+02, 4.3691e+01
1.2534e+02, 4.8160e+01
1.2536e+02, 5.3159e+01
1.2537e+02, 5.8664e+01
1.2540e+02, 7.1480e+01
1.2543e+02, 8.6904e+01
1.2547e+02, 1.0511e+02
1.2550e+02, 1.2637e+02
1.2553e+02, 1.5057e+02
1.2556e+02, 1.7772e+02
1.2559e+02, 2.0731e+02
1.2561e+02, 2.2960e+02
1.2563e+02, 2.5253e+02
1.2568e+02, 2.9937e+02
1.2574e+02, 3.5730e+02
1.2579e+02, 4.0518e+02
1.2582e+02, 4.2226e+02
1.2585e+02, 4.3475e+02
1.2587e+02, 4.4212e+02
1.2590e+02, 4.4454e+02
1.2592e+02, 4.4367e+02
1.2596e+02, 4.3088e+02
1.2601e+02, 4.0415e+02
1.2606e+02, 3.5785e+02
1.2612e+02, 3.0226e+02
1.2621e+02, 2.0417e+02
1.2626e+02, 1.6064e+02
1.2628e+02, 1.4117e+02
1.2631e+02, 1.2347e+02
1.2633e+02, 1.0870e+02
1.2635e+02, 9.5382e+01
1.2637e+02, 8.3467e+01
1.2639e+02, 7.2895e+01
1.2642e+02, 6.3585e+01
1.2644e+02, 5.5441e+01
1.2646e+02, 4.8362e+01
1.2648e+02, 4.2243e+01
1.2650e+02, 3.6978e+01
1.2652e+02, 3.2466e+01
1.2655e+02, 2.8612e+01
1.2657e+02, 2.5326e+01
1.2659e+02, 2.2529e+01
1.2661e+02, 2.0149e+01
1.2663e+02, 1.8121e+01
1.2665e+02, 1.6398e+01
1.2668e+02, 1.4917e+01
1.2670e+02, 1.3644e+01
1.2672e+02, 1.2547e+01
1.2674e+02, 1.1596e+01
1.2678e+02, 1.0038e+01
1.2683e+02, 8.8258e+00
1.2687e+02, 7.8585e+00
1.2691e+02, 7.0691e+00
1.2696e+02, 6.4122e+00
1.2700e+02, 5.8565e+00
1.2705e+02, 5.3801e+00
1.2709e+02, 4.9670e+00
1.2718e+02, 4.2873e+00
1.2726e+02, 3.7527e+00
1.2735e+02, 3.3231e+00
1.2745e+02, 2.9144e+00
1.2755e+02, 2.5853e+00
1.2766e+02, 2.3158e+00
1.2776e+02, 2.0920e+00
1.2786e+02, 1.9037e+00
1.2796e+02, 1.7438e+00
1.2807e+02, 1.6068e+00
1.2817e+02, 1.4885e+00
1.2837e+02, 1.2955e+00
1.2858e+02, 1.1457e+00
1.2878e+02, 1.0261e+00
1.2899e+02, 9.2887e-01
1.2912e+02, 8.7810e-01
1.2924e+02, 8.3623e-01
1.2931e+02, 8.2234e-01
1.2937e+02, 8.1936e-01
1.2943e+02, 8.3753e-01
1.2946e+02, 8.5977e-01
1.2950e+02, 8.9456e-01
1.2953e+02, 9.4584e-01
1.2956e+02, 1.0179e+00
1.2959e+02, 1.1157e+00
1.2962e+02, 1.2441e+00
1.2965e+02, 1.4095e+00
1.2968e+02, 1.6160e+00
1.2972e+02, 1.8700e+00
1.2975e+02, 2.1736e+00
1.2978e+02, 2.5313e+00
1.2981e+02, 2.9415e+00
1.2984e+02, 3.4053e+00
1.2987e+02, 3.9160e+00
1.2994e+02, 5.0578e+00
1.3000e+02, 6.2937e+00
1.3000e+02, 1.1914e+01
1.5000e+02, 1.0845e+01
1.7000e+02, 9.9823e+00
2.0000e+02, 8.9558e+00
2.2500e+02, 8.2715e+00
2.5000e+02, 7.7038e+00
3.0000e+02, 6.8025e+00
3.5000e+02, 6.1189e+00
4.0000e+02, 5.5790e+00
4.5000e+02, 5.1395e+00
5.0000e+02, 4.7757e+00
6.0000e+02, 4.2065e+00
7.2000e+02, 3.6994e+00
8.0000e+02, 3.4338e+00
9.0000e+02, 3.1592e+00
1.0000e+03, 2.9321e+00
1.1250e+03, 2.6979e+00
1.2500e+03, 2.5043e+00
1.5000e+03, 2.2024e+00
1.7000e+03, 2.0178e+00
2.0000e+03, 1.8026e+00
2.2500e+03, 1.6631e+00
2.5000e+03, 1.5475e+00
3.0000e+03, 1.3700e+00
3.5000e+03, 1.2392e+00
4.0000e+03, 1.1386e+00
4.5000e+03, 1.0596e+00
5.0000e+03, 9.9356e-01
6.0000e+03, 8.9435e-01
7.0000e+03, 8.2162e-01
8.0000e+03, 7.6601e-01
1.0000e+04, 6.8624e-01
1.2500e+04, 6.1998e-01
1.5000e+04, 5.7390e-01
1.7000e+04, 5.4580e-01
2.0000e+04, 5.1243e-01
2.5000e+04, 4.7080e-01
3.0000e+04, 4.4019e-01
3.5000e+04, 4.1619e-01
4.0000e+04, 3.9605e-01
5.0000e+04, 3.6474e-01
6.0000e+04, 3.4099e-01
7.0000e+04, 3.2252e-01
8.0000e+04, 3.0755e-01
1.0000e+05, 2.8559e-01
1.0000e+05, 2.8053e-01
1.2500e+05, 2.6424e-01
1.5000e+05, 2.5164e-01
2.0000e+05, 2.4179e-01
2.5000e+05, 2.4074e-01
3.0000e+05, 2.4393e-01
4.6815e+05, 2.6733e-01
4.7595e+05, 2.5988e-01
4.8374e+05, 2.5274e-01
4.9933e+05, 2.3937e-01
5.0000e+05, 2.3882e-01
5.2500e+05, 2.3761e-01
5.5000e+05, 2.3646e-01
6.0000e+05, 2.3433e-01
6.5000e+05, 2.3238e-01
7.0000e+05, 2.3059e-01
7.5000e+05, 2.3538e-01
8.0000e+05, 2.3996e-01
8.5000e+05, 2.4635e-01
9.0000e+05, 2.5253e-01
9.5000e+05, 2.6020e-01
1.0000e+06, 2.6768e-01
1.0215e+06, 2.7130e-01
1.0396e+06, 2.7433e-01
1.0517e+06, 2.7419e-01
1.0637e+06, 2.7404e-01
1.0879e+06, 2.7376e-01
1.1362e+06, 2.7322e-01
1.1362e+06, 2.7322e-01
1.1504e+06, 2.7364e-01
1.1647e+06, 2.7406e-01
1.1931e+06, 2.7488e-01
1.2216e+06, 2.7568e-01
1.2500e+06, 2.7647e-01
1.2812e+06, 2.8038e-01
1.3125e+06, 2.8424e-01
1.3438e+06, 2.8806e-01
1.3750e+06, 2.9184e-01
1.4062e+06, 2.9559e-01
1.4375e+06, 2.9930e-01
1.4688e+06, 3.0298e-01
1.5000e+06, 3.0662e-01
1.5145e+06, 3.0861e-01
1.5145e+06, 3.0861e-01
1.5228e+06, 3.0925e-01
1.5448e+06, 3.1081e-01
1.5667e+06, 3.1235e-01
1.6107e+06, 3.1540e-01
1.6547e+06, 3.1839e-01
1.6987e+06, 3.2134e-01
1.6987e+06, 3.2134e-01
1.7207e+06, 3.2158e-01
1.7426e+06, 3.2182e-01
1.7426e+06, 3.2182e-01
1.7500e+06, 3.2058e-01
1.7994e+06, 3.2233e-01
1.8488e+06, 3.2404e-01
1.8982e+06, 3.2572e-01
1.9476e+06, 3.2736e-01
1.9476e+06, 3.2736e-01
1.9738e+06, 3.2883e-01
2.0000e+06, 3.3029e-01
2.0135e+06, 3.3120e-01
2.0135e+06, 3.3120e-01
2.0280e+06, 3.3148e-01
2.0425e+06, 3.3176e-01
2.0425e+06, 3.3176e-01
2.0620e+06, 3.3138e-01
2.0766e+06, 3.3063e-01
2.0913e+06, 3.2988e-01
2.1059e+06, 3.2914e-01
2.1206e+06, 3.2841e-01
2.1352e+06, 3.2768e-01
2.1499e+06, 3.2696e-01
2.1646e+06, 3.2625e-01
2.1792e+06, 3.2554e-01
2.1939e+06, 3.2484e-01
2.2085e+06, 3.2414e-01
2.2232e+06, 3.2345e-01
2.2378e+06, 3.2277e-01
2.2525e+06, 3.2210e-01
2.2671e+06, 3.2142e-01
2.2818e+06, 3.2076e-01
2.2965e+06, 3.2010e-01
2.3111e+06, 3.1944e-01
2.3258e+06, 3.1880e-01
2.3404e+06, 3.1815e-01
2.3551e+06, 3.1751e-01
2.3697e+06, 3.1688e-01
2.3844e+06, 3.1625e-01
2.3991e+06, 3.1563e-01
2.4137e+06, 3.1501e-01
2.4284e+06, 3.1440e-01
2.4430e+06, 3.1379e-01
2.4577e+06, 3.1319e-01
2.4723e+06, 3.1259e-01
2.4870e+06, 3.1200e-01
2.5017e+06, 3.1141e-01
2.5163e+06, 3.1083e-01
2.5310e+06, 3.1025e-01
2.5456e+06, 3.0967e-01
2.5603e+06, 3.0910e-01
2.5749e+06, 3.0853e-01
2.5896e+06, 3.0797e-01
2.6043e+06, 3.0741e-01
2.6189e+06, 3.0686e-01
2.6336e+06, 3.0631e-01
2.6482e+06, 3.0576e-01
2.6629e+06, 3.0522e-01
2.6775e+06, 3.0468e-01
2.6922e+06, 3.0415e-01
2.7069e+06, 3.0362e-01
2.7215e+06, 3.0309e-01
2.7362e+06, 3.0257e-01
2.7508e+06, 3.0205e-01
2.7655e+06, 3.0153e-01
2.7801e+06, 3.0102e-01
2.7948e+06, 3.0051e-01
2.8095e+06, 3.0001e-01
2.8241e+06, 2.9950e-01
2.8388e+06, 2.9901e-01
2.8534e+06, 2.9851e-01
2.8681e+06, 2.9802e-01
2.8827e+06, 2.9753e-01
2.8974e+06, 2.9705e-01
2.9121e+06, 2.9657e-01
2.9267e+06, 2.9609e-01
2.9414e+06, 2.9561e-01
2.9560e+06, 2.9514e-01
2.9707e+06, 2.9467e-01
2.9853e+06, 2.9420e-01
3.0000e+06, 2.9374e-01
3.0156e+06, 2.9285e-01
3.0312e+06, 2.9197e-01
3.0469e+06, 2.9109e-01
3.0625e+06, 2.9022e-01
3.0781e+06, 2.8936e-01
3.0938e+06, 2.8851e-01
3.1094e+06, 2.8766e-01
3.1250e+06, 2.8682e-01
3.1406e+06, 2.8599e-01
3.1562e+06, 2.8516e-01
3.1719e+06, 2.8434e-01
3.1875e+06, 2.8352e-01
3.2031e+06, 2.8271e-01
3.2188e+06, 2.8191e-01
3.2344e+06, 2.8111e-01
3.2500e+06, 2.8032e-01
3.2656e+06, 2.7954e-01
3.2812e+06, 2.7876e-01
3.2969e+06, 2.7799e-01
3.3125e+06, 2.7722e-01
3.3281e+06, 2.7646e-01
3.3438e+06, 2.7570e-01
3.3594e+06, 2.7495e-01
3.3750e+06, 2.7421e-01
3.3906e+06, 2.7347e-01
3.4062e+06, 2.7274e-01
3.4219e+06, 2.7201e-01
3.4375e+06, 2.7129e-01
3.4531e+06, 2.7057e-01
3.4688e+06, 2.6986e-01
3.4844e+06, 2.6915e-01
3.5000e+06, 2.6845e-01
3.5156e+06, 2.6775e-01
3.5312e+06, 2.6705e-01
3.5469e+06, 2.6637e-01
3.5625e+06, 2.6568e-01
3.5781e+06, 2.6501e-01
3.5938e+06, 2.6433e-01
3.6094e+06, 2.6366e-01
3.6250e+06, 2.6300e-01
3.6406e+06, 2.6234e-01
3.6562e+06, 2.6168e-01
3.6719e+06, 2.6103e-01
3.6875e+06, 2.6038e-01
3.7031e+06, 2.5974e-01
3.7188e+06, 2.5910e-01
3.7344e+06, 2.5847e-01
3.7500e+06, 2.5784e-01
3.7656e+06, 2.5721e-01
3.7812e+06, 2.5659e-01
3.7969e+06, 2.5598e-01
3.8125e+06, 2.5536e-01
3.8281e+06, 2.5475e-01
3.8438e+06, 2.5415e-01
3.8594e+06, 2.5355e-01
3.8750e+06, 2.5295e-01
3.8906e+06, 2.5235e-01
3.9062e+06, 2.5176e-01
3.9219e+06, 2.5118e-01
3.9375e+06, 2.5060e-01
3.9531e+06, 2.5002e-01
3.9688e+06, 2.4944e-01
3.9844e+06, 2.4887e-01
4.0000e+06, 2.4830e-01
4.0156e+06, 2.4765e-01
4.0312e+06, 2.4700e-01
4.0469e+06, 2.4635e-01
4.0625e+06, 2.4571e-01
4.0781e+06, 2.4508e-01
4.0938e+06, 2.4445e-01
4.1094e+06, 2.4382e-01
4.1250e+06, 2.4319e-01
4.1406e+06, 2.4257e-01
4.1562e+06, 2.4196e-01
4.1719e+06, 2.4135e-01
4.1875e+06, 2.4074e-01
4.2031e+06, 2.4013e-01
4.2188e+06, 2.3953e-01
4.2344e+06, 2.3893e-01
4.2500e+06, 2.3834e-01
4.2656e+06, 2.3775e-01
4.2812e+06, 2.3716e-01
4.2969e+06, 2.3658e-01
4.3125e+06, 2.3600e-01
4.3281e+06, 2.3543e-01
4.3438e+06, 2.3485e-01
4.3594e+06, 2.3429e-01
4.3750e+06, 2.3372e-01
4.3906e+06, 2.3316e-01
4.4062e+06, 2.3260e-01
4.4219e+06, 2.3204e-01
4.4375e+06, 2.3149e-01
4.4531e+06, 2.3094e-01
4.4688e+06, 2.3040e-01
4.4844e+06, 2.2986e-01
4.5000e+06, 2.2932e-01
4.5156e+06, 2.2878e-01
4.5312e+06, 2.2825e-01
4.5469e+06, 2.2772e-01
4.5625e+06, 2.2719e-01
4.5781e+06, 2.2667e-01
4.5938e+06, 2.2614e-01
4.6094e+06, 2.2563e-01
4.6250e+06, 2.2511e-01
4.6406e+06, 2.2460e-01
4.6562e+06, 2.2409e-01
4.6719e+06, 2.2358e-01
4.6875e+06, 2.2308e-01
4.7031e+06, 2.2258e-01
4.7188e+06, 2.2208e-01
4.7344e+06, 2.2159e-01
4.7500e+06, 2.2109e-01
4.7656e+06, 2.2060e-01
4.7812e+06, 2.2012e-01
4.7969e+06, 2.1963e-01
4.8125e+06, 2.1915e-01
4.8281e+06, 2.1867e-01
4.8438e+06, 2.1820e-01
4.8594e+06, 2.1772e-01
4.8750e+06, 2.1725e-01
4.8906e+06, 2.1678e-01
4.9062e+06, 2.1631e-01
4.9219e+06, 2.1585e-01
4.9375e+06, 2.1539e-01
4.9531e+06, 2.1493e-01
4.9688e+06, 2.1447e-01
4.9844e+06, 2.1402e-01
5.0000e+06, 2.1357e-01
5.0129e+06, 2.1322e-01
5.0257e+06, 2.1287e-01
5.0386e+06, 2.1252e-01
5.0514e+06, 2.1217e-01
5.0643e+06, 2.1182e-01
5.0772e+06, 2.1148e-01
5.0900e+06, 2.1114e-01
5.1029e+06, 2.1080e-01
5.1158e+06, 2.1046e-01
5.1286e+06, 2.1012e-01
5.1415e+06, 2.0978e-01
5.1543e+06, 2.0944e-01
5.1672e+06, 2.0911e-01
5.1801e+06, 2.0878e-01
5.1929e+06, 2.0844e-01
5.2058e+06, 2.0811e-01
5.2187e+06, 2.0778e-01
5.2315e+06, 2.0746e-01
5.2444e+06, 2.0713e-01
5.2572e+06, 2.0681e-01
5.2701e+06, 2.0648e-01
5.2830e+06, 2.0616e-01
5.2958e+06, 2.0584e-01
5.3087e+06, 2.0552e-01
5.3216e+06, 2.0520e-01
5.3344e+06, 2.0488e-01
5.3473e+06, 2.0457e-01
5.3601e+06, 2.0425e-01
5.3730e+06, 2.0394e-01
5.3859e+06, 2.0362e-01
5.3987e+06, 2.0331e-01
5.4116e+06, 2.0300e-01
5.4260e+06, 2.0266e-01
5.4404e+06, 2.0231e-01
5.4548e+06, 2.0197e-01
5.4692e+06, 2.0163e-01
5.5024e+06, 2.0085e-01
5.5356e+06, 2.0008e-01
5.5688e+06, 1.9931e-01
5.6019e+06, 1.9855e-01
5.6351e+06, 1.9780e-01
5.6683e+06, 1.9706e-01
5.7014e+06, 1.9632e-01
5.7346e+06, 1.9559e-01
5.7678e+06, 1.9487e-01
5.8010e+06, 1.9416e-01
5.8341e+06, 1.9345e-01
5.8673e+06, 1.9275e-01
5.9005e+06, 1.9205e-01
5.9337e+06, 1.9136e-01
5.9668e+06, 1.9068e-01
6.0000e+06, 1.9000e-01
6.0371e+06, 1.8843e-01
6.0742e+06, 1.8688e-01
6.1112e+06, 1.8535e-01
6.1483e+06, 1.8384e-01
6.1854e+06, 1.8236e-01
6.2225e+06, 1.8089e-01
6.2595e+06, 1.7945e-01
6.2966e+06, 1.7803e-01
6.3337e+06, 1.7662e-01
6.3708e+06, 1.7524e-01
6.4078e+06, 1.7387e-01
6.4449e+06, 1.7252e-01
6.4820e+06, 1.7119e-01
6.5191e+06, 1.6988e-01
6.5561e+06, 1.6858e-01
6.5932e+06, 1.6731e-01
6.6441e+06, 1.6558e-01
6.6949e+06, 1.6389e-01
6.7458e+06, 1.6222e-01
6.7966e+06, 1.6059e-01
6.8475e+06, 1.5898e-01
6.8983e+06, 1.5740e-01
6.9492e+06, 1.5585e-01
7.0000e+06, 1.5432e-01
7.0462e+06, 1.5167e-01
7.0924e+06, 1.4908e-01
7.1386e+06, 1.4656e-01
7.1848e+06, 1.4409e-01
7.2311e+06, 1.4167e-01
7.2773e+06, 1.3932e-01
7.3235e+06, 1.3701e-01
7.3697e+06, 1.3476e-01
7.4159e+06, 1.3256e-01
7.4621e+06, 1.3041e-01
7.5083e+06, 1.2831e-01
7.5545e+06, 1.2625e-01
7.6007e+06, 1.2424e-01
7.6470e+06, 1.2227e-01
7.6932e+06, 1.2035e-01
7.7394e+06, 1.1847e-01
7.7557e+06, 1.1781e-01
7.7720e+06, 1.1716e-01
7.7882e+06, 1.1652e-01
7.8045e+06, 1.1588e-01
7.8208e+06, 1.1525e-01
7.8371e+06, 1.1462e-01
7.8534e+06, 1.1399e-01
7.8697e+06, 1.1337e-01
7.8860e+06, 1.1276e-01
7.9023e+06, 1.1214e-01
7.9186e+06, 1.1154e-01
7.9348e+06, 1.1094e-01
7.9511e+06, 1.1034e-01
7.9674e+06, 1.0975e-01
7.9837e+06, 1.0916e-01
8.0000e+06, 1.0857e-01
8.0165e+06, 1.0774e-01
8.0331e+06, 1.0691e-01
8.0496e+06, 1.0609e-01
8.0661e+06, 1.0527e-01
8.0827e+06, 1.0447e-01
8.0992e+06, 1.0367e-01
8.1158e+06, 1.0288e-01
8.1323e+06, 1.0210e-01
8.1488e+06, 1.0133e-01
8.1654e+06, 1.0056e-01
8.1819e+06, 9.9800e-02
8.1984e+06, 9.9048e-02
8.2150e+06, 9.8303e-02
8.2315e+06, 9.7565e-02
8.2481e+06, 9.6834e-02
8.2646e+06, 9.6109e-02
8.2811e+06, 9.5392e-02
8.2977e+06, 9.4682e-02
8.3142e+06, 9.3978e-02
8.3307e+06, 9.3281e-02
8.3473e+06, 9.2590e-02
8.3638e+06, 9.1906e-02
8.3804e+06, 9.1228e-02
8.3969e+06, 9.0557e-02
8.4134e+06, 8.9892e-02
8.4300e+06, 8.9233e-02
8.4465e+06, 8.8580e-02
8.4630e+06, 8.7933e-02
8.4796e+06, 8.7292e-02
8.4961e+06, 8.6657e-02
8.5127e+06, 8.6028e-02
8.5292e+06, 8.5404e-02
8.5439e+06, 8.4854e-02
8.5586e+06, 8.4309e-02
8.5733e+06, 8.3768e-02
8.5880e+06, 8.3232e-02
8.6028e+06, 8.2700e-02
8.6175e+06, 8.2172e-02
8.6322e+06, 8.1648e-02
8.6469e+06, 8.1129e-02
8.6616e+06, 8.0613e-02
8.6763e+06, 8.0102e-02
8.6910e+06, 7.9595e-02
8.7057e+06, 7.9093e-02
8.7205e+06, 7.8594e-02
8.7352e+06, 7.8099e-02
8.7499e+06, 7.7608e-02
8.7646e+06, 7.7121e-02
8.7793e+06, 7.6638e-02
8.7940e+06, 7.6158e-02
8.8087e+06, 7.5683e-02
8.8234e+06, 7.5211e-02
8.8382e+06, 7.4743e-02
8.8529e+06, 7.4278e-02
8.8676e+06, 7.3817e-02
8.8823e+06, 7.3360e-02
8.8970e+06, 7.2907e-02
8.9117e+06, 7.2457e-02
8.9264e+06, 7.2010e-02
8.9411e+06, 7.1567e-02
8.9559e+06, 7.1128e-02
8.9706e+06, 7.0691e-02
8.9853e+06, 7.0259e-02
9.0000e+06, 6.9829e-02
9.0137e+06, 6.9361e-02
9.0274e+06, 6.8897e-02
9.0412e+06, 6.8436e-02
9.0549e+06, 6.7979e-02
9.0686e+06, 6.7526e-02
9.0823e+06, 6.7077e-02
9.0960e+06, 6.6631e-02
9.1098e+06, 6.6189e-02
9.1235e+06, 6.5751e-02
9.1372e+06, 6.5316e-02
9.1509e+06, 6.4885e-02
9.1646e+06, 6.4457e-02
9.1784e+06, 6.4033e-02
9.1921e+06, 6.3612e-02
9.2058e+06, 6.3194e-02
9.2195e+06, 6.2780e-02
9.2332e+06, 6.2369e-02
9.2470e+06, 6.1961e-02
9.2607e+06, 6.1557e-02
9.2744e+06, 6.1156e-02
9.2881e+06, 6.0758e-02
9.3018e+06, 6.0363e-02
9.3156e+06, 5.9971e-02
9.3293e+06, 5.9583e-02
9.3430e+06, 5.9197e-02
9.3567e+06, 5.8815e-02
9.3704e+06, 5.8436e-02
9.3842e+06, 5.8059e-02
9.3979e+06, 5.7686e-02
9.4116e+06, 5.7316e-02
9.4253e+06, 5.6948e-02
9.4390e+06, 5.6583e-02
9.4528e+06, 5.6222e-02
9.4665e+06, 5.5863e-02
9.4802e+06, 5.5507e-02
9.4939e+06, 5.5153e-02
9.5076e+06, 5.4803e-02
9.5214e+06, 5.4455e-02
9.5351e+06, 5.4110e-02
9.5488e+06, 5.3767e-02
9.5625e+06, 5.3427e-02
9.5762e+06, 5.3090e-02
9.5900e+06, 5.2755e-02
9.6037e+06, 5.2423e-02
9.6174e+06, 5.2094e-02
9.6311e+06, 5.1767e-02
9.6448e+06, 5.1443e-02
9.6586e+06, 5.1121e-02
9.6723e+06, 5.0801e-02
9.6860e+06, 5.0484e-02
9.6997e+06, 5.0170e-02
9.7134e+06, 4.9857e-02
9.7272e+06, 4.9548e-02
9.7409e+06, 4.9240e-02
9.7546e+06, 4.8935e-02
9.7683e+06, 4.8632e-02
9.7820e+06, 4.8332e-02
9.7958e+06, 4.8034e-02
9.8095e+06, 4.7738e-02
9.8232e+06, 4.7444e-02
9.8369e+06, 4.7152e-02
9.8506e+06, 4.6863e-02
9.8644e+06, 4.6576e-02
9.8781e+06, 4.6291e-02
9.8933e+06, 4.5977e-02
9.9086e+06, 4.5665e-02
9.9238e+06, 4.5356e-02
9.9390e+06, 4.5050e-02
9.9543e+06, 4.4746e-02
9.9695e+06, 4.4445e-02
9.9848e+06, 4.4146e-02
1.0000e+07, 4.3850e-02
1.0015e+07, 4.3367e-02
1.0031e+07, 4.2891e-02
1.0046e+07, 4.2420e-02
1.0061e+07, 4.1955e-02
1.0076e+07, 4.1496e-02
1.0092e+07, 4.1043e-02
1.0107e+07, 4.0596e-02
1.0122e+07, 4.0154e-02
1.0137e+07, 3.9717e-02
1.0153e+07, 3.9286e-02
1.0168e+07, 3.8861e-02
1.0183e+07, 3.8440e-02
1.0198e+07, 3.8025e-02
1.0214e+07, 3.7614e-02
1.0229e+07, 3.7209e-02
1.0244e+07, 3.6809e-02
1.0259e+07, 3.6413e-02
1.0275e+07, 3.6023e-02
1.0290e+07, 3.5637e-02
1.0305e+07, 3.5256e-02
1.0320e+07, 3.4879e-02
1.0336e+07, 3.4507e-02
1.0351e+07, 3.4140e-02
1.0366e+07, 3.3777e-02
1.0381e+07, 3.3418e-02
1.0397e+07, 3.3064e-02
1.0412e+07, 3.2714e-02
1.0427e+07, 3.2368e-02
1.0442e+07, 3.2027e-02
1.0458e+07, 3.1689e-02
1.0473e+07, 3.1356e-02
1.0488e+07, 3.1026e-02
1.0504e+07, 3.0685e-02
1.0520e+07, 3.0348e-02
1.0536e+07, 3.0015e-02
1.0552e+07, 2.9686e-02
1.0568e+07, 2.9361e-02
1.0584e+07, 2.9041e-02
1.0600e+07, 2.8724e-02
1.0616e+07, 2.8411e-02
1.0632e+07, 2.8103e-02
1.0648e+07, 2.7797e-02
1.0664e+07, 2.7496e-02
1.0680e+07, 2.7199e-02
1.0696e+07, 2.6905e-02
1.0712e+07, 2.6615e-02
1.0728e+07, 2.6328e-02
1.0744e+07, 2.6045e-02
1.0760e+07, 2.5765e-02
1.0776e+07, 2.5488e-02
1.0792e+07, 2.5215e-02
1.0808e+07, 2.4946e-02
1.0824e+07, 2.4679e-02
1.0840e+07, 2.4416e-02
1.0856e+07, 2.4156e-02
1.0872e+07, 2.3899e-02
1.0888e+07, 2.3646e-02
1.0904e+07, 2.3395e-02
1.0920e+07, 2.3147e-02
1.0936e+07, 2.2903e-02
1.0952e+07, 2.2661e-02
1.0968e+07, 2.2422e-02
1.0984e+07, 2.2186e-02
1.1000e+07, 2.1953e-02
1.1015e+07, 2.1739e-02
1.1031e+07, 2.1528e-02
1.1046e+07, 2.1319e-02
1.1061e+07, 2.1112e-02
1.1076e+07, 2.0907e-02
1.1092e+07, 2.0705e-02
1.1107e+07, 2.0505e-02
1.1122e+07, 2.0307e-02
1.1138e+07, 2.0111e-02
1.1153e+07, 1.9918e-02
1.1168e+07, 1.9726e-02
1.1183e+07, 1.9537e-02
1.1199e+07, 1.9350e-02
1.1214e+07, 1.9165e-02
1.1229e+07, 1.8982e-02
1.1245e+07, 1.8801e-02
1.1260e+07, 1.8621e-02
1.1275e+07, 1.8444e-02
1.1290e+07, 1.8269e-02
1.1306e+07, 1.8095e-02
1.1321e+07, 1.7924e-02
1.1336e+07, 1.7754e-02
1.1352e+07, 1.7586e-02
1.1367e+07, 1.7420e-02
1.1382e+07, 1.7256e-02
1.1397e+07, 1.7093e-02
1.1413e+07, 1.6933e-02
1.1428e+07, 1.6774e-02
1.1443e+07, 1.6616e-02
1.1459e+07, 1.6461e-02
1.1474e+07, 1.6307e-02
1.1489e+07, 1.6154e-02
1.1505e+07, 1.5997e-02
1.1521e+07, 1.5841e-02
1.1537e+07, 1.5687e-02
1.1553e+07, 1.5535e-02
1.1569e+07, 1.5385e-02
1.1585e+07, 1.5236e-02
1.1601e+07, 1.5089e-02
1.1617e+07, 1.4943e-02
1.1633e+07, 1.4799e-02
1.1649e+07, 1.4657e-02
1.1665e+07, 1.4516e-02
1.1681e+07, 1.4377e-02
1.1697e+07, 1.4239e-02
1.1713e+07, 1.4103e-02
1.1729e+07, 1.3968e-02
1.1745e+07, 1.3834e-02
1.1761e+07, 1.3702e-02
1.1776e+07, 1.3572e-02
1.1792e+07, 1.3443e-02
1.1808e+07, 1.3315e-02
1.1824e+07, 1.3189e-02
1.1840e+07, 1.3064e-02
1.1856e+07, 1.2941e-02
1.1872e+07, 1.2819e-02
1.1888e+07, 1.2698e-02
1.1904e+07, 1.2578e-02
1.1920e+07, 1.2460e-02
1.1936e+07, 1.2343e-02
1.1952e+07, 1.2227e-02
1.1968e+07, 1.2113e-02
1.1984e+07, 1.1999e-02
1.2000e+07, 1.1887e-02
1.2015e+07, 1.1770e-02
1.2031e+07, 1.1654e-02
1.2046e+07, 1.1540e-02
1.2061e+07, 1.1427e-02
1.2077e+07, 1.1315e-02
1.2092e+07, 1.1204e-02
1.2107e+07, 1.1095e-02
1.2122e+07, 1.0986e-02
1.2138e+07, 1.0879e-02
1.2153e+07, 1.0773e-02
1.2168e+07, 1.0669e-02
1.2184e+07, 1.0565e-02
1.2199e+07, 1.0463e-02
1.2214e+07, 1.0361e-02
1.2230e+07, 1.0261e-02
1.2245e+07, 1.0162e-02
1.2260e+07, 1.0064e-02
1.2276e+07, 9.9670e-03
1.2291e+07, 9.8711e-03
1.2306e+07, 9.7763e-03
1.2322e+07, 9.6824e-03
1.2337e+07, 9.5895e-03
1.2352e+07, 9.4977e-03
1.2368e+07, 9.4069e-03
1.2383e+07, 9.3170e-03
1.2398e+07, 9.2281e-03
1.2413e+07, 9.1402e-03
1.2429e+07, 9.0532e-03
1.2444e+07, 8.9671e-03
1.2459e+07, 8.8820e-03
1.2475e+07, 8.7977e-03
1.2490e+07, 8.7144e-03
1.2506e+07, 8.6286e-03
1.2522e+07, 8.5438e-03
1.2538e+07, 8.4599e-03
1.2554e+07, 8.3770e-03
1.2570e+07, 8.2949e-03
1.2586e+07, 8.2137e-03
1.2602e+07, 8.1335e-03
1.2618e+07, 8.0542e-03
1.2633e+07, 7.9757e-03
1.2649e+07, 7.8980e-03
1.2665e+07, 7.8212e-03
1.2681e+07, 7.7454e-03
1.2697e+07, 7.6702e-03
1.2713e+07, 7.5959e-03
1.2729e+07, 7.5225e-03
1.2745e+07, 7.4498e-03
1.2761e+07, 7.3779e-03
1.2777e+07, 7.3068e-03
1.2793e+07, 7.2365e-03
1.2809e+07, 7.1670e-03
1.2825e+07, 7.0982e-03
1.2841e+07, 7.0301e-03
1.2857e+07, 6.9628e-03
1.2872e+07, 6.8962e-03
1.2888e+07, 6.8303e-03
1.2904e+07, 6.7651e-03
1.2920e+07, 6.7007e-03
1.2936e+07, 6.6369e-03
1.2952e+07, 6.5738e-03
1.2968e+07, 6.5114e-03
1.2984e+07, 6.4496e-03
1.3000e+07, 6.3886e-03
1.3015e+07, 6.3363e-03
1.3031e+07, 6.2846e-03
1.3046e+07, 6.2333e-03
1.3061e+07, 6.1825e-03
1.3077e+07, 6.1322e-03
1.3092e+07, 6.0823e-03
1.3107e+07, 6.0329e-03
1.3123e+07, 5.9840e-03
1.3138e+07, 5.9355e-03
1.3153e+07, 5.8875e-03
1.3169e+07, 5.8399e-03
1.3184e+07, 5.7927e-03
1.3199e+07, 5.7460e-03
1.3215e+07, 5.6998e-03
1.3230e+07, 5.6539e-03
1.3245e+07, 5.6085e-03
1.3261e+07, 5.5635e-03
1.3276e+07, 5.5189e-03
1.3291e+07, 5.4747e-03
1.3307e+07, 5.4309e-03
1.3322e+07, 5.3875e-03
1.3337e+07, 5.3445e-03
1.3353e+07, 5.3019e-03
1.3368e+07, 5.2597e-03
1.3383e+07, 5.2178e-03
1.3399e+07, 5.1764e-03
1.3414e+07, 5.1353e-03
1.3429e+07, 5.0946e-03
1.3445e+07, 5.0542e-03
1.3460e+07, 5.0143e-03
1.3475e+07, 4.9747e-03
1.3491e+07, 4.9354e-03
1.3507e+07, 4.8951e-03
1.3523e+07, 4.8551e-03
1.3538e+07, 4.8154e-03
1.3554e+07, 4.7762e-03
1.3570e+07, 4.7373e-03
1.3586e+07, 4.6988e-03
1.3602e+07, 4.6606e-03
1.3618e+07, 4.6228e-03
1.3634e+07, 4.5854e-03
1.3650e+07, 4.5483e-03
1.3666e+07, 4.5115e-03
1.3682e+07, 4.4751e-03
1.3698e+07, 4.4390e-03
1.3714e+07, 4.4032e-03
1.3729e+07, 4.3678e-03
1.3745e+07, 4.3327e-03
1.3761e+07, 4.2979e-03
1.3777e+07, 4.2634e-03
1.3793e+07, 4.2293e-03
1.3809e+07, 4.1955e-03
1.3825e+07, 4.1619e-03
1.3841e+07, 4.1287e-03
1.3857e+07, 4.0958e-03
1.3873e+07, 4.0632e-03
1.3889e+07, 4.0309e-03
1.3905e+07, 3.9988e-03
1.3920e+07, 3.9671e-03
1.3936e+07, 3.9357e-03
1.3952e+07, 3.9045e-03
1.3968e+07, 3.8736e-03
1.3984e+07, 3.8430e-03
1.4000e+07, 3.8127e-03
1.4062e+07, 3.7389e-03
1.4125e+07, 3.6669e-03
1.4188e+07, 3.5966e-03
1.4250e+07, 3.5279e-03
1.4312e+07, 3.4609e-03
1.4375e+07, 3.3953e-03
1.4438e+07, 3.3313e-03
1.4500e+07, 3.2688e-03
1.4565e+07, 3.2049e-03
1.4631e+07, 3.1425e-03
1.4696e+07, 3.0816e-03
1.4762e+07, 3.0222e-03
1.4821e+07, 2.9693e-03
1.4881e+07, 2.9175e-03
1.4940e+07, 2.8668e-03
1.5000e+07, 2.8172e-03
1.5030e+07, 2.8006e-03
1.5060e+07, 2.7841e-03
1.5090e+07, 2.7677e-03
1.5120e+07, 2.7515e-03
1.5150e+07, 2.7354e-03
1.5180e+07, 2.7194e-03
1.5210e+07, 2.7036e-03
1.5240e+07, 2.6879e-03
1.5270e+07, 2.6722e-03
1.5301e+07, 2.6568e-03
1.5331e+07, 2.6414e-03
1.5361e+07, 2.6262e-03
1.5391e+07, 2.6110e-03
1.5421e+07, 2.5960e-03
1.5451e+07, 2.5811e-03
1.5481e+07, 2.5663e-03
1.5511e+07, 2.5517e-03
1.5541e+07, 2.5371e-03
1.5571e+07, 2.5226e-03
1.5601e+07, 2.5083e-03
1.5631e+07, 2.4941e-03
1.5661e+07, 2.4800e-03
1.5691e+07, 2.4659e-03
1.5721e+07, 2.4520e-03
1.5751e+07, 2.4382e-03
1.5781e+07, 2.4245e-03
1.5811e+07, 2.4109e-03
1.5841e+07, 2.3974e-03
1.5872e+07, 2.3841e-03
1.5902e+07, 2.3708e-03
1.5932e+07, 2.3576e-03
1.5962e+07, 2.3445e-03
1.5971e+07, 2.3403e-03
1.5981e+07, 2.3362e-03
1.5990e+07, 2.3320e-03
1.6000e+07, 2.3279e-03
1.6062e+07, 2.3118e-03
1.6125e+07, 2.2959e-03
1.6188e+07, 2.2802e-03
1.6250e+07, 2.2646e-03
1.6312e+07, 2.2492e-03
1.6375e+07, 2.2339e-03
1.6438e+07, 2.2188e-03
1.6500e+07, 2.2039e-03
1.6562e+07, 2.1891e-03
1.6625e+07, 2.1745e-03
1.6688e+07, 2.1600e-03
1.6750e+07, 2.1457e-03
1.6812e+07, 2.1315e-03
1.6875e+07, 2.1175e-03
1.6938e+07, 2.1036e-03
1.7000e+07, 2.0898e-03
1.7054e+07, 2.0807e-03
1.7109e+07, 2.0717e-03
1.7163e+07, 2.0627e-03
1.7217e+07, 2.0538e-03
1.7272e+07, 2.0449e-03
1.7326e+07, 2.0362e-03
1.7380e+07, 2.0275e-03
1.7434e+07, 2.0188e-03
1.7435e+07, 2.0188e-03
1.7505e+07, 2.0076e-03
1.7576e+07, 1.9966e-03
1.7647e+07, 1.9856e-03
1.7717e+07, 1.9748e-03
1.7788e+07, 1.9640e-03
1.7859e+07, 1.9534e-03
1.7929e+07, 1.9428e-03
1.8000e+07, 1.9324e-03
1.8125e+07, 1.9167e-03
1.8250e+07, 1.9013e-03
1.8375e+07, 1.8861e-03
1.8500e+07, 1.8711e-03
1.8625e+07, 1.8563e-03
1.8750e+07, 1.8417e-03
1.8875e+07, 1.8274e-03
1.9000e+07, 1.8132e-03
1.9125e+07, 1.8047e-03
1.9250e+07, 1.7962e-03
1.9375e+07, 1.7878e-03
1.9500e+07, 1.7796e-03
1.9625e+07, 1.7714e-03
1.9750e+07, 1.7633e-03
1.9875e+07, 1.7552e-03
2.0000e+07, 1.7473e-03
