ebin, xs
1.0000e-05, 1.9426e-01
1.0625e-05, 1.8846e-01
1.1250e-05, 1.8315e-01
1.1875e-05, 1.7826e-01
1.2500e-05, 1.7375e-01
1.3750e-05, 1.6566e-01
1.5000e-05, 1.5861e-01
1.6250e-05, 1.5239e-01
1.7500e-05, 1.4684e-01
1.8750e-05, 1.4187e-01
2.0000e-05, 1.3736e-01
2.1875e-05, 1.3134e-01
2.3750e-05, 1.2605e-01
2.5625e-05, 1.2135e-01
2.7500e-05, 1.1714e-01
2.9375e-05, 1.1334e-01
3.1250e-05, 1.0989e-01
3.3125e-05, 1.0673e-01
3.5000e-05, 1.0383e-01
3.7500e-05, 1.0031e-01
4.0000e-05, 9.7128e-02
4.2500e-05, 9.4228e-02
4.6250e-05, 9.0328e-02
5.0000e-05, 8.6874e-02
5.3125e-05, 8.4280e-02
5.6250e-05, 8.1906e-02
5.9375e-05, 7.9721e-02
6.2500e-05, 7.7703e-02
6.8750e-05, 7.4087e-02
7.5000e-05, 7.0933e-02
8.0000e-05, 6.8680e-02
8.7500e-05, 6.5671e-02
9.3750e-05, 6.3444e-02
1.0000e-04, 6.1429e-02
1.0625e-04, 5.9595e-02
1.1250e-04, 5.7916e-02
1.1875e-04, 5.6371e-02
1.2500e-04, 5.4944e-02
1.3750e-04, 5.2387e-02
1.5000e-04, 5.0157e-02
1.6250e-04, 4.8189e-02
1.7500e-04, 4.6436e-02
1.8750e-04, 4.4862e-02
2.0000e-04, 4.3437e-02
2.1875e-04, 4.1534e-02
2.3750e-04, 3.9861e-02
2.5625e-04, 3.8375e-02
2.7500e-04, 3.7043e-02
2.9375e-04, 3.5842e-02
3.1250e-04, 3.4750e-02
3.3125e-04, 3.3752e-02
3.5000e-04, 3.2835e-02
3.7500e-04, 3.1722e-02
4.0000e-04, 3.0715e-02
4.2500e-04, 2.9798e-02
4.6250e-04, 2.8564e-02
5.0000e-04, 2.7472e-02
5.3125e-04, 2.6652e-02
5.6250e-04, 2.5901e-02
5.9375e-04, 2.5210e-02
6.2500e-04, 2.4572e-02
6.8750e-04, 2.3428e-02
7.5000e-04, 2.2431e-02
8.0000e-04, 2.1719e-02
8.7500e-04, 2.0767e-02
9.3750e-04, 2.0063e-02
1.0000e-03, 1.9426e-02
1.0625e-03, 1.8846e-02
1.1250e-03, 1.8315e-02
1.1875e-03, 1.7826e-02
1.2500e-03, 1.7375e-02
1.3750e-03, 1.6566e-02
1.5000e-03, 1.5861e-02
1.6250e-03, 1.5239e-02
1.7500e-03, 1.4684e-02
1.8750e-03, 1.4186e-02
2.0000e-03, 1.3736e-02
2.1875e-03, 1.3134e-02
2.3750e-03, 1.2605e-02
2.5625e-03, 1.2135e-02
2.7500e-03, 1.1714e-02
2.9375e-03, 1.1334e-02
3.1250e-03, 1.0989e-02
3.3125e-03, 1.0673e-02
3.5000e-03, 1.0383e-02
3.7500e-03, 1.0031e-02
4.0000e-03, 9.7128e-03
4.2500e-03, 9.4228e-03
4.6250e-03, 9.0327e-03
5.0000e-03, 8.6874e-03
5.3125e-03, 8.4280e-03
5.6250e-03, 8.1905e-03
5.9375e-03, 7.9721e-03
6.2500e-03, 7.7702e-03
6.8750e-03, 7.4086e-03
7.5000e-03, 7.0932e-03
8.0000e-03, 6.8679e-03
8.7500e-03, 6.5670e-03
9.3750e-03, 6.3443e-03
1.0000e-02, 6.1429e-03
1.0625e-02, 5.9595e-03
1.1250e-02, 5.7916e-03
1.1875e-02, 5.6371e-03
1.2500e-02, 5.4944e-03
1.3750e-02, 5.2387e-03
1.5000e-02, 5.0156e-03
1.6250e-02, 4.8189e-03
1.7500e-02, 4.6436e-03
1.8750e-02, 4.4861e-03
2.0000e-02, 4.3437e-03
2.1325e-02, 4.2066e-03
2.2650e-02, 4.0817e-03
2.3975e-02, 3.9673e-03
2.5300e-02, 3.8620e-03
2.7230e-02, 3.7226e-03
2.9159e-02, 3.5974e-03
3.1089e-02, 3.4839e-03
3.3019e-02, 3.3806e-03
3.6878e-02, 3.1988e-03
4.0738e-02, 3.0435e-03
4.5369e-02, 2.8840e-03
5.0000e-02, 2.7472e-03
5.0600e-02, 2.7308e-03
5.2088e-02, 2.6916e-03
5.3575e-02, 2.6539e-03
5.6550e-02, 2.5832e-03
6.2500e-02, 2.4572e-03
6.8750e-02, 2.3428e-03
7.5000e-02, 2.2431e-03
8.1250e-02, 2.1551e-03
8.7500e-02, 2.0767e-03
1.0000e-01, 1.9426e-03
1.1250e-01, 1.8315e-03
1.2500e-01, 1.7375e-03
1.3750e-01, 1.6567e-03
1.5000e-01, 1.5861e-03
1.6250e-01, 1.5239e-03
1.7500e-01, 1.4685e-03
2.0000e-01, 1.3736e-03
2.1875e-01, 1.3134e-03
2.3750e-01, 1.2605e-03
2.7500e-01, 1.1715e-03
3.1250e-01, 1.0989e-03
3.5000e-01, 1.0384e-03
4.0000e-01, 9.7134e-04
4.2500e-01, 9.4232e-04
5.0000e-01, 8.6875e-04
6.2500e-01, 7.7705e-04
7.5000e-01, 7.0936e-04
8.0000e-01, 6.8682e-04
8.7500e-01, 6.5673e-04
1.0000e+00, 6.1436e-04
1.2500e+00, 5.4946e-04
1.5000e+00, 5.0167e-04
1.7500e+00, 4.6447e-04
2.0000e+00, 4.3451e-04
2.3750e+00, 3.9869e-04
2.7500e+00, 3.7063e-04
3.5000e+00, 3.2851e-04
4.0000e+00, 3.0730e-04
4.2500e+00, 2.9814e-04
5.0000e+00, 2.7482e-04
6.2500e+00, 2.4585e-04
7.5000e+00, 2.2447e-04
8.0000e+00, 2.1731e-04
8.7500e+00, 2.0783e-04
1.0000e+01, 1.9440e-04
1.2500e+01, 1.7396e-04
1.5000e+01, 1.5891e-04
1.7500e+01, 1.4722e-04
2.0000e+01, 1.3772e-04
2.7500e+01, 1.1761e-04
3.5000e+01, 1.0431e-04
4.0000e+01, 9.7572e-05
4.2500e+01, 9.4707e-05
5.0000e+01, 8.7323e-05
6.2500e+01, 7.8170e-05
7.5000e+01, 7.1405e-05
8.0000e+01, 6.9126e-05
8.7500e+01, 6.6146e-05
1.0000e+02, 6.1873e-05
1.2500e+02, 5.5682e-05
1.5000e+02, 5.1100e-05
1.7500e+02, 4.7527e-05
2.0000e+02, 4.4601e-05
2.7500e+02, 3.8400e-05
3.5000e+02, 3.4263e-05
4.0000e+02, 3.2152e-05
4.2500e+02, 3.1260e-05
5.0000e+02, 2.8939e-05
6.2500e+02, 2.6052e-05
7.5000e+02, 2.3906e-05
8.0000e+02, 2.3178e-05
8.7500e+02, 2.2230e-05
1.0000e+03, 2.0862e-05
1.2500e+03, 1.9065e-05
1.5000e+03, 1.7719e-05
1.7500e+03, 1.6654e-05
2.0000e+03, 1.5771e-05
2.1810e+03, 1.5356e-05
2.1875e+03, 1.5342e-05
2.2051e+03, 1.5306e-05
2.2227e+03, 1.5270e-05
2.2578e+03, 1.5198e-05
2.3281e+03, 1.5053e-05
2.4688e+03, 1.4794e-05
2.7500e+03, 1.4305e-05
3.5000e+03, 1.3284e-05
4.0000e+03, 1.2745e-05
4.2500e+03, 1.2517e-05
5.0000e+03, 1.1901e-05
6.2500e+03, 1.1500e-05
7.5000e+03, 1.1186e-05
8.7500e+03, 1.0921e-05
1.0000e+04, 1.0691e-05
1.2500e+04, 1.0708e-05
1.5000e+04, 1.0725e-05
1.7500e+04, 1.0742e-05
2.0000e+04, 1.0760e-05
2.3750e+04, 1.1119e-05
2.3784e+04, 1.1122e-05
2.7085e+04, 1.1402e-05
2.7500e+04, 1.1433e-05
2.8438e+04, 1.1503e-05
2.9375e+04, 1.1572e-05
3.1250e+04, 1.1712e-05
3.5000e+04, 1.1967e-05
3.8750e+04, 1.2205e-05
4.0000e+04, 1.2285e-05
4.2500e+04, 1.2418e-05
5.0000e+04, 1.2820e-05
6.2500e+04, 1.3767e-05
6.7713e+04, 1.4133e-05
6.8750e+04, 1.4200e-05
7.4645e+04, 1.4583e-05
7.5000e+04, 1.4604e-05
7.6425e+04, 1.4689e-05
7.7849e+04, 1.4774e-05
8.0699e+04, 1.4944e-05
8.6398e+04, 1.5284e-05
8.7500e+04, 1.5344e-05
1.0000e+05, 1.6020e-05
1.2500e+05, 1.7335e-05
1.5000e+05, 1.8650e-05
1.7500e+05, 1.9760e-05
2.0000e+05, 2.0870e-05
2.2500e+05, 2.1845e-05
2.5000e+05, 2.2820e-05
2.7500e+05, 2.3650e-05
3.0000e+05, 2.4480e-05
3.2500e+05, 2.5247e-05
3.5000e+05, 2.6015e-05
4.0000e+05, 2.7426e-05
4.5000e+05, 2.8620e-05
5.0000e+05, 2.9713e-05
5.5000e+05, 3.0657e-05
6.0000e+05, 3.1602e-05
6.5000e+05, 3.2424e-05
7.0000e+05, 3.3245e-05
7.5000e+05, 3.3988e-05
8.0000e+05, 3.4731e-05
8.5000e+05, 3.5426e-05
9.0000e+05, 3.6120e-05
9.5000e+05, 3.6813e-05
1.0000e+06, 3.7506e-05
1.1000e+06, 3.8734e-05
1.2000e+06, 3.9962e-05
1.3000e+06, 4.1013e-05
1.4000e+06, 4.2064e-05
1.5000e+06, 4.2999e-05
1.6000e+06, 4.3934e-05
1.7000e+06, 4.4777e-05
1.8000e+06, 4.5620e-05
1.9000e+06, 4.6383e-05
2.0000e+06, 4.7145e-05
2.0100e+06, 4.7209e-05
2.0200e+06, 4.7273e-05
2.0300e+06, 4.7337e-05
2.0400e+06, 4.7401e-05
2.0500e+06, 4.7466e-05
2.0550e+06, 4.7498e-05
2.0600e+06, 4.7530e-05
2.0625e+06, 4.7546e-05
2.0638e+06, 4.7554e-05
2.0650e+06, 4.7562e-05
2.0662e+06, 4.7570e-05
2.0675e+06, 4.7578e-05
2.0681e+06, 4.7582e-05
2.0688e+06, 4.7586e-05
2.0700e+06, 4.7594e-05
2.0709e+06, 4.7599e-05
2.0718e+06, 4.7605e-05
2.0726e+06, 4.7610e-05
2.0731e+06, 4.7613e-05
2.0735e+06, 4.7616e-05
2.0752e+06, 4.7627e-05
2.0761e+06, 4.7633e-05
2.0766e+06, 4.7636e-05
2.0770e+06, 4.7638e-05
2.0772e+06, 4.7640e-05
2.0779e+06, 4.7644e-05
2.0786e+06, 4.7649e-05
2.0800e+06, 4.7658e-05
2.0812e+06, 4.7666e-05
2.0819e+06, 4.7670e-05
2.0825e+06, 4.7674e-05
2.0838e+06, 4.7682e-05
2.0844e+06, 4.7686e-05
2.0850e+06, 4.7690e-05
2.0862e+06, 4.7698e-05
2.0875e+06, 4.7706e-05
2.0900e+06, 4.7722e-05
2.0950e+06, 4.7754e-05
2.1000e+06, 4.7786e-05
2.1100e+06, 4.7850e-05
2.1200e+06, 4.7914e-05
2.1300e+06, 4.7978e-05
2.1400e+06, 4.8042e-05
2.1500e+06, 4.8106e-05
2.1600e+06, 4.8170e-05
2.1800e+06, 4.8298e-05
2.2000e+06, 4.8426e-05
2.2200e+06, 4.8554e-05
2.2400e+06, 4.8682e-05
2.2600e+06, 4.8810e-05
2.2800e+06, 4.8938e-05
2.3000e+06, 4.9067e-05
2.3200e+06, 4.9195e-05
2.3400e+06, 4.9323e-05
2.3600e+06, 4.9451e-05
2.3800e+06, 4.9579e-05
2.4000e+06, 4.9707e-05
2.4200e+06, 4.9835e-05
2.4400e+06, 4.9963e-05
2.4600e+06, 5.0091e-05
2.4800e+06, 5.0219e-05
2.5000e+06, 5.0347e-05
2.5200e+06, 5.0463e-05
2.5400e+06, 5.0579e-05
2.5600e+06, 5.0695e-05
2.5800e+06, 5.0811e-05
2.6000e+06, 5.0927e-05
2.6200e+06, 5.1043e-05
2.6400e+06, 5.1159e-05
2.6600e+06, 5.1275e-05
2.6800e+06, 5.1391e-05
2.7000e+06, 5.1507e-05
2.7200e+06, 5.1623e-05
2.7400e+06, 5.1739e-05
2.7600e+06, 5.1855e-05
2.7800e+06, 5.1971e-05
2.8000e+06, 5.2087e-05
2.8050e+06, 5.2116e-05
2.8075e+06, 5.2130e-05
2.8100e+06, 5.2145e-05
2.8116e+06, 5.2154e-05
2.8124e+06, 5.2159e-05
2.8128e+06, 5.2161e-05
2.8132e+06, 5.2164e-05
2.8141e+06, 5.2168e-05
2.8145e+06, 5.2171e-05
2.8149e+06, 5.2173e-05
2.8151e+06, 5.2174e-05
2.8153e+06, 5.2176e-05
2.8155e+06, 5.2177e-05
2.8157e+06, 5.2178e-05
2.8159e+06, 5.2179e-05
2.8161e+06, 5.2180e-05
2.8163e+06, 5.2181e-05
2.8164e+06, 5.2182e-05
2.8165e+06, 5.2183e-05
2.8166e+06, 5.2183e-05
2.8167e+06, 5.2184e-05
2.8169e+06, 5.2185e-05
2.8174e+06, 5.2188e-05
2.8176e+06, 5.2189e-05
2.8178e+06, 5.2190e-05
2.8180e+06, 5.2191e-05
2.8182e+06, 5.2193e-05
2.8187e+06, 5.2195e-05
2.8189e+06, 5.2197e-05
2.8191e+06, 5.2198e-05
2.8200e+06, 5.2203e-05
2.8215e+06, 5.2212e-05
2.8230e+06, 5.2220e-05
2.8260e+06, 5.2238e-05
2.8300e+06, 5.2261e-05
2.8400e+06, 5.2319e-05
2.8500e+06, 5.2377e-05
2.8600e+06, 5.2435e-05
2.8700e+06, 5.2493e-05
2.8800e+06, 5.2551e-05
2.8900e+06, 5.2609e-05
2.9000e+06, 5.2667e-05
2.9100e+06, 5.2725e-05
2.9200e+06, 5.2783e-05
2.9300e+06, 5.2841e-05
2.9400e+06, 5.2899e-05
2.9450e+06, 5.2928e-05
2.9500e+06, 5.2957e-05
2.9550e+06, 5.2986e-05
2.9600e+06, 5.3015e-05
2.9650e+06, 5.3044e-05
2.9700e+06, 5.3073e-05
2.9750e+06, 5.3102e-05
2.9800e+06, 5.3131e-05
2.9850e+06, 5.3160e-05
2.9900e+06, 5.3189e-05
2.9950e+06, 5.3218e-05
3.0000e+06, 5.3247e-05
3.0050e+06, 5.3275e-05
3.0100e+06, 5.3303e-05
3.0200e+06, 5.3360e-05
3.0300e+06, 5.3417e-05
3.0400e+06, 5.3474e-05
3.0500e+06, 5.3530e-05
3.0600e+06, 5.3587e-05
3.0700e+06, 5.3644e-05
3.0800e+06, 5.3701e-05
3.0900e+06, 5.3757e-05
3.1000e+06, 5.3814e-05
3.1100e+06, 5.3871e-05
3.1200e+06, 5.3928e-05
3.1300e+06, 5.3984e-05
3.1400e+06, 5.4041e-05
3.1500e+06, 5.4098e-05
3.1600e+06, 5.4155e-05
3.1700e+06, 5.4212e-05
3.1800e+06, 5.4268e-05
3.1900e+06, 5.4325e-05
3.2000e+06, 5.4382e-05
3.2100e+06, 5.4439e-05
3.2200e+06, 5.4495e-05
3.2300e+06, 5.4552e-05
3.2400e+06, 5.4609e-05
3.2500e+06, 5.4666e-05
3.2600e+06, 5.4722e-05
3.2700e+06, 5.4779e-05
3.2800e+06, 5.4836e-05
3.2900e+06, 5.4893e-05
3.3000e+06, 5.4949e-05
3.3100e+06, 5.5006e-05
3.3200e+06, 5.5063e-05
3.3300e+06, 5.5120e-05
3.3400e+06, 5.5176e-05
3.3500e+06, 5.5233e-05
3.3600e+06, 5.5290e-05
3.3700e+06, 5.5347e-05
3.3800e+06, 5.5404e-05
3.3900e+06, 5.5460e-05
3.4000e+06, 5.5517e-05
3.4100e+06, 5.5574e-05
3.4200e+06, 5.5631e-05
3.4300e+06, 5.5687e-05
3.4400e+06, 5.5744e-05
3.4500e+06, 5.5801e-05
3.4600e+06, 5.5858e-05
3.4700e+06, 5.5914e-05
3.4800e+06, 5.5971e-05
3.4900e+06, 5.6028e-05
3.5000e+06, 5.6085e-05
3.5100e+06, 5.6137e-05
3.5200e+06, 5.6189e-05
3.5300e+06, 5.6241e-05
3.5400e+06, 5.6293e-05
3.5500e+06, 5.6346e-05
3.5600e+06, 5.6398e-05
3.5700e+06, 5.6450e-05
3.5800e+06, 5.6502e-05
3.5900e+06, 5.6554e-05
3.6000e+06, 5.6607e-05
3.6100e+06, 5.6659e-05
3.6200e+06, 5.6711e-05
3.6300e+06, 5.6763e-05
3.6400e+06, 5.6815e-05
3.6500e+06, 5.6868e-05
3.6600e+06, 5.6920e-05
3.6700e+06, 5.6972e-05
3.6800e+06, 5.7024e-05
3.6900e+06, 5.7076e-05
3.7000e+06, 5.7129e-05
3.7100e+06, 5.7181e-05
3.7200e+06, 5.7233e-05
3.7300e+06, 5.7285e-05
3.7400e+06, 5.7337e-05
3.7500e+06, 5.7390e-05
3.7600e+06, 5.7442e-05
3.7700e+06, 5.7494e-05
3.7800e+06, 5.7546e-05
3.7900e+06, 5.7598e-05
3.8000e+06, 5.7651e-05
3.8100e+06, 5.7703e-05
3.8200e+06, 5.7755e-05
3.8300e+06, 5.7807e-05
3.8400e+06, 5.7859e-05
3.8500e+06, 5.7912e-05
3.8600e+06, 5.7964e-05
3.8700e+06, 5.8016e-05
3.8800e+06, 5.8068e-05
3.8900e+06, 5.8120e-05
3.9000e+06, 5.8173e-05
3.9100e+06, 5.8225e-05
3.9200e+06, 5.8277e-05
3.9300e+06, 5.8329e-05
3.9400e+06, 5.8382e-05
3.9500e+06, 5.8434e-05
3.9600e+06, 5.8486e-05
3.9700e+06, 5.8538e-05
3.9800e+06, 5.8590e-05
3.9900e+06, 5.8642e-05
4.0000e+06, 5.8695e-05
4.0100e+06, 5.8736e-05
4.0200e+06, 5.8778e-05
4.0300e+06, 5.8819e-05
4.0400e+06, 5.8860e-05
4.0500e+06, 5.8902e-05
4.0600e+06, 5.8943e-05
4.0700e+06, 5.8985e-05
4.0800e+06, 5.9026e-05
4.0900e+06, 5.9067e-05
4.1000e+06, 5.9109e-05
4.1100e+06, 5.9150e-05
4.1200e+06, 5.9192e-05
4.1300e+06, 5.9233e-05
4.1400e+06, 5.9275e-05
4.1500e+06, 5.9316e-05
4.1600e+06, 5.9357e-05
4.1700e+06, 5.9399e-05
4.1800e+06, 5.9440e-05
4.1900e+06, 5.9482e-05
4.2000e+06, 5.9523e-05
4.2100e+06, 5.9564e-05
4.2200e+06, 5.9606e-05
4.2300e+06, 5.9647e-05
4.2400e+06, 5.9689e-05
4.2500e+06, 5.9730e-05
4.2600e+06, 5.9771e-05
4.2700e+06, 5.9813e-05
4.2800e+06, 5.9854e-05
4.2900e+06, 5.9896e-05
4.3000e+06, 5.9937e-05
4.3100e+06, 5.9979e-05
4.3200e+06, 6.0020e-05
4.3300e+06, 6.0061e-05
4.3400e+06, 6.0103e-05
4.3500e+06, 6.0144e-05
4.3600e+06, 6.0186e-05
4.3700e+06, 6.0227e-05
4.3800e+06, 6.0268e-05
4.3900e+06, 6.0310e-05
4.4000e+06, 6.0351e-05
4.4100e+06, 6.0393e-05
4.4200e+06, 6.0434e-05
4.4300e+06, 6.0476e-05
4.4400e+06, 6.0517e-05
4.4500e+06, 6.0558e-05
4.4600e+06, 6.0600e-05
4.4700e+06, 6.0641e-05
4.4800e+06, 6.0683e-05
4.4900e+06, 6.0724e-05
4.5000e+06, 6.0765e-05
4.5100e+06, 6.0808e-05
4.5200e+06, 6.0850e-05
4.5300e+06, 6.0892e-05
4.5400e+06, 6.0935e-05
4.5500e+06, 6.0977e-05
4.5600e+06, 6.1019e-05
4.5700e+06, 6.1061e-05
4.5800e+06, 6.1104e-05
4.5900e+06, 6.1146e-05
4.6000e+06, 6.1188e-05
4.6100e+06, 6.1230e-05
4.6200e+06, 6.1273e-05
4.6300e+06, 6.1315e-05
4.6400e+06, 6.1357e-05
4.6500e+06, 6.1400e-05
4.6600e+06, 6.1442e-05
4.6700e+06, 6.1484e-05
4.6800e+06, 6.1526e-05
4.6900e+06, 6.1569e-05
4.7000e+06, 6.1611e-05
4.7100e+06, 6.1653e-05
4.7200e+06, 6.1695e-05
4.7300e+06, 6.1738e-05
4.7400e+06, 6.1780e-05
4.7500e+06, 6.1822e-05
4.7600e+06, 6.1865e-05
4.7700e+06, 6.1907e-05
4.7800e+06, 6.1949e-05
4.7900e+06, 6.1991e-05
4.8000e+06, 6.2034e-05
4.8130e+06, 6.2089e-05
4.8130e+06, 6.2089e-05
4.8200e+06, 6.2118e-05
4.8300e+06, 6.2160e-05
4.8400e+06, 6.2203e-05
4.8500e+06, 6.2245e-05
4.8600e+06, 6.2287e-05
4.8700e+06, 6.2329e-05
4.8800e+06, 6.2372e-05
4.8900e+06, 6.2414e-05
4.9000e+06, 6.2456e-05
4.9020e+06, 6.2465e-05
4.9040e+06, 6.2473e-05
4.9060e+06, 6.2482e-05
4.9080e+06, 6.2490e-05
4.9100e+06, 6.2499e-05
4.9120e+06, 6.2507e-05
4.9140e+06, 6.2515e-05
4.9160e+06, 6.2524e-05
4.9180e+06, 6.2532e-05
4.9200e+06, 6.2541e-05
4.9220e+06, 6.2549e-05
4.9240e+06, 6.2558e-05
4.9260e+06, 6.2566e-05
4.9280e+06, 6.2575e-05
4.9300e+06, 6.2583e-05
4.9310e+06, 6.2587e-05
4.9320e+06, 6.2592e-05
4.9330e+06, 6.2596e-05
4.9340e+06, 6.2600e-05
4.9350e+06, 6.2604e-05
4.9355e+06, 6.2606e-05
4.9360e+06, 6.2608e-05
4.9365e+06, 6.2611e-05
4.9370e+06, 6.2613e-05
4.9375e+06, 6.2615e-05
4.9380e+06, 6.2617e-05
4.9385e+06, 6.2619e-05
4.9390e+06, 6.2621e-05
4.9395e+06, 6.2623e-05
4.9400e+06, 6.2625e-05
4.9410e+06, 6.2630e-05
4.9420e+06, 6.2634e-05
4.9430e+06, 6.2638e-05
4.9440e+06, 6.2642e-05
4.9460e+06, 6.2651e-05
4.9480e+06, 6.2659e-05
4.9500e+06, 6.2668e-05
4.9520e+06, 6.2676e-05
4.9540e+06, 6.2685e-05
4.9560e+06, 6.2693e-05
4.9580e+06, 6.2701e-05
4.9600e+06, 6.2710e-05
4.9620e+06, 6.2718e-05
4.9640e+06, 6.2727e-05
4.9660e+06, 6.2735e-05
4.9680e+06, 6.2744e-05
4.9700e+06, 6.2752e-05
4.9720e+06, 6.2761e-05
4.9740e+06, 6.2769e-05
4.9760e+06, 6.2778e-05
4.9780e+06, 6.2786e-05
4.9800e+06, 6.2794e-05
4.9820e+06, 6.2803e-05
4.9840e+06, 6.2811e-05
4.9860e+06, 6.2820e-05
4.9880e+06, 6.2828e-05
4.9900e+06, 6.2837e-05
4.9920e+06, 6.2845e-05
4.9940e+06, 6.2854e-05
4.9960e+06, 6.2862e-05
4.9980e+06, 6.2871e-05
5.0000e+06, 6.2879e-05
5.0100e+06, 6.2937e-05
5.0200e+06, 6.2996e-05
5.0300e+06, 6.3054e-05
5.0400e+06, 6.3113e-05
5.0500e+06, 6.3171e-05
5.0600e+06, 6.3230e-05
5.0700e+06, 6.3288e-05
5.0800e+06, 6.3346e-05
5.0900e+06, 6.3405e-05
5.1000e+06, 6.3463e-05
5.1100e+06, 6.3522e-05
5.1200e+06, 6.3580e-05
5.1300e+06, 6.3639e-05
5.1400e+06, 6.3697e-05
5.1500e+06, 6.3755e-05
5.1600e+06, 6.3814e-05
5.1700e+06, 6.3872e-05
5.1800e+06, 6.3931e-05
5.1900e+06, 6.3989e-05
5.2000e+06, 6.4048e-05
5.2100e+06, 6.4106e-05
5.2200e+06, 6.4164e-05
5.2300e+06, 6.4223e-05
5.2400e+06, 6.4281e-05
5.2500e+06, 6.4340e-05
5.2600e+06, 6.4398e-05
5.2700e+06, 6.4457e-05
5.2800e+06, 6.4515e-05
5.2900e+06, 6.4573e-05
5.3000e+06, 6.4632e-05
5.3050e+06, 6.4661e-05
5.3100e+06, 6.4690e-05
5.3150e+06, 6.4719e-05
5.3200e+06, 6.4749e-05
5.3250e+06, 6.4778e-05
5.3300e+06, 6.4807e-05
5.3350e+06, 6.4836e-05
5.3400e+06, 6.4866e-05
5.3420e+06, 6.4877e-05
5.3440e+06, 6.4889e-05
5.3460e+06, 6.4901e-05
5.3480e+06, 6.4912e-05
5.3500e+06, 6.4924e-05
5.3520e+06, 6.4936e-05
5.3540e+06, 6.4947e-05
5.3560e+06, 6.4959e-05
5.3580e+06, 6.4971e-05
5.3600e+06, 6.4982e-05
5.3620e+06, 6.4994e-05
5.3640e+06, 6.5006e-05
5.3660e+06, 6.5017e-05
5.3680e+06, 6.5029e-05
5.3700e+06, 6.5041e-05
5.3720e+06, 6.5052e-05
5.3750e+06, 6.5070e-05
5.3800e+06, 6.5099e-05
5.3850e+06, 6.5128e-05
5.3900e+06, 6.5158e-05
5.3950e+06, 6.5187e-05
5.4000e+06, 6.5216e-05
5.4050e+06, 6.5245e-05
5.4100e+06, 6.5274e-05
5.4150e+06, 6.5304e-05
5.4200e+06, 6.5333e-05
5.4250e+06, 6.5362e-05
5.4300e+06, 6.5391e-05
5.4350e+06, 6.5421e-05
5.4400e+06, 6.5450e-05
5.4450e+06, 6.5479e-05
5.4500e+06, 6.5508e-05
5.4600e+06, 6.5567e-05
5.4700e+06, 6.5625e-05
5.4800e+06, 6.5683e-05
5.4900e+06, 6.5742e-05
5.5000e+06, 6.5800e-05
5.5200e+06, 6.5961e-05
5.5400e+06, 6.6121e-05
5.5600e+06, 6.6281e-05
5.5800e+06, 6.6442e-05
5.6000e+06, 6.6602e-05
5.6200e+06, 6.6762e-05
5.6400e+06, 6.6923e-05
5.6600e+06, 6.7083e-05
5.6800e+06, 6.7243e-05
5.7000e+06, 6.7404e-05
5.7200e+06, 6.7564e-05
5.7400e+06, 6.7724e-05
5.7600e+06, 6.7885e-05
5.7800e+06, 6.8045e-05
5.8000e+06, 6.8205e-05
5.8200e+06, 6.8366e-05
5.8400e+06, 6.8526e-05
5.8600e+06, 6.8686e-05
5.8800e+06, 6.8847e-05
5.9000e+06, 6.9007e-05
5.9200e+06, 6.9167e-05
5.9400e+06, 6.9328e-05
5.9600e+06, 6.9488e-05
5.9800e+06, 6.9648e-05
6.0000e+06, 6.9809e-05
6.0200e+06, 7.0029e-05
6.0400e+06, 7.0249e-05
6.0600e+06, 7.0470e-05
6.0800e+06, 7.0690e-05
6.1000e+06, 7.0910e-05
6.1100e+06, 7.1020e-05
6.1200e+06, 7.1131e-05
6.1300e+06, 7.1241e-05
6.1400e+06, 7.1351e-05
6.1500e+06, 7.1461e-05
6.1600e+06, 7.1571e-05
6.1700e+06, 7.1681e-05
6.1800e+06, 7.1792e-05
6.1814e+06, 7.1807e-05
6.1900e+06, 7.1902e-05
6.2000e+06, 7.2012e-05
6.2100e+06, 7.2122e-05
6.2200e+06, 7.2232e-05
6.2300e+06, 7.2342e-05
6.2400e+06, 7.2453e-05
6.2450e+06, 7.2508e-05
6.2500e+06, 7.2563e-05
6.2520e+06, 7.2585e-05
6.2540e+06, 7.2607e-05
6.2560e+06, 7.2629e-05
6.2580e+06, 7.2651e-05
6.2600e+06, 7.2673e-05
6.2620e+06, 7.2695e-05
6.2640e+06, 7.2717e-05
6.2660e+06, 7.2739e-05
6.2680e+06, 7.2761e-05
6.2700e+06, 7.2783e-05
6.2720e+06, 7.2805e-05
6.2740e+06, 7.2827e-05
6.2760e+06, 7.2849e-05
6.2780e+06, 7.2871e-05
6.2800e+06, 7.2893e-05
6.2820e+06, 7.2915e-05
6.2840e+06, 7.2937e-05
6.2850e+06, 7.2948e-05
6.2860e+06, 7.2959e-05
6.2880e+06, 7.2981e-05
6.2900e+06, 7.3003e-05
6.2910e+06, 7.3014e-05
6.2920e+06, 7.3025e-05
6.2930e+06, 7.3036e-05
6.2940e+06, 7.3047e-05
6.2950e+06, 7.3058e-05
6.2960e+06, 7.3069e-05
6.2970e+06, 7.3080e-05
6.2980e+06, 7.3091e-05
6.2990e+06, 7.3102e-05
6.3000e+06, 7.3113e-05
6.3010e+06, 7.3125e-05
6.3020e+06, 7.3136e-05
6.3030e+06, 7.3147e-05
6.3040e+06, 7.3158e-05
6.3050e+06, 7.3169e-05
6.3060e+06, 7.3180e-05
6.3080e+06, 7.3202e-05
6.3100e+06, 7.3224e-05
6.3120e+06, 7.3246e-05
6.3140e+06, 7.3268e-05
6.3160e+06, 7.3290e-05
6.3180e+06, 7.3312e-05
6.3200e+06, 7.3334e-05
6.3220e+06, 7.3356e-05
6.3240e+06, 7.3378e-05
6.3260e+06, 7.3400e-05
6.3280e+06, 7.3422e-05
6.3300e+06, 7.3444e-05
6.3320e+06, 7.3466e-05
6.3340e+06, 7.3488e-05
6.3360e+06, 7.3510e-05
6.3380e+06, 7.3532e-05
6.3400e+06, 7.3554e-05
6.3420e+06, 7.3576e-05
6.3440e+06, 7.3598e-05
6.3460e+06, 7.3620e-05
6.3480e+06, 7.3642e-05
6.3500e+06, 7.3664e-05
6.3520e+06, 7.3686e-05
6.3540e+06, 7.3708e-05
6.3560e+06, 7.3730e-05
6.3580e+06, 7.3752e-05
6.3600e+06, 7.3774e-05
6.3620e+06, 7.3796e-05
6.3650e+06, 7.3830e-05
6.3700e+06, 7.3885e-05
6.3750e+06, 7.3940e-05
6.3800e+06, 7.3995e-05
6.3850e+06, 7.4050e-05
6.3900e+06, 7.4105e-05
6.3950e+06, 7.4160e-05
6.4000e+06, 7.4215e-05
6.4100e+06, 7.4325e-05
6.4200e+06, 7.4435e-05
6.4300e+06, 7.4546e-05
6.4400e+06, 7.4656e-05
6.4500e+06, 7.4766e-05
6.4600e+06, 7.4876e-05
6.4700e+06, 7.4986e-05
6.4900e+06, 7.5207e-05
6.5000e+06, 7.5317e-05
6.5100e+06, 7.5490e-05
6.5400e+06, 7.6009e-05
6.5530e+06, 7.6234e-05
6.5600e+06, 7.6356e-05
6.5700e+06, 7.6529e-05
6.5800e+06, 7.6702e-05
6.5900e+06, 7.6875e-05
6.6000e+06, 7.7048e-05
6.6200e+06, 7.7394e-05
6.6400e+06, 7.7741e-05
6.6580e+06, 7.8052e-05
6.6650e+06, 7.8173e-05
6.6700e+06, 7.8260e-05
6.6800e+06, 7.8433e-05
6.7000e+06, 7.8779e-05
6.7500e+06, 7.9645e-05
6.8100e+06, 8.0684e-05
6.9200e+06, 8.2588e-05
7.0000e+06, 8.3974e-05
7.0530e+06, 8.5622e-05
7.1000e+06, 8.7083e-05
7.1400e+06, 8.8327e-05
7.1800e+06, 8.9571e-05
7.2000e+06, 9.0193e-05
7.2200e+06, 9.0815e-05
7.2250e+06, 9.0970e-05
7.2500e+06, 9.1748e-05
7.2700e+06, 9.2370e-05
7.2800e+06, 9.2681e-05
7.3400e+06, 9.4546e-05
7.3500e+06, 9.4857e-05
7.3600e+06, 9.5168e-05
7.3700e+06, 9.5479e-05
7.4000e+06, 9.6412e-05
7.4200e+06, 9.7034e-05
7.4700e+06, 9.8589e-05
7.5290e+06, 1.0042e-04
7.5420e+06, 1.0083e-04
7.5530e+06, 1.0117e-04
7.5940e+06, 1.0205e-04
7.6200e+06, 1.0261e-04
7.6500e+06, 1.0325e-04
7.6670e+06, 1.0362e-04
7.6800e+06, 1.0390e-04
7.6980e+06, 1.0428e-04
7.7000e+06, 1.0432e-04
7.7250e+06, 1.0486e-04
7.7450e+06, 1.0529e-04
7.7500e+06, 1.0540e-04
7.7700e+06, 1.0583e-04
7.7890e+06, 1.0623e-04
7.8100e+06, 1.0669e-04
7.8190e+06, 1.0688e-04
7.8600e+06, 1.0776e-04
7.8864e+06, 1.0832e-04
7.8867e+06, 1.0833e-04
7.8880e+06, 1.0836e-04
7.8970e+06, 1.0855e-04
7.9300e+06, 1.0926e-04
7.9360e+06, 1.0939e-04
8.0000e+06, 1.1076e-04
8.0050e+06, 1.1087e-04
8.0100e+06, 1.1098e-04
8.0140e+06, 1.1106e-04
8.0440e+06, 1.1171e-04
8.0530e+06, 1.1190e-04
8.0790e+06, 1.1213e-04
8.0800e+06, 1.1213e-04
8.1000e+06, 1.1231e-04
8.1010e+06, 1.1232e-04
8.1050e+06, 1.1235e-04
8.1090e+06, 1.1239e-04
8.1200e+06, 1.1248e-04
8.1310e+06, 1.1258e-04
8.1380e+06, 1.1264e-04
8.1600e+06, 1.1283e-04
8.1660e+06, 1.1288e-04
8.2000e+06, 1.1318e-04
8.2100e+06, 1.1327e-04
8.2180e+06, 1.1334e-04
8.2400e+06, 1.1353e-04
8.2800e+06, 1.1387e-04
8.2958e+06, 1.1401e-04
8.2962e+06, 1.1402e-04
8.2965e+06, 1.1402e-04
8.3200e+06, 1.1422e-04
8.3300e+06, 1.1431e-04
8.3910e+06, 1.1484e-04
8.4000e+06, 1.1492e-04
8.4260e+06, 1.1515e-04
8.4480e+06, 1.1534e-04
8.4500e+06, 1.1535e-04
8.4800e+06, 1.1561e-04
8.4995e+06, 1.1578e-04
8.5000e+06, 1.1579e-04
8.5200e+06, 1.1596e-04
8.5530e+06, 1.1625e-04
8.6000e+06, 1.1582e-04
8.6110e+06, 1.1571e-04
8.6640e+06, 1.1522e-04
8.7000e+06, 1.1489e-04
8.7080e+06, 1.1482e-04
8.7500e+06, 1.1443e-04
8.7680e+06, 1.1426e-04
8.8000e+06, 1.1397e-04
8.8330e+06, 1.1366e-04
8.8500e+06, 1.1351e-04
8.8850e+06, 1.1318e-04
8.9200e+06, 1.1286e-04
8.9400e+06, 1.1267e-04
8.9800e+06, 1.1230e-04
9.0000e+06, 1.1212e-04
9.0050e+06, 1.1207e-04
9.0200e+06, 1.1193e-04
9.0300e+06, 1.1184e-04
9.0450e+06, 1.1170e-04
9.0530e+06, 1.1163e-04
9.0670e+06, 1.1121e-04
9.0800e+06, 1.1083e-04
9.1490e+06, 1.0877e-04
9.1630e+06, 1.0835e-04
9.1800e+06, 1.0785e-04
9.2190e+06, 1.0668e-04
9.2500e+06, 1.0576e-04
9.2540e+06, 1.0564e-04
9.3000e+06, 1.0427e-04
9.3600e+06, 1.0248e-04
9.4000e+06, 1.0129e-04
9.4500e+06, 9.9802e-05
9.5000e+06, 9.8312e-05
9.5220e+06, 9.7657e-05
9.5530e+06, 9.6733e-05
9.5600e+06, 9.6610e-05
9.5900e+06, 9.6084e-05
9.6000e+06, 9.5909e-05
9.6300e+06, 9.5383e-05
9.6400e+06, 9.5208e-05
9.6780e+06, 9.4541e-05
9.6800e+06, 9.4506e-05
9.6920e+06, 9.4296e-05
9.7000e+06, 9.4156e-05
9.7260e+06, 9.3700e-05
9.7400e+06, 9.3455e-05
9.7500e+06, 9.3279e-05
9.8000e+06, 9.2403e-05
9.8210e+06, 9.2034e-05
9.8300e+06, 9.1877e-05
9.8680e+06, 9.1210e-05
9.9000e+06, 9.0649e-05
9.9170e+06, 9.0351e-05
9.9210e+06, 9.0281e-05
1.0000e+07, 8.8896e-05
1.0050e+07, 8.8020e-05
1.0053e+07, 8.7967e-05
1.0170e+07, 8.5594e-05
1.0250e+07, 8.3972e-05
1.0300e+07, 8.2958e-05
1.0372e+07, 8.1498e-05
1.0400e+07, 8.0931e-05
1.0448e+07, 7.9957e-05
1.0448e+07, 7.9950e-05
1.0478e+07, 7.9349e-05
1.0500e+07, 7.8903e-05
1.0506e+07, 7.8781e-05
1.0536e+07, 7.8173e-05
1.0550e+07, 7.7889e-05
1.0553e+07, 7.7828e-05
1.0620e+07, 7.6633e-05
1.0690e+07, 7.5384e-05
1.0700e+07, 7.5206e-05
1.0750e+07, 7.4314e-05
1.0800e+07, 7.3422e-05
1.0830e+07, 7.2887e-05
1.0900e+07, 7.1638e-05
1.0940e+07, 7.0925e-05
1.1000e+07, 6.9854e-05
1.1004e+07, 6.9783e-05
1.1053e+07, 6.8909e-05
1.1096e+07, 6.8460e-05
1.1100e+07, 6.8418e-05
1.1166e+07, 6.7729e-05
1.1170e+07, 6.7688e-05
1.1250e+07, 6.6852e-05
1.1300e+07, 6.6330e-05
1.1400e+07, 6.5286e-05
1.1500e+07, 6.4242e-05
1.1553e+07, 6.3689e-05
1.1708e+07, 6.2850e-05
1.1708e+07, 6.2850e-05
1.1750e+07, 6.2623e-05
1.1751e+07, 6.2617e-05
1.1800e+07, 6.2352e-05
1.1828e+07, 6.2201e-05
1.1900e+07, 6.1811e-05
1.1909e+07, 6.1762e-05
1.1917e+07, 6.1719e-05
1.2000e+07, 6.1270e-05
1.2050e+07, 6.0999e-05
1.2053e+07, 6.0983e-05
1.2088e+07, 6.1310e-05
1.2100e+07, 6.1423e-05
1.2196e+07, 6.2321e-05
1.2224e+07, 6.2583e-05
1.2250e+07, 6.2826e-05
1.2300e+07, 6.3294e-05
1.2400e+07, 6.4230e-05
1.2500e+07, 6.5165e-05
1.2553e+07, 6.5661e-05
1.2599e+07, 6.6540e-05
1.2700e+07, 6.8468e-05
1.2738e+07, 6.9194e-05
1.2792e+07, 7.0225e-05
1.2792e+07, 7.0228e-05
1.2900e+07, 7.2288e-05
1.2990e+07, 7.4007e-05
1.3000e+07, 7.4198e-05
1.3053e+07, 7.5210e-05
1.3100e+07, 7.7014e-05
1.3120e+07, 7.7782e-05
1.3250e+07, 8.2772e-05
1.3280e+07, 8.3924e-05
1.3300e+07, 8.4692e-05
1.3500e+07, 9.2369e-05
1.3540e+07, 9.3905e-05
1.3553e+07, 9.4404e-05
1.3587e+07, 9.6022e-05
1.3646e+07, 9.8830e-05
1.3700e+07, 1.0140e-04
1.3767e+07, 1.0459e-04
1.3768e+07, 1.0463e-04
1.3822e+07, 1.0721e-04
1.3830e+07, 1.0759e-04
1.3965e+07, 1.1401e-04
1.4000e+07, 1.1568e-04
1.4053e+07, 1.1820e-04
1.4182e+07, 1.2363e-04
1.4250e+07, 1.2649e-04
1.4364e+07, 1.3129e-04
1.4419e+07, 1.3361e-04
1.4472e+07, 1.3584e-04
1.4500e+07, 1.3702e-04
1.4553e+07, 1.3925e-04
1.4566e+07, 1.3988e-04
1.4653e+07, 1.4412e-04
1.4694e+07, 1.4611e-04
1.4750e+07, 1.4884e-04
1.4767e+07, 1.4967e-04
1.4807e+07, 1.5161e-04
1.4812e+07, 1.5186e-04
1.4837e+07, 1.5308e-04
1.4863e+07, 1.5434e-04
1.4887e+07, 1.5551e-04
1.4888e+07, 1.5556e-04
1.4892e+07, 1.5575e-04
1.4906e+07, 1.5643e-04
1.4909e+07, 1.5658e-04
1.4927e+07, 1.5746e-04
1.4954e+07, 1.5877e-04
1.4962e+07, 1.5916e-04
1.4996e+07, 1.6082e-04
1.5000e+07, 1.6101e-04
1.5006e+07, 1.6130e-04
1.5045e+07, 1.6320e-04
1.5053e+07, 1.6359e-04
1.5093e+07, 1.6503e-04
1.5248e+07, 1.7059e-04
1.5263e+07, 1.7113e-04
1.5264e+07, 1.7116e-04
1.5448e+07, 1.7778e-04
1.5477e+07, 1.7882e-04
1.5500e+07, 1.7965e-04
1.5553e+07, 1.8155e-04
1.5731e+07, 1.8699e-04
1.5966e+07, 1.9416e-04
1.5970e+07, 1.9429e-04
1.5990e+07, 1.9490e-04
1.6000e+07, 1.9520e-04
1.6053e+07, 1.9682e-04
1.6068e+07, 1.9713e-04
1.6256e+07, 2.0101e-04
1.6347e+07, 2.0289e-04
1.6348e+07, 2.0291e-04
1.6443e+07, 2.0488e-04
1.6500e+07, 2.0605e-04
1.6532e+07, 2.0672e-04
1.6553e+07, 2.0715e-04
1.6695e+07, 2.0768e-04
1.6820e+07, 2.0815e-04
1.6824e+07, 2.0817e-04
1.6974e+07, 2.0873e-04
1.7000e+07, 2.0883e-04
1.7053e+07, 2.0903e-04
1.7074e+07, 2.0882e-04
1.7138e+07, 2.0817e-04
1.7298e+07, 2.0654e-04
1.7299e+07, 2.0653e-04
1.7300e+07, 2.0652e-04
1.7301e+07, 2.0651e-04
1.7431e+07, 2.0519e-04
1.7432e+07, 2.0518e-04
1.7467e+07, 2.0482e-04
1.7500e+07, 2.0449e-04
1.7553e+07, 2.0395e-04
1.7616e+07, 2.0302e-04
1.7687e+07, 2.0197e-04
1.7900e+07, 1.9882e-04
1.7901e+07, 1.9881e-04
1.8000e+07, 1.9734e-04
1.8053e+07, 1.9656e-04
1.8087e+07, 1.9645e-04
1.8158e+07, 1.9622e-04
1.8273e+07, 1.9586e-04
1.8460e+07, 1.9526e-04
1.8500e+07, 1.9513e-04
1.8516e+07, 1.9508e-04
1.8516e+07, 1.9508e-04
1.8553e+07, 1.9496e-04
1.8632e+07, 1.9524e-04
1.8700e+07, 1.9549e-04
1.8833e+07, 1.9596e-04
1.9000e+07, 1.9656e-04
1.9030e+07, 1.9667e-04
1.9034e+07, 1.9668e-04
1.9053e+07, 1.9675e-04
1.9185e+07, 1.9928e-04
1.9346e+07, 2.0236e-04
1.9500e+07, 2.0531e-04
1.9511e+07, 2.0552e-04
1.9553e+07, 2.0632e-04
1.9600e+07, 2.0684e-04
1.9600e+07, 2.0684e-04
1.9661e+07, 2.0752e-04
1.9794e+07, 2.0899e-04
1.9892e+07, 2.1007e-04
2.0000e+07, 2.1127e-04
2.0000e+07, 0.0000e+00
2.0295e+07, 0.0000e+00
2.1000e+07, 0.0000e+00
2.2000e+07, 0.0000e+00
2.3000e+07, 0.0000e+00
2.4000e+07, 0.0000e+00
2.4279e+07, 0.0000e+00
2.4487e+07, 0.0000e+00
2.5000e+07, 0.0000e+00
2.6000e+07, 0.0000e+00
2.7000e+07, 0.0000e+00
2.7059e+07, 0.0000e+00
2.7304e+07, 0.0000e+00
2.8000e+07, 0.0000e+00
2.8473e+07, 0.0000e+00
2.8923e+07, 0.0000e+00
2.9000e+07, 0.0000e+00
3.0000e+07, 0.0000e+00
3.1000e+07, 0.0000e+00
3.2000e+07, 0.0000e+00
3.2138e+07, 0.0000e+00
3.3000e+07, 0.0000e+00
3.4000e+07, 0.0000e+00
3.4518e+07, 0.0000e+00
3.5000e+07, 0.0000e+00
3.5092e+07, 0.0000e+00
3.6000e+07, 0.0000e+00
3.7000e+07, 0.0000e+00
3.8000e+07, 0.0000e+00
3.9000e+07, 0.0000e+00
4.0000e+07, 0.0000e+00
4.1000e+07, 0.0000e+00
4.2000e+07, 0.0000e+00
4.3000e+07, 0.0000e+00
4.4000e+07, 0.0000e+00
4.5000e+07, 0.0000e+00
4.6000e+07, 0.0000e+00
4.7000e+07, 0.0000e+00
4.8000e+07, 0.0000e+00
4.9000e+07, 0.0000e+00
5.0000e+07, 0.0000e+00
5.1000e+07, 0.0000e+00
5.2000e+07, 0.0000e+00
5.3000e+07, 0.0000e+00
5.4000e+07, 0.0000e+00
5.5000e+07, 0.0000e+00
5.6000e+07, 0.0000e+00
5.6587e+07, 0.0000e+00
5.7000e+07, 0.0000e+00
5.7594e+07, 0.0000e+00
5.8000e+07, 0.0000e+00
5.9000e+07, 0.0000e+00
6.0000e+07, 0.0000e+00
6.1000e+07, 0.0000e+00
6.2000e+07, 0.0000e+00
6.3000e+07, 0.0000e+00
6.4000e+07, 0.0000e+00
6.5000e+07, 0.0000e+00
6.6000e+07, 0.0000e+00
6.7000e+07, 0.0000e+00
6.8000e+07, 0.0000e+00
6.9000e+07, 0.0000e+00
7.0000e+07, 0.0000e+00
7.1000e+07, 0.0000e+00
7.2000e+07, 0.0000e+00
7.3000e+07, 0.0000e+00
7.4000e+07, 0.0000e+00
7.5000e+07, 0.0000e+00
7.6000e+07, 0.0000e+00
7.7000e+07, 0.0000e+00
7.8000e+07, 0.0000e+00
7.9000e+07, 0.0000e+00
8.0000e+07, 0.0000e+00
8.1000e+07, 0.0000e+00
8.2000e+07, 0.0000e+00
8.3000e+07, 0.0000e+00
8.4000e+07, 0.0000e+00
8.5000e+07, 0.0000e+00
8.6000e+07, 0.0000e+00
8.7000e+07, 0.0000e+00
8.8000e+07, 0.0000e+00
8.9000e+07, 0.0000e+00
9.0000e+07, 0.0000e+00
9.1000e+07, 0.0000e+00
9.2000e+07, 0.0000e+00
9.3000e+07, 0.0000e+00
9.4000e+07, 0.0000e+00
9.5000e+07, 0.0000e+00
9.6000e+07, 0.0000e+00
9.7000e+07, 0.0000e+00
9.8000e+07, 0.0000e+00
9.9000e+07, 0.0000e+00
1.0000e+08, 0.0000e+00
1.0200e+08, 0.0000e+00
1.0400e+08, 0.0000e+00
1.0600e+08, 0.0000e+00
1.0800e+08, 0.0000e+00
1.1000e+08, 0.0000e+00
1.1200e+08, 0.0000e+00
1.1400e+08, 0.0000e+00
1.1600e+08, 0.0000e+00
1.1800e+08, 0.0000e+00
1.2000e+08, 0.0000e+00
1.2200e+08, 0.0000e+00
1.2400e+08, 0.0000e+00
1.2600e+08, 0.0000e+00
1.2800e+08, 0.0000e+00
1.3000e+08, 0.0000e+00
1.3200e+08, 0.0000e+00
1.3400e+08, 0.0000e+00
1.3600e+08, 0.0000e+00
1.3800e+08, 0.0000e+00
1.4000e+08, 0.0000e+00
1.4200e+08, 0.0000e+00
1.4400e+08, 0.0000e+00
1.4600e+08, 0.0000e+00
1.4800e+08, 0.0000e+00
1.5000e+08, 0.0000e+00
