ebin, xs
1.0000e-05, 3.4366e+01
1.0625e-05, 3.3340e+01
1.1250e-05, 3.2400e+01
1.1875e-05, 3.1536e+01
1.2500e-05, 3.0738e+01
1.3750e-05, 2.9307e+01
1.5000e-05, 2.8060e+01
1.6250e-05, 2.6959e+01
1.7500e-05, 2.5978e+01
1.8750e-05, 2.5097e+01
2.0000e-05, 2.4300e+01
2.1875e-05, 2.3235e+01
2.3750e-05, 2.2299e+01
2.5625e-05, 2.1468e+01
2.7500e-05, 2.0723e+01
2.9375e-05, 2.0051e+01
3.1250e-05, 1.9440e+01
3.3125e-05, 1.8882e+01
3.5000e-05, 1.8369e+01
3.8750e-05, 1.7458e+01
4.2500e-05, 1.6670e+01
4.6250e-05, 1.5980e+01
5.0000e-05, 1.5369e+01
5.3125e-05, 1.4910e+01
5.6250e-05, 1.4490e+01
5.9375e-05, 1.4103e+01
6.2500e-05, 1.3746e+01
6.8750e-05, 1.3107e+01
7.5000e-05, 1.2549e+01
8.1250e-05, 1.2056e+01
8.7500e-05, 1.1618e+01
9.3750e-05, 1.1224e+01
1.0000e-04, 1.0867e+01
1.0625e-04, 1.0543e+01
1.1250e-04, 1.0246e+01
1.1875e-04, 9.9726e+00
1.2500e-04, 9.7201e+00
1.3750e-04, 9.2678e+00
1.5000e-04, 8.8732e+00
1.6250e-04, 8.5251e+00
1.7500e-04, 8.2150e+00
1.8750e-04, 7.9364e+00
2.0000e-04, 7.6844e+00
2.1875e-04, 7.3477e+00
2.3750e-04, 7.0517e+00
2.5625e-04, 6.7888e+00
2.7500e-04, 6.5533e+00
2.9375e-04, 6.3407e+00
3.1250e-04, 6.1475e+00
3.3125e-04, 5.9710e+00
3.5000e-04, 5.8089e+00
3.8750e-04, 5.5207e+00
4.2500e-04, 5.2715e+00
4.6250e-04, 5.0532e+00
5.0000e-04, 4.8601e+00
5.3125e-04, 4.7149e+00
5.6250e-04, 4.5821e+00
5.9375e-04, 4.4599e+00
6.2500e-04, 4.3470e+00
6.8750e-04, 4.1447e+00
7.5000e-04, 3.9682e+00
8.1250e-04, 3.8125e+00
8.7500e-04, 3.6739e+00
9.3750e-04, 3.5493e+00
1.0000e-03, 3.4366e+00
1.0625e-03, 3.3340e+00
1.1250e-03, 3.2400e+00
1.1875e-03, 3.1536e+00
1.2500e-03, 3.0738e+00
1.3750e-03, 2.9307e+00
1.5000e-03, 2.8060e+00
1.6250e-03, 2.6959e+00
1.7500e-03, 2.5978e+00
1.8750e-03, 2.5097e+00
2.0000e-03, 2.4300e+00
2.1875e-03, 2.3236e+00
2.3750e-03, 2.2300e+00
2.5625e-03, 2.1468e+00
2.7500e-03, 2.0724e+00
2.9375e-03, 2.0051e+00
3.1250e-03, 1.9440e+00
3.3125e-03, 1.8882e+00
3.5000e-03, 1.8369e+00
3.8750e-03, 1.7458e+00
4.2500e-03, 1.6670e+00
4.6250e-03, 1.5980e+00
5.0000e-03, 1.5369e+00
5.3125e-03, 1.4910e+00
5.6250e-03, 1.4490e+00
5.9375e-03, 1.4103e+00
6.2500e-03, 1.3746e+00
6.8750e-03, 1.3106e+00
7.5000e-03, 1.2548e+00
8.1250e-03, 1.2056e+00
8.7500e-03, 1.1617e+00
9.3750e-03, 1.1224e+00
1.0000e-02, 1.0867e+00
1.0625e-02, 1.0543e+00
1.1250e-02, 1.0246e+00
1.1875e-02, 9.9724e-01
1.2500e-02, 9.7199e-01
1.3750e-02, 9.2675e-01
1.5000e-02, 8.8729e-01
1.6250e-02, 8.5248e-01
1.7500e-02, 8.2146e-01
1.8750e-02, 7.9360e-01
2.0000e-02, 7.6839e-01
2.1325e-02, 7.4414e-01
2.2650e-02, 7.2205e-01
2.3975e-02, 7.0182e-01
2.5300e-02, 6.8321e-01
2.6844e-02, 6.6329e-01
2.8387e-02, 6.4502e-01
3.1475e-02, 6.1258e-01
3.4563e-02, 5.8458e-01
3.7650e-02, 5.6009e-01
4.0738e-02, 5.3842e-01
4.3825e-02, 5.1909e-01
4.6913e-02, 5.0170e-01
5.0000e-02, 4.8596e-01
5.3125e-02, 4.7145e-01
5.6250e-02, 4.5817e-01
5.9375e-02, 4.4596e-01
6.2500e-02, 4.3468e-01
6.8750e-02, 4.1447e-01
7.5000e-02, 3.9683e-01
8.1250e-02, 3.8124e-01
8.7500e-02, 3.6736e-01
9.3750e-02, 3.5489e-01
1.0000e-01, 3.4361e-01
1.0625e-01, 3.3334e-01
1.1250e-01, 3.2396e-01
1.1875e-01, 3.1533e-01
1.2500e-01, 3.0736e-01
1.3750e-01, 2.9308e-01
1.5000e-01, 2.8060e-01
1.6250e-01, 2.6957e-01
1.7500e-01, 2.5975e-01
1.8750e-01, 2.5095e-01
2.0000e-01, 2.4299e-01
2.1875e-01, 2.3235e-01
2.3750e-01, 2.2298e-01
2.5625e-01, 2.1465e-01
2.7500e-01, 2.0719e-01
2.9375e-01, 2.0046e-01
3.1250e-01, 1.9435e-01
3.3125e-01, 1.8878e-01
3.5000e-01, 1.8368e-01
3.8750e-01, 1.7459e-01
4.2500e-01, 1.6669e-01
5.0000e-01, 1.5370e-01
6.2500e-01, 1.3746e-01
7.5000e-01, 1.2546e-01
8.7500e-01, 1.1617e-01
1.0000e+00, 1.0868e-01
1.2500e+00, 9.7170e-02
1.5000e+00, 8.8679e-02
1.7500e+00, 8.2104e-02
2.0000e+00, 7.6797e-02
2.3750e+00, 7.0461e-02
2.7500e+00, 6.5478e-02
3.1250e+00, 6.1406e-02
3.5000e+00, 5.8008e-02
4.2500e+00, 5.2618e-02
5.0000e+00, 4.8497e-02
6.2500e+00, 4.3353e-02
7.5000e+00, 3.9551e-02
8.7500e+00, 3.6599e-02
1.0000e+01, 3.4220e-02
1.2500e+01, 3.0571e-02
1.5000e+01, 2.7876e-02
1.7500e+01, 2.5781e-02
2.0000e+01, 2.4091e-02
2.3750e+01, 2.2071e-02
2.7500e+01, 2.0479e-02
3.1250e+01, 1.9180e-02
3.5000e+01, 1.8094e-02
4.2500e+01, 1.6367e-02
5.0000e+01, 1.5042e-02
6.2500e+01, 1.3383e-02
7.5000e+01, 1.2152e-02
8.7500e+01, 1.1192e-02
1.0000e+02, 1.0415e-02
1.2500e+02, 9.2189e-03
1.5000e+02, 8.3290e-03
1.7500e+02, 7.6326e-03
2.0000e+02, 7.0672e-03
2.3750e+02, 6.3877e-03
2.7500e+02, 5.8478e-03
3.1250e+02, 5.4046e-03
3.5000e+02, 5.0321e-03
4.2500e+02, 4.4357e-03
5.0000e+02, 3.9746e-03
5.6250e+02, 3.6609e-03
6.2500e+02, 3.3940e-03
7.5000e+02, 2.9621e-03
8.7500e+02, 2.6254e-03
1.0000e+03, 2.3542e-03
1.1250e+03, 2.1302e-03
1.2500e+03, 1.9419e-03
1.3750e+03, 1.7811e-03
1.5000e+03, 1.6423e-03
1.7500e+03, 1.4147e-03
2.0000e+03, 1.2361e-03
2.1875e+03, 1.1257e-03
2.3750e+03, 1.0311e-03
2.5625e+03, 9.4917e-04
2.7500e+03, 8.7772e-04
3.1600e+03, 7.4987e-04
3.3300e+03, 7.0598e-04
3.5000e+03, 6.6641e-04
3.8750e+03, 5.9177e-04
4.2500e+03, 5.3112e-04
4.6250e+03, 4.8135e-04
5.0000e+03, 4.4027e-04
5.5825e+03, 3.9070e-04
6.1650e+03, 3.5467e-04
6.7475e+03, 3.3165e-04
7.3300e+03, 3.2303e-04
7.6536e+03, 3.3261e-04
7.9772e+03, 3.5879e-04
8.3008e+03, 4.3186e-04
8.4626e+03, 5.1238e-04
8.6244e+03, 6.6370e-04
8.7134e+03, 8.1595e-04
8.8024e+03, 1.0764e-03
8.8469e+03, 1.2806e-03
8.8914e+03, 1.5867e-03
8.9359e+03, 2.0681e-03
8.9804e+03, 2.8904e-03
9.0047e+03, 3.6959e-03
9.0290e+03, 4.8867e-03
9.0411e+03, 5.8393e-03
9.0532e+03, 7.1980e-03
9.0654e+03, 9.0393e-03
9.0775e+03, 1.2081e-02
9.0886e+03, 1.6809e-02
9.0942e+03, 2.0352e-02
9.0997e+03, 2.5397e-02
9.1053e+03, 3.2960e-02
9.1109e+03, 4.4882e-02
9.1137e+03, 5.3586e-02
9.1164e+03, 6.5348e-02
9.1192e+03, 8.1909e-02
9.1220e+03, 1.0631e-01
9.1234e+03, 1.2402e-01
9.1249e+03, 1.4698e-01
9.1264e+03, 1.7783e-01
9.1278e+03, 2.2144e-01
9.1285e+03, 2.5098e-01
9.1293e+03, 2.8854e-01
9.1300e+03, 3.3783e-01
9.1307e+03, 4.0474e-01
9.1311e+03, 4.4756e-01
9.1314e+03, 4.9842e-01
9.1318e+03, 5.5949e-01
9.1322e+03, 6.3273e-01
9.1325e+03, 7.2128e-01
9.1329e+03, 8.2786e-01
9.1333e+03, 9.5642e-01
9.1336e+03, 1.1112e+00
9.1339e+03, 1.2542e+00
9.1342e+03, 1.4181e+00
9.1345e+03, 1.6068e+00
9.1348e+03, 1.8216e+00
9.1350e+03, 2.0669e+00
9.1353e+03, 2.3435e+00
9.1356e+03, 2.6551e+00
9.1359e+03, 3.0040e+00
9.1362e+03, 3.3938e+00
9.1365e+03, 3.8235e+00
9.1368e+03, 4.2973e+00
9.1370e+03, 4.8125e+00
9.1376e+03, 5.9721e+00
9.1382e+03, 7.2864e+00
9.1394e+03, 1.0424e+01
9.1406e+03, 1.3559e+01
9.1413e+03, 1.5072e+01
9.1420e+03, 1.6177e+01
9.1425e+03, 1.6663e+01
9.1430e+03, 1.6827e+01
9.1436e+03, 1.6614e+01
9.1442e+03, 1.5993e+01
9.1449e+03, 1.4821e+01
9.1455e+03, 1.3283e+01
9.1477e+03, 7.6527e+00
9.1483e+03, 6.2642e+00
9.1488e+03, 5.0379e+00
9.1491e+03, 4.4909e+00
9.1494e+03, 3.9894e+00
9.1497e+03, 3.5329e+00
9.1500e+03, 3.1204e+00
9.1503e+03, 2.7490e+00
9.1506e+03, 2.4190e+00
9.1509e+03, 2.1265e+00
9.1512e+03, 1.8687e+00
9.1515e+03, 1.6426e+00
9.1518e+03, 1.4453e+00
9.1521e+03, 1.2737e+00
9.1523e+03, 1.1251e+00
9.1527e+03, 9.6706e-01
9.1531e+03, 8.3630e-01
9.1534e+03, 7.2799e-01
9.1538e+03, 6.3832e-01
9.1542e+03, 5.6400e-01
9.1545e+03, 5.0224e-01
9.1549e+03, 4.5072e-01
9.1553e+03, 4.0750e-01
9.1560e+03, 3.3987e-01
9.1567e+03, 2.9022e-01
9.1575e+03, 2.5246e-01
9.1582e+03, 2.2280e-01
9.1597e+03, 1.7902e-01
9.1611e+03, 1.4817e-01
9.1626e+03, 1.2525e-01
9.1640e+03, 1.0762e-01
9.1667e+03, 8.4622e-02
9.1693e+03, 6.8798e-02
9.1719e+03, 5.7400e-02
9.1745e+03, 4.8884e-02
9.1798e+03, 3.7332e-02
9.1851e+03, 3.0166e-02
9.1903e+03, 2.5349e-02
9.1956e+03, 2.2068e-02
9.2061e+03, 1.8345e-02
9.2186e+03, 1.6657e-02
9.2279e+03, 1.6581e-02
9.2372e+03, 1.7275e-02
9.2466e+03, 1.8906e-02
9.2559e+03, 2.1552e-02
9.2653e+03, 2.5566e-02
9.2746e+03, 3.1614e-02
9.2793e+03, 3.5761e-02
9.2840e+03, 4.0970e-02
9.2887e+03, 4.7608e-02
9.2933e+03, 5.6210e-02
9.2980e+03, 6.7473e-02
9.3027e+03, 8.2673e-02
9.3074e+03, 1.0424e-01
9.3097e+03, 1.1848e-01
9.3109e+03, 1.2678e-01
9.3120e+03, 1.3602e-01
9.3136e+03, 1.5008e-01
9.3151e+03, 1.6655e-01
9.3167e+03, 1.8599e-01
9.3183e+03, 2.0913e-01
9.3198e+03, 2.3703e-01
9.3214e+03, 2.7108e-01
9.3221e+03, 2.9103e-01
9.3229e+03, 3.1334e-01
9.3237e+03, 3.3844e-01
9.3245e+03, 3.6678e-01
9.3255e+03, 4.0785e-01
9.3264e+03, 4.5664e-01
9.3274e+03, 5.1536e-01
9.3279e+03, 5.4938e-01
9.3284e+03, 5.8707e-01
9.3289e+03, 6.2920e-01
9.3294e+03, 6.7647e-01
9.3298e+03, 7.2981e-01
9.3303e+03, 7.9026e-01
9.3308e+03, 8.5952e-01
9.3313e+03, 9.3931e-01
9.3318e+03, 1.0319e+00
9.3323e+03, 1.1399e+00
9.3328e+03, 1.2813e+00
9.3331e+03, 1.3624e+00
9.3333e+03, 1.4514e+00
9.3336e+03, 1.5496e+00
9.3339e+03, 1.6579e+00
9.3341e+03, 1.7775e+00
9.3344e+03, 1.9089e+00
9.3347e+03, 2.0546e+00
9.3350e+03, 2.2155e+00
9.3352e+03, 2.3931e+00
9.3355e+03, 2.5883e+00
9.3358e+03, 2.8041e+00
9.3360e+03, 3.0416e+00
9.3363e+03, 3.3024e+00
9.3366e+03, 3.5872e+00
9.3371e+03, 4.2087e+00
9.3376e+03, 4.9363e+00
9.3381e+03, 5.7788e+00
9.3386e+03, 6.7398e+00
9.3391e+03, 7.8195e+00
9.3396e+03, 9.0051e+00
9.3406e+03, 1.1623e+01
9.3417e+03, 1.4484e+01
9.3428e+03, 1.7057e+01
9.3433e+03, 1.8122e+01
9.3439e+03, 1.8929e+01
9.3444e+03, 1.9433e+01
9.3450e+03, 1.9603e+01
9.3458e+03, 1.9267e+01
9.3465e+03, 1.8298e+01
9.3473e+03, 1.6805e+01
9.3481e+03, 1.4949e+01
9.3499e+03, 1.0301e+01
9.3507e+03, 8.1634e+00
9.3512e+03, 7.2022e+00
9.3516e+03, 6.3268e+00
9.3520e+03, 5.6394e+00
9.3524e+03, 5.0172e+00
9.3527e+03, 4.4584e+00
9.3531e+03, 3.9616e+00
9.3535e+03, 3.5204e+00
9.3539e+03, 3.1318e+00
9.3543e+03, 2.7911e+00
9.3546e+03, 2.4943e+00
9.3550e+03, 2.2349e+00
9.3554e+03, 2.0093e+00
9.3558e+03, 1.8133e+00
9.3562e+03, 1.6433e+00
9.3565e+03, 1.4949e+00
9.3569e+03, 1.3658e+00
9.3573e+03, 1.2527e+00
9.3577e+03, 1.1537e+00
9.3583e+03, 1.0046e+00
9.3590e+03, 8.8430e-01
9.3597e+03, 7.8585e-01
9.3604e+03, 7.0426e-01
9.3611e+03, 6.3554e-01
9.3617e+03, 5.7708e-01
9.3631e+03, 4.8324e-01
9.3644e+03, 4.1144e-01
9.3658e+03, 3.5507e-01
9.3672e+03, 3.0982e-01
9.3685e+03, 2.7292e-01
9.3699e+03, 2.4237e-01
9.3712e+03, 2.1680e-01
9.3739e+03, 1.7667e-01
9.3766e+03, 1.4692e-01
9.3794e+03, 1.2417e-01
9.3821e+03, 1.0635e-01
9.3848e+03, 9.2131e-02
9.3875e+03, 8.0613e-02
9.3902e+03, 7.1151e-02
9.3950e+03, 5.8125e-02
9.3998e+03, 4.8411e-02
9.4046e+03, 4.0981e-02
9.4093e+03, 3.5190e-02
9.4189e+03, 2.6768e-02
9.4285e+03, 2.1066e-02
9.4374e+03, 1.7266e-02
9.4463e+03, 1.4428e-02
9.4642e+03, 1.0544e-02
9.4821e+03, 8.0858e-03
9.4999e+03, 6.4067e-03
9.5190e+03, 5.1472e-03
9.5382e+03, 4.2399e-03
9.5765e+03, 3.0532e-03
9.6147e+03, 2.3197e-03
9.6530e+03, 1.8396e-03
9.7295e+03, 1.2680e-03
9.8061e+03, 9.5303e-04
9.8826e+03, 7.5710e-04
9.9592e+03, 6.2861e-04
1.0000e+04, 5.7735e-04
1.0137e+04, 4.5928e-04
1.0273e+04, 3.8655e-04
1.0547e+04, 3.0670e-04
1.1094e+04, 2.3771e-04
1.1797e+04, 2.0366e-04
1.2500e+04, 1.8655e-04
1.3750e+04, 1.7170e-04
1.5000e+04, 1.6566e-04
1.5800e+04, 1.6474e-04
1.7500e+04, 1.6970e-04
1.8750e+04, 1.8131e-04
2.0000e+04, 2.0851e-04
2.0443e+04, 2.2860e-04
2.0886e+04, 2.6062e-04
2.1329e+04, 3.2503e-04
2.1550e+04, 3.8592e-04
2.1772e+04, 4.9211e-04
2.1898e+04, 5.9456e-04
2.2025e+04, 7.5808e-04
2.2088e+04, 8.8069e-04
2.2151e+04, 1.0436e-03
2.2215e+04, 1.2780e-03
2.2278e+04, 1.6137e-03
2.2336e+04, 2.0980e-03
2.2365e+04, 2.4208e-03
2.2394e+04, 2.8568e-03
2.2452e+04, 4.1639e-03
2.2466e+04, 4.6459e-03
2.2481e+04, 5.2324e-03
2.2495e+04, 5.9160e-03
2.2510e+04, 6.7729e-03
2.2521e+04, 7.5245e-03
2.2531e+04, 8.4131e-03
2.2542e+04, 9.4740e-03
2.2552e+04, 1.0753e-02
2.2563e+04, 1.2306e-02
2.2568e+04, 1.3212e-02
2.2573e+04, 1.4230e-02
2.2579e+04, 1.5377e-02
2.2584e+04, 1.6668e-02
2.2589e+04, 1.8132e-02
2.2594e+04, 1.9800e-02
2.2599e+04, 2.1589e-02
2.2604e+04, 2.3629e-02
2.2609e+04, 2.5978e-02
2.2614e+04, 2.8687e-02
2.2619e+04, 3.1851e-02
2.2622e+04, 3.3633e-02
2.2624e+04, 3.5573e-02
2.2626e+04, 3.7687e-02
2.2629e+04, 3.9998e-02
2.2631e+04, 4.2529e-02
2.2634e+04, 4.5309e-02
2.2638e+04, 4.9920e-02
2.2641e+04, 5.5258e-02
2.2645e+04, 6.1522e-02
2.2648e+04, 6.8895e-02
2.2652e+04, 7.7705e-02
2.2656e+04, 8.8286e-02
2.2657e+04, 9.4441e-02
2.2659e+04, 1.0122e-01
2.2661e+04, 1.0876e-01
2.2663e+04, 1.1716e-01
2.2666e+04, 1.3127e-01
2.2668e+04, 1.4805e-01
2.2671e+04, 1.6823e-01
2.2673e+04, 1.9264e-01
2.2675e+04, 2.0691e-01
2.2676e+04, 2.2279e-01
2.2677e+04, 2.4053e-01
2.2679e+04, 2.6026e-01
2.2680e+04, 2.8263e-01
2.2681e+04, 3.0790e-01
2.2683e+04, 3.3655e-01
2.2684e+04, 3.6889e-01
2.2686e+04, 4.2149e-01
2.2688e+04, 4.8454e-01
2.2689e+04, 5.6068e-01
2.2691e+04, 6.5255e-01
2.2693e+04, 7.6343e-01
2.2695e+04, 8.9418e-01
2.2697e+04, 1.0460e+00
2.2698e+04, 1.2171e+00
2.2704e+04, 1.8010e+00
2.2706e+04, 1.9208e+00
2.2707e+04, 2.0136e+00
2.2709e+04, 2.0722e+00
2.2710e+04, 2.0921e+00
2.2711e+04, 2.0805e+00
2.2712e+04, 2.0471e+00
2.2714e+04, 1.9208e+00
2.2716e+04, 1.7347e+00
2.2719e+04, 1.5175e+00
2.2721e+04, 1.2939e+00
2.2723e+04, 1.0855e+00
2.2725e+04, 9.0169e-01
2.2727e+04, 7.4808e-01
2.2728e+04, 6.7446e-01
2.2730e+04, 6.0913e-01
2.2731e+04, 5.5135e-01
2.2732e+04, 5.0035e-01
2.2734e+04, 4.1562e-01
2.2737e+04, 3.4961e-01
2.2739e+04, 2.9729e-01
2.2742e+04, 2.5570e-01
2.2744e+04, 2.2197e-01
2.2746e+04, 1.9451e-01
2.2749e+04, 1.7268e-01
2.2751e+04, 1.5429e-01
2.2753e+04, 1.3867e-01
2.2755e+04, 1.2533e-01
2.2760e+04, 1.0374e-01
2.2765e+04, 8.7250e-02
2.2769e+04, 7.4370e-02
2.2774e+04, 6.4164e-02
2.2778e+04, 5.5924e-02
2.2783e+04, 4.9176e-02
2.2787e+04, 4.4319e-02
2.2791e+04, 4.0155e-02
2.2799e+04, 3.3440e-02
2.2806e+04, 2.8278e-02
2.2814e+04, 2.4213e-02
2.2822e+04, 2.0969e-02
2.2830e+04, 1.8340e-02
2.2838e+04, 1.6180e-02
2.2846e+04, 1.4385e-02
2.2861e+04, 1.1594e-02
2.2877e+04, 9.5703e-03
2.2893e+04, 8.0318e-03
2.2908e+04, 6.8394e-03
2.2924e+04, 5.8998e-03
2.2940e+04, 5.1463e-03
2.2971e+04, 4.0273e-03
2.3002e+04, 3.2498e-03
2.3034e+04, 2.6938e-03
2.3065e+04, 2.2739e-03
2.3097e+04, 1.9514e-03
2.3159e+04, 1.4967e-03
2.3222e+04, 1.1999e-03
2.3285e+04, 9.9636e-04
2.3347e+04, 8.5204e-04
2.3473e+04, 6.6120e-04
2.3598e+04, 5.4619e-04
2.3724e+04, 4.7261e-04
2.3975e+04, 3.8999e-04
2.4225e+04, 3.4871e-04
2.4727e+04, 3.2056e-04
2.5313e+04, 3.4555e-04
2.5605e+04, 4.0539e-04
2.5752e+04, 4.7790e-04
2.5898e+04, 6.4314e-04
2.5968e+04, 8.1126e-04
2.6037e+04, 1.1356e-03
2.6072e+04, 1.4311e-03
2.6107e+04, 1.9139e-03
2.6142e+04, 2.7411e-03
2.6159e+04, 3.4419e-03
2.6177e+04, 4.4969e-03
2.6187e+04, 5.3657e-03
2.6197e+04, 6.5397e-03
2.6207e+04, 8.1758e-03
2.6217e+04, 1.0555e-02
2.6227e+04, 1.4176e-02
2.6237e+04, 1.9905e-02
2.6247e+04, 3.0616e-02
2.6252e+04, 3.9612e-02
2.6254e+04, 4.5727e-02
2.6257e+04, 5.3495e-02
2.6259e+04, 6.3177e-02
2.6262e+04, 7.6079e-02
2.6264e+04, 9.4022e-02
2.6266e+04, 1.2045e-01
2.6268e+04, 1.3907e-01
2.6269e+04, 1.6328e-01
2.6270e+04, 1.9552e-01
2.6271e+04, 2.3892e-01
2.6272e+04, 2.9916e-01
2.6273e+04, 3.3750e-01
2.6274e+04, 3.8264e-01
2.6274e+04, 4.3571e-01
2.6275e+04, 4.9794e-01
2.6275e+04, 5.7065e-01
2.6276e+04, 6.5371e-01
2.6276e+04, 7.2897e-01
2.6277e+04, 8.1111e-01
2.6277e+04, 9.0224e-01
2.6278e+04, 1.0029e+00
2.6278e+04, 1.1160e+00
2.6279e+04, 1.2372e+00
2.6279e+04, 1.3689e+00
2.6280e+04, 1.5114e+00
2.6281e+04, 1.8314e+00
2.6282e+04, 2.1872e+00
2.6282e+04, 2.5796e+00
2.6283e+04, 2.9893e+00
2.6285e+04, 3.6723e+00
2.6286e+04, 4.2894e+00
2.6288e+04, 4.7044e+00
2.6289e+04, 4.9483e+00
2.6290e+04, 4.9988e+00
2.6291e+04, 4.9613e+00
2.6292e+04, 4.8527e+00
2.6292e+04, 4.6781e+00
2.6293e+04, 4.4454e+00
2.6294e+04, 4.1221e+00
2.6295e+04, 3.7584e+00
2.6297e+04, 2.9660e+00
2.6298e+04, 2.2975e+00
2.6299e+04, 1.9888e+00
2.6300e+04, 1.7090e+00
2.6300e+04, 1.4539e+00
2.6301e+04, 1.2313e+00
2.6302e+04, 1.0375e+00
2.6303e+04, 8.7118e-01
2.6304e+04, 7.0209e-01
2.6305e+04, 5.6775e-01
2.6306e+04, 4.6016e-01
2.6306e+04, 3.7670e-01
2.6307e+04, 3.1096e-01
2.6308e+04, 2.6042e-01
2.6309e+04, 2.2100e-01
2.6310e+04, 1.9009e-01
2.6311e+04, 1.6539e-01
2.6312e+04, 1.4583e-01
2.6313e+04, 1.2993e-01
2.6314e+04, 1.1682e-01
2.6316e+04, 9.6463e-02
2.6318e+04, 8.1565e-02
2.6320e+04, 6.6307e-02
2.6323e+04, 5.5175e-02
2.6325e+04, 4.6735e-02
2.6328e+04, 4.0159e-02
2.6330e+04, 3.4925e-02
2.6333e+04, 3.0685e-02
2.6338e+04, 2.4282e-02
2.6343e+04, 1.9717e-02
2.6348e+04, 1.6343e-02
2.6354e+04, 1.3783e-02
2.6359e+04, 1.1800e-02
2.6367e+04, 9.3503e-03
2.6376e+04, 7.6001e-03
2.6385e+04, 6.3026e-03
2.6393e+04, 5.3245e-03
2.6411e+04, 3.9710e-03
2.6428e+04, 3.1012e-03
2.6463e+04, 2.0954e-03
2.6497e+04, 1.5428e-03
2.6544e+04, 1.1329e-03
2.6590e+04, 9.0263e-04
2.6683e+04, 6.5860e-04
2.6775e+04, 5.4169e-04
2.6868e+04, 4.7834e-04
2.7053e+04, 4.1830e-04
2.7238e+04, 3.9474e-04
2.7608e+04, 3.8268e-04
2.8554e+04, 4.2160e-04
2.9499e+04, 4.9601e-04
2.9972e+04, 5.4694e-04
3.0445e+04, 6.1029e-04
3.0682e+04, 6.4712e-04
3.0918e+04, 6.8717e-04
3.1155e+04, 7.3293e-04
3.1273e+04, 7.5768e-04
3.1391e+04, 7.8367e-04
3.1556e+04, 8.2282e-04
3.1638e+04, 8.4364e-04
3.1720e+04, 8.6537e-04
3.1802e+04, 8.8804e-04
3.1885e+04, 9.1172e-04
3.1967e+04, 9.3646e-04
3.2049e+04, 9.6232e-04
3.2162e+04, 9.9997e-04
3.2275e+04, 1.0399e-03
3.2388e+04, 1.0825e-03
3.2501e+04, 1.1282e-03
3.2615e+04, 1.1768e-03
3.2728e+04, 1.2291e-03
3.2784e+04, 1.2566e-03
3.2841e+04, 1.2852e-03
3.2954e+04, 1.3453e-03
3.3067e+04, 1.4104e-03
3.3123e+04, 1.4445e-03
3.3180e+04, 1.4803e-03
3.3293e+04, 1.5558e-03
3.3406e+04, 1.6380e-03
3.3519e+04, 1.7266e-03
3.3632e+04, 1.8236e-03
3.3745e+04, 1.9292e-03
3.3858e+04, 2.0440e-03
3.3972e+04, 2.1709e-03
3.4085e+04, 2.3098e-03
3.4198e+04, 2.4627e-03
3.4311e+04, 2.6328e-03
3.4424e+04, 2.8203e-03
3.4537e+04, 3.0303e-03
3.4650e+04, 3.2651e-03
3.4763e+04, 3.5270e-03
3.4876e+04, 3.8257e-03
3.4989e+04, 4.1620e-03
3.5102e+04, 4.5448e-03
3.5216e+04, 4.9869e-03
3.5329e+04, 5.4915e-03
3.5442e+04, 6.0822e-03
3.5498e+04, 6.4094e-03
3.5555e+04, 6.7720e-03
3.5668e+04, 7.5769e-03
3.5781e+04, 8.5487e-03
3.5838e+04, 9.0917e-03
3.5894e+04, 9.7027e-03
3.6007e+04, 1.1099e-02
3.6064e+04, 1.1915e-02
3.6120e+04, 1.2830e-02
3.6177e+04, 1.3826e-02
3.6233e+04, 1.4942e-02
3.6290e+04, 1.6223e-02
3.6346e+04, 1.7633e-02
3.6403e+04, 1.9208e-02
3.6460e+04, 2.1060e-02
3.6516e+04, 2.3133e-02
3.6573e+04, 2.5456e-02
3.6628e+04, 2.8245e-02
3.6683e+04, 3.1435e-02
3.6711e+04, 3.3418e-02
3.6738e+04, 3.6087e-02
3.6766e+04, 4.0652e-02
3.6780e+04, 4.5911e-02
3.6787e+04, 5.1412e-02
3.6794e+04, 6.4983e-02
3.6796e+04, 7.8690e-02
3.6799e+04, 1.0873e-01
3.6801e+04, 1.7652e-01
3.6803e+04, 2.3634e-01
3.6804e+04, 3.2126e-01
3.6805e+04, 4.4009e-01
3.6806e+04, 5.9834e-01
3.6808e+04, 8.0451e-01
3.6809e+04, 1.0584e+00
3.6810e+04, 1.3623e+00
3.6812e+04, 1.7034e+00
3.6814e+04, 2.4409e+00
3.6816e+04, 2.9250e+00
3.6817e+04, 3.1230e+00
3.6818e+04, 3.2759e+00
3.6819e+04, 3.4036e+00
3.6820e+04, 3.4279e+00
3.6821e+04, 3.3824e+00
3.6822e+04, 3.2815e+00
3.6823e+04, 3.1307e+00
3.6825e+04, 2.7940e+00
3.6826e+04, 2.3873e+00
3.6829e+04, 1.5351e+00
3.6830e+04, 1.2987e+00
3.6831e+04, 9.4900e-01
3.6833e+04, 6.7139e-01
3.6835e+04, 4.6437e-01
3.6836e+04, 3.1849e-01
3.6838e+04, 2.2075e-01
3.6839e+04, 1.5806e-01
3.6841e+04, 1.1917e-01
3.6842e+04, 9.5546e-02
3.6846e+04, 7.2433e-02
3.6849e+04, 6.2970e-02
3.6855e+04, 5.5221e-02
3.6867e+04, 4.9989e-02
3.6880e+04, 4.8568e-02
3.6915e+04, 4.9390e-02
3.6950e+04, 5.2160e-02
3.7020e+04, 5.9251e-02
3.7090e+04, 6.7514e-02
3.7160e+04, 7.6279e-02
3.7230e+04, 8.4812e-02
3.7300e+04, 9.2210e-02
3.7370e+04, 9.7260e-02
3.7440e+04, 9.8906e-02
3.7503e+04, 9.7147e-02
3.7555e+04, 9.3472e-02
3.7608e+04, 8.8322e-02
3.7713e+04, 7.5707e-02
3.7818e+04, 6.2429e-02
3.7923e+04, 5.0745e-02
3.8028e+04, 4.1115e-02
3.8080e+04, 3.7146e-02
3.8133e+04, 3.3588e-02
3.8185e+04, 3.0357e-02
3.8238e+04, 2.7628e-02
3.8343e+04, 2.2933e-02
3.8454e+04, 1.9151e-02
3.8564e+04, 1.6141e-02
3.8675e+04, 1.3747e-02
3.8785e+04, 1.1849e-02
3.8896e+04, 1.0283e-02
3.9006e+04, 9.0100e-03
3.9117e+04, 7.9524e-03
3.9227e+04, 7.0588e-03
3.9448e+04, 5.6899e-03
3.9559e+04, 5.1249e-03
3.9670e+04, 4.6600e-03
3.9891e+04, 3.8809e-03
4.0112e+04, 3.2889e-03
4.0333e+04, 2.8144e-03
4.0554e+04, 2.4394e-03
4.0775e+04, 2.1343e-03
4.0996e+04, 1.8802e-03
4.1418e+04, 1.5146e-03
4.1840e+04, 1.2423e-03
4.2262e+04, 1.0415e-03
4.2685e+04, 8.8487e-04
4.3107e+04, 7.6183e-04
4.3529e+04, 6.6599e-04
4.4373e+04, 5.2365e-04
4.4936e+04, 4.5757e-04
4.5499e+04, 4.0785e-04
4.6624e+04, 3.5999e-04
4.7127e+04, 3.8965e-04
4.7378e+04, 4.4962e-04
4.7629e+04, 6.1307e-04
4.7790e+04, 9.0247e-04
4.7870e+04, 1.2092e-03
4.7911e+04, 1.4554e-03
4.7951e+04, 1.8122e-03
4.7994e+04, 2.4006e-03
4.8036e+04, 3.4015e-03
4.8058e+04, 4.1885e-03
4.8079e+04, 5.2865e-03
4.8100e+04, 6.9538e-03
4.8111e+04, 8.1205e-03
4.8122e+04, 9.6207e-03
4.8130e+04, 1.1082e-02
4.8138e+04, 1.2926e-02
4.8154e+04, 1.8655e-02
4.8171e+04, 2.8320e-02
4.8179e+04, 3.6172e-02
4.8183e+04, 4.1594e-02
4.8185e+04, 4.4816e-02
4.8187e+04, 4.8452e-02
4.8188e+04, 4.9669e-02
4.8189e+04, 5.3443e-02
4.8191e+04, 5.7656e-02
4.8193e+04, 6.2433e-02
4.8195e+04, 6.7816e-02
4.8198e+04, 8.1012e-02
4.8200e+04, 8.9170e-02
4.8202e+04, 9.8605e-02
4.8204e+04, 1.1238e-01
4.8206e+04, 1.2933e-01
4.8208e+04, 1.3930e-01
4.8209e+04, 1.5047e-01
4.8210e+04, 1.6302e-01
4.8211e+04, 1.7718e-01
4.8212e+04, 1.9318e-01
4.8213e+04, 2.1131e-01
4.8214e+04, 2.3187e-01
4.8215e+04, 2.5521e-01
4.8216e+04, 2.8168e-01
4.8217e+04, 3.1168e-01
4.8219e+04, 3.4558e-01
4.8220e+04, 3.8338e-01
4.8221e+04, 4.2325e-01
4.8222e+04, 4.6691e-01
4.8223e+04, 5.1485e-01
4.8224e+04, 5.6710e-01
4.8225e+04, 6.2355e-01
4.8226e+04, 6.8394e-01
4.8228e+04, 8.1460e-01
4.8230e+04, 9.5593e-01
4.8232e+04, 1.0953e+00
4.8234e+04, 1.2215e+00
4.8236e+04, 1.3218e+00
4.8238e+04, 1.3823e+00
4.8240e+04, 1.4032e+00
4.8241e+04, 1.3979e+00
4.8242e+04, 1.3734e+00
4.8244e+04, 1.3303e+00
4.8245e+04, 1.2709e+00
4.8246e+04, 1.1986e+00
4.8249e+04, 1.0267e+00
4.8252e+04, 8.4340e-01
4.8256e+04, 6.0828e-01
4.8257e+04, 5.0956e-01
4.8259e+04, 4.2580e-01
4.8261e+04, 3.5565e-01
4.8263e+04, 2.9848e-01
4.8265e+04, 2.5189e-01
4.8267e+04, 2.1452e-01
4.8268e+04, 1.8861e-01
4.8270e+04, 1.6694e-01
4.8273e+04, 1.3331e-01
4.8276e+04, 1.0895e-01
4.8279e+04, 9.0802e-02
4.8283e+04, 7.6923e-02
4.8286e+04, 6.6056e-02
4.8289e+04, 5.7376e-02
4.8292e+04, 5.0346e-02
4.8298e+04, 4.0822e-02
4.8303e+04, 3.3800e-02
4.8309e+04, 2.8471e-02
4.8314e+04, 2.4339e-02
4.8325e+04, 1.8410e-02
4.8336e+04, 1.4424e-02
4.8347e+04, 1.1617e-02
4.8358e+04, 9.5716e-03
4.8380e+04, 6.8485e-03
4.8403e+04, 5.1735e-03
4.8425e+04, 4.0572e-03
4.8447e+04, 3.2810e-03
4.8469e+04, 2.7200e-03
4.8513e+04, 1.9806e-03
4.8557e+04, 1.5319e-03
4.8602e+04, 1.2350e-03
4.8703e+04, 8.4968e-04
4.8804e+04, 6.5565e-04
4.9006e+04, 4.8214e-04
4.9208e+04, 4.3401e-04
4.9410e+04, 4.8938e-04
4.9511e+04, 6.0260e-04
4.9562e+04, 7.1407e-04
4.9612e+04, 9.0072e-04
4.9656e+04, 1.1904e-03
4.9701e+04, 1.7502e-03
4.9723e+04, 2.2217e-03
4.9745e+04, 2.9906e-03
4.9767e+04, 4.3209e-03
4.9778e+04, 5.3677e-03
4.9789e+04, 6.8935e-03
4.9801e+04, 9.4667e-03
4.9807e+04, 1.1355e-02
4.9813e+04, 1.3895e-02
4.9819e+04, 1.7454e-02
4.9822e+04, 1.9797e-02
4.9825e+04, 2.2674e-02
4.9828e+04, 2.6270e-02
4.9831e+04, 3.0859e-02
4.9833e+04, 3.6873e-02
4.9836e+04, 4.5019e-02
4.9839e+04, 5.2633e-02
4.9841e+04, 6.2456e-02
4.9843e+04, 7.5422e-02
4.9844e+04, 8.3501e-02
4.9845e+04, 9.2783e-02
4.9846e+04, 1.0367e-01
4.9847e+04, 1.1620e-01
4.9848e+04, 1.3089e-01
4.9849e+04, 1.4773e-01
4.9850e+04, 1.6734e-01
4.9851e+04, 1.8962e-01
4.9852e+04, 2.1526e-01
4.9853e+04, 2.4397e-01
4.9854e+04, 2.7808e-01
4.9855e+04, 3.1606e-01
4.9857e+04, 4.0241e-01
4.9862e+04, 6.0132e-01
4.9864e+04, 6.9304e-01
4.9866e+04, 7.6849e-01
4.9868e+04, 8.1865e-01
4.9869e+04, 8.3174e-01
4.9870e+04, 8.3610e-01
4.9872e+04, 8.1928e-01
4.9874e+04, 7.7151e-01
4.9876e+04, 6.9870e-01
4.9878e+04, 6.1049e-01
4.9881e+04, 4.8544e-01
4.9883e+04, 3.6821e-01
4.9885e+04, 3.1643e-01
4.9886e+04, 2.7026e-01
4.9887e+04, 2.2992e-01
4.9889e+04, 1.9528e-01
4.9890e+04, 1.7084e-01
4.9891e+04, 1.4970e-01
4.9892e+04, 1.3153e-01
4.9893e+04, 1.1610e-01
4.9894e+04, 1.0280e-01
4.9895e+04, 9.1462e-02
4.9897e+04, 8.1793e-02
4.9898e+04, 7.3601e-02
4.9900e+04, 6.0413e-02
4.9902e+04, 5.0598e-02
4.9904e+04, 4.3096e-02
4.9906e+04, 3.7234e-02
4.9909e+04, 3.1185e-02
4.9912e+04, 2.6567e-02
4.9915e+04, 2.2946e-02
4.9918e+04, 2.0052e-02
4.9924e+04, 1.5729e-02
4.9930e+04, 1.2701e-02
4.9936e+04, 1.0493e-02
4.9941e+04, 8.8353e-03
4.9953e+04, 6.5321e-03
4.9965e+04, 5.0404e-03
4.9977e+04, 4.0260e-03
5.0000e+04, 2.7778e-03
5.0024e+04, 2.0238e-03
5.0049e+04, 1.5593e-03
5.0098e+04, 1.0452e-03
5.0147e+04, 7.7478e-04
5.0195e+04, 6.1508e-04
5.0293e+04, 4.4724e-04
5.0391e+04, 3.5833e-04
5.0668e+04, 2.5696e-04
5.0944e+04, 2.1757e-04
5.1498e+04, 1.8252e-04
5.2605e+04, 1.5242e-04
5.5211e+04, 1.2762e-04
5.6448e+04, 1.3287e-04
5.7067e+04, 1.5050e-04
5.7376e+04, 1.7468e-04
5.7686e+04, 2.3638e-04
5.7804e+04, 2.9164e-04
5.7922e+04, 4.0013e-04
5.7981e+04, 4.9233e-04
5.8040e+04, 6.4918e-04
5.8099e+04, 9.3658e-04
5.8158e+04, 1.5359e-03
5.8193e+04, 2.2800e-03
5.8210e+04, 2.8994e-03
5.8227e+04, 3.8357e-03
5.8245e+04, 5.3432e-03
5.8253e+04, 6.4445e-03
5.8262e+04, 7.9440e-03
5.8270e+04, 1.0105e-02
5.8279e+04, 1.3361e-02
5.8288e+04, 1.8594e-02
5.8296e+04, 2.7841e-02
5.8302e+04, 3.7923e-02
5.8307e+04, 5.6267e-02
5.8310e+04, 7.2236e-02
5.8312e+04, 9.7154e-02
5.8314e+04, 1.1484e-01
5.8315e+04, 1.3716e-01
5.8316e+04, 1.6569e-01
5.8318e+04, 2.0146e-01
5.8319e+04, 2.4885e-01
5.8321e+04, 3.0809e-01
5.8322e+04, 3.8094e-01
5.8323e+04, 4.6881e-01
5.8325e+04, 5.7249e-01
5.8326e+04, 6.9180e-01
5.8328e+04, 8.2534e-01
5.8329e+04, 9.6919e-01
5.8331e+04, 1.1639e+00
5.8333e+04, 1.3563e+00
5.8334e+04, 1.5327e+00
5.8336e+04, 1.6772e+00
5.8338e+04, 1.7751e+00
5.8340e+04, 1.8174e+00
5.8340e+04, 1.8186e+00
5.8340e+04, 1.8173e+00
5.8342e+04, 1.7941e+00
5.8343e+04, 1.7440e+00
5.8344e+04, 1.6685e+00
5.8345e+04, 1.5726e+00
5.8347e+04, 1.4058e+00
5.8349e+04, 1.2205e+00
5.8352e+04, 8.4622e-01
5.8354e+04, 6.4817e-01
5.8356e+04, 4.8396e-01
5.8357e+04, 4.1478e-01
5.8358e+04, 3.5429e-01
5.8360e+04, 3.0202e-01
5.8361e+04, 2.5771e-01
5.8362e+04, 2.1977e-01
5.8363e+04, 1.8786e-01
5.8364e+04, 1.6120e-01
5.8365e+04, 1.3922e-01
5.8367e+04, 1.0553e-01
5.8369e+04, 8.2458e-02
5.8371e+04, 6.8622e-02
5.8372e+04, 5.8224e-02
5.8376e+04, 4.4017e-02
5.8379e+04, 3.4879e-02
5.8383e+04, 2.8533e-02
5.8386e+04, 2.3878e-02
5.8390e+04, 2.0331e-02
5.8397e+04, 1.5334e-02
5.8404e+04, 1.2019e-02
5.8411e+04, 9.6927e-03
5.8425e+04, 6.7174e-03
5.8438e+04, 5.0187e-03
5.8452e+04, 3.8976e-03
5.8479e+04, 2.5620e-03
5.8506e+04, 1.8353e-03
5.8533e+04, 1.4070e-03
5.8587e+04, 9.1890e-04
5.8641e+04, 6.7435e-04
5.8745e+04, 4.5854e-04
5.8849e+04, 3.6647e-04
5.9058e+04, 3.1213e-04
5.9244e+04, 3.3147e-04
5.9430e+04, 4.0022e-04
5.9617e+04, 5.6654e-04
5.9710e+04, 7.2351e-04
5.9803e+04, 9.8942e-04
5.9885e+04, 1.4107e-03
5.9926e+04, 1.7478e-03
5.9967e+04, 2.2391e-03
6.0008e+04, 2.9863e-03
6.0028e+04, 3.5257e-03
6.0049e+04, 4.2263e-03
6.0069e+04, 5.1597e-03
6.0089e+04, 6.4804e-03
6.0110e+04, 8.3971e-03
6.0130e+04, 1.1130e-02
6.0151e+04, 1.5636e-02
6.0161e+04, 1.8998e-02
6.0166e+04, 2.1108e-02
6.0171e+04, 2.3614e-02
6.0177e+04, 2.6620e-02
6.0182e+04, 3.0262e-02
6.0187e+04, 3.4722e-02
6.0192e+04, 4.0262e-02
6.0197e+04, 4.7262e-02
6.0202e+04, 5.6284e-02
6.0205e+04, 6.1807e-02
6.0207e+04, 6.8193e-02
6.0210e+04, 7.5635e-02
6.0212e+04, 8.4381e-02
6.0215e+04, 9.5831e-02
6.0218e+04, 1.0975e-01
6.0221e+04, 1.2696e-01
6.0222e+04, 1.3716e-01
6.0224e+04, 1.4853e-01
6.0225e+04, 1.6143e-01
6.0226e+04, 1.7602e-01
6.0228e+04, 1.9254e-01
6.0229e+04, 2.1116e-01
6.0231e+04, 2.3246e-01
6.0232e+04, 2.5650e-01
6.0233e+04, 2.8398e-01
6.0235e+04, 3.1489e-01
6.0236e+04, 3.4685e-01
6.0237e+04, 3.8243e-01
6.0239e+04, 4.2181e-01
6.0240e+04, 4.6512e-01
6.0241e+04, 5.1237e-01
6.0242e+04, 5.6341e-01
6.0245e+04, 6.7553e-01
6.0248e+04, 8.2370e-01
6.0251e+04, 9.6953e-01
6.0254e+04, 1.0930e+00
6.0256e+04, 1.1398e+00
6.0257e+04, 1.1731e+00
6.0260e+04, 1.1953e+00
6.0261e+04, 1.1897e+00
6.0263e+04, 1.1621e+00
6.0265e+04, 1.1136e+00
6.0267e+04, 1.0478e+00
6.0269e+04, 9.6897e-01
6.0273e+04, 7.9131e-01
6.0276e+04, 6.1658e-01
6.0279e+04, 5.2356e-01
6.0281e+04, 4.4228e-01
6.0283e+04, 3.7290e-01
6.0285e+04, 3.1490e-01
6.0288e+04, 2.6709e-01
6.0290e+04, 2.2800e-01
6.0292e+04, 1.9612e-01
6.0294e+04, 1.7007e-01
6.0298e+04, 1.3768e-01
6.0301e+04, 1.1361e-01
6.0305e+04, 9.5346e-02
6.0308e+04, 8.1184e-02
6.0312e+04, 6.9990e-02
6.0316e+04, 6.0989e-02
6.0319e+04, 5.3640e-02
6.0323e+04, 4.7558e-02
6.0329e+04, 3.8814e-02
6.0336e+04, 3.2294e-02
6.0342e+04, 2.7289e-02
6.0349e+04, 2.3376e-02
6.0356e+04, 2.0250e-02
6.0362e+04, 1.7720e-02
6.0375e+04, 1.3917e-02
6.0391e+04, 1.0825e-02
6.0406e+04, 8.6584e-03
6.0422e+04, 7.0882e-03
6.0437e+04, 5.9143e-03
6.0468e+04, 4.3175e-03
6.0499e+04, 3.2930e-03
6.0532e+04, 2.5565e-03
6.0566e+04, 2.0487e-03
6.0632e+04, 1.4124e-03
6.0699e+04, 1.0464e-03
6.0765e+04, 8.1259e-04
6.0908e+04, 5.3349e-04
6.1051e+04, 3.9241e-04
6.1194e+04, 3.0986e-04
6.1337e+04, 2.5843e-04
6.1679e+04, 1.9379e-04
6.2022e+04, 1.6457e-04
6.2708e+04, 1.4701e-04
6.3393e+04, 1.6446e-04
6.3736e+04, 1.9450e-04
6.3907e+04, 2.2066e-04
6.4079e+04, 2.6160e-04
6.4231e+04, 3.1939e-04
6.4383e+04, 4.1479e-04
6.4459e+04, 4.8702e-04
6.4536e+04, 5.8696e-04
6.4612e+04, 7.3113e-04
6.4688e+04, 9.4915e-04
6.4754e+04, 1.2474e-03
6.4821e+04, 1.7347e-03
6.4854e+04, 2.1016e-03
6.4888e+04, 2.5868e-03
6.4921e+04, 3.2961e-03
6.4938e+04, 3.7700e-03
6.4954e+04, 4.3507e-03
6.4966e+04, 4.8537e-03
6.4978e+04, 5.4562e-03
6.4990e+04, 6.1813e-03
6.5002e+04, 7.0632e-03
6.5014e+04, 8.1502e-03
6.5020e+04, 8.7909e-03
6.5026e+04, 9.5098e-03
6.5032e+04, 1.0319e-02
6.5038e+04, 1.1235e-02
6.5044e+04, 1.2277e-02
6.5050e+04, 1.3473e-02
6.5056e+04, 1.5006e-02
6.5063e+04, 1.6814e-02
6.5069e+04, 1.8970e-02
6.5073e+04, 2.0203e-02
6.5076e+04, 2.1559e-02
6.5079e+04, 2.3058e-02
6.5082e+04, 2.4711e-02
6.5086e+04, 2.6543e-02
6.5089e+04, 2.8582e-02
6.5092e+04, 3.0865e-02
6.5095e+04, 3.3414e-02
6.5099e+04, 3.6278e-02
6.5102e+04, 3.9509e-02
6.5106e+04, 4.3528e-02
6.5109e+04, 4.8156e-02
6.5113e+04, 5.3513e-02
6.5116e+04, 5.9740e-02
6.5120e+04, 6.7008e-02
6.5123e+04, 7.5515e-02
6.5127e+04, 8.5489e-02
6.5131e+04, 9.7174e-02
6.5133e+04, 1.0487e-01
6.5135e+04, 1.1323e-01
6.5139e+04, 1.3222e-01
6.5143e+04, 1.5422e-01
6.5147e+04, 1.7880e-01
6.5155e+04, 2.3118e-01
6.5160e+04, 2.5459e-01
6.5164e+04, 2.7242e-01
6.5167e+04, 2.8069e-01
6.5170e+04, 2.8353e-01
6.5173e+04, 2.8066e-01
6.5176e+04, 2.7382e-01
6.5179e+04, 2.6342e-01
6.5181e+04, 2.5012e-01
6.5184e+04, 2.3470e-01
6.5189e+04, 2.0072e-01
6.5195e+04, 1.6704e-01
6.5200e+04, 1.3697e-01
6.5206e+04, 1.1190e-01
6.5211e+04, 9.1762e-02
6.5216e+04, 7.5890e-02
6.5222e+04, 6.2512e-02
6.5228e+04, 5.2142e-02
6.5234e+04, 4.4023e-02
6.5240e+04, 3.7589e-02
6.5246e+04, 3.2428e-02
6.5252e+04, 2.8238e-02
6.5257e+04, 2.4800e-02
6.5263e+04, 2.1950e-02
6.5269e+04, 1.9556e-02
6.5275e+04, 1.7529e-02
6.5287e+04, 1.4303e-02
6.5298e+04, 1.1886e-02
6.5310e+04, 1.0032e-02
6.5322e+04, 8.5809e-03
6.5334e+04, 7.4241e-03
6.5345e+04, 6.4875e-03
6.5357e+04, 5.7204e-03
6.5379e+04, 4.5989e-03
6.5402e+04, 3.7741e-03
6.5424e+04, 3.1555e-03
6.5446e+04, 2.6802e-03
6.5469e+04, 2.3071e-03
6.5491e+04, 2.0089e-03
6.5536e+04, 1.5677e-03
6.5578e+04, 1.2771e-03
6.5621e+04, 1.0629e-03
6.5663e+04, 9.0066e-04
6.5706e+04, 7.7553e-04
6.5791e+04, 5.9874e-04
6.5876e+04, 4.8152e-04
6.5978e+04, 3.8819e-04
6.6080e+04, 3.2249e-04
6.6285e+04, 2.4217e-04
6.6489e+04, 1.9690e-04
6.6693e+04, 1.6722e-04
6.6940e+04, 1.4474e-04
6.7187e+04, 1.3022e-04
6.7680e+04, 1.1195e-04
6.8174e+04, 1.0197e-04
6.8667e+04, 9.6160e-05
6.9655e+04, 8.9393e-05
7.0642e+04, 8.6114e-05
7.1731e+04, 8.4556e-05
7.4046e+04, 8.4707e-05
7.6361e+04, 8.7850e-05
7.8676e+04, 9.5335e-05
7.9833e+04, 1.0429e-04
8.0990e+04, 1.3189e-04
8.1314e+04, 1.5389e-04
8.1637e+04, 1.9935e-04
8.1799e+04, 2.4302e-04
8.1961e+04, 3.2240e-04
8.2122e+04, 4.8995e-04
8.2203e+04, 6.5122e-04
8.2284e+04, 9.4043e-04
8.2352e+04, 1.4001e-03
8.2386e+04, 1.7867e-03
8.2420e+04, 2.3873e-03
8.2454e+04, 3.3826e-03
8.2488e+04, 5.1448e-03
8.2505e+04, 6.6176e-03
8.2522e+04, 8.9202e-03
8.2539e+04, 1.2720e-02
8.2556e+04, 1.9497e-02
8.2563e+04, 2.3570e-02
8.2569e+04, 2.9167e-02
8.2575e+04, 3.7170e-02
8.2582e+04, 4.9312e-02
8.2585e+04, 5.8027e-02
8.2588e+04, 6.9538e-02
8.2591e+04, 8.5302e-02
8.2595e+04, 1.0763e-01
8.2598e+04, 1.4012e-01
8.2599e+04, 1.6183e-01
8.2601e+04, 1.8806e-01
8.2603e+04, 2.2007e-01
8.2604e+04, 2.5844e-01
8.2606e+04, 3.0465e-01
8.2607e+04, 3.5904e-01
8.2609e+04, 4.3478e-01
8.2611e+04, 5.2327e-01
8.2613e+04, 6.2458e-01
8.2615e+04, 7.3723e-01
8.2622e+04, 1.2240e+00
8.2624e+04, 1.3283e+00
8.2626e+04, 1.4090e+00
8.2628e+04, 1.4600e+00
8.2630e+04, 1.4774e+00
8.2631e+04, 1.4750e+00
8.2633e+04, 1.4437e+00
8.2635e+04, 1.3786e+00
8.2637e+04, 1.2846e+00
8.2638e+04, 1.1697e+00
8.2642e+04, 9.4211e-01
8.2645e+04, 7.1622e-01
8.2647e+04, 6.1340e-01
8.2649e+04, 5.2046e-01
8.2651e+04, 4.3853e-01
8.2652e+04, 3.6782e-01
8.2655e+04, 2.9154e-01
8.2657e+04, 2.3191e-01
8.2659e+04, 1.8573e-01
8.2661e+04, 1.5069e-01
8.2664e+04, 1.2395e-01
8.2666e+04, 1.0365e-01
8.2668e+04, 8.7955e-02
8.2670e+04, 7.5763e-02
8.2675e+04, 5.8244e-02
8.2679e+04, 4.6482e-02
8.2684e+04, 3.8127e-02
8.2688e+04, 3.1932e-02
8.2693e+04, 2.7321e-02
8.2697e+04, 2.3680e-02
8.2706e+04, 1.8323e-02
8.2714e+04, 1.4612e-02
8.2723e+04, 1.1934e-02
8.2732e+04, 9.9417e-03
8.2740e+04, 8.4236e-03
8.2758e+04, 6.3114e-03
8.2775e+04, 4.9054e-03
8.2792e+04, 3.9257e-03
8.2810e+04, 3.2223e-03
8.2827e+04, 2.7006e-03
8.2856e+04, 2.0940e-03
8.2885e+04, 1.7005e-03
8.2942e+04, 1.2027e-03
8.3000e+04, 9.5595e-04
8.3057e+04, 8.6529e-04
8.3095e+04, 9.1125e-04
8.3134e+04, 1.1215e-03
8.3159e+04, 1.5016e-03
8.3171e+04, 1.8801e-03
8.3184e+04, 2.5158e-03
8.3196e+04, 3.7302e-03
8.3203e+04, 4.8731e-03
8.3209e+04, 7.0244e-03
8.3212e+04, 9.0739e-03
8.3215e+04, 1.2644e-02
8.3218e+04, 1.9238e-02
8.3222e+04, 3.1542e-02
8.3223e+04, 4.1172e-02
8.3225e+04, 5.3903e-02
8.3226e+04, 7.0544e-02
8.3228e+04, 9.1876e-02
8.3229e+04, 1.1863e-01
8.3231e+04, 1.5141e-01
8.3233e+04, 1.9053e-01
8.3234e+04, 2.3598e-01
8.3236e+04, 2.8243e-01
8.3237e+04, 3.3253e-01
8.3240e+04, 4.3943e-01
8.3243e+04, 5.4358e-01
8.3244e+04, 5.8894e-01
8.3246e+04, 6.2705e-01
8.3247e+04, 6.5600e-01
8.3248e+04, 6.7426e-01
8.3250e+04, 6.8087e-01
8.3251e+04, 6.7705e-01
8.3252e+04, 6.6586e-01
8.3254e+04, 6.2314e-01
8.3257e+04, 5.5855e-01
8.3260e+04, 4.5417e-01
8.3262e+04, 3.4457e-01
8.3264e+04, 2.9234e-01
8.3265e+04, 2.4437e-01
8.3267e+04, 2.0123e-01
8.3268e+04, 1.6340e-01
8.3270e+04, 1.3082e-01
8.3271e+04, 1.0376e-01
8.3273e+04, 8.1590e-02
8.3274e+04, 6.3771e-02
8.3276e+04, 4.9618e-02
8.3277e+04, 3.8705e-02
8.3280e+04, 2.4001e-02
8.3282e+04, 1.6639e-02
8.3285e+04, 1.2130e-02
8.3287e+04, 9.3325e-03
8.3290e+04, 7.5331e-03
8.3295e+04, 5.4367e-03
8.3300e+04, 4.2495e-03
8.3309e+04, 2.9088e-03
8.3319e+04, 2.1714e-03
8.3339e+04, 1.4032e-03
8.3359e+04, 1.0267e-03
8.3378e+04, 7.9673e-04
8.3398e+04, 6.5345e-04
8.3437e+04, 4.9573e-04
8.3477e+04, 4.0263e-04
8.3516e+04, 3.5419e-04
8.3595e+04, 2.7693e-04
8.3745e+04, 2.1460e-04
8.3895e+04, 1.8293e-04
8.4195e+04, 1.5167e-04
8.4796e+04, 1.2866e-04
8.5997e+04, 1.1836e-04
8.7027e+04, 1.1856e-04
8.8057e+04, 1.2123e-04
8.9087e+04, 1.2523e-04
9.0116e+04, 1.3017e-04
9.0631e+04, 1.3289e-04
9.1146e+04, 1.3593e-04
9.1661e+04, 1.3910e-04
9.2176e+04, 1.4253e-04
9.2691e+04, 1.4614e-04
9.3206e+04, 1.5007e-04
9.3721e+04, 1.5431e-04
9.4236e+04, 1.5893e-04
9.4693e+04, 1.6350e-04
9.5151e+04, 1.6868e-04
9.5458e+04, 1.7281e-04
9.5766e+04, 1.7760e-04
9.6073e+04, 1.8306e-04
9.6381e+04, 1.9093e-04
9.6688e+04, 2.0280e-04
9.6996e+04, 2.2490e-04
9.7150e+04, 2.4766e-04
9.7303e+04, 2.8332e-04
9.7457e+04, 3.6827e-04
9.7534e+04, 4.5260e-04
9.7611e+04, 6.0662e-04
9.7673e+04, 8.8191e-04
9.7736e+04, 1.5044e-03
9.7767e+04, 2.2226e-03
9.7783e+04, 2.7957e-03
9.7799e+04, 3.6840e-03
9.7814e+04, 5.1714e-03
9.7830e+04, 7.8683e-03
9.7838e+04, 1.0139e-02
9.7846e+04, 1.3712e-02
9.7853e+04, 2.0110e-02
9.7857e+04, 2.5662e-02
9.7861e+04, 3.4609e-02
9.7865e+04, 4.9491e-02
9.7869e+04, 7.5651e-02
9.7871e+04, 9.5376e-02
9.7873e+04, 1.2119e-01
9.7874e+04, 1.5447e-01
9.7876e+04, 1.9659e-01
9.7878e+04, 2.4871e-01
9.7880e+04, 3.1159e-01
9.7882e+04, 3.8528e-01
9.7884e+04, 4.6895e-01
9.7892e+04, 8.4636e-01
9.7893e+04, 9.2527e-01
9.7895e+04, 9.9026e-01
9.7897e+04, 1.0372e+00
9.7899e+04, 1.0628e+00
9.7900e+04, 1.0672e+00
9.7901e+04, 1.0615e+00
9.7902e+04, 1.0447e+00
9.7905e+04, 9.8015e-01
9.7907e+04, 9.1284e-01
9.7909e+04, 8.3300e-01
9.7912e+04, 6.5334e-01
9.7916e+04, 4.7529e-01
9.7917e+04, 3.9561e-01
9.7919e+04, 3.2462e-01
9.7921e+04, 2.5504e-01
9.7923e+04, 1.9802e-01
9.7925e+04, 1.5266e-01
9.7927e+04, 1.1752e-01
9.7930e+04, 9.0856e-02
9.7932e+04, 7.0959e-02
9.7936e+04, 4.5492e-02
9.7940e+04, 3.1531e-02
9.7944e+04, 2.3530e-02
9.7948e+04, 1.8525e-02
9.7952e+04, 1.5137e-02
9.7960e+04, 1.0816e-02
9.7968e+04, 8.2112e-03
9.7985e+04, 5.2763e-03
9.8000e+04, 3.7882e-03
9.8015e+04, 2.8723e-03
9.8045e+04, 1.8756e-03
9.8075e+04, 1.3354e-03
9.8106e+04, 1.0280e-03
9.8166e+04, 6.9015e-04
9.8226e+04, 5.2244e-04
9.8287e+04, 4.2864e-04
9.8347e+04, 3.7821e-04
9.8468e+04, 3.1142e-04
9.8710e+04, 2.5533e-04
9.8951e+04, 2.3670e-04
9.9476e+04, 2.2670e-04
1.0000e+05, 2.2839e-04
1.0036e+05, 2.3215e-04
1.0073e+05, 2.3663e-04
1.0110e+05, 2.4176e-04
1.0146e+05, 2.4764e-04
1.0219e+05, 2.6061e-04
1.0255e+05, 2.6779e-04
1.0292e+05, 2.7541e-04
1.0328e+05, 2.8337e-04
1.0365e+05, 2.9180e-04
1.0438e+05, 3.1020e-04
1.0474e+05, 3.2007e-04
1.0511e+05, 3.3069e-04
1.0584e+05, 3.5340e-04
1.0657e+05, 3.7921e-04
1.0693e+05, 3.9306e-04
1.0730e+05, 4.0805e-04
1.0803e+05, 4.4066e-04
1.0876e+05, 4.7805e-04
1.0949e+05, 5.2047e-04
1.1022e+05, 5.6988e-04
1.1058e+05, 5.9712e-04
1.1095e+05, 6.2736e-04
1.1168e+05, 6.9422e-04
1.1223e+05, 7.5316e-04
1.1277e+05, 8.2105e-04
1.1332e+05, 9.0007e-04
1.1387e+05, 9.9343e-04
1.1442e+05, 1.1063e-03
1.1496e+05, 1.2458e-03
1.1551e+05, 1.4375e-03
1.1578e+05, 1.5731e-03
1.1606e+05, 1.7580e-03
1.1637e+05, 2.1891e-03
1.1653e+05, 2.6922e-03
1.1661e+05, 3.1716e-03
1.1669e+05, 4.0299e-03
1.1677e+05, 5.8664e-03
1.1681e+05, 7.7265e-03
1.1685e+05, 1.1173e-02
1.1686e+05, 1.3983e-02
1.1688e+05, 1.8254e-02
1.1690e+05, 2.5288e-02
1.1691e+05, 3.0620e-02
1.1692e+05, 3.8048e-02
1.1693e+05, 4.9710e-02
1.1694e+05, 6.8232e-02
1.1695e+05, 8.2049e-02
1.1695e+05, 1.0027e-01
1.1696e+05, 1.2530e-01
1.1696e+05, 1.6031e-01
1.1697e+05, 2.1926e-01
1.1697e+05, 3.0474e-01
1.1698e+05, 4.2079e-01
1.1698e+05, 5.5883e-01
1.1699e+05, 6.3854e-01
1.1699e+05, 7.1396e-01
1.1699e+05, 7.7883e-01
1.1700e+05, 8.2700e-01
1.1700e+05, 8.5023e-01
1.1700e+05, 8.5769e-01
1.1700e+05, 8.3583e-01
1.1701e+05, 7.7466e-01
1.1701e+05, 6.8513e-01
1.1702e+05, 5.8153e-01
1.1702e+05, 5.1736e-01
1.1702e+05, 4.5796e-01
1.1702e+05, 4.0235e-01
1.1703e+05, 3.5161e-01
1.1703e+05, 3.0452e-01
1.1703e+05, 2.6497e-01
1.1703e+05, 2.3075e-01
1.1704e+05, 2.0145e-01
1.1704e+05, 1.7001e-01
1.1704e+05, 1.4540e-01
1.1704e+05, 1.2848e-01
1.1705e+05, 1.1476e-01
1.1705e+05, 9.3120e-02
1.1706e+05, 6.4815e-02
1.1707e+05, 4.7976e-02
1.1708e+05, 3.7218e-02
1.1710e+05, 2.4502e-02
1.1712e+05, 1.7668e-02
1.1714e+05, 1.3545e-02
1.1716e+05, 1.0892e-02
1.1720e+05, 7.7289e-03
1.1724e+05, 6.0149e-03
1.1727e+05, 4.9906e-03
1.1734e+05, 4.0147e-03
1.1740e+05, 3.4847e-03
1.1753e+05, 2.9947e-03
1.1780e+05, 2.7583e-03
1.1810e+05, 2.8519e-03
1.1841e+05, 3.0937e-03
1.1872e+05, 3.4650e-03
1.1888e+05, 3.8320e-03
1.1896e+05, 4.3077e-03
1.1899e+05, 4.9883e-03
1.1901e+05, 5.7452e-03
1.1903e+05, 7.1714e-03
1.1905e+05, 1.0013e-02
1.1906e+05, 1.4117e-02
1.1906e+05, 1.8645e-02
1.1906e+05, 2.7080e-02
1.1907e+05, 4.2810e-02
1.1907e+05, 7.1082e-02
1.1907e+05, 1.1873e-01
1.1908e+05, 1.9261e-01
1.1908e+05, 2.9645e-01
1.1909e+05, 4.2673e-01
1.1909e+05, 6.9907e-01
1.1910e+05, 7.7870e-01
1.1910e+05, 8.2382e-01
1.1910e+05, 8.3119e-01
1.1910e+05, 8.0200e-01
1.1911e+05, 7.3253e-01
1.1911e+05, 6.3344e-01
1.1912e+05, 4.0408e-01
1.1912e+05, 2.3927e-01
1.1913e+05, 1.2700e-01
1.1913e+05, 7.6226e-02
1.1913e+05, 4.6417e-02
1.1914e+05, 2.9434e-02
1.1914e+05, 2.0144e-02
1.1914e+05, 1.5099e-02
1.1915e+05, 1.2262e-02
1.1915e+05, 9.4158e-03
1.1917e+05, 7.0860e-03
1.1918e+05, 6.0286e-03
1.1921e+05, 5.1331e-03
1.1924e+05, 4.7553e-03
1.1936e+05, 4.4670e-03
1.1969e+05, 4.9424e-03
1.2002e+05, 5.6844e-03
1.2035e+05, 6.5949e-03
1.2068e+05, 7.6324e-03
1.2101e+05, 8.7373e-03
1.2134e+05, 9.7747e-03
1.2150e+05, 1.0254e-02
1.2167e+05, 1.0585e-02
1.2200e+05, 1.0944e-02
1.2218e+05, 1.0873e-02
1.2237e+05, 1.0652e-02
1.2273e+05, 9.8771e-03
1.2347e+05, 7.8354e-03
1.2384e+05, 6.9569e-03
1.2420e+05, 6.2553e-03
1.2457e+05, 5.7146e-03
1.2494e+05, 5.2993e-03
1.2520e+05, 5.0762e-03
1.2560e+05, 4.8940e-03
1.2579e+05, 5.1596e-03
1.2588e+05, 6.3451e-03
1.2591e+05, 7.4817e-03
1.2593e+05, 9.9193e-03
1.2594e+05, 1.2756e-02
1.2595e+05, 1.5515e-02
1.2595e+05, 2.0813e-02
1.2596e+05, 2.5840e-02
1.2596e+05, 3.3580e-02
1.2596e+05, 4.6503e-02
1.2597e+05, 6.6480e-02
1.2597e+05, 9.8772e-02
1.2597e+05, 1.4574e-01
1.2597e+05, 2.1286e-01
1.2598e+05, 3.0391e-01
1.2598e+05, 4.9973e-01
1.2599e+05, 7.3724e-01
1.2599e+05, 9.7642e-01
1.2600e+05, 1.1542e+00
1.2600e+05, 1.2148e+00
1.2600e+05, 1.1963e+00
1.2600e+05, 1.1427e+00
1.2601e+05, 1.0006e+00
1.2601e+05, 8.1998e-01
1.2602e+05, 4.5242e-01
1.2602e+05, 3.0414e-01
1.2603e+05, 1.9729e-01
1.2603e+05, 1.2423e-01
1.2603e+05, 7.7783e-02
1.2604e+05, 4.8186e-02
1.2604e+05, 3.1960e-02
1.2604e+05, 2.3174e-02
1.2605e+05, 1.8271e-02
1.2606e+05, 1.3410e-02
1.2606e+05, 1.1016e-02
1.2608e+05, 8.4853e-03
1.2609e+05, 7.2129e-03
1.2612e+05, 6.0133e-03
1.2615e+05, 5.4910e-03
1.2627e+05, 4.7013e-03
1.2652e+05, 4.3639e-03
1.2700e+05, 4.0904e-03
1.2752e+05, 3.8514e-03
1.2834e+05, 3.4744e-03
1.2916e+05, 3.0852e-03
1.2998e+05, 2.7041e-03
1.3080e+05, 2.4059e-03
1.3098e+05, 2.5012e-03
1.3106e+05, 2.8729e-03
1.3111e+05, 3.5833e-03
1.3113e+05, 4.6134e-03
1.3114e+05, 5.6760e-03
1.3115e+05, 7.8171e-03
1.3115e+05, 1.0080e-02
1.3116e+05, 1.4528e-02
1.3116e+05, 2.3884e-02
1.3117e+05, 3.1877e-02
1.3117e+05, 4.3173e-02
1.3118e+05, 7.9289e-02
1.3118e+05, 1.3743e-01
1.3119e+05, 2.9167e-01
1.3120e+05, 3.3480e-01
1.3120e+05, 3.5543e-01
1.3120e+05, 3.5635e-01
1.3120e+05, 3.4862e-01
1.3121e+05, 3.2748e-01
1.3122e+05, 1.8731e-01
1.3122e+05, 1.1898e-01
1.3123e+05, 6.9418e-02
1.3123e+05, 4.7250e-02
1.3123e+05, 3.2553e-02
1.3124e+05, 2.2892e-02
1.3124e+05, 1.6723e-02
1.3124e+05, 1.2732e-02
1.3125e+05, 1.0275e-02
1.3125e+05, 7.5352e-03
1.3127e+05, 5.2209e-03
1.3128e+05, 4.1801e-03
1.3131e+05, 3.2208e-03
1.3133e+05, 2.8196e-03
1.3144e+05, 2.2912e-03
1.3165e+05, 2.0650e-03
1.3210e+05, 1.9382e-03
1.3223e+05, 2.0833e-03
1.3230e+05, 2.5422e-03
1.3231e+05, 2.8729e-03
1.3233e+05, 3.4890e-03
1.3234e+05, 4.0505e-03
1.3235e+05, 5.0434e-03
1.3235e+05, 5.9385e-03
1.3235e+05, 7.4937e-03
1.3236e+05, 1.0476e-02
1.3236e+05, 1.6258e-02
1.3237e+05, 2.7923e-02
1.3237e+05, 4.9839e-02
1.3237e+05, 8.7777e-02
1.3238e+05, 1.4714e-01
1.3238e+05, 2.2983e-01
1.3239e+05, 3.3055e-01
1.3239e+05, 4.3487e-01
1.3239e+05, 5.1975e-01
1.3240e+05, 5.5914e-01
1.3240e+05, 5.7355e-01
1.3240e+05, 5.7295e-01
1.3240e+05, 5.6703e-01
1.3240e+05, 5.5602e-01
1.3241e+05, 5.1951e-01
1.3241e+05, 3.8955e-01
1.3242e+05, 2.4337e-01
1.3242e+05, 1.2868e-01
1.3243e+05, 8.8770e-02
1.3243e+05, 6.0545e-02
1.3243e+05, 3.8493e-02
1.3244e+05, 2.4917e-02
1.3244e+05, 1.6385e-02
1.3244e+05, 1.1508e-02
1.3244e+05, 8.5654e-03
1.3245e+05, 6.8770e-03
1.3245e+05, 5.1113e-03
1.3247e+05, 3.7108e-03
1.3248e+05, 3.0683e-03
1.3250e+05, 2.4572e-03
1.3253e+05, 2.1818e-03
1.3260e+05, 1.8715e-03
1.3268e+05, 1.7608e-03
1.3282e+05, 1.6587e-03
1.3312e+05, 1.5491e-03
1.3370e+05, 1.3843e-03
1.3487e+05, 1.1321e-03
1.3582e+05, 9.9725e-04
1.3604e+05, 1.0349e-03
1.3615e+05, 1.2173e-03
1.3620e+05, 1.5907e-03
1.3623e+05, 2.2381e-03
1.3624e+05, 3.0628e-03
1.3625e+05, 3.9076e-03
1.3625e+05, 5.7518e-03
1.3626e+05, 9.0537e-03
1.3626e+05, 1.2085e-02
1.3626e+05, 1.6416e-02
1.3627e+05, 2.3006e-02
1.3627e+05, 3.2047e-02
1.3627e+05, 6.1822e-02
1.3628e+05, 1.1079e-01
1.3628e+05, 1.7819e-01
1.3629e+05, 2.5267e-01
1.3629e+05, 3.1220e-01
1.3630e+05, 3.3770e-01
1.3631e+05, 3.1126e-01
1.3631e+05, 2.4557e-01
1.3632e+05, 1.6812e-01
1.3632e+05, 9.9575e-02
1.3633e+05, 5.3219e-02
1.3633e+05, 3.7547e-02
1.3633e+05, 2.6259e-02
1.3634e+05, 1.8417e-02
1.3634e+05, 1.3288e-02
1.3634e+05, 9.7430e-03
1.3634e+05, 7.4286e-03
1.3635e+05, 4.9401e-03
1.3635e+05, 3.6978e-03
1.3636e+05, 3.0382e-03
1.3637e+05, 2.3079e-03
1.3639e+05, 1.6591e-03
1.3644e+05, 1.2349e-03
1.3653e+05, 9.9595e-04
1.3671e+05, 8.8711e-04
1.3707e+05, 8.1626e-04
1.3779e+05, 7.3234e-04
1.3879e+05, 6.4655e-04
1.3978e+05, 5.7819e-04
1.4177e+05, 5.0322e-04
1.4261e+05, 5.3767e-04
1.4303e+05, 6.1457e-04
1.4324e+05, 7.0140e-04
1.4345e+05, 8.6360e-04
1.4369e+05, 1.2854e-03
1.4380e+05, 1.7476e-03
1.4386e+05, 2.1309e-03
1.4392e+05, 2.7031e-03
1.4397e+05, 3.3839e-03
1.4401e+05, 4.4234e-03
1.4406e+05, 6.1189e-03
1.4408e+05, 7.3927e-03
1.4411e+05, 9.1400e-03
1.4413e+05, 1.2155e-02
1.4416e+05, 1.6982e-02
1.4419e+05, 2.5301e-02
1.4420e+05, 2.8322e-02
1.4420e+05, 3.1905e-02
1.4421e+05, 3.6186e-02
1.4422e+05, 4.1337e-02
1.4422e+05, 4.5901e-02
1.4423e+05, 5.1189e-02
1.4423e+05, 5.7333e-02
1.4424e+05, 6.4479e-02
1.4424e+05, 6.8558e-02
1.4424e+05, 7.2782e-02
1.4424e+05, 7.7510e-02
1.4425e+05, 8.2394e-02
1.4425e+05, 8.7840e-02
1.4425e+05, 9.3440e-02
1.4425e+05, 9.9647e-02
1.4426e+05, 1.0598e-01
1.4426e+05, 1.1768e-01
1.4426e+05, 1.3027e-01
1.4427e+05, 1.4352e-01
1.4427e+05, 1.5671e-01
1.4428e+05, 1.6998e-01
1.4428e+05, 1.8238e-01
1.4429e+05, 2.0160e-01
1.4430e+05, 2.0782e-01
1.4430e+05, 2.0990e-01
1.4430e+05, 2.0772e-01
1.4431e+05, 2.0158e-01
1.4431e+05, 1.9179e-01
1.4432e+05, 1.7959e-01
1.4433e+05, 1.5671e-01
1.4433e+05, 1.3334e-01
1.4435e+05, 9.2584e-02
1.4436e+05, 6.4226e-02
1.4438e+05, 4.5915e-02
1.4439e+05, 3.7742e-02
1.4440e+05, 3.1541e-02
1.4442e+05, 2.2898e-02
1.4444e+05, 1.7368e-02
1.4446e+05, 1.3630e-02
1.4447e+05, 1.1155e-02
1.4449e+05, 9.3227e-03
1.4453e+05, 6.8292e-03
1.4456e+05, 5.2688e-03
1.4460e+05, 4.2420e-03
1.4466e+05, 3.1658e-03
1.4472e+05, 2.5576e-03
1.4478e+05, 2.2321e-03
1.4483e+05, 2.1364e-03
1.4488e+05, 2.2353e-03
1.4492e+05, 2.5687e-03
1.4496e+05, 3.4164e-03
1.4498e+05, 4.2798e-03
1.4500e+05, 5.7670e-03
1.4502e+05, 8.3398e-03
1.4503e+05, 1.0600e-02
1.4504e+05, 1.4185e-02
1.4505e+05, 2.0829e-02
1.4505e+05, 2.6561e-02
1.4506e+05, 3.5545e-02
1.4506e+05, 5.0543e-02
1.4506e+05, 7.4644e-02
1.4507e+05, 1.1291e-01
1.4507e+05, 1.3890e-01
1.4507e+05, 1.7010e-01
1.4508e+05, 2.3893e-01
1.4508e+05, 3.2018e-01
1.4509e+05, 4.9440e-01
1.4509e+05, 5.6208e-01
1.4510e+05, 5.8359e-01
1.4510e+05, 5.9476e-01
1.4510e+05, 5.9683e-01
1.4510e+05, 5.9142e-01
1.4510e+05, 5.7649e-01
1.4511e+05, 5.2170e-01
1.4512e+05, 2.2962e-01
1.4513e+05, 1.6568e-01
1.4513e+05, 1.1702e-01
1.4513e+05, 8.2252e-02
1.4514e+05, 5.9034e-02
1.4514e+05, 4.3136e-02
1.4515e+05, 3.2669e-02
1.4515e+05, 2.0999e-02
1.4516e+05, 1.4991e-02
1.4517e+05, 1.1501e-02
1.4518e+05, 7.5706e-03
1.4520e+05, 5.0068e-03
1.4523e+05, 3.6749e-03
1.4527e+05, 2.3374e-03
1.4531e+05, 1.7283e-03
1.4535e+05, 1.3694e-03
1.4543e+05, 9.9854e-04
1.4551e+05, 8.1335e-04
1.4569e+05, 6.2328e-04
1.4586e+05, 5.2887e-04
1.4621e+05, 4.3540e-04
1.4691e+05, 3.5811e-04
1.4853e+05, 2.9906e-04
1.5016e+05, 2.8250e-04
1.5223e+05, 3.1127e-04
1.5327e+05, 3.7247e-04
1.5379e+05, 4.3192e-04
1.5430e+05, 5.3638e-04
1.5462e+05, 6.4188e-04
1.5494e+05, 8.0271e-04
1.5525e+05, 1.0749e-03
1.5541e+05, 1.2839e-03
1.5557e+05, 1.5760e-03
1.5571e+05, 1.9718e-03
1.5586e+05, 2.5485e-03
1.5601e+05, 3.4685e-03
1.5608e+05, 4.1426e-03
1.5615e+05, 5.0398e-03
1.5629e+05, 7.7134e-03
1.5632e+05, 8.7103e-03
1.5636e+05, 9.9206e-03
1.5637e+05, 1.0621e-02
1.5639e+05, 1.1396e-02
1.5641e+05, 1.2256e-02
1.5642e+05, 1.3212e-02
1.5644e+05, 1.4283e-02
1.5646e+05, 1.5473e-02
1.5647e+05, 1.6814e-02
1.5649e+05, 1.8327e-02
1.5651e+05, 2.0037e-02
1.5652e+05, 2.0981e-02
1.5653e+05, 2.1975e-02
1.5653e+05, 2.3047e-02
1.5654e+05, 2.4177e-02
1.5655e+05, 2.5396e-02
1.5656e+05, 2.6683e-02
1.5657e+05, 2.7905e-02
1.5657e+05, 2.9183e-02
1.5658e+05, 3.0536e-02
1.5659e+05, 3.1970e-02
1.5660e+05, 3.3488e-02
1.5660e+05, 3.5096e-02
1.5661e+05, 3.6797e-02
1.5662e+05, 3.8596e-02
1.5663e+05, 4.0497e-02
1.5663e+05, 4.2502e-02
1.5664e+05, 4.4614e-02
1.5665e+05, 4.6835e-02
1.5666e+05, 5.1604e-02
1.5668e+05, 5.6791e-02
1.5669e+05, 6.2562e-02
1.5671e+05, 6.8539e-02
1.5672e+05, 7.4535e-02
1.5674e+05, 8.0251e-02
1.5677e+05, 8.9357e-02
1.5678e+05, 9.1937e-02
1.5680e+05, 9.2820e-02
1.5681e+05, 9.2034e-02
1.5683e+05, 8.9777e-02
1.5684e+05, 8.6251e-02
1.5686e+05, 8.1781e-02
1.5688e+05, 7.2969e-02
1.5690e+05, 6.3683e-02
1.5695e+05, 4.7024e-02
1.5700e+05, 3.4572e-02
1.5705e+05, 2.5872e-02
1.5709e+05, 2.0711e-02
1.5713e+05, 1.6844e-02
1.5716e+05, 1.3910e-02
1.5720e+05, 1.1661e-02
1.5724e+05, 9.9005e-03
1.5728e+05, 8.5079e-03
1.5736e+05, 6.4712e-03
1.5743e+05, 5.2652e-03
1.5750e+05, 4.3725e-03
1.5763e+05, 3.1717e-03
1.5777e+05, 2.4131e-03
1.5790e+05, 1.9102e-03
1.5803e+05, 1.5598e-03
1.5817e+05, 1.3064e-03
1.5844e+05, 9.7387e-04
1.5871e+05, 7.6867e-04
1.5898e+05, 6.3537e-04
1.5936e+05, 5.1708e-04
1.5974e+05, 4.3922e-04
1.6049e+05, 3.5487e-04
1.6201e+05, 2.9665e-04
1.6252e+05, 2.9222e-04
1.6391e+05, 3.0256e-04
1.6530e+05, 3.4200e-04
1.6670e+05, 4.1876e-04
1.6809e+05, 5.5888e-04
1.6961e+05, 8.7042e-04
1.6999e+05, 9.9981e-04
1.7037e+05, 1.1600e-03
1.7056e+05, 1.2588e-03
1.7075e+05, 1.3675e-03
1.7094e+05, 1.4946e-03
1.7103e+05, 1.5644e-03
1.7113e+05, 1.6392e-03
1.7128e+05, 1.7771e-03
1.7136e+05, 1.8528e-03
1.7144e+05, 1.9333e-03
1.7153e+05, 2.0283e-03
1.7162e+05, 2.1300e-03
1.7170e+05, 2.2395e-03
1.7175e+05, 2.2974e-03
1.7179e+05, 2.3575e-03
1.7183e+05, 2.4197e-03
1.7188e+05, 2.4844e-03
1.7196e+05, 2.6216e-03
1.7201e+05, 2.6940e-03
1.7205e+05, 2.7697e-03
1.7214e+05, 2.9296e-03
1.7222e+05, 3.1033e-03
1.7231e+05, 3.2909e-03
1.7240e+05, 3.4942e-03
1.7249e+05, 3.7152e-03
1.7257e+05, 3.9544e-03
1.7266e+05, 4.2143e-03
1.7275e+05, 4.4963e-03
1.7283e+05, 4.8015e-03
1.7293e+05, 5.1774e-03
1.7303e+05, 5.5863e-03
1.7313e+05, 6.0322e-03
1.7323e+05, 6.5137e-03
1.7332e+05, 7.0323e-03
1.7342e+05, 7.5838e-03
1.7352e+05, 8.1628e-03
1.7362e+05, 8.7620e-03
1.7381e+05, 9.9572e-03
1.7401e+05, 1.1027e-02
1.7420e+05, 1.1796e-02
1.7440e+05, 1.2094e-02
1.7452e+05, 1.1972e-02
1.7463e+05, 1.1674e-02
1.7475e+05, 1.1232e-02
1.7487e+05, 1.0665e-02
1.7505e+05, 9.6304e-03
1.7523e+05, 8.5621e-03
1.7560e+05, 6.6837e-03
1.7596e+05, 5.4234e-03
1.7633e+05, 4.9345e-03
1.7661e+05, 5.6064e-03
1.7675e+05, 6.8204e-03
1.7688e+05, 9.6470e-03
1.7694e+05, 1.1751e-02
1.7699e+05, 1.5031e-02
1.7705e+05, 2.0164e-02
1.7708e+05, 2.3966e-02
1.7709e+05, 2.6299e-02
1.7710e+05, 2.9015e-02
1.7712e+05, 3.2007e-02
1.7713e+05, 3.5472e-02
1.7714e+05, 3.9492e-02
1.7715e+05, 4.4160e-02
1.7717e+05, 4.9571e-02
1.7717e+05, 5.2611e-02
1.7718e+05, 5.5828e-02
1.7719e+05, 5.9333e-02
1.7719e+05, 6.3027e-02
1.7720e+05, 6.7029e-02
1.7721e+05, 7.1214e-02
1.7721e+05, 7.5347e-02
1.7722e+05, 7.9595e-02
1.7723e+05, 8.8536e-02
1.7724e+05, 9.7796e-02
1.7725e+05, 1.0689e-01
1.7728e+05, 1.2191e-01
1.7730e+05, 1.2778e-01
1.7731e+05, 1.2599e-01
1.7733e+05, 1.2098e-01
1.7734e+05, 1.1344e-01
1.7735e+05, 1.0430e-01
1.7736e+05, 9.5637e-02
1.7737e+05, 8.6941e-02
1.7739e+05, 7.0883e-02
1.7744e+05, 4.6762e-02
1.7748e+05, 3.1985e-02
1.7753e+05, 2.3017e-02
1.7756e+05, 1.8976e-02
1.7759e+05, 1.5939e-02
1.7764e+05, 1.1765e-02
1.7770e+05, 9.1391e-03
1.7776e+05, 7.3608e-03
1.7783e+05, 5.8723e-03
1.7791e+05, 4.8517e-03
1.7805e+05, 3.5782e-03
1.7820e+05, 2.8236e-03
1.7834e+05, 2.3340e-03
1.7855e+05, 1.8737e-03
1.7876e+05, 1.5725e-03
1.7917e+05, 1.1886e-03
1.7959e+05, 9.5963e-04
1.8000e+05, 7.9823e-04
1.8047e+05, 6.7239e-04
1.8094e+05, 5.7871e-04
1.8188e+05, 4.5449e-04
1.8376e+05, 3.5058e-04
1.8470e+05, 3.8079e-04
1.8517e+05, 4.5496e-04
1.8540e+05, 5.3147e-04
1.8564e+05, 6.5942e-04
1.8578e+05, 7.8944e-04
1.8593e+05, 9.8933e-04
1.8600e+05, 1.1305e-03
1.8607e+05, 1.3139e-03
1.8614e+05, 1.5593e-03
1.8622e+05, 1.9069e-03
1.8635e+05, 2.9877e-03
1.8639e+05, 3.3768e-03
1.8642e+05, 3.8843e-03
1.8644e+05, 4.1867e-03
1.8645e+05, 4.5238e-03
1.8647e+05, 4.9023e-03
1.8649e+05, 5.3286e-03
1.8650e+05, 5.7770e-03
1.8652e+05, 6.2806e-03
1.8653e+05, 6.8463e-03
1.8655e+05, 7.4837e-03
1.8657e+05, 8.2054e-03
1.8657e+05, 8.6014e-03
1.8658e+05, 9.0229e-03
1.8659e+05, 9.4712e-03
1.8660e+05, 9.9480e-03
1.8661e+05, 1.0455e-02
1.8661e+05, 1.0993e-02
1.8662e+05, 1.1453e-02
1.8663e+05, 1.1936e-02
1.8664e+05, 1.2962e-02
1.8665e+05, 1.4082e-02
1.8666e+05, 1.5294e-02
1.8668e+05, 1.6605e-02
1.8669e+05, 1.7982e-02
1.8670e+05, 1.9414e-02
1.8672e+05, 2.0866e-02
1.8674e+05, 2.3198e-02
1.8676e+05, 2.5198e-02
1.8678e+05, 2.6562e-02
1.8680e+05, 2.7043e-02
1.8682e+05, 2.6648e-02
1.8684e+05, 2.5543e-02
1.8686e+05, 2.3882e-02
1.8688e+05, 2.1891e-02
1.8689e+05, 2.0097e-02
1.8691e+05, 1.8317e-02
1.8694e+05, 1.5015e-02
1.8700e+05, 1.0019e-02
1.8706e+05, 6.8885e-03
1.8713e+05, 4.9537e-03
1.8717e+05, 4.0865e-03
1.8721e+05, 3.4273e-03
1.8729e+05, 2.5117e-03
1.8737e+05, 1.9309e-03
1.8745e+05, 1.5350e-03
1.8754e+05, 1.2391e-03
1.8763e+05, 1.0281e-03
1.8781e+05, 7.5447e-04
1.8798e+05, 5.9160e-04
1.8816e+05, 4.8466e-04
1.8841e+05, 3.8753e-04
1.8866e+05, 3.2655e-04
1.8917e+05, 2.5294e-04
1.8967e+05, 2.1339e-04
1.9017e+05, 1.8861e-04
1.9098e+05, 1.6483e-04
1.9179e+05, 1.5124e-04
1.9340e+05, 1.4068e-04
1.9542e+05, 1.5500e-04
1.9642e+05, 1.8522e-04
1.9693e+05, 2.1313e-04
1.9743e+05, 2.6031e-04
1.9776e+05, 3.1079e-04
1.9809e+05, 3.8715e-04
1.9841e+05, 5.1616e-04
1.9858e+05, 6.1659e-04
1.9874e+05, 7.5620e-04
1.9889e+05, 9.4253e-04
1.9904e+05, 1.2223e-03
1.9912e+05, 1.4175e-03
1.9919e+05, 1.6670e-03
1.9927e+05, 1.9951e-03
1.9935e+05, 2.4337e-03
1.9950e+05, 3.9167e-03
1.9953e+05, 4.5011e-03
1.9957e+05, 5.2115e-03
1.9959e+05, 5.6377e-03
1.9961e+05, 6.1172e-03
1.9963e+05, 6.6583e-03
1.9965e+05, 7.2671e-03
1.9967e+05, 7.9596e-03
1.9969e+05, 8.7477e-03
1.9970e+05, 9.6538e-03
1.9972e+05, 1.0697e-02
1.9974e+05, 1.1901e-02
1.9975e+05, 1.2575e-02
1.9976e+05, 1.3293e-02
1.9977e+05, 1.4073e-02
1.9978e+05, 1.4905e-02
1.9979e+05, 1.5809e-02
1.9980e+05, 1.6772e-02
1.9981e+05, 1.7637e-02
1.9981e+05, 1.8556e-02
1.9982e+05, 1.9530e-02
1.9983e+05, 2.0549e-02
1.9984e+05, 2.1640e-02
1.9985e+05, 2.2777e-02
1.9985e+05, 2.3989e-02
1.9986e+05, 2.5245e-02
1.9987e+05, 2.6576e-02
1.9988e+05, 2.7963e-02
1.9989e+05, 3.0858e-02
1.9991e+05, 3.3873e-02
1.9992e+05, 3.6889e-02
1.9994e+05, 4.0290e-02
1.9996e+05, 4.3109e-02
1.9998e+05, 4.4985e-02
2.0000e+05, 4.5636e-02
2.0001e+05, 4.5254e-02
2.0003e+05, 4.4153e-02
2.0004e+05, 4.2430e-02
2.0006e+05, 4.0243e-02
2.0007e+05, 3.7774e-02
2.0008e+05, 3.5136e-02
2.0011e+05, 2.9840e-02
2.0017e+05, 2.0839e-02
2.0022e+05, 1.4635e-02
2.0028e+05, 1.0596e-02
2.0032e+05, 8.6937e-03
2.0035e+05, 7.2412e-03
2.0039e+05, 6.1095e-03
2.0043e+05, 5.2203e-03
2.0050e+05, 3.9385e-03
2.0058e+05, 3.0701e-03
2.0064e+05, 2.5381e-03
2.0070e+05, 2.1356e-03
2.0083e+05, 1.5802e-03
2.0096e+05, 1.2249e-03
2.0109e+05, 9.8594e-04
2.0122e+05, 8.0495e-04
2.0136e+05, 6.7457e-04
2.0164e+05, 5.0676e-04
2.0191e+05, 4.0804e-04
2.0219e+05, 3.4380e-04
2.0270e+05, 2.7744e-04
2.0321e+05, 2.4507e-04
2.0423e+05, 2.2731e-04
2.0516e+05, 2.4290e-04
2.0610e+05, 2.8506e-04
2.0703e+05, 3.6432e-04
2.0750e+05, 4.2651e-04
2.0796e+05, 5.1046e-04
2.0843e+05, 6.3101e-04
2.0890e+05, 8.1051e-04
2.0913e+05, 9.2669e-04
2.0936e+05, 1.0774e-03
2.0948e+05, 1.1655e-03
2.0960e+05, 1.2660e-03
2.0971e+05, 1.3807e-03
2.0977e+05, 1.4438e-03
2.0983e+05, 1.5109e-03
2.0992e+05, 1.6175e-03
2.1000e+05, 1.7352e-03
2.1006e+05, 1.8234e-03
2.1012e+05, 1.9185e-03
2.1018e+05, 2.0206e-03
2.1023e+05, 2.1307e-03
2.1029e+05, 2.2493e-03
2.1035e+05, 2.3772e-03
2.1041e+05, 2.5154e-03
2.1047e+05, 2.6643e-03
2.1053e+05, 2.8257e-03
2.1058e+05, 3.0001e-03
2.1064e+05, 3.1888e-03
2.1070e+05, 3.3926e-03
2.1076e+05, 3.6133e-03
2.1082e+05, 3.8514e-03
2.1088e+05, 4.1088e-03
2.1094e+05, 4.3855e-03
2.1097e+05, 4.5857e-03
2.1101e+05, 4.7957e-03
2.1105e+05, 5.0160e-03
2.1109e+05, 5.2454e-03
2.1113e+05, 5.4841e-03
2.1117e+05, 5.7323e-03
2.1125e+05, 6.2527e-03
2.1133e+05, 6.7999e-03
2.1141e+05, 7.3591e-03
2.1149e+05, 7.9077e-03
2.1157e+05, 8.4315e-03
2.1174e+05, 9.2626e-03
2.1190e+05, 9.5939e-03
2.1201e+05, 9.4406e-03
2.1212e+05, 9.0203e-03
2.1223e+05, 8.4008e-03
2.1234e+05, 7.6661e-03
2.1247e+05, 6.7320e-03
2.1261e+05, 5.8400e-03
2.1287e+05, 4.3445e-03
2.1314e+05, 3.2954e-03
2.1341e+05, 2.7436e-03
2.1350e+05, 2.8796e-03
2.1354e+05, 3.2362e-03
2.1359e+05, 4.3370e-03
2.1361e+05, 5.5211e-03
2.1363e+05, 8.1324e-03
2.1364e+05, 1.0923e-02
2.1365e+05, 1.6211e-02
2.1365e+05, 2.0647e-02
2.1366e+05, 2.6907e-02
2.1366e+05, 3.5519e-02
2.1367e+05, 4.6617e-02
2.1367e+05, 6.2260e-02
2.1368e+05, 8.0051e-02
2.1368e+05, 9.8369e-02
2.1369e+05, 1.1445e-01
2.1370e+05, 1.2502e-01
2.1370e+05, 1.2870e-01
2.1370e+05, 1.2583e-01
2.1371e+05, 1.1791e-01
2.1371e+05, 1.0575e-01
2.1372e+05, 9.1492e-02
2.1372e+05, 6.6369e-02
2.1373e+05, 4.4972e-02
2.1374e+05, 3.6430e-02
2.1374e+05, 2.9642e-02
2.1374e+05, 2.4088e-02
2.1375e+05, 1.9865e-02
2.1376e+05, 1.3183e-02
2.1376e+05, 9.5801e-03
2.1377e+05, 7.4605e-03
2.1378e+05, 6.1367e-03
2.1380e+05, 4.5789e-03
2.1382e+05, 3.7115e-03
2.1385e+05, 2.8086e-03
2.1388e+05, 2.3588e-03
2.1398e+05, 1.8011e-03
2.1407e+05, 1.5499e-03
2.1426e+05, 1.2681e-03
2.1464e+05, 9.4557e-04
2.1496e+05, 7.7321e-04
2.1528e+05, 6.4461e-04
2.1592e+05, 4.7217e-04
2.1656e+05, 3.6409e-04
2.1721e+05, 2.9289e-04
2.1825e+05, 2.2429e-04
2.1930e+05, 1.9895e-04
2.1991e+05, 2.2452e-04
2.2022e+05, 2.7628e-04
2.2037e+05, 3.3133e-04
2.2053e+05, 4.2772e-04
2.2064e+05, 5.5400e-04
2.2075e+05, 7.8410e-04
2.2080e+05, 9.7224e-04
2.2085e+05, 1.2619e-03
2.2091e+05, 1.7305e-03
2.2096e+05, 2.5535e-03
2.2099e+05, 3.3336e-03
2.2103e+05, 4.5630e-03
2.2104e+05, 5.4588e-03
2.2106e+05, 6.6508e-03
2.2107e+05, 8.2909e-03
2.2109e+05, 1.0612e-02
2.2110e+05, 1.2175e-02
2.2110e+05, 1.4075e-02
2.2111e+05, 1.6474e-02
2.2112e+05, 1.9461e-02
2.2113e+05, 2.3320e-02
2.2113e+05, 2.8220e-02
2.2114e+05, 3.4522e-02
2.2115e+05, 4.2546e-02
2.2116e+05, 4.9997e-02
2.2116e+05, 5.8409e-02
2.2117e+05, 7.7674e-02
2.2118e+05, 9.6055e-02
2.2119e+05, 1.0281e-01
2.2120e+05, 1.0670e-01
2.2120e+05, 1.0750e-01
2.2121e+05, 1.0582e-01
2.2121e+05, 1.0111e-01
2.2122e+05, 9.3818e-02
2.2122e+05, 8.5012e-02
2.2123e+05, 6.5715e-02
2.2124e+05, 5.6727e-02
2.2125e+05, 4.8650e-02
2.2125e+05, 3.8779e-02
2.2126e+05, 3.1144e-02
2.2127e+05, 2.5278e-02
2.2128e+05, 2.0787e-02
2.2129e+05, 1.7328e-02
2.2130e+05, 1.4634e-02
2.2130e+05, 1.2508e-02
2.2131e+05, 1.0808e-02
2.2133e+05, 8.5043e-03
2.2134e+05, 6.8693e-03
2.2136e+05, 5.6666e-03
2.2137e+05, 4.7550e-03
2.2140e+05, 3.4910e-03
2.2143e+05, 2.6831e-03
2.2148e+05, 1.8806e-03
2.2153e+05, 1.3989e-03
2.2162e+05, 8.8253e-04
2.2172e+05, 6.1974e-04
2.2181e+05, 4.6999e-04
2.2200e+05, 3.1515e-04
2.2219e+05, 2.3763e-04
2.2257e+05, 1.6781e-04
2.2295e+05, 1.3565e-04
2.2334e+05, 1.1912e-04
2.2376e+05, 1.1187e-04
2.2410e+05, 1.2468e-04
2.2427e+05, 1.5472e-04
2.2435e+05, 2.0456e-04
2.2440e+05, 2.5936e-04
2.2444e+05, 3.5972e-04
2.2447e+05, 5.3333e-04
2.2449e+05, 6.9442e-04
2.2451e+05, 9.7043e-04
2.2453e+05, 1.5354e-03
2.2453e+05, 2.1096e-03
2.2454e+05, 3.2823e-03
2.2455e+05, 4.4040e-03
2.2455e+05, 6.1457e-03
2.2456e+05, 8.8919e-03
2.2456e+05, 1.3126e-02
2.2456e+05, 1.9411e-02
2.2457e+05, 2.8275e-02
2.2457e+05, 4.0032e-02
2.2458e+05, 5.4551e-02
2.2459e+05, 9.2994e-02
2.2459e+05, 1.0925e-01
2.2460e+05, 1.1942e-01
2.2460e+05, 1.2168e-01
2.2460e+05, 1.2023e-01
2.2461e+05, 1.1618e-01
2.2461e+05, 1.0153e-01
2.2462e+05, 6.7901e-02
2.2462e+05, 5.1322e-02
2.2463e+05, 3.7050e-02
2.2463e+05, 2.5754e-02
2.2464e+05, 1.7434e-02
2.2464e+05, 1.1673e-02
2.2465e+05, 7.8759e-03
2.2465e+05, 5.4589e-03
2.2465e+05, 3.9453e-03
2.2466e+05, 2.9925e-03
2.2466e+05, 2.3761e-03
2.2467e+05, 1.6629e-03
2.2468e+05, 1.2730e-03
2.2470e+05, 9.1040e-04
2.2471e+05, 6.9765e-04
2.2474e+05, 4.6830e-04
2.2476e+05, 3.4487e-04
2.2479e+05, 2.7209e-04
2.2485e+05, 1.9718e-04
2.2490e+05, 1.5960e-04
2.2502e+05, 1.2674e-04
2.2513e+05, 1.0824e-04
2.2557e+05, 9.0632e-05
2.2647e+05, 8.1812e-05
2.2748e+05, 9.4196e-05
2.2798e+05, 1.1747e-04
2.2823e+05, 1.4162e-04
2.2849e+05, 1.8357e-04
2.2865e+05, 2.3237e-04
2.2882e+05, 3.1611e-04
2.2898e+05, 4.7419e-04
2.2906e+05, 6.1467e-04
2.2915e+05, 8.3954e-04
2.2922e+05, 1.1727e-03
2.2929e+05, 1.7702e-03
2.2933e+05, 2.2582e-03
2.2937e+05, 3.0026e-03
2.2940e+05, 4.2009e-03
2.2942e+05, 5.0954e-03
2.2944e+05, 6.3149e-03
2.2945e+05, 7.5209e-03
2.2947e+05, 9.1002e-03
2.2948e+05, 1.1256e-02
2.2949e+05, 1.4240e-02
2.2951e+05, 1.8574e-02
2.2952e+05, 2.5100e-02
2.2953e+05, 2.9742e-02
2.2953e+05, 3.5629e-02
2.2954e+05, 4.3400e-02
2.2955e+05, 5.3370e-02
2.2955e+05, 6.2601e-02
2.2956e+05, 7.3373e-02
2.2956e+05, 8.6237e-02
2.2956e+05, 1.0060e-01
2.2957e+05, 1.1675e-01
2.2957e+05, 1.3340e-01
2.2958e+05, 1.4995e-01
2.2958e+05, 1.6523e-01
2.2959e+05, 1.8439e-01
2.2960e+05, 1.9134e-01
2.2961e+05, 1.8675e-01
2.2961e+05, 1.8123e-01
2.2961e+05, 1.7386e-01
2.2962e+05, 1.6439e-01
2.2962e+05, 1.5367e-01
2.2963e+05, 1.3068e-01
2.2963e+05, 1.0779e-01
2.2964e+05, 8.7174e-02
2.2965e+05, 5.5861e-02
2.2967e+05, 3.6912e-02
2.2968e+05, 2.7312e-02
2.2969e+05, 2.0931e-02
2.2970e+05, 1.6535e-02
2.2971e+05, 1.3418e-02
2.2973e+05, 9.3191e-03
2.2975e+05, 6.8549e-03
2.2978e+05, 5.0826e-03
2.2980e+05, 3.9260e-03
2.2985e+05, 2.5565e-03
2.2990e+05, 1.7973e-03
2.2995e+05, 1.3379e-03
2.3002e+05, 9.7347e-04
2.3008e+05, 7.4166e-04
2.3021e+05, 4.7854e-04
2.3034e+05, 3.4064e-04
2.3047e+05, 2.6004e-04
2.3064e+05, 1.9366e-04
2.3082e+05, 1.5373e-04
2.3117e+05, 1.1019e-04
2.3152e+05, 8.7501e-05
2.3187e+05, 7.4331e-05
2.3318e+05, 5.3618e-05
2.3450e+05, 4.6221e-05
2.3712e+05, 4.0450e-05
2.3862e+05, 3.9413e-05
2.4386e+05, 4.4280e-05
2.4648e+05, 5.4644e-05
2.4779e+05, 6.5061e-05
2.4910e+05, 8.3812e-05
2.5023e+05, 1.1543e-04
2.5074e+05, 1.4060e-04
2.5126e+05, 1.7976e-04
2.5177e+05, 2.4591e-04
2.5203e+05, 2.9839e-04
2.5229e+05, 3.7196e-04
2.5252e+05, 4.7290e-04
2.5264e+05, 5.4111e-04
2.5276e+05, 6.2669e-04
2.5287e+05, 7.3709e-04
2.5299e+05, 8.8070e-04
2.5311e+05, 1.0699e-03
2.5317e+05, 1.1857e-03
2.5323e+05, 1.3241e-03
2.5330e+05, 1.5282e-03
2.5337e+05, 1.7785e-03
2.5344e+05, 2.0874e-03
2.5351e+05, 2.4683e-03
2.5358e+05, 2.9355e-03
2.5366e+05, 3.4950e-03
2.5380e+05, 4.8192e-03
2.5385e+05, 5.2666e-03
2.5390e+05, 5.6410e-03
2.5395e+05, 5.8917e-03
2.5400e+05, 5.9794e-03
2.5404e+05, 5.9105e-03
2.5409e+05, 5.7154e-03
2.5413e+05, 5.4191e-03
2.5417e+05, 5.0547e-03
2.5435e+05, 3.4679e-03
2.5443e+05, 2.8225e-03
2.5448e+05, 2.5441e-03
2.5452e+05, 2.3035e-03
2.5461e+05, 1.8992e-03
2.5470e+05, 1.5873e-03
2.5475e+05, 1.4275e-03
2.5481e+05, 1.2907e-03
2.5492e+05, 1.0716e-03
2.5503e+05, 9.0995e-04
2.5514e+05, 7.8676e-04
2.5525e+05, 6.9317e-04
2.5536e+05, 6.2021e-04
2.5558e+05, 5.1977e-04
2.5577e+05, 4.6705e-04
2.5595e+05, 4.3326e-04
2.5632e+05, 4.0509e-04
2.5680e+05, 4.3228e-04
2.5728e+05, 5.3251e-04
2.5752e+05, 6.2378e-04
2.5776e+05, 7.6129e-04
2.5800e+05, 9.8222e-04
2.5824e+05, 1.2989e-03
2.5834e+05, 1.4959e-03
2.5844e+05, 1.7460e-03
2.5849e+05, 1.8972e-03
2.5854e+05, 2.0644e-03
2.5859e+05, 2.2584e-03
2.5864e+05, 2.4808e-03
2.5869e+05, 2.7002e-03
2.5873e+05, 2.9481e-03
2.5878e+05, 3.2297e-03
2.5882e+05, 3.5506e-03
2.5884e+05, 3.7287e-03
2.5886e+05, 3.9182e-03
2.5889e+05, 4.1211e-03
2.5891e+05, 4.3382e-03
2.5893e+05, 4.5700e-03
2.5895e+05, 4.8175e-03
2.5897e+05, 5.0835e-03
2.5899e+05, 5.3690e-03
2.5902e+05, 5.7622e-03
2.5905e+05, 6.1906e-03
2.5908e+05, 6.6563e-03
2.5911e+05, 7.1615e-03
2.5913e+05, 7.7073e-03
2.5916e+05, 8.2932e-03
2.5919e+05, 8.9175e-03
2.5922e+05, 9.5742e-03
2.5925e+05, 1.0447e-02
2.5929e+05, 1.1340e-02
2.5932e+05, 1.2223e-02
2.5936e+05, 1.3052e-02
2.5943e+05, 1.4344e-02
2.5950e+05, 1.4832e-02
2.5954e+05, 1.4700e-02
2.5957e+05, 1.4331e-02
2.5961e+05, 1.3759e-02
2.5964e+05, 1.3030e-02
2.5968e+05, 1.2188e-02
2.5971e+05, 1.1296e-02
2.5978e+05, 9.5191e-03
2.5993e+05, 6.5685e-03
2.6007e+05, 4.5832e-03
2.6021e+05, 3.3057e-03
2.6031e+05, 2.6995e-03
2.6040e+05, 2.2395e-03
2.6050e+05, 1.8846e-03
2.6060e+05, 1.6068e-03
2.6079e+05, 1.2105e-03
2.6099e+05, 9.4337e-04
2.6118e+05, 7.5913e-04
2.6138e+05, 6.2591e-04
2.6157e+05, 5.2644e-04
2.6177e+05, 4.5075e-04
2.6216e+05, 3.4633e-04
2.6255e+05, 2.7762e-04
2.6299e+05, 2.2610e-04
2.6344e+05, 1.9152e-04
2.6433e+05, 1.5079e-04
2.6522e+05, 1.3077e-04
2.6611e+05, 1.2254e-04
2.6655e+05, 1.2165e-04
2.6700e+05, 1.2265e-04
2.6800e+05, 1.3202e-04
2.6900e+05, 1.5308e-04
2.7001e+05, 1.9255e-04
2.7051e+05, 2.2367e-04
2.7101e+05, 2.6852e-04
2.7151e+05, 3.3619e-04
2.7201e+05, 4.4409e-04
2.7226e+05, 5.2201e-04
2.7251e+05, 6.3023e-04
2.7301e+05, 1.0092e-03
2.7313e+05, 1.1558e-03
2.7325e+05, 1.3394e-03
2.7331e+05, 1.4500e-03
2.7337e+05, 1.5757e-03
2.7342e+05, 1.7184e-03
2.7345e+05, 1.7979e-03
2.7348e+05, 1.8831e-03
2.7353e+05, 2.0148e-03
2.7357e+05, 2.1608e-03
2.7361e+05, 2.3242e-03
2.7365e+05, 2.5079e-03
2.7369e+05, 2.7100e-03
2.7373e+05, 2.9386e-03
2.7378e+05, 3.1967e-03
2.7382e+05, 3.4886e-03
2.7386e+05, 3.7910e-03
2.7389e+05, 4.1300e-03
2.7393e+05, 4.5126e-03
2.7395e+05, 4.7211e-03
2.7397e+05, 4.9425e-03
2.7399e+05, 5.1786e-03
2.7401e+05, 5.4279e-03
2.7403e+05, 5.6923e-03
2.7405e+05, 5.9724e-03
2.7407e+05, 6.2707e-03
2.7409e+05, 6.5845e-03
2.7412e+05, 7.2647e-03
2.7415e+05, 7.7186e-03
2.7417e+05, 8.1996e-03
2.7419e+05, 8.7062e-03
2.7422e+05, 9.2370e-03
2.7426e+05, 1.0347e-02
2.7431e+05, 1.1474e-02
2.7441e+05, 1.3427e-02
2.7445e+05, 1.4025e-02
2.7450e+05, 1.4237e-02
2.7454e+05, 1.4118e-02
2.7457e+05, 1.3774e-02
2.7461e+05, 1.3238e-02
2.7464e+05, 1.2554e-02
2.7470e+05, 1.1119e-02
2.7477e+05, 9.6285e-03
2.7489e+05, 7.0324e-03
2.7502e+05, 5.1769e-03
2.7508e+05, 4.4898e-03
2.7515e+05, 3.9290e-03
2.7525e+05, 3.2339e-03
2.7535e+05, 2.7304e-03
2.7545e+05, 2.3530e-03
2.7555e+05, 2.0698e-03
2.7565e+05, 1.8565e-03
2.7575e+05, 1.6960e-03
2.7585e+05, 1.5765e-03
2.7595e+05, 1.4898e-03
2.7613e+05, 1.3988e-03
2.7631e+05, 1.3726e-03
2.7654e+05, 1.4157e-03
2.7665e+05, 1.4680e-03
2.7676e+05, 1.5419e-03
2.7687e+05, 1.6405e-03
2.7693e+05, 1.6990e-03
2.7699e+05, 1.7658e-03
2.7704e+05, 1.8379e-03
2.7710e+05, 1.9197e-03
2.7715e+05, 2.0106e-03
2.7721e+05, 2.1113e-03
2.7727e+05, 2.2346e-03
2.7730e+05, 2.3015e-03
2.7733e+05, 2.3719e-03
2.7736e+05, 2.4464e-03
2.7740e+05, 2.5247e-03
2.7743e+05, 2.6075e-03
2.7746e+05, 2.6946e-03
2.7749e+05, 2.7865e-03
2.7752e+05, 2.8833e-03
2.7755e+05, 2.9852e-03
2.7758e+05, 3.0920e-03
2.7761e+05, 3.2045e-03
2.7764e+05, 3.3223e-03
2.7767e+05, 3.4462e-03
2.7770e+05, 3.5755e-03
2.7774e+05, 3.7437e-03
2.7778e+05, 3.9206e-03
2.7782e+05, 4.1064e-03
2.7786e+05, 4.3010e-03
2.7789e+05, 4.5039e-03
2.7793e+05, 4.7145e-03
2.7797e+05, 4.9318e-03
2.7801e+05, 5.1543e-03
2.7808e+05, 5.6078e-03
2.7816e+05, 6.0517e-03
2.7824e+05, 6.4667e-03
2.7831e+05, 6.8214e-03
2.7841e+05, 7.1238e-03
2.7850e+05, 7.2358e-03
2.7859e+05, 7.1405e-03
2.7869e+05, 6.8568e-03
2.7878e+05, 6.4329e-03
2.7888e+05, 5.9297e-03
2.7898e+05, 5.3221e-03
2.7909e+05, 4.7462e-03
2.7931e+05, 3.8171e-03
2.7953e+05, 3.2453e-03
2.7963e+05, 3.1032e-03
2.7974e+05, 3.0561e-03
2.7982e+05, 3.1034e-03
2.7990e+05, 3.2226e-03
2.7997e+05, 3.4292e-03
2.8005e+05, 3.7402e-03
2.8013e+05, 4.1709e-03
2.8021e+05, 4.7294e-03
2.8036e+05, 6.0329e-03
2.8043e+05, 6.4678e-03
2.8050e+05, 6.5982e-03
2.8054e+05, 6.4952e-03
2.8058e+05, 6.2653e-03
2.8067e+05, 5.5372e-03
2.8084e+05, 3.8632e-03
2.8092e+05, 3.1953e-03
2.8101e+05, 2.6583e-03
2.8109e+05, 2.2388e-03
2.8117e+05, 1.9116e-03
2.8130e+05, 1.5356e-03
2.8144e+05, 1.2678e-03
2.8157e+05, 1.0702e-03
2.8170e+05, 9.2072e-04
2.8196e+05, 7.1309e-04
2.8222e+05, 5.7413e-04
2.8254e+05, 4.6003e-04
2.8285e+05, 3.8040e-04
2.8349e+05, 2.7772e-04
2.8412e+05, 2.1398e-04
2.8476e+05, 1.7160e-04
2.8547e+05, 1.3893e-04
2.8618e+05, 1.1552e-04
2.8760e+05, 8.4586e-05
2.8902e+05, 6.5552e-05
2.9044e+05, 5.2828e-05
2.9283e+05, 3.9373e-05
2.9522e+05, 3.1151e-05
2.9761e+05, 2.5734e-05
2.9880e+05, 2.3690e-05
2.9940e+05, 2.2826e-05
2.9970e+05, 2.2395e-05
2.9985e+05, 2.2179e-05
2.9993e+05, 2.2255e-05
2.9993e+05, 2.3296e-05
2.9994e+05, 2.8607e-05
2.9995e+05, 3.6065e-05
2.9995e+05, 5.0407e-05
2.9996e+05, 7.6381e-05
2.9996e+05, 1.1950e-04
2.9997e+05, 1.9001e-04
2.9997e+05, 2.9687e-04
2.9998e+05, 4.4942e-04
2.9998e+05, 6.4961e-04
2.9999e+05, 1.2103e-03
3.0000e+05, 1.9182e-03
3.0000e+05, 3.8301e-03
3.2500e+05, 3.7653e-03
3.5000e+05, 3.7063e-03
4.0000e+05, 3.6024e-03
4.0156e+05, 3.6004e-03
4.0312e+05, 3.5984e-03
4.0469e+05, 3.5964e-03
4.0625e+05, 3.5944e-03
4.0781e+05, 3.5924e-03
4.0938e+05, 3.5904e-03
4.1094e+05, 3.5884e-03
4.1250e+05, 3.5865e-03
4.1406e+05, 3.5845e-03
4.1562e+05, 3.5826e-03
4.1719e+05, 3.5806e-03
4.1875e+05, 3.5787e-03
4.2031e+05, 3.5768e-03
4.2188e+05, 3.5749e-03
4.2344e+05, 3.5729e-03
4.2500e+05, 3.5711e-03
4.2656e+05, 3.5692e-03
4.2812e+05, 3.5673e-03
4.2969e+05, 3.5654e-03
4.3125e+05, 3.5635e-03
4.3281e+05, 3.5617e-03
4.3438e+05, 3.5598e-03
4.3750e+05, 3.5562e-03
4.4062e+05, 3.5525e-03
4.4375e+05, 3.5489e-03
4.4688e+05, 3.5453e-03
4.5000e+05, 3.5417e-03
4.5312e+05, 3.5382e-03
4.5625e+05, 3.5347e-03
4.5938e+05, 3.5312e-03
4.6250e+05, 3.5278e-03
4.6562e+05, 3.5244e-03
4.6875e+05, 3.5210e-03
4.7188e+05, 3.5176e-03
4.7500e+05, 3.5142e-03
4.7812e+05, 3.5109e-03
4.8125e+05, 3.5076e-03
4.8438e+05, 3.5044e-03
4.8750e+05, 3.5011e-03
4.9062e+05, 3.4979e-03
4.9375e+05, 3.4947e-03
4.9688e+05, 3.4915e-03
5.0000e+05, 3.4883e-03
5.0312e+05, 3.4866e-03
5.0625e+05, 3.4849e-03
5.0938e+05, 3.4832e-03
5.1250e+05, 3.4814e-03
5.1562e+05, 3.4797e-03
5.1875e+05, 3.4781e-03
5.2188e+05, 3.4764e-03
5.2500e+05, 3.4747e-03
5.2812e+05, 3.4731e-03
5.3125e+05, 3.4714e-03
5.3438e+05, 3.4698e-03
5.3750e+05, 3.4682e-03
5.4062e+05, 3.4666e-03
5.4375e+05, 3.4650e-03
5.4688e+05, 3.4634e-03
5.5000e+05, 3.4618e-03
5.5312e+05, 3.4602e-03
5.5625e+05, 3.4586e-03
5.5938e+05, 3.4571e-03
5.6250e+05, 3.4555e-03
5.6562e+05, 3.4540e-03
5.6875e+05, 3.4525e-03
5.7188e+05, 3.4510e-03
5.7500e+05, 3.4494e-03
5.7812e+05, 3.4479e-03
5.8125e+05, 3.4465e-03
5.8438e+05, 3.4450e-03
5.8750e+05, 3.4435e-03
5.9062e+05, 3.4420e-03
5.9375e+05, 3.4406e-03
5.9688e+05, 3.4391e-03
6.0000e+05, 3.4377e-03
6.0625e+05, 3.4373e-03
6.1250e+05, 3.4370e-03
6.1875e+05, 3.4367e-03
6.2500e+05, 3.4363e-03
6.3125e+05, 3.4360e-03
6.3750e+05, 3.4357e-03
6.4375e+05, 3.4353e-03
6.5000e+05, 3.4350e-03
6.5625e+05, 3.4347e-03
6.6250e+05, 3.4344e-03
6.6875e+05, 3.4340e-03
6.7500e+05, 3.4337e-03
6.8125e+05, 3.4334e-03
6.8750e+05, 3.4331e-03
6.9375e+05, 3.4328e-03
7.0000e+05, 3.4325e-03
7.0625e+05, 3.4345e-03
7.1250e+05, 3.4364e-03
7.1875e+05, 3.4383e-03
7.2500e+05, 3.4402e-03
7.3125e+05, 3.4421e-03
7.3750e+05, 3.4440e-03
7.4375e+05, 3.4458e-03
7.5000e+05, 3.4477e-03
7.5625e+05, 3.4495e-03
7.6250e+05, 3.4513e-03
7.6875e+05, 3.4531e-03
7.7500e+05, 3.4549e-03
7.8125e+05, 3.4566e-03
7.8750e+05, 3.4584e-03
7.9375e+05, 3.4601e-03
8.0000e+05, 3.4619e-03
8.0625e+05, 3.4656e-03
8.1250e+05, 3.4693e-03
8.1875e+05, 3.4729e-03
8.2500e+05, 3.4765e-03
8.3125e+05, 3.4801e-03
8.3750e+05, 3.4837e-03
8.4375e+05, 3.4873e-03
8.5000e+05, 3.4908e-03
8.5625e+05, 3.4943e-03
8.6250e+05, 3.4978e-03
8.6875e+05, 3.5013e-03
8.7500e+05, 3.5047e-03
8.8125e+05, 3.5081e-03
8.8750e+05, 3.5116e-03
8.9375e+05, 3.5149e-03
9.0000e+05, 3.5183e-03
9.0600e+05, 3.5232e-03
9.1200e+05, 3.5281e-03
9.1799e+05, 3.5330e-03
9.2399e+05, 3.5378e-03
9.2999e+05, 3.5426e-03
9.3599e+05, 3.5474e-03
9.4198e+05, 3.5522e-03
9.4798e+05, 3.5569e-03
9.5000e+05, 3.5585e-03
9.5625e+05, 3.5634e-03
9.6250e+05, 3.5683e-03
9.6875e+05, 3.5732e-03
9.7500e+05, 3.5780e-03
9.8125e+05, 3.5828e-03
9.8750e+05, 3.5876e-03
9.9375e+05, 3.5923e-03
1.0000e+06, 3.5971e-03
1.0062e+06, 3.6042e-03
1.0125e+06, 3.6113e-03
1.0188e+06, 3.6184e-03
1.0250e+06, 3.6254e-03
1.0312e+06, 3.6324e-03
1.0375e+06, 3.6394e-03
1.0438e+06, 3.6463e-03
1.0500e+06, 3.6532e-03
1.0562e+06, 3.6601e-03
1.0625e+06, 3.6670e-03
1.0688e+06, 3.6738e-03
1.0750e+06, 3.6806e-03
1.0812e+06, 3.6874e-03
1.0875e+06, 3.6941e-03
1.0938e+06, 3.7009e-03
1.1000e+06, 3.7076e-03
1.1062e+06, 3.7142e-03
1.1125e+06, 3.7209e-03
1.1188e+06, 3.7275e-03
1.1250e+06, 3.7341e-03
1.1312e+06, 3.7407e-03
1.1375e+06, 3.7472e-03
1.1438e+06, 3.7537e-03
1.1500e+06, 3.7602e-03
1.1562e+06, 3.7667e-03
1.1625e+06, 3.7732e-03
1.1688e+06, 3.7796e-03
1.1750e+06, 3.7860e-03
1.1812e+06, 3.7924e-03
1.1875e+06, 3.7987e-03
1.1938e+06, 3.8051e-03
1.2000e+06, 3.8114e-03
1.2043e+06, 3.8177e-03
1.2163e+06, 3.8350e-03
1.2282e+06, 3.8523e-03
1.2402e+06, 3.8694e-03
1.2522e+06, 3.8865e-03
1.2641e+06, 3.9035e-03
1.2761e+06, 3.9203e-03
1.2880e+06, 3.9372e-03
1.3000e+06, 3.9539e-03
1.3125e+06, 3.9713e-03
1.3250e+06, 3.9886e-03
1.3375e+06, 4.0058e-03
1.3500e+06, 4.0229e-03
1.3625e+06, 4.0399e-03
1.3750e+06, 4.0569e-03
1.3875e+06, 4.0738e-03
1.4000e+06, 4.0906e-03
1.4125e+06, 4.0252e-03
1.4250e+06, 3.9614e-03
1.4375e+06, 3.8991e-03
1.4500e+06, 3.8384e-03
1.4625e+06, 3.7791e-03
1.4750e+06, 3.7212e-03
1.4875e+06, 3.6647e-03
1.5000e+06, 3.6095e-03
1.5153e+06, 3.5435e-03
1.5307e+06, 3.4793e-03
1.5460e+06, 3.4170e-03
1.5614e+06, 3.3563e-03
1.5614e+06, 3.3563e-03
1.5807e+06, 3.2823e-03
1.6000e+06, 3.2108e-03
1.6125e+06, 3.1338e-03
1.6250e+06, 3.0591e-03
1.6375e+06, 2.9868e-03
1.6500e+06, 2.9167e-03
1.6625e+06, 2.8488e-03
1.6750e+06, 2.7829e-03
1.6875e+06, 2.7190e-03
1.7000e+06, 2.6571e-03
1.7233e+06, 2.5463e-03
1.7467e+06, 2.4416e-03
1.7700e+06, 2.3424e-03
1.7934e+06, 2.2486e-03
1.8000e+06, 2.2228e-03
1.8051e+06, 2.2154e-03
1.8102e+06, 2.2081e-03
1.8153e+06, 2.2009e-03
1.8204e+06, 2.1936e-03
1.8255e+06, 2.1864e-03
1.8306e+06, 2.1793e-03
1.8356e+06, 2.1722e-03
1.8407e+06, 2.1652e-03
1.8458e+06, 2.1581e-03
1.8509e+06, 2.1512e-03
1.8560e+06, 2.1442e-03
1.8611e+06, 2.1374e-03
1.8662e+06, 2.1305e-03
1.8713e+06, 2.1237e-03
1.8764e+06, 2.1169e-03
1.8815e+06, 2.1102e-03
1.8861e+06, 2.1041e-03
1.8907e+06, 2.0981e-03
1.8954e+06, 2.0921e-03
1.9000e+06, 2.0861e-03
1.9062e+06, 2.0780e-03
1.9125e+06, 2.0701e-03
1.9188e+06, 2.0622e-03
1.9250e+06, 2.0543e-03
1.9312e+06, 2.0465e-03
1.9375e+06, 2.0388e-03
1.9438e+06, 2.0311e-03
1.9500e+06, 2.0234e-03
1.9562e+06, 2.0158e-03
1.9625e+06, 2.0083e-03
1.9688e+06, 2.0008e-03
1.9750e+06, 1.9934e-03
1.9812e+06, 1.9860e-03
1.9875e+06, 1.9787e-03
1.9938e+06, 1.9714e-03
2.0000e+06, 1.9642e-03
2.0061e+06, 1.9623e-03
2.0122e+06, 1.9605e-03
2.0183e+06, 1.9586e-03
2.0244e+06, 1.9568e-03
2.0305e+06, 1.9550e-03
2.0366e+06, 1.9532e-03
2.0427e+06, 1.9513e-03
2.0488e+06, 1.9495e-03
2.0529e+06, 1.9483e-03
2.0570e+06, 1.9471e-03
2.0612e+06, 1.9459e-03
2.0653e+06, 1.9447e-03
2.0696e+06, 1.9435e-03
2.0740e+06, 1.9422e-03
2.0783e+06, 1.9409e-03
2.0826e+06, 1.9397e-03
2.0870e+06, 1.9384e-03
2.0913e+06, 1.9372e-03
2.0957e+06, 1.9359e-03
2.1000e+06, 1.9347e-03
2.1053e+06, 1.9332e-03
2.1106e+06, 1.9317e-03
2.1159e+06, 1.9302e-03
2.1211e+06, 1.9287e-03
2.1264e+06, 1.9272e-03
2.1317e+06, 1.9257e-03
2.1370e+06, 1.9243e-03
2.1423e+06, 1.9228e-03
2.1484e+06, 1.9211e-03
2.1546e+06, 1.9194e-03
2.1607e+06, 1.9177e-03
2.1669e+06, 1.9160e-03
2.1730e+06, 1.9143e-03
2.1792e+06, 1.9127e-03
2.1853e+06, 1.9110e-03
2.1914e+06, 1.9093e-03
2.2000e+06, 1.9070e-03
2.2070e+06, 1.9077e-03
2.2139e+06, 1.9084e-03
2.2191e+06, 1.9089e-03
2.2243e+06, 1.9095e-03
2.2295e+06, 1.9100e-03
2.2347e+06, 1.9105e-03
2.2388e+06, 1.9109e-03
2.2429e+06, 1.9113e-03
2.2470e+06, 1.9117e-03
2.2510e+06, 1.9121e-03
2.2551e+06, 1.9125e-03
2.2592e+06, 1.9129e-03
2.2633e+06, 1.9133e-03
2.2674e+06, 1.9137e-03
2.2714e+06, 1.9141e-03
2.2755e+06, 1.9145e-03
2.2796e+06, 1.9149e-03
2.2837e+06, 1.9153e-03
2.2878e+06, 1.9157e-03
2.2918e+06, 1.9161e-03
2.2959e+06, 1.9165e-03
2.3000e+06, 1.9169e-03
2.3056e+06, 1.9174e-03
2.3113e+06, 1.9180e-03
2.3169e+06, 1.9185e-03
2.3226e+06, 1.9190e-03
2.3282e+06, 1.9196e-03
2.3338e+06, 1.9201e-03
2.3395e+06, 1.9206e-03
2.3451e+06, 1.9212e-03
2.3520e+06, 1.9218e-03
2.3588e+06, 1.9225e-03
2.3657e+06, 1.9231e-03
2.3726e+06, 1.9238e-03
2.3794e+06, 1.9244e-03
2.3863e+06, 1.9251e-03
2.3931e+06, 1.9257e-03
2.4000e+06, 1.9263e-03
2.4052e+06, 1.9212e-03
2.4103e+06, 1.9161e-03
2.4155e+06, 1.9111e-03
2.4206e+06, 1.9061e-03
2.4258e+06, 1.9011e-03
2.4309e+06, 1.8961e-03
2.4361e+06, 1.8911e-03
2.4412e+06, 1.8862e-03
2.4464e+06, 1.8813e-03
2.4515e+06, 1.8764e-03
2.4567e+06, 1.8715e-03
2.4618e+06, 1.8667e-03
2.4670e+06, 1.8619e-03
2.4721e+06, 1.8571e-03
2.4773e+06, 1.8523e-03
2.4824e+06, 1.8475e-03
2.4912e+06, 1.8395e-03
2.5000e+06, 1.8315e-03
2.5062e+06, 1.8259e-03
2.5125e+06, 1.8203e-03
2.5188e+06, 1.8147e-03
2.5250e+06, 1.8091e-03
2.5312e+06, 1.8036e-03
2.5375e+06, 1.7981e-03
2.5438e+06, 1.7926e-03
2.5500e+06, 1.7872e-03
2.5562e+06, 1.7818e-03
2.5625e+06, 1.7764e-03
2.5688e+06, 1.7711e-03
2.5750e+06, 1.7658e-03
2.5812e+06, 1.7605e-03
2.5875e+06, 1.7552e-03
2.5938e+06, 1.7500e-03
2.6000e+06, 1.7448e-03
2.6062e+06, 1.7423e-03
2.6125e+06, 1.7398e-03
2.6188e+06, 1.7373e-03
2.6250e+06, 1.7349e-03
2.6312e+06, 1.7324e-03
2.6375e+06, 1.7300e-03
2.6438e+06, 1.7275e-03
2.6500e+06, 1.7251e-03
2.6562e+06, 1.7227e-03
2.6625e+06, 1.7202e-03
2.6688e+06, 1.7178e-03
2.6750e+06, 1.7154e-03
2.6812e+06, 1.7131e-03
2.6875e+06, 1.7107e-03
2.6938e+06, 1.7083e-03
2.7000e+06, 1.7059e-03
2.7062e+06, 1.7036e-03
2.7125e+06, 1.7012e-03
2.7188e+06, 1.6989e-03
2.7250e+06, 1.6966e-03
2.7312e+06, 1.6943e-03
2.7375e+06, 1.6920e-03
2.7438e+06, 1.6897e-03
2.7500e+06, 1.6874e-03
2.7562e+06, 1.6851e-03
2.7625e+06, 1.6828e-03
2.7750e+06, 1.6783e-03
2.7875e+06, 1.6738e-03
2.8000e+06, 1.6693e-03
2.8045e+06, 1.6627e-03
2.8090e+06, 1.6562e-03
2.8138e+06, 1.6493e-03
2.8186e+06, 1.6425e-03
2.8237e+06, 1.6353e-03
2.8288e+06, 1.6281e-03
2.8338e+06, 1.6209e-03
2.8389e+06, 1.6138e-03
2.8440e+06, 1.6068e-03
2.8491e+06, 1.5997e-03
2.8542e+06, 1.5928e-03
2.8593e+06, 1.5858e-03
2.8644e+06, 1.5790e-03
2.8695e+06, 1.5721e-03
2.8746e+06, 1.5653e-03
2.8796e+06, 1.5585e-03
2.8847e+06, 1.5518e-03
2.8898e+06, 1.5451e-03
2.8949e+06, 1.5385e-03
2.9000e+06, 1.5319e-03
2.9046e+06, 1.5260e-03
2.9092e+06, 1.5201e-03
2.9138e+06, 1.5142e-03
2.9184e+06, 1.5083e-03
2.9235e+06, 1.5019e-03
2.9286e+06, 1.4955e-03
2.9337e+06, 1.4892e-03
2.9388e+06, 1.4828e-03
2.9439e+06, 1.4766e-03
2.9490e+06, 1.4703e-03
2.9541e+06, 1.4641e-03
2.9592e+06, 1.4580e-03
2.9643e+06, 1.4518e-03
2.9694e+06, 1.4457e-03
2.9745e+06, 1.4397e-03
2.9796e+06, 1.4336e-03
2.9847e+06, 1.4277e-03
2.9898e+06, 1.4217e-03
2.9949e+06, 1.4158e-03
3.0000e+06, 1.4099e-03
3.0046e+06, 1.4097e-03
3.0092e+06, 1.4096e-03
3.0138e+06, 1.4094e-03
3.0184e+06, 1.4092e-03
3.0230e+06, 1.4090e-03
3.0276e+06, 1.4088e-03
3.0322e+06, 1.4087e-03
3.0368e+06, 1.4085e-03
3.0414e+06, 1.4083e-03
3.0459e+06, 1.4081e-03
3.0505e+06, 1.4080e-03
3.0551e+06, 1.4078e-03
3.0597e+06, 1.4076e-03
3.0643e+06, 1.4074e-03
3.0689e+06, 1.4073e-03
3.0735e+06, 1.4071e-03
3.0768e+06, 1.4070e-03
3.0801e+06, 1.4069e-03
3.0834e+06, 1.4067e-03
3.0868e+06, 1.4066e-03
3.0901e+06, 1.4065e-03
3.0934e+06, 1.4064e-03
3.0967e+06, 1.4062e-03
3.1000e+06, 1.4061e-03
3.1031e+06, 1.4060e-03
3.1062e+06, 1.4059e-03
3.1094e+06, 1.4058e-03
3.1125e+06, 1.4056e-03
3.1156e+06, 1.4055e-03
3.1188e+06, 1.4054e-03
3.1219e+06, 1.4053e-03
3.1250e+06, 1.4052e-03
3.1281e+06, 1.4051e-03
3.1312e+06, 1.4049e-03
3.1375e+06, 1.4047e-03
3.1438e+06, 1.4045e-03
3.1500e+06, 1.4043e-03
3.1562e+06, 1.4040e-03
3.1625e+06, 1.4038e-03
3.1688e+06, 1.4036e-03
3.1750e+06, 1.4033e-03
3.1812e+06, 1.4031e-03
3.1875e+06, 1.4029e-03
3.1938e+06, 1.4027e-03
3.2000e+06, 1.4024e-03
3.2041e+06, 1.4021e-03
3.2082e+06, 1.4018e-03
3.2124e+06, 1.4015e-03
3.2165e+06, 1.4012e-03
3.2206e+06, 1.4009e-03
3.2248e+06, 1.4005e-03
3.2289e+06, 1.4002e-03
3.2330e+06, 1.3999e-03
3.2371e+06, 1.3996e-03
3.2412e+06, 1.3993e-03
3.2454e+06, 1.3990e-03
3.2495e+06, 1.3987e-03
3.2536e+06, 1.3984e-03
3.2578e+06, 1.3981e-03
3.2619e+06, 1.3977e-03
3.2660e+06, 1.3974e-03
3.2660e+06, 1.3974e-03
3.2703e+06, 1.3971e-03
3.2745e+06, 1.3968e-03
3.2788e+06, 1.3965e-03
3.2830e+06, 1.3962e-03
3.2873e+06, 1.3959e-03
3.2915e+06, 1.3955e-03
3.2958e+06, 1.3952e-03
3.3000e+06, 1.3949e-03
3.3040e+06, 1.3946e-03
3.3080e+06, 1.3943e-03
3.3120e+06, 1.3940e-03
3.3161e+06, 1.3937e-03
3.3201e+06, 1.3934e-03
3.3241e+06, 1.3931e-03
3.3281e+06, 1.3929e-03
3.3321e+06, 1.3926e-03
3.3321e+06, 1.3926e-03
3.3380e+06, 1.3921e-03
3.3439e+06, 1.3917e-03
3.3498e+06, 1.3913e-03
3.3557e+06, 1.3908e-03
3.3616e+06, 1.3904e-03
3.3675e+06, 1.3900e-03
3.3734e+06, 1.3896e-03
3.3793e+06, 1.3891e-03
3.3793e+06, 1.3891e-03
3.3845e+06, 1.3888e-03
3.3897e+06, 1.3884e-03
3.3948e+06, 1.3880e-03
3.4000e+06, 1.3877e-03
3.4079e+06, 1.3818e-03
3.4158e+06, 1.3760e-03
3.4237e+06, 1.3702e-03
3.4316e+06, 1.3644e-03
3.4394e+06, 1.3587e-03
3.4473e+06, 1.3530e-03
3.4552e+06, 1.3473e-03
3.4631e+06, 1.3417e-03
3.4683e+06, 1.3380e-03
3.4735e+06, 1.3343e-03
3.4735e+06, 1.3343e-03
3.4802e+06, 1.3297e-03
3.4868e+06, 1.3251e-03
3.4934e+06, 1.3205e-03
3.5000e+06, 1.3159e-03
3.5074e+06, 1.3109e-03
3.5118e+06, 1.3079e-03
3.5161e+06, 1.3049e-03
3.5205e+06, 1.3019e-03
3.5249e+06, 1.2989e-03
3.5298e+06, 1.2956e-03
3.5298e+06, 1.2956e-03
3.5342e+06, 1.2927e-03
3.5386e+06, 1.2898e-03
3.5430e+06, 1.2868e-03
3.5474e+06, 1.2839e-03
3.5518e+06, 1.2810e-03
3.5561e+06, 1.2781e-03
3.5605e+06, 1.2752e-03
3.5649e+06, 1.2724e-03
3.5693e+06, 1.2695e-03
3.5737e+06, 1.2667e-03
3.5781e+06, 1.2638e-03
3.5825e+06, 1.2610e-03
3.5868e+06, 1.2582e-03
3.5912e+06, 1.2553e-03
3.5956e+06, 1.2525e-03
3.6000e+06, 1.2497e-03
3.6059e+06, 1.2475e-03
3.6118e+06, 1.2453e-03
3.6192e+06, 1.2425e-03
3.6266e+06, 1.2397e-03
3.6341e+06, 1.2370e-03
3.6415e+06, 1.2342e-03
3.6489e+06, 1.2315e-03
3.6564e+06, 1.2287e-03
3.6638e+06, 1.2260e-03
3.6712e+06, 1.2233e-03
3.6784e+06, 1.2207e-03
3.6856e+06, 1.2181e-03
3.6928e+06, 1.2155e-03
3.7000e+06, 1.2129e-03
3.7105e+06, 1.2092e-03
3.7209e+06, 1.2055e-03
3.7314e+06, 1.2018e-03
3.7418e+06, 1.1981e-03
3.7418e+06, 1.1981e-03
3.7491e+06, 1.1956e-03
3.7564e+06, 1.1930e-03
3.7637e+06, 1.1905e-03
3.7709e+06, 1.1880e-03
3.7782e+06, 1.1855e-03
3.7855e+06, 1.1830e-03
3.7927e+06, 1.1806e-03
3.8000e+06, 1.1781e-03
3.8125e+06, 1.1751e-03
3.8250e+06, 1.1722e-03
3.8375e+06, 1.1692e-03
3.8500e+06, 1.1663e-03
3.8625e+06, 1.1634e-03
3.8750e+06, 1.1605e-03
3.8875e+06, 1.1577e-03
3.9000e+06, 1.1548e-03
3.9116e+06, 1.1522e-03
3.9232e+06, 1.1495e-03
3.9349e+06, 1.1469e-03
3.9465e+06, 1.1443e-03
3.9545e+06, 1.1426e-03
3.9624e+06, 1.1408e-03
3.9704e+06, 1.1390e-03
3.9784e+06, 1.1373e-03
3.9784e+06, 1.1373e-03
3.9801e+06, 1.1369e-03
3.9901e+06, 1.1347e-03
4.0000e+06, 1.1325e-03
4.0089e+06, 1.1285e-03
4.0179e+06, 1.1246e-03
4.0268e+06, 1.1206e-03
4.0357e+06, 1.1167e-03
4.0495e+06, 1.1107e-03
4.0495e+06, 1.1107e-03
4.0611e+06, 1.1056e-03
4.0726e+06, 1.1006e-03
4.0842e+06, 1.0957e-03
4.0958e+06, 1.0908e-03
4.0958e+06, 1.0908e-03
4.1079e+06, 1.0857e-03
4.1201e+06, 1.0806e-03
4.1322e+06, 1.0756e-03
4.1443e+06, 1.0706e-03
4.1578e+06, 1.0651e-03
4.1713e+06, 1.0596e-03
4.1848e+06, 1.0542e-03
4.1982e+06, 1.0488e-03
4.1983e+06, 1.0488e-03
4.2000e+06, 1.0481e-03
4.2160e+06, 1.0425e-03
4.2160e+06, 1.0425e-03
4.2307e+06, 1.0374e-03
4.2454e+06, 1.0323e-03
4.2601e+06, 1.0272e-03
4.2749e+06, 1.0222e-03
4.2896e+06, 1.0172e-03
4.3043e+06, 1.0123e-03
4.3190e+06, 1.0074e-03
4.3337e+06, 1.0026e-03
4.3503e+06, 9.9718e-04
4.3669e+06, 9.9183e-04
4.3834e+06, 9.8652e-04
4.4000e+06, 9.8126e-04
4.4147e+06, 9.7971e-04
4.4293e+06, 9.7816e-04
4.4440e+06, 9.7662e-04
4.4587e+06, 9.7509e-04
4.4751e+06, 9.7338e-04
4.4914e+06, 9.7169e-04
4.5078e+06, 9.7000e-04
4.5242e+06, 9.6833e-04
4.5370e+06, 9.6702e-04
4.5498e+06, 9.6573e-04
4.5624e+06, 9.6446e-04
4.5749e+06, 9.6320e-04
4.5875e+06, 9.6194e-04
4.6000e+06, 9.6069e-04
4.6125e+06, 9.5794e-04
4.6250e+06, 9.5521e-04
4.6375e+06, 9.5249e-04
4.6500e+06, 9.4979e-04
4.6625e+06, 9.4711e-04
4.6750e+06, 9.4443e-04
4.6875e+06, 9.4178e-04
4.7000e+06, 9.3913e-04
4.7125e+06, 9.3651e-04
4.7250e+06, 9.3389e-04
4.7375e+06, 9.3129e-04
4.7500e+06, 9.2871e-04
4.7625e+06, 9.2614e-04
4.7750e+06, 9.2358e-04
4.7875e+06, 9.2103e-04
4.8000e+06, 9.1850e-04
4.8250e+06, 9.1390e-04
4.8500e+06, 9.0934e-04
4.8750e+06, 9.0483e-04
4.9000e+06, 9.0036e-04
4.9250e+06, 8.9594e-04
4.9500e+06, 8.9157e-04
4.9750e+06, 8.8723e-04
5.0000e+06, 8.8294e-04
5.0250e+06, 8.7859e-04
5.0500e+06, 8.7428e-04
5.0750e+06, 8.7001e-04
5.1000e+06, 8.6578e-04
5.1250e+06, 8.6159e-04
5.1500e+06, 8.5745e-04
5.1750e+06, 8.5334e-04
5.2000e+06, 8.4928e-04
5.2250e+06, 8.4570e-04
5.2500e+06, 8.4215e-04
5.2750e+06, 8.3863e-04
5.3000e+06, 8.3514e-04
5.3250e+06, 8.3169e-04
5.3500e+06, 8.2826e-04
5.3750e+06, 8.2487e-04
5.4000e+06, 8.2150e-04
5.4250e+06, 8.1815e-04
5.4500e+06, 8.1484e-04
5.4750e+06, 8.1155e-04
5.5000e+06, 8.0829e-04
5.5250e+06, 8.0506e-04
5.5500e+06, 8.0186e-04
5.5750e+06, 7.9868e-04
5.6000e+06, 7.9553e-04
5.6250e+06, 7.9279e-04
5.6500e+06, 7.9006e-04
5.6750e+06, 7.8736e-04
5.7000e+06, 7.8468e-04
5.7250e+06, 7.8202e-04
5.7500e+06, 7.7939e-04
5.7750e+06, 7.7677e-04
5.8000e+06, 7.7417e-04
5.8250e+06, 7.7191e-04
5.8500e+06, 7.6966e-04
5.8750e+06, 7.6743e-04
5.9000e+06, 7.6521e-04
5.9250e+06, 7.6301e-04
5.9500e+06, 7.6083e-04
6.0000e+06, 7.5651e-04
6.0500e+06, 7.5176e-04
6.1000e+06, 7.4709e-04
6.1500e+06, 7.4248e-04
6.2000e+06, 7.3794e-04
6.2500e+06, 7.3339e-04
6.3000e+06, 7.2890e-04
6.3500e+06, 7.2448e-04
6.4000e+06, 7.2012e-04
6.4073e+06, 7.1964e-04
6.4555e+06, 7.1654e-04
6.5037e+06, 7.1348e-04
6.5518e+06, 7.1045e-04
6.6000e+06, 7.0745e-04
6.6346e+06, 7.0511e-04
6.6760e+06, 7.0233e-04
6.7173e+06, 6.9958e-04
6.7587e+06, 6.9686e-04
6.8000e+06, 6.9417e-04
6.8500e+06, 6.9121e-04
6.9000e+06, 6.8829e-04
6.9500e+06, 6.8540e-04
7.0000e+06, 6.8254e-04
7.0500e+06, 6.7870e-04
7.1000e+06, 6.7491e-04
7.1500e+06, 6.7116e-04
7.2000e+06, 6.6747e-04
7.2500e+06, 6.6472e-04
7.3000e+06, 6.6199e-04
7.3500e+06, 6.5930e-04
7.4000e+06, 6.5664e-04
7.5000e+06, 6.5454e-04
7.6000e+06, 6.5247e-04
7.7000e+06, 6.4733e-04
7.8000e+06, 6.4229e-04
7.9000e+06, 6.3912e-04
8.0000e+06, 6.3601e-04
8.1229e+06, 6.3338e-04
8.2459e+06, 6.3079e-04
8.3729e+06, 6.2817e-04
8.5000e+06, 6.2560e-04
8.6250e+06, 6.2598e-04
8.7500e+06, 6.2635e-04
8.8750e+06, 6.2671e-04
9.0000e+06, 6.2707e-04
9.2499e+06, 6.3154e-04
9.2499e+06, 6.3154e-04
9.5000e+06, 6.3592e-04
9.5706e+06, 6.3923e-04
9.5706e+06, 6.3923e-04
9.8433e+06, 6.5196e-04
9.8659e+06, 6.5301e-04
9.8773e+06, 6.5354e-04
1.0000e+07, 6.5923e-04
1.0250e+07, 6.6761e-04
1.0500e+07, 6.7589e-04
1.0524e+07, 6.7802e-04
1.0524e+07, 6.7802e-04
1.0616e+07, 6.8624e-04
1.0641e+07, 6.8849e-04
1.0821e+07, 7.0460e-04
1.1000e+07, 7.2081e-04
1.1250e+07, 7.4732e-04
1.1500e+07, 7.7417e-04
1.1757e+07, 8.0360e-04
1.2000e+07, 8.3193e-04
1.2112e+07, 8.4485e-04
1.2112e+07, 8.4486e-04
1.2176e+07, 8.5231e-04
1.2207e+07, 8.5585e-04
1.2274e+07, 8.6375e-04
1.2500e+07, 8.9030e-04
1.2788e+07, 9.2215e-04
1.2995e+07, 9.4538e-04
1.3000e+07, 9.4589e-04
1.3089e+07, 9.5514e-04
1.3201e+07, 9.6680e-04
1.3500e+07, 9.9823e-04
1.3578e+07, 1.0048e-03
1.3788e+07, 1.0224e-03
1.3859e+07, 1.0283e-03
1.3859e+07, 1.0283e-03
1.3901e+07, 1.0318e-03
1.4000e+07, 1.0402e-03
1.4182e+07, 1.0519e-03
1.4182e+07, 1.0519e-03
1.4500e+07, 1.0724e-03
1.4618e+07, 1.0852e-03
1.4809e+07, 1.1060e-03
1.5000e+07, 1.1270e-03
1.5157e+07, 1.1320e-03
1.5500e+07, 1.1427e-03
1.5750e+07, 1.1505e-03
1.6000e+07, 1.1582e-03
1.6242e+07, 1.1586e-03
1.6500e+07, 1.1590e-03
1.6896e+07, 1.1595e-03
1.7000e+07, 1.1597e-03
1.7250e+07, 1.1495e-03
1.7500e+07, 1.1396e-03
1.7580e+07, 1.1365e-03
1.8000e+07, 1.1204e-03
1.8491e+07, 1.0837e-03
1.8500e+07, 1.0830e-03
1.8520e+07, 1.0816e-03
1.8530e+07, 1.0809e-03
1.8584e+07, 1.0770e-03
1.8584e+07, 1.0770e-03
1.8769e+07, 1.0639e-03
1.9000e+07, 1.0479e-03
1.9250e+07, 1.0201e-03
1.9500e+07, 9.9347e-04
1.9720e+07, 9.7082e-04
1.9940e+07, 9.4894e-04
2.0000e+07, 9.4315e-04
2.0000e+07, 0.0000e+00
2.1000e+07, 0.0000e+00
2.2000e+07, 0.0000e+00
2.3000e+07, 0.0000e+00
2.4000e+07, 0.0000e+00
2.5000e+07, 0.0000e+00
2.6000e+07, 0.0000e+00
2.7000e+07, 0.0000e+00
2.8000e+07, 0.0000e+00
2.9000e+07, 0.0000e+00
3.0000e+07, 0.0000e+00
3.1000e+07, 0.0000e+00
3.2000e+07, 0.0000e+00
3.3000e+07, 0.0000e+00
3.4000e+07, 0.0000e+00
3.5000e+07, 0.0000e+00
3.6000e+07, 0.0000e+00
3.7000e+07, 0.0000e+00
3.8000e+07, 0.0000e+00
3.9000e+07, 0.0000e+00
4.0000e+07, 0.0000e+00
4.1000e+07, 0.0000e+00
4.2000e+07, 0.0000e+00
4.3000e+07, 0.0000e+00
4.4000e+07, 0.0000e+00
4.5000e+07, 0.0000e+00
4.6000e+07, 0.0000e+00
4.7000e+07, 0.0000e+00
4.8000e+07, 0.0000e+00
4.9000e+07, 0.0000e+00
5.0000e+07, 0.0000e+00
5.1000e+07, 0.0000e+00
5.2000e+07, 0.0000e+00
5.3000e+07, 0.0000e+00
5.4000e+07, 0.0000e+00
5.5000e+07, 0.0000e+00
5.6000e+07, 0.0000e+00
5.7000e+07, 0.0000e+00
5.8000e+07, 0.0000e+00
5.9000e+07, 0.0000e+00
6.0000e+07, 0.0000e+00
6.1000e+07, 0.0000e+00
6.2000e+07, 0.0000e+00
6.3000e+07, 0.0000e+00
6.4000e+07, 0.0000e+00
6.5000e+07, 0.0000e+00
6.6000e+07, 0.0000e+00
6.7000e+07, 0.0000e+00
6.8000e+07, 0.0000e+00
6.9000e+07, 0.0000e+00
7.0000e+07, 0.0000e+00
7.1000e+07, 0.0000e+00
7.2000e+07, 0.0000e+00
7.3000e+07, 0.0000e+00
7.4000e+07, 0.0000e+00
7.5000e+07, 0.0000e+00
7.6000e+07, 0.0000e+00
7.7000e+07, 0.0000e+00
7.8000e+07, 0.0000e+00
7.9000e+07, 0.0000e+00
8.0000e+07, 0.0000e+00
8.1000e+07, 0.0000e+00
8.2000e+07, 0.0000e+00
8.3000e+07, 0.0000e+00
8.4000e+07, 0.0000e+00
8.5000e+07, 0.0000e+00
8.6000e+07, 0.0000e+00
8.7000e+07, 0.0000e+00
8.8000e+07, 0.0000e+00
8.9000e+07, 0.0000e+00
9.0000e+07, 0.0000e+00
9.1000e+07, 0.0000e+00
9.2000e+07, 0.0000e+00
9.3000e+07, 0.0000e+00
9.4000e+07, 0.0000e+00
9.5000e+07, 0.0000e+00
9.6000e+07, 0.0000e+00
9.7000e+07, 0.0000e+00
9.8000e+07, 0.0000e+00
9.9000e+07, 0.0000e+00
1.0000e+08, 0.0000e+00
1.0200e+08, 0.0000e+00
1.0400e+08, 0.0000e+00
1.0600e+08, 0.0000e+00
1.0800e+08, 0.0000e+00
1.1000e+08, 0.0000e+00
1.1200e+08, 0.0000e+00
1.1400e+08, 0.0000e+00
1.1600e+08, 0.0000e+00
1.1800e+08, 0.0000e+00
1.2000e+08, 0.0000e+00
1.2200e+08, 0.0000e+00
1.2400e+08, 0.0000e+00
1.2600e+08, 0.0000e+00
1.2800e+08, 0.0000e+00
1.3000e+08, 0.0000e+00
1.3200e+08, 0.0000e+00
1.3400e+08, 0.0000e+00
1.3600e+08, 0.0000e+00
1.3800e+08, 0.0000e+00
1.4000e+08, 0.0000e+00
1.4200e+08, 0.0000e+00
1.4400e+08, 0.0000e+00
1.4600e+08, 0.0000e+00
1.4800e+08, 0.0000e+00
1.5000e+08, 0.0000e+00
1.5200e+08, 0.0000e+00
1.5400e+08, 0.0000e+00
1.5600e+08, 0.0000e+00
1.5800e+08, 0.0000e+00
1.6000e+08, 0.0000e+00
1.6200e+08, 0.0000e+00
1.6400e+08, 0.0000e+00
1.6600e+08, 0.0000e+00
1.6800e+08, 0.0000e+00
1.7000e+08, 0.0000e+00
1.7200e+08, 0.0000e+00
1.7400e+08, 0.0000e+00
1.7600e+08, 0.0000e+00
1.7800e+08, 0.0000e+00
1.8000e+08, 0.0000e+00
1.8200e+08, 0.0000e+00
1.8400e+08, 0.0000e+00
1.8600e+08, 0.0000e+00
1.8800e+08, 0.0000e+00
1.9000e+08, 0.0000e+00
1.9200e+08, 0.0000e+00
1.9400e+08, 0.0000e+00
1.9600e+08, 0.0000e+00
1.9800e+08, 0.0000e+00
2.0000e+08, 0.0000e+00
