ebin, xs
1.0000e-05, 5.8686e+02
1.0625e-05, 5.6933e+02
1.1250e-05, 5.5329e+02
1.1875e-05, 5.3854e+02
1.2500e-05, 5.2490e+02
1.3750e-05, 5.0047e+02
1.5000e-05, 4.7917e+02
1.6250e-05, 4.6037e+02
1.7500e-05, 4.4362e+02
1.8750e-05, 4.2858e+02
2.0000e-05, 4.1497e+02
2.1875e-05, 3.9679e+02
2.3750e-05, 3.8080e+02
2.5625e-05, 3.6661e+02
2.7500e-05, 3.5389e+02
2.9375e-05, 3.4241e+02
3.1250e-05, 3.3198e+02
3.3125e-05, 3.2244e+02
3.5000e-05, 3.1369e+02
3.8750e-05, 2.9812e+02
4.2500e-05, 2.8467e+02
4.6250e-05, 2.7288e+02
5.0000e-05, 2.6245e+02
5.3125e-05, 2.5461e+02
5.6250e-05, 2.4744e+02
5.9375e-05, 2.4084e+02
6.2500e-05, 2.3474e+02
6.8750e-05, 2.2382e+02
7.5000e-05, 2.1429e+02
8.1250e-05, 2.0588e+02
8.7500e-05, 1.9839e+02
9.3750e-05, 1.9167e+02
1.0000e-04, 1.8558e+02
1.0625e-04, 1.8004e+02
1.1250e-04, 1.7497e+02
1.1875e-04, 1.7030e+02
1.2500e-04, 1.6599e+02
1.3750e-04, 1.5826e+02
1.5000e-04, 1.5153e+02
1.6250e-04, 1.4558e+02
1.7500e-04, 1.4029e+02
1.8750e-04, 1.3553e+02
2.0000e-04, 1.3123e+02
2.1875e-04, 1.2548e+02
2.3750e-04, 1.2042e+02
2.5625e-04, 1.1593e+02
2.7500e-04, 1.1191e+02
2.9375e-04, 1.0828e+02
3.1250e-04, 1.0498e+02
3.3125e-04, 1.0197e+02
3.5000e-04, 9.9197e+01
3.8750e-04, 9.4275e+01
4.2500e-04, 9.0020e+01
4.6250e-04, 8.6293e+01
5.0000e-04, 8.2994e+01
5.3125e-04, 8.0516e+01
5.6250e-04, 7.8248e+01
5.9375e-04, 7.6161e+01
6.2500e-04, 7.4232e+01
6.8750e-04, 7.0778e+01
7.5000e-04, 6.7764e+01
8.1250e-04, 6.5106e+01
8.7500e-04, 6.2738e+01
9.3750e-04, 6.0610e+01
1.0000e-03, 5.8686e+01
1.0625e-03, 5.6934e+01
1.1250e-03, 5.5330e+01
1.1875e-03, 5.3854e+01
1.2500e-03, 5.2490e+01
1.3750e-03, 5.0047e+01
1.5000e-03, 4.7917e+01
1.6250e-03, 4.6037e+01
1.7500e-03, 4.4362e+01
1.8750e-03, 4.2858e+01
2.0000e-03, 4.1497e+01
2.1875e-03, 3.9679e+01
2.3750e-03, 3.8081e+01
2.5625e-03, 3.6661e+01
2.7500e-03, 3.5389e+01
2.9375e-03, 3.4241e+01
3.1250e-03, 3.3198e+01
3.3125e-03, 3.2245e+01
3.5000e-03, 3.1369e+01
3.8750e-03, 2.9812e+01
4.2500e-03, 2.8467e+01
4.6250e-03, 2.7288e+01
5.0000e-03, 2.6245e+01
5.3125e-03, 2.5461e+01
5.6250e-03, 2.4744e+01
5.9375e-03, 2.4084e+01
6.2500e-03, 2.3474e+01
6.8750e-03, 2.2381e+01
7.5000e-03, 2.1428e+01
8.1250e-03, 2.0588e+01
8.7500e-03, 1.9839e+01
9.3750e-03, 1.9166e+01
1.0000e-02, 1.8557e+01
1.0625e-02, 1.8003e+01
1.1250e-02, 1.7496e+01
1.1875e-02, 1.7029e+01
1.2500e-02, 1.6598e+01
1.3750e-02, 1.5826e+01
1.5000e-02, 1.5152e+01
1.6250e-02, 1.4557e+01
1.7500e-02, 1.4028e+01
1.8750e-02, 1.3552e+01
2.0000e-02, 1.3121e+01
2.1325e-02, 1.2707e+01
2.2650e-02, 1.2330e+01
2.3975e-02, 1.1985e+01
2.5300e-02, 1.1667e+01
2.6844e-02, 1.1326e+01
2.8387e-02, 1.1014e+01
3.1475e-02, 1.0461e+01
3.4563e-02, 9.9824e+00
3.7650e-02, 9.5640e+00
4.0738e-02, 9.1940e+00
4.3825e-02, 8.8639e+00
4.6913e-02, 8.5669e+00
5.0000e-02, 8.2980e+00
5.3125e-02, 8.0502e+00
5.6250e-02, 7.8235e+00
5.9375e-02, 7.6150e+00
6.2500e-02, 7.4224e+00
6.8750e-02, 7.0772e+00
7.5000e-02, 6.7759e+00
8.1250e-02, 6.5097e+00
8.7500e-02, 6.2726e+00
9.3750e-02, 6.0596e+00
1.0000e-01, 5.8669e+00
1.0625e-01, 5.6916e+00
1.1250e-01, 5.5313e+00
1.1875e-01, 5.3840e+00
1.2500e-01, 5.2479e+00
1.3750e-01, 5.0040e+00
1.5000e-01, 4.7907e+00
1.6250e-01, 4.6024e+00
1.7500e-01, 4.4348e+00
1.8750e-01, 4.2843e+00
2.0000e-01, 4.1484e+00
2.1875e-01, 3.9666e+00
2.3750e-01, 3.8066e+00
2.5625e-01, 3.6643e+00
2.7500e-01, 3.5369e+00
2.9375e-01, 3.4220e+00
3.1250e-01, 3.3175e+00
3.3125e-01, 3.2223e+00
3.5000e-01, 3.1352e+00
3.8750e-01, 2.9799e+00
4.2500e-01, 2.8449e+00
5.0000e-01, 2.6229e+00
6.2500e-01, 2.3455e+00
7.5000e-01, 2.1402e+00
8.7500e-01, 1.9815e+00
1.0000e+00, 1.8535e+00
1.2500e+00, 1.6566e+00
1.5000e+00, 1.5114e+00
1.7500e+00, 1.3988e+00
2.0000e+00, 1.3080e+00
2.3750e+00, 1.1995e+00
2.7500e+00, 1.1141e+00
3.1250e+00, 1.0443e+00
3.5000e+00, 9.8604e-01
4.2500e+00, 8.9353e-01
5.0000e+00, 8.2274e-01
6.2500e+00, 7.3428e-01
7.5000e+00, 6.6879e-01
8.7500e+00, 6.1787e-01
1.0000e+01, 5.7676e-01
1.2500e+01, 5.1359e-01
1.5000e+01, 4.6680e-01
1.7500e+01, 4.3034e-01
2.0000e+01, 4.0083e-01
2.3750e+01, 3.6548e-01
2.7500e+01, 3.3751e-01
3.1250e+01, 3.1460e-01
3.5000e+01, 2.9539e-01
4.2500e+01, 2.6472e-01
5.0000e+01, 2.4105e-01
5.6250e+01, 2.2495e-01
6.2500e+01, 2.1124e-01
7.5000e+01, 1.8899e-01
8.7500e+01, 1.7154e-01
1.0000e+02, 1.5736e-01
1.1250e+02, 1.4553e-01
1.2500e+02, 1.3548e-01
1.5000e+02, 1.1918e-01
1.7500e+02, 1.0647e-01
2.0000e+02, 9.6215e-02
2.3000e+02, 8.6291e-02
2.6000e+02, 7.8055e-02
2.7500e+02, 7.4516e-02
3.1250e+02, 6.6901e-02
3.5000e+02, 6.0679e-02
3.8750e+02, 5.5527e-02
4.2500e+02, 5.1221e-02
4.6250e+02, 4.7604e-02
5.0000e+02, 4.4560e-02
5.6250e+02, 4.0541e-02
6.2500e+02, 3.7625e-02
6.8750e+02, 3.5672e-02
7.5000e+02, 3.4636e-02
8.1250e+02, 3.4562e-02
8.7500e+02, 3.5605e-02
9.0625e+02, 3.6639e-02
9.3750e+02, 3.8093e-02
9.6875e+02, 4.0054e-02
1.0000e+03, 4.2636e-02
1.0284e+03, 4.5676e-02
1.0567e+03, 4.9542e-02
1.0851e+03, 5.4453e-02
1.0992e+03, 5.7284e-02
1.1134e+03, 6.0728e-02
1.1276e+03, 6.4350e-02
1.1418e+03, 6.8823e-02
1.1560e+03, 7.3669e-02
1.1701e+03, 7.9406e-02
1.1843e+03, 8.5759e-02
1.1985e+03, 9.3336e-02
1.2127e+03, 1.0216e-01
1.2268e+03, 1.1256e-01
1.2451e+03, 1.2912e-01
1.2634e+03, 1.4972e-01
1.2726e+03, 1.6237e-01
1.2817e+03, 1.7678e-01
1.2909e+03, 1.9307e-01
1.3000e+03, 2.1158e-01
1.3100e+03, 2.3627e-01
1.3149e+03, 2.4935e-01
1.3199e+03, 2.6468e-01
1.3298e+03, 2.9796e-01
1.3398e+03, 3.3910e-01
1.3497e+03, 3.8941e-01
1.3597e+03, 4.5156e-01
1.3696e+03, 5.3010e-01
1.3746e+03, 5.7670e-01
1.3796e+03, 6.2953e-01
1.3869e+03, 7.2090e-01
1.3941e+03, 8.3283e-01
1.3978e+03, 8.9747e-01
1.4014e+03, 9.7109e-01
1.4050e+03, 1.0507e+00
1.4087e+03, 1.1415e+00
1.4123e+03, 1.2439e+00
1.4159e+03, 1.3590e+00
1.4196e+03, 1.4885e+00
1.4232e+03, 1.6354e+00
1.4269e+03, 1.8026e+00
1.4305e+03, 1.9920e+00
1.4341e+03, 2.2059e+00
1.4378e+03, 2.4482e+00
1.4430e+03, 2.8573e+00
1.4483e+03, 3.3374e+00
1.4536e+03, 3.8888e+00
1.4589e+03, 4.4832e+00
1.4642e+03, 5.0699e+00
1.4694e+03, 5.5834e+00
1.4747e+03, 5.9233e+00
1.4800e+03, 6.0109e+00
1.4835e+03, 5.9129e+00
1.4870e+03, 5.7053e+00
1.4906e+03, 5.4126e+00
1.4941e+03, 5.0571e+00
1.5082e+03, 3.5225e+00
1.5117e+03, 3.1837e+00
1.5152e+03, 2.8776e+00
1.5187e+03, 2.6013e+00
1.5222e+03, 2.3547e+00
1.5258e+03, 2.1362e+00
1.5293e+03, 1.9423e+00
1.5328e+03, 1.7697e+00
1.5363e+03, 1.6168e+00
1.5405e+03, 1.4563e+00
1.5448e+03, 1.3169e+00
1.5490e+03, 1.1953e+00
1.5532e+03, 1.0889e+00
1.5616e+03, 9.1331e-01
1.5700e+03, 7.7549e-01
1.5785e+03, 6.6639e-01
1.5869e+03, 5.7825e-01
1.5953e+03, 5.0613e-01
1.6038e+03, 4.4674e-01
1.6111e+03, 4.0306e-01
1.6185e+03, 3.6557e-01
1.6259e+03, 3.3316e-01
1.6333e+03, 3.0496e-01
1.6407e+03, 2.8064e-01
1.6481e+03, 2.5926e-01
1.6555e+03, 2.3969e-01
1.6628e+03, 2.2264e-01
1.6776e+03, 1.9352e-01
1.6924e+03, 1.6998e-01
1.7072e+03, 1.5070e-01
1.7219e+03, 1.3472e-01
1.7376e+03, 1.2062e-01
1.7532e+03, 1.0879e-01
1.7689e+03, 9.8737e-02
1.7845e+03, 9.0322e-02
1.8001e+03, 8.2810e-02
1.8158e+03, 7.6388e-02
1.8314e+03, 7.0519e-02
1.8471e+03, 6.5692e-02
1.8627e+03, 6.1108e-02
1.8783e+03, 5.7300e-02
1.9096e+03, 5.0591e-02
1.9409e+03, 4.5139e-02
1.9722e+03, 4.0660e-02
2.0000e+03, 3.7327e-02
2.0415e+03, 3.3194e-02
2.0831e+03, 2.9841e-02
2.1246e+03, 2.7080e-02
2.1662e+03, 2.4779e-02
2.2077e+03, 2.2838e-02
2.2493e+03, 2.1188e-02
2.3324e+03, 1.8546e-02
2.4154e+03, 1.6547e-02
2.4985e+03, 1.5007e-02
2.5816e+03, 1.3808e-02
2.6647e+03, 1.2871e-02
2.7478e+03, 1.2147e-02
2.8309e+03, 1.1606e-02
2.9140e+03, 1.1236e-02
2.9971e+03, 1.1052e-02
3.0594e+03, 1.1112e-02
3.1217e+03, 1.1361e-02
3.1554e+03, 1.1749e-02
3.1723e+03, 1.2027e-02
3.1892e+03, 1.2434e-02
3.2061e+03, 1.2997e-02
3.2230e+03, 1.3881e-02
3.2398e+03, 1.5317e-02
3.2483e+03, 1.6376e-02
3.2567e+03, 1.7794e-02
3.2632e+03, 1.9281e-02
3.2697e+03, 2.1291e-02
3.2762e+03, 2.4071e-02
3.2827e+03, 2.8038e-02
3.2885e+03, 3.3318e-02
3.2914e+03, 3.6931e-02
3.2944e+03, 4.1481e-02
3.2973e+03, 4.7319e-02
3.3002e+03, 5.4942e-02
3.3031e+03, 6.5208e-02
3.3046e+03, 7.1779e-02
3.3060e+03, 7.9628e-02
3.3075e+03, 8.9116e-02
3.3090e+03, 1.0072e-01
3.3104e+03, 1.1515e-01
3.3119e+03, 1.3336e-01
3.3133e+03, 1.5686e-01
3.3141e+03, 1.7124e-01
3.3148e+03, 1.8790e-01
3.3155e+03, 2.0740e-01
3.3163e+03, 2.3039e-01
3.3170e+03, 2.5783e-01
3.3177e+03, 2.9099e-01
3.3185e+03, 3.3174e-01
3.3192e+03, 3.8258e-01
3.3199e+03, 4.4763e-01
3.3203e+03, 4.8742e-01
3.3207e+03, 5.3361e-01
3.3210e+03, 5.8806e-01
3.3214e+03, 6.5286e-01
3.3217e+03, 7.3153e-01
3.3221e+03, 8.2887e-01
3.3225e+03, 9.5180e-01
3.3227e+03, 1.0260e+00
3.3228e+03, 1.1101e+00
3.3230e+03, 1.2070e+00
3.3232e+03, 1.3176e+00
3.3234e+03, 1.4458e+00
3.3236e+03, 1.5932e+00
3.3238e+03, 1.7747e+00
3.3240e+03, 1.9866e+00
3.3242e+03, 2.2342e+00
3.3243e+03, 2.5213e+00
3.3245e+03, 2.8573e+00
3.3247e+03, 3.2474e+00
3.3249e+03, 3.6988e+00
3.3251e+03, 4.2159e+00
3.3253e+03, 4.8115e+00
3.3255e+03, 5.4903e+00
3.3257e+03, 6.2590e+00
3.3259e+03, 7.1186e+00
3.3261e+03, 8.0827e+00
3.3263e+03, 9.1500e+00
3.3267e+03, 1.1588e+01
3.3271e+03, 1.4735e+01
3.3275e+03, 1.8249e+01
3.3284e+03, 2.5556e+01
3.3288e+03, 2.8917e+01
3.3293e+03, 3.1494e+01
3.3296e+03, 3.2733e+01
3.3299e+03, 3.3264e+01
3.3300e+03, 3.3281e+01
3.3302e+03, 3.3139e+01
3.3304e+03, 3.2723e+01
3.3308e+03, 3.1114e+01
3.3313e+03, 2.8184e+01
3.3318e+03, 2.4465e+01
3.3326e+03, 1.7346e+01
3.3330e+03, 1.4004e+01
3.3334e+03, 1.1043e+01
3.3338e+03, 8.8607e+00
3.3340e+03, 7.9035e+00
3.3341e+03, 7.0327e+00
3.3343e+03, 6.2416e+00
3.3345e+03, 5.5354e+00
3.3347e+03, 4.9050e+00
3.3348e+03, 4.3453e+00
3.3350e+03, 3.8483e+00
3.3352e+03, 3.4136e+00
3.3354e+03, 3.0329e+00
3.3355e+03, 2.7003e+00
3.3357e+03, 2.4091e+00
3.3359e+03, 2.1576e+00
3.3361e+03, 1.9392e+00
3.3363e+03, 1.7498e+00
3.3365e+03, 1.5349e+00
3.3367e+03, 1.3575e+00
3.3370e+03, 1.2095e+00
3.3372e+03, 1.0864e+00
3.3374e+03, 9.9466e-01
3.3376e+03, 9.1546e-01
3.3378e+03, 8.4663e-01
3.3380e+03, 7.8646e-01
3.3384e+03, 6.8657e-01
3.3389e+03, 6.0739e-01
3.3393e+03, 5.4285e-01
3.3397e+03, 4.8945e-01
3.3401e+03, 4.4431e-01
3.3405e+03, 4.0583e-01
3.3409e+03, 3.7250e-01
3.3413e+03, 3.4344e-01
3.3422e+03, 2.9537e-01
3.3430e+03, 2.5733e-01
3.3438e+03, 2.2661e-01
3.3449e+03, 1.9501e-01
3.3459e+03, 1.7000e-01
3.3470e+03, 1.4987e-01
3.3481e+03, 1.3341e-01
3.3491e+03, 1.1973e-01
3.3502e+03, 1.0823e-01
3.3523e+03, 9.0060e-02
3.3545e+03, 7.6540e-02
3.3566e+03, 6.6221e-02
3.3587e+03, 5.8165e-02
3.3608e+03, 5.1756e-02
3.3646e+03, 4.3244e-02
3.3684e+03, 3.7156e-02
3.3722e+03, 3.2599e-02
3.3760e+03, 2.9137e-02
3.3797e+03, 2.6446e-02
3.3835e+03, 2.4314e-02
3.3911e+03, 2.1216e-02
3.4005e+03, 1.8678e-02
3.4100e+03, 1.6993e-02
3.4195e+03, 1.5829e-02
3.4289e+03, 1.5054e-02
3.4384e+03, 1.4411e-02
3.4478e+03, 1.3974e-02
3.4667e+03, 1.3372e-02
3.4856e+03, 1.3057e-02
3.5045e+03, 1.2898e-02
3.5424e+03, 1.2822e-02
3.5953e+03, 1.3172e-02
3.6482e+03, 1.3779e-02
3.7012e+03, 1.4673e-02
3.7541e+03, 1.5889e-02
3.8071e+03, 1.7570e-02
3.8600e+03, 1.9868e-02
3.8865e+03, 2.1331e-02
3.9130e+03, 2.3070e-02
3.9394e+03, 2.5154e-02
3.9659e+03, 2.7696e-02
3.9886e+03, 3.0432e-02
4.0113e+03, 3.3753e-02
4.0340e+03, 3.7642e-02
4.0567e+03, 4.2640e-02
4.0794e+03, 4.9131e-02
4.0907e+03, 5.3032e-02
4.1021e+03, 5.7498e-02
4.1134e+03, 6.2779e-02
4.1247e+03, 6.8969e-02
4.1361e+03, 7.6156e-02
4.1474e+03, 8.4593e-02
4.1578e+03, 9.3954e-02
4.1682e+03, 1.0519e-01
4.1786e+03, 1.1881e-01
4.1890e+03, 1.3557e-01
4.1994e+03, 1.5638e-01
4.2098e+03, 1.8283e-01
4.2150e+03, 1.9872e-01
4.2202e+03, 2.1699e-01
4.2254e+03, 2.3793e-01
4.2306e+03, 2.6203e-01
4.2382e+03, 3.0454e-01
4.2458e+03, 3.5795e-01
4.2510e+03, 4.0318e-01
4.2562e+03, 4.5792e-01
4.2614e+03, 5.2433e-01
4.2666e+03, 6.0568e-01
4.2718e+03, 7.0638e-01
4.2770e+03, 8.3228e-01
4.2796e+03, 9.0701e-01
4.2822e+03, 9.9113e-01
4.2848e+03, 1.0859e+00
4.2874e+03, 1.1928e+00
4.2919e+03, 1.4155e+00
4.2965e+03, 1.6886e+00
4.3011e+03, 2.0175e+00
4.3057e+03, 2.4004e+00
4.3103e+03, 2.8127e+00
4.3148e+03, 3.2013e+00
4.3171e+03, 3.3631e+00
4.3194e+03, 3.4880e+00
4.3217e+03, 3.5663e+00
4.3240e+03, 3.5913e+00
4.3262e+03, 3.5627e+00
4.3284e+03, 3.4844e+00
4.3307e+03, 3.3626e+00
4.3329e+03, 3.2062e+00
4.3417e+03, 2.4305e+00
4.3462e+03, 2.0540e+00
4.3506e+03, 1.7267e+00
4.3550e+03, 1.4531e+00
4.3573e+03, 1.3353e+00
4.3595e+03, 1.2289e+00
4.3620e+03, 1.1196e+00
4.3646e+03, 1.0225e+00
4.3671e+03, 9.3618e-01
4.3696e+03, 8.5941e-01
4.3722e+03, 7.9112e-01
4.3747e+03, 7.3055e-01
4.3798e+03, 6.2735e-01
4.3849e+03, 5.4320e-01
4.3900e+03, 4.7450e-01
4.3951e+03, 4.1788e-01
4.4001e+03, 3.7078e-01
4.4036e+03, 3.4290e-01
4.4071e+03, 3.1808e-01
4.4106e+03, 2.9591e-01
4.4141e+03, 2.7604e-01
4.4211e+03, 2.4206e-01
4.4281e+03, 2.1425e-01
4.4351e+03, 1.9123e-01
4.4421e+03, 1.7199e-01
4.4491e+03, 1.5577e-01
4.4561e+03, 1.4199e-01
4.4611e+03, 1.3330e-01
4.4681e+03, 1.2286e-01
4.4751e+03, 1.1366e-01
4.4821e+03, 1.0560e-01
4.4891e+03, 9.8653e-02
4.4961e+03, 9.2534e-02
4.5031e+03, 8.7081e-02
4.5101e+03, 8.2310e-02
4.5171e+03, 7.8088e-02
4.5310e+03, 7.0920e-02
4.5450e+03, 6.5232e-02
4.5590e+03, 6.0676e-02
4.5730e+03, 5.7001e-02
4.5882e+03, 5.3848e-02
4.6035e+03, 5.1487e-02
4.6187e+03, 4.9573e-02
4.6340e+03, 4.8161e-02
4.6543e+03, 4.6997e-02
4.6746e+03, 4.6498e-02
4.7026e+03, 4.6816e-02
4.7166e+03, 4.7314e-02
4.7306e+03, 4.8133e-02
4.7585e+03, 5.0508e-02
4.7865e+03, 5.4103e-02
4.8005e+03, 5.6340e-02
4.8144e+03, 5.8961e-02
4.8424e+03, 6.5571e-02
4.8564e+03, 6.9569e-02
4.8704e+03, 7.4332e-02
4.8844e+03, 7.9724e-02
4.8983e+03, 8.5836e-02
4.9212e+03, 9.8218e-02
4.9326e+03, 1.0572e-01
4.9441e+03, 1.1428e-01
4.9555e+03, 1.2409e-01
4.9670e+03, 1.3539e-01
4.9784e+03, 1.4847e-01
4.9898e+03, 1.6375e-01
5.0000e+03, 1.7953e-01
5.0097e+03, 1.9703e-01
5.0195e+03, 2.1736e-01
5.0292e+03, 2.4111e-01
5.0390e+03, 2.6902e-01
5.0487e+03, 3.0206e-01
5.0585e+03, 3.4148e-01
5.0682e+03, 3.8895e-01
5.0780e+03, 4.4667e-01
5.0871e+03, 5.1274e-01
5.0963e+03, 5.9340e-01
5.1054e+03, 6.9253e-01
5.1146e+03, 8.1495e-01
5.1192e+03, 8.8656e-01
5.1237e+03, 9.6639e-01
5.1283e+03, 1.0545e+00
5.1329e+03, 1.1528e+00
5.1420e+03, 1.3769e+00
5.1512e+03, 1.6414e+00
5.1638e+03, 2.0411e+00
5.1701e+03, 2.2296e+00
5.1764e+03, 2.3861e+00
5.1827e+03, 2.4892e+00
5.1890e+03, 2.5225e+00
5.1953e+03, 2.4803e+00
5.2016e+03, 2.3696e+00
5.2079e+03, 2.2075e+00
5.2142e+03, 2.0156e+00
5.2268e+03, 1.6143e+00
5.2360e+03, 1.3501e+00
5.2452e+03, 1.1262e+00
5.2544e+03, 9.4198e-01
5.2635e+03, 7.9283e-01
5.2727e+03, 6.7232e-01
5.2819e+03, 5.7497e-01
5.2911e+03, 4.9581e-01
5.3003e+03, 4.3093e-01
5.3087e+03, 3.8131e-01
5.3172e+03, 3.3946e-01
5.3256e+03, 3.0387e-01
5.3341e+03, 2.7360e-01
5.3434e+03, 2.4551e-01
5.3527e+03, 2.2097e-01
5.3620e+03, 1.9964e-01
5.3713e+03, 1.8158e-01
5.3806e+03, 1.6579e-01
5.3899e+03, 1.5175e-01
5.3992e+03, 1.3960e-01
5.4085e+03, 1.2889e-01
5.4271e+03, 1.1069e-01
5.4457e+03, 9.6208e-02
5.4643e+03, 8.4442e-02
5.4829e+03, 7.4695e-02
5.4964e+03, 6.8682e-02
5.5099e+03, 6.3410e-02
5.5302e+03, 5.6722e-02
5.5505e+03, 5.0997e-02
5.5708e+03, 4.6058e-02
5.5911e+03, 4.1828e-02
5.6113e+03, 3.8288e-02
5.6316e+03, 3.5183e-02
5.6519e+03, 3.2432e-02
5.6722e+03, 3.0012e-02
5.7128e+03, 2.6063e-02
5.7534e+03, 2.2873e-02
5.7939e+03, 2.0392e-02
5.8345e+03, 1.8253e-02
5.8717e+03, 1.6711e-02
5.9089e+03, 1.5358e-02
5.9461e+03, 1.4175e-02
5.9833e+03, 1.3210e-02
6.0577e+03, 1.1613e-02
6.1321e+03, 1.0436e-02
6.2065e+03, 9.5334e-03
6.2809e+03, 8.8815e-03
6.3552e+03, 8.4315e-03
6.4296e+03, 8.1647e-03
6.4837e+03, 8.1127e-03
6.5514e+03, 8.2673e-03
6.5852e+03, 8.4420e-03
6.6190e+03, 8.7211e-03
6.6528e+03, 9.1650e-03
6.6866e+03, 9.8224e-03
6.7204e+03, 1.0793e-02
6.7542e+03, 1.2271e-02
6.7745e+03, 1.3577e-02
6.7948e+03, 1.5349e-02
6.8151e+03, 1.7883e-02
6.8252e+03, 1.9539e-02
6.8354e+03, 2.1537e-02
6.8438e+03, 2.3584e-02
6.8523e+03, 2.6086e-02
6.8607e+03, 2.9159e-02
6.8692e+03, 3.2994e-02
6.8777e+03, 3.7866e-02
6.8861e+03, 4.4180e-02
6.8946e+03, 5.2528e-02
6.8988e+03, 5.7702e-02
6.9030e+03, 6.3861e-02
6.9098e+03, 7.6311e-02
6.9134e+03, 8.4626e-02
6.9170e+03, 9.4506e-02
6.9206e+03, 1.0637e-01
6.9241e+03, 1.2077e-01
6.9277e+03, 1.3846e-01
6.9295e+03, 1.4884e-01
6.9313e+03, 1.6048e-01
6.9331e+03, 1.7363e-01
6.9349e+03, 1.8857e-01
6.9367e+03, 2.0561e-01
6.9385e+03, 2.2515e-01
6.9405e+03, 2.5060e-01
6.9425e+03, 2.8075e-01
6.9445e+03, 3.1681e-01
6.9455e+03, 3.3755e-01
6.9466e+03, 3.6041e-01
6.9476e+03, 3.8571e-01
6.9486e+03, 4.1380e-01
6.9496e+03, 4.4509e-01
6.9506e+03, 4.8004e-01
6.9516e+03, 5.1935e-01
6.9526e+03, 5.6373e-01
6.9536e+03, 6.1410e-01
6.9546e+03, 6.7152e-01
6.9557e+03, 7.4881e-01
6.9569e+03, 8.4016e-01
6.9581e+03, 9.4915e-01
6.9592e+03, 1.0804e+00
6.9604e+03, 1.2403e+00
6.9610e+03, 1.3333e+00
6.9616e+03, 1.4366e+00
6.9621e+03, 1.5517e+00
6.9627e+03, 1.6803e+00
6.9633e+03, 1.8241e+00
6.9639e+03, 1.9852e+00
6.9645e+03, 2.1691e+00
6.9651e+03, 2.3754e+00
6.9656e+03, 2.6070e+00
6.9662e+03, 2.8665e+00
6.9668e+03, 3.1563e+00
6.9674e+03, 3.4783e+00
6.9680e+03, 3.8337e+00
6.9686e+03, 4.2226e+00
6.9698e+03, 5.0937e+00
6.9710e+03, 6.0529e+00
6.9721e+03, 7.0241e+00
6.9733e+03, 7.8947e+00
6.9740e+03, 8.2950e+00
6.9747e+03, 8.5989e+00
6.9753e+03, 8.7886e+00
6.9760e+03, 8.8525e+00
6.9767e+03, 8.7866e+00
6.9778e+03, 8.4057e+00
6.9789e+03, 7.7450e+00
6.9800e+03, 6.9017e+00
6.9811e+03, 5.9843e+00
6.9822e+03, 5.0830e+00
6.9833e+03, 4.2619e+00
6.9844e+03, 3.5517e+00
6.9856e+03, 2.9592e+00
6.9861e+03, 2.6953e+00
6.9867e+03, 2.4594e+00
6.9873e+03, 2.2485e+00
6.9879e+03, 2.0602e+00
6.9890e+03, 1.7419e+00
6.9902e+03, 1.4876e+00
6.9913e+03, 1.2827e+00
6.9925e+03, 1.1164e+00
6.9936e+03, 9.7973e-01
6.9948e+03, 8.6655e-01
6.9959e+03, 7.7168e-01
6.9971e+03, 6.9150e-01
6.9982e+03, 6.2312e-01
6.9994e+03, 5.6441e-01
7.0005e+03, 5.1355e-01
7.0017e+03, 4.6927e-01
7.0028e+03, 4.3050e-01
7.0040e+03, 3.9640e-01
7.0063e+03, 3.3938e-01
7.0086e+03, 2.9397e-01
7.0109e+03, 2.5724e-01
7.0132e+03, 2.2717e-01
7.0154e+03, 2.0327e-01
7.0176e+03, 1.8305e-01
7.0198e+03, 1.6572e-01
7.0220e+03, 1.5077e-01
7.0242e+03, 1.3780e-01
7.0264e+03, 1.2650e-01
7.0308e+03, 1.0784e-01
7.0352e+03, 9.3192e-02
7.0396e+03, 8.1479e-02
7.0440e+03, 7.1968e-02
7.0484e+03, 6.4141e-02
7.0526e+03, 5.7923e-02
7.0568e+03, 5.2700e-02
7.0652e+03, 4.4277e-02
7.0736e+03, 3.7908e-02
7.0820e+03, 3.2996e-02
7.0903e+03, 2.9131e-02
7.0987e+03, 2.6035e-02
7.1071e+03, 2.3517e-02
7.1155e+03, 2.1457e-02
7.1356e+03, 1.7781e-02
7.1557e+03, 1.5235e-02
7.1758e+03, 1.3455e-02
7.1960e+03, 1.2145e-02
7.2228e+03, 1.0898e-02
7.2496e+03, 1.0015e-02
7.2764e+03, 9.3816e-03
7.3033e+03, 8.9202e-03
7.3569e+03, 8.3405e-03
7.4106e+03, 8.0536e-03
7.4642e+03, 7.9542e-03
7.5380e+03, 8.0449e-03
7.6118e+03, 8.3218e-03
7.6855e+03, 8.7786e-03
7.7593e+03, 9.4357e-03
7.8331e+03, 1.0294e-02
7.9068e+03, 1.1438e-02
7.9437e+03, 1.2118e-02
7.9806e+03, 1.2931e-02
8.0544e+03, 1.4865e-02
8.0980e+03, 1.6338e-02
8.1416e+03, 1.8105e-02
8.1634e+03, 1.9049e-02
8.1852e+03, 2.0149e-02
8.2288e+03, 2.2722e-02
8.2723e+03, 2.5868e-02
8.2941e+03, 2.7725e-02
8.3159e+03, 2.9832e-02
8.3377e+03, 3.2206e-02
8.3595e+03, 3.4879e-02
8.3813e+03, 3.7898e-02
8.4031e+03, 4.1345e-02
8.4367e+03, 4.7785e-02
8.4534e+03, 5.1525e-02
8.4702e+03, 5.5866e-02
8.4869e+03, 6.0587e-02
8.5037e+03, 6.6078e-02
8.5372e+03, 7.9236e-02
8.5557e+03, 8.8233e-02
8.5741e+03, 9.8759e-02
8.5926e+03, 1.1115e-01
8.6110e+03, 1.2584e-01
8.6295e+03, 1.4318e-01
8.6479e+03, 1.6387e-01
8.6663e+03, 1.8845e-01
8.6848e+03, 2.1743e-01
8.6982e+03, 2.4167e-01
8.7138e+03, 2.7321e-01
8.7294e+03, 3.0807e-01
8.7606e+03, 3.8305e-01
8.7762e+03, 4.1847e-01
8.7918e+03, 4.4780e-01
8.8074e+03, 4.6699e-01
8.8230e+03, 4.7293e-01
8.8386e+03, 4.6457e-01
8.8542e+03, 4.4330e-01
8.8698e+03, 4.1244e-01
8.8854e+03, 3.7612e-01
8.9166e+03, 3.0073e-01
8.9390e+03, 2.5223e-01
8.9614e+03, 2.1085e-01
8.9838e+03, 1.7683e-01
9.0062e+03, 1.4930e-01
9.0286e+03, 1.2683e-01
9.0510e+03, 1.0875e-01
9.0734e+03, 9.4000e-02
9.0958e+03, 8.1829e-02
9.1163e+03, 7.2588e-02
9.1369e+03, 6.4771e-02
9.1574e+03, 5.8089e-02
9.1780e+03, 5.2382e-02
9.2006e+03, 4.7141e-02
9.2232e+03, 4.2524e-02
9.2458e+03, 3.8470e-02
9.2684e+03, 3.5091e-02
9.3136e+03, 2.9448e-02
9.3362e+03, 2.7159e-02
9.3588e+03, 2.5142e-02
9.4040e+03, 2.1690e-02
9.4492e+03, 1.8956e-02
9.4945e+03, 1.6732e-02
9.5397e+03, 1.4886e-02
9.5972e+03, 1.3012e-02
9.6547e+03, 1.1497e-02
9.7123e+03, 1.0256e-02
9.7698e+03, 9.2295e-03
9.8274e+03, 8.3741e-03
9.8849e+03, 7.6567e-03
9.9425e+03, 7.0528e-03
1.0000e+04, 6.5459e-03
1.0061e+04, 6.1013e-03
1.0122e+04, 5.7424e-03
1.0183e+04, 5.4729e-03
1.0245e+04, 5.3193e-03
1.0275e+04, 5.3109e-03
1.0336e+04, 5.5914e-03
1.0361e+04, 5.9606e-03
1.0386e+04, 6.6889e-03
1.0411e+04, 8.3321e-03
1.0423e+04, 9.9737e-03
1.0436e+04, 1.2874e-02
1.0444e+04, 1.6245e-02
1.0452e+04, 2.2104e-02
1.0456e+04, 2.6786e-02
1.0460e+04, 3.3585e-02
1.0464e+04, 4.4152e-02
1.0468e+04, 6.2016e-02
1.0470e+04, 7.4707e-02
1.0472e+04, 9.2317e-02
1.0474e+04, 1.1842e-01
1.0475e+04, 1.3702e-01
1.0476e+04, 1.6146e-01
1.0476e+04, 1.9584e-01
1.0477e+04, 2.4543e-01
1.0478e+04, 3.2154e-01
1.0479e+04, 3.7360e-01
1.0479e+04, 4.3865e-01
1.0480e+04, 5.2191e-01
1.0480e+04, 6.2371e-01
1.0481e+04, 7.4995e-01
1.0481e+04, 9.0542e-01
1.0482e+04, 1.0997e+00
1.0482e+04, 1.3297e+00
1.0482e+04, 1.6040e+00
1.0483e+04, 1.9266e+00
1.0483e+04, 2.3179e+00
1.0484e+04, 2.7661e+00
1.0484e+04, 3.2698e+00
1.0485e+04, 3.8122e+00
1.0486e+04, 4.7183e+00
1.0486e+04, 5.6611e+00
1.0487e+04, 6.6059e+00
1.0488e+04, 7.4547e+00
1.0488e+04, 8.1050e+00
1.0489e+04, 8.5669e+00
1.0490e+04, 8.7608e+00
1.0490e+04, 8.8244e+00
1.0490e+04, 8.8208e+00
1.0490e+04, 8.7704e+00
1.0491e+04, 8.6659e+00
1.0491e+04, 8.3023e+00
1.0492e+04, 7.6131e+00
1.0493e+04, 6.7284e+00
1.0494e+04, 5.8040e+00
1.0494e+04, 4.8588e+00
1.0495e+04, 3.9544e+00
1.0496e+04, 3.1470e+00
1.0496e+04, 2.7736e+00
1.0496e+04, 2.4406e+00
1.0497e+04, 2.1296e+00
1.0497e+04, 1.8578e+00
1.0497e+04, 1.6090e+00
1.0498e+04, 1.3955e+00
1.0498e+04, 1.2082e+00
1.0499e+04, 1.0453e+00
1.0499e+04, 9.0066e-01
1.0499e+04, 7.8012e-01
1.0500e+04, 6.7710e-01
1.0500e+04, 5.8945e-01
1.0501e+04, 4.5065e-01
1.0501e+04, 3.5330e-01
1.0502e+04, 2.7891e-01
1.0503e+04, 2.2677e-01
1.0504e+04, 1.8943e-01
1.0504e+04, 1.6222e-01
1.0506e+04, 1.2471e-01
1.0507e+04, 1.0056e-01
1.0509e+04, 8.3434e-02
1.0510e+04, 7.0788e-02
1.0513e+04, 5.3340e-02
1.0517e+04, 4.0226e-02
1.0521e+04, 3.1818e-02
1.0524e+04, 2.6038e-02
1.0528e+04, 2.1888e-02
1.0535e+04, 1.6443e-02
1.0543e+04, 1.3144e-02
1.0552e+04, 1.0445e-02
1.0562e+04, 8.7506e-03
1.0581e+04, 6.8250e-03
1.0601e+04, 5.8186e-03
1.0620e+04, 5.1997e-03
1.0646e+04, 4.6935e-03
1.0685e+04, 4.2543e-03
1.0723e+04, 3.9969e-03
1.0801e+04, 3.6663e-03
1.0930e+04, 3.3962e-03
1.1059e+04, 3.2461e-03
1.1318e+04, 3.1292e-03
1.1460e+04, 3.1548e-03
1.1602e+04, 3.2215e-03
1.1744e+04, 3.3295e-03
1.1886e+04, 3.5144e-03
1.2029e+04, 3.7488e-03
1.2171e+04, 4.0837e-03
1.2313e+04, 4.5309e-03
1.2455e+04, 5.1186e-03
1.2610e+04, 6.0327e-03
1.2688e+04, 6.6130e-03
1.2765e+04, 7.2945e-03
1.2833e+04, 8.0361e-03
1.2901e+04, 8.9197e-03
1.2969e+04, 9.9780e-03
1.3037e+04, 1.1294e-02
1.3071e+04, 1.2050e-02
1.3104e+04, 1.2924e-02
1.3138e+04, 1.3878e-02
1.3172e+04, 1.4949e-02
1.3206e+04, 1.6202e-02
1.3240e+04, 1.7582e-02
1.3274e+04, 1.9169e-02
1.3308e+04, 2.0975e-02
1.3344e+04, 2.3218e-02
1.3379e+04, 2.5836e-02
1.3415e+04, 2.8939e-02
1.3450e+04, 3.2673e-02
1.3486e+04, 3.7138e-02
1.3521e+04, 4.2633e-02
1.3539e+04, 4.5806e-02
1.3557e+04, 4.9417e-02
1.3574e+04, 5.3406e-02
1.3592e+04, 5.7825e-02
1.3625e+04, 6.7516e-02
1.3641e+04, 7.3163e-02
1.3657e+04, 7.9662e-02
1.3673e+04, 8.6760e-02
1.3689e+04, 9.4924e-02
1.3705e+04, 1.0418e-01
1.3721e+04, 1.1433e-01
1.3734e+04, 1.2356e-01
1.3747e+04, 1.3381e-01
1.3760e+04, 1.4512e-01
1.3773e+04, 1.5768e-01
1.3799e+04, 1.8642e-01
1.3818e+04, 2.1061e-01
1.3837e+04, 2.3739e-01
1.3874e+04, 2.9504e-01
1.3893e+04, 3.2234e-01
1.3912e+04, 3.4504e-01
1.3931e+04, 3.6010e-01
1.3950e+04, 3.6512e-01
1.3969e+04, 3.5923e-01
1.3983e+04, 3.4797e-01
1.3998e+04, 3.3233e-01
1.4026e+04, 2.9294e-01
1.4064e+04, 2.3650e-01
1.4083e+04, 2.1050e-01
1.4103e+04, 1.8749e-01
1.4122e+04, 1.6772e-01
1.4141e+04, 1.5117e-01
1.4160e+04, 1.3775e-01
1.4180e+04, 1.2754e-01
1.4199e+04, 1.2063e-01
1.4218e+04, 1.1763e-01
1.4236e+04, 1.1948e-01
1.4245e+04, 1.2294e-01
1.4255e+04, 1.2877e-01
1.4264e+04, 1.3783e-01
1.4273e+04, 1.5154e-01
1.4277e+04, 1.6079e-01
1.4282e+04, 1.7207e-01
1.4286e+04, 1.8596e-01
1.4291e+04, 2.0336e-01
1.4295e+04, 2.2297e-01
1.4299e+04, 2.4728e-01
1.4303e+04, 2.7787e-01
1.4307e+04, 3.1664e-01
1.4311e+04, 3.6663e-01
1.4313e+04, 3.9690e-01
1.4315e+04, 4.3157e-01
1.4317e+04, 4.7169e-01
1.4319e+04, 5.1788e-01
1.4321e+04, 5.7148e-01
1.4324e+04, 6.3382e-01
1.4326e+04, 7.3754e-01
1.4329e+04, 8.6461e-01
1.4332e+04, 1.0197e+00
1.4335e+04, 1.2031e+00
1.4338e+04, 1.4123e+00
1.4340e+04, 1.6327e+00
1.4343e+04, 1.8407e+00
1.4346e+04, 2.0034e+00
1.4348e+04, 2.0718e+00
1.4350e+04, 2.0950e+00
1.4352e+04, 2.0703e+00
1.4354e+04, 2.0182e+00
1.4355e+04, 1.9411e+00
1.4358e+04, 1.7339e+00
1.4364e+04, 1.2565e+00
1.4367e+04, 1.0463e+00
1.4371e+04, 8.7100e-01
1.4374e+04, 7.2884e-01
1.4377e+04, 6.1510e-01
1.4379e+04, 5.5152e-01
1.4381e+04, 4.9710e-01
1.4383e+04, 4.5016e-01
1.4385e+04, 4.0954e-01
1.4387e+04, 3.7426e-01
1.4389e+04, 3.4350e-01
1.4393e+04, 2.9287e-01
1.4398e+04, 2.5314e-01
1.4402e+04, 2.2150e-01
1.4406e+04, 1.9593e-01
1.4410e+04, 1.7502e-01
1.4414e+04, 1.5665e-01
1.4419e+04, 1.4144e-01
1.4423e+04, 1.2870e-01
1.4428e+04, 1.1792e-01
1.4437e+04, 1.0084e-01
1.4446e+04, 8.7947e-02
1.4454e+04, 7.7828e-02
1.4463e+04, 6.9782e-02
1.4472e+04, 6.3251e-02
1.4481e+04, 5.7854e-02
1.4498e+04, 4.9919e-02
1.4514e+04, 4.4046e-02
1.4531e+04, 3.9347e-02
1.4548e+04, 3.5574e-02
1.4564e+04, 3.2471e-02
1.4581e+04, 2.9867e-02
1.4614e+04, 2.5740e-02
1.4643e+04, 2.2994e-02
1.4672e+04, 2.0733e-02
1.4701e+04, 1.8831e-02
1.4730e+04, 1.7212e-02
1.4787e+04, 1.4632e-02
1.4845e+04, 1.2669e-02
1.4903e+04, 1.1102e-02
1.4961e+04, 9.8780e-03
1.5018e+04, 8.8257e-03
1.5076e+04, 7.9513e-03
1.5147e+04, 7.0726e-03
1.5218e+04, 6.3499e-03
1.5360e+04, 5.2420e-03
1.5502e+04, 4.4458e-03
1.5644e+04, 3.8589e-03
1.5786e+04, 3.4196e-03
1.5928e+04, 3.0907e-03
1.6070e+04, 2.8539e-03
1.6212e+04, 2.7126e-03
1.6283e+04, 2.6938e-03
1.6354e+04, 2.7410e-03
1.6426e+04, 2.9372e-03
1.6497e+04, 3.6256e-03
1.6532e+04, 4.6263e-03
1.6550e+04, 5.6506e-03
1.6568e+04, 7.5453e-03
1.6580e+04, 9.9180e-03
1.6592e+04, 1.4443e-02
1.6598e+04, 1.8424e-02
1.6604e+04, 2.4755e-02
1.6610e+04, 3.5751e-02
1.6613e+04, 4.4661e-02
1.6616e+04, 5.8008e-02
1.6620e+04, 8.5351e-02
1.6622e+04, 1.0905e-01
1.6624e+04, 1.4722e-01
1.6625e+04, 1.7625e-01
1.6625e+04, 2.1515e-01
1.6626e+04, 2.6837e-01
1.6627e+04, 3.4140e-01
1.6628e+04, 4.4113e-01
1.6629e+04, 5.0350e-01
1.6629e+04, 5.7563e-01
1.6630e+04, 6.5860e-01
1.6630e+04, 7.5346e-01
1.6630e+04, 8.6119e-01
1.6631e+04, 9.8261e-01
1.6632e+04, 1.2001e+00
1.6632e+04, 1.4493e+00
1.6633e+04, 1.7364e+00
1.6634e+04, 2.0494e+00
1.6634e+04, 2.3907e+00
1.6635e+04, 2.7409e+00
1.6636e+04, 3.4310e+00
1.6637e+04, 3.8548e+00
1.6638e+04, 4.1790e+00
1.6639e+04, 4.3502e+00
1.6640e+04, 4.4079e+00
1.6640e+04, 4.4050e+00
1.6641e+04, 4.3678e+00
1.6641e+04, 4.2905e+00
1.6642e+04, 4.0255e+00
1.6643e+04, 3.7810e+00
1.6643e+04, 3.4951e+00
1.6645e+04, 2.8569e+00
1.6646e+04, 2.2062e+00
1.6647e+04, 1.8993e+00
1.6647e+04, 1.6203e+00
1.6648e+04, 1.3648e+00
1.6649e+04, 1.1428e+00
1.6649e+04, 9.4768e-01
1.6650e+04, 7.8445e-01
1.6651e+04, 6.3813e-01
1.6651e+04, 5.2074e-01
1.6652e+04, 4.2506e-01
1.6653e+04, 3.5010e-01
1.6653e+04, 2.9007e-01
1.6654e+04, 2.4357e-01
1.6655e+04, 1.7807e-01
1.6657e+04, 1.3642e-01
1.6658e+04, 1.0925e-01
1.6661e+04, 7.6548e-02
1.6664e+04, 5.3137e-02
1.6668e+04, 3.9658e-02
1.6672e+04, 3.0980e-02
1.6675e+04, 2.5061e-02
1.6683e+04, 1.7684e-02
1.6690e+04, 1.3385e-02
1.6700e+04, 9.9557e-03
1.6709e+04, 7.8931e-03
1.6729e+04, 5.6484e-03
1.6748e+04, 4.4905e-03
1.6768e+04, 3.8222e-03
1.6821e+04, 2.9655e-03
1.6875e+04, 2.6185e-03
1.6991e+04, 2.3458e-03
1.7108e+04, 2.2553e-03
1.7264e+04, 2.2533e-03
1.7419e+04, 2.3250e-03
1.7575e+04, 2.4636e-03
1.7730e+04, 2.6803e-03
1.7847e+04, 2.9125e-03
1.7963e+04, 3.2149e-03
1.8046e+04, 3.4935e-03
1.8129e+04, 3.8401e-03
1.8211e+04, 4.2749e-03
1.8294e+04, 4.8271e-03
1.8335e+04, 5.1559e-03
1.8377e+04, 5.5399e-03
1.8418e+04, 5.9626e-03
1.8459e+04, 6.4507e-03
1.8501e+04, 7.0260e-03
1.8542e+04, 7.6977e-03
1.8583e+04, 8.4887e-03
1.8625e+04, 9.4284e-03
1.8663e+04, 1.0483e-02
1.8702e+04, 1.1745e-02
1.8741e+04, 1.3272e-02
1.8780e+04, 1.5134e-02
1.8807e+04, 1.6667e-02
1.8834e+04, 1.8454e-02
1.8860e+04, 2.0554e-02
1.8887e+04, 2.3046e-02
1.8914e+04, 2.6006e-02
1.8940e+04, 2.9579e-02
1.8967e+04, 3.3915e-02
1.8994e+04, 3.9204e-02
1.9015e+04, 4.4330e-02
1.9037e+04, 5.0428e-02
1.9058e+04, 5.7715e-02
1.9079e+04, 6.6422e-02
1.9101e+04, 7.6817e-02
1.9122e+04, 8.9127e-02
1.9144e+04, 1.0347e-01
1.9165e+04, 1.1983e-01
1.9200e+04, 1.4899e-01
1.9218e+04, 1.6280e-01
1.9235e+04, 1.7429e-01
1.9252e+04, 1.8191e-01
1.9270e+04, 1.8444e-01
1.9288e+04, 1.8143e-01
1.9301e+04, 1.7576e-01
1.9314e+04, 1.6782e-01
1.9340e+04, 1.4764e-01
1.9375e+04, 1.1842e-01
1.9400e+04, 9.9489e-02
1.9425e+04, 8.3344e-02
1.9450e+04, 7.0031e-02
1.9475e+04, 5.9232e-02
1.9501e+04, 5.0443e-02
1.9526e+04, 4.3343e-02
1.9551e+04, 3.7553e-02
1.9576e+04, 3.2789e-02
1.9599e+04, 2.9161e-02
1.9622e+04, 2.6094e-02
1.9645e+04, 2.3479e-02
1.9668e+04, 2.1251e-02
1.9710e+04, 1.7989e-02
1.9751e+04, 1.5454e-02
1.9793e+04, 1.3451e-02
1.9834e+04, 1.1849e-02
1.9876e+04, 1.0556e-02
1.9917e+04, 9.5087e-03
1.9959e+04, 8.6637e-03
2.0000e+04, 7.9955e-03
2.0054e+04, 7.3871e-03
2.0108e+04, 7.1015e-03
2.0142e+04, 7.2287e-03
2.0176e+04, 7.8891e-03
2.0209e+04, 1.0011e-02
2.0226e+04, 1.2815e-02
2.0235e+04, 1.5311e-02
2.0243e+04, 1.9394e-02
2.0252e+04, 2.6803e-02
2.0256e+04, 3.2979e-02
2.0260e+04, 4.2348e-02
2.0264e+04, 5.7684e-02
2.0266e+04, 6.9420e-02
2.0269e+04, 8.6189e-02
2.0271e+04, 1.1208e-01
2.0273e+04, 1.5599e-01
2.0274e+04, 1.9018e-01
2.0275e+04, 2.3669e-01
2.0276e+04, 3.0142e-01
2.0277e+04, 3.8935e-01
2.0278e+04, 5.0421e-01
2.0279e+04, 6.5494e-01
2.0280e+04, 8.4754e-01
2.0281e+04, 1.0858e+00
2.0282e+04, 1.3694e+00
2.0283e+04, 1.6928e+00
2.0284e+04, 2.0436e+00
2.0285e+04, 2.4024e+00
2.0287e+04, 2.9064e+00
2.0288e+04, 3.1122e+00
2.0288e+04, 3.2732e+00
2.0289e+04, 3.3898e+00
2.0290e+04, 3.4290e+00
2.0290e+04, 3.4263e+00
2.0291e+04, 3.3818e+00
2.0292e+04, 3.2862e+00
2.0292e+04, 3.1441e+00
2.0293e+04, 2.9624e+00
2.0294e+04, 2.6981e+00
2.0295e+04, 2.4044e+00
2.0297e+04, 1.7959e+00
2.0298e+04, 1.4657e+00
2.0299e+04, 1.1742e+00
2.0300e+04, 9.2517e-01
2.0301e+04, 7.2046e-01
2.0302e+04, 5.5766e-01
2.0303e+04, 4.3174e-01
2.0304e+04, 3.3645e-01
2.0305e+04, 2.6547e-01
2.0306e+04, 2.0391e-01
2.0307e+04, 1.6151e-01
2.0309e+04, 1.1012e-01
2.0312e+04, 8.1828e-02
2.0314e+04, 6.4433e-02
2.0319e+04, 4.4139e-02
2.0324e+04, 3.2906e-02
2.0330e+04, 2.3901e-02
2.0337e+04, 1.8595e-02
2.0350e+04, 1.2883e-02
2.0364e+04, 1.0035e-02
2.0377e+04, 8.3744e-03
2.0401e+04, 6.7504e-03
2.0424e+04, 5.8887e-03
2.0471e+04, 5.0047e-03
2.0565e+04, 4.3162e-03
2.0702e+04, 4.1023e-03
2.0839e+04, 4.3934e-03
2.0920e+04, 4.8796e-03
2.1001e+04, 5.7778e-03
2.1042e+04, 6.4891e-03
2.1082e+04, 7.5063e-03
2.1123e+04, 8.9687e-03
2.1163e+04, 1.1233e-02
2.1198e+04, 1.4225e-02
2.1215e+04, 1.6316e-02
2.1232e+04, 1.9024e-02
2.1242e+04, 2.1038e-02
2.1252e+04, 2.3442e-02
2.1262e+04, 2.6342e-02
2.1272e+04, 2.9885e-02
2.1283e+04, 3.4273e-02
2.1288e+04, 3.6872e-02
2.1293e+04, 3.9788e-02
2.1298e+04, 4.3077e-02
2.1303e+04, 4.6793e-02
2.1308e+04, 5.1057e-02
2.1313e+04, 5.5974e-02
2.1319e+04, 6.2657e-02
2.1325e+04, 7.0629e-02
2.1331e+04, 8.0265e-02
2.1334e+04, 8.5843e-02
2.1336e+04, 9.2001e-02
2.1339e+04, 9.8864e-02
2.1342e+04, 1.0651e-01
2.1345e+04, 1.1507e-01
2.1348e+04, 1.2463e-01
2.1351e+04, 1.3542e-01
2.1354e+04, 1.4760e-01
2.1357e+04, 1.6138e-01
2.1360e+04, 1.7697e-01
2.1363e+04, 1.9483e-01
2.1366e+04, 2.1529e-01
2.1369e+04, 2.3878e-01
2.1372e+04, 2.6570e-01
2.1375e+04, 2.9676e-01
2.1378e+04, 3.3242e-01
2.1381e+04, 3.7322e-01
2.1383e+04, 4.1939e-01
2.1387e+04, 4.7844e-01
2.1390e+04, 5.4400e-01
2.1397e+04, 6.8487e-01
2.1400e+04, 7.5122e-01
2.1403e+04, 8.0592e-01
2.1407e+04, 8.4232e-01
2.1410e+04, 8.5494e-01
2.1413e+04, 8.4390e-01
2.1416e+04, 8.1871e-01
2.1418e+04, 7.8150e-01
2.1421e+04, 7.3524e-01
2.1423e+04, 6.8321e-01
2.1428e+04, 5.7363e-01
2.1434e+04, 4.7143e-01
2.1436e+04, 4.2579e-01
2.1439e+04, 3.8458e-01
2.1444e+04, 3.1459e-01
2.1449e+04, 2.5929e-01
2.1454e+04, 2.1588e-01
2.1459e+04, 1.8008e-01
2.1465e+04, 1.5203e-01
2.1470e+04, 1.2981e-01
2.1476e+04, 1.1203e-01
2.1481e+04, 9.7591e-02
2.1486e+04, 8.5756e-02
2.1492e+04, 7.5970e-02
2.1497e+04, 6.7837e-02
2.1508e+04, 5.5074e-02
2.1519e+04, 4.5647e-02
2.1530e+04, 3.8546e-02
2.1540e+04, 3.3079e-02
2.1551e+04, 2.8780e-02
2.1562e+04, 2.5349e-02
2.1573e+04, 2.2567e-02
2.1584e+04, 2.0287e-02
2.1604e+04, 1.6974e-02
2.1625e+04, 1.4551e-02
2.1645e+04, 1.2768e-02
2.1666e+04, 1.1427e-02
2.1707e+04, 9.6613e-03
2.1748e+04, 8.7399e-03
2.1780e+04, 8.5194e-03
2.1810e+04, 8.8063e-03
2.1841e+04, 1.0019e-02
2.1856e+04, 1.1358e-02
2.1871e+04, 1.3780e-02
2.1886e+04, 1.8852e-02
2.1894e+04, 2.3573e-02
2.1902e+04, 3.1485e-02
2.1906e+04, 3.8000e-02
2.1909e+04, 4.7489e-02
2.1914e+04, 6.3469e-02
2.1916e+04, 7.5502e-02
2.1918e+04, 9.2071e-02
2.1919e+04, 1.0301e-01
2.1920e+04, 1.1622e-01
2.1921e+04, 1.3254e-01
2.1922e+04, 1.5292e-01
2.1923e+04, 1.7892e-01
2.1924e+04, 2.1166e-01
2.1925e+04, 2.5333e-01
2.1926e+04, 2.7822e-01
2.1926e+04, 3.0621e-01
2.1927e+04, 3.6016e-01
2.1928e+04, 4.2484e-01
2.1929e+04, 5.0146e-01
2.1930e+04, 5.9089e-01
2.1930e+04, 6.9341e-01
2.1931e+04, 8.0856e-01
2.1932e+04, 9.3489e-01
2.1933e+04, 1.0682e+00
2.1936e+04, 1.5044e+00
2.1937e+04, 1.6865e+00
2.1938e+04, 1.8113e+00
2.1939e+04, 1.8500e+00
2.1940e+04, 1.8631e+00
2.1940e+04, 1.8597e+00
2.1942e+04, 1.8083e+00
2.1943e+04, 1.7019e+00
2.1944e+04, 1.5502e+00
2.1945e+04, 1.3712e+00
2.1948e+04, 9.4358e-01
2.1949e+04, 7.5180e-01
2.1950e+04, 5.8953e-01
2.1952e+04, 4.7498e-01
2.1953e+04, 3.8280e-01
2.1954e+04, 3.0959e-01
2.1955e+04, 2.5238e-01
2.1956e+04, 2.0777e-01
2.1957e+04, 1.7369e-01
2.1958e+04, 1.4732e-01
2.1959e+04, 1.2674e-01
2.1961e+04, 1.0907e-01
2.1962e+04, 9.5300e-02
2.1964e+04, 7.5203e-02
2.1967e+04, 6.1477e-02
2.1969e+04, 5.1601e-02
2.1974e+04, 3.8533e-02
2.1979e+04, 3.0465e-02
2.1985e+04, 2.4002e-02
2.1991e+04, 1.9807e-02
2.2004e+04, 1.4882e-02
2.2016e+04, 1.2194e-02
2.2028e+04, 1.0572e-02
2.2052e+04, 8.8465e-03
2.2077e+04, 8.0190e-03
2.2126e+04, 7.4480e-03
2.2152e+04, 7.4155e-03
2.2195e+04, 7.5928e-03
2.2237e+04, 7.9982e-03
2.2258e+04, 8.2370e-03
2.2279e+04, 8.5650e-03
2.2322e+04, 9.2922e-03
2.2364e+04, 1.0259e-02
2.2407e+04, 1.1495e-02
2.2428e+04, 1.2237e-02
2.2449e+04, 1.3072e-02
2.2470e+04, 1.4013e-02
2.2492e+04, 1.5081e-02
2.2521e+04, 1.6818e-02
2.2550e+04, 1.8915e-02
2.2565e+04, 2.0117e-02
2.2580e+04, 2.1462e-02
2.2595e+04, 2.2916e-02
2.2609e+04, 2.4575e-02
2.2624e+04, 2.6365e-02
2.2639e+04, 2.8410e-02
2.2653e+04, 3.0652e-02
2.2668e+04, 3.3171e-02
2.2683e+04, 3.5932e-02
2.2697e+04, 3.9082e-02
2.2712e+04, 4.2614e-02
2.2727e+04, 4.6576e-02
2.2739e+04, 5.0386e-02
2.2752e+04, 5.4579e-02
2.2765e+04, 5.9184e-02
2.2778e+04, 6.4231e-02
2.2803e+04, 7.5633e-02
2.2828e+04, 8.8555e-02
2.2854e+04, 1.0202e-01
2.2879e+04, 1.1444e-01
2.2892e+04, 1.1957e-01
2.2905e+04, 1.2342e-01
2.2917e+04, 1.2583e-01
2.2930e+04, 1.2665e-01
2.2949e+04, 1.2460e-01
2.2962e+04, 1.2090e-01
2.2976e+04, 1.1576e-01
2.3003e+04, 1.0262e-01
2.3058e+04, 7.4307e-02
2.3085e+04, 6.2282e-02
2.3112e+04, 5.2260e-02
2.3139e+04, 4.4084e-02
2.3167e+04, 3.7455e-02
2.3185e+04, 3.3748e-02
2.3203e+04, 3.0526e-02
2.3240e+04, 2.5267e-02
2.3276e+04, 2.1287e-02
2.3312e+04, 1.8115e-02
2.3349e+04, 1.5613e-02
2.3385e+04, 1.3614e-02
2.3422e+04, 1.1999e-02
2.3458e+04, 1.0679e-02
2.3518e+04, 8.9909e-03
2.3578e+04, 7.7324e-03
2.3638e+04, 6.7794e-03
2.3698e+04, 6.0617e-03
2.3766e+04, 5.4675e-03
2.3835e+04, 5.0767e-03
2.3904e+04, 4.9039e-03
2.3955e+04, 4.9814e-03
2.4006e+04, 5.3473e-03
2.4058e+04, 6.4993e-03
2.4083e+04, 7.9038e-03
2.4109e+04, 1.0944e-02
2.4124e+04, 1.5002e-02
2.4132e+04, 1.8566e-02
2.4139e+04, 2.4295e-02
2.4146e+04, 3.3300e-02
2.4153e+04, 5.0855e-02
2.4156e+04, 6.7346e-02
2.4159e+04, 9.6836e-02
2.4161e+04, 1.2168e-01
2.4163e+04, 1.5872e-01
2.4164e+04, 2.1538e-01
2.4166e+04, 3.0206e-01
2.4167e+04, 3.7438e-01
2.4168e+04, 4.6425e-01
2.4169e+04, 5.7595e-01
2.4170e+04, 7.0880e-01
2.4171e+04, 8.6554e-01
2.4172e+04, 1.0411e+00
2.4174e+04, 1.4325e+00
2.4176e+04, 1.7722e+00
2.4177e+04, 1.9222e+00
2.4177e+04, 2.0483e+00
2.4179e+04, 2.1768e+00
2.4180e+04, 2.2212e+00
2.4181e+04, 2.1991e+00
2.4182e+04, 2.1344e+00
2.4183e+04, 2.0312e+00
2.4184e+04, 1.8977e+00
2.4185e+04, 1.6687e+00
2.4186e+04, 1.4165e+00
2.4187e+04, 1.1644e+00
2.4189e+04, 9.3059e-01
2.4190e+04, 7.8587e-01
2.4190e+04, 6.5919e-01
2.4191e+04, 5.4833e-01
2.4192e+04, 4.5540e-01
2.4193e+04, 3.7712e-01
2.4194e+04, 3.1361e-01
2.4195e+04, 2.6205e-01
2.4196e+04, 2.2054e-01
2.4197e+04, 1.6048e-01
2.4199e+04, 1.2223e-01
2.4201e+04, 9.7010e-02
2.4203e+04, 7.9907e-02
2.4206e+04, 5.9993e-02
2.4209e+04, 4.7869e-02
2.4215e+04, 3.4165e-02
2.4222e+04, 2.6997e-02
2.4228e+04, 2.2916e-02
2.4241e+04, 1.9342e-02
2.4253e+04, 1.8869e-02
2.4269e+04, 2.1484e-02
2.4277e+04, 2.4346e-02
2.4285e+04, 2.8747e-02
2.4293e+04, 3.5518e-02
2.4301e+04, 4.6045e-02
2.4309e+04, 6.3438e-02
2.4313e+04, 7.7125e-02
2.4317e+04, 9.6570e-02
2.4319e+04, 1.1134e-01
2.4321e+04, 1.3003e-01
2.4324e+04, 1.5431e-01
2.4326e+04, 1.8673e-01
2.4327e+04, 2.0736e-01
2.4328e+04, 2.3154e-01
2.4329e+04, 2.6031e-01
2.4330e+04, 2.9479e-01
2.4331e+04, 3.3632e-01
2.4333e+04, 3.8650e-01
2.4334e+04, 4.4717e-01
2.4335e+04, 5.2032e-01
2.4336e+04, 5.9523e-01
2.4337e+04, 6.8122e-01
2.4338e+04, 7.7992e-01
2.4339e+04, 8.9180e-01
2.4340e+04, 1.0181e+00
2.4340e+04, 1.1551e+00
2.4341e+04, 1.3022e+00
2.4342e+04, 1.4563e+00
2.4344e+04, 1.7452e+00
2.4346e+04, 2.0070e+00
2.4348e+04, 2.2054e+00
2.4348e+04, 2.2691e+00
2.4349e+04, 2.3047e+00
2.4350e+04, 2.3123e+00
2.4351e+04, 2.3043e+00
2.4352e+04, 2.2617e+00
2.4353e+04, 2.1850e+00
2.4354e+04, 2.0784e+00
2.4355e+04, 1.9493e+00
2.4357e+04, 1.6436e+00
2.4358e+04, 1.3238e+00
2.4360e+04, 1.1543e+00
2.4361e+04, 9.9809e-01
2.4362e+04, 8.5791e-01
2.4363e+04, 7.3500e-01
2.4364e+04, 6.2924e-01
2.4365e+04, 5.3955e-01
2.4366e+04, 4.6430e-01
2.4367e+04, 4.0213e-01
2.4369e+04, 3.1895e-01
2.4371e+04, 2.5841e-01
2.4373e+04, 2.1349e-01
2.4375e+04, 1.7954e-01
2.4376e+04, 1.5334e-01
2.4378e+04, 1.3271e-01
2.4382e+04, 1.0265e-01
2.4386e+04, 8.0574e-02
2.4390e+04, 6.5190e-02
2.4394e+04, 5.4009e-02
2.4398e+04, 4.5622e-02
2.4406e+04, 3.4103e-02
2.4414e+04, 2.6754e-02
2.4423e+04, 2.1382e-02
2.4431e+04, 1.7655e-02
2.4449e+04, 1.2963e-02
2.4466e+04, 1.0254e-02
2.4484e+04, 8.5440e-03
2.4527e+04, 6.4142e-03
2.4569e+04, 5.8155e-03
2.4612e+04, 6.7493e-03
2.4634e+04, 8.7482e-03
2.4644e+04, 1.0837e-02
2.4655e+04, 1.4797e-02
2.4663e+04, 2.0652e-02
2.4671e+04, 3.2922e-02
2.4675e+04, 4.5394e-02
2.4679e+04, 7.0244e-02
2.4681e+04, 9.3811e-02
2.4683e+04, 1.3323e-01
2.4684e+04, 1.6258e-01
2.4685e+04, 2.0051e-01
2.4686e+04, 2.4956e-01
2.4687e+04, 3.1219e-01
2.4688e+04, 3.8813e-01
2.4689e+04, 4.7979e-01
2.4690e+04, 5.9006e-01
2.4691e+04, 7.1649e-01
2.4693e+04, 1.0140e+00
2.4695e+04, 1.3347e+00
2.4697e+04, 1.5982e+00
2.4698e+04, 1.7014e+00
2.4698e+04, 1.7773e+00
2.4699e+04, 1.8179e+00
2.4700e+04, 1.8314e+00
2.4701e+04, 1.8178e+00
2.4702e+04, 1.7784e+00
2.4702e+04, 1.7141e+00
2.4703e+04, 1.6296e+00
2.4704e+04, 1.4942e+00
2.4705e+04, 1.3391e+00
2.4707e+04, 1.0086e+00
2.4709e+04, 7.5751e-01
2.4710e+04, 5.4798e-01
2.4711e+04, 4.6010e-01
2.4712e+04, 3.8539e-01
2.4713e+04, 3.2205e-01
2.4713e+04, 2.6911e-01
2.4714e+04, 2.2487e-01
2.4715e+04, 1.8918e-01
2.4717e+04, 1.3673e-01
2.4718e+04, 1.0231e-01
2.4720e+04, 7.9786e-02
2.4723e+04, 5.2971e-02
2.4727e+04, 3.8936e-02
2.4733e+04, 2.4651e-02
2.4740e+04, 1.7608e-02
2.4747e+04, 1.3576e-02
2.4760e+04, 9.2245e-03
2.4773e+04, 7.0652e-03
2.4796e+04, 5.2764e-03
2.4819e+04, 4.3781e-03
2.4864e+04, 3.5477e-03
2.4955e+04, 2.9854e-03
2.5145e+04, 2.7596e-03
2.5303e+04, 2.8507e-03
2.5461e+04, 3.0691e-03
2.5548e+04, 3.2620e-03
2.5635e+04, 3.4864e-03
2.5721e+04, 3.7753e-03
2.5808e+04, 4.1376e-03
2.5852e+04, 4.3465e-03
2.5895e+04, 4.5802e-03
2.5939e+04, 4.8468e-03
2.5982e+04, 5.1388e-03
2.6026e+04, 5.4631e-03
2.6069e+04, 5.8397e-03
2.6113e+04, 6.2564e-03
2.6156e+04, 6.7167e-03
2.6200e+04, 7.2505e-03
2.6243e+04, 7.8565e-03
2.6286e+04, 8.5488e-03
2.6330e+04, 9.3468e-03
2.6373e+04, 1.0260e-02
2.6417e+04, 1.1321e-02
2.6460e+04, 1.2552e-02
2.6504e+04, 1.3979e-02
2.6552e+04, 1.5849e-02
2.6600e+04, 1.8056e-02
2.6624e+04, 1.9319e-02
2.6648e+04, 2.0698e-02
2.6696e+04, 2.3799e-02
2.6720e+04, 2.5554e-02
2.6744e+04, 2.7465e-02
2.6768e+04, 2.9456e-02
2.6792e+04, 3.1614e-02
2.6840e+04, 3.6172e-02
2.6888e+04, 4.0885e-02
2.6928e+04, 4.4650e-02
2.6969e+04, 4.7783e-02
2.7009e+04, 4.9865e-02
2.7050e+04, 5.0572e-02
2.7086e+04, 4.9955e-02
2.7131e+04, 4.7689e-02
2.7176e+04, 4.4338e-02
2.7221e+04, 4.0723e-02
2.7244e+04, 3.9187e-02
2.7266e+04, 3.8446e-02
2.7281e+04, 3.9063e-02
2.7296e+04, 4.2183e-02
2.7303e+04, 4.6283e-02
2.7310e+04, 5.5225e-02
2.7314e+04, 6.4126e-02
2.7318e+04, 8.1197e-02
2.7320e+04, 9.7001e-02
2.7321e+04, 1.2316e-01
2.7323e+04, 1.6793e-01
2.7325e+04, 2.4434e-01
2.7326e+04, 3.1495e-01
2.7327e+04, 4.0908e-01
2.7328e+04, 5.3110e-01
2.7330e+04, 6.8268e-01
2.7331e+04, 8.6739e-01
2.7332e+04, 1.0815e+00
2.7334e+04, 1.5644e+00
2.7336e+04, 1.9904e+00
2.7337e+04, 2.1650e+00
2.7338e+04, 2.2965e+00
2.7339e+04, 2.3695e+00
2.7340e+04, 2.3943e+00
2.7340e+04, 2.3904e+00
2.7341e+04, 2.3591e+00
2.7342e+04, 2.2977e+00
2.7343e+04, 2.2089e+00
2.7343e+04, 2.0979e+00
2.7345e+04, 1.8359e+00
2.7346e+04, 1.5378e+00
2.7347e+04, 1.2364e+00
2.7349e+04, 9.5989e-01
2.7350e+04, 7.6259e-01
2.7351e+04, 5.9735e-01
2.7352e+04, 4.6175e-01
2.7353e+04, 3.5611e-01
2.7354e+04, 2.7474e-01
2.7355e+04, 2.1468e-01
2.7358e+04, 1.3860e-01
2.7360e+04, 9.9001e-02
2.7362e+04, 7.7724e-02
2.7367e+04, 5.7263e-02
2.7371e+04, 4.6766e-02
2.7376e+04, 4.0690e-02
2.7386e+04, 3.3882e-02
2.7405e+04, 2.7739e-02
2.7424e+04, 2.4635e-02
2.7444e+04, 2.2506e-02
2.7478e+04, 1.9794e-02
2.7512e+04, 1.7729e-02
2.7581e+04, 1.4573e-02
2.7649e+04, 1.2234e-02
2.7718e+04, 1.0441e-02
2.7812e+04, 8.6161e-03
2.7859e+04, 7.8716e-03
2.7907e+04, 7.2624e-03
2.8001e+04, 6.2624e-03
2.8095e+04, 5.5339e-03
2.8190e+04, 4.9839e-03
2.8284e+04, 4.5936e-03
2.8378e+04, 4.3273e-03
2.8472e+04, 4.1654e-03
2.8541e+04, 4.1173e-03
2.8661e+04, 4.1772e-03
2.8781e+04, 4.4480e-03
2.8901e+04, 5.0080e-03
2.9021e+04, 6.0267e-03
2.9090e+04, 6.9624e-03
2.9158e+04, 8.3174e-03
2.9193e+04, 9.2232e-03
2.9227e+04, 1.0341e-02
2.9261e+04, 1.1736e-02
2.9296e+04, 1.3493e-02
2.9315e+04, 1.4690e-02
2.9334e+04, 1.6086e-02
2.9354e+04, 1.7715e-02
2.9373e+04, 1.9629e-02
2.9382e+04, 2.0711e-02
2.9392e+04, 2.1895e-02
2.9402e+04, 2.3184e-02
2.9411e+04, 2.4590e-02
2.9421e+04, 2.6119e-02
2.9431e+04, 2.7814e-02
2.9440e+04, 2.9686e-02
2.9450e+04, 3.1751e-02
2.9462e+04, 3.4578e-02
2.9474e+04, 3.7788e-02
2.9485e+04, 4.1444e-02
2.9497e+04, 4.5620e-02
2.9509e+04, 5.0403e-02
2.9521e+04, 5.5888e-02
2.9532e+04, 6.2186e-02
2.9544e+04, 6.9409e-02
2.9552e+04, 7.4795e-02
2.9560e+04, 8.0673e-02
2.9568e+04, 8.7080e-02
2.9576e+04, 9.4013e-02
2.9584e+04, 1.0144e-01
2.9591e+04, 1.0934e-01
2.9607e+04, 1.2621e-01
2.9623e+04, 1.4352e-01
2.9639e+04, 1.5920e-01
2.9654e+04, 1.7066e-01
2.9662e+04, 1.7402e-01
2.9670e+04, 1.7555e-01
2.9682e+04, 1.7415e-01
2.9695e+04, 1.6865e-01
2.9708e+04, 1.6041e-01
2.9720e+04, 1.5135e-01
2.9732e+04, 1.4365e-01
2.9745e+04, 1.4074e-01
2.9754e+04, 1.4528e-01
2.9758e+04, 1.5150e-01
2.9763e+04, 1.6230e-01
2.9767e+04, 1.8080e-01
2.9772e+04, 2.1308e-01
2.9774e+04, 2.3835e-01
2.9776e+04, 2.7368e-01
2.9779e+04, 3.2432e-01
2.9781e+04, 3.9783e-01
2.9783e+04, 4.7878e-01
2.9784e+04, 5.8694e-01
2.9786e+04, 7.2837e-01
2.9787e+04, 8.1296e-01
2.9788e+04, 9.0704e-01
2.9789e+04, 1.0202e+00
2.9790e+04, 1.1433e+00
2.9791e+04, 1.2747e+00
2.9792e+04, 1.4103e+00
2.9794e+04, 1.6870e+00
2.9796e+04, 1.9359e+00
2.9797e+04, 2.0512e+00
2.9798e+04, 2.1379e+00
2.9799e+04, 2.1924e+00
2.9800e+04, 2.2102e+00
2.9801e+04, 2.1955e+00
2.9802e+04, 2.1538e+00
2.9804e+04, 2.0047e+00
2.9805e+04, 1.7867e+00
2.9807e+04, 1.5313e+00
2.9809e+04, 1.2701e+00
2.9810e+04, 1.0802e+00
2.9812e+04, 9.0903e-01
2.9813e+04, 7.6056e-01
2.9815e+04, 6.3648e-01
2.9816e+04, 5.3372e-01
2.9817e+04, 4.5128e-01
2.9819e+04, 3.8488e-01
2.9820e+04, 3.3241e-01
2.9823e+04, 2.5677e-01
2.9826e+04, 2.0731e-01
2.9828e+04, 1.7347e-01
2.9831e+04, 1.4918e-01
2.9837e+04, 1.1698e-01
2.9842e+04, 9.6794e-02
2.9852e+04, 7.5787e-02
2.9861e+04, 6.2845e-02
2.9870e+04, 5.4037e-02
2.9880e+04, 4.7573e-02
2.9898e+04, 3.8474e-02
2.9917e+04, 3.2315e-02
2.9940e+04, 2.6894e-02
2.9964e+04, 2.2915e-02
2.9987e+04, 1.9872e-02
3.0010e+04, 1.7489e-02
3.0034e+04, 1.5584e-02
3.0057e+04, 1.4035e-02
3.0104e+04, 1.1701e-02
3.0141e+04, 1.0352e-02
3.0178e+04, 9.3188e-03
3.0253e+04, 7.9319e-03
3.0328e+04, 7.1741e-03
3.0402e+04, 6.8810e-03
3.0491e+04, 7.0847e-03
3.0580e+04, 7.9779e-03
3.0624e+04, 8.7851e-03
3.0668e+04, 9.9585e-03
3.0713e+04, 1.1616e-02
3.0757e+04, 1.4051e-02
3.0794e+04, 1.7018e-02
3.0813e+04, 1.8957e-02
3.0832e+04, 2.1306e-02
3.0846e+04, 2.3401e-02
3.0860e+04, 2.5820e-02
3.0874e+04, 2.8703e-02
3.0881e+04, 3.0338e-02
3.0888e+04, 3.2122e-02
3.0895e+04, 3.4070e-02
3.0902e+04, 3.6203e-02
3.0909e+04, 3.8541e-02
3.0916e+04, 4.1109e-02
3.0923e+04, 4.3934e-02
3.0930e+04, 4.7048e-02
3.0937e+04, 5.0486e-02
3.0944e+04, 5.4285e-02
3.0952e+04, 5.9290e-02
3.0960e+04, 6.4913e-02
3.0968e+04, 7.1255e-02
3.0977e+04, 7.8424e-02
3.0985e+04, 8.6524e-02
3.0993e+04, 9.5614e-02
3.1001e+04, 1.0570e-01
3.1010e+04, 1.1683e-01
3.1019e+04, 1.2975e-01
3.1027e+04, 1.4343e-01
3.1036e+04, 1.5747e-01
3.1045e+04, 1.7114e-01
3.1054e+04, 1.8352e-01
3.1062e+04, 1.9346e-01
3.1071e+04, 1.9991e-01
3.1080e+04, 2.0211e-01
3.1090e+04, 1.9905e-01
3.1100e+04, 1.9057e-01
3.1108e+04, 1.8117e-01
3.1116e+04, 1.7009e-01
3.1131e+04, 1.4580e-01
3.1146e+04, 1.2197e-01
3.1162e+04, 1.0119e-01
3.1177e+04, 8.3982e-02
3.1193e+04, 7.0111e-02
3.1208e+04, 5.9040e-02
3.1223e+04, 5.0215e-02
3.1240e+04, 4.2474e-02
3.1258e+04, 3.6391e-02
3.1275e+04, 3.1572e-02
3.1292e+04, 2.7738e-02
3.1326e+04, 2.2313e-02
3.1360e+04, 1.9043e-02
3.1392e+04, 1.8020e-02
3.1407e+04, 1.8537e-02
3.1423e+04, 2.0304e-02
3.1439e+04, 2.4727e-02
3.1447e+04, 2.8988e-02
3.1455e+04, 3.6076e-02
3.1460e+04, 4.4322e-02
3.1466e+04, 5.7743e-02
3.1471e+04, 8.2084e-02
3.1474e+04, 1.0289e-01
3.1477e+04, 1.3563e-01
3.1479e+04, 1.6620e-01
3.1480e+04, 2.0903e-01
3.1482e+04, 2.7034e-01
3.1484e+04, 3.5677e-01
3.1485e+04, 4.1279e-01
3.1486e+04, 4.7766e-01
3.1487e+04, 5.5290e-01
3.1487e+04, 6.3920e-01
3.1488e+04, 7.3810e-01
3.1489e+04, 8.4726e-01
3.1490e+04, 9.6708e-01
3.1491e+04, 1.0963e+00
3.1492e+04, 1.2539e+00
3.1493e+04, 1.4153e+00
3.1494e+04, 1.5653e+00
3.1495e+04, 1.7087e+00
3.1496e+04, 1.9603e+00
3.1498e+04, 2.1166e+00
3.1499e+04, 2.1640e+00
3.1500e+04, 2.1879e+00
3.1500e+04, 2.1909e+00
3.1501e+04, 2.1620e+00
3.1502e+04, 2.0893e+00
3.1503e+04, 1.9777e+00
3.1505e+04, 1.8345e+00
3.1506e+04, 1.6689e+00
3.1507e+04, 1.3796e+00
3.1509e+04, 1.0937e+00
3.1511e+04, 8.3813e-01
3.1513e+04, 6.2733e-01
3.1514e+04, 4.8454e-01
3.1516e+04, 3.7492e-01
3.1517e+04, 2.9197e-01
3.1519e+04, 2.3111e-01
3.1520e+04, 1.8618e-01
3.1522e+04, 1.5334e-01
3.1525e+04, 1.1023e-01
3.1528e+04, 8.4389e-02
3.1531e+04, 6.7667e-02
3.1537e+04, 4.7505e-02
3.1543e+04, 3.6023e-02
3.1549e+04, 2.8779e-02
3.1557e+04, 2.2786e-02
3.1565e+04, 1.8849e-02
3.1580e+04, 1.4062e-02
3.1611e+04, 9.5838e-03
3.1641e+04, 7.5273e-03
3.1670e+04, 6.3092e-03
3.1730e+04, 4.8506e-03
3.1789e+04, 3.9974e-03
3.1848e+04, 3.3970e-03
3.1935e+04, 2.7996e-03
3.2021e+04, 2.3827e-03
3.2172e+04, 1.8954e-03
3.2323e+04, 1.5748e-03
3.2474e+04, 1.3513e-03
3.2625e+04, 1.1894e-03
3.2927e+04, 9.8035e-04
3.3229e+04, 8.5371e-04
3.3660e+04, 7.6351e-04
3.4092e+04, 7.4105e-04
3.4480e+04, 7.7808e-04
3.4868e+04, 8.8197e-04
3.5256e+04, 1.0944e-03
3.5645e+04, 1.5221e-03
3.5903e+04, 2.0745e-03
3.6033e+04, 2.5153e-03
3.6162e+04, 3.1210e-03
3.6281e+04, 3.9380e-03
3.6400e+04, 5.1641e-03
3.6518e+04, 7.1069e-03
3.6577e+04, 8.5411e-03
3.6637e+04, 1.0442e-02
3.6680e+04, 1.2265e-02
3.6704e+04, 1.3506e-02
3.6728e+04, 1.4952e-02
3.6753e+04, 1.6640e-02
3.6777e+04, 1.8623e-02
3.6801e+04, 2.0972e-02
3.6813e+04, 2.2308e-02
3.6825e+04, 2.3769e-02
3.6838e+04, 2.5355e-02
3.6850e+04, 2.7118e-02
3.6862e+04, 2.9064e-02
3.6874e+04, 3.1214e-02
3.6889e+04, 3.4159e-02
3.6904e+04, 3.7506e-02
3.6919e+04, 4.1324e-02
3.6933e+04, 4.5690e-02
3.6948e+04, 5.0696e-02
3.6963e+04, 5.6446e-02
3.6978e+04, 6.3057e-02
3.6993e+04, 7.0651e-02
3.7002e+04, 7.6293e-02
3.7012e+04, 8.2445e-02
3.7022e+04, 8.9160e-02
3.7032e+04, 9.6439e-02
3.7042e+04, 1.0423e-01
3.7052e+04, 1.1251e-01
3.7062e+04, 1.2120e-01
3.7071e+04, 1.3020e-01
3.7091e+04, 1.4828e-01
3.7111e+04, 1.6453e-01
3.7130e+04, 1.7604e-01
3.7140e+04, 1.7912e-01
3.7150e+04, 1.8014e-01
3.7166e+04, 1.7733e-01
3.7181e+04, 1.6961e-01
3.7195e+04, 1.5959e-01
3.7209e+04, 1.4773e-01
3.7237e+04, 1.2230e-01
3.7264e+04, 9.8657e-02
3.7292e+04, 7.9244e-02
3.7320e+04, 6.3862e-02
3.7347e+04, 5.2001e-02
3.7375e+04, 4.2827e-02
3.7403e+04, 3.5698e-02
3.7435e+04, 2.9377e-02
3.7467e+04, 2.4513e-02
3.7499e+04, 2.0732e-02
3.7530e+04, 1.7732e-02
3.7562e+04, 1.5330e-02
3.7594e+04, 1.3373e-02
3.7658e+04, 1.0440e-02
3.7717e+04, 8.5221e-03
3.7775e+04, 7.0747e-03
3.7834e+04, 5.9664e-03
3.7892e+04, 5.1097e-03
3.8009e+04, 3.8663e-03
3.8127e+04, 3.0350e-03
3.8244e+04, 2.4590e-03
3.8361e+04, 2.0305e-03
3.8595e+04, 1.4638e-03
3.8829e+04, 1.1133e-03
3.9063e+04, 8.8203e-04
3.9148e+04, 8.1738e-04
3.9361e+04, 6.8787e-04
3.9574e+04, 5.8905e-04
3.9787e+04, 5.1181e-04
3.9894e+04, 4.7987e-04
3.9947e+04, 4.6510e-04
3.9973e+04, 4.5914e-04
3.9980e+04, 5.0266e-04
3.9983e+04, 6.4883e-04
3.9985e+04, 8.1848e-04
3.9987e+04, 1.1031e-03
3.9988e+04, 1.5571e-03
3.9990e+04, 2.2323e-03
3.9993e+04, 4.4546e-03
3.9997e+04, 7.9619e-03
4.0000e+04, 1.2349e-02
4.0000e+04, 2.4271e-02
5.0000e+04, 2.2885e-02
5.5000e+04, 2.1349e-02
6.0000e+04, 2.0037e-02
6.5000e+04, 1.8901e-02
7.0000e+04, 1.7907e-02
7.5000e+04, 1.7028e-02
8.0000e+04, 1.6246e-02
8.5000e+04, 1.5543e-02
9.0000e+04, 1.4909e-02
1.0000e+05, 1.3806e-02
1.0625e+05, 1.3227e-02
1.1250e+05, 1.2703e-02
1.1875e+05, 1.2226e-02
1.2500e+05, 1.1790e-02
1.3125e+05, 1.1390e-02
1.3750e+05, 1.1021e-02
1.4375e+05, 1.0680e-02
1.5000e+05, 1.0363e-02
1.5625e+05, 1.0068e-02
1.6250e+05, 9.7925e-03
1.6875e+05, 9.5345e-03
1.7500e+05, 9.2923e-03
1.8125e+05, 9.0644e-03
1.8750e+05, 8.8496e-03
1.9375e+05, 8.6466e-03
2.0000e+05, 8.4545e-03
2.0625e+05, 8.2887e-03
2.1250e+05, 8.1309e-03
2.1875e+05, 7.9805e-03
2.2500e+05, 7.8370e-03
2.3125e+05, 7.7000e-03
2.3750e+05, 7.5689e-03
2.4375e+05, 7.4433e-03
2.5000e+05, 7.3230e-03
2.5202e+05, 7.2851e-03
2.5802e+05, 7.1756e-03
2.6402e+05, 7.0702e-03
2.7001e+05, 6.9687e-03
2.7601e+05, 6.8708e-03
2.8201e+05, 6.7764e-03
2.8801e+05, 6.6852e-03
2.9400e+05, 6.5970e-03
3.0000e+05, 6.5118e-03
3.0625e+05, 6.3808e-03
3.1250e+05, 6.2549e-03
3.1875e+05, 6.1340e-03
3.2500e+05, 6.0177e-03
3.3125e+05, 5.9057e-03
3.3750e+05, 5.7979e-03
3.4375e+05, 5.6939e-03
3.5000e+05, 5.5937e-03
3.5788e+05, 5.4723e-03
3.6576e+05, 5.3560e-03
3.7364e+05, 5.2447e-03
3.8151e+05, 5.1379e-03
3.8151e+05, 5.1379e-03
3.9076e+05, 5.0180e-03
4.0000e+05, 4.9037e-03
4.0625e+05, 4.8250e-03
4.1250e+05, 4.7487e-03
4.1875e+05, 4.6748e-03
4.2500e+05, 4.6031e-03
4.3125e+05, 4.5335e-03
4.3750e+05, 4.4660e-03
4.4375e+05, 4.4003e-03
4.5000e+05, 4.3366e-03
4.5625e+05, 4.2746e-03
4.6250e+05, 4.2144e-03
4.7500e+05, 4.0987e-03
4.8750e+05, 3.9891e-03
5.0000e+05, 3.8851e-03
5.0625e+05, 3.8500e-03
5.1250e+05, 3.8156e-03
5.1875e+05, 3.7819e-03
5.2500e+05, 3.7490e-03
5.3125e+05, 3.7167e-03
5.3750e+05, 3.6851e-03
5.4375e+05, 3.6540e-03
5.5000e+05, 3.6236e-03
5.5625e+05, 3.5938e-03
5.6250e+05, 3.5646e-03
5.7500e+05, 3.5078e-03
5.8750e+05, 3.4531e-03
6.0000e+05, 3.4003e-03
6.0733e+05, 3.3606e-03
6.1279e+05, 3.3315e-03
6.1825e+05, 3.3030e-03
6.2371e+05, 3.2749e-03
6.2918e+05, 3.2474e-03
6.3438e+05, 3.2215e-03
6.3959e+05, 3.1961e-03
6.4479e+05, 3.1711e-03
6.5000e+05, 3.1465e-03
6.5625e+05, 3.1174e-03
6.6250e+05, 3.0889e-03
6.6875e+05, 3.0609e-03
6.7500e+05, 3.0334e-03
6.8125e+05, 3.0064e-03
6.8750e+05, 2.9799e-03
6.9375e+05, 2.9539e-03
7.0000e+05, 2.9283e-03
7.0312e+05, 2.9211e-03
7.0625e+05, 2.9140e-03
7.0938e+05, 2.9069e-03
7.1250e+05, 2.8998e-03
7.1562e+05, 2.8928e-03
7.1875e+05, 2.8858e-03
7.2188e+05, 2.8789e-03
7.2500e+05, 2.8720e-03
7.2812e+05, 2.8652e-03
7.3125e+05, 2.8584e-03
7.3438e+05, 2.8516e-03
7.3750e+05, 2.8449e-03
7.4062e+05, 2.8383e-03
7.4375e+05, 2.8317e-03
7.4688e+05, 2.8251e-03
7.5000e+05, 2.8186e-03
7.5312e+05, 2.8121e-03
7.5625e+05, 2.8057e-03
7.5938e+05, 2.7993e-03
7.6250e+05, 2.7929e-03
7.6562e+05, 2.7866e-03
7.6875e+05, 2.7803e-03
7.7188e+05, 2.7741e-03
7.7500e+05, 2.7679e-03
7.7812e+05, 2.7617e-03
7.8125e+05, 2.7556e-03
7.8438e+05, 2.7495e-03
7.8750e+05, 2.7435e-03
7.9062e+05, 2.7375e-03
7.9375e+05, 2.7315e-03
7.9688e+05, 2.7256e-03
8.0000e+05, 2.7197e-03
8.0625e+05, 2.7107e-03
8.1250e+05, 2.7018e-03
8.1875e+05, 2.6930e-03
8.2500e+05, 2.6843e-03
8.3125e+05, 2.6756e-03
8.3750e+05, 2.6671e-03
8.4375e+05, 2.6587e-03
8.5000e+05, 2.6503e-03
8.5625e+05, 2.6421e-03
8.6250e+05, 2.6339e-03
8.6875e+05, 2.6258e-03
8.7500e+05, 2.6178e-03
8.8125e+05, 2.6099e-03
8.8750e+05, 2.6020e-03
8.9375e+05, 2.5943e-03
9.0000e+05, 2.5866e-03
9.0625e+05, 2.5807e-03
9.1250e+05, 2.5748e-03
9.1875e+05, 2.5690e-03
9.2500e+05, 2.5633e-03
9.3125e+05, 2.5576e-03
9.3750e+05, 2.5519e-03
9.4375e+05, 2.5463e-03
9.5000e+05, 2.5408e-03
9.5198e+05, 2.5390e-03
9.5798e+05, 2.5338e-03
9.6399e+05, 2.5286e-03
9.6999e+05, 2.5234e-03
9.7599e+05, 2.5182e-03
9.8199e+05, 2.5131e-03
9.8800e+05, 2.5081e-03
9.9400e+05, 2.5031e-03
1.0000e+06, 2.4981e-03
1.0068e+06, 2.4926e-03
1.0135e+06, 2.4872e-03
1.0190e+06, 2.4829e-03
1.0245e+06, 2.4785e-03
1.0299e+06, 2.4742e-03
1.0354e+06, 2.4700e-03
1.0409e+06, 2.4657e-03
1.0464e+06, 2.4615e-03
1.0518e+06, 2.4573e-03
1.0573e+06, 2.4532e-03
1.0626e+06, 2.4492e-03
1.0680e+06, 2.4452e-03
1.0733e+06, 2.4412e-03
1.0786e+06, 2.4373e-03
1.0840e+06, 2.4334e-03
1.0893e+06, 2.4295e-03
1.0947e+06, 2.4256e-03
1.1000e+06, 2.4218e-03
1.1062e+06, 2.4173e-03
1.1125e+06, 2.4129e-03
1.1188e+06, 2.4085e-03
1.1250e+06, 2.4041e-03
1.1312e+06, 2.3998e-03
1.1375e+06, 2.3955e-03
1.1438e+06, 2.3912e-03
1.1500e+06, 2.3870e-03
1.1562e+06, 2.3828e-03
1.1625e+06, 2.3786e-03
1.1688e+06, 2.3745e-03
1.1750e+06, 2.3703e-03
1.1812e+06, 2.3663e-03
1.1875e+06, 2.3622e-03
1.1938e+06, 2.3582e-03
1.2000e+06, 2.3542e-03
1.2036e+06, 2.3532e-03
1.2072e+06, 2.3523e-03
1.2109e+06, 2.3514e-03
1.2145e+06, 2.3505e-03
1.2205e+06, 2.3490e-03
1.2265e+06, 2.3476e-03
1.2324e+06, 2.3461e-03
1.2384e+06, 2.3446e-03
1.2444e+06, 2.3432e-03
1.2504e+06, 2.3417e-03
1.2564e+06, 2.3403e-03
1.2624e+06, 2.3389e-03
1.2662e+06, 2.3380e-03
1.2704e+06, 2.3369e-03
1.2746e+06, 2.3359e-03
1.2789e+06, 2.3350e-03
1.2831e+06, 2.3340e-03
1.2873e+06, 2.3330e-03
1.2915e+06, 2.3320e-03
1.2958e+06, 2.3310e-03
1.3000e+06, 2.3300e-03
1.3062e+06, 2.3286e-03
1.3125e+06, 2.3272e-03
1.3188e+06, 2.3257e-03
1.3250e+06, 2.3243e-03
1.3312e+06, 2.3229e-03
1.3375e+06, 2.3215e-03
1.3438e+06, 2.3201e-03
1.3500e+06, 2.3187e-03
1.3562e+06, 2.3174e-03
1.3625e+06, 2.3160e-03
1.3688e+06, 2.3146e-03
1.3750e+06, 2.3133e-03
1.3812e+06, 2.3119e-03
1.3875e+06, 2.3106e-03
1.3938e+06, 2.3092e-03
1.4000e+06, 2.3079e-03
1.4068e+06, 2.3047e-03
1.4136e+06, 2.3014e-03
1.4204e+06, 2.2982e-03
1.4272e+06, 2.2950e-03
1.4272e+06, 2.2950e-03
1.4359e+06, 2.2909e-03
1.4439e+06, 2.2872e-03
1.4519e+06, 2.2835e-03
1.4599e+06, 2.2799e-03
1.4679e+06, 2.2762e-03
1.4760e+06, 2.2726e-03
1.4840e+06, 2.2690e-03
1.4920e+06, 2.2655e-03
1.5000e+06, 2.2619e-03
1.5062e+06, 2.2592e-03
1.5125e+06, 2.2565e-03
1.5188e+06, 2.2537e-03
1.5250e+06, 2.2510e-03
1.5312e+06, 2.2484e-03
1.5375e+06, 2.2457e-03
1.5438e+06, 2.2430e-03
1.5500e+06, 2.2404e-03
1.5562e+06, 2.2378e-03
1.5625e+06, 2.2351e-03
1.5688e+06, 2.2325e-03
1.5750e+06, 2.2300e-03
1.5812e+06, 2.2274e-03
1.5875e+06, 2.2248e-03
1.5938e+06, 2.2223e-03
1.6000e+06, 2.2197e-03
1.6040e+06, 2.2127e-03
1.6079e+06, 2.2057e-03
1.6119e+06, 2.1987e-03
1.6158e+06, 2.1918e-03
1.6198e+06, 2.1849e-03
1.6238e+06, 2.1780e-03
1.6277e+06, 2.1712e-03
1.6317e+06, 2.1644e-03
1.6377e+06, 2.1543e-03
1.6436e+06, 2.1442e-03
1.6496e+06, 2.1342e-03
1.6556e+06, 2.1243e-03
1.6615e+06, 2.1145e-03
1.6675e+06, 2.1048e-03
1.6735e+06, 2.0951e-03
1.6795e+06, 2.0855e-03
1.6846e+06, 2.0774e-03
1.6897e+06, 2.0692e-03
1.6949e+06, 2.0612e-03
1.7000e+06, 2.0532e-03
1.7043e+06, 2.0465e-03
1.7086e+06, 2.0399e-03
1.7129e+06, 2.0333e-03
1.7172e+06, 2.0268e-03
1.7172e+06, 2.0268e-03
1.7224e+06, 2.0189e-03
1.7275e+06, 2.0112e-03
1.7327e+06, 2.0034e-03
1.7379e+06, 1.9958e-03
1.7431e+06, 1.9881e-03
1.7482e+06, 1.9806e-03
1.7534e+06, 1.9731e-03
1.7586e+06, 1.9656e-03
1.7638e+06, 1.9582e-03
1.7689e+06, 1.9508e-03
1.7741e+06, 1.9435e-03
1.7793e+06, 1.9362e-03
1.7845e+06, 1.9290e-03
1.7896e+06, 1.9218e-03
1.7948e+06, 1.9147e-03
1.8000e+06, 1.9076e-03
1.8032e+06, 1.9027e-03
1.8064e+06, 1.8978e-03
1.8095e+06, 1.8929e-03
1.8127e+06, 1.8881e-03
1.8182e+06, 1.8798e-03
1.8236e+06, 1.8716e-03
1.8291e+06, 1.8635e-03
1.8345e+06, 1.8554e-03
1.8400e+06, 1.8474e-03
1.8455e+06, 1.8394e-03
1.8509e+06, 1.8315e-03
1.8564e+06, 1.8237e-03
1.8618e+06, 1.8159e-03
1.8673e+06, 1.8081e-03
1.8727e+06, 1.8004e-03
1.8782e+06, 1.7928e-03
1.8836e+06, 1.7852e-03
1.8891e+06, 1.7777e-03
1.8945e+06, 1.7703e-03
1.9000e+06, 1.7629e-03
1.9058e+06, 1.7550e-03
1.9116e+06, 1.7472e-03
1.9174e+06, 1.7395e-03
1.9232e+06, 1.7319e-03
1.9290e+06, 1.7243e-03
1.9348e+06, 1.7167e-03
1.9406e+06, 1.7092e-03
1.9464e+06, 1.7018e-03
1.9465e+06, 1.7018e-03
1.9502e+06, 1.6970e-03
1.9540e+06, 1.6922e-03
1.9578e+06, 1.6874e-03
1.9616e+06, 1.6827e-03
1.9653e+06, 1.6780e-03
1.9691e+06, 1.6733e-03
1.9729e+06, 1.6686e-03
1.9766e+06, 1.6640e-03
1.9825e+06, 1.6568e-03
1.9883e+06, 1.6497e-03
1.9942e+06, 1.6427e-03
2.0000e+06, 1.6357e-03
2.0034e+06, 1.6312e-03
2.0098e+06, 1.6226e-03
2.0163e+06, 1.6141e-03
2.0228e+06, 1.6057e-03
2.0293e+06, 1.5973e-03
2.0358e+06, 1.5890e-03
2.0422e+06, 1.5808e-03
2.0487e+06, 1.5726e-03
2.0552e+06, 1.5646e-03
2.0601e+06, 1.5585e-03
2.0650e+06, 1.5525e-03
2.0699e+06, 1.5465e-03
2.0748e+06, 1.5406e-03
2.0796e+06, 1.5346e-03
2.0845e+06, 1.5288e-03
2.0894e+06, 1.5229e-03
2.0943e+06, 1.5171e-03
2.1000e+06, 1.5104e-03
2.1079e+06, 1.5012e-03
2.1158e+06, 1.4920e-03
2.1158e+06, 1.4920e-03
2.1226e+06, 1.4842e-03
2.1295e+06, 1.4765e-03
2.1363e+06, 1.4688e-03
2.1431e+06, 1.4612e-03
2.1431e+06, 1.4612e-03
2.1476e+06, 1.4562e-03
2.1521e+06, 1.4512e-03
2.1521e+06, 1.4512e-03
2.1573e+06, 1.4455e-03
2.1625e+06, 1.4398e-03
2.1677e+06, 1.4342e-03
2.1729e+06, 1.4286e-03
2.1781e+06, 1.4230e-03
2.1833e+06, 1.4175e-03
2.1885e+06, 1.4120e-03
2.1937e+06, 1.4065e-03
2.2000e+06, 1.3999e-03
2.2048e+06, 1.3948e-03
2.2095e+06, 1.3897e-03
2.2143e+06, 1.3847e-03
2.2191e+06, 1.3797e-03
2.2238e+06, 1.3747e-03
2.2286e+06, 1.3697e-03
2.2333e+06, 1.3648e-03
2.2381e+06, 1.3599e-03
2.2429e+06, 1.3550e-03
2.2476e+06, 1.3501e-03
2.2524e+06, 1.3453e-03
2.2572e+06, 1.3405e-03
2.2619e+06, 1.3357e-03
2.2667e+06, 1.3310e-03
2.2715e+06, 1.3263e-03
2.2762e+06, 1.3216e-03
2.2803e+06, 1.3176e-03
2.2844e+06, 1.3136e-03
2.2885e+06, 1.3097e-03
2.2925e+06, 1.3057e-03
2.2963e+06, 1.3021e-03
2.3000e+06, 1.2986e-03
2.3018e+06, 1.2968e-03
2.3079e+06, 1.2911e-03
2.3139e+06, 1.2854e-03
2.3200e+06, 1.2797e-03
2.3261e+06, 1.2741e-03
2.3261e+06, 1.2741e-03
2.3307e+06, 1.2698e-03
2.3353e+06, 1.2655e-03
2.3399e+06, 1.2613e-03
2.3445e+06, 1.2571e-03
2.3492e+06, 1.2529e-03
2.3538e+06, 1.2488e-03
2.3584e+06, 1.2446e-03
2.3630e+06, 1.2405e-03
2.3677e+06, 1.2364e-03
2.3723e+06, 1.2324e-03
2.3769e+06, 1.2283e-03
2.3815e+06, 1.2243e-03
2.3861e+06, 1.2203e-03
2.3908e+06, 1.2163e-03
2.3954e+06, 1.2123e-03
2.4000e+06, 1.2084e-03
2.4041e+06, 1.2055e-03
2.4083e+06, 1.2025e-03
2.4124e+06, 1.1996e-03
2.4166e+06, 1.1967e-03
2.4207e+06, 1.1938e-03
2.4249e+06, 1.1909e-03
2.4290e+06, 1.1880e-03
2.4332e+06, 1.1852e-03
2.4373e+06, 1.1823e-03
2.4415e+06, 1.1795e-03
2.4456e+06, 1.1766e-03
2.4498e+06, 1.1738e-03
2.4539e+06, 1.1710e-03
2.4581e+06, 1.1682e-03
2.4622e+06, 1.1654e-03
2.4664e+06, 1.1627e-03
2.4664e+06, 1.1627e-03
2.4706e+06, 1.1599e-03
2.4748e+06, 1.1571e-03
2.4790e+06, 1.1543e-03
2.4832e+06, 1.1516e-03
2.4874e+06, 1.1488e-03
2.4916e+06, 1.1461e-03
2.4958e+06, 1.1434e-03
2.5000e+06, 1.1406e-03
2.5051e+06, 1.1373e-03
2.5103e+06, 1.1340e-03
2.5154e+06, 1.1308e-03
2.5206e+06, 1.1275e-03
2.5257e+06, 1.1243e-03
2.5308e+06, 1.1210e-03
2.5360e+06, 1.1178e-03
2.5411e+06, 1.1146e-03
2.5463e+06, 1.1114e-03
2.5514e+06, 1.1083e-03
2.5565e+06, 1.1051e-03
2.5617e+06, 1.1020e-03
2.5668e+06, 1.0989e-03
2.5720e+06, 1.0958e-03
2.5771e+06, 1.0927e-03
2.5822e+06, 1.0896e-03
2.5822e+06, 1.0896e-03
2.5867e+06, 1.0870e-03
2.5911e+06, 1.0843e-03
2.5956e+06, 1.0817e-03
2.6000e+06, 1.0791e-03
2.6026e+06, 1.0806e-03
2.6027e+06, 1.0806e-03
2.6077e+06, 1.0835e-03
2.6128e+06, 1.0863e-03
2.6179e+06, 1.0892e-03
2.6230e+06, 1.0920e-03
2.6281e+06, 1.0949e-03
2.6331e+06, 1.0978e-03
2.6382e+06, 1.1006e-03
2.6433e+06, 1.1035e-03
2.6469e+06, 1.1055e-03
2.6505e+06, 1.1076e-03
2.6542e+06, 1.1097e-03
2.6578e+06, 1.1117e-03
2.6614e+06, 1.1138e-03
2.6651e+06, 1.1158e-03
2.6687e+06, 1.1179e-03
2.6723e+06, 1.1199e-03
2.6758e+06, 1.1219e-03
2.6792e+06, 1.1239e-03
2.6827e+06, 1.1258e-03
2.6862e+06, 1.1278e-03
2.6896e+06, 1.1298e-03
2.6931e+06, 1.1317e-03
2.6965e+06, 1.1337e-03
2.7000e+06, 1.1357e-03
2.7046e+06, 1.1383e-03
2.7091e+06, 1.1409e-03
2.7137e+06, 1.1435e-03
2.7182e+06, 1.1461e-03
2.7228e+06, 1.1487e-03
2.7274e+06, 1.1513e-03
2.7319e+06, 1.1539e-03
2.7365e+06, 1.1565e-03
2.7394e+06, 1.1582e-03
2.7424e+06, 1.1599e-03
2.7454e+06, 1.1616e-03
2.7484e+06, 1.1633e-03
2.7513e+06, 1.1650e-03
2.7543e+06, 1.1667e-03
2.7573e+06, 1.1684e-03
2.7602e+06, 1.1701e-03
2.7602e+06, 1.1701e-03
2.7652e+06, 1.1729e-03
2.7702e+06, 1.1758e-03
2.7751e+06, 1.1786e-03
2.7801e+06, 1.1815e-03
2.7851e+06, 1.1844e-03
2.7901e+06, 1.1872e-03
2.7950e+06, 1.1901e-03
2.8000e+06, 1.1930e-03
2.8062e+06, 1.1905e-03
2.8125e+06, 1.1880e-03
2.8188e+06, 1.1855e-03
2.8250e+06, 1.1831e-03
2.8312e+06, 1.1806e-03
2.8375e+06, 1.1782e-03
2.8438e+06, 1.1758e-03
2.8500e+06, 1.1734e-03
2.8562e+06, 1.1710e-03
2.8625e+06, 1.1686e-03
2.8688e+06, 1.1662e-03
2.8750e+06, 1.1638e-03
2.8812e+06, 1.1615e-03
2.8875e+06, 1.1591e-03
2.8938e+06, 1.1568e-03
2.9000e+06, 1.1545e-03
2.9075e+06, 1.1517e-03
2.9149e+06, 1.1489e-03
2.9149e+06, 1.1489e-03
2.9194e+06, 1.1473e-03
2.9239e+06, 1.1456e-03
2.9284e+06, 1.1440e-03
2.9329e+06, 1.1424e-03
2.9419e+06, 1.1391e-03
2.9508e+06, 1.1359e-03
2.9590e+06, 1.1329e-03
2.9671e+06, 1.1300e-03
2.9753e+06, 1.1271e-03
2.9836e+06, 1.1242e-03
2.9918e+06, 1.1213e-03
3.0000e+06, 1.1184e-03
3.0062e+06, 1.1163e-03
3.0125e+06, 1.1141e-03
3.0188e+06, 1.1120e-03
3.0250e+06, 1.1099e-03
3.0312e+06, 1.1078e-03
3.0375e+06, 1.1056e-03
3.0438e+06, 1.1035e-03
3.0500e+06, 1.1014e-03
3.0562e+06, 1.0993e-03
3.0625e+06, 1.0973e-03
3.0688e+06, 1.0952e-03
3.0750e+06, 1.0931e-03
3.0812e+06, 1.0911e-03
3.0875e+06, 1.0890e-03
3.0938e+06, 1.0870e-03
3.1000e+06, 1.0850e-03
3.1062e+06, 1.0829e-03
3.1125e+06, 1.0809e-03
3.1188e+06, 1.0789e-03
3.1250e+06, 1.0769e-03
3.1312e+06, 1.0749e-03
3.1375e+06, 1.0729e-03
3.1438e+06, 1.0709e-03
3.1500e+06, 1.0690e-03
3.1562e+06, 1.0670e-03
3.1625e+06, 1.0651e-03
3.1688e+06, 1.0631e-03
3.1750e+06, 1.0612e-03
3.1812e+06, 1.0592e-03
3.1875e+06, 1.0573e-03
3.1938e+06, 1.0554e-03
3.2000e+06, 1.0535e-03
3.2125e+06, 1.0486e-03
3.2250e+06, 1.0437e-03
3.2375e+06, 1.0389e-03
3.2500e+06, 1.0341e-03
3.2625e+06, 1.0293e-03
3.2750e+06, 1.0246e-03
3.2875e+06, 1.0199e-03
3.3000e+06, 1.0153e-03
3.3125e+06, 1.0107e-03
3.3250e+06, 1.0062e-03
3.3375e+06, 1.0017e-03
3.3500e+06, 9.9717e-04
3.3625e+06, 9.9273e-04
3.3750e+06, 9.8832e-04
3.3875e+06, 9.8395e-04
3.4000e+06, 9.7962e-04
3.4125e+06, 9.7832e-04
3.4250e+06, 9.7703e-04
3.4375e+06, 9.7574e-04
3.4500e+06, 9.7446e-04
3.4625e+06, 9.7319e-04
3.4750e+06, 9.7193e-04
3.4875e+06, 9.7067e-04
3.5000e+06, 9.6941e-04
3.5125e+06, 9.6817e-04
3.5250e+06, 9.6692e-04
3.5375e+06, 9.6569e-04
3.5500e+06, 9.6446e-04
3.5625e+06, 9.6324e-04
3.5750e+06, 9.6202e-04
3.5875e+06, 9.6081e-04
3.6000e+06, 9.5960e-04
3.6125e+06, 9.5580e-04
3.6250e+06, 9.5203e-04
3.6375e+06, 9.4828e-04
3.6500e+06, 9.4456e-04
3.6625e+06, 9.4087e-04
3.6750e+06, 9.3721e-04
3.6875e+06, 9.3357e-04
3.7000e+06, 9.2996e-04
3.7125e+06, 9.2638e-04
3.7250e+06, 9.2282e-04
3.7375e+06, 9.1929e-04
3.7500e+06, 9.1578e-04
3.7625e+06, 9.1230e-04
3.7750e+06, 9.0884e-04
3.7875e+06, 9.0541e-04
3.8000e+06, 9.0200e-04
3.8125e+06, 9.0026e-04
3.8250e+06, 8.9854e-04
3.8375e+06, 8.9682e-04
3.8500e+06, 8.9512e-04
3.8625e+06, 8.9342e-04
3.8750e+06, 8.9173e-04
3.8875e+06, 8.9005e-04
3.9000e+06, 8.8838e-04
3.9125e+06, 8.8671e-04
3.9250e+06, 8.8506e-04
3.9375e+06, 8.8341e-04
3.9500e+06, 8.8177e-04
3.9625e+06, 8.8014e-04
3.9750e+06, 8.7852e-04
3.9875e+06, 8.7690e-04
4.0000e+06, 8.7530e-04
4.0125e+06, 8.7380e-04
4.0250e+06, 8.7231e-04
4.0375e+06, 8.7082e-04
4.0500e+06, 8.6935e-04
4.0625e+06, 8.6788e-04
4.0750e+06, 8.6641e-04
4.0875e+06, 8.6496e-04
4.1000e+06, 8.6351e-04
4.1125e+06, 8.6207e-04
4.1250e+06, 8.6063e-04
4.1500e+06, 8.5778e-04
4.1750e+06, 8.5495e-04
4.2000e+06, 8.5216e-04
4.2250e+06, 8.4694e-04
4.2500e+06, 8.4178e-04
4.2750e+06, 8.3669e-04
4.3000e+06, 8.3165e-04
4.3250e+06, 8.2667e-04
4.3500e+06, 8.2176e-04
4.3750e+06, 8.1690e-04
4.4000e+06, 8.1209e-04
4.4250e+06, 8.1444e-04
4.4500e+06, 8.1678e-04
4.4750e+06, 8.1911e-04
4.5000e+06, 8.2144e-04
4.5250e+06, 8.2376e-04
4.5500e+06, 8.2608e-04
4.5750e+06, 8.2839e-04
4.6000e+06, 8.3069e-04
4.6292e+06, 8.2561e-04
4.6505e+06, 8.2193e-04
4.6719e+06, 8.1829e-04
4.6932e+06, 8.1467e-04
4.7146e+06, 8.1109e-04
4.7359e+06, 8.0755e-04
4.7573e+06, 8.0403e-04
4.7786e+06, 8.0054e-04
4.8000e+06, 7.9709e-04
4.8250e+06, 7.9565e-04
4.8500e+06, 7.9422e-04
4.8750e+06, 7.9280e-04
4.9000e+06, 7.9139e-04
4.9250e+06, 7.8998e-04
4.9500e+06, 7.8859e-04
4.9750e+06, 7.8721e-04
5.0000e+06, 7.8584e-04
5.0250e+06, 7.8835e-04
5.0500e+06, 7.9086e-04
5.0750e+06, 7.9336e-04
5.1000e+06, 7.9586e-04
5.1250e+06, 7.9835e-04
5.1500e+06, 8.0084e-04
5.1750e+06, 8.0333e-04
5.2000e+06, 8.0581e-04
5.2250e+06, 8.0266e-04
5.2500e+06, 7.9954e-04
5.3000e+06, 7.9337e-04
5.3500e+06, 7.8730e-04
5.4000e+06, 7.8134e-04
5.4500e+06, 7.9472e-04
5.5000e+06, 8.0820e-04
5.5500e+06, 8.2178e-04
5.6000e+06, 8.3546e-04
5.6500e+06, 8.2958e-04
5.7000e+06, 8.2379e-04
5.7500e+06, 8.1809e-04
5.8000e+06, 8.1248e-04
5.8500e+06, 8.0910e-04
5.9000e+06, 8.0576e-04
5.9500e+06, 8.0247e-04
6.0000e+06, 7.9921e-04
6.0500e+06, 8.1555e-04
6.1000e+06, 8.3209e-04
6.1500e+06, 8.4882e-04
6.2000e+06, 8.6575e-04
6.2500e+06, 8.6241e-04
6.3000e+06, 8.5910e-04
6.3500e+06, 8.5584e-04
6.4000e+06, 8.5261e-04
6.4500e+06, 8.7082e-04
6.5000e+06, 8.8927e-04
6.5500e+06, 9.0797e-04
6.6000e+06, 9.2692e-04
6.6500e+06, 9.2670e-04
6.7000e+06, 9.2649e-04
6.7500e+06, 9.2628e-04
6.8000e+06, 9.2608e-04
6.8500e+06, 9.2607e-04
6.9000e+06, 9.2606e-04
6.9500e+06, 9.2605e-04
7.0000e+06, 9.2604e-04
7.1000e+06, 9.7296e-04
7.2000e+06, 1.0215e-03
7.3000e+06, 1.0212e-03
7.4000e+06, 1.0208e-03
7.5000e+06, 1.0419e-03
7.6000e+06, 1.0631e-03
7.6849e+06, 1.0861e-03
7.7698e+06, 1.1093e-03
7.8000e+06, 1.1177e-03
7.8500e+06, 1.1176e-03
7.9000e+06, 1.1175e-03
7.9500e+06, 1.1175e-03
8.0000e+06, 1.1174e-03
8.1193e+06, 1.1446e-03
8.1193e+06, 1.1446e-03
8.3096e+06, 1.1885e-03
8.5000e+06, 1.2330e-03
8.6500e+06, 1.2661e-03
8.6500e+06, 1.2661e-03
8.7593e+06, 1.2904e-03
8.9143e+06, 1.3251e-03
9.0000e+06, 1.3444e-03
9.3037e+06, 1.4064e-03
9.3037e+06, 1.4064e-03
9.3479e+06, 1.4155e-03
9.3654e+06, 1.4191e-03
9.5000e+06, 1.4469e-03
9.9564e+06, 1.5369e-03
1.0000e+07, 1.5455e-03
1.0491e+07, 1.6306e-03
1.0500e+07, 1.6321e-03
1.0739e+07, 1.6607e-03
1.0927e+07, 1.6830e-03
1.0960e+07, 1.6869e-03
1.1000e+07, 1.6917e-03
1.1280e+07, 1.7302e-03
1.1500e+07, 1.7602e-03
1.1553e+07, 1.7632e-03
1.1576e+07, 1.7644e-03
1.1587e+07, 1.7650e-03
1.1587e+07, 1.7650e-03
1.2000e+07, 1.7874e-03
1.2122e+07, 1.8005e-03
1.2244e+07, 1.8136e-03
1.2366e+07, 1.8267e-03
1.2488e+07, 1.8397e-03
1.2500e+07, 1.8411e-03
1.2659e+07, 1.8327e-03
1.3000e+07, 1.8153e-03
1.3016e+07, 1.8162e-03
1.3500e+07, 1.8421e-03
1.3546e+07, 1.8421e-03
1.3849e+07, 1.8422e-03
1.3873e+07, 1.8422e-03
1.4000e+07, 1.8423e-03
1.4161e+07, 1.8494e-03
1.4500e+07, 1.8643e-03
1.4523e+07, 1.8637e-03
1.4750e+07, 1.8579e-03
1.5000e+07, 1.8516e-03
1.5500e+07, 1.8376e-03
1.6000e+07, 1.8241e-03
1.6325e+07, 1.8030e-03
1.6361e+07, 1.8007e-03
1.6361e+07, 1.8007e-03
1.6478e+07, 1.7933e-03
1.6500e+07, 1.7919e-03
1.7000e+07, 1.7613e-03
1.7250e+07, 1.7321e-03
1.7500e+07, 1.7038e-03
1.7724e+07, 1.6793e-03
1.7948e+07, 1.6553e-03
1.8000e+07, 1.6498e-03
1.8032e+07, 1.6438e-03
1.8110e+07, 1.6292e-03
1.8500e+07, 1.5592e-03
1.8637e+07, 1.5356e-03
1.8637e+07, 1.5356e-03
1.8729e+07, 1.5201e-03
1.8755e+07, 1.5158e-03
1.9000e+07, 1.4757e-03
1.9500e+07, 1.3751e-03
1.9869e+07, 1.3067e-03
1.9869e+07, 1.3067e-03
2.0000e+07, 1.2836e-03
2.0000e+07, 0.0000e+00
2.1000e+07, 0.0000e+00
2.2000e+07, 0.0000e+00
2.3000e+07, 0.0000e+00
2.4000e+07, 0.0000e+00
2.5000e+07, 0.0000e+00
2.6000e+07, 0.0000e+00
2.7000e+07, 0.0000e+00
2.8000e+07, 0.0000e+00
2.9000e+07, 0.0000e+00
3.0000e+07, 0.0000e+00
3.1000e+07, 0.0000e+00
3.2000e+07, 0.0000e+00
3.3000e+07, 0.0000e+00
3.4000e+07, 0.0000e+00
3.5000e+07, 0.0000e+00
3.6000e+07, 0.0000e+00
3.7000e+07, 0.0000e+00
3.8000e+07, 0.0000e+00
3.9000e+07, 0.0000e+00
4.0000e+07, 0.0000e+00
4.1000e+07, 0.0000e+00
4.2000e+07, 0.0000e+00
4.3000e+07, 0.0000e+00
4.4000e+07, 0.0000e+00
4.5000e+07, 0.0000e+00
4.6000e+07, 0.0000e+00
4.7000e+07, 0.0000e+00
4.8000e+07, 0.0000e+00
4.9000e+07, 0.0000e+00
5.0000e+07, 0.0000e+00
5.1000e+07, 0.0000e+00
5.2000e+07, 0.0000e+00
5.3000e+07, 0.0000e+00
5.4000e+07, 0.0000e+00
5.5000e+07, 0.0000e+00
5.6000e+07, 0.0000e+00
5.7000e+07, 0.0000e+00
5.8000e+07, 0.0000e+00
5.9000e+07, 0.0000e+00
6.0000e+07, 0.0000e+00
6.1000e+07, 0.0000e+00
6.2000e+07, 0.0000e+00
6.3000e+07, 0.0000e+00
6.4000e+07, 0.0000e+00
6.5000e+07, 0.0000e+00
6.6000e+07, 0.0000e+00
6.7000e+07, 0.0000e+00
6.8000e+07, 0.0000e+00
6.9000e+07, 0.0000e+00
7.0000e+07, 0.0000e+00
7.1000e+07, 0.0000e+00
7.2000e+07, 0.0000e+00
7.3000e+07, 0.0000e+00
7.4000e+07, 0.0000e+00
7.5000e+07, 0.0000e+00
7.6000e+07, 0.0000e+00
7.7000e+07, 0.0000e+00
7.8000e+07, 0.0000e+00
7.9000e+07, 0.0000e+00
8.0000e+07, 0.0000e+00
8.1000e+07, 0.0000e+00
8.2000e+07, 0.0000e+00
8.3000e+07, 0.0000e+00
8.4000e+07, 0.0000e+00
8.5000e+07, 0.0000e+00
8.6000e+07, 0.0000e+00
8.7000e+07, 0.0000e+00
8.8000e+07, 0.0000e+00
8.9000e+07, 0.0000e+00
9.0000e+07, 0.0000e+00
9.1000e+07, 0.0000e+00
9.2000e+07, 0.0000e+00
9.3000e+07, 0.0000e+00
9.4000e+07, 0.0000e+00
9.5000e+07, 0.0000e+00
9.6000e+07, 0.0000e+00
9.7000e+07, 0.0000e+00
9.8000e+07, 0.0000e+00
9.9000e+07, 0.0000e+00
1.0000e+08, 0.0000e+00
1.0200e+08, 0.0000e+00
1.0400e+08, 0.0000e+00
1.0600e+08, 0.0000e+00
1.0800e+08, 0.0000e+00
1.1000e+08, 0.0000e+00
1.1200e+08, 0.0000e+00
1.1400e+08, 0.0000e+00
1.1600e+08, 0.0000e+00
1.1800e+08, 0.0000e+00
1.2000e+08, 0.0000e+00
1.2200e+08, 0.0000e+00
1.2400e+08, 0.0000e+00
1.2600e+08, 0.0000e+00
1.2800e+08, 0.0000e+00
1.3000e+08, 0.0000e+00
1.3200e+08, 0.0000e+00
1.3400e+08, 0.0000e+00
1.3600e+08, 0.0000e+00
1.3800e+08, 0.0000e+00
1.4000e+08, 0.0000e+00
1.4200e+08, 0.0000e+00
1.4400e+08, 0.0000e+00
1.4600e+08, 0.0000e+00
1.4800e+08, 0.0000e+00
1.5000e+08, 0.0000e+00
1.5200e+08, 0.0000e+00
1.5400e+08, 0.0000e+00
1.5600e+08, 0.0000e+00
1.5800e+08, 0.0000e+00
1.6000e+08, 0.0000e+00
1.6200e+08, 0.0000e+00
1.6400e+08, 0.0000e+00
1.6600e+08, 0.0000e+00
1.6800e+08, 0.0000e+00
1.7000e+08, 0.0000e+00
1.7200e+08, 0.0000e+00
1.7400e+08, 0.0000e+00
1.7600e+08, 0.0000e+00
1.7800e+08, 0.0000e+00
1.8000e+08, 0.0000e+00
1.8200e+08, 0.0000e+00
1.8400e+08, 0.0000e+00
1.8600e+08, 0.0000e+00
1.8800e+08, 0.0000e+00
1.9000e+08, 0.0000e+00
1.9200e+08, 0.0000e+00
1.9400e+08, 0.0000e+00
1.9600e+08, 0.0000e+00
1.9800e+08, 0.0000e+00
2.0000e+08, 0.0000e+00
