ebin, xs
1.0000e-05, 4.4699e+01
1.0625e-05, 4.3365e+01
1.1250e-05, 4.2143e+01
1.1875e-05, 4.1019e+01
1.2500e-05, 3.9980e+01
1.3750e-05, 3.8120e+01
1.5000e-05, 3.6497e+01
1.6250e-05, 3.5065e+01
1.7500e-05, 3.3789e+01
1.8750e-05, 3.2644e+01
2.0000e-05, 3.1607e+01
2.1875e-05, 3.0222e+01
2.3750e-05, 2.9005e+01
2.5625e-05, 2.7923e+01
2.7500e-05, 2.6955e+01
2.9375e-05, 2.6080e+01
3.1250e-05, 2.5286e+01
3.3125e-05, 2.4560e+01
3.5000e-05, 2.3893e+01
3.8750e-05, 2.2707e+01
4.2500e-05, 2.1682e+01
4.6250e-05, 2.0785e+01
5.0000e-05, 1.9990e+01
5.3125e-05, 1.9393e+01
5.6250e-05, 1.8847e+01
5.9375e-05, 1.8344e+01
6.2500e-05, 1.7880e+01
6.8750e-05, 1.7048e+01
7.5000e-05, 1.6322e+01
8.1250e-05, 1.5682e+01
8.7500e-05, 1.5111e+01
9.3750e-05, 1.4599e+01
1.0000e-04, 1.4135e+01
1.0625e-04, 1.3713e+01
1.1250e-04, 1.3327e+01
1.1875e-04, 1.2971e+01
1.2500e-04, 1.2643e+01
1.3750e-04, 1.2054e+01
1.5000e-04, 1.1541e+01
1.6250e-04, 1.1088e+01
1.7500e-04, 1.0685e+01
1.8750e-04, 1.0323e+01
2.0000e-04, 9.9950e+00
2.1875e-04, 9.5571e+00
2.3750e-04, 9.1721e+00
2.5625e-04, 8.8301e+00
2.7500e-04, 8.5238e+00
2.9375e-04, 8.2473e+00
3.1250e-04, 7.9960e+00
3.3125e-04, 7.7664e+00
3.5000e-04, 7.5555e+00
3.8750e-04, 7.1807e+00
4.2500e-04, 6.8565e+00
4.6250e-04, 6.5727e+00
5.0000e-04, 6.3214e+00
5.3125e-04, 6.1327e+00
5.6250e-04, 5.9599e+00
5.9375e-04, 5.8009e+00
6.2500e-04, 5.6541e+00
6.8750e-04, 5.3909e+00
7.5000e-04, 5.1614e+00
8.1250e-04, 4.9589e+00
8.7500e-04, 4.7786e+00
9.3750e-04, 4.6165e+00
1.0000e-03, 4.4699e+00
1.0625e-03, 4.3365e+00
1.1250e-03, 4.2143e+00
1.1875e-03, 4.1019e+00
1.2500e-03, 3.9980e+00
1.3750e-03, 3.8120e+00
1.5000e-03, 3.6497e+00
1.6250e-03, 3.5065e+00
1.7500e-03, 3.3790e+00
1.8750e-03, 3.2644e+00
2.0000e-03, 3.1607e+00
2.1875e-03, 3.0222e+00
2.3750e-03, 2.9005e+00
2.5625e-03, 2.7924e+00
2.7500e-03, 2.6955e+00
2.9375e-03, 2.6080e+00
3.1250e-03, 2.5286e+00
3.3125e-03, 2.4560e+00
3.5000e-03, 2.3893e+00
3.8750e-03, 2.2707e+00
4.2500e-03, 2.1682e+00
4.6250e-03, 2.0785e+00
5.0000e-03, 1.9990e+00
5.3125e-03, 1.9393e+00
5.6250e-03, 1.8847e+00
5.9375e-03, 1.8344e+00
6.2500e-03, 1.7880e+00
6.8750e-03, 1.7047e+00
7.5000e-03, 1.6322e+00
8.1250e-03, 1.5681e+00
8.7500e-03, 1.5111e+00
9.3750e-03, 1.4598e+00
1.0000e-02, 1.4135e+00
1.0625e-02, 1.3713e+00
1.1250e-02, 1.3326e+00
1.1875e-02, 1.2971e+00
1.2500e-02, 1.2643e+00
1.3750e-02, 1.2054e+00
1.5000e-02, 1.1541e+00
1.6250e-02, 1.1088e+00
1.7500e-02, 1.0685e+00
1.8750e-02, 1.0322e+00
2.0000e-02, 9.9944e-01
2.1325e-02, 9.6790e-01
2.2650e-02, 9.3917e-01
2.3975e-02, 9.1286e-01
2.5300e-02, 8.8865e-01
2.6844e-02, 8.6274e-01
2.8387e-02, 8.3898e-01
3.1475e-02, 7.9679e-01
3.4563e-02, 7.6037e-01
3.7650e-02, 7.2851e-01
4.0738e-02, 7.0033e-01
4.3825e-02, 6.7518e-01
4.6913e-02, 6.5256e-01
5.0000e-02, 6.3208e-01
5.3125e-02, 6.1321e-01
5.6250e-02, 5.9594e-01
5.9375e-02, 5.8007e-01
6.2500e-02, 5.6540e-01
6.8750e-02, 5.3911e-01
7.5000e-02, 5.1616e-01
8.1250e-02, 4.9589e-01
8.7500e-02, 4.7783e-01
9.3750e-02, 4.6161e-01
1.0000e-01, 4.4694e-01
1.0625e-01, 4.3359e-01
1.1250e-01, 4.2138e-01
1.1875e-01, 4.1016e-01
1.2500e-01, 3.9979e-01
1.3750e-01, 3.8122e-01
1.5000e-01, 3.6498e-01
1.6250e-01, 3.5064e-01
1.7500e-01, 3.3787e-01
1.8750e-01, 3.2642e-01
2.0000e-01, 3.1607e-01
2.1875e-01, 3.0223e-01
2.3750e-01, 2.9004e-01
2.5625e-01, 2.7921e-01
2.7500e-01, 2.6951e-01
2.9375e-01, 2.6076e-01
3.1250e-01, 2.5281e-01
3.3125e-01, 2.4556e-01
3.5000e-01, 2.3893e-01
3.8750e-01, 2.2710e-01
4.2500e-01, 2.1683e-01
5.0000e-01, 1.9993e-01
6.2500e-01, 1.7882e-01
7.5000e-01, 1.6321e-01
8.7500e-01, 1.5113e-01
1.0000e+00, 1.4139e-01
1.2500e+00, 1.2643e-01
1.5000e+00, 1.1539e-01
1.7500e+00, 1.0684e-01
2.0000e+00, 9.9936e-02
2.3750e+00, 9.1699e-02
2.7500e+00, 8.5222e-02
3.1250e+00, 7.9929e-02
3.5000e+00, 7.5514e-02
4.2500e+00, 6.8509e-02
5.0000e+00, 6.3155e-02
6.2500e+00, 5.6473e-02
7.5000e+00, 5.1536e-02
8.7500e+00, 4.7704e-02
1.0000e+01, 4.4615e-02
1.2500e+01, 3.9882e-02
1.5000e+01, 3.6388e-02
1.7500e+01, 3.3674e-02
2.0000e+01, 3.1485e-02
2.3750e+01, 2.8871e-02
2.7500e+01, 2.6813e-02
3.1250e+01, 2.5134e-02
3.5000e+01, 2.3732e-02
4.2500e+01, 2.1505e-02
5.0000e+01, 1.9799e-02
6.2500e+01, 1.7667e-02
7.5000e+01, 1.6090e-02
8.7500e+01, 1.4862e-02
1.0000e+02, 1.3870e-02
1.2500e+02, 1.2348e-02
1.5000e+02, 1.1220e-02
1.7500e+02, 1.0340e-02
2.0000e+02, 9.6274e-03
2.3750e+02, 8.7741e-03
2.7500e+02, 8.0984e-03
3.1250e+02, 7.5452e-03
3.5000e+02, 7.0812e-03
4.2500e+02, 6.3399e-03
5.0000e+02, 5.7674e-03
5.6250e+02, 5.3777e-03
6.2500e+02, 5.0460e-03
7.5000e+02, 4.5072e-03
8.7500e+02, 4.0843e-03
1.0000e+03, 3.7406e-03
1.1250e+03, 3.4538e-03
1.2500e+03, 3.2098e-03
1.5000e+03, 2.8142e-03
1.7500e+03, 2.5051e-03
2.0000e+03, 2.2553e-03
2.3750e+03, 1.9578e-03
2.7500e+03, 1.7248e-03
3.1250e+03, 1.5369e-03
3.5000e+03, 1.3821e-03
3.8750e+03, 1.2524e-03
4.2500e+03, 1.1422e-03
4.6250e+03, 1.0476e-03
5.0000e+03, 9.6561e-04
5.6250e+03, 8.5104e-04
6.2500e+03, 7.5788e-04
6.8750e+03, 6.8104e-04
7.5000e+03, 6.1693e-04
8.1250e+03, 5.6294e-04
8.7500e+03, 5.1720e-04
1.0000e+04, 4.4538e-04
1.0681e+04, 4.1657e-04
1.1362e+04, 3.9697e-04
1.1720e+04, 4.0712e-04
1.1899e+04, 4.5087e-04
1.1988e+04, 5.4947e-04
1.2033e+04, 6.6806e-04
1.2077e+04, 9.6173e-04
1.2099e+04, 1.3404e-03
1.2110e+04, 1.6571e-03
1.2121e+04, 2.1788e-03
1.2132e+04, 3.1321e-03
1.2143e+04, 5.0780e-03
1.2148e+04, 6.8840e-03
1.2154e+04, 1.0131e-02
1.2157e+04, 1.2798e-02
1.2159e+04, 1.6743e-02
1.2162e+04, 2.3190e-02
1.2163e+04, 2.8355e-02
1.2165e+04, 3.6506e-02
1.2166e+04, 5.2006e-02
1.2167e+04, 6.5246e-02
1.2168e+04, 8.4949e-02
1.2168e+04, 1.1451e-01
1.2169e+04, 1.5875e-01
1.2170e+04, 2.2412e-01
1.2170e+04, 3.1728e-01
1.2171e+04, 3.7840e-01
1.2171e+04, 4.5061e-01
1.2171e+04, 5.3527e-01
1.2172e+04, 6.3373e-01
1.2172e+04, 7.4729e-01
1.2172e+04, 8.7711e-01
1.2173e+04, 1.0242e+00
1.2173e+04, 1.1892e+00
1.2173e+04, 1.3725e+00
1.2174e+04, 1.5741e+00
1.2175e+04, 2.0295e+00
1.2175e+04, 2.5442e+00
1.2176e+04, 3.0894e+00
1.2177e+04, 3.9843e+00
1.2178e+04, 4.3933e+00
1.2178e+04, 4.7390e+00
1.2179e+04, 4.9676e+00
1.2179e+04, 5.1364e+00
1.2180e+04, 5.2576e+00
1.2180e+04, 5.2700e+00
1.2181e+04, 5.2201e+00
1.2181e+04, 5.0404e+00
1.2182e+04, 4.6693e+00
1.2183e+04, 4.1679e+00
1.2185e+04, 2.2869e+00
1.2186e+04, 1.8586e+00
1.2186e+04, 1.4850e+00
1.2187e+04, 1.1642e+00
1.2188e+04, 8.9695e-01
1.2188e+04, 7.3693e-01
1.2188e+04, 6.0417e-01
1.2189e+04, 4.9020e-01
1.2189e+04, 3.9797e-01
1.2190e+04, 3.2063e-01
1.2190e+04, 2.5942e-01
1.2190e+04, 2.0911e-01
1.2191e+04, 1.7000e-01
1.2192e+04, 1.1407e-01
1.2193e+04, 7.9753e-02
1.2193e+04, 5.8748e-02
1.2194e+04, 4.5785e-02
1.2196e+04, 3.1457e-02
1.2198e+04, 2.4014e-02
1.2201e+04, 1.6021e-02
1.2204e+04, 1.1654e-02
1.2208e+04, 8.9343e-03
1.2215e+04, 5.7638e-03
1.2223e+04, 3.8635e-03
1.2231e+04, 2.8573e-03
1.2239e+04, 2.2043e-03
1.2247e+04, 1.7834e-03
1.2263e+04, 1.3160e-03
1.2279e+04, 1.0137e-03
1.2311e+04, 7.2955e-04
1.2343e+04, 6.0844e-04
1.2408e+04, 4.9551e-04
1.2472e+04, 4.3504e-04
1.2729e+04, 3.7683e-04
1.3278e+04, 3.6130e-04
1.3895e+04, 3.9115e-04
1.4204e+04, 4.4859e-04
1.4358e+04, 5.1274e-04
1.4513e+04, 6.3336e-04
1.4673e+04, 9.2301e-04
1.4753e+04, 1.2371e-03
1.4833e+04, 1.8596e-03
1.4867e+04, 2.3307e-03
1.4901e+04, 3.0572e-03
1.4936e+04, 4.2559e-03
1.4953e+04, 5.1727e-03
1.4970e+04, 6.4466e-03
1.4987e+04, 8.2733e-03
1.5004e+04, 1.1086e-02
1.5013e+04, 1.3090e-02
1.5022e+04, 1.5707e-02
1.5030e+04, 1.9226e-02
1.5039e+04, 2.4104e-02
1.5043e+04, 2.7736e-02
1.5048e+04, 3.2263e-02
1.5053e+04, 3.8032e-02
1.5058e+04, 4.5510e-02
1.5063e+04, 5.5440e-02
1.5068e+04, 6.8894e-02
1.5070e+04, 7.7563e-02
1.5072e+04, 8.8047e-02
1.5075e+04, 1.0091e-01
1.5076e+04, 1.0849e-01
1.5077e+04, 1.1693e-01
1.5079e+04, 1.2915e-01
1.5081e+04, 1.4584e-01
1.5082e+04, 1.6598e-01
1.5084e+04, 1.8594e-01
1.5085e+04, 2.0985e-01
1.5087e+04, 2.3889e-01
1.5087e+04, 2.5596e-01
1.5088e+04, 2.7474e-01
1.5089e+04, 2.9610e-01
1.5089e+04, 3.1986e-01
1.5090e+04, 3.4721e-01
1.5091e+04, 3.7802e-01
1.5092e+04, 4.1400e-01
1.5092e+04, 4.5516e-01
1.5093e+04, 5.0327e-01
1.5094e+04, 5.5995e-01
1.5094e+04, 5.9737e-01
1.5094e+04, 6.3773e-01
1.5095e+04, 6.8241e-01
1.5095e+04, 7.3195e-01
1.5096e+04, 7.8698e-01
1.5096e+04, 8.4820e-01
1.5096e+04, 9.1636e-01
1.5097e+04, 9.9229e-01
1.5097e+04, 1.0791e+00
1.5098e+04, 1.1736e+00
1.5098e+04, 1.2787e+00
1.5098e+04, 1.3956e+00
1.5099e+04, 1.5251e+00
1.5099e+04, 1.6685e+00
1.5100e+04, 1.8266e+00
1.5100e+04, 2.0005e+00
1.5101e+04, 2.2410e+00
1.5101e+04, 2.5029e+00
1.5102e+04, 2.7911e+00
1.5102e+04, 3.1057e+00
1.5103e+04, 3.4529e+00
1.5103e+04, 3.8169e+00
1.5104e+04, 4.6027e+00
1.5106e+04, 6.2475e+00
1.5107e+04, 6.9903e+00
1.5108e+04, 7.5947e+00
1.5109e+04, 8.0208e+00
1.5110e+04, 8.1667e+00
1.5110e+04, 8.1495e+00
1.5111e+04, 7.9235e+00
1.5112e+04, 7.4594e+00
1.5113e+04, 6.8068e+00
1.5114e+04, 6.0308e+00
1.5117e+04, 3.9153e+00
1.5117e+04, 3.4371e+00
1.5118e+04, 3.0056e+00
1.5119e+04, 2.6107e+00
1.5119e+04, 2.2660e+00
1.5120e+04, 1.9956e+00
1.5120e+04, 1.7574e+00
1.5121e+04, 1.5491e+00
1.5122e+04, 1.3682e+00
1.5122e+04, 1.2118e+00
1.5123e+04, 1.0770e+00
1.5123e+04, 9.6104e-01
1.5124e+04, 8.6136e-01
1.5125e+04, 7.0169e-01
1.5126e+04, 5.8235e-01
1.5127e+04, 4.9172e-01
1.5128e+04, 4.2211e-01
1.5129e+04, 3.7329e-01
1.5130e+04, 3.3291e-01
1.5132e+04, 2.7035e-01
1.5134e+04, 2.2449e-01
1.5136e+04, 1.8972e-01
1.5138e+04, 1.6266e-01
1.5140e+04, 1.4113e-01
1.5142e+04, 1.2369e-01
1.5144e+04, 1.0940e-01
1.5147e+04, 9.0277e-02
1.5150e+04, 7.5799e-02
1.5154e+04, 6.4574e-02
1.5157e+04, 5.5694e-02
1.5163e+04, 4.2704e-02
1.5170e+04, 3.3841e-02
1.5177e+04, 2.7495e-02
1.5183e+04, 2.2782e-02
1.5196e+04, 1.6403e-02
1.5209e+04, 1.2397e-02
1.5223e+04, 9.7217e-03
1.5248e+04, 6.5901e-03
1.5273e+04, 4.7846e-03
1.5298e+04, 3.6552e-03
1.5323e+04, 2.9046e-03
1.5385e+04, 1.8474e-03
1.5447e+04, 1.3177e-03
1.5509e+04, 1.0184e-03
1.5571e+04, 8.2658e-04
1.5724e+04, 5.8045e-04
1.5876e+04, 4.6546e-04
1.6182e+04, 3.6284e-04
1.6659e+04, 3.0361e-04
1.7136e+04, 2.7819e-04
1.8091e+04, 2.5414e-04
2.0000e+04, 2.4081e-04
2.1112e+04, 2.5779e-04
2.1668e+04, 2.9315e-04
2.1946e+04, 3.3326e-04
2.2224e+04, 4.1975e-04
2.2454e+04, 5.9230e-04
2.2569e+04, 7.7347e-04
2.2684e+04, 1.1227e-03
2.2735e+04, 1.3971e-03
2.2786e+04, 1.8181e-03
2.2838e+04, 2.5033e-03
2.2864e+04, 3.0281e-03
2.2889e+04, 3.7566e-03
2.2906e+04, 4.3910e-03
2.2922e+04, 5.2117e-03
2.2939e+04, 6.3015e-03
2.2956e+04, 7.7925e-03
2.2972e+04, 9.9073e-03
2.2989e+04, 1.3057e-02
2.3006e+04, 1.8043e-02
2.3014e+04, 2.1702e-02
2.3022e+04, 2.6477e-02
2.3031e+04, 3.3073e-02
2.3035e+04, 3.7416e-02
2.3037e+04, 3.9929e-02
2.3039e+04, 4.2700e-02
2.3040e+04, 4.4776e-02
2.3042e+04, 4.7011e-02
2.3045e+04, 5.2005e-02
2.3047e+04, 5.7874e-02
2.3050e+04, 6.4775e-02
2.3053e+04, 7.3022e-02
2.3056e+04, 8.2920e-02
2.3059e+04, 9.5001e-02
2.3060e+04, 1.0210e-01
2.3062e+04, 1.0998e-01
2.3063e+04, 1.2210e-01
2.3065e+04, 1.3639e-01
2.3067e+04, 1.5340e-01
2.3068e+04, 1.6320e-01
2.3069e+04, 1.7388e-01
2.3070e+04, 1.8580e-01
2.3071e+04, 1.9887e-01
2.3072e+04, 2.1358e-01
2.3073e+04, 2.2984e-01
2.3074e+04, 2.4829e-01
2.3075e+04, 2.6889e-01
2.3076e+04, 2.9223e-01
2.3077e+04, 3.1883e-01
2.3078e+04, 3.5281e-01
2.3079e+04, 3.9256e-01
2.3080e+04, 4.3938e-01
2.3081e+04, 4.9482e-01
2.3082e+04, 5.6078e-01
2.3083e+04, 6.3946e-01
2.3084e+04, 7.3340e-01
2.3085e+04, 8.4414e-01
2.3086e+04, 9.7658e-01
2.3087e+04, 1.1323e+00
2.3088e+04, 1.3131e+00
2.3089e+04, 1.5178e+00
2.3090e+04, 1.7495e+00
2.3091e+04, 2.0034e+00
2.3093e+04, 2.5499e+00
2.3095e+04, 2.9943e+00
2.3097e+04, 3.3720e+00
2.3097e+04, 3.5193e+00
2.3098e+04, 3.6281e+00
2.3099e+04, 3.6961e+00
2.3100e+04, 3.7187e+00
2.3101e+04, 3.7045e+00
2.3102e+04, 3.6349e+00
2.3103e+04, 3.5124e+00
2.3104e+04, 3.3418e+00
2.3104e+04, 3.1355e+00
2.3106e+04, 2.6507e+00
2.3108e+04, 2.1414e+00
2.3110e+04, 1.7938e+00
2.3111e+04, 1.4860e+00
2.3112e+04, 1.2209e+00
2.3114e+04, 1.0031e+00
2.3115e+04, 8.2559e-01
2.3117e+04, 6.8522e-01
2.3118e+04, 5.7410e-01
2.3119e+04, 4.8620e-01
2.3121e+04, 4.2738e-01
2.3122e+04, 3.7883e-01
2.3123e+04, 3.3810e-01
2.3124e+04, 3.0366e-01
2.3126e+04, 2.4888e-01
2.3128e+04, 2.0809e-01
2.3131e+04, 1.7660e-01
2.3133e+04, 1.5195e-01
2.3135e+04, 1.3218e-01
2.3137e+04, 1.1609e-01
2.3142e+04, 9.3943e-02
2.3146e+04, 7.7687e-02
2.3150e+04, 6.5341e-02
2.3154e+04, 5.5772e-02
2.3158e+04, 4.8148e-02
2.3162e+04, 4.2001e-02
2.3170e+04, 3.2780e-02
2.3178e+04, 2.6312e-02
2.3186e+04, 2.1602e-02
2.3194e+04, 1.8079e-02
2.3202e+04, 1.5364e-02
2.3218e+04, 1.1484e-02
2.3234e+04, 8.9242e-03
2.3248e+04, 7.3374e-03
2.3262e+04, 6.1477e-03
2.3290e+04, 4.5144e-03
2.3319e+04, 3.4788e-03
2.3347e+04, 2.7714e-03
2.3407e+04, 1.8600e-03
2.3468e+04, 1.3635e-03
2.3528e+04, 1.0587e-03
2.3588e+04, 8.6071e-04
2.3725e+04, 6.0637e-04
2.3862e+04, 4.7746e-04
2.4136e+04, 3.5519e-04
2.4458e+04, 2.9737e-04
2.4780e+04, 2.7191e-04
2.5424e+04, 2.5690e-04
2.6052e+04, 2.8171e-04
2.6366e+04, 3.3084e-04
2.6523e+04, 3.8477e-04
2.6680e+04, 4.9230e-04
2.6760e+04, 5.9490e-04
2.6841e+04, 7.6637e-04
2.6921e+04, 1.0940e-03
2.6962e+04, 1.3759e-03
2.7002e+04, 1.8140e-03
2.7036e+04, 2.4299e-03
2.7070e+04, 3.4871e-03
2.7087e+04, 4.3268e-03
2.7104e+04, 5.5056e-03
2.7122e+04, 7.3199e-03
2.7130e+04, 8.6020e-03
2.7139e+04, 1.0268e-02
2.7146e+04, 1.2192e-02
2.7154e+04, 1.4732e-02
2.7161e+04, 1.8184e-02
2.7169e+04, 2.3044e-02
2.7176e+04, 3.0212e-02
2.7184e+04, 4.1268e-02
2.7191e+04, 5.9800e-02
2.7195e+04, 7.4469e-02
2.7197e+04, 8.4095e-02
2.7199e+04, 9.5790e-02
2.7201e+04, 1.0937e-01
2.7203e+04, 1.2622e-01
2.7204e+04, 1.4772e-01
2.7206e+04, 1.7596e-01
2.7207e+04, 1.9358e-01
2.7208e+04, 2.1431e-01
2.7209e+04, 2.3890e-01
2.7210e+04, 2.6835e-01
2.7210e+04, 3.0388e-01
2.7211e+04, 3.4706e-01
2.7212e+04, 3.9975e-01
2.7213e+04, 4.6422e-01
2.7214e+04, 5.0798e-01
2.7214e+04, 5.5610e-01
2.7215e+04, 6.1108e-01
2.7215e+04, 6.7135e-01
2.7216e+04, 7.3993e-01
2.7216e+04, 8.1471e-01
2.7217e+04, 8.9753e-01
2.7217e+04, 9.8889e-01
2.7218e+04, 1.0914e+00
2.7218e+04, 1.2013e+00
2.7219e+04, 1.3209e+00
2.7219e+04, 1.4502e+00
2.7220e+04, 1.7410e+00
2.7221e+04, 2.0651e+00
2.7222e+04, 2.4445e+00
2.7223e+04, 2.8450e+00
2.7225e+04, 3.6332e+00
2.7226e+04, 3.9214e+00
2.7227e+04, 4.1635e+00
2.7228e+04, 4.3508e+00
2.7229e+04, 4.4735e+00
2.7230e+04, 4.5261e+00
2.7230e+04, 4.5199e+00
2.7232e+04, 4.4120e+00
2.7233e+04, 4.1803e+00
2.7234e+04, 3.8470e+00
2.7235e+04, 3.4461e+00
2.7238e+04, 2.5142e+00
2.7239e+04, 2.0717e+00
2.7240e+04, 1.6742e+00
2.7241e+04, 1.3308e+00
2.7243e+04, 1.0479e+00
2.7244e+04, 8.2252e-01
2.7245e+04, 6.4876e-01
2.7246e+04, 5.1515e-01
2.7248e+04, 4.1517e-01
2.7249e+04, 3.3939e-01
2.7250e+04, 2.8264e-01
2.7251e+04, 2.4083e-01
2.7252e+04, 2.0809e-01
2.7254e+04, 1.8205e-01
2.7255e+04, 1.6097e-01
2.7257e+04, 1.2915e-01
2.7260e+04, 1.0649e-01
2.7262e+04, 8.9506e-02
2.7264e+04, 7.6472e-02
2.7267e+04, 6.6138e-02
2.7269e+04, 5.7856e-02
2.7274e+04, 4.5912e-02
2.7278e+04, 3.7380e-02
2.7283e+04, 3.1047e-02
2.7287e+04, 2.6221e-02
2.7296e+04, 1.9441e-02
2.7305e+04, 1.5037e-02
2.7316e+04, 1.1499e-02
2.7327e+04, 9.0814e-03
2.7338e+04, 7.3663e-03
2.7349e+04, 6.1066e-03
2.7370e+04, 4.4135e-03
2.7392e+04, 3.3668e-03
2.7419e+04, 2.5218e-03
2.7447e+04, 1.9762e-03
2.7501e+04, 1.3420e-03
2.7555e+04, 9.9406e-04
2.7610e+04, 7.8575e-04
2.7747e+04, 5.2147e-04
2.7885e+04, 4.0628e-04
2.8160e+04, 3.0974e-04
2.8624e+04, 2.5859e-04
2.9087e+04, 2.4215e-04
3.0015e+04, 2.3444e-04
3.2565e+04, 2.5212e-04
3.5115e+04, 2.9465e-04
3.7665e+04, 3.6874e-04
3.8940e+04, 4.2524e-04
4.0215e+04, 5.0031e-04
4.0678e+04, 5.3478e-04
4.1140e+04, 5.7391e-04
4.1602e+04, 6.1860e-04
4.1833e+04, 6.4367e-04
4.1949e+04, 6.5833e-04
4.2007e+04, 6.7171e-04
4.2036e+04, 7.0235e-04
4.2043e+04, 7.4886e-04
4.2046e+04, 8.7077e-04
4.2048e+04, 1.0340e-03
4.2050e+04, 1.3476e-03
4.2052e+04, 1.9256e-03
4.2054e+04, 2.9145e-03
4.2055e+04, 4.5102e-03
4.2057e+04, 6.8718e-03
4.2061e+04, 1.4217e-02
4.2064e+04, 2.3677e-02
4.2069e+04, 3.1972e-02
4.2070e+04, 3.2087e-02
4.2070e+04, 3.2091e-02
4.2070e+04, 3.2075e-02
4.2071e+04, 3.1665e-02
4.2072e+04, 3.0740e-02
4.2076e+04, 2.3000e-02
4.2080e+04, 1.3243e-02
4.2081e+04, 9.1790e-03
4.2083e+04, 6.0738e-03
4.2085e+04, 3.8854e-03
4.2087e+04, 2.4837e-03
4.2089e+04, 1.6452e-03
4.2091e+04, 1.1841e-03
4.2093e+04, 9.4382e-04
4.2095e+04, 8.2604e-04
4.2102e+04, 7.1760e-04
4.2132e+04, 6.8719e-04
4.2213e+04, 6.8937e-04
4.2295e+04, 6.9865e-04
4.2457e+04, 7.1934e-04
4.2620e+04, 7.4169e-04
4.2783e+04, 7.6526e-04
4.2945e+04, 7.9013e-04
4.3108e+04, 8.1653e-04
4.3270e+04, 8.4438e-04
4.3433e+04, 8.7379e-04
4.3557e+04, 8.9744e-04
4.3727e+04, 9.3185e-04
4.3813e+04, 9.4973e-04
4.3898e+04, 9.6836e-04
4.4068e+04, 1.0073e-03
4.4153e+04, 1.0278e-03
4.4238e+04, 1.0490e-03
4.4324e+04, 1.0708e-03
4.4409e+04, 1.0934e-03
4.4494e+04, 1.1169e-03
4.4579e+04, 1.1411e-03
4.4664e+04, 1.1661e-03
4.4750e+04, 1.1923e-03
4.4835e+04, 1.2192e-03
4.4920e+04, 1.2470e-03
4.5005e+04, 1.2762e-03
4.5090e+04, 1.3063e-03
4.5176e+04, 1.3374e-03
4.5261e+04, 1.3700e-03
4.5431e+04, 1.4388e-03
4.5601e+04, 1.5135e-03
4.5772e+04, 1.5941e-03
4.5942e+04, 1.6821e-03
4.6113e+04, 1.7779e-03
4.6283e+04, 1.8820e-03
4.6453e+04, 1.9970e-03
4.6624e+04, 2.1225e-03
4.6794e+04, 2.2606e-03
4.6964e+04, 2.4139e-03
4.7135e+04, 2.5825e-03
4.7305e+04, 2.7711e-03
4.7475e+04, 2.9812e-03
4.7646e+04, 3.2148e-03
4.7816e+04, 3.4806e-03
4.7987e+04, 3.7784e-03
4.8157e+04, 4.1159e-03
4.8327e+04, 4.5033e-03
4.8498e+04, 4.9427e-03
4.8668e+04, 5.4529e-03
4.8753e+04, 5.7336e-03
4.8838e+04, 6.0431e-03
4.9009e+04, 6.7240e-03
4.9133e+04, 7.2954e-03
4.9257e+04, 7.9388e-03
4.9380e+04, 8.6656e-03
4.9504e+04, 9.4894e-03
4.9628e+04, 1.0426e-02
4.9752e+04, 1.1494e-02
4.9876e+04, 1.2714e-02
5.0000e+04, 1.4112e-02
5.0100e+04, 1.5405e-02
5.0200e+04, 1.6839e-02
5.0300e+04, 1.8418e-02
5.0400e+04, 2.0157e-02
5.0500e+04, 2.2132e-02
5.0600e+04, 2.4284e-02
5.0700e+04, 2.6601e-02
5.0800e+04, 2.9081e-02
5.1200e+04, 3.9528e-02
5.1300e+04, 4.1619e-02
5.1400e+04, 4.3209e-02
5.1500e+04, 4.4235e-02
5.1600e+04, 4.4591e-02
5.1733e+04, 4.3741e-02
5.1848e+04, 4.1982e-02
5.1962e+04, 3.9550e-02
5.2191e+04, 3.3667e-02
5.2421e+04, 2.7566e-02
5.2535e+04, 2.4772e-02
5.2650e+04, 2.2247e-02
5.2879e+04, 1.7966e-02
5.3108e+04, 1.4612e-02
5.3222e+04, 1.3180e-02
5.3337e+04, 1.1977e-02
5.3566e+04, 9.9135e-03
5.3813e+04, 8.2293e-03
5.4061e+04, 6.8980e-03
5.4308e+04, 5.8483e-03
5.4556e+04, 5.0227e-03
5.4803e+04, 4.3453e-03
5.5051e+04, 3.7984e-03
5.5298e+04, 3.3461e-03
5.5546e+04, 2.9649e-03
5.6041e+04, 2.3862e-03
5.6288e+04, 2.1480e-03
5.6536e+04, 1.9530e-03
5.7031e+04, 1.6272e-03
5.7526e+04, 1.3809e-03
5.8021e+04, 1.1843e-03
5.8516e+04, 1.0296e-03
5.9011e+04, 9.0420e-04
5.9506e+04, 8.0007e-04
6.0450e+04, 6.5128e-04
6.1395e+04, 5.4119e-04
6.2340e+04, 4.6066e-04
6.3285e+04, 3.9842e-04
6.4230e+04, 3.5005e-04
6.5175e+04, 3.1294e-04
6.7065e+04, 2.5921e-04
6.9225e+04, 2.2370e-04
7.1385e+04, 2.0682e-04
7.2915e+04, 2.1779e-04
7.3680e+04, 2.4671e-04
7.4062e+04, 2.8111e-04
7.4444e+04, 3.5241e-04
7.4624e+04, 4.1540e-04
7.4804e+04, 5.1958e-04
7.4984e+04, 7.0901e-04
7.5074e+04, 8.6898e-04
7.5164e+04, 1.1132e-03
7.5249e+04, 1.4814e-03
7.5291e+04, 1.7532e-03
7.5333e+04, 2.1192e-03
7.5375e+04, 2.6155e-03
7.5418e+04, 3.3464e-03
7.5460e+04, 4.4630e-03
7.5481e+04, 5.2566e-03
7.5502e+04, 6.2933e-03
7.5529e+04, 8.1961e-03
7.5557e+04, 1.1150e-02
7.5584e+04, 1.6042e-02
7.5598e+04, 1.9674e-02
7.5605e+04, 2.2028e-02
7.5608e+04, 2.3383e-02
7.5612e+04, 2.4870e-02
7.5618e+04, 2.7845e-02
7.5624e+04, 3.1402e-02
7.5630e+04, 3.5693e-02
7.5635e+04, 4.0920e-02
7.5641e+04, 4.7394e-02
7.5647e+04, 5.5510e-02
7.5653e+04, 6.5907e-02
7.5656e+04, 7.2229e-02
7.5659e+04, 7.9477e-02
7.5663e+04, 8.9530e-02
7.5666e+04, 1.0160e-01
7.5670e+04, 1.1625e-01
7.5673e+04, 1.3415e-01
7.5675e+04, 1.4467e-01
7.5677e+04, 1.5640e-01
7.5679e+04, 1.6952e-01
7.5680e+04, 1.8415e-01
7.5682e+04, 2.0066e-01
7.5684e+04, 2.1921e-01
7.5686e+04, 2.4007e-01
7.5688e+04, 2.6337e-01
7.5689e+04, 2.9251e-01
7.5691e+04, 3.2526e-01
7.5693e+04, 3.6206e-01
7.5695e+04, 4.0308e-01
7.5697e+04, 4.4857e-01
7.5699e+04, 4.9785e-01
7.5701e+04, 5.5064e-01
7.5703e+04, 6.0614e-01
7.5707e+04, 7.3119e-01
7.5711e+04, 8.4479e-01
7.5716e+04, 9.2540e-01
7.5718e+04, 9.4728e-01
7.5720e+04, 9.5468e-01
7.5722e+04, 9.4836e-01
7.5724e+04, 9.3242e-01
7.5725e+04, 9.0764e-01
7.5729e+04, 8.3568e-01
7.5732e+04, 7.4289e-01
7.5736e+04, 6.4173e-01
7.5743e+04, 4.5136e-01
7.5746e+04, 3.7322e-01
7.5749e+04, 3.0841e-01
7.5753e+04, 2.5058e-01
7.5757e+04, 2.0560e-01
7.5761e+04, 1.7073e-01
7.5765e+04, 1.4363e-01
7.5769e+04, 1.2223e-01
7.5772e+04, 1.0522e-01
7.5776e+04, 9.1460e-02
7.5780e+04, 8.0241e-02
7.5787e+04, 6.4487e-02
7.5794e+04, 5.2954e-02
7.5801e+04, 4.4251e-02
7.5808e+04, 3.7534e-02
7.5815e+04, 3.2232e-02
7.5822e+04, 2.7982e-02
7.5829e+04, 2.4525e-02
7.5836e+04, 2.1679e-02
7.5848e+04, 1.7676e-02
7.5861e+04, 1.4706e-02
7.5874e+04, 1.2430e-02
7.5886e+04, 1.0644e-02
7.5911e+04, 8.0684e-03
7.5936e+04, 6.3380e-03
7.5961e+04, 5.1194e-03
7.5987e+04, 4.2367e-03
7.6037e+04, 3.0481e-03
7.6087e+04, 2.3121e-03
7.6137e+04, 1.8261e-03
7.6193e+04, 1.4612e-03
7.6249e+04, 1.2030e-03
7.6360e+04, 8.7176e-04
7.6472e+04, 6.7855e-04
7.6584e+04, 5.5467e-04
7.6746e+04, 4.4327e-04
7.6907e+04, 3.7291e-04
7.7231e+04, 2.9583e-04
7.7878e+04, 2.3124e-04
7.8593e+04, 2.0581e-04
7.9307e+04, 1.9548e-04
8.0736e+04, 1.9123e-04
8.2209e+04, 1.9818e-04
8.3682e+04, 2.1133e-04
8.5156e+04, 2.3886e-04
8.5892e+04, 2.7032e-04
8.6261e+04, 3.0617e-04
8.6445e+04, 3.4573e-04
8.6629e+04, 4.2835e-04
8.6735e+04, 5.3221e-04
8.6841e+04, 7.6007e-04
8.6894e+04, 9.4774e-04
8.6947e+04, 1.3225e-03
8.7000e+04, 2.0805e-03
8.7026e+04, 2.8349e-03
8.7053e+04, 4.1503e-03
8.7063e+04, 4.9305e-03
8.7073e+04, 5.9928e-03
8.7083e+04, 7.4737e-03
8.7093e+04, 9.6056e-03
8.7104e+04, 1.2880e-02
8.7109e+04, 1.5243e-02
8.7114e+04, 1.8371e-02
8.7119e+04, 2.2674e-02
8.7124e+04, 2.8872e-02
8.7129e+04, 3.8434e-02
8.7131e+04, 4.5354e-02
8.7134e+04, 5.4477e-02
8.7137e+04, 6.8332e-02
8.7139e+04, 8.7902e-02
8.7141e+04, 1.0061e-01
8.7142e+04, 1.1560e-01
8.7144e+04, 1.3347e-01
8.7145e+04, 1.5435e-01
8.7146e+04, 1.7890e-01
8.7148e+04, 2.0711e-01
8.7149e+04, 2.3961e-01
8.7151e+04, 2.7609e-01
8.7152e+04, 3.1701e-01
8.7153e+04, 3.6157e-01
8.7156e+04, 4.6065e-01
8.7161e+04, 6.3082e-01
8.7163e+04, 7.0755e-01
8.7165e+04, 7.6942e-01
8.7168e+04, 8.1104e-01
8.7170e+04, 8.2546e-01
8.7172e+04, 8.1433e-01
8.7174e+04, 7.8201e-01
8.7176e+04, 7.3136e-01
8.7178e+04, 6.6668e-01
8.7181e+04, 5.6322e-01
8.7184e+04, 4.5602e-01
8.7187e+04, 3.5612e-01
8.7188e+04, 3.1140e-01
8.7189e+04, 2.7075e-01
8.7192e+04, 2.1364e-01
8.7193e+04, 1.8932e-01
8.7194e+04, 1.6769e-01
8.7196e+04, 1.3178e-01
8.7199e+04, 1.0443e-01
8.7201e+04, 8.3693e-02
8.7203e+04, 6.8195e-02
8.7205e+04, 5.6479e-02
8.7208e+04, 4.7616e-02
8.7210e+04, 4.0752e-02
8.7212e+04, 3.5367e-02
8.7217e+04, 2.7571e-02
8.7222e+04, 2.2240e-02
8.7226e+04, 1.8393e-02
8.7231e+04, 1.5408e-02
8.7236e+04, 1.3126e-02
8.7245e+04, 9.9121e-03
8.7255e+04, 7.7855e-03
8.7264e+04, 6.2918e-03
8.7274e+04, 5.2026e-03
8.7283e+04, 4.3927e-03
8.7302e+04, 3.2910e-03
8.7321e+04, 2.5630e-03
8.7341e+04, 2.0690e-03
8.7360e+04, 1.7197e-03
8.7379e+04, 1.4636e-03
8.7401e+04, 1.2483e-03
8.7423e+04, 1.0944e-03
8.7466e+04, 8.6515e-04
8.7510e+04, 7.2051e-04
8.7554e+04, 6.2356e-04
8.7598e+04, 5.5552e-04
8.7642e+04, 5.0764e-04
8.7729e+04, 4.4141e-04
8.7817e+04, 4.0141e-04
8.7904e+04, 3.7582e-04
8.7992e+04, 3.5879e-04
8.8080e+04, 3.4724e-04
8.8215e+04, 3.3672e-04
8.8351e+04, 3.3028e-04
8.8486e+04, 3.2682e-04
8.8622e+04, 3.2554e-04
8.8780e+04, 3.2617e-04
8.8939e+04, 3.2814e-04
8.9097e+04, 3.3107e-04
8.9255e+04, 3.3478e-04
8.9413e+04, 3.3912e-04
8.9572e+04, 3.4399e-04
8.9730e+04, 3.4932e-04
8.9809e+04, 3.5217e-04
8.9888e+04, 3.5513e-04
8.9990e+04, 3.5908e-04
9.0092e+04, 3.6320e-04
9.0193e+04, 3.6748e-04
9.0295e+04, 3.7195e-04
9.0498e+04, 3.8132e-04
9.0600e+04, 3.8619e-04
9.0702e+04, 3.9131e-04
9.0804e+04, 3.9651e-04
9.0905e+04, 4.0196e-04
9.1007e+04, 4.0751e-04
9.1109e+04, 4.1327e-04
9.1312e+04, 4.2527e-04
9.1516e+04, 4.3802e-04
9.1640e+04, 4.4627e-04
9.1764e+04, 4.5477e-04
9.1889e+04, 4.6352e-04
9.2013e+04, 4.7270e-04
9.2262e+04, 4.9200e-04
9.2386e+04, 5.0223e-04
9.2510e+04, 5.1287e-04
9.2759e+04, 5.3526e-04
9.3008e+04, 5.5954e-04
9.3257e+04, 5.8577e-04
9.3505e+04, 6.1401e-04
9.3754e+04, 6.4489e-04
9.4003e+04, 6.7825e-04
9.4251e+04, 7.1451e-04
9.4500e+04, 7.5421e-04
9.4749e+04, 7.9727e-04
9.4997e+04, 8.4460e-04
9.5246e+04, 8.9644e-04
9.5495e+04, 9.5300e-04
9.5743e+04, 1.0158e-03
9.5992e+04, 1.0846e-03
9.6241e+04, 1.1606e-03
9.6489e+04, 1.2450e-03
9.6738e+04, 1.3379e-03
9.6987e+04, 1.4415e-03
9.7235e+04, 1.5565e-03
9.7484e+04, 1.6834e-03
9.7799e+04, 1.8660e-03
9.8113e+04, 2.0739e-03
9.8428e+04, 2.3098e-03
9.8742e+04, 2.5761e-03
9.9057e+04, 2.8744e-03
9.9371e+04, 3.2016e-03
9.9686e+04, 3.5514e-03
1.0000e+05, 3.9109e-03
1.0075e+05, 4.6709e-03
1.0112e+05, 4.9000e-03
1.0150e+05, 4.9679e-03
1.0187e+05, 4.8667e-03
1.0224e+05, 4.6339e-03
1.0261e+05, 4.4254e-03
1.0276e+05, 4.6445e-03
1.0283e+05, 5.3396e-03
1.0287e+05, 6.4180e-03
1.0289e+05, 7.5645e-03
1.0291e+05, 9.8781e-03
1.0292e+05, 1.3614e-02
1.0293e+05, 1.7141e-02
1.0294e+05, 2.3539e-02
1.0294e+05, 2.9460e-02
1.0294e+05, 3.8873e-02
1.0295e+05, 5.4844e-02
1.0295e+05, 8.2188e-02
1.0295e+05, 1.2780e-01
1.0296e+05, 1.9979e-01
1.0296e+05, 3.0485e-01
1.0296e+05, 4.4384e-01
1.0297e+05, 6.8440e-01
1.0297e+05, 8.9679e-01
1.0298e+05, 9.6106e-01
1.0298e+05, 9.9386e-01
1.0298e+05, 9.9724e-01
1.0298e+05, 9.5195e-01
1.0299e+05, 8.2058e-01
1.0299e+05, 6.4100e-01
1.0300e+05, 4.5708e-01
1.0300e+05, 3.0134e-01
1.0300e+05, 1.8759e-01
1.0301e+05, 1.1533e-01
1.0301e+05, 7.1112e-02
1.0301e+05, 4.6893e-02
1.0302e+05, 3.3120e-02
1.0302e+05, 2.5457e-02
1.0303e+05, 1.8078e-02
1.0304e+05, 1.4221e-02
1.0305e+05, 1.0145e-02
1.0306e+05, 8.0958e-03
1.0308e+05, 6.8987e-03
1.0310e+05, 5.5913e-03
1.0313e+05, 4.9360e-03
1.0324e+05, 3.9332e-03
1.0346e+05, 3.3736e-03
1.0398e+05, 2.7410e-03
1.0449e+05, 2.2753e-03
1.0501e+05, 1.8958e-03
1.0553e+05, 1.5933e-03
1.0604e+05, 1.3567e-03
1.0656e+05, 1.1657e-03
1.0708e+05, 1.0109e-03
1.0759e+05, 8.8472e-04
1.0843e+05, 7.2932e-04
1.0927e+05, 6.1494e-04
1.1010e+05, 5.2917e-04
1.1094e+05, 4.6384e-04
1.1177e+05, 4.1341e-04
1.1261e+05, 3.7414e-04
1.1344e+05, 3.4338e-04
1.1428e+05, 3.1928e-04
1.1553e+05, 2.9319e-04
1.1679e+05, 2.7503e-04
1.1930e+05, 2.5907e-04
1.2206e+05, 2.6557e-04
1.2483e+05, 2.9418e-04
1.2760e+05, 3.5039e-04
1.2899e+05, 3.9698e-04
1.2968e+05, 4.2812e-04
1.3037e+05, 4.8884e-04
1.3064e+05, 5.7835e-04
1.3077e+05, 7.6089e-04
1.3084e+05, 1.0505e-03
1.3087e+05, 1.4084e-03
1.3089e+05, 1.7160e-03
1.3091e+05, 2.2132e-03
1.3093e+05, 3.3916e-03
1.3094e+05, 4.5186e-03
1.3095e+05, 6.5927e-03
1.3095e+05, 8.4909e-03
1.3096e+05, 1.1791e-02
1.3096e+05, 1.8137e-02
1.3097e+05, 3.0891e-02
1.3097e+05, 4.1377e-02
1.3097e+05, 5.5797e-02
1.3097e+05, 7.5119e-02
1.3098e+05, 1.0020e-01
1.3098e+05, 1.3158e-01
1.3098e+05, 1.6925e-01
1.3098e+05, 2.1240e-01
1.3099e+05, 2.5929e-01
1.3099e+05, 3.1293e-01
1.3099e+05, 3.8943e-01
1.3100e+05, 4.2788e-01
1.3100e+05, 4.3812e-01
1.3100e+05, 4.4160e-01
1.3100e+05, 4.4101e-01
1.3100e+05, 4.3228e-01
1.3100e+05, 4.1479e-01
1.3101e+05, 3.8807e-01
1.3101e+05, 3.5638e-01
1.3101e+05, 2.9016e-01
1.3102e+05, 2.2162e-01
1.3102e+05, 1.5969e-01
1.3102e+05, 1.0953e-01
1.3103e+05, 7.2457e-02
1.3103e+05, 4.7099e-02
1.3103e+05, 3.0801e-02
1.3104e+05, 2.0775e-02
1.3104e+05, 1.2983e-02
1.3105e+05, 9.1227e-03
1.3105e+05, 6.9690e-03
1.3106e+05, 5.6211e-03
1.3107e+05, 4.0042e-03
1.3108e+05, 3.0863e-03
1.3110e+05, 2.0854e-03
1.3112e+05, 1.5819e-03
1.3116e+05, 1.0989e-03
1.3120e+05, 8.8348e-04
1.3126e+05, 7.3769e-04
1.3132e+05, 6.6965e-04
1.3145e+05, 6.3095e-04
1.3160e+05, 6.9585e-04
1.3168e+05, 7.9124e-04
1.3172e+05, 9.0389e-04
1.3176e+05, 1.1196e-03
1.3179e+05, 1.5254e-03
1.3181e+05, 1.9002e-03
1.3182e+05, 2.5387e-03
1.3184e+05, 3.8817e-03
1.3185e+05, 5.2142e-03
1.3185e+05, 7.8460e-03
1.3186e+05, 1.0440e-02
1.3186e+05, 1.4904e-02
1.3187e+05, 2.2749e-02
1.3187e+05, 3.6290e-02
1.3187e+05, 5.8498e-02
1.3188e+05, 7.3786e-02
1.3188e+05, 9.2230e-02
1.3188e+05, 1.1392e-01
1.3188e+05, 1.3872e-01
1.3189e+05, 1.9423e-01
1.3189e+05, 2.7919e-01
1.3189e+05, 3.1398e-01
1.3190e+05, 3.3869e-01
1.3190e+05, 3.4775e-01
1.3190e+05, 3.5082e-01
1.3190e+05, 3.4290e-01
1.3191e+05, 3.2124e-01
1.3191e+05, 2.8992e-01
1.3191e+05, 2.5336e-01
1.3192e+05, 1.7491e-01
1.3192e+05, 1.3741e-01
1.3192e+05, 1.0596e-01
1.3192e+05, 7.9872e-02
1.3193e+05, 5.9190e-02
1.3193e+05, 4.1900e-02
1.3193e+05, 3.0010e-02
1.3194e+05, 2.1754e-02
1.3194e+05, 1.6141e-02
1.3194e+05, 9.8065e-03
1.3195e+05, 6.8039e-03
1.3195e+05, 5.1725e-03
1.3196e+05, 4.1858e-03
1.3197e+05, 3.0084e-03
1.3198e+05, 2.3270e-03
1.3199e+05, 1.9063e-03
1.3202e+05, 1.4314e-03
1.3206e+05, 9.9774e-04
1.3211e+05, 8.2965e-04
1.3220e+05, 7.0167e-04
1.3229e+05, 6.4445e-04
1.3248e+05, 6.1614e-04
1.3267e+05, 6.1214e-04
1.3307e+05, 6.3543e-04
1.3347e+05, 6.6971e-04
1.3427e+05, 7.4797e-04
1.3507e+05, 8.6494e-04
1.3547e+05, 9.5439e-04
1.3567e+05, 1.0722e-03
1.3577e+05, 1.2123e-03
1.3582e+05, 1.3947e-03
1.3587e+05, 1.7716e-03
1.3590e+05, 2.2837e-03
1.3591e+05, 2.7657e-03
1.3593e+05, 3.6138e-03
1.3594e+05, 5.3205e-03
1.3595e+05, 7.0144e-03
1.3595e+05, 1.0495e-02
1.3596e+05, 1.3899e-02
1.3596e+05, 1.9534e-02
1.3597e+05, 2.8890e-02
1.3597e+05, 4.3530e-02
1.3597e+05, 5.3939e-02
1.3597e+05, 6.6725e-02
1.3597e+05, 8.2172e-02
1.3598e+05, 9.9399e-02
1.3598e+05, 1.2054e-01
1.3598e+05, 1.4462e-01
1.3598e+05, 1.7142e-01
1.3598e+05, 1.9884e-01
1.3599e+05, 2.9881e-01
1.3599e+05, 3.4438e-01
1.3599e+05, 3.7907e-01
1.3600e+05, 3.9834e-01
1.3600e+05, 4.0602e-01
1.3600e+05, 4.0611e-01
1.3600e+05, 4.0503e-01
1.3600e+05, 4.0223e-01
1.3600e+05, 3.9083e-01
1.3601e+05, 3.7031e-01
1.3601e+05, 3.4432e-01
1.3601e+05, 2.7825e-01
1.3602e+05, 1.9053e-01
1.3602e+05, 1.5175e-01
1.3602e+05, 1.1800e-01
1.3602e+05, 8.8917e-02
1.3603e+05, 6.6704e-02
1.3603e+05, 4.9611e-02
1.3603e+05, 3.6864e-02
1.3603e+05, 2.7290e-02
1.3604e+05, 2.0780e-02
1.3604e+05, 1.6197e-02
1.3604e+05, 1.2981e-02
1.3605e+05, 9.0757e-03
1.3605e+05, 6.9658e-03
1.3606e+05, 4.7038e-03
1.3607e+05, 3.5988e-03
1.3610e+05, 2.5256e-03
1.3612e+05, 2.0026e-03
1.3614e+05, 1.7207e-03
1.3618e+05, 1.4571e-03
1.3623e+05, 1.3399e-03
1.3640e+05, 1.2292e-03
1.3652e+05, 1.3228e-03
1.3659e+05, 1.4359e-03
1.3665e+05, 1.7378e-03
1.3668e+05, 2.1542e-03
1.3670e+05, 2.4889e-03
1.3672e+05, 3.0774e-03
1.3673e+05, 4.2376e-03
1.3674e+05, 5.3429e-03
1.3675e+05, 7.3564e-03
1.3675e+05, 9.2086e-03
1.3676e+05, 1.2317e-02
1.3676e+05, 1.7842e-02
1.3677e+05, 2.7505e-02
1.3677e+05, 3.4990e-02
1.3677e+05, 4.4803e-02
1.3677e+05, 5.7449e-02
1.3677e+05, 7.2571e-02
1.3678e+05, 9.2075e-02
1.3678e+05, 1.1554e-01
1.3678e+05, 1.4297e-01
1.3678e+05, 1.7251e-01
1.3679e+05, 2.2847e-01
1.3679e+05, 2.8698e-01
1.3679e+05, 3.4062e-01
1.3679e+05, 3.6300e-01
1.3680e+05, 3.8111e-01
1.3680e+05, 3.9688e-01
1.3680e+05, 4.0285e-01
1.3680e+05, 4.0294e-01
1.3680e+05, 4.0188e-01
1.3680e+05, 3.9870e-01
1.3680e+05, 3.8707e-01
1.3681e+05, 3.6530e-01
1.3681e+05, 3.3621e-01
1.3681e+05, 2.6636e-01
1.3682e+05, 1.7553e-01
1.3682e+05, 1.3601e-01
1.3682e+05, 1.0268e-01
1.3683e+05, 7.5939e-02
1.3683e+05, 5.5414e-02
1.3683e+05, 4.0259e-02
1.3683e+05, 2.9425e-02
1.3684e+05, 2.1871e-02
1.3684e+05, 1.6686e-02
1.3684e+05, 1.0712e-02
1.3685e+05, 7.7781e-03
1.3686e+05, 6.1566e-03
1.3687e+05, 4.3320e-03
1.3688e+05, 3.4077e-03
1.3690e+05, 2.4908e-03
1.3693e+05, 2.0385e-03
1.3695e+05, 1.7943e-03
1.3700e+05, 1.5654e-03
1.3704e+05, 1.4509e-03
1.3713e+05, 1.3665e-03
1.3723e+05, 1.3451e-03
1.3749e+05, 1.3756e-03
1.3776e+05, 1.4460e-03
1.3802e+05, 1.5290e-03
1.3829e+05, 1.6240e-03
1.3856e+05, 1.7329e-03
1.3869e+05, 1.7914e-03
1.3882e+05, 1.8541e-03
1.3895e+05, 1.9188e-03
1.3909e+05, 1.9881e-03
1.3922e+05, 2.0613e-03
1.3935e+05, 2.1385e-03
1.3951e+05, 2.2376e-03
1.3967e+05, 2.3433e-03
1.3982e+05, 2.4474e-03
1.3996e+05, 2.5581e-03
1.4011e+05, 2.6764e-03
1.4018e+05, 2.7387e-03
1.4025e+05, 2.8034e-03
1.4033e+05, 2.8699e-03
1.4040e+05, 2.9388e-03
1.4047e+05, 3.0106e-03
1.4055e+05, 3.0845e-03
1.4062e+05, 3.1609e-03
1.4069e+05, 3.2408e-03
1.4077e+05, 3.3232e-03
1.4084e+05, 3.4083e-03
1.4091e+05, 3.4975e-03
1.4098e+05, 3.5896e-03
1.4106e+05, 3.6847e-03
1.4113e+05, 3.7842e-03
1.4128e+05, 3.9943e-03
1.4142e+05, 4.2220e-03
1.4157e+05, 4.4672e-03
1.4171e+05, 4.7336e-03
1.4186e+05, 5.0227e-03
1.4201e+05, 5.3351e-03
1.4215e+05, 5.6769e-03
1.4230e+05, 6.0469e-03
1.4245e+05, 6.4496e-03
1.4259e+05, 6.8899e-03
1.4274e+05, 7.3673e-03
1.4288e+05, 7.8892e-03
1.4303e+05, 8.4572e-03
1.4318e+05, 9.0725e-03
1.4330e+05, 9.6211e-03
1.4342e+05, 1.0212e-02
1.4366e+05, 1.1497e-02
1.4378e+05, 1.2200e-02
1.4390e+05, 1.2939e-02
1.4402e+05, 1.3714e-02
1.4414e+05, 1.4523e-02
1.4438e+05, 1.6196e-02
1.4462e+05, 1.7886e-02
1.4510e+05, 2.0790e-02
1.4535e+05, 2.1692e-02
1.4560e+05, 2.1973e-02
1.4585e+05, 2.1584e-02
1.4610e+05, 2.0590e-02
1.4633e+05, 1.9246e-02
1.4657e+05, 1.7672e-02
1.4704e+05, 1.4396e-02
1.4750e+05, 1.1474e-02
1.4774e+05, 1.0246e-02
1.4797e+05, 9.4262e-03
1.4806e+05, 9.6855e-03
1.4810e+05, 1.0552e-02
1.4812e+05, 1.1837e-02
1.4814e+05, 1.5293e-02
1.4815e+05, 1.7650e-02
1.4815e+05, 2.2100e-02
1.4816e+05, 3.1690e-02
1.4816e+05, 4.0349e-02
1.4817e+05, 5.2750e-02
1.4817e+05, 7.1379e-02
1.4817e+05, 9.7752e-02
1.4818e+05, 1.8017e-01
1.4818e+05, 3.0356e-01
1.4819e+05, 4.4344e-01
1.4819e+05, 5.2696e-01
1.4820e+05, 5.7864e-01
1.4820e+05, 5.8889e-01
1.4820e+05, 5.7934e-01
1.4821e+05, 5.5309e-01
1.4821e+05, 4.8073e-01
1.4821e+05, 3.8680e-01
1.4822e+05, 2.0543e-01
1.4823e+05, 1.3760e-01
1.4823e+05, 8.9638e-02
1.4823e+05, 5.8548e-02
1.4824e+05, 3.9708e-02
1.4824e+05, 2.8772e-02
1.4825e+05, 2.2491e-02
1.4825e+05, 1.6521e-02
1.4827e+05, 1.2297e-02
1.4829e+05, 1.0612e-02
1.4835e+05, 8.4018e-03
1.4858e+05, 6.9010e-03
1.4881e+05, 6.1491e-03
1.4927e+05, 5.0293e-03
1.4973e+05, 4.2007e-03
1.5019e+05, 3.5774e-03
1.5069e+05, 3.2112e-03
1.5094e+05, 3.3814e-03
1.5106e+05, 3.8827e-03
1.5113e+05, 4.4952e-03
1.5119e+05, 5.7736e-03
1.5122e+05, 6.9857e-03
1.5125e+05, 9.0770e-03
1.5128e+05, 1.3107e-02
1.5130e+05, 1.6686e-02
1.5131e+05, 2.2437e-02
1.5133e+05, 3.2168e-02
1.5134e+05, 5.1730e-02
1.5135e+05, 6.9580e-02
1.5135e+05, 8.2134e-02
1.5136e+05, 9.8147e-02
1.5136e+05, 1.1863e-01
1.5136e+05, 1.4472e-01
1.5137e+05, 1.6066e-01
1.5137e+05, 1.7750e-01
1.5137e+05, 1.9610e-01
1.5137e+05, 2.1651e-01
1.5137e+05, 2.4647e-01
1.5138e+05, 2.7793e-01
1.5138e+05, 3.1316e-01
1.5138e+05, 3.4855e-01
1.5138e+05, 3.8619e-01
1.5139e+05, 4.2180e-01
1.5139e+05, 4.8763e-01
1.5140e+05, 5.3606e-01
1.5140e+05, 5.5356e-01
1.5140e+05, 5.4557e-01
1.5141e+05, 5.2240e-01
1.5141e+05, 4.9261e-01
1.5141e+05, 4.5715e-01
1.5141e+05, 4.1728e-01
1.5142e+05, 3.7522e-01
1.5142e+05, 2.9073e-01
1.5143e+05, 2.1850e-01
1.5144e+05, 1.3555e-01
1.5145e+05, 8.7252e-02
1.5145e+05, 5.9630e-02
1.5146e+05, 4.3625e-02
1.5147e+05, 3.3949e-02
1.5148e+05, 2.7364e-02
1.5149e+05, 1.9229e-02
1.5151e+05, 1.4507e-02
1.5153e+05, 1.1514e-02
1.5155e+05, 9.1122e-03
1.5157e+05, 7.5406e-03
1.5161e+05, 5.6403e-03
1.5169e+05, 3.9326e-03
1.5177e+05, 3.1319e-03
1.5186e+05, 2.7235e-03
1.5204e+05, 2.2964e-03
1.5238e+05, 1.9074e-03
1.5302e+05, 1.5550e-03
1.5366e+05, 1.3202e-03
1.5430e+05, 1.1447e-03
1.5493e+05, 1.0404e-03
1.5507e+05, 1.0764e-03
1.5514e+05, 1.1797e-03
1.5517e+05, 1.2941e-03
1.5521e+05, 1.5833e-03
1.5523e+05, 2.0507e-03
1.5524e+05, 2.5406e-03
1.5525e+05, 3.5959e-03
1.5525e+05, 4.7878e-03
1.5526e+05, 7.0939e-03
1.5526e+05, 1.1726e-02
1.5527e+05, 2.0624e-02
1.5527e+05, 3.6153e-02
1.5528e+05, 5.9864e-02
1.5529e+05, 1.2260e-01
1.5529e+05, 1.4548e-01
1.5530e+05, 1.5243e-01
1.5530e+05, 1.5583e-01
1.5530e+05, 1.5612e-01
1.5530e+05, 1.5195e-01
1.5531e+05, 1.4058e-01
1.5531e+05, 1.0748e-01
1.5532e+05, 7.1001e-02
1.5532e+05, 5.4644e-02
1.5532e+05, 4.1275e-02
1.5533e+05, 3.0196e-02
1.5533e+05, 2.2018e-02
1.5533e+05, 1.5823e-02
1.5534e+05, 1.1471e-02
1.5534e+05, 8.4981e-03
1.5534e+05, 6.5585e-03
1.5535e+05, 4.3281e-03
1.5535e+05, 3.2610e-03
1.5537e+05, 2.2760e-03
1.5538e+05, 1.8348e-03
1.5540e+05, 1.4331e-03
1.5545e+05, 1.1426e-03
1.5555e+05, 9.8317e-04
1.5575e+05, 8.9214e-04
1.5615e+05, 8.2047e-04
1.5695e+05, 7.3407e-04
1.5777e+05, 6.9185e-04
1.5815e+05, 7.1943e-04
1.5833e+05, 8.3471e-04
1.5843e+05, 1.0447e-03
1.5847e+05, 1.3790e-03
1.5850e+05, 1.7701e-03
1.5852e+05, 2.5754e-03
1.5853e+05, 3.1259e-03
1.5854e+05, 3.9897e-03
1.5855e+05, 5.5977e-03
1.5855e+05, 7.0353e-03
1.5855e+05, 9.4063e-03
1.5856e+05, 1.3641e-02
1.5856e+05, 2.0931e-02
1.5857e+05, 3.3388e-02
1.5857e+05, 4.2344e-02
1.5857e+05, 5.3558e-02
1.5857e+05, 6.7323e-02
1.5858e+05, 8.3848e-02
1.5858e+05, 1.0321e-01
1.5858e+05, 1.2532e-01
1.5858e+05, 1.7621e-01
1.5859e+05, 2.3096e-01
1.5859e+05, 2.8469e-01
1.5859e+05, 3.0506e-01
1.5860e+05, 3.1909e-01
1.5860e+05, 3.2623e-01
1.5860e+05, 3.2038e-01
1.5861e+05, 3.0350e-01
1.5861e+05, 2.6292e-01
1.5861e+05, 2.1275e-01
1.5862e+05, 1.5968e-01
1.5862e+05, 1.1339e-01
1.5863e+05, 8.2136e-02
1.5863e+05, 5.7834e-02
1.5863e+05, 4.0000e-02
1.5864e+05, 2.7544e-02
1.5864e+05, 1.9188e-02
1.5864e+05, 1.3741e-02
1.5864e+05, 1.0239e-02
1.5865e+05, 8.0351e-03
1.5865e+05, 5.4992e-03
1.5866e+05, 4.2126e-03
1.5867e+05, 2.9138e-03
1.5869e+05, 2.2304e-03
1.5870e+05, 1.8223e-03
1.5873e+05, 1.3888e-03
1.5878e+05, 1.0472e-03
1.5883e+05, 8.9337e-04
1.5895e+05, 7.9065e-04
1.5906e+05, 7.5841e-04
1.5937e+05, 7.8234e-04
1.5967e+05, 8.8220e-04
1.5983e+05, 9.6817e-04
1.5998e+05, 1.0930e-03
1.6013e+05, 1.2795e-03
1.6029e+05, 1.5693e-03
1.6041e+05, 1.9582e-03
1.6048e+05, 2.2243e-03
1.6054e+05, 2.5891e-03
1.6067e+05, 3.6739e-03
1.6070e+05, 4.0731e-03
1.6074e+05, 4.5484e-03
1.6077e+05, 5.1167e-03
1.6079e+05, 5.4464e-03
1.6080e+05, 5.8105e-03
1.6082e+05, 6.2934e-03
1.6084e+05, 6.8067e-03
1.6086e+05, 7.3824e-03
1.6087e+05, 8.0371e-03
1.6089e+05, 8.7743e-03
1.6091e+05, 9.6174e-03
1.6092e+05, 1.0084e-02
1.6093e+05, 1.0578e-02
1.6094e+05, 1.1113e-02
1.6095e+05, 1.1680e-02
1.6096e+05, 1.2294e-02
1.6096e+05, 1.2945e-02
1.6098e+05, 1.3990e-02
1.6098e+05, 1.4558e-02
1.6099e+05, 1.5147e-02
1.6100e+05, 1.6428e-02
1.6102e+05, 1.7845e-02
1.6103e+05, 1.9408e-02
1.6104e+05, 2.1125e-02
1.6106e+05, 2.3001e-02
1.6107e+05, 2.5018e-02
1.6108e+05, 2.6364e-02
1.6109e+05, 2.7762e-02
1.6110e+05, 3.0677e-02
1.6112e+05, 3.3661e-02
1.6113e+05, 3.6558e-02
1.6117e+05, 4.1270e-02
1.6118e+05, 4.2636e-02
1.6120e+05, 4.3106e-02
1.6121e+05, 4.2746e-02
1.6123e+05, 4.1713e-02
1.6124e+05, 4.0097e-02
1.6126e+05, 3.8049e-02
1.6127e+05, 3.5456e-02
1.6129e+05, 3.2687e-02
1.6132e+05, 2.7207e-02
1.6138e+05, 1.8330e-02
1.6141e+05, 1.5103e-02
1.6144e+05, 1.2567e-02
1.6147e+05, 1.0568e-02
1.6150e+05, 8.9852e-03
1.6154e+05, 7.4546e-03
1.6158e+05, 6.2815e-03
1.6162e+05, 5.3656e-03
1.6165e+05, 4.6396e-03
1.6173e+05, 3.5803e-03
1.6181e+05, 2.8685e-03
1.6189e+05, 2.3265e-03
1.6197e+05, 1.9384e-03
1.6205e+05, 1.6527e-03
1.6214e+05, 1.4367e-03
1.6230e+05, 1.1389e-03
1.6247e+05, 9.4186e-04
1.6264e+05, 8.0068e-04
1.6282e+05, 7.0176e-04
1.6318e+05, 5.7664e-04
1.6353e+05, 5.0906e-04
1.6388e+05, 4.8433e-04
1.6416e+05, 5.4283e-04
1.6430e+05, 6.9031e-04
1.6437e+05, 9.0313e-04
1.6441e+05, 1.1196e-03
1.6444e+05, 1.4663e-03
1.6447e+05, 2.0989e-03
1.6449e+05, 2.6508e-03
1.6451e+05, 3.5297e-03
1.6452e+05, 5.1170e-03
1.6453e+05, 6.4242e-03
1.6454e+05, 8.4269e-03
1.6455e+05, 1.1927e-02
1.6455e+05, 1.4793e-02
1.6455e+05, 1.8892e-02
1.6456e+05, 2.5222e-02
1.6456e+05, 3.4579e-02
1.6456e+05, 4.1057e-02
1.6457e+05, 4.8959e-02
1.6457e+05, 5.8511e-02
1.6457e+05, 6.9306e-02
1.6457e+05, 8.7078e-02
1.6457e+05, 1.0853e-01
1.6458e+05, 1.3365e-01
1.6458e+05, 1.6091e-01
1.6458e+05, 2.2383e-01
1.6459e+05, 2.8395e-01
1.6459e+05, 3.0572e-01
1.6459e+05, 3.2256e-01
1.6460e+05, 3.3513e-01
1.6460e+05, 3.4159e-01
1.6460e+05, 3.4271e-01
1.6460e+05, 3.4032e-01
1.6460e+05, 3.3326e-01
1.6461e+05, 3.0748e-01
1.6461e+05, 2.6379e-01
1.6462e+05, 2.1389e-01
1.6462e+05, 1.6434e-01
1.6462e+05, 1.2063e-01
1.6463e+05, 9.8989e-02
1.6463e+05, 8.0509e-02
1.6463e+05, 6.5114e-02
1.6463e+05, 5.3031e-02
1.6464e+05, 4.2879e-02
1.6464e+05, 3.5155e-02
1.6464e+05, 2.8819e-02
1.6464e+05, 2.4075e-02
1.6465e+05, 1.7318e-02
1.6465e+05, 1.3128e-02
1.6466e+05, 8.5562e-03
1.6467e+05, 6.1835e-03
1.6468e+05, 4.7711e-03
1.6470e+05, 3.1708e-03
1.6472e+05, 2.0945e-03
1.6475e+05, 1.5437e-03
1.6480e+05, 1.0160e-03
1.6485e+05, 7.8130e-04
1.6490e+05, 6.4362e-04
1.6500e+05, 5.0863e-04
1.6510e+05, 4.4885e-04
1.6551e+05, 3.5793e-04
1.6656e+05, 3.0883e-04
1.6762e+05, 2.9673e-04
1.6867e+05, 3.0599e-04
1.6973e+05, 3.3910e-04
1.7026e+05, 3.7111e-04
1.7078e+05, 4.1898e-04
1.7131e+05, 4.9096e-04
1.7184e+05, 6.0180e-04
1.7252e+05, 8.5844e-04
1.7260e+05, 9.0408e-04
1.7269e+05, 9.5659e-04
1.7277e+05, 1.0118e-03
1.7286e+05, 1.0743e-03
1.7294e+05, 1.1435e-03
1.7303e+05, 1.2204e-03
1.7311e+05, 1.3060e-03
1.7320e+05, 1.4017e-03
1.7325e+05, 1.4723e-03
1.7331e+05, 1.5475e-03
1.7336e+05, 1.6296e-03
1.7342e+05, 1.7185e-03
1.7348e+05, 1.8149e-03
1.7353e+05, 1.9197e-03
1.7356e+05, 1.9756e-03
1.7359e+05, 2.0336e-03
1.7362e+05, 2.0944e-03
1.7365e+05, 2.1577e-03
1.7370e+05, 2.2815e-03
1.7375e+05, 2.4153e-03
1.7380e+05, 2.5604e-03
1.7385e+05, 2.7177e-03
1.7391e+05, 2.8884e-03
1.7396e+05, 3.0736e-03
1.7401e+05, 3.2744e-03
1.7406e+05, 3.4920e-03
1.7412e+05, 3.7606e-03
1.7418e+05, 4.0535e-03
1.7424e+05, 4.3723e-03
1.7430e+05, 4.7173e-03
1.7436e+05, 5.0879e-03
1.7441e+05, 5.4824e-03
1.7447e+05, 5.8971e-03
1.7453e+05, 6.3261e-03
1.7465e+05, 7.1842e-03
1.7477e+05, 7.9516e-03
1.7488e+05, 8.5008e-03
1.7500e+05, 8.7018e-03
1.7507e+05, 8.6121e-03
1.7514e+05, 8.3878e-03
1.7521e+05, 8.0573e-03
1.7528e+05, 7.6321e-03
1.7541e+05, 6.7464e-03
1.7553e+05, 5.8313e-03
1.7578e+05, 4.2348e-03
1.7603e+05, 3.0830e-03
1.7628e+05, 2.2999e-03
1.7647e+05, 1.8613e-03
1.7667e+05, 1.5371e-03
1.7687e+05, 1.2877e-03
1.7707e+05, 1.0942e-03
1.7726e+05, 9.4185e-04
1.7746e+05, 8.2012e-04
1.7786e+05, 6.4115e-04
1.7825e+05, 5.1953e-04
1.7865e+05, 4.3339e-04
1.7904e+05, 3.6877e-04
1.7944e+05, 3.1944e-04
1.8023e+05, 2.5018e-04
1.8102e+05, 2.0479e-04
1.8211e+05, 1.6387e-04
1.8321e+05, 1.3706e-04
1.8431e+05, 1.1776e-04
1.8541e+05, 1.0363e-04
1.8760e+05, 8.4243e-05
1.8980e+05, 7.0950e-05
1.9243e+05, 6.0129e-05
1.9506e+05, 5.2319e-05
2.0033e+05, 4.1972e-05
2.0560e+05, 3.5832e-05
2.1086e+05, 3.3359e-05
2.1508e+05, 3.8688e-05
2.1675e+05, 4.9261e-05
2.1758e+05, 6.1606e-05
2.1841e+05, 8.8052e-05
2.1874e+05, 1.0741e-04
2.1907e+05, 1.3744e-04
2.1940e+05, 1.8642e-04
2.1957e+05, 2.2402e-04
2.1973e+05, 2.7620e-04
2.1990e+05, 3.5148e-04
2.1998e+05, 4.0214e-04
2.2006e+05, 4.6512e-04
2.2014e+05, 5.4299e-04
2.2023e+05, 6.4395e-04
2.2031e+05, 7.7537e-04
2.2039e+05, 9.4931e-04
2.2045e+05, 1.1198e-03
2.2051e+05, 1.3351e-03
2.2058e+05, 1.6091e-03
2.2064e+05, 1.9570e-03
2.2070e+05, 2.3940e-03
2.2076e+05, 2.9268e-03
2.2089e+05, 4.1231e-03
2.2091e+05, 4.3524e-03
2.2094e+05, 4.5316e-03
2.2097e+05, 4.6461e-03
2.2100e+05, 4.6848e-03
2.2103e+05, 4.6364e-03
2.2106e+05, 4.5001e-03
2.2112e+05, 4.0298e-03
2.2125e+05, 2.8414e-03
2.2131e+05, 2.3279e-03
2.2137e+05, 1.9081e-03
2.2143e+05, 1.5732e-03
2.2149e+05, 1.3092e-03
2.2156e+05, 1.0910e-03
2.2162e+05, 9.1982e-04
2.2169e+05, 7.8430e-04
2.2175e+05, 6.7605e-04
2.2182e+05, 5.8828e-04
2.2188e+05, 5.1656e-04
2.2201e+05, 4.0785e-04
2.2214e+05, 3.3442e-04
2.2226e+05, 2.7923e-04
2.2238e+05, 2.3771e-04
2.2251e+05, 2.0517e-04
2.2276e+05, 1.5892e-04
2.2300e+05, 1.2820e-04
2.2362e+05, 8.5619e-05
2.2423e+05, 6.4499e-05
2.2546e+05, 4.5164e-05
2.2707e+05, 3.5555e-05
2.2868e+05, 3.1432e-05
2.3189e+05, 2.9356e-05
2.3340e+05, 3.0012e-05
2.3529e+05, 3.2342e-05
2.3718e+05, 3.6973e-05
2.3813e+05, 4.0841e-05
2.3907e+05, 4.6249e-05
2.4002e+05, 5.3807e-05
2.4096e+05, 6.5197e-05
2.4177e+05, 7.9924e-05
2.4217e+05, 8.9945e-05
2.4257e+05, 1.0249e-04
2.4297e+05, 1.1843e-04
2.4337e+05, 1.3845e-04
2.4378e+05, 1.6510e-04
2.4398e+05, 1.8157e-04
2.4418e+05, 2.0067e-04
2.4446e+05, 2.3336e-04
2.4474e+05, 2.7341e-04
2.4502e+05, 3.2441e-04
2.4531e+05, 3.8691e-04
2.4559e+05, 4.6499e-04
2.4587e+05, 5.5661e-04
2.4644e+05, 7.5883e-04
2.4658e+05, 8.0013e-04
2.4672e+05, 8.3182e-04
2.4686e+05, 8.5283e-04
2.4700e+05, 8.6072e-04
2.4716e+05, 8.4906e-04
2.4732e+05, 8.1954e-04
2.4748e+05, 7.7654e-04
2.4764e+05, 7.2430e-04
2.4829e+05, 4.9732e-04
2.4861e+05, 4.0529e-04
2.4877e+05, 3.6464e-04
2.4893e+05, 3.3088e-04
2.4909e+05, 2.9952e-04
2.4925e+05, 2.7243e-04
2.4957e+05, 2.2699e-04
2.4997e+05, 1.8494e-04
2.5037e+05, 1.5285e-04
2.5077e+05, 1.2917e-04
2.5118e+05, 1.1052e-04
2.5158e+05, 9.6223e-05
2.5198e+05, 8.4624e-05
2.5278e+05, 6.7825e-05
2.5372e+05, 5.4911e-05
2.5465e+05, 4.6094e-05
2.5559e+05, 3.9843e-05
2.5653e+05, 3.5279e-05
2.5840e+05, 2.9343e-05
2.6027e+05, 2.5627e-05
2.6322e+05, 2.2325e-05
2.6616e+05, 2.0591e-05
2.7205e+05, 1.9343e-05
2.8489e+05, 2.2585e-05
2.9131e+05, 2.7753e-05
2.9452e+05, 3.2071e-05
2.9773e+05, 3.8023e-05
3.0041e+05, 4.5279e-05
3.0309e+05, 5.5551e-05
3.0442e+05, 6.2557e-05
3.0576e+05, 7.1184e-05
3.0643e+05, 7.6107e-05
3.0710e+05, 8.1817e-05
3.0777e+05, 8.8237e-05
3.0844e+05, 9.5486e-05
3.0884e+05, 1.0036e-04
3.0924e+05, 1.0560e-04
3.0964e+05, 1.1134e-04
3.1004e+05, 1.1753e-04
3.1041e+05, 1.2374e-04
3.1060e+05, 1.2700e-04
3.1078e+05, 1.3043e-04
3.1115e+05, 1.3769e-04
3.1133e+05, 1.4157e-04
3.1151e+05, 1.4562e-04
3.1170e+05, 1.4982e-04
3.1188e+05, 1.5420e-04
3.1207e+05, 1.5882e-04
3.1225e+05, 1.6361e-04
3.1243e+05, 1.6859e-04
3.1262e+05, 1.7388e-04
3.1299e+05, 1.8505e-04
3.1335e+05, 1.9740e-04
3.1354e+05, 2.0394e-04
3.1372e+05, 2.1087e-04
3.1409e+05, 2.2566e-04
3.1427e+05, 2.3363e-04
3.1446e+05, 2.4201e-04
3.1483e+05, 2.5987e-04
3.1519e+05, 2.7963e-04
3.1538e+05, 2.9016e-04
3.1556e+05, 3.0136e-04
3.1593e+05, 3.2511e-04
3.1620e+05, 3.4390e-04
3.1646e+05, 3.6398e-04
3.1673e+05, 3.8539e-04
3.1700e+05, 4.0816e-04
3.1728e+05, 4.3357e-04
3.1756e+05, 4.6046e-04
3.1784e+05, 4.8877e-04
3.1812e+05, 5.1833e-04
3.1841e+05, 5.4894e-04
3.1869e+05, 5.8026e-04
3.1925e+05, 6.4326e-04
3.2038e+05, 7.5169e-04
3.2094e+05, 7.8399e-04
3.2150e+05, 7.9414e-04
3.2192e+05, 7.8407e-04
3.2234e+05, 7.6285e-04
3.2277e+05, 7.3224e-04
3.2319e+05, 6.9354e-04
3.2389e+05, 6.1731e-04
3.2459e+05, 5.3898e-04
3.2600e+05, 3.9975e-04
3.2765e+05, 2.8335e-04
3.2848e+05, 2.4099e-04
3.2931e+05, 2.0743e-04
3.3014e+05, 1.7995e-04
3.3096e+05, 1.5796e-04
3.3262e+05, 1.2508e-04
3.3420e+05, 1.0393e-04
3.3578e+05, 8.8632e-05
3.3735e+05, 7.7921e-05
3.3893e+05, 7.0131e-05
3.4051e+05, 6.4642e-05
3.4209e+05, 6.1135e-05
3.4525e+05, 5.8196e-05
3.4826e+05, 6.0290e-05
3.5127e+05, 6.7210e-05
3.5427e+05, 8.1351e-05
3.5578e+05, 9.2142e-05
3.5653e+05, 9.8714e-05
3.5728e+05, 1.0646e-04
3.5796e+05, 1.1458e-04
3.5830e+05, 1.1908e-04
3.5863e+05, 1.2390e-04
3.5897e+05, 1.2906e-04
3.5931e+05, 1.3460e-04
3.5965e+05, 1.4054e-04
3.5999e+05, 1.4693e-04
3.6027e+05, 1.5263e-04
3.6055e+05, 1.5868e-04
3.6083e+05, 1.6512e-04
3.6112e+05, 1.7197e-04
3.6126e+05, 1.7552e-04
3.6140e+05, 1.7920e-04
3.6168e+05, 1.8693e-04
3.6182e+05, 1.9097e-04
3.6196e+05, 1.9514e-04
3.6224e+05, 2.0387e-04
3.6245e+05, 2.1062e-04
3.6266e+05, 2.1762e-04
3.6286e+05, 2.2500e-04
3.6307e+05, 2.3263e-04
3.6327e+05, 2.4060e-04
3.6348e+05, 2.4901e-04
3.6368e+05, 2.5770e-04
3.6389e+05, 2.6672e-04
3.6430e+05, 2.8608e-04
3.6450e+05, 2.9623e-04
3.6471e+05, 3.0694e-04
3.6492e+05, 3.1789e-04
3.6512e+05, 3.2925e-04
3.6553e+05, 3.5300e-04
3.6581e+05, 3.6997e-04
3.6609e+05, 3.8743e-04
3.6637e+05, 4.0526e-04
3.6665e+05, 4.2334e-04
3.6721e+05, 4.5959e-04
3.6777e+05, 4.9386e-04
3.7000e+05, 5.6884e-04
3.7069e+05, 5.5885e-04
3.7138e+05, 5.3355e-04
3.7206e+05, 4.9698e-04
3.7275e+05, 4.5404e-04
3.7361e+05, 3.9848e-04
3.7446e+05, 3.4582e-04
3.7617e+05, 2.5834e-04
3.7788e+05, 1.9771e-04
3.7959e+05, 1.5990e-04
3.8134e+05, 1.4635e-04
3.8244e+05, 1.6614e-04
3.8299e+05, 2.0097e-04
3.8326e+05, 2.3471e-04
3.8354e+05, 2.9059e-04
3.8373e+05, 3.5393e-04
3.8392e+05, 4.5442e-04
3.8411e+05, 6.2578e-04
3.8421e+05, 7.6060e-04
3.8430e+05, 9.4868e-04
3.8441e+05, 1.2641e-03
3.8451e+05, 1.7827e-03
3.8462e+05, 2.7272e-03
3.8467e+05, 3.4656e-03
3.8470e+05, 3.9562e-03
3.8472e+05, 4.5463e-03
3.8474e+05, 5.0330e-03
3.8476e+05, 5.5644e-03
3.8478e+05, 6.1686e-03
3.8479e+05, 6.8583e-03
3.8481e+05, 7.6443e-03
3.8483e+05, 8.5381e-03
3.8484e+05, 9.0285e-03
3.8484e+05, 9.5489e-03
3.8485e+05, 1.0100e-02
3.8486e+05, 1.0680e-02
3.8487e+05, 1.1288e-02
3.8488e+05, 1.1923e-02
3.8489e+05, 1.2510e-02
3.8489e+05, 1.3104e-02
3.8491e+05, 1.4318e-02
3.8492e+05, 1.5526e-02
3.8494e+05, 1.6667e-02
3.8500e+05, 1.9142e-02
3.8502e+05, 1.8729e-02
3.8505e+05, 1.7592e-02
3.8507e+05, 1.5957e-02
3.8509e+05, 1.4111e-02
3.8513e+05, 1.1601e-02
3.8516e+05, 9.4178e-03
3.8522e+05, 6.2466e-03
3.8529e+05, 4.3058e-03
3.8535e+05, 3.1061e-03
3.8544e+05, 2.1185e-03
3.8553e+05, 1.5354e-03
3.8562e+05, 1.1679e-03
3.8571e+05, 9.1943e-04
3.8587e+05, 6.3503e-04
3.8603e+05, 4.7108e-04
3.8620e+05, 3.6904e-04
3.8636e+05, 2.9957e-04
3.8676e+05, 2.0232e-04
3.8717e+05, 1.5290e-04
3.8798e+05, 1.0509e-04
3.8873e+05, 8.3734e-05
3.8949e+05, 7.0932e-05
3.9100e+05, 5.6142e-05
3.9252e+05, 4.7372e-05
3.9403e+05, 4.1450e-05
3.9655e+05, 3.4810e-05
3.9908e+05, 3.0394e-05
4.0412e+05, 2.4967e-05
4.0917e+05, 2.2369e-05
4.1421e+05, 2.1477e-05
4.2229e+05, 2.4443e-05
4.2632e+05, 2.9979e-05
4.2834e+05, 3.5053e-05
4.3036e+05, 4.3763e-05
4.3117e+05, 4.9098e-05
4.3218e+05, 5.8401e-05
4.3268e+05, 6.4590e-05
4.3319e+05, 7.2251e-05
4.3369e+05, 8.2214e-05
4.3420e+05, 9.5108e-05
4.3445e+05, 1.0282e-04
4.3470e+05, 1.1210e-04
4.3495e+05, 1.2254e-04
4.3521e+05, 1.3507e-04
4.3550e+05, 1.5296e-04
4.3579e+05, 1.7470e-04
4.3609e+05, 2.0216e-04
4.3638e+05, 2.3608e-04
4.3668e+05, 2.7875e-04
4.3682e+05, 3.0331e-04
4.3697e+05, 3.3074e-04
4.3727e+05, 3.9258e-04
4.3756e+05, 4.5912e-04
4.3774e+05, 4.9952e-04
4.3793e+05, 5.3424e-04
4.3812e+05, 5.5906e-04
4.3830e+05, 5.7074e-04
4.3843e+05, 5.6957e-04
4.3855e+05, 5.6282e-04
4.3868e+05, 5.5119e-04
4.3881e+05, 5.3414e-04
4.3906e+05, 4.9397e-04
4.3932e+05, 4.5260e-04
4.3957e+05, 4.1570e-04
4.3983e+05, 3.8897e-04
4.4008e+05, 3.7280e-04
4.4034e+05, 3.6729e-04
4.4056e+05, 3.7257e-04
4.4078e+05, 3.8752e-04
4.4100e+05, 4.1324e-04
4.4122e+05, 4.5183e-04
4.4144e+05, 5.0695e-04
4.4166e+05, 5.8519e-04
4.4188e+05, 6.9290e-04
4.4199e+05, 7.6238e-04
4.4210e+05, 8.4495e-04
4.4219e+05, 9.2661e-04
4.4229e+05, 1.0216e-03
4.4238e+05, 1.1319e-03
4.4247e+05, 1.2601e-03
4.4257e+05, 1.4086e-03
4.4266e+05, 1.5797e-03
4.4270e+05, 1.6742e-03
4.4275e+05, 1.7757e-03
4.4280e+05, 1.8837e-03
4.4284e+05, 1.9980e-03
4.4289e+05, 2.1185e-03
4.4294e+05, 2.2444e-03
4.4301e+05, 2.4434e-03
4.4308e+05, 2.6473e-03
4.4315e+05, 2.8482e-03
4.4322e+05, 3.0383e-03
4.4336e+05, 3.3315e-03
4.4350e+05, 3.4443e-03
4.4357e+05, 3.4117e-03
4.4364e+05, 3.3249e-03
4.4371e+05, 3.1940e-03
4.4378e+05, 3.0260e-03
4.4385e+05, 2.8250e-03
4.4393e+05, 2.6132e-03
4.4407e+05, 2.1925e-03
4.4437e+05, 1.5036e-03
4.4466e+05, 1.0498e-03
4.4495e+05, 7.5964e-04
4.4516e+05, 6.2092e-04
4.4536e+05, 5.1655e-04
4.4557e+05, 4.3639e-04
4.4577e+05, 3.7406e-04
4.4618e+05, 2.8592e-04
4.4659e+05, 2.2664e-04
4.4695e+05, 1.9124e-04
4.4730e+05, 1.6407e-04
4.4800e+05, 1.2725e-04
4.4870e+05, 1.0430e-04
4.4941e+05, 8.8325e-05
4.5011e+05, 7.7611e-05
4.5081e+05, 6.9719e-05
4.5222e+05, 6.0218e-05
4.5362e+05, 5.4849e-05
4.5503e+05, 5.2545e-05
4.5644e+05, 5.1910e-05
4.5972e+05, 5.6070e-05
4.6136e+05, 6.0394e-05
4.6300e+05, 6.6702e-05
4.6458e+05, 7.5203e-05
4.6537e+05, 8.0532e-05
4.6616e+05, 8.6615e-05
4.6696e+05, 9.4012e-05
4.6735e+05, 9.8231e-05
4.6775e+05, 1.0286e-04
4.6814e+05, 1.0799e-04
4.6854e+05, 1.1379e-04
4.6893e+05, 1.2030e-04
4.6933e+05, 1.2750e-04
4.6956e+05, 1.3232e-04
4.6988e+05, 1.3969e-04
4.7021e+05, 1.4799e-04
4.7053e+05, 1.5749e-04
4.7085e+05, 1.6857e-04
4.7117e+05, 1.8145e-04
4.7150e+05, 1.9698e-04
4.7166e+05, 2.0580e-04
4.7182e+05, 2.1585e-04
4.7198e+05, 2.2687e-04
4.7214e+05, 2.3902e-04
4.7236e+05, 2.5851e-04
4.7258e+05, 2.8187e-04
4.7280e+05, 3.1032e-04
4.7302e+05, 3.4555e-04
4.7313e+05, 3.6567e-04
4.7324e+05, 3.8902e-04
4.7335e+05, 4.1552e-04
4.7346e+05, 4.4574e-04
4.7357e+05, 4.8048e-04
4.7368e+05, 5.2064e-04
4.7379e+05, 5.6750e-04
4.7390e+05, 6.2254e-04
4.7403e+05, 6.9914e-04
4.7415e+05, 7.9345e-04
4.7428e+05, 9.1009e-04
4.7434e+05, 9.7934e-04
4.7441e+05, 1.0574e-03
4.7447e+05, 1.1459e-03
4.7453e+05, 1.2458e-03
4.7460e+05, 1.3587e-03
4.7466e+05, 1.4867e-03
4.7472e+05, 1.6327e-03
4.7479e+05, 1.7979e-03
4.7485e+05, 1.9840e-03
4.7491e+05, 2.1923e-03
4.7499e+05, 2.4627e-03
4.7506e+05, 2.7621e-03
4.7521e+05, 3.4086e-03
4.7535e+05, 3.9735e-03
4.7543e+05, 4.1463e-03
4.7550e+05, 4.2073e-03
4.7557e+05, 4.1462e-03
4.7564e+05, 3.9953e-03
4.7570e+05, 3.7740e-03
4.7584e+05, 3.2217e-03
4.7597e+05, 2.6524e-03
4.7610e+05, 2.1630e-03
4.7623e+05, 1.7721e-03
4.7636e+05, 1.4685e-03
4.7649e+05, 1.2346e-03
4.7663e+05, 1.0552e-03
4.7675e+05, 9.2613e-04
4.7687e+05, 8.2349e-04
4.7699e+05, 7.4087e-04
4.7711e+05, 6.7365e-04
4.7736e+05, 5.7285e-04
4.7760e+05, 5.0344e-04
4.7794e+05, 4.3932e-04
4.7827e+05, 3.9688e-04
4.7861e+05, 3.6945e-04
4.7895e+05, 3.5183e-04
4.7962e+05, 3.3060e-04
4.8030e+05, 3.2162e-04
4.8300e+05, 3.1125e-04
4.8403e+05, 3.0373e-04
4.8506e+05, 2.9306e-04
4.8609e+05, 2.8173e-04
4.8711e+05, 2.7557e-04
4.8814e+05, 2.9716e-04
4.8866e+05, 3.4838e-04
4.8891e+05, 4.0626e-04
4.8917e+05, 5.1462e-04
4.8934e+05, 6.3835e-04
4.8942e+05, 7.2686e-04
4.8951e+05, 8.3913e-04
4.8959e+05, 9.7997e-04
4.8968e+05, 1.1507e-03
4.8984e+05, 1.5308e-03
4.8992e+05, 1.6625e-03
4.9000e+05, 1.7112e-03
4.9005e+05, 1.6871e-03
4.9010e+05, 1.6265e-03
4.9015e+05, 1.5374e-03
4.9025e+05, 1.3167e-03
4.9044e+05, 9.0382e-04
4.9054e+05, 7.5378e-04
4.9064e+05, 6.3844e-04
4.9074e+05, 5.5021e-04
4.9083e+05, 4.8259e-04
4.9105e+05, 3.8300e-04
4.9126e+05, 3.2143e-04
4.9168e+05, 2.5264e-04
4.9210e+05, 2.1623e-04
4.9252e+05, 1.9347e-04
4.9362e+05, 1.6232e-04
4.9471e+05, 1.4629e-04
4.9691e+05, 1.3536e-04
4.9845e+05, 1.4220e-04
4.9923e+05, 1.5205e-04
4.9961e+05, 1.5894e-04
4.9981e+05, 1.6315e-04
4.9990e+05, 1.6531e-04
4.9993e+05, 1.6844e-04
4.9994e+05, 1.7830e-04
4.9995e+05, 2.1074e-04
4.9996e+05, 2.9714e-04
4.9998e+05, 4.7703e-04
4.9999e+05, 7.7048e-04
5.0000e+05, 1.1420e-03
5.0000e+05, 2.1235e-03
5.5000e+05, 2.1125e-03
6.0000e+05, 2.1024e-03
6.5000e+05, 2.1052e-03
7.0000e+05, 2.1079e-03
7.5000e+05, 2.1208e-03
8.0000e+05, 2.1328e-03
8.5000e+05, 2.1531e-03
9.0000e+05, 2.1723e-03
9.5000e+05, 2.1984e-03
1.0000e+06, 2.2235e-03
1.1000e+06, 1.9827e-03
1.1836e+06, 1.8155e-03
1.1836e+06, 1.8155e-03
1.2000e+06, 1.7857e-03
1.2500e+06, 1.5249e-03
1.3000e+06, 1.3102e-03
1.3500e+06, 1.1322e-03
1.4000e+06, 9.8361e-04
1.5000e+06, 9.2625e-04
1.6000e+06, 8.7562e-04
1.7000e+06, 8.6614e-04
1.8000e+06, 8.5729e-04
1.9000e+06, 8.5344e-04
1.9267e+06, 8.5244e-04
1.9267e+06, 8.5244e-04
2.0000e+06, 8.4980e-04
2.1000e+06, 8.5785e-04
2.2000e+06, 8.6560e-04
2.3000e+06, 8.1923e-04
2.3355e+06, 8.0382e-04
2.3355e+06, 8.0381e-04
2.4000e+06, 7.7716e-04
2.5000e+06, 7.6146e-04
2.6000e+06, 7.4667e-04
2.7000e+06, 7.2468e-04
2.7175e+06, 7.2099e-04
2.7175e+06, 7.2099e-04
2.8000e+06, 7.0411e-04
2.8186e+06, 7.0269e-04
2.9000e+06, 6.9662e-04
2.9898e+06, 6.9019e-04
3.0000e+06, 6.8947e-04
3.1000e+06, 6.8843e-04
3.1142e+06, 6.8828e-04
3.1142e+06, 6.8828e-04
3.2000e+06, 6.8742e-04
3.3000e+06, 6.7160e-04
3.3465e+06, 6.6453e-04
3.3604e+06, 6.6245e-04
3.3604e+06, 6.6245e-04
3.3771e+06, 6.5998e-04
3.3838e+06, 6.5899e-04
3.4000e+06, 6.5660e-04
3.4342e+06, 6.4667e-04
3.5000e+06, 6.2829e-04
3.6000e+06, 6.0194e-04
3.6626e+06, 5.8360e-04
3.6626e+06, 5.8360e-04
3.7000e+06, 5.7303e-04
3.7456e+06, 5.6058e-04
3.7456e+06, 5.6057e-04
3.7604e+06, 5.5660e-04
3.7970e+06, 5.4701e-04
3.8000e+06, 5.4623e-04
3.8628e+06, 5.3223e-04
3.8629e+06, 5.3223e-04
3.8771e+06, 5.2914e-04
3.9000e+06, 5.2422e-04
3.9537e+06, 5.1300e-04
3.9537e+06, 5.1300e-04
4.0000e+06, 5.0363e-04
4.0034e+06, 5.0356e-04
4.0126e+06, 5.0338e-04
4.0126e+06, 5.0338e-04
4.1034e+06, 5.0161e-04
4.1035e+06, 5.0161e-04
4.1859e+06, 5.0004e-04
4.1859e+06, 5.0004e-04
4.2000e+06, 4.9978e-04
4.2037e+06, 4.9913e-04
4.2647e+06, 4.8859e-04
4.4000e+06, 4.6650e-04
4.4912e+06, 4.5554e-04
4.6000e+06, 4.4306e-04
4.7305e+06, 4.3194e-04
4.8000e+06, 4.2626e-04
4.8492e+06, 4.2205e-04
4.9884e+06, 4.1058e-04
5.0000e+06, 4.0965e-04
5.1752e+06, 4.0040e-04
5.1929e+06, 3.9949e-04
5.2000e+06, 3.9913e-04
5.2720e+06, 3.9613e-04
5.3801e+06, 3.9173e-04
5.4000e+06, 3.9094e-04
5.4466e+06, 3.8929e-04
5.5204e+06, 3.8672e-04
5.6000e+06, 3.8400e-04
5.8000e+06, 3.7778e-04
5.8186e+06, 3.7742e-04
5.9794e+06, 3.7437e-04
6.0000e+06, 3.7399e-04
6.0251e+06, 3.7356e-04
6.0638e+06, 3.7289e-04
6.0898e+06, 3.7245e-04
6.2000e+06, 3.7061e-04
6.2577e+06, 3.7075e-04
6.3875e+06, 3.7105e-04
6.4000e+06, 3.7108e-04
6.6000e+06, 3.6967e-04
6.8000e+06, 3.6753e-04
7.0000e+06, 3.6902e-04
7.2000e+06, 3.6925e-04
7.4000e+06, 3.7622e-04
7.6000e+06, 3.7990e-04
7.8000e+06, 3.7994e-04
8.0000e+06, 3.8901e-04
8.5000e+06, 4.0985e-04
9.0000e+06, 4.4284e-04
9.0573e+06, 4.4780e-04
9.5000e+06, 4.8688e-04
1.0000e+07, 5.4763e-04
1.0168e+07, 5.7325e-04
1.0169e+07, 5.7326e-04
1.0500e+07, 6.2585e-04
1.0743e+07, 6.7065e-04
1.0924e+07, 7.0543e-04
1.1000e+07, 7.2047e-04
1.1166e+07, 7.5519e-04
1.1304e+07, 7.8502e-04
1.1387e+07, 8.0331e-04
1.1387e+07, 8.0332e-04
1.1403e+07, 8.0680e-04
1.1500e+07, 8.2855e-04
1.1612e+07, 8.5375e-04
1.2000e+07, 9.4516e-04
1.2444e+07, 1.0495e-03
1.2500e+07, 1.0631e-03
1.3000e+07, 1.1757e-03
1.3500e+07, 1.2827e-03
1.3632e+07, 1.3033e-03
1.3632e+07, 1.3033e-03
1.3741e+07, 1.3205e-03
1.3896e+07, 1.3450e-03
1.4000e+07, 1.3615e-03
1.4226e+07, 1.4006e-03
1.4285e+07, 1.4110e-03
1.4330e+07, 1.4187e-03
1.4347e+07, 1.4218e-03
1.4500e+07, 1.4487e-03
1.5000e+07, 1.4844e-03
1.5462e+07, 1.5102e-03
1.5500e+07, 1.5123e-03
1.5911e+07, 1.5350e-03
1.6000e+07, 1.5399e-03
1.6014e+07, 1.5401e-03
1.6365e+07, 1.5440e-03
1.6500e+07, 1.5455e-03
1.6696e+07, 1.5477e-03
1.6770e+07, 1.5485e-03
1.6796e+07, 1.5488e-03
1.7000e+07, 1.5510e-03
1.7310e+07, 1.5348e-03
1.7500e+07, 1.5251e-03
1.8000e+07, 1.5003e-03
1.8500e+07, 1.4435e-03
1.9000e+07, 1.3904e-03
1.9153e+07, 1.3652e-03
1.9500e+07, 1.3107e-03
1.9502e+07, 1.3103e-03
1.9597e+07, 1.2959e-03
1.9846e+07, 1.2594e-03
2.0000e+07, 1.2374e-03
2.0000e+07, 0.0000e+00
2.1000e+07, 0.0000e+00
2.2000e+07, 0.0000e+00
2.3000e+07, 0.0000e+00
2.4000e+07, 0.0000e+00
2.5000e+07, 0.0000e+00
2.6000e+07, 0.0000e+00
2.7000e+07, 0.0000e+00
2.8000e+07, 0.0000e+00
2.9000e+07, 0.0000e+00
3.0000e+07, 0.0000e+00
3.1000e+07, 0.0000e+00
3.2000e+07, 0.0000e+00
3.3000e+07, 0.0000e+00
3.4000e+07, 0.0000e+00
3.5000e+07, 0.0000e+00
3.6000e+07, 0.0000e+00
3.7000e+07, 0.0000e+00
3.8000e+07, 0.0000e+00
3.9000e+07, 0.0000e+00
4.0000e+07, 0.0000e+00
4.1000e+07, 0.0000e+00
4.2000e+07, 0.0000e+00
4.3000e+07, 0.0000e+00
4.4000e+07, 0.0000e+00
4.5000e+07, 0.0000e+00
4.6000e+07, 0.0000e+00
4.7000e+07, 0.0000e+00
4.8000e+07, 0.0000e+00
4.9000e+07, 0.0000e+00
5.0000e+07, 0.0000e+00
5.1000e+07, 0.0000e+00
5.2000e+07, 0.0000e+00
5.3000e+07, 0.0000e+00
5.4000e+07, 0.0000e+00
5.5000e+07, 0.0000e+00
5.6000e+07, 0.0000e+00
5.7000e+07, 0.0000e+00
5.8000e+07, 0.0000e+00
5.9000e+07, 0.0000e+00
6.0000e+07, 0.0000e+00
6.1000e+07, 0.0000e+00
6.2000e+07, 0.0000e+00
6.3000e+07, 0.0000e+00
6.4000e+07, 0.0000e+00
6.5000e+07, 0.0000e+00
6.6000e+07, 0.0000e+00
6.7000e+07, 0.0000e+00
6.8000e+07, 0.0000e+00
6.9000e+07, 0.0000e+00
7.0000e+07, 0.0000e+00
7.1000e+07, 0.0000e+00
7.2000e+07, 0.0000e+00
7.3000e+07, 0.0000e+00
7.4000e+07, 0.0000e+00
7.5000e+07, 0.0000e+00
7.6000e+07, 0.0000e+00
7.7000e+07, 0.0000e+00
7.8000e+07, 0.0000e+00
7.9000e+07, 0.0000e+00
8.0000e+07, 0.0000e+00
8.1000e+07, 0.0000e+00
8.2000e+07, 0.0000e+00
8.3000e+07, 0.0000e+00
8.4000e+07, 0.0000e+00
8.5000e+07, 0.0000e+00
8.6000e+07, 0.0000e+00
8.7000e+07, 0.0000e+00
8.8000e+07, 0.0000e+00
8.9000e+07, 0.0000e+00
9.0000e+07, 0.0000e+00
9.1000e+07, 0.0000e+00
9.2000e+07, 0.0000e+00
9.3000e+07, 0.0000e+00
9.4000e+07, 0.0000e+00
9.5000e+07, 0.0000e+00
9.6000e+07, 0.0000e+00
9.7000e+07, 0.0000e+00
9.8000e+07, 0.0000e+00
9.9000e+07, 0.0000e+00
1.0000e+08, 0.0000e+00
1.0200e+08, 0.0000e+00
1.0400e+08, 0.0000e+00
1.0600e+08, 0.0000e+00
1.0800e+08, 0.0000e+00
1.1000e+08, 0.0000e+00
1.1200e+08, 0.0000e+00
1.1400e+08, 0.0000e+00
1.1600e+08, 0.0000e+00
1.1800e+08, 0.0000e+00
1.2000e+08, 0.0000e+00
1.2200e+08, 0.0000e+00
1.2400e+08, 0.0000e+00
1.2600e+08, 0.0000e+00
1.2800e+08, 0.0000e+00
1.3000e+08, 0.0000e+00
1.3200e+08, 0.0000e+00
1.3400e+08, 0.0000e+00
1.3600e+08, 0.0000e+00
1.3800e+08, 0.0000e+00
1.4000e+08, 0.0000e+00
1.4200e+08, 0.0000e+00
1.4400e+08, 0.0000e+00
1.4600e+08, 0.0000e+00
1.4800e+08, 0.0000e+00
1.5000e+08, 0.0000e+00
1.5200e+08, 0.0000e+00
1.5400e+08, 0.0000e+00
1.5600e+08, 0.0000e+00
1.5800e+08, 0.0000e+00
1.6000e+08, 0.0000e+00
1.6200e+08, 0.0000e+00
1.6400e+08, 0.0000e+00
1.6600e+08, 0.0000e+00
1.6800e+08, 0.0000e+00
1.7000e+08, 0.0000e+00
1.7200e+08, 0.0000e+00
1.7400e+08, 0.0000e+00
1.7600e+08, 0.0000e+00
1.7800e+08, 0.0000e+00
1.8000e+08, 0.0000e+00
1.8200e+08, 0.0000e+00
1.8400e+08, 0.0000e+00
1.8600e+08, 0.0000e+00
1.8800e+08, 0.0000e+00
1.9000e+08, 0.0000e+00
1.9200e+08, 0.0000e+00
1.9400e+08, 0.0000e+00
1.9600e+08, 0.0000e+00
1.9800e+08, 0.0000e+00
2.0000e+08, 0.0000e+00
