ebin, xs
1.0000e-05, 3.7520e+02
1.0625e-05, 3.6400e+02
1.1250e-05, 3.5374e+02
1.1875e-05, 3.4431e+02
1.2500e-05, 3.3559e+02
1.3750e-05, 3.1997e+02
1.5000e-05, 3.0635e+02
1.6250e-05, 2.9433e+02
1.7500e-05, 2.8362e+02
1.8750e-05, 2.7401e+02
2.0000e-05, 2.6531e+02
2.1875e-05, 2.5368e+02
2.3750e-05, 2.4346e+02
2.5625e-05, 2.3438e+02
2.7500e-05, 2.2625e+02
2.9375e-05, 2.1891e+02
3.1250e-05, 2.1224e+02
3.3125e-05, 2.0615e+02
3.5000e-05, 2.0055e+02
3.8750e-05, 1.9060e+02
4.2500e-05, 1.8200e+02
4.6250e-05, 1.7446e+02
5.0000e-05, 1.6779e+02
5.3125e-05, 1.6278e+02
5.6250e-05, 1.5820e+02
5.9375e-05, 1.5398e+02
6.2500e-05, 1.5008e+02
6.8750e-05, 1.4310e+02
7.5000e-05, 1.3700e+02
8.1250e-05, 1.3163e+02
8.7500e-05, 1.2684e+02
9.3750e-05, 1.2254e+02
1.0000e-04, 1.1865e+02
1.0625e-04, 1.1511e+02
1.1250e-04, 1.1186e+02
1.1875e-04, 1.0888e+02
1.2500e-04, 1.0612e+02
1.3750e-04, 1.0118e+02
1.5000e-04, 9.6876e+01
1.6250e-04, 9.3075e+01
1.7500e-04, 8.9689e+01
1.8750e-04, 8.6648e+01
2.0000e-04, 8.3897e+01
2.1875e-04, 8.0221e+01
2.3750e-04, 7.6989e+01
2.5625e-04, 7.4119e+01
2.7500e-04, 7.1547e+01
2.9375e-04, 6.9226e+01
3.1250e-04, 6.7117e+01
3.3125e-04, 6.5190e+01
3.5000e-04, 6.3420e+01
3.8750e-04, 6.0273e+01
4.2500e-04, 5.7552e+01
4.6250e-04, 5.5170e+01
5.0000e-04, 5.3061e+01
5.3125e-04, 5.1476e+01
5.6250e-04, 5.0026e+01
5.9375e-04, 4.8692e+01
6.2500e-04, 4.7459e+01
6.8750e-04, 4.5250e+01
7.5000e-04, 4.3324e+01
8.1250e-04, 4.1624e+01
8.7500e-04, 4.0110e+01
9.3750e-04, 3.8750e+01
1.0000e-03, 3.7519e+01
1.0625e-03, 3.6399e+01
1.1250e-03, 3.5374e+01
1.1875e-03, 3.4430e+01
1.2500e-03, 3.3558e+01
1.3750e-03, 3.1997e+01
1.5000e-03, 3.0634e+01
1.6250e-03, 2.9433e+01
1.7500e-03, 2.8362e+01
1.8750e-03, 2.7400e+01
2.0000e-03, 2.6530e+01
2.1875e-03, 2.5368e+01
2.3750e-03, 2.4346e+01
2.5625e-03, 2.3438e+01
2.7500e-03, 2.2625e+01
2.9375e-03, 2.1891e+01
3.1250e-03, 2.1224e+01
3.3125e-03, 2.0615e+01
3.5000e-03, 2.0055e+01
3.8750e-03, 1.9060e+01
4.2500e-03, 1.8200e+01
4.6250e-03, 1.7446e+01
5.0000e-03, 1.6779e+01
5.3125e-03, 1.6278e+01
5.6250e-03, 1.5819e+01
5.9375e-03, 1.5397e+01
6.2500e-03, 1.5007e+01
6.8750e-03, 1.4309e+01
7.5000e-03, 1.3699e+01
8.1250e-03, 1.3162e+01
8.7500e-03, 1.2683e+01
9.3750e-03, 1.2252e+01
1.0000e-02, 1.1863e+01
1.0625e-02, 1.1509e+01
1.1250e-02, 1.1185e+01
1.1875e-02, 1.0887e+01
1.2500e-02, 1.0611e+01
1.3750e-02, 1.0118e+01
1.5000e-02, 9.6867e+00
1.6250e-02, 9.3064e+00
1.7500e-02, 8.9674e+00
1.8750e-02, 8.6630e+00
2.0000e-02, 8.3876e+00
2.1325e-02, 8.1226e+00
2.2650e-02, 7.8813e+00
2.3975e-02, 7.6605e+00
2.5300e-02, 7.4573e+00
2.6844e-02, 7.2401e+00
2.8387e-02, 7.0409e+00
3.1475e-02, 6.6871e+00
3.4563e-02, 6.3811e+00
3.7650e-02, 6.1134e+00
4.0738e-02, 5.8766e+00
4.3825e-02, 5.6654e+00
4.6913e-02, 5.4755e+00
5.0000e-02, 5.3035e+00
5.3125e-02, 5.1449e+00
5.6250e-02, 4.9999e+00
5.9375e-02, 4.8666e+00
6.2500e-02, 4.7437e+00
6.8750e-02, 4.5232e+00
7.5000e-02, 4.3303e+00
8.1250e-02, 4.1599e+00
8.7500e-02, 4.0082e+00
9.3750e-02, 3.8719e+00
1.0000e-01, 3.7487e+00
1.0625e-01, 3.6365e+00
1.1250e-01, 3.5338e+00
1.1875e-01, 3.4395e+00
1.2500e-01, 3.3527e+00
1.3750e-01, 3.1968e+00
1.5000e-01, 3.0602e+00
1.6250e-01, 2.9397e+00
1.7500e-01, 2.8323e+00
1.8750e-01, 2.7360e+00
2.0000e-01, 2.6491e+00
2.1875e-01, 2.5328e+00
2.3750e-01, 2.4303e+00
2.5625e-01, 2.3392e+00
2.7500e-01, 2.2577e+00
2.9375e-01, 2.1840e+00
3.1250e-01, 2.1171e+00
3.3125e-01, 2.0560e+00
3.5000e-01, 2.0003e+00
3.8750e-01, 1.9008e+00
4.2500e-01, 1.8143e+00
5.0000e-01, 1.6719e+00
6.2500e-01, 1.4940e+00
7.5000e-01, 1.3624e+00
8.7500e-01, 1.2604e+00
1.0000e+00, 1.1781e+00
1.2500e+00, 1.0516e+00
1.5000e+00, 9.5828e-01
1.7500e+00, 8.8577e-01
2.0000e+00, 8.2723e-01
2.3750e+00, 7.5729e-01
2.7500e+00, 7.0220e-01
3.1250e+00, 6.5722e-01
3.5000e+00, 6.1966e-01
4.2500e+00, 5.6005e-01
5.0000e+00, 5.1447e-01
6.2500e+00, 4.5774e-01
7.5000e+00, 4.1606e-01
8.7500e+00, 3.8398e-01
1.0000e+01, 3.5843e-01
1.1250e+01, 3.3756e-01
1.2500e+01, 3.2025e-01
1.5000e+01, 2.9342e-01
1.7500e+01, 2.7403e-01
2.0000e+01, 2.5997e-01
2.3750e+01, 2.4640e-01
2.7500e+01, 2.4020e-01
3.1250e+01, 2.4075e-01
3.5000e+01, 2.4859e-01
3.6875e+01, 2.5578e-01
3.8750e+01, 2.6571e-01
4.0625e+01, 2.7896e-01
4.2500e+01, 2.9643e-01
4.4375e+01, 3.1941e-01
4.6250e+01, 3.4985e-01
4.8125e+01, 3.9063e-01
4.9062e+01, 4.1629e-01
5.0000e+01, 4.4669e-01
5.1013e+01, 4.8607e-01
5.2026e+01, 5.3412e-01
5.3040e+01, 5.9355e-01
5.4053e+01, 6.6822e-01
5.5066e+01, 7.6332e-01
5.5573e+01, 8.2098e-01
5.6080e+01, 8.8772e-01
5.6586e+01, 9.6506e-01
5.7093e+01, 1.0554e+00
5.7599e+01, 1.1618e+00
5.8106e+01, 1.2884e+00
5.8510e+01, 1.4074e+00
5.8913e+01, 1.5466e+00
5.9317e+01, 1.7103e+00
5.9721e+01, 1.9042e+00
6.0125e+01, 2.1348e+00
6.0528e+01, 2.4156e+00
6.0730e+01, 2.5802e+00
6.0932e+01, 2.7627e+00
6.1033e+01, 2.8620e+00
6.1134e+01, 2.9672e+00
6.1235e+01, 3.0789e+00
6.1336e+01, 3.1975e+00
6.1403e+01, 3.2806e+00
6.1470e+01, 3.3673e+00
6.1538e+01, 3.4577e+00
6.1605e+01, 3.5520e+00
6.1672e+01, 3.6505e+00
6.1739e+01, 3.7533e+00
6.1807e+01, 3.8608e+00
6.1874e+01, 3.9732e+00
6.1906e+01, 4.0278e+00
6.1977e+01, 4.1554e+00
6.2048e+01, 4.2893e+00
6.2119e+01, 4.4302e+00
6.2191e+01, 4.5785e+00
6.2242e+01, 4.6905e+00
6.2294e+01, 4.8068e+00
6.2345e+01, 4.9277e+00
6.2396e+01, 5.0535e+00
6.2448e+01, 5.1844e+00
6.2499e+01, 5.3206e+00
6.2551e+01, 5.4624e+00
6.2602e+01, 5.6102e+00
6.2646e+01, 5.7402e+00
6.2689e+01, 5.8750e+00
6.2733e+01, 6.0147e+00
6.2776e+01, 6.1595e+00
6.2864e+01, 6.4661e+00
6.2951e+01, 6.7969e+00
6.3038e+01, 7.1547e+00
6.3125e+01, 7.5425e+00
6.3212e+01, 7.9637e+00
6.3299e+01, 8.4223e+00
6.3386e+01, 8.9230e+00
6.3473e+01, 9.4710e+00
6.3560e+01, 1.0073e+01
6.3647e+01, 1.0735e+01
6.3734e+01, 1.1466e+01
6.3821e+01, 1.2277e+01
6.3908e+01, 1.3180e+01
6.3996e+01, 1.4188e+01
6.4083e+01, 1.5319e+01
6.4170e+01, 1.6594e+01
6.4257e+01, 1.8039e+01
6.4344e+01, 1.9685e+01
6.4431e+01, 2.1573e+01
6.4518e+01, 2.3752e+01
6.4605e+01, 2.6286e+01
6.4692e+01, 2.9258e+01
6.4779e+01, 3.2776e+01
6.4866e+01, 3.6986e+01
6.4910e+01, 3.9408e+01
6.4953e+01, 4.2082e+01
6.4997e+01, 4.5045e+01
6.5040e+01, 4.8338e+01
6.5084e+01, 5.2016e+01
6.5128e+01, 5.6142e+01
6.5171e+01, 6.0792e+01
6.5215e+01, 6.6061e+01
6.5258e+01, 7.2069e+01
6.5302e+01, 7.8967e+01
6.5345e+01, 8.6948e+01
6.5389e+01, 9.6263e+01
6.5432e+01, 1.0725e+02
6.5476e+01, 1.2036e+02
6.5519e+01, 1.3624e+02
6.5563e+01, 1.5577e+02
6.5585e+01, 1.6731e+02
6.5606e+01, 1.8030e+02
6.5628e+01, 1.9503e+02
6.5650e+01, 2.1182e+02
6.5672e+01, 2.3111e+02
6.5694e+01, 2.5339e+02
6.5715e+01, 2.7929e+02
6.5737e+01, 3.0958e+02
6.5753e+01, 3.3491e+02
6.5769e+01, 3.6346e+02
6.5785e+01, 3.9569e+02
6.5800e+01, 4.3214e+02
6.5816e+01, 4.7342e+02
6.5832e+01, 5.2009e+02
6.5848e+01, 5.7287e+02
6.5864e+01, 6.3247e+02
6.5880e+01, 6.9968e+02
6.5895e+01, 7.7517e+02
6.5911e+01, 8.5973e+02
6.5927e+01, 9.5406e+02
6.5943e+01, 1.0588e+03
6.5959e+01, 1.1745e+03
6.5990e+01, 1.4399e+03
6.6012e+01, 1.6490e+03
6.6034e+01, 1.8787e+03
6.6077e+01, 2.3903e+03
6.6165e+01, 3.4816e+03
6.6198e+01, 3.8515e+03
6.6232e+01, 4.1429e+03
6.6266e+01, 4.3289e+03
6.6300e+01, 4.3916e+03
6.6338e+01, 4.3060e+03
6.6377e+01, 4.0652e+03
6.6415e+01, 3.6989e+03
6.6454e+01, 3.2495e+03
6.6544e+01, 2.1218e+03
6.6566e+01, 1.8656e+03
6.6589e+01, 1.6294e+03
6.6612e+01, 1.4154e+03
6.6634e+01, 1.2247e+03
6.6654e+01, 1.0785e+03
6.6673e+01, 9.4886e+02
6.6693e+01, 8.3487e+02
6.6712e+01, 7.3534e+02
6.6732e+01, 6.4891e+02
6.6751e+01, 5.7420e+02
6.6771e+01, 5.0984e+02
6.6790e+01, 4.5449e+02
6.6810e+01, 4.0694e+02
6.6829e+01, 3.6606e+02
6.6849e+01, 3.3086e+02
6.6868e+01, 3.0048e+02
6.6888e+01, 2.7417e+02
6.6907e+01, 2.5128e+02
6.6927e+01, 2.3128e+02
6.6946e+01, 2.1373e+02
6.6981e+01, 1.8723e+02
6.7016e+01, 1.6570e+02
6.7051e+01, 1.4791e+02
6.7086e+01, 1.3303e+02
6.7120e+01, 1.2040e+02
6.7155e+01, 1.0958e+02
6.7190e+01, 1.0022e+02
6.7225e+01, 9.2055e+01
6.7295e+01, 7.8538e+01
6.7365e+01, 6.7859e+01
6.7434e+01, 5.9257e+01
6.7504e+01, 5.2218e+01
6.7566e+01, 4.7013e+01
6.7627e+01, 4.2562e+01
6.7689e+01, 3.8722e+01
6.7750e+01, 3.5388e+01
6.7812e+01, 3.2472e+01
6.7873e+01, 2.9910e+01
6.7996e+01, 2.5631e+01
6.8119e+01, 2.2215e+01
6.8243e+01, 1.9440e+01
6.8366e+01, 1.7154e+01
6.8489e+01, 1.5251e+01
6.8604e+01, 1.3749e+01
6.8719e+01, 1.2460e+01
6.8833e+01, 1.1346e+01
6.8948e+01, 1.0376e+01
6.9063e+01, 9.5271e+00
6.9178e+01, 8.7794e+00
6.9408e+01, 7.5310e+00
6.9638e+01, 6.5401e+00
6.9867e+01, 5.7321e+00
7.0097e+01, 5.0647e+00
7.0327e+01, 4.5095e+00
7.0540e+01, 4.0738e+00
7.0754e+01, 3.7000e+00
7.0967e+01, 3.3769e+00
7.1180e+01, 3.0958e+00
7.1394e+01, 2.8497e+00
7.1607e+01, 2.6331e+00
7.2034e+01, 2.2711e+00
7.2460e+01, 1.9828e+00
7.2887e+01, 1.7529e+00
7.3314e+01, 1.5605e+00
7.3741e+01, 1.4008e+00
7.4200e+01, 1.2577e+00
7.4660e+01, 1.1381e+00
7.5119e+01, 1.0371e+00
7.5579e+01, 9.5113e-01
7.6038e+01, 8.7735e-01
7.6498e+01, 8.1367e-01
7.7417e+01, 7.1017e-01
7.8336e+01, 6.3247e-01
7.9255e+01, 5.6951e-01
8.0174e+01, 5.1978e-01
8.1093e+01, 4.8025e-01
8.2406e+01, 4.3702e-01
8.3719e+01, 4.0504e-01
8.5032e+01, 3.8120e-01
8.6345e+01, 3.6524e-01
8.7658e+01, 3.5210e-01
8.8971e+01, 3.4446e-01
9.1597e+01, 3.3794e-01
9.3698e+01, 3.4118e-01
9.5799e+01, 3.5071e-01
9.7899e+01, 3.6639e-01
1.0000e+02, 3.8852e-01
1.0297e+02, 4.3312e-01
1.0445e+02, 4.6079e-01
1.0593e+02, 4.9550e-01
1.0742e+02, 5.3446e-01
1.0890e+02, 5.8180e-01
1.0964e+02, 6.0888e-01
1.1039e+02, 6.3856e-01
1.1076e+02, 6.5447e-01
1.1113e+02, 6.7112e-01
1.1150e+02, 6.8854e-01
1.1187e+02, 7.0677e-01
1.1216e+02, 7.2187e-01
1.1246e+02, 7.3757e-01
1.1275e+02, 7.5390e-01
1.1304e+02, 7.7087e-01
1.1334e+02, 7.8853e-01
1.1363e+02, 8.0690e-01
1.1378e+02, 8.1637e-01
1.1392e+02, 8.2602e-01
1.1407e+02, 8.3588e-01
1.1414e+02, 8.4089e-01
1.1421e+02, 8.4595e-01
1.1432e+02, 8.5318e-01
1.1438e+02, 8.5761e-01
1.1444e+02, 8.6208e-01
1.1457e+02, 8.7113e-01
1.1469e+02, 8.8035e-01
1.1482e+02, 8.8973e-01
1.1507e+02, 9.0902e-01
1.1532e+02, 9.2903e-01
1.1551e+02, 9.4471e-01
1.1570e+02, 9.6085e-01
1.1589e+02, 9.7746e-01
1.1608e+02, 9.9454e-01
1.1627e+02, 1.0121e+00
1.1646e+02, 1.0303e+00
1.1665e+02, 1.0490e+00
1.1684e+02, 1.0682e+00
1.1703e+02, 1.0881e+00
1.1722e+02, 1.1085e+00
1.1741e+02, 1.1296e+00
1.1760e+02, 1.1514e+00
1.1779e+02, 1.1739e+00
1.1798e+02, 1.1970e+00
1.1836e+02, 1.2457e+00
1.1873e+02, 1.2977e+00
1.1911e+02, 1.3533e+00
1.1949e+02, 1.4128e+00
1.1987e+02, 1.4766e+00
1.2025e+02, 1.5453e+00
1.2063e+02, 1.6191e+00
1.2101e+02, 1.6987e+00
1.2139e+02, 1.7847e+00
1.2177e+02, 1.8779e+00
1.2215e+02, 1.9789e+00
1.2253e+02, 2.0887e+00
1.2291e+02, 2.2084e+00
1.2329e+02, 2.3393e+00
1.2367e+02, 2.4826e+00
1.2405e+02, 2.6401e+00
1.2443e+02, 2.8137e+00
1.2481e+02, 3.0057e+00
1.2519e+02, 3.2188e+00
1.2557e+02, 3.4561e+00
1.2595e+02, 3.7215e+00
1.2633e+02, 4.0197e+00
1.2670e+02, 4.3563e+00
1.2708e+02, 4.7382e+00
1.2746e+02, 5.1738e+00
1.2784e+02, 5.6740e+00
1.2822e+02, 6.2518e+00
1.2860e+02, 6.9245e+00
1.2898e+02, 7.7140e+00
1.2936e+02, 8.6495e+00
1.2974e+02, 9.7688e+00
1.3012e+02, 1.1124e+01
1.3031e+02, 1.1911e+01
1.3050e+02, 1.2786e+01
1.3069e+02, 1.3762e+01
1.3088e+02, 1.4855e+01
1.3107e+02, 1.6087e+01
1.3126e+02, 1.7478e+01
1.3145e+02, 1.9061e+01
1.3164e+02, 2.0869e+01
1.3183e+02, 2.2943e+01
1.3202e+02, 2.5337e+01
1.3221e+02, 2.8132e+01
1.3240e+02, 3.1432e+01
1.3259e+02, 3.5360e+01
1.3278e+02, 4.0079e+01
1.3297e+02, 4.5819e+01
1.3316e+02, 5.2891e+01
1.3325e+02, 5.7063e+01
1.3335e+02, 6.1750e+01
1.3344e+02, 6.7042e+01
1.3354e+02, 7.3037e+01
1.3366e+02, 8.1913e+01
1.3378e+02, 9.2494e+01
1.3390e+02, 1.0527e+02
1.3402e+02, 1.2088e+02
1.3414e+02, 1.4028e+02
1.3420e+02, 1.5178e+02
1.3426e+02, 1.6474e+02
1.3432e+02, 1.7944e+02
1.3438e+02, 1.9619e+02
1.3444e+02, 2.1538e+02
1.3450e+02, 2.3742e+02
1.3459e+02, 2.7518e+02
1.3467e+02, 3.2219e+02
1.3472e+02, 3.5011e+02
1.3476e+02, 3.8145e+02
1.3480e+02, 4.1673e+02
1.3485e+02, 4.5651e+02
1.3489e+02, 5.0147e+02
1.3493e+02, 5.5200e+02
1.3498e+02, 6.0879e+02
1.3502e+02, 6.7240e+02
1.3506e+02, 7.4344e+02
1.3511e+02, 8.2186e+02
1.3519e+02, 1.0011e+03
1.3545e+02, 1.6237e+03
1.3551e+02, 1.7601e+03
1.3557e+02, 1.8674e+03
1.3564e+02, 1.9358e+03
1.3570e+02, 1.9587e+03
1.3577e+02, 1.9300e+03
1.3584e+02, 1.8495e+03
1.3590e+02, 1.7262e+03
1.3597e+02, 1.5729e+03
1.3611e+02, 1.2307e+03
1.3618e+02, 1.0650e+03
1.3625e+02, 9.1376e+02
1.3632e+02, 7.6487e+02
1.3640e+02, 6.3981e+02
1.3648e+02, 5.3708e+02
1.3655e+02, 4.5372e+02
1.3663e+02, 3.8638e+02
1.3671e+02, 3.3191e+02
1.3678e+02, 2.8761e+02
1.3686e+02, 2.5129e+02
1.3692e+02, 2.2723e+02
1.3698e+02, 2.0642e+02
1.3704e+02, 1.8826e+02
1.3710e+02, 1.7239e+02
1.3716e+02, 1.5840e+02
1.3722e+02, 1.4606e+02
1.3734e+02, 1.2529e+02
1.3746e+02, 1.0865e+02
1.3758e+02, 9.5110e+01
1.3770e+02, 8.3961e+01
1.3782e+02, 7.4672e+01
1.3794e+02, 6.6838e+01
1.3806e+02, 6.0174e+01
1.3818e+02, 5.4449e+01
1.3831e+02, 4.9497e+01
1.3843e+02, 4.5186e+01
1.3855e+02, 4.1413e+01
1.3867e+02, 3.8092e+01
1.3879e+02, 3.5154e+01
1.3903e+02, 3.0211e+01
1.3927e+02, 2.6241e+01
1.3951e+02, 2.3005e+01
1.3975e+02, 2.0338e+01
1.3998e+02, 1.8211e+01
1.4021e+02, 1.6399e+01
1.4044e+02, 1.4836e+01
1.4067e+02, 1.3483e+01
1.4090e+02, 1.2306e+01
1.4113e+02, 1.1276e+01
1.4136e+02, 1.0370e+01
1.4159e+02, 9.5694e+00
1.4205e+02, 8.2215e+00
1.4251e+02, 7.1392e+00
1.4297e+02, 6.2570e+00
1.4343e+02, 5.5283e+00
1.4385e+02, 4.9732e+00
1.4426e+02, 4.4985e+00
1.4468e+02, 4.0945e+00
1.4510e+02, 3.7374e+00
1.4551e+02, 3.4247e+00
1.4593e+02, 3.1480e+00
1.4676e+02, 2.6883e+00
1.4760e+02, 2.3224e+00
1.4843e+02, 2.0264e+00
1.4926e+02, 1.7834e+00
1.5009e+02, 1.5819e+00
1.5088e+02, 1.4212e+00
1.5167e+02, 1.2840e+00
1.5246e+02, 1.1659e+00
1.5325e+02, 1.0659e+00
1.5404e+02, 9.7619e-01
1.5483e+02, 8.9825e-01
1.5561e+02, 8.2784e-01
1.5640e+02, 7.6766e-01
1.5719e+02, 7.1199e-01
1.5798e+02, 6.6410e-01
1.5956e+02, 5.8082e-01
1.6114e+02, 5.1311e-01
1.6271e+02, 4.5762e-01
1.6412e+02, 4.1647e-01
1.6552e+02, 3.8162e-01
1.6692e+02, 3.5212e-01
1.6832e+02, 3.2736e-01
1.6972e+02, 3.0701e-01
1.7113e+02, 2.9110e-01
1.7253e+02, 2.8027e-01
1.7393e+02, 2.7608e-01
1.7507e+02, 2.8072e-01
1.7564e+02, 2.8763e-01
1.7621e+02, 2.9881e-01
1.7678e+02, 3.1757e-01
1.7706e+02, 3.3108e-01
1.7735e+02, 3.4850e-01
1.7763e+02, 3.7117e-01
1.7792e+02, 4.0097e-01
1.7820e+02, 4.4091e-01
1.7835e+02, 4.6629e-01
1.7849e+02, 4.9654e-01
1.7865e+02, 5.3916e-01
1.7882e+02, 5.9253e-01
1.7898e+02, 6.6054e-01
1.7915e+02, 7.4908e-01
1.7923e+02, 8.0392e-01
1.7931e+02, 8.6797e-01
1.7939e+02, 9.4353e-01
1.7948e+02, 1.0335e+00
1.7956e+02, 1.1425e+00
1.7964e+02, 1.2762e+00
1.7972e+02, 1.4445e+00
1.7980e+02, 1.6625e+00
1.7987e+02, 1.9128e+00
1.7991e+02, 2.0691e+00
1.7995e+02, 2.2536e+00
1.7998e+02, 2.4746e+00
1.8002e+02, 2.7430e+00
1.8005e+02, 3.0731e+00
1.8009e+02, 3.4842e+00
1.8012e+02, 4.0009e+00
1.8016e+02, 4.6550e+00
1.8020e+02, 5.4864e+00
1.8021e+02, 5.9834e+00
1.8023e+02, 6.5438e+00
1.8025e+02, 7.1752e+00
1.8027e+02, 7.8858e+00
1.8028e+02, 8.6843e+00
1.8030e+02, 9.5803e+00
1.8032e+02, 1.0583e+01
1.8034e+02, 1.1704e+01
1.8036e+02, 1.2952e+01
1.8037e+02, 1.4338e+01
1.8039e+02, 1.5882e+01
1.8041e+02, 1.7578e+01
1.8044e+02, 2.1485e+01
1.8048e+02, 2.6138e+01
1.8052e+02, 3.1585e+01
1.8055e+02, 3.7847e+01
1.8059e+02, 4.4905e+01
1.8062e+02, 5.2692e+01
1.8066e+02, 6.1088e+01
1.8070e+02, 7.1304e+01
1.8074e+02, 8.1733e+01
1.8082e+02, 1.0138e+02
1.8088e+02, 1.1200e+02
1.8093e+02, 1.1963e+02
1.8099e+02, 1.2260e+02
1.8100e+02, 1.2274e+02
1.8103e+02, 1.2211e+02
1.8106e+02, 1.1975e+02
1.8110e+02, 1.1575e+02
1.8116e+02, 1.0534e+02
1.8122e+02, 9.1827e+01
1.8127e+02, 7.8927e+01
1.8132e+02, 6.5885e+01
1.8137e+02, 5.3491e+01
1.8143e+02, 4.2337e+01
1.8147e+02, 3.3740e+01
1.8149e+02, 2.9947e+01
1.8152e+02, 2.6492e+01
1.8154e+02, 2.3370e+01
1.8156e+02, 2.0567e+01
1.8159e+02, 1.8069e+01
1.8161e+02, 1.5857e+01
1.8163e+02, 1.3908e+01
1.8166e+02, 1.2202e+01
1.8168e+02, 1.0715e+01
1.8170e+02, 9.4257e+00
1.8172e+02, 8.3112e+00
1.8175e+02, 7.3512e+00
1.8177e+02, 6.5266e+00
1.8179e+02, 5.8223e+00
1.8182e+02, 5.2163e+00
1.8184e+02, 4.6975e+00
1.8186e+02, 4.2531e+00
1.8188e+02, 3.8719e+00
1.8191e+02, 3.5443e+00
1.8193e+02, 3.2619e+00
1.8195e+02, 3.0175e+00
1.8198e+02, 2.8052e+00
1.8202e+02, 2.4572e+00
1.8207e+02, 2.1861e+00
1.8212e+02, 1.9701e+00
1.8216e+02, 1.7945e+00
1.8221e+02, 1.6483e+00
1.8225e+02, 1.5248e+00
1.8234e+02, 1.3272e+00
1.8244e+02, 1.1759e+00
1.8253e+02, 1.0569e+00
1.8262e+02, 9.6122e-01
1.8271e+02, 8.8332e-01
1.8280e+02, 8.1917e-01
1.8290e+02, 7.6593e-01
1.8308e+02, 6.8396e-01
1.8326e+02, 6.2591e-01
1.8345e+02, 5.8513e-01
1.8363e+02, 5.5771e-01
1.8382e+02, 5.4129e-01
1.8400e+02, 5.3456e-01
1.8420e+02, 5.3755e-01
1.8439e+02, 5.5141e-01
1.8459e+02, 5.7766e-01
1.8478e+02, 6.1916e-01
1.8498e+02, 6.8098e-01
1.8507e+02, 7.2204e-01
1.8517e+02, 7.7196e-01
1.8527e+02, 8.3300e-01
1.8537e+02, 9.0828e-01
1.8547e+02, 1.0022e+00
1.8556e+02, 1.1212e+00
1.8565e+02, 1.2551e+00
1.8574e+02, 1.4277e+00
1.8578e+02, 1.5342e+00
1.8582e+02, 1.6588e+00
1.8587e+02, 1.8069e+00
1.8591e+02, 1.9858e+00
1.8595e+02, 2.2061e+00
1.8599e+02, 2.4828e+00
1.8604e+02, 2.8369e+00
1.8606e+02, 3.0524e+00
1.8608e+02, 3.2979e+00
1.8610e+02, 3.5812e+00
1.8612e+02, 3.9059e+00
1.8615e+02, 4.2821e+00
1.8617e+02, 4.7145e+00
1.8619e+02, 5.2164e+00
1.8621e+02, 5.7934e+00
1.8623e+02, 6.4626e+00
1.8625e+02, 7.2302e+00
1.8627e+02, 8.1172e+00
1.8630e+02, 9.1352e+00
1.8632e+02, 1.0300e+01
1.8634e+02, 1.1621e+01
1.8636e+02, 1.3128e+01
1.8638e+02, 1.4823e+01
1.8640e+02, 1.6739e+01
1.8643e+02, 1.8874e+01
1.8645e+02, 2.1260e+01
1.8647e+02, 2.3889e+01
1.8649e+02, 2.6794e+01
1.8651e+02, 2.9955e+01
1.8656e+02, 3.7101e+01
1.8660e+02, 4.5284e+01
1.8665e+02, 5.5644e+01
1.8670e+02, 6.6770e+01
1.8674e+02, 7.8174e+01
1.8679e+02, 8.9137e+01
1.8684e+02, 9.7894e+01
1.8688e+02, 1.0520e+02
1.8693e+02, 1.1144e+02
1.8697e+02, 1.1402e+02
1.8700e+02, 1.1455e+02
1.8703e+02, 1.1398e+02
1.8706e+02, 1.1167e+02
1.8710e+02, 1.0771e+02
1.8716e+02, 9.8075e+01
1.8722e+02, 8.5659e+01
1.8728e+02, 7.3349e+01
1.8733e+02, 6.0894e+01
1.8738e+02, 4.9104e+01
1.8744e+02, 3.8557e+01
1.8748e+02, 3.0545e+01
1.8751e+02, 2.7027e+01
1.8753e+02, 2.3834e+01
1.8755e+02, 2.0958e+01
1.8758e+02, 1.8386e+01
1.8760e+02, 1.6103e+01
1.8763e+02, 1.4088e+01
1.8765e+02, 1.2321e+01
1.8767e+02, 1.0779e+01
1.8770e+02, 9.4412e+00
1.8772e+02, 8.2851e+00
1.8774e+02, 7.2899e+00
1.8777e+02, 6.4358e+00
1.8779e+02, 5.7047e+00
1.8782e+02, 5.0799e+00
1.8784e+02, 4.5463e+00
1.8786e+02, 4.0907e+00
1.8789e+02, 3.7013e+00
1.8791e+02, 3.3679e+00
1.8793e+02, 3.0817e+00
1.8796e+02, 2.8352e+00
1.8798e+02, 2.6220e+00
1.8801e+02, 2.4367e+00
1.8805e+02, 2.1324e+00
1.8810e+02, 1.8947e+00
1.8815e+02, 1.7045e+00
1.8819e+02, 1.5488e+00
1.8824e+02, 1.4188e+00
1.8829e+02, 1.3084e+00
1.8834e+02, 1.2133e+00
1.8838e+02, 1.1305e+00
1.8848e+02, 9.9307e-01
1.8857e+02, 8.8394e-01
1.8868e+02, 7.8461e-01
1.8879e+02, 7.0461e-01
1.8890e+02, 6.3897e-01
1.8900e+02, 5.8446e-01
1.8911e+02, 5.3852e-01
1.8922e+02, 4.9945e-01
1.8943e+02, 4.3666e-01
1.8965e+02, 3.8867e-01
1.8986e+02, 3.5111e-01
1.9008e+02, 3.2110e-01
1.9029e+02, 2.9672e-01
1.9050e+02, 2.7770e-01
1.9070e+02, 2.6167e-01
1.9110e+02, 2.3604e-01
1.9151e+02, 2.1641e-01
1.9191e+02, 2.0105e-01
1.9232e+02, 1.8874e-01
1.9272e+02, 1.7877e-01
1.9353e+02, 1.6329e-01
1.9434e+02, 1.5172e-01
1.9515e+02, 1.4289e-01
1.9676e+02, 1.2997e-01
1.9838e+02, 1.2080e-01
2.0000e+02, 1.1395e-01
2.0175e+02, 1.0826e-01
2.0349e+02, 1.0380e-01
2.0699e+02, 9.7755e-02
2.1048e+02, 9.4297e-02
2.1223e+02, 9.3187e-02
2.1397e+02, 9.3084e-02
2.1709e+02, 9.5215e-02
2.1865e+02, 9.7726e-02
2.2021e+02, 1.0147e-01
2.2177e+02, 1.0769e-01
2.2255e+02, 1.1215e-01
2.2333e+02, 1.1789e-01
2.2411e+02, 1.2539e-01
2.2489e+02, 1.3531e-01
2.2567e+02, 1.4907e-01
2.2606e+02, 1.5815e-01
2.2645e+02, 1.6921e-01
2.2683e+02, 1.8226e-01
2.2720e+02, 1.9837e-01
2.2757e+02, 2.1856e-01
2.2795e+02, 2.4478e-01
2.2832e+02, 2.7970e-01
2.2851e+02, 3.0163e-01
2.2870e+02, 3.2745e-01
2.2888e+02, 3.5817e-01
2.2907e+02, 3.9507e-01
2.2926e+02, 4.4010e-01
2.2945e+02, 4.9594e-01
2.2960e+02, 5.5358e-01
2.2976e+02, 6.2467e-01
2.2991e+02, 7.1383e-01
2.3007e+02, 8.2787e-01
2.3015e+02, 8.9740e-01
2.3023e+02, 9.7762e-01
2.3030e+02, 1.0710e+00
2.3038e+02, 1.1807e+00
2.3046e+02, 1.3116e+00
2.3054e+02, 1.4701e+00
2.3062e+02, 1.6665e+00
2.3069e+02, 1.9167e+00
2.3073e+02, 2.0703e+00
2.3077e+02, 2.2494e+00
2.3081e+02, 2.4609e+00
2.3085e+02, 2.7140e+00
2.3089e+02, 3.0213e+00
2.3093e+02, 3.3990e+00
2.3097e+02, 3.8689e+00
2.3101e+02, 4.4590e+00
2.3104e+02, 5.2050e+00
2.3106e+02, 5.6500e+00
2.3108e+02, 6.1517e+00
2.3110e+02, 6.7172e+00
2.3112e+02, 7.3544e+00
2.3114e+02, 8.0720e+00
2.3116e+02, 8.8792e+00
2.3118e+02, 9.7862e+00
2.3120e+02, 1.0803e+01
2.3122e+02, 1.1942e+01
2.3124e+02, 1.3215e+01
2.3126e+02, 1.4632e+01
2.3128e+02, 1.6208e+01
2.3130e+02, 1.7954e+01
2.3132e+02, 1.9873e+01
2.3134e+02, 2.2111e+01
2.3136e+02, 2.4578e+01
2.3140e+02, 3.0233e+01
2.3144e+02, 3.6945e+01
2.3148e+02, 4.4727e+01
2.3152e+02, 5.3609e+01
2.3156e+02, 6.3482e+01
2.3160e+02, 7.4224e+01
2.3164e+02, 8.5616e+01
2.3171e+02, 1.0356e+02
2.3177e+02, 1.2095e+02
2.3181e+02, 1.3182e+02
2.3186e+02, 1.4119e+02
2.3190e+02, 1.4858e+02
2.3194e+02, 1.5360e+02
2.3200e+02, 1.5619e+02
2.3201e+02, 1.5601e+02
2.3207e+02, 1.5272e+02
2.3212e+02, 1.4554e+02
2.3218e+02, 1.3311e+02
2.3224e+02, 1.1754e+02
2.3230e+02, 1.0172e+02
2.3235e+02, 8.5634e+01
2.3241e+02, 7.0206e+01
2.3247e+02, 5.6152e+01
2.3252e+02, 4.4933e+01
2.3254e+02, 3.9944e+01
2.3257e+02, 3.5396e+01
2.3259e+02, 3.1248e+01
2.3262e+02, 2.7507e+01
2.3265e+02, 2.4157e+01
2.3267e+02, 2.1187e+01
2.3270e+02, 1.8549e+01
2.3272e+02, 1.6230e+01
2.3275e+02, 1.4202e+01
2.3277e+02, 1.2443e+01
2.3280e+02, 1.0913e+01
2.3282e+02, 9.5960e+00
2.3285e+02, 8.4582e+00
2.3287e+02, 7.4852e+00
2.3290e+02, 6.6480e+00
2.3293e+02, 5.9317e+00
2.3295e+02, 5.3190e+00
2.3298e+02, 4.7966e+00
2.3300e+02, 4.3471e+00
2.3303e+02, 3.9612e+00
2.3305e+02, 3.6290e+00
2.3308e+02, 3.3429e+00
2.3310e+02, 3.0936e+00
2.3313e+02, 2.8762e+00
2.3318e+02, 2.5182e+00
2.3323e+02, 2.2366e+00
2.3328e+02, 2.0099e+00
2.3333e+02, 1.8231e+00
2.3338e+02, 1.6667e+00
2.3343e+02, 1.5331e+00
2.3349e+02, 1.4179e+00
2.3359e+02, 1.2284e+00
2.3369e+02, 1.0794e+00
2.3379e+02, 9.5912e-01
2.3389e+02, 8.6048e-01
2.3399e+02, 7.7836e-01
2.3410e+02, 7.0920e-01
2.3420e+02, 6.5023e-01
2.3430e+02, 5.9954e-01
2.3440e+02, 5.5562e-01
2.3450e+02, 5.1736e-01
2.3471e+02, 4.5410e-01
2.3491e+02, 4.0445e-01
2.3512e+02, 3.6479e-01
2.3532e+02, 3.3265e-01
2.3550e+02, 3.0863e-01
2.3569e+02, 2.8823e-01
2.3605e+02, 2.5568e-01
2.3642e+02, 2.3126e-01
2.3679e+02, 2.1263e-01
2.3715e+02, 1.9825e-01
2.3752e+02, 1.8704e-01
2.3825e+02, 1.7063e-01
2.3899e+02, 1.5998e-01
2.3972e+02, 1.5318e-01
2.4119e+02, 1.4670e-01
2.4249e+02, 1.4574e-01
2.4428e+02, 1.4950e-01
2.4608e+02, 1.5762e-01
2.4787e+02, 1.6983e-01
2.4966e+02, 1.8656e-01
2.5146e+02, 2.0846e-01
2.5325e+02, 2.3739e-01
2.5415e+02, 2.5502e-01
2.5504e+02, 2.7565e-01
2.5594e+02, 2.9942e-01
2.5684e+02, 3.2691e-01
2.5781e+02, 3.6277e-01
2.5879e+02, 4.0499e-01
2.5977e+02, 4.5718e-01
2.6075e+02, 5.2148e-01
2.6173e+02, 6.0193e-01
2.6270e+02, 7.0432e-01
2.6319e+02, 7.6633e-01
2.6368e+02, 8.3743e-01
2.6417e+02, 9.1937e-01
2.6466e+02, 1.0138e+00
2.6515e+02, 1.1241e+00
2.6539e+02, 1.1868e+00
2.6564e+02, 1.2551e+00
2.6576e+02, 1.2916e+00
2.6588e+02, 1.3298e+00
2.6600e+02, 1.3698e+00
2.6613e+02, 1.4116e+00
2.6625e+02, 1.4555e+00
2.6637e+02, 1.5015e+00
2.6649e+02, 1.5497e+00
2.6662e+02, 1.6004e+00
2.6674e+02, 1.6537e+00
2.6686e+02, 1.7098e+00
2.6695e+02, 1.7538e+00
2.6704e+02, 1.7995e+00
2.6713e+02, 1.8472e+00
2.6723e+02, 1.8968e+00
2.6732e+02, 1.9485e+00
2.6741e+02, 2.0023e+00
2.6750e+02, 2.0585e+00
2.6759e+02, 2.1171e+00
2.6771e+02, 2.1923e+00
2.6782e+02, 2.2716e+00
2.6793e+02, 2.3554e+00
2.6804e+02, 2.4440e+00
2.6815e+02, 2.5379e+00
2.6827e+02, 2.6373e+00
2.6838e+02, 2.7429e+00
2.6849e+02, 2.8550e+00
2.6859e+02, 2.9576e+00
2.6868e+02, 3.0660e+00
2.6878e+02, 3.1805e+00
2.6888e+02, 3.3017e+00
2.6897e+02, 3.4300e+00
2.6907e+02, 3.5661e+00
2.6917e+02, 3.7105e+00
2.6926e+02, 3.8638e+00
2.6936e+02, 4.0271e+00
2.6946e+02, 4.2011e+00
2.6955e+02, 4.3869e+00
2.6965e+02, 4.5852e+00
2.6975e+02, 4.7976e+00
2.6984e+02, 5.0254e+00
2.6994e+02, 5.2701e+00
2.7004e+02, 5.5331e+00
2.7013e+02, 5.8013e+00
2.7022e+02, 6.0898e+00
2.7031e+02, 6.4008e+00
2.7040e+02, 6.7364e+00
2.7050e+02, 7.0996e+00
2.7059e+02, 7.4932e+00
2.7068e+02, 7.9210e+00
2.7077e+02, 8.3863e+00
2.7086e+02, 8.8948e+00
2.7095e+02, 9.4517e+00
2.7105e+02, 1.0063e+01
2.7114e+02, 1.0737e+01
2.7123e+02, 1.1482e+01
2.7132e+02, 1.2310e+01
2.7141e+02, 1.3232e+01
2.7151e+02, 1.4264e+01
2.7162e+02, 1.5704e+01
2.7173e+02, 1.7381e+01
2.7184e+02, 1.9349e+01
2.7195e+02, 2.1682e+01
2.7207e+02, 2.4483e+01
2.7218e+02, 2.7886e+01
2.7223e+02, 2.9876e+01
2.7229e+02, 3.2094e+01
2.7235e+02, 3.4583e+01
2.7240e+02, 3.7390e+01
2.7249e+02, 4.2506e+01
2.7253e+02, 4.5496e+01
2.7257e+02, 4.8837e+01
2.7262e+02, 5.2588e+01
2.7266e+02, 5.6822e+01
2.7270e+02, 6.1625e+01
2.7275e+02, 6.7102e+01
2.7279e+02, 7.3379e+01
2.7283e+02, 8.0607e+01
2.7288e+02, 8.8963e+01
2.7292e+02, 9.8657e+01
2.7296e+02, 1.0993e+02
2.7301e+02, 1.2306e+02
2.7305e+02, 1.3834e+02
2.7309e+02, 1.5611e+02
2.7315e+02, 1.8341e+02
2.7321e+02, 2.1616e+02
2.7326e+02, 2.5510e+02
2.7332e+02, 3.0077e+02
2.7337e+02, 3.5352e+02
2.7343e+02, 4.1302e+02
2.7349e+02, 4.7872e+02
2.7354e+02, 5.4934e+02
2.7368e+02, 7.2771e+02
2.7375e+02, 8.1095e+02
2.7381e+02, 8.8217e+02
2.7386e+02, 9.2127e+02
2.7391e+02, 9.5040e+02
2.7395e+02, 9.6832e+02
2.7400e+02, 9.7425e+02
2.7408e+02, 9.5564e+02
2.7416e+02, 9.0292e+02
2.7424e+02, 8.2268e+02
2.7432e+02, 7.2428e+02
2.7449e+02, 5.0805e+02
2.7457e+02, 4.0971e+02
2.7461e+02, 3.6547e+02
2.7465e+02, 3.2490e+02
2.7469e+02, 2.9102e+02
2.7473e+02, 2.6032e+02
2.7477e+02, 2.3272e+02
2.7481e+02, 2.0808e+02
2.7484e+02, 1.8620e+02
2.7488e+02, 1.6687e+02
2.7492e+02, 1.4985e+02
2.7496e+02, 1.3491e+02
2.7500e+02, 1.2182e+02
2.7503e+02, 1.1037e+02
2.7507e+02, 1.0034e+02
2.7511e+02, 9.1549e+01
2.7515e+02, 8.3836e+01
2.7518e+02, 7.7053e+01
2.7526e+02, 6.5773e+01
2.7533e+02, 5.7231e+01
2.7541e+02, 5.0333e+01
2.7548e+02, 4.4665e+01
2.7555e+02, 3.9958e+01
2.7562e+02, 3.5988e+01
2.7569e+02, 3.2612e+01
2.7577e+02, 2.9705e+01
2.7584e+02, 2.7186e+01
2.7591e+02, 2.4982e+01
2.7598e+02, 2.3045e+01
2.7613e+02, 1.9804e+01
2.7627e+02, 1.7215e+01
2.7642e+02, 1.5113e+01
2.7656e+02, 1.3455e+01
2.7669e+02, 1.2062e+01
2.7683e+02, 1.0877e+01
2.7697e+02, 9.8597e+00
2.7711e+02, 8.9794e+00
2.7724e+02, 8.2122e+00
2.7738e+02, 7.5396e+00
2.7752e+02, 6.9467e+00
2.7780e+02, 5.9539e+00
2.7807e+02, 5.1613e+00
2.7835e+02, 4.5179e+00
2.7862e+02, 3.9885e+00
2.7887e+02, 3.5882e+00
2.7912e+02, 3.2460e+00
2.7937e+02, 2.9517e+00
2.7962e+02, 2.6967e+00
2.7986e+02, 2.4733e+00
2.8011e+02, 2.2761e+00
2.8061e+02, 1.9458e+00
2.8110e+02, 1.6829e+00
2.8160e+02, 1.4703e+00
2.8210e+02, 1.2959e+00
2.8259e+02, 1.1511e+00
2.8306e+02, 1.0358e+00
2.8353e+02, 9.3719e-01
2.8400e+02, 8.5220e-01
2.8447e+02, 7.7862e-01
2.8493e+02, 7.1507e-01
2.8540e+02, 6.5890e-01
2.8634e+02, 5.6412e-01
2.8728e+02, 4.8880e-01
2.8821e+02, 4.2798e-01
2.8915e+02, 3.7815e-01
2.9009e+02, 3.3682e-01
2.9097e+02, 3.0404e-01
2.9185e+02, 2.7601e-01
2.9273e+02, 2.5186e-01
2.9362e+02, 2.3090e-01
2.9450e+02, 2.1259e-01
2.9538e+02, 1.9663e-01
2.9714e+02, 1.6990e-01
2.9891e+02, 1.4852e-01
3.0067e+02, 1.3125e-01
3.0244e+02, 1.1709e-01
3.0420e+02, 1.0534e-01
3.0607e+02, 9.4908e-02
3.0795e+02, 8.6157e-02
3.0982e+02, 7.8740e-02
3.1170e+02, 7.2395e-02
3.1357e+02, 6.7014e-02
3.1545e+02, 6.2348e-02
3.1732e+02, 5.8108e-02
3.1919e+02, 5.4468e-02
3.2294e+02, 4.8329e-02
3.2669e+02, 4.3456e-02
3.3044e+02, 3.9530e-02
3.3419e+02, 3.6326e-02
3.3794e+02, 3.3683e-02
3.4168e+02, 3.1481e-02
3.4543e+02, 2.9652e-02
3.4918e+02, 2.8152e-02
3.5293e+02, 2.6770e-02
3.5668e+02, 2.5671e-02
3.6418e+02, 2.3888e-02
3.7167e+02, 2.2629e-02
3.7917e+02, 2.1780e-02
3.8667e+02, 2.1274e-02
3.9416e+02, 2.1072e-02
4.0342e+02, 2.1232e-02
4.1268e+02, 2.1803e-02
4.2194e+02, 2.2817e-02
4.3121e+02, 2.4436e-02
4.3584e+02, 2.5464e-02
4.4047e+02, 2.6762e-02
4.4973e+02, 3.0000e-02
4.5436e+02, 3.2201e-02
4.5899e+02, 3.4727e-02
4.6362e+02, 3.7801e-02
4.6825e+02, 4.1492e-02
4.7222e+02, 4.5433e-02
4.7619e+02, 5.0226e-02
4.8016e+02, 5.6112e-02
4.8214e+02, 5.9471e-02
4.8412e+02, 6.3437e-02
4.8611e+02, 6.7671e-02
4.8809e+02, 7.2711e-02
4.9008e+02, 7.8254e-02
4.9206e+02, 8.4690e-02
4.9405e+02, 9.1882e-02
4.9603e+02, 1.0043e-01
4.9802e+02, 1.1044e-01
5.0000e+02, 1.2230e-01
5.0172e+02, 1.3442e-01
5.0343e+02, 1.4871e-01
5.0515e+02, 1.6569e-01
5.0686e+02, 1.8601e-01
5.0858e+02, 2.1061e-01
5.1030e+02, 2.4052e-01
5.1115e+02, 2.5817e-01
5.1201e+02, 2.7813e-01
5.1244e+02, 2.8910e-01
5.1287e+02, 3.0078e-01
5.1330e+02, 3.1322e-01
5.1373e+02, 3.2650e-01
5.1426e+02, 3.4424e-01
5.1479e+02, 3.6351e-01
5.1506e+02, 3.7379e-01
5.1532e+02, 3.8454e-01
5.1559e+02, 3.9578e-01
5.1572e+02, 4.0161e-01
5.1586e+02, 4.0756e-01
5.1592e+02, 4.1041e-01
5.1592e+02, 4.1047e-01
5.1592e+02, 4.1060e-01
5.1593e+02, 4.1073e-01
5.1593e+02, 4.1104e-01
5.1594e+02, 4.1136e-01
5.1595e+02, 4.1198e-01
5.1598e+02, 4.1322e-01
5.1603e+02, 4.1574e-01
5.1614e+02, 4.2085e-01
5.1628e+02, 4.2737e-01
5.1641e+02, 4.3405e-01
5.1668e+02, 4.4790e-01
5.1695e+02, 4.6246e-01
5.1722e+02, 4.7776e-01
5.1749e+02, 4.9387e-01
5.1776e+02, 5.1083e-01
5.1803e+02, 5.2872e-01
5.1830e+02, 5.4760e-01
5.1848e+02, 5.6039e-01
5.1865e+02, 5.7364e-01
5.1883e+02, 5.8739e-01
5.1900e+02, 6.0164e-01
5.1918e+02, 6.1645e-01
5.1935e+02, 6.3182e-01
5.1953e+02, 6.4780e-01
5.1970e+02, 6.6441e-01
5.2005e+02, 6.9967e-01
5.2040e+02, 7.3790e-01
5.2075e+02, 7.7945e-01
5.2110e+02, 8.2471e-01
5.2145e+02, 8.7416e-01
5.2180e+02, 9.2830e-01
5.2215e+02, 9.8778e-01
5.2250e+02, 1.0533e+00
5.2285e+02, 1.1257e+00
5.2320e+02, 1.2060e+00
5.2355e+02, 1.2955e+00
5.2390e+02, 1.3954e+00
5.2425e+02, 1.5077e+00
5.2460e+02, 1.6343e+00
5.2494e+02, 1.7779e+00
5.2529e+02, 1.9416e+00
5.2564e+02, 2.1294e+00
5.2599e+02, 2.3463e+00
5.2634e+02, 2.5987e+00
5.2669e+02, 2.8946e+00
5.2704e+02, 3.2451e+00
5.2739e+02, 3.6641e+00
5.2757e+02, 3.9052e+00
5.2774e+02, 4.1712e+00
5.2792e+02, 4.4657e+00
5.2809e+02, 4.7928e+00
5.2827e+02, 5.1578e+00
5.2844e+02, 5.5667e+00
5.2861e+02, 6.0268e+00
5.2879e+02, 6.5466e+00
5.2896e+02, 7.1375e+00
5.2914e+02, 7.8124e+00
5.2931e+02, 8.5894e+00
5.2949e+02, 9.4897e+00
5.2966e+02, 1.0543e+01
5.2984e+02, 1.1786e+01
5.3001e+02, 1.3269e+01
5.3019e+02, 1.5057e+01
5.3036e+02, 1.7245e+01
5.3045e+02, 1.8526e+01
5.3054e+02, 1.9958e+01
5.3062e+02, 2.1570e+01
5.3071e+02, 2.3389e+01
5.3080e+02, 2.5456e+01
5.3089e+02, 2.7813e+01
5.3101e+02, 3.1889e+01
5.3114e+02, 3.6943e+01
5.3120e+02, 3.9934e+01
5.3127e+02, 4.3290e+01
5.3133e+02, 4.7077e+01
5.3140e+02, 5.1348e+01
5.3146e+02, 5.6187e+01
5.3152e+02, 6.1656e+01
5.3159e+02, 6.7859e+01
5.3165e+02, 7.4866e+01
5.3171e+02, 8.2791e+01
5.3178e+02, 9.1699e+01
5.3184e+02, 1.0170e+02
5.3190e+02, 1.1284e+02
5.3199e+02, 1.2997e+02
5.3208e+02, 1.4934e+02
5.3216e+02, 1.7087e+02
5.3225e+02, 1.9421e+02
5.3260e+02, 2.9256e+02
5.3270e+02, 3.1654e+02
5.3280e+02, 3.3519e+02
5.3290e+02, 3.4702e+02
5.3300e+02, 3.5103e+02
5.3308e+02, 3.4827e+02
5.3316e+02, 3.4030e+02
5.3325e+02, 3.2753e+02
5.3333e+02, 3.1072e+02
5.3349e+02, 2.6844e+02
5.3365e+02, 2.2113e+02
5.3376e+02, 1.9029e+02
5.3387e+02, 1.6169e+02
5.3398e+02, 1.3618e+02
5.3409e+02, 1.1416e+02
5.3420e+02, 9.5609e+01
5.3430e+02, 8.0283e+01
5.3441e+02, 6.7775e+01
5.3452e+02, 5.7637e+01
5.3461e+02, 5.0678e+01
5.3470e+02, 4.4842e+01
5.3479e+02, 3.9925e+01
5.3488e+02, 3.5762e+01
5.3497e+02, 3.2217e+01
5.3506e+02, 2.9177e+01
5.3515e+02, 2.6555e+01
5.3525e+02, 2.4277e+01
5.3534e+02, 2.2286e+01
5.3543e+02, 2.0535e+01
5.3561e+02, 1.7610e+01
5.3579e+02, 1.5278e+01
5.3597e+02, 1.3385e+01
5.3613e+02, 1.2018e+01
5.3628e+02, 1.0853e+01
5.3644e+02, 9.8516e+00
5.3660e+02, 8.9840e+00
5.3675e+02, 8.2270e+00
5.3691e+02, 7.5633e+00
5.3722e+02, 6.4589e+00
5.3754e+02, 5.5829e+00
5.3785e+02, 4.8764e+00
5.3816e+02, 4.2968e+00
5.3848e+02, 3.8147e+00
5.3874e+02, 3.4672e+00
5.3901e+02, 3.1654e+00
5.3927e+02, 2.9017e+00
5.3954e+02, 2.6699e+00
5.4007e+02, 2.2833e+00
5.4060e+02, 1.9758e+00
5.4113e+02, 1.7272e+00
5.4166e+02, 1.5234e+00
5.4219e+02, 1.3544e+00
5.4272e+02, 1.2133e+00
5.4325e+02, 1.0937e+00
5.4378e+02, 9.9077e-01
5.4431e+02, 9.0186e-01
5.4484e+02, 8.2476e-01
5.4537e+02, 7.5748e-01
5.4590e+02, 6.9842e-01
5.4696e+02, 6.0009e-01
5.4802e+02, 5.2210e-01
5.4908e+02, 4.5925e-01
5.5015e+02, 4.0790e-01
5.5121e+02, 3.6546e-01
5.5222e+02, 3.3191e-01
5.5323e+02, 3.0317e-01
5.5424e+02, 2.7844e-01
5.5526e+02, 2.5697e-01
5.5728e+02, 2.2250e-01
5.5931e+02, 1.9611e-01
5.6133e+02, 1.7570e-01
5.6336e+02, 1.5983e-01
5.6538e+02, 1.4738e-01
5.6741e+02, 1.3770e-01
5.7049e+02, 1.2704e-01
5.7358e+02, 1.2022e-01
5.7667e+02, 1.1657e-01
5.7975e+02, 1.1568e-01
5.8303e+02, 1.1756e-01
5.8631e+02, 1.2240e-01
5.8959e+02, 1.3052e-01
5.9287e+02, 1.4252e-01
5.9451e+02, 1.5018e-01
5.9615e+02, 1.5945e-01
5.9779e+02, 1.6994e-01
5.9943e+02, 1.8228e-01
6.0107e+02, 1.9714e-01
6.0270e+02, 2.1476e-01
6.0434e+02, 2.3574e-01
6.0598e+02, 2.6078e-01
6.0743e+02, 2.8716e-01
6.0815e+02, 3.0223e-01
6.0888e+02, 3.1869e-01
6.0924e+02, 3.2749e-01
6.0960e+02, 3.3671e-01
6.0996e+02, 3.4640e-01
6.1032e+02, 3.5657e-01
6.1069e+02, 3.6726e-01
6.1105e+02, 3.7848e-01
6.1141e+02, 3.9029e-01
6.1177e+02, 4.0270e-01
6.1201e+02, 4.1133e-01
6.1225e+02, 4.2027e-01
6.1249e+02, 4.2953e-01
6.1273e+02, 4.3914e-01
6.1298e+02, 4.4910e-01
6.1322e+02, 4.5943e-01
6.1346e+02, 4.7016e-01
6.1370e+02, 4.8130e-01
6.1394e+02, 4.9285e-01
6.1418e+02, 5.0486e-01
6.1442e+02, 5.1733e-01
6.1466e+02, 5.3031e-01
6.1493e+02, 5.4519e-01
6.1519e+02, 5.6075e-01
6.1546e+02, 5.7703e-01
6.1572e+02, 5.9407e-01
6.1599e+02, 6.1192e-01
6.1625e+02, 6.3063e-01
6.1652e+02, 6.5028e-01
6.1678e+02, 6.7090e-01
6.1705e+02, 6.9258e-01
6.1732e+02, 7.1535e-01
6.1758e+02, 7.3930e-01
6.1785e+02, 7.6452e-01
6.1811e+02, 7.9110e-01
6.1838e+02, 8.1914e-01
6.1864e+02, 8.4876e-01
6.1891e+02, 8.8006e-01
6.1917e+02, 9.1321e-01
6.1944e+02, 9.4830e-01
6.1970e+02, 9.8553e-01
6.1997e+02, 1.0251e+00
6.2023e+02, 1.0671e+00
6.2050e+02, 1.1118e+00
6.2076e+02, 1.1595e+00
6.2103e+02, 1.2103e+00
6.2129e+02, 1.2647e+00
6.2156e+02, 1.3229e+00
6.2182e+02, 1.3854e+00
6.2209e+02, 1.4524e+00
6.2235e+02, 1.5245e+00
6.2262e+02, 1.6022e+00
6.2288e+02, 1.6862e+00
6.2315e+02, 1.7770e+00
6.2341e+02, 1.8754e+00
6.2368e+02, 1.9824e+00
6.2395e+02, 2.0990e+00
6.2421e+02, 2.2263e+00
6.2448e+02, 2.3657e+00
6.2474e+02, 2.5188e+00
6.2501e+02, 2.6874e+00
6.2527e+02, 2.8737e+00
6.2566e+02, 3.1818e+00
6.2604e+02, 3.5426e+00
6.2643e+02, 3.9688e+00
6.2681e+02, 4.4763e+00
6.2720e+02, 5.0878e+00
6.2739e+02, 5.4420e+00
6.2759e+02, 5.8349e+00
6.2778e+02, 6.2727e+00
6.2797e+02, 6.7625e+00
6.2816e+02, 7.3124e+00
6.2836e+02, 7.9325e+00
6.2862e+02, 8.9241e+00
6.2889e+02, 1.0114e+01
6.2915e+02, 1.1560e+01
6.2929e+02, 1.2403e+01
6.2942e+02, 1.3340e+01
6.2955e+02, 1.4389e+01
6.2968e+02, 1.5565e+01
6.2982e+02, 1.6892e+01
6.2995e+02, 1.8393e+01
6.3008e+02, 2.0103e+01
6.3021e+02, 2.2059e+01
6.3035e+02, 2.4310e+01
6.3048e+02, 2.6916e+01
6.3062e+02, 3.0254e+01
6.3077e+02, 3.4222e+01
6.3091e+02, 3.8977e+01
6.3106e+02, 4.4698e+01
6.3120e+02, 5.1613e+01
6.3135e+02, 5.9959e+01
6.3149e+02, 7.0002e+01
6.3164e+02, 8.1952e+01
6.3178e+02, 9.6097e+01
6.3193e+02, 1.1228e+02
6.3207e+02, 1.3020e+02
6.3222e+02, 1.4919e+02
6.3251e+02, 1.8595e+02
6.3266e+02, 2.0080e+02
6.3280e+02, 2.1131e+02
6.3290e+02, 2.1535e+02
6.3300e+02, 2.1670e+02
6.3316e+02, 2.1311e+02
6.3331e+02, 2.0294e+02
6.3347e+02, 1.8749e+02
6.3363e+02, 1.6855e+02
6.3394e+02, 1.2766e+02
6.3410e+02, 1.0865e+02
6.3426e+02, 9.1757e+01
6.3442e+02, 7.6848e+01
6.3458e+02, 6.4467e+01
6.3474e+02, 5.4349e+01
6.3491e+02, 4.6148e+01
6.3507e+02, 3.9511e+01
6.3523e+02, 3.4124e+01
6.3539e+02, 2.9724e+01
6.3555e+02, 2.6100e+01
6.3571e+02, 2.3214e+01
6.3586e+02, 2.0777e+01
6.3602e+02, 1.8699e+01
6.3617e+02, 1.6917e+01
6.3633e+02, 1.5375e+01
6.3648e+02, 1.4034e+01
6.3664e+02, 1.2859e+01
6.3679e+02, 1.1826e+01
6.3710e+02, 1.0100e+01
6.3741e+02, 8.7255e+00
6.3772e+02, 7.6142e+00
6.3803e+02, 6.7037e+00
6.3833e+02, 5.9816e+00
6.3862e+02, 5.3713e+00
6.3891e+02, 4.8499e+00
6.3921e+02, 4.4004e+00
6.3950e+02, 4.0097e+00
6.3980e+02, 3.6687e+00
6.4009e+02, 3.3692e+00
6.4039e+02, 3.1051e+00
6.4098e+02, 2.6623e+00
6.4157e+02, 2.3081e+00
6.4216e+02, 2.0204e+00
6.4275e+02, 1.7835e+00
6.4331e+02, 1.5952e+00
6.4387e+02, 1.4360e+00
6.4443e+02, 1.3004e+00
6.4499e+02, 1.1828e+00
6.4555e+02, 1.0799e+00
6.4611e+02, 9.8980e-01
6.4667e+02, 9.1065e-01
6.4723e+02, 8.4067e-01
6.4835e+02, 7.2311e-01
6.4947e+02, 6.2879e-01
6.5059e+02, 5.5196e-01
6.5171e+02, 4.8856e-01
6.5271e+02, 4.4077e-01
6.5371e+02, 3.9976e-01
6.5471e+02, 3.6431e-01
6.5572e+02, 3.3349e-01
6.5772e+02, 2.8333e-01
6.5972e+02, 2.4331e-01
6.6173e+02, 2.1141e-01
6.6373e+02, 1.8557e-01
6.6574e+02, 1.6435e-01
6.6774e+02, 1.4671e-01
6.6963e+02, 1.3269e-01
6.7151e+02, 1.2069e-01
6.7340e+02, 1.1032e-01
6.7529e+02, 1.0132e-01
6.7717e+02, 9.3446e-02
6.7906e+02, 8.6560e-02
6.8283e+02, 7.5034e-02
6.8661e+02, 6.5830e-02
6.9038e+02, 5.8398e-02
6.9415e+02, 5.2318e-02
6.9792e+02, 4.7288e-02
7.0193e+02, 4.2850e-02
7.0594e+02, 3.9156e-02
7.0995e+02, 3.6057e-02
7.1396e+02, 3.3442e-02
7.1797e+02, 3.1268e-02
7.2198e+02, 2.9428e-02
7.2599e+02, 2.7790e-02
7.2999e+02, 2.6443e-02
7.3801e+02, 2.4328e-02
7.4603e+02, 2.2902e-02
7.5405e+02, 2.2057e-02
7.6206e+02, 2.1746e-02
7.6961e+02, 2.1934e-02
7.7715e+02, 2.2619e-02
7.8470e+02, 2.3878e-02
7.9225e+02, 2.5848e-02
7.9979e+02, 2.8746e-02
8.0356e+02, 3.0649e-02
8.0734e+02, 3.2950e-02
8.1111e+02, 3.5729e-02
8.1488e+02, 3.9102e-02
8.1866e+02, 4.3223e-02
8.2243e+02, 4.8306e-02
8.2573e+02, 5.3787e-02
8.2903e+02, 6.0547e-02
8.3233e+02, 6.8962e-02
8.3398e+02, 7.3675e-02
8.3563e+02, 7.9200e-02
8.3728e+02, 8.5487e-02
8.3894e+02, 9.2650e-02
8.4059e+02, 1.0085e-01
8.4224e+02, 1.1029e-01
8.4389e+02, 1.2123e-01
8.4554e+02, 1.3399e-01
8.4719e+02, 1.4902e-01
8.4884e+02, 1.6689e-01
8.5002e+02, 1.8188e-01
8.5120e+02, 1.9900e-01
8.5238e+02, 2.1853e-01
8.5356e+02, 2.4111e-01
8.5473e+02, 2.6786e-01
8.5532e+02, 2.8293e-01
8.5591e+02, 2.9932e-01
8.5650e+02, 3.1728e-01
8.5709e+02, 3.3698e-01
8.5739e+02, 3.4754e-01
8.5768e+02, 3.5861e-01
8.5798e+02, 3.7024e-01
8.5827e+02, 3.8243e-01
8.5860e+02, 3.9656e-01
8.5892e+02, 4.1150e-01
8.5924e+02, 4.2731e-01
8.5941e+02, 4.3557e-01
8.5957e+02, 4.4408e-01
8.5982e+02, 4.5775e-01
8.6007e+02, 4.7208e-01
8.6032e+02, 4.8710e-01
8.6057e+02, 5.0286e-01
8.6082e+02, 5.1941e-01
8.6107e+02, 5.3679e-01
8.6132e+02, 5.5508e-01
8.6157e+02, 5.7432e-01
8.6190e+02, 6.0078e-01
8.6206e+02, 6.1470e-01
8.6222e+02, 6.2912e-01
8.6238e+02, 6.4405e-01
8.6255e+02, 6.5954e-01
8.6271e+02, 6.7559e-01
8.6287e+02, 6.9224e-01
8.6319e+02, 7.2748e-01
8.6352e+02, 7.6549e-01
8.6384e+02, 8.0660e-01
8.6417e+02, 8.5114e-01
8.6449e+02, 8.9953e-01
8.6481e+02, 9.5219e-01
8.6514e+02, 1.0097e+00
8.6546e+02, 1.0725e+00
8.6579e+02, 1.1415e+00
8.6611e+02, 1.2175e+00
8.6644e+02, 1.3013e+00
8.6676e+02, 1.3941e+00
8.6708e+02, 1.4974e+00
8.6741e+02, 1.6126e+00
8.6773e+02, 1.7418e+00
8.6806e+02, 1.8873e+00
8.6838e+02, 2.0519e+00
8.6871e+02, 2.2392e+00
8.6903e+02, 2.4535e+00
8.6935e+02, 2.7003e+00
8.6968e+02, 2.9867e+00
8.7000e+02, 3.3215e+00
8.7033e+02, 3.7164e+00
8.7065e+02, 4.1866e+00
8.7081e+02, 4.4564e+00
8.7098e+02, 4.7532e+00
8.7114e+02, 5.0808e+00
8.7130e+02, 5.4438e+00
8.7146e+02, 5.8474e+00
8.7162e+02, 6.2980e+00
8.7179e+02, 6.8031e+00
8.7195e+02, 7.3719e+00
8.7217e+02, 8.2710e+00
8.7239e+02, 9.3463e+00
8.7261e+02, 1.0648e+01
8.7272e+02, 1.1403e+01
8.7283e+02, 1.2242e+01
8.7294e+02, 1.3179e+01
8.7305e+02, 1.4228e+01
8.7316e+02, 1.5407e+01
8.7327e+02, 1.6739e+01
8.7338e+02, 1.8250e+01
8.7350e+02, 1.9970e+01
8.7361e+02, 2.1936e+01
8.7372e+02, 2.4192e+01
8.7388e+02, 2.8136e+01
8.7396e+02, 3.0440e+01
8.7404e+02, 3.2997e+01
8.7412e+02, 3.5839e+01
8.7420e+02, 3.8989e+01
8.7428e+02, 4.2481e+01
8.7436e+02, 4.6332e+01
8.7453e+02, 5.5220e+01
8.7469e+02, 6.5762e+01
8.7485e+02, 7.7912e+01
8.7501e+02, 9.1394e+01
8.7526e+02, 1.1310e+02
8.7551e+02, 1.3325e+02
8.7563e+02, 1.4144e+02
8.7575e+02, 1.4770e+02
8.7588e+02, 1.5163e+02
8.7600e+02, 1.5295e+02
8.7614e+02, 1.5107e+02
8.7629e+02, 1.4567e+02
8.7643e+02, 1.3724e+02
8.7658e+02, 1.2653e+02
8.7716e+02, 7.7070e+01
8.7731e+02, 6.5702e+01
8.7746e+02, 5.5756e+01
8.7761e+02, 4.7274e+01
8.7777e+02, 4.0172e+01
8.7792e+02, 3.4297e+01
8.7807e+02, 2.9466e+01
8.7822e+02, 2.5500e+01
8.7838e+02, 2.2235e+01
8.7848e+02, 2.0374e+01
8.7858e+02, 1.8727e+01
8.7878e+02, 1.5948e+01
8.7898e+02, 1.3691e+01
8.7919e+02, 1.1801e+01
8.7939e+02, 1.0161e+01
8.7959e+02, 8.7005e+00
8.7980e+02, 7.3899e+00
8.8000e+02, 3.2350e+00
1.0000e+03, 2.9207e+00
1.0000e+03, 2.9207e+00
1.0000e+03, 2.9207e+00
1.2500e+03, 2.4469e+00
1.5000e+03, 2.1212e+00
1.7000e+03, 1.9255e+00
2.0000e+03, 1.7013e+00
2.5000e+03, 1.4413e+00
3.0000e+03, 1.2640e+00
3.5000e+03, 1.1351e+00
4.0000e+03, 1.0368e+00
5.0000e+03, 8.9622e-01
6.0000e+03, 7.9978e-01
7.0000e+03, 7.2882e-01
8.0000e+03, 6.7395e-01
9.0000e+03, 6.2991e-01
1.0000e+04, 5.9352e-01
1.1000e+04, 5.6276e-01
1.2000e+04, 5.3631e-01
1.3000e+04, 5.1320e-01
1.4000e+04, 4.9277e-01
1.5000e+04, 4.7454e-01
1.6000e+04, 4.5811e-01
1.7000e+04, 4.4322e-01
1.8000e+04, 4.2962e-01
1.9000e+04, 4.1714e-01
2.0000e+04, 4.0563e-01
2.5000e+04, 3.5914e-01
3.0000e+04, 3.2524e-01
3.5000e+04, 2.9935e-01
4.0000e+04, 2.7899e-01
5.0000e+04, 2.4925e-01
6.0000e+04, 2.2898e-01
7.0000e+04, 2.1466e-01
8.0000e+04, 2.0427e-01
9.0000e+04, 1.9657e-01
1.0000e+05, 1.9076e-01
1.2500e+05, 1.8110e-01
1.5000e+05, 1.7550e-01
1.7000e+05, 1.7250e-01
2.0000e+05, 1.6930e-01
2.5000e+05, 1.6487e-01
2.6000e+05, 1.6426e-01
3.0000e+05, 1.6182e-01
3.5000e+05, 1.5893e-01
4.0000e+05, 1.5705e-01
4.8356e+05, 1.5478e-01
5.0000e+05, 1.5433e-01
5.5626e+05, 1.5361e-01
5.5626e+05, 1.5643e-01
5.5630e+05, 1.5642e-01
5.5630e+05, 1.5642e-01
7.9200e+05, 1.3593e-01
7.9200e+05, 1.3593e-01
8.0000e+05, 1.3523e-01
9.0000e+05, 1.3992e-01
1.0000e+06, 1.4693e-01
1.0843e+06, 1.4499e-01
1.0843e+06, 1.4499e-01
1.1002e+06, 1.4462e-01
1.1002e+06, 1.4462e-01
1.2000e+06, 1.4232e-01
1.3239e+06, 1.4163e-01
1.3239e+06, 1.4163e-01
1.5000e+06, 1.4064e-01
1.5645e+06, 1.4137e-01
1.5645e+06, 1.4137e-01
1.7000e+06, 1.4289e-01
1.9000e+06, 1.5374e-01
1.9932e+06, 1.6068e-01
1.9932e+06, 1.6068e-01
2.0000e+06, 1.6119e-01
2.3000e+06, 1.7125e-01
2.5000e+06, 1.7001e-01
2.7000e+06, 1.6278e-01
2.9000e+06, 1.5079e-01
3.0000e+06, 1.4353e-01
3.5000e+06, 1.0618e-01
4.0000e+06, 7.1061e-02
5.0000e+06, 2.9511e-02
6.0000e+06, 1.1526e-02
7.0000e+06, 5.5506e-03
7.1809e+06, 5.1509e-03
7.1809e+06, 5.1509e-03
8.0000e+06, 3.3413e-03
9.0000e+06, 2.3630e-03
1.0000e+07, 1.9113e-03
1.0010e+07, 1.9085e-03
1.0010e+07, 1.9085e-03
1.0374e+07, 1.8066e-03
1.1000e+07, 1.6318e-03
1.2000e+07, 1.4466e-03
1.3000e+07, 1.3091e-03
1.4000e+07, 1.1686e-03
1.5000e+07, 1.0075e-03
1.6000e+07, 8.1753e-04
1.6737e+07, 6.8637e-04
1.7000e+07, 6.3964e-04
1.8000e+07, 4.6176e-04
1.8029e+07, 4.5811e-04
1.8029e+07, 4.5811e-04
1.9000e+07, 3.3526e-04
2.0000e+07, 2.3276e-04
