ebin, xs
1.0000e-05, 4.8545e+01
1.0625e-05, 4.7096e+01
1.1250e-05, 4.5769e+01
1.1875e-05, 4.4548e+01
1.2500e-05, 4.3420e+01
1.3750e-05, 4.1400e+01
1.5000e-05, 3.9637e+01
1.6250e-05, 3.8082e+01
1.7500e-05, 3.6697e+01
1.8750e-05, 3.5453e+01
2.0000e-05, 3.4327e+01
2.1875e-05, 3.2823e+01
2.3750e-05, 3.1500e+01
2.5625e-05, 3.0326e+01
2.7500e-05, 2.9274e+01
2.9375e-05, 2.8324e+01
3.1250e-05, 2.7461e+01
3.3125e-05, 2.6673e+01
3.5000e-05, 2.5949e+01
3.8750e-05, 2.4661e+01
4.2500e-05, 2.3548e+01
4.6250e-05, 2.2573e+01
5.0000e-05, 2.1710e+01
5.3125e-05, 2.1062e+01
5.6250e-05, 2.0469e+01
5.9375e-05, 1.9923e+01
6.2500e-05, 1.9418e+01
6.8750e-05, 1.8515e+01
7.5000e-05, 1.7726e+01
8.1250e-05, 1.7031e+01
8.7500e-05, 1.6411e+01
9.3750e-05, 1.5855e+01
1.0000e-04, 1.5351e+01
1.0625e-04, 1.4893e+01
1.1250e-04, 1.4473e+01
1.1875e-04, 1.4087e+01
1.2500e-04, 1.3731e+01
1.3750e-04, 1.3092e+01
1.5000e-04, 1.2534e+01
1.6250e-04, 1.2043e+01
1.7500e-04, 1.1605e+01
1.8750e-04, 1.1211e+01
2.0000e-04, 1.0855e+01
2.1875e-04, 1.0379e+01
2.3750e-04, 9.9613e+00
2.5625e-04, 9.5900e+00
2.7500e-04, 9.2572e+00
2.9375e-04, 8.9569e+00
3.1250e-04, 8.6841e+00
3.3125e-04, 8.4347e+00
3.5000e-04, 8.2057e+00
3.8750e-04, 7.7985e+00
4.2500e-04, 7.4465e+00
4.6250e-04, 7.1382e+00
5.0000e-04, 6.8653e+00
5.3125e-04, 6.6603e+00
5.6250e-04, 6.4727e+00
5.9375e-04, 6.3001e+00
6.2500e-04, 6.1405e+00
6.8750e-04, 5.8548e+00
7.5000e-04, 5.6055e+00
8.1250e-04, 5.3856e+00
8.7500e-04, 5.1897e+00
9.3750e-04, 5.0137e+00
1.0000e-03, 4.8545e+00
1.0625e-03, 4.7096e+00
1.1250e-03, 4.5769e+00
1.1875e-03, 4.4548e+00
1.2500e-03, 4.3420e+00
1.3750e-03, 4.1400e+00
1.5000e-03, 3.9637e+00
1.6250e-03, 3.8082e+00
1.7500e-03, 3.6697e+00
1.8750e-03, 3.5453e+00
2.0000e-03, 3.4327e+00
2.1875e-03, 3.2823e+00
2.3750e-03, 3.1500e+00
2.5625e-03, 3.0326e+00
2.7500e-03, 2.9274e+00
2.9375e-03, 2.8325e+00
3.1250e-03, 2.7462e+00
3.3125e-03, 2.6673e+00
3.5000e-03, 2.5949e+00
3.8750e-03, 2.4661e+00
4.2500e-03, 2.3548e+00
4.6250e-03, 2.2573e+00
5.0000e-03, 2.1710e+00
5.3125e-03, 2.1062e+00
5.6250e-03, 2.0468e+00
5.9375e-03, 1.9923e+00
6.2500e-03, 1.9418e+00
6.8750e-03, 1.8514e+00
7.5000e-03, 1.7726e+00
8.1250e-03, 1.7030e+00
8.7500e-03, 1.6411e+00
9.3750e-03, 1.5854e+00
1.0000e-02, 1.5350e+00
1.0625e-02, 1.4892e+00
1.1250e-02, 1.4473e+00
1.1875e-02, 1.4087e+00
1.2500e-02, 1.3730e+00
1.3750e-02, 1.3092e+00
1.5000e-02, 1.2534e+00
1.6250e-02, 1.2042e+00
1.7500e-02, 1.1604e+00
1.8750e-02, 1.1210e+00
2.0000e-02, 1.0854e+00
2.1325e-02, 1.0511e+00
2.2650e-02, 1.0199e+00
2.3975e-02, 9.9130e-01
2.5300e-02, 9.6502e-01
2.6844e-02, 9.3692e-01
2.8387e-02, 9.1115e-01
3.1475e-02, 8.6538e-01
3.4563e-02, 8.2581e-01
3.7650e-02, 7.9117e-01
4.0738e-02, 7.6054e-01
4.3825e-02, 7.3322e-01
4.6913e-02, 7.0865e-01
5.0000e-02, 6.8640e-01
5.3125e-02, 6.6589e-01
5.6250e-02, 6.4713e-01
5.9375e-02, 6.2990e-01
6.2500e-02, 6.1400e-01
6.8750e-02, 5.8548e-01
7.5000e-02, 5.6053e-01
8.1250e-02, 5.3850e-01
8.7500e-02, 5.1888e-01
9.3750e-02, 5.0126e-01
1.0000e-01, 4.8532e-01
1.0625e-01, 4.7081e-01
1.1250e-01, 4.5754e-01
1.1875e-01, 4.4534e-01
1.2500e-01, 4.3412e-01
1.3750e-01, 4.1397e-01
1.5000e-01, 3.9631e-01
1.6250e-01, 3.8073e-01
1.7500e-01, 3.6685e-01
1.8750e-01, 3.5439e-01
2.0000e-01, 3.4316e-01
2.1875e-01, 3.2814e-01
2.3750e-01, 3.1489e-01
2.5625e-01, 3.0313e-01
2.7500e-01, 2.9259e-01
2.9375e-01, 2.8308e-01
3.1250e-01, 2.7444e-01
3.3125e-01, 2.6655e-01
3.5000e-01, 2.5935e-01
3.8750e-01, 2.4650e-01
4.2500e-01, 2.3534e-01
5.0000e-01, 2.1696e-01
6.2500e-01, 1.9401e-01
7.5000e-01, 1.7705e-01
8.7500e-01, 1.6390e-01
1.0000e+00, 1.5330e-01
1.2500e+00, 1.3704e-01
1.5000e+00, 1.2503e-01
1.7500e+00, 1.1572e-01
2.0000e+00, 1.0821e-01
2.3750e+00, 9.9234e-02
2.7500e+00, 9.2171e-02
3.1250e+00, 8.6406e-02
3.5000e+00, 8.1593e-02
4.2500e+00, 7.3951e-02
5.0000e+00, 6.8099e-02
6.2500e+00, 6.0790e-02
7.5000e+00, 5.5383e-02
8.7500e+00, 5.1177e-02
1.0000e+01, 4.7782e-02
1.2500e+01, 4.2573e-02
1.5000e+01, 3.8717e-02
1.7500e+01, 3.5714e-02
2.0000e+01, 3.3286e-02
2.3750e+01, 3.0382e-02
2.7500e+01, 2.8088e-02
3.1250e+01, 2.6214e-02
3.5000e+01, 2.4646e-02
4.2500e+01, 2.2151e-02
5.0000e+01, 2.0236e-02
5.6250e+01, 1.8940e-02
6.2500e+01, 1.7843e-02
7.5000e+01, 1.6078e-02
8.7500e+01, 1.4712e-02
1.0000e+02, 1.3617e-02
1.1250e+02, 1.2719e-02
1.2500e+02, 1.1969e-02
1.3750e+02, 1.1332e-02
1.5000e+02, 1.0787e-02
1.6250e+02, 1.0316e-02
1.7500e+02, 9.9052e-03
1.8750e+02, 9.5462e-03
2.0000e+02, 9.2308e-03
2.0879e+02, 9.0323e-03
2.1758e+02, 8.8508e-03
2.2637e+02, 8.6845e-03
2.3516e+02, 8.5322e-03
2.3955e+02, 8.4599e-03
2.4395e+02, 8.3917e-03
2.4834e+02, 8.3264e-03
2.5273e+02, 8.2640e-03
2.5713e+02, 8.2044e-03
2.6152e+02, 8.1474e-03
2.6592e+02, 8.0930e-03
2.7031e+02, 8.0411e-03
2.7266e+02, 8.0145e-03
2.7500e+02, 7.9885e-03
2.7822e+02, 7.9539e-03
2.7983e+02, 7.9370e-03
2.8145e+02, 7.9205e-03
2.8467e+02, 7.8883e-03
2.8628e+02, 7.8726e-03
2.8789e+02, 7.8573e-03
2.8950e+02, 7.8422e-03
2.9111e+02, 7.8274e-03
2.9272e+02, 7.8129e-03
2.9434e+02, 7.7986e-03
2.9595e+02, 7.7846e-03
2.9756e+02, 7.7710e-03
2.9917e+02, 7.7575e-03
3.0078e+02, 7.7444e-03
3.0312e+02, 7.7257e-03
3.0474e+02, 7.7132e-03
3.0635e+02, 7.7010e-03
3.0796e+02, 7.6889e-03
3.0957e+02, 7.6772e-03
3.1118e+02, 7.6657e-03
3.1279e+02, 7.6545e-03
3.1440e+02, 7.6435e-03
3.1602e+02, 7.6327e-03
3.1763e+02, 7.6222e-03
3.1924e+02, 7.6119e-03
3.2085e+02, 7.6019e-03
3.2246e+02, 7.5921e-03
3.2407e+02, 7.5826e-03
3.2568e+02, 7.5733e-03
3.2891e+02, 7.5553e-03
3.3154e+02, 7.5413e-03
3.3418e+02, 7.5279e-03
3.3682e+02, 7.5152e-03
3.3945e+02, 7.5030e-03
3.4473e+02, 7.4802e-03
3.5000e+02, 7.4597e-03
3.5469e+02, 7.4434e-03
3.5938e+02, 7.4289e-03
3.6406e+02, 7.4160e-03
3.6875e+02, 7.4049e-03
3.7812e+02, 7.3875e-03
3.8750e+02, 7.3765e-03
3.9688e+02, 7.3719e-03
4.0625e+02, 7.3735e-03
4.1562e+02, 7.3812e-03
4.2500e+02, 7.3949e-03
4.3438e+02, 7.4147e-03
4.4375e+02, 7.4404e-03
4.5312e+02, 7.4722e-03
4.6250e+02, 7.5100e-03
4.8125e+02, 7.6038e-03
5.0000e+02, 7.7224e-03
5.1562e+02, 7.8409e-03
5.3125e+02, 7.9781e-03
5.4688e+02, 8.1348e-03
5.6250e+02, 8.3123e-03
5.7812e+02, 8.5117e-03
5.9375e+02, 8.7347e-03
6.0938e+02, 8.9832e-03
6.2500e+02, 9.2593e-03
6.4062e+02, 9.5655e-03
6.5625e+02, 9.9049e-03
6.7188e+02, 1.0281e-02
6.8750e+02, 1.0697e-02
7.0312e+02, 1.1159e-02
7.1875e+02, 1.1672e-02
7.3438e+02, 1.2242e-02
7.5000e+02, 1.2877e-02
7.6562e+02, 1.3587e-02
7.8125e+02, 1.4383e-02
7.9688e+02, 1.5277e-02
8.1250e+02, 1.6288e-02
8.2812e+02, 1.7434e-02
8.4375e+02, 1.8740e-02
8.5938e+02, 2.0239e-02
8.7500e+02, 2.1968e-02
8.9062e+02, 2.3980e-02
9.0625e+02, 2.6340e-02
9.2188e+02, 2.9134e-02
9.3750e+02, 3.2480e-02
9.5312e+02, 3.6539e-02
9.6875e+02, 4.1530e-02
9.7656e+02, 4.4470e-02
9.8438e+02, 4.7781e-02
9.9219e+02, 5.1524e-02
1.0000e+03, 5.5781e-02
1.0100e+03, 6.2184e-02
1.0200e+03, 6.9865e-02
1.0299e+03, 7.9155e-02
1.0399e+03, 9.0594e-02
1.0499e+03, 1.0530e-01
1.0549e+03, 1.1392e-01
1.0599e+03, 1.2417e-01
1.0648e+03, 1.3539e-01
1.0698e+03, 1.4880e-01
1.0748e+03, 1.6382e-01
1.0798e+03, 1.8181e-01
1.0853e+03, 2.0568e-01
1.0908e+03, 2.3449e-01
1.0963e+03, 2.6998e-01
1.1018e+03, 3.1458e-01
1.1045e+03, 3.4066e-01
1.1072e+03, 3.7014e-01
1.1127e+03, 4.4168e-01
1.1155e+03, 4.8416e-01
1.1182e+03, 5.3345e-01
1.1210e+03, 5.8854e-01
1.1237e+03, 6.5009e-01
1.1269e+03, 7.3392e-01
1.1302e+03, 8.2823e-01
1.1366e+03, 1.0475e+00
1.1399e+03, 1.1628e+00
1.1431e+03, 1.2720e+00
1.1463e+03, 1.3630e+00
1.1496e+03, 1.4225e+00
1.1527e+03, 1.4410e+00
1.1566e+03, 1.4063e+00
1.1604e+03, 1.3186e+00
1.1682e+03, 1.0673e+00
1.1720e+03, 9.4017e-01
1.1740e+03, 8.8114e-01
1.1759e+03, 8.2646e-01
1.1779e+03, 7.7496e-01
1.1798e+03, 7.2831e-01
1.1817e+03, 6.8599e-01
1.1837e+03, 6.4773e-01
1.1864e+03, 6.0024e-01
1.1891e+03, 5.5964e-01
1.1918e+03, 5.2526e-01
1.1946e+03, 4.9649e-01
1.1973e+03, 4.7262e-01
1.2000e+03, 4.5325e-01
1.2028e+03, 4.3790e-01
1.2055e+03, 4.2618e-01
1.2075e+03, 4.1980e-01
1.2095e+03, 4.1511e-01
1.2114e+03, 4.1203e-01
1.2134e+03, 4.1050e-01
1.2160e+03, 4.1077e-01
1.2186e+03, 4.1392e-01
1.2211e+03, 4.1887e-01
1.2237e+03, 4.2676e-01
1.2263e+03, 4.3667e-01
1.2289e+03, 4.4904e-01
1.2314e+03, 4.6437e-01
1.2340e+03, 4.8175e-01
1.2366e+03, 5.0194e-01
1.2392e+03, 5.2508e-01
1.2417e+03, 5.5038e-01
1.2443e+03, 5.7879e-01
1.2495e+03, 6.4198e-01
1.2546e+03, 7.1252e-01
1.2602e+03, 7.9092e-01
1.2658e+03, 8.5993e-01
1.2714e+03, 9.0637e-01
1.2770e+03, 9.1742e-01
1.2815e+03, 8.9642e-01
1.2851e+03, 8.6173e-01
1.2887e+03, 8.1548e-01
1.2923e+03, 7.6194e-01
1.2959e+03, 7.0456e-01
1.3032e+03, 5.8850e-01
1.3104e+03, 4.8499e-01
1.3176e+03, 3.9866e-01
1.3248e+03, 3.2994e-01
1.3285e+03, 3.0069e-01
1.3321e+03, 2.7538e-01
1.3393e+03, 2.3179e-01
1.3436e+03, 2.1053e-01
1.3479e+03, 1.9193e-01
1.3522e+03, 1.7550e-01
1.3565e+03, 1.6093e-01
1.3608e+03, 1.4806e-01
1.3651e+03, 1.3675e-01
1.3737e+03, 1.1772e-01
1.3824e+03, 1.0229e-01
1.3910e+03, 9.0141e-02
1.3996e+03, 7.9706e-02
1.4082e+03, 7.1068e-02
1.4155e+03, 6.5096e-02
1.4228e+03, 5.9783e-02
1.4301e+03, 5.5059e-02
1.4373e+03, 5.1104e-02
1.4519e+03, 4.4437e-02
1.4665e+03, 3.9371e-02
1.4811e+03, 3.5399e-02
1.4956e+03, 3.2458e-02
1.5102e+03, 3.0368e-02
1.5248e+03, 2.9062e-02
1.5354e+03, 2.8700e-02
1.5440e+03, 2.8839e-02
1.5526e+03, 2.9426e-02
1.5569e+03, 2.9829e-02
1.5612e+03, 3.0557e-02
1.5698e+03, 3.2279e-02
1.5785e+03, 3.5093e-02
1.5828e+03, 3.7020e-02
1.5871e+03, 3.9437e-02
1.5914e+03, 4.2440e-02
1.5957e+03, 4.6154e-02
1.6000e+03, 5.0670e-02
1.6043e+03, 5.6560e-02
1.6074e+03, 6.1934e-02
1.6106e+03, 6.8481e-02
1.6137e+03, 7.6529e-02
1.6169e+03, 8.6545e-02
1.6200e+03, 9.9233e-02
1.6232e+03, 1.1563e-01
1.6247e+03, 1.2564e-01
1.6263e+03, 1.3695e-01
1.6279e+03, 1.5031e-01
1.6295e+03, 1.6597e-01
1.6303e+03, 1.7528e-01
1.6311e+03, 1.8542e-01
1.6320e+03, 1.9657e-01
1.6328e+03, 2.0886e-01
1.6332e+03, 2.1616e-01
1.6337e+03, 2.2385e-01
1.6341e+03, 2.3200e-01
1.6346e+03, 2.4060e-01
1.6351e+03, 2.4973e-01
1.6355e+03, 2.5939e-01
1.6360e+03, 2.6967e-01
1.6364e+03, 2.8056e-01
1.6369e+03, 2.9218e-01
1.6373e+03, 3.0453e-01
1.6378e+03, 3.1772e-01
1.6382e+03, 3.3178e-01
1.6387e+03, 3.4684e-01
1.6392e+03, 3.6292e-01
1.6396e+03, 3.8017e-01
1.6401e+03, 3.9868e-01
1.6405e+03, 4.1863e-01
1.6410e+03, 4.4006e-01
1.6414e+03, 4.6324e-01
1.6419e+03, 4.8821e-01
1.6423e+03, 5.1531e-01
1.6428e+03, 5.4462e-01
1.6433e+03, 5.7652e-01
1.6437e+03, 6.1116e-01
1.6442e+03, 6.4900e-01
1.6446e+03, 6.9025e-01
1.6451e+03, 7.3550e-01
1.6455e+03, 7.8501e-01
1.6460e+03, 8.3953e-01
1.6464e+03, 8.9943e-01
1.6469e+03, 9.6566e-01
1.6474e+03, 1.0387e+00
1.6477e+03, 1.1036e+00
1.6481e+03, 1.1739e+00
1.6485e+03, 1.2503e+00
1.6488e+03, 1.3334e+00
1.6492e+03, 1.4239e+00
1.6496e+03, 1.5225e+00
1.6499e+03, 1.6300e+00
1.6503e+03, 1.7472e+00
1.6507e+03, 1.8749e+00
1.6510e+03, 2.0135e+00
1.6514e+03, 2.1635e+00
1.6518e+03, 2.3250e+00
1.6521e+03, 2.4983e+00
1.6525e+03, 2.6829e+00
1.6532e+03, 3.0820e+00
1.6542e+03, 3.6242e+00
1.6551e+03, 4.1347e+00
1.6556e+03, 4.3463e+00
1.6561e+03, 4.5094e+00
1.6565e+03, 4.6122e+00
1.6570e+03, 4.6461e+00
1.6576e+03, 4.5798e+00
1.6583e+03, 4.3962e+00
1.6587e+03, 4.1964e+00
1.6592e+03, 3.9592e+00
1.6601e+03, 3.4266e+00
1.6611e+03, 2.8917e+00
1.6620e+03, 2.4113e+00
1.6630e+03, 2.0061e+00
1.6639e+03, 1.6747e+00
1.6648e+03, 1.4074e+00
1.6658e+03, 1.1927e+00
1.6664e+03, 1.0733e+00
1.6670e+03, 9.6976e-01
1.6676e+03, 8.7955e-01
1.6683e+03, 8.0070e-01
1.6689e+03, 7.3157e-01
1.6695e+03, 6.7100e-01
1.6708e+03, 5.6965e-01
1.6720e+03, 4.8857e-01
1.6733e+03, 4.2337e-01
1.6745e+03, 3.7025e-01
1.6758e+03, 3.2653e-01
1.6768e+03, 2.9646e-01
1.6778e+03, 2.7040e-01
1.6788e+03, 2.4765e-01
1.6798e+03, 2.2771e-01
1.6818e+03, 1.9454e-01
1.6839e+03, 1.6830e-01
1.6859e+03, 1.4719e-01
1.6879e+03, 1.3022e-01
1.6900e+03, 1.1592e-01
1.6920e+03, 1.0399e-01
1.6937e+03, 9.5402e-02
1.6954e+03, 8.7894e-02
1.6971e+03, 8.1301e-02
1.6988e+03, 7.5533e-02
1.7023e+03, 6.5869e-02
1.7057e+03, 5.8225e-02
1.7092e+03, 5.2087e-02
1.7126e+03, 4.7174e-02
1.7160e+03, 4.3276e-02
1.7194e+03, 4.0298e-02
1.7232e+03, 3.8194e-02
1.7251e+03, 3.7693e-02
1.7269e+03, 3.7663e-02
1.7292e+03, 3.8677e-02
1.7315e+03, 4.1718e-02
1.7326e+03, 4.4579e-02
1.7337e+03, 4.9107e-02
1.7349e+03, 5.6454e-02
1.7354e+03, 6.1845e-02
1.7360e+03, 6.9035e-02
1.7367e+03, 8.2814e-02
1.7371e+03, 9.2579e-02
1.7375e+03, 1.0528e-01
1.7378e+03, 1.2242e-01
1.7382e+03, 1.4668e-01
1.7384e+03, 1.6335e-01
1.7386e+03, 1.8491e-01
1.7388e+03, 2.1443e-01
1.7390e+03, 2.5740e-01
1.7391e+03, 3.2420e-01
1.7392e+03, 3.7157e-01
1.7393e+03, 4.3155e-01
1.7394e+03, 5.0950e-01
1.7395e+03, 6.0874e-01
1.7396e+03, 7.3772e-01
1.7397e+03, 9.0116e-01
1.7398e+03, 1.1116e+00
1.7399e+03, 1.3781e+00
1.7400e+03, 1.7124e+00
1.7400e+03, 1.9068e+00
1.7401e+03, 2.1226e+00
1.7401e+03, 2.3670e+00
1.7402e+03, 2.6313e+00
1.7403e+03, 3.2411e+00
1.7403e+03, 3.9785e+00
1.7404e+03, 4.8392e+00
1.7405e+03, 5.8509e+00
1.7406e+03, 7.0104e+00
1.7407e+03, 8.3181e+00
1.7408e+03, 9.7516e+00
1.7410e+03, 1.2997e+01
1.7412e+03, 1.6551e+01
1.7414e+03, 2.0285e+01
1.7416e+03, 2.3556e+01
1.7417e+03, 2.5321e+01
1.7418e+03, 2.6145e+01
1.7419e+03, 2.6567e+01
1.7419e+03, 2.6840e+01
1.7420e+03, 2.6965e+01
1.7420e+03, 2.6957e+01
1.7421e+03, 2.6856e+01
1.7421e+03, 2.6643e+01
1.7422e+03, 2.6068e+01
1.7423e+03, 2.5237e+01
1.7424e+03, 2.3367e+01
1.7426e+03, 2.1034e+01
1.7428e+03, 1.6247e+01
1.7431e+03, 1.1498e+01
1.7432e+03, 9.3749e+00
1.7433e+03, 7.4950e+00
1.7434e+03, 6.6550e+00
1.7435e+03, 5.8832e+00
1.7435e+03, 5.1792e+00
1.7436e+03, 4.5418e+00
1.7437e+03, 3.9685e+00
1.7437e+03, 3.4564e+00
1.7438e+03, 3.0017e+00
1.7438e+03, 2.6006e+00
1.7439e+03, 2.2489e+00
1.7440e+03, 1.9422e+00
1.7440e+03, 1.6761e+00
1.7441e+03, 1.4499e+00
1.7442e+03, 1.2522e+00
1.7442e+03, 1.0832e+00
1.7443e+03, 9.3916e-01
1.7443e+03, 8.1689e-01
1.7444e+03, 7.1339e-01
1.7445e+03, 6.2598e-01
1.7446e+03, 4.9020e-01
1.7447e+03, 3.9384e-01
1.7449e+03, 3.2515e-01
1.7450e+03, 2.7558e-01
1.7451e+03, 2.3914e-01
1.7454e+03, 1.9036e-01
1.7456e+03, 1.5941e-01
1.7459e+03, 1.3766e-01
1.7461e+03, 1.2133e-01
1.7467e+03, 9.5640e-02
1.7472e+03, 7.8900e-02
1.7478e+03, 6.7235e-02
1.7484e+03, 5.8724e-02
1.7495e+03, 4.7259e-02
1.7506e+03, 4.0067e-02
1.7519e+03, 3.4877e-02
1.7531e+03, 3.1220e-02
1.7556e+03, 2.6461e-02
1.7580e+03, 2.3523e-02
1.7605e+03, 2.1458e-02
1.7654e+03, 1.8754e-02
1.7703e+03, 1.6903e-02
1.7776e+03, 1.5036e-02
1.7849e+03, 1.3593e-02
1.7922e+03, 1.2461e-02
1.7995e+03, 1.1532e-02
1.8141e+03, 1.0078e-02
1.8287e+03, 9.0003e-03
1.8433e+03, 8.1126e-03
1.8579e+03, 7.3901e-03
1.8726e+03, 6.7891e-03
1.8872e+03, 6.2820e-03
1.9013e+03, 5.8645e-03
1.9154e+03, 5.5196e-03
1.9436e+03, 4.8979e-03
1.9718e+03, 4.4027e-03
2.0000e+03, 4.0003e-03
2.0429e+03, 3.5241e-03
2.0858e+03, 3.1632e-03
2.1287e+03, 2.8765e-03
2.1716e+03, 2.6533e-03
2.2145e+03, 2.4829e-03
2.2574e+03, 2.3594e-03
2.3003e+03, 2.2802e-03
2.3432e+03, 2.2465e-03
2.4045e+03, 2.3001e-03
2.4351e+03, 2.3798e-03
2.4657e+03, 2.5076e-03
2.4964e+03, 2.7109e-03
2.5270e+03, 3.0117e-03
2.5577e+03, 3.4475e-03
2.5883e+03, 4.1253e-03
2.6143e+03, 5.0222e-03
2.6274e+03, 5.6449e-03
2.6404e+03, 6.4381e-03
2.6534e+03, 7.4435e-03
2.6664e+03, 8.7935e-03
2.6729e+03, 9.6395e-03
2.6794e+03, 1.0703e-02
2.6860e+03, 1.1822e-02
2.6925e+03, 1.3230e-02
2.6988e+03, 1.4887e-02
2.7019e+03, 1.5845e-02
2.7051e+03, 1.6912e-02
2.7083e+03, 1.8092e-02
2.7098e+03, 1.8734e-02
2.7114e+03, 1.9414e-02
2.7130e+03, 2.0135e-02
2.7146e+03, 2.0899e-02
2.7162e+03, 2.1709e-02
2.7170e+03, 2.2132e-02
2.7177e+03, 2.2568e-02
2.7187e+03, 2.3116e-02
2.7197e+03, 2.3685e-02
2.7206e+03, 2.4277e-02
2.7216e+03, 2.4892e-02
2.7226e+03, 2.5598e-02
2.7237e+03, 2.6336e-02
2.7247e+03, 2.7106e-02
2.7258e+03, 2.7913e-02
2.7268e+03, 2.8758e-02
2.7279e+03, 2.9643e-02
2.7290e+03, 3.0571e-02
2.7300e+03, 3.1545e-02
2.7306e+03, 3.2144e-02
2.7312e+03, 3.2759e-02
2.7325e+03, 3.4047e-02
2.7337e+03, 3.5415e-02
2.7350e+03, 3.6869e-02
2.7362e+03, 3.8419e-02
2.7375e+03, 4.0075e-02
2.7387e+03, 4.1839e-02
2.7400e+03, 4.3722e-02
2.7410e+03, 4.5420e-02
2.7421e+03, 4.7218e-02
2.7431e+03, 4.9128e-02
2.7442e+03, 5.1157e-02
2.7452e+03, 5.3319e-02
2.7463e+03, 5.5620e-02
2.7473e+03, 5.8076e-02
2.7484e+03, 6.0698e-02
2.7494e+03, 6.3507e-02
2.7505e+03, 6.6514e-02
2.7515e+03, 6.9741e-02
2.7526e+03, 7.3208e-02
2.7537e+03, 7.6946e-02
2.7547e+03, 8.0972e-02
2.7558e+03, 8.5323e-02
2.7568e+03, 9.0033e-02
2.7579e+03, 9.5146e-02
2.7589e+03, 1.0070e-01
2.7600e+03, 1.0675e-01
2.7610e+03, 1.1335e-01
2.7621e+03, 1.2059e-01
2.7631e+03, 1.2852e-01
2.7642e+03, 1.3724e-01
2.7652e+03, 1.4686e-01
2.7663e+03, 1.5751e-01
2.7673e+03, 1.6932e-01
2.7684e+03, 1.8246e-01
2.7695e+03, 1.9714e-01
2.7705e+03, 2.1359e-01
2.7716e+03, 2.3207e-01
2.7726e+03, 2.5286e-01
2.7737e+03, 2.7629e-01
2.7747e+03, 3.0294e-01
2.7758e+03, 3.3341e-01
2.7768e+03, 3.6832e-01
2.7779e+03, 4.0839e-01
2.7789e+03, 4.5456e-01
2.7800e+03, 5.0775e-01
2.7810e+03, 5.6912e-01
2.7821e+03, 6.3985e-01
2.7828e+03, 6.9122e-01
2.7835e+03, 7.4730e-01
2.7848e+03, 8.7409e-01
2.7862e+03, 1.0197e+00
2.7875e+03, 1.1791e+00
2.7889e+03, 1.3399e+00
2.7903e+03, 1.4829e+00
2.7916e+03, 1.5834e+00
2.7923e+03, 1.6103e+00
2.7930e+03, 1.6191e+00
2.7941e+03, 1.5950e+00
2.7949e+03, 1.5483e+00
2.7957e+03, 1.4813e+00
2.7973e+03, 1.3077e+00
2.8006e+03, 9.3180e-01
2.8022e+03, 7.7345e-01
2.8038e+03, 6.4251e-01
2.8054e+03, 5.3659e-01
2.8071e+03, 4.5157e-01
2.8081e+03, 4.0692e-01
2.8091e+03, 3.6801e-01
2.8101e+03, 3.3394e-01
2.8111e+03, 3.0408e-01
2.8122e+03, 2.7778e-01
2.8132e+03, 2.5461e-01
2.8142e+03, 2.3418e-01
2.8152e+03, 2.1614e-01
2.8173e+03, 1.8529e-01
2.8193e+03, 1.6030e-01
2.8213e+03, 1.3992e-01
2.8234e+03, 1.2314e-01
2.8250e+03, 1.1175e-01
2.8267e+03, 1.0185e-01
2.8283e+03, 9.3201e-02
2.8299e+03, 8.5602e-02
2.8332e+03, 7.2937e-02
2.8364e+03, 6.2884e-02
2.8397e+03, 5.4782e-02
2.8430e+03, 4.8164e-02
2.8462e+03, 4.2778e-02
2.8495e+03, 3.8176e-02
2.8555e+03, 3.1549e-02
2.8615e+03, 2.6542e-02
2.8675e+03, 2.2693e-02
2.8735e+03, 1.9702e-02
2.8794e+03, 1.7319e-02
2.8854e+03, 1.5429e-02
2.8914e+03, 1.3930e-02
2.8974e+03, 1.2756e-02
2.9061e+03, 1.1621e-02
2.9148e+03, 1.1334e-02
2.9189e+03, 1.1710e-02
2.9230e+03, 1.2782e-02
2.9271e+03, 1.5370e-02
2.9291e+03, 1.7976e-02
2.9311e+03, 2.2533e-02
2.9324e+03, 2.7062e-02
2.9336e+03, 3.4265e-02
2.9348e+03, 4.6870e-02
2.9354e+03, 5.7130e-02
2.9360e+03, 7.2741e-02
2.9364e+03, 8.5995e-02
2.9367e+03, 1.0633e-01
2.9371e+03, 1.4252e-01
2.9372e+03, 1.7245e-01
2.9374e+03, 2.1611e-01
2.9376e+03, 2.8060e-01
2.9377e+03, 3.7612e-01
2.9379e+03, 5.1686e-01
2.9380e+03, 6.0989e-01
2.9381e+03, 7.2174e-01
2.9382e+03, 8.5558e-01
2.9382e+03, 1.0149e+00
2.9383e+03, 1.2037e+00
2.9384e+03, 1.4259e+00
2.9385e+03, 1.6860e+00
2.9386e+03, 1.9885e+00
2.9387e+03, 2.3379e+00
2.9388e+03, 2.7387e+00
2.9388e+03, 3.0992e+00
2.9389e+03, 3.4975e+00
2.9390e+03, 3.9353e+00
2.9390e+03, 4.4142e+00
2.9392e+03, 5.4998e+00
2.9393e+03, 6.7589e+00
2.9394e+03, 8.1875e+00
2.9396e+03, 9.7715e+00
2.9398e+03, 1.3290e+01
2.9401e+03, 1.6969e+01
2.9404e+03, 2.0310e+01
2.9405e+03, 2.1765e+01
2.9407e+03, 2.2886e+01
2.9408e+03, 2.3688e+01
2.9409e+03, 2.3908e+01
2.9410e+03, 2.3952e+01
2.9411e+03, 2.3841e+01
2.9412e+03, 2.3363e+01
2.9415e+03, 2.1848e+01
2.9416e+03, 1.9854e+01
2.9418e+03, 1.7461e+01
2.9422e+03, 1.2227e+01
2.9424e+03, 9.7553e+00
2.9426e+03, 7.5452e+00
2.9427e+03, 6.3217e+00
2.9429e+03, 5.2449e+00
2.9430e+03, 4.2979e+00
2.9431e+03, 3.4921e+00
2.9432e+03, 2.8060e+00
2.9433e+03, 2.5072e+00
2.9433e+03, 2.2400e+00
2.9434e+03, 1.9940e+00
2.9435e+03, 1.7721e+00
2.9436e+03, 1.3970e+00
2.9437e+03, 1.0951e+00
2.9438e+03, 8.5912e-01
2.9440e+03, 6.7364e-01
2.9441e+03, 5.3167e-01
2.9442e+03, 4.2213e-01
2.9443e+03, 3.3957e-01
2.9444e+03, 2.7703e-01
2.9446e+03, 2.2976e-01
2.9448e+03, 1.7392e-01
2.9450e+03, 1.3879e-01
2.9452e+03, 1.1570e-01
2.9454e+03, 9.9914e-02
2.9458e+03, 7.9598e-02
2.9462e+03, 6.6705e-02
2.9470e+03, 5.0572e-02
2.9479e+03, 4.0848e-02
2.9487e+03, 3.4495e-02
2.9495e+03, 3.0193e-02
2.9512e+03, 2.5252e-02
2.9535e+03, 2.3082e-02
2.9553e+03, 2.4162e-02
2.9572e+03, 2.8476e-02
2.9581e+03, 3.2632e-02
2.9590e+03, 3.9094e-02
2.9600e+03, 4.9534e-02
2.9609e+03, 6.8094e-02
2.9613e+03, 8.1214e-02
2.9617e+03, 1.0198e-01
2.9621e+03, 1.4158e-01
2.9622e+03, 1.7662e-01
2.9624e+03, 2.3066e-01
2.9626e+03, 3.1562e-01
2.9628e+03, 4.4765e-01
2.9629e+03, 5.3868e-01
2.9630e+03, 6.5124e-01
2.9631e+03, 7.8969e-01
2.9632e+03, 9.5891e-01
2.9633e+03, 1.1667e+00
2.9634e+03, 1.4147e+00
2.9635e+03, 1.7112e+00
2.9636e+03, 2.0627e+00
2.9637e+03, 2.4758e+00
2.9638e+03, 2.9570e+00
2.9639e+03, 3.5122e+00
2.9640e+03, 4.1466e+00
2.9641e+03, 5.0633e+00
2.9642e+03, 6.1071e+00
2.9644e+03, 7.2950e+00
2.9645e+03, 8.6015e+00
2.9647e+03, 1.1552e+01
2.9650e+03, 1.4752e+01
2.9652e+03, 1.7930e+01
2.9654e+03, 2.0701e+01
2.9656e+03, 2.1917e+01
2.9657e+03, 2.2834e+01
2.9659e+03, 2.3425e+01
2.9660e+03, 2.3649e+01
2.9660e+03, 2.3655e+01
2.9661e+03, 2.3568e+01
2.9662e+03, 2.3205e+01
2.9664e+03, 2.2014e+01
2.9666e+03, 2.0469e+01
2.9667e+03, 1.8562e+01
2.9674e+03, 9.8353e+00
2.9676e+03, 7.6244e+00
2.9677e+03, 6.6324e+00
2.9678e+03, 5.7356e+00
2.9679e+03, 4.9175e+00
2.9680e+03, 4.1941e+00
2.9681e+03, 3.5542e+00
2.9682e+03, 2.9938e+00
2.9683e+03, 2.5030e+00
2.9684e+03, 2.0860e+00
2.9685e+03, 1.7310e+00
2.9686e+03, 1.4314e+00
2.9687e+03, 1.1782e+00
2.9688e+03, 9.7023e-01
2.9689e+03, 7.9884e-01
2.9690e+03, 6.5853e-01
2.9691e+03, 5.2367e-01
2.9692e+03, 4.1933e-01
2.9693e+03, 3.3911e-01
2.9694e+03, 2.7771e-01
2.9697e+03, 1.9495e-01
2.9699e+03, 1.4637e-01
2.9701e+03, 1.1665e-01
2.9704e+03, 9.7572e-02
2.9708e+03, 7.4545e-02
2.9713e+03, 6.0608e-02
2.9718e+03, 5.0895e-02
2.9727e+03, 3.8096e-02
2.9735e+03, 3.0847e-02
2.9744e+03, 2.5775e-02
2.9760e+03, 1.9254e-02
2.9777e+03, 1.5378e-02
2.9794e+03, 1.2854e-02
2.9827e+03, 9.7873e-03
2.9860e+03, 8.0553e-03
2.9918e+03, 6.3780e-03
2.9976e+03, 5.4206e-03
3.0092e+03, 4.3708e-03
3.0209e+03, 3.7574e-03
3.0325e+03, 3.3466e-03
3.0607e+03, 2.7170e-03
3.0890e+03, 2.3323e-03
3.1172e+03, 2.0776e-03
3.1454e+03, 1.8915e-03
3.2019e+03, 1.6662e-03
3.2584e+03, 1.5681e-03
3.2849e+03, 1.5554e-03
3.3547e+03, 1.6158e-03
3.3896e+03, 1.6972e-03
3.4244e+03, 1.8272e-03
3.4593e+03, 2.0139e-03
3.4942e+03, 2.2735e-03
3.5291e+03, 2.6504e-03
3.5640e+03, 3.1837e-03
3.5905e+03, 3.7681e-03
3.6171e+03, 4.5851e-03
3.6437e+03, 5.7676e-03
3.6503e+03, 6.1448e-03
3.6570e+03, 6.5659e-03
3.6636e+03, 7.0355e-03
3.6669e+03, 7.2908e-03
3.6702e+03, 7.5624e-03
3.6732e+03, 7.8138e-03
3.6761e+03, 8.0790e-03
3.6790e+03, 8.3588e-03
3.6819e+03, 8.6532e-03
3.6833e+03, 8.8073e-03
3.6848e+03, 8.9658e-03
3.6862e+03, 9.1289e-03
3.6877e+03, 9.2967e-03
3.6891e+03, 9.4696e-03
3.6906e+03, 9.6475e-03
3.6920e+03, 9.8308e-03
3.6935e+03, 1.0020e-02
3.6946e+03, 1.0172e-02
3.6958e+03, 1.0328e-02
3.6969e+03, 1.0488e-02
3.6981e+03, 1.0652e-02
3.6992e+03, 1.0820e-02
3.7004e+03, 1.0992e-02
3.7015e+03, 1.1168e-02
3.7026e+03, 1.1349e-02
3.7038e+03, 1.1535e-02
3.7049e+03, 1.1725e-02
3.7061e+03, 1.1920e-02
3.7072e+03, 1.2121e-02
3.7083e+03, 1.2326e-02
3.7095e+03, 1.2537e-02
3.7118e+03, 1.2977e-02
3.7141e+03, 1.3441e-02
3.7163e+03, 1.3931e-02
3.7186e+03, 1.4449e-02
3.7209e+03, 1.4998e-02
3.7232e+03, 1.5579e-02
3.7255e+03, 1.6196e-02
3.7278e+03, 1.6851e-02
3.7300e+03, 1.7551e-02
3.7323e+03, 1.8296e-02
3.7346e+03, 1.9088e-02
3.7369e+03, 1.9932e-02
3.7392e+03, 2.0834e-02
3.7415e+03, 2.1802e-02
3.7437e+03, 2.2836e-02
3.7460e+03, 2.3949e-02
3.7483e+03, 2.5146e-02
3.7506e+03, 2.6434e-02
3.7529e+03, 2.7824e-02
3.7552e+03, 2.9330e-02
3.7574e+03, 3.0958e-02
3.7597e+03, 3.2725e-02
3.7620e+03, 3.4650e-02
3.7643e+03, 3.6747e-02
3.7666e+03, 3.9035e-02
3.7701e+03, 4.3016e-02
3.7736e+03, 4.7626e-02
3.7772e+03, 5.3001e-02
3.7789e+03, 5.6028e-02
3.7807e+03, 5.9313e-02
3.7825e+03, 6.2883e-02
3.7842e+03, 6.6781e-02
3.7860e+03, 7.1000e-02
3.7878e+03, 7.5591e-02
3.7895e+03, 8.0672e-02
3.7913e+03, 8.6262e-02
3.7930e+03, 9.2420e-02
3.7948e+03, 9.9212e-02
3.7971e+03, 1.0909e-01
3.7994e+03, 1.2038e-01
3.8017e+03, 1.3333e-01
3.8039e+03, 1.4823e-01
3.8062e+03, 1.6542e-01
3.8085e+03, 1.8527e-01
3.8108e+03, 2.0819e-01
3.8131e+03, 2.3458e-01
3.8158e+03, 2.7141e-01
3.8186e+03, 3.1413e-01
3.8213e+03, 3.6209e-01
3.8240e+03, 4.1358e-01
3.8268e+03, 4.6475e-01
3.8295e+03, 5.0952e-01
3.8323e+03, 5.4047e-01
3.8336e+03, 5.4863e-01
3.8350e+03, 5.5123e-01
3.8373e+03, 5.4255e-01
3.8394e+03, 5.2181e-01
3.8415e+03, 4.9152e-01
3.8436e+03, 4.5505e-01
3.8457e+03, 4.1582e-01
3.8499e+03, 3.3775e-01
3.8520e+03, 3.0237e-01
3.8541e+03, 2.7057e-01
3.8562e+03, 2.4206e-01
3.8583e+03, 2.1671e-01
3.8604e+03, 1.9434e-01
3.8625e+03, 1.7485e-01
3.8646e+03, 1.5765e-01
3.8667e+03, 1.4266e-01
3.8687e+03, 1.2948e-01
3.8708e+03, 1.1786e-01
3.8732e+03, 1.0641e-01
3.8756e+03, 9.6419e-02
3.8780e+03, 8.7673e-02
3.8803e+03, 8.0034e-02
3.8851e+03, 6.7327e-02
3.8898e+03, 5.7343e-02
3.8945e+03, 4.9352e-02
3.8993e+03, 4.2892e-02
3.9040e+03, 3.7600e-02
3.9088e+03, 3.3211e-02
3.9131e+03, 2.9850e-02
3.9174e+03, 2.7027e-02
3.9260e+03, 2.2384e-02
3.9346e+03, 1.8810e-02
3.9432e+03, 1.6025e-02
3.9519e+03, 1.3835e-02
3.9605e+03, 1.2067e-02
3.9691e+03, 1.0612e-02
3.9777e+03, 9.4071e-03
3.9932e+03, 7.7152e-03
4.0087e+03, 6.4627e-03
4.0243e+03, 5.4907e-03
4.0398e+03, 4.7269e-03
4.0708e+03, 3.6217e-03
4.1018e+03, 2.8799e-03
4.1346e+03, 2.3429e-03
4.1673e+03, 1.9642e-03
4.2001e+03, 1.7078e-03
4.2328e+03, 1.5946e-03
4.2561e+03, 1.7676e-03
4.2678e+03, 2.2288e-03
4.2736e+03, 2.8387e-03
4.2794e+03, 4.2774e-03
4.2828e+03, 6.3641e-03
4.2846e+03, 8.3239e-03
4.2863e+03, 1.1627e-02
4.2878e+03, 1.6996e-02
4.2886e+03, 2.1542e-02
4.2893e+03, 2.8848e-02
4.2901e+03, 4.3970e-02
4.2904e+03, 6.0293e-02
4.2908e+03, 9.1771e-02
4.2912e+03, 1.5460e-01
4.2914e+03, 2.0642e-01
4.2916e+03, 2.7799e-01
4.2918e+03, 3.7643e-01
4.2919e+03, 5.0807e-01
4.2921e+03, 6.8248e-01
4.2923e+03, 9.0622e-01
4.2925e+03, 1.2013e+00
4.2927e+03, 1.5647e+00
4.2929e+03, 2.0039e+00
4.2931e+03, 2.5140e+00
4.2933e+03, 3.0935e+00
4.2935e+03, 3.7231e+00
4.2939e+03, 5.0520e+00
4.2942e+03, 5.9234e+00
4.2944e+03, 6.6478e+00
4.2946e+03, 6.9535e+00
4.2947e+03, 7.1769e+00
4.2949e+03, 7.3126e+00
4.2950e+03, 7.3521e+00
4.2952e+03, 7.3008e+00
4.2953e+03, 7.1466e+00
4.2955e+03, 6.9097e+00
4.2956e+03, 6.5944e+00
4.2959e+03, 5.8177e+00
4.2962e+03, 4.9007e+00
4.2966e+03, 3.5201e+00
4.2968e+03, 2.8814e+00
4.2970e+03, 2.3060e+00
4.2972e+03, 1.8060e+00
4.2974e+03, 1.3859e+00
4.2976e+03, 1.0439e+00
4.2978e+03, 7.7358e-01
4.2980e+03, 5.7110e-01
4.2982e+03, 4.1867e-01
4.2984e+03, 3.0580e-01
4.2986e+03, 2.2385e-01
4.2988e+03, 1.6510e-01
4.2990e+03, 1.2396e-01
4.2994e+03, 7.5164e-02
4.2997e+03, 5.1112e-02
4.3001e+03, 3.8524e-02
4.3009e+03, 2.6156e-02
4.3017e+03, 1.9732e-02
4.3025e+03, 1.5626e-02
4.3041e+03, 1.0731e-02
4.3060e+03, 7.5505e-03
4.3079e+03, 5.7043e-03
4.3117e+03, 3.7756e-03
4.3155e+03, 2.8548e-03
4.3193e+03, 2.3114e-03
4.3269e+03, 1.7482e-03
4.3346e+03, 1.4717e-03
4.3534e+03, 1.1737e-03
4.3722e+03, 1.0539e-03
4.4099e+03, 9.7398e-04
4.4440e+03, 1.0695e-03
4.4610e+03, 1.2526e-03
4.4781e+03, 1.7219e-03
4.4844e+03, 2.0736e-03
4.4906e+03, 2.6365e-03
4.4969e+03, 3.6365e-03
4.5032e+03, 5.6450e-03
4.5059e+03, 7.1707e-03
4.5086e+03, 9.5382e-03
4.5113e+03, 1.3493e-02
4.5140e+03, 2.0831e-02
4.5152e+03, 2.6537e-02
4.5164e+03, 3.5151e-02
4.5177e+03, 4.9181e-02
4.5183e+03, 5.9880e-02
4.5189e+03, 7.4977e-02
4.5196e+03, 1.0085e-01
4.5199e+03, 1.2075e-01
4.5202e+03, 1.4907e-01
4.5206e+03, 1.9162e-01
4.5207e+03, 2.2088e-01
4.5209e+03, 2.5758e-01
4.5211e+03, 3.0376e-01
4.5212e+03, 3.6190e-01
4.5213e+03, 3.9635e-01
4.5214e+03, 4.3494e-01
4.5215e+03, 4.7809e-01
4.5216e+03, 5.2628e-01
4.5217e+03, 5.9226e-01
4.5218e+03, 6.6729e-01
4.5219e+03, 7.5230e-01
4.5220e+03, 8.4723e-01
4.5221e+03, 9.5489e-01
4.5222e+03, 1.0741e+00
4.5223e+03, 1.2079e+00
4.5224e+03, 1.3545e+00
4.5225e+03, 1.5174e+00
4.5226e+03, 1.6956e+00
4.5227e+03, 1.8893e+00
4.5228e+03, 2.0965e+00
4.5229e+03, 2.3210e+00
4.5230e+03, 2.5576e+00
4.5232e+03, 3.0728e+00
4.5234e+03, 3.4928e+00
4.5235e+03, 3.9301e+00
4.5238e+03, 4.8185e+00
4.5242e+03, 5.7850e+00
4.5245e+03, 6.4167e+00
4.5247e+03, 6.6522e+00
4.5248e+03, 6.8003e+00
4.5250e+03, 6.8548e+00
4.5250e+03, 6.8525e+00
4.5251e+03, 6.8228e+00
4.5252e+03, 6.7601e+00
4.5254e+03, 6.5383e+00
4.5257e+03, 6.0370e+00
4.5260e+03, 5.3690e+00
4.5262e+03, 4.7260e+00
4.5264e+03, 4.0559e+00
4.5267e+03, 3.3975e+00
4.5269e+03, 2.7819e+00
4.5271e+03, 2.2957e+00
4.5273e+03, 1.8675e+00
4.5275e+03, 1.5007e+00
4.5277e+03, 1.1955e+00
4.5279e+03, 9.4498e-01
4.5281e+03, 7.4448e-01
4.5283e+03, 5.8687e-01
4.5285e+03, 4.6535e-01
4.5287e+03, 3.8364e-01
4.5289e+03, 3.1905e-01
4.5292e+03, 2.2803e-01
4.5296e+03, 1.7114e-01
4.5299e+03, 1.3466e-01
4.5303e+03, 1.1003e-01
4.5306e+03, 9.2540e-02
4.5313e+03, 6.9362e-02
4.5320e+03, 5.5558e-02
4.5326e+03, 4.5726e-02
4.5339e+03, 3.2746e-02
4.5351e+03, 2.4739e-02
4.5364e+03, 1.9432e-02
4.5390e+03, 1.2997e-02
4.5415e+03, 9.3714e-03
4.5441e+03, 7.1293e-03
4.5466e+03, 5.6474e-03
4.5515e+03, 3.9254e-03
4.5563e+03, 2.9396e-03
4.5661e+03, 1.9164e-03
4.5800e+03, 1.2800e-03
4.5939e+03, 9.8313e-04
4.6217e+03, 7.1036e-04
4.6542e+03, 5.7373e-04
4.6866e+03, 4.9806e-04
4.7515e+03, 4.1449e-04
4.8813e+03, 3.3029e-04
5.0000e+03, 2.9744e-04
5.0237e+03, 2.9688e-04
5.0950e+03, 3.3632e-04
5.1128e+03, 3.7796e-04
5.1306e+03, 4.6285e-04
5.1395e+03, 5.4973e-04
5.1484e+03, 7.0925e-04
5.1573e+03, 9.7049e-04
5.1617e+03, 1.2253e-03
5.1662e+03, 1.6151e-03
5.1692e+03, 2.0357e-03
5.1721e+03, 2.7039e-03
5.1757e+03, 4.1331e-03
5.1774e+03, 5.3278e-03
5.1792e+03, 7.1764e-03
5.1809e+03, 1.0378e-02
5.1827e+03, 1.6611e-02
5.1836e+03, 2.2608e-02
5.1840e+03, 2.7569e-02
5.1845e+03, 3.5801e-02
5.1849e+03, 5.1848e-02
5.1851e+03, 6.5770e-02
5.1853e+03, 8.6537e-02
5.1856e+03, 1.1778e-01
5.1858e+03, 1.6410e-01
5.1860e+03, 2.3224e-01
5.1862e+03, 3.3083e-01
5.1864e+03, 4.2161e-01
5.1865e+03, 5.3582e-01
5.1867e+03, 6.7788e-01
5.1868e+03, 8.5122e-01
5.1870e+03, 1.0629e+00
5.1871e+03, 1.3167e+00
5.1873e+03, 1.6167e+00
5.1874e+03, 1.9640e+00
5.1876e+03, 2.3658e+00
5.1877e+03, 2.8207e+00
5.1879e+03, 3.3280e+00
5.1880e+03, 3.8806e+00
5.1883e+03, 5.1161e+00
5.1886e+03, 6.4445e+00
5.1890e+03, 8.0476e+00
5.1892e+03, 8.7633e+00
5.1894e+03, 9.3733e+00
5.1895e+03, 9.7754e+00
5.1897e+03, 1.0075e+01
5.1898e+03, 1.0266e+01
5.1900e+03, 1.0334e+01
5.1900e+03, 1.0340e+01
5.1901e+03, 1.0318e+01
5.1902e+03, 1.0237e+01
5.1904e+03, 9.9587e+00
5.1906e+03, 9.5204e+00
5.1908e+03, 8.9475e+00
5.1910e+03, 7.9961e+00
5.1913e+03, 6.9262e+00
5.1918e+03, 4.7276e+00
5.1919e+03, 4.0812e+00
5.1921e+03, 3.4842e+00
5.1922e+03, 2.9363e+00
5.1924e+03, 2.4486e+00
5.1925e+03, 2.0166e+00
5.1927e+03, 1.6449e+00
5.1929e+03, 1.3279e+00
5.1930e+03, 1.0618e+00
5.1932e+03, 8.4028e-01
5.1933e+03, 6.6084e-01
5.1935e+03, 5.1562e-01
5.1937e+03, 4.0106e-01
5.1938e+03, 3.1066e-01
5.1940e+03, 2.4102e-01
5.1943e+03, 1.4683e-01
5.1946e+03, 9.2837e-02
5.1949e+03, 6.2543e-02
5.1952e+03, 4.5445e-02
5.1956e+03, 3.5470e-02
5.1962e+03, 2.5000e-02
5.1968e+03, 1.9475e-02
5.1979e+03, 1.4017e-02
5.1989e+03, 1.0696e-02
5.2010e+03, 6.8965e-03
5.2032e+03, 4.8658e-03
5.2053e+03, 3.6753e-03
5.2095e+03, 2.3118e-03
5.2137e+03, 1.6233e-03
5.2179e+03, 1.2389e-03
5.2222e+03, 9.9768e-04
5.2306e+03, 7.0641e-04
5.2458e+03, 4.8343e-04
5.2610e+03, 3.8747e-04
5.2914e+03, 3.1168e-04
5.3522e+03, 2.7129e-04
5.4333e+03, 3.0100e-04
5.4738e+03, 3.6171e-04
5.5143e+03, 5.1406e-04
5.5414e+03, 7.7147e-04
5.5549e+03, 1.0293e-03
5.5684e+03, 1.5051e-03
5.5810e+03, 2.4336e-03
5.5874e+03, 3.3078e-03
5.5937e+03, 4.8217e-03
5.5971e+03, 6.1261e-03
5.6005e+03, 8.0689e-03
5.6038e+03, 1.1133e-02
5.6055e+03, 1.3399e-02
5.6072e+03, 1.6457e-02
5.6090e+03, 2.1054e-02
5.6108e+03, 2.7938e-02
5.6117e+03, 3.2757e-02
5.6126e+03, 3.8977e-02
5.6135e+03, 4.7243e-02
5.6144e+03, 5.8604e-02
5.6154e+03, 7.7918e-02
5.6159e+03, 9.1666e-02
5.6162e+03, 1.0006e-01
5.6165e+03, 1.0981e-01
5.6167e+03, 1.2129e-01
5.6170e+03, 1.3489e-01
5.6172e+03, 1.5130e-01
5.6175e+03, 1.7140e-01
5.6176e+03, 1.8324e-01
5.6178e+03, 1.9649e-01
5.6179e+03, 2.1138e-01
5.6180e+03, 2.2802e-01
5.6181e+03, 2.4696e-01
5.6183e+03, 2.6825e-01
5.6184e+03, 2.9258e-01
5.6185e+03, 3.2000e-01
5.6186e+03, 3.4550e-01
5.6187e+03, 3.7358e-01
5.6188e+03, 3.9703e-01
5.6189e+03, 4.2208e-01
5.6190e+03, 4.4917e-01
5.6190e+03, 4.7844e-01
5.6191e+03, 5.1045e-01
5.6192e+03, 5.4457e-01
5.6193e+03, 5.8133e-01
5.6194e+03, 6.2091e-01
5.6194e+03, 6.6402e-01
5.6195e+03, 7.0974e-01
5.6197e+03, 8.1120e-01
5.6198e+03, 9.2699e-01
5.6200e+03, 1.0581e+00
5.6201e+03, 1.1926e+00
5.6203e+03, 1.3410e+00
5.6204e+03, 1.5033e+00
5.6206e+03, 1.6793e+00
5.6207e+03, 1.8682e+00
5.6209e+03, 2.0688e+00
5.6212e+03, 2.4979e+00
5.6218e+03, 3.5453e+00
5.6221e+03, 3.9291e+00
5.6224e+03, 4.2310e+00
5.6227e+03, 4.4226e+00
5.6230e+03, 4.4882e+00
5.6231e+03, 4.4840e+00
5.6233e+03, 4.4086e+00
5.6236e+03, 4.2444e+00
5.6238e+03, 4.0024e+00
5.6240e+03, 3.6982e+00
5.6243e+03, 3.3264e+00
5.6246e+03, 2.9301e+00
5.6251e+03, 2.1447e+00
5.6253e+03, 1.7873e+00
5.6256e+03, 1.4700e+00
5.6259e+03, 1.1948e+00
5.6261e+03, 9.6466e-01
5.6264e+03, 7.7528e-01
5.6266e+03, 6.2380e-01
5.6269e+03, 5.0409e-01
5.6271e+03, 4.1061e-01
5.6274e+03, 3.4666e-01
5.6276e+03, 2.9570e-01
5.6278e+03, 2.5484e-01
5.6280e+03, 2.2194e-01
5.6285e+03, 1.7342e-01
5.6289e+03, 1.4026e-01
5.6294e+03, 1.1657e-01
5.6298e+03, 9.8891e-02
5.6307e+03, 7.4395e-02
5.6316e+03, 5.8327e-02
5.6325e+03, 4.7117e-02
5.6334e+03, 3.8925e-02
5.6343e+03, 3.2732e-02
5.6361e+03, 2.4121e-02
5.6379e+03, 1.8550e-02
5.6410e+03, 1.2507e-02
5.6442e+03, 9.0375e-03
5.6474e+03, 6.8447e-03
5.6506e+03, 5.3766e-03
5.6566e+03, 3.6710e-03
5.6626e+03, 2.6911e-03
5.6747e+03, 1.6527e-03
5.6874e+03, 1.1266e-03
5.7002e+03, 8.4489e-04
5.7258e+03, 5.7525e-04
5.7558e+03, 4.8941e-04
5.7678e+03, 5.1899e-04
5.7799e+03, 6.3272e-04
5.7859e+03, 7.6491e-04
5.7919e+03, 1.0246e-03
5.7979e+03, 1.5859e-03
5.8009e+03, 2.1643e-03
5.8039e+03, 3.2461e-03
5.8063e+03, 5.0651e-03
5.8076e+03, 6.7361e-03
5.8088e+03, 9.5455e-03
5.8094e+03, 1.1888e-02
5.8100e+03, 1.5921e-02
5.8103e+03, 1.9411e-02
5.8106e+03, 2.4900e-02
5.8109e+03, 3.3927e-02
5.8112e+03, 4.9068e-02
5.8115e+03, 7.4547e-02
5.8118e+03, 1.1643e-01
5.8121e+03, 1.8355e-01
5.8125e+03, 2.8735e-01
5.8128e+03, 4.4200e-01
5.8131e+03, 6.6077e-01
5.8132e+03, 7.9882e-01
5.8134e+03, 9.5628e-01
5.8135e+03, 1.1358e+00
5.8137e+03, 1.3351e+00
5.8139e+03, 1.6278e+00
5.8141e+03, 1.9498e+00
5.8145e+03, 2.6590e+00
5.8149e+03, 3.3801e+00
5.8151e+03, 3.7112e+00
5.8153e+03, 4.0006e+00
5.8155e+03, 4.2370e+00
5.8157e+03, 4.4066e+00
5.8158e+03, 4.4894e+00
5.8160e+03, 4.5168e+00
5.8160e+03, 4.5182e+00
5.8161e+03, 4.5053e+00
5.8162e+03, 4.4587e+00
5.8165e+03, 4.2534e+00
5.8167e+03, 4.0441e+00
5.8169e+03, 3.7872e+00
5.8172e+03, 3.1762e+00
5.8177e+03, 2.3740e+00
5.8179e+03, 1.9879e+00
5.8181e+03, 1.6319e+00
5.8183e+03, 1.3114e+00
5.8186e+03, 1.0344e+00
5.8188e+03, 7.9972e-01
5.8190e+03, 6.0810e-01
5.8192e+03, 4.5433e-01
5.8194e+03, 3.3509e-01
5.8197e+03, 2.4397e-01
5.8199e+03, 1.7650e-01
5.8201e+03, 1.2712e-01
5.8203e+03, 9.1959e-02
5.8205e+03, 6.7100e-02
5.8208e+03, 4.9899e-02
5.8210e+03, 3.6379e-02
5.8213e+03, 2.7669e-02
5.8218e+03, 1.8165e-02
5.8223e+03, 1.3601e-02
5.8228e+03, 1.0977e-02
5.8238e+03, 7.8906e-03
5.8249e+03, 6.0509e-03
5.8269e+03, 3.9745e-03
5.8290e+03, 2.8422e-03
5.8310e+03, 2.1560e-03
5.8331e+03, 1.7139e-03
5.8371e+03, 1.2109e-03
5.8412e+03, 9.1802e-04
5.8453e+03, 7.4913e-04
5.8535e+03, 5.5622e-04
5.8629e+03, 4.5099e-04
5.8723e+03, 4.0017e-04
5.8910e+03, 3.7573e-04
5.9051e+03, 4.1146e-04
5.9191e+03, 5.1714e-04
5.9261e+03, 6.3279e-04
5.9332e+03, 8.5079e-04
5.9402e+03, 1.2149e-03
5.9437e+03, 1.5728e-03
5.9472e+03, 2.1276e-03
5.9510e+03, 3.2660e-03
5.9529e+03, 4.2838e-03
5.9548e+03, 5.8990e-03
5.9567e+03, 8.6748e-03
5.9577e+03, 1.0951e-02
5.9586e+03, 1.4427e-02
5.9596e+03, 2.0744e-02
5.9600e+03, 2.7010e-02
5.9605e+03, 3.9323e-02
5.9608e+03, 5.0163e-02
5.9610e+03, 6.6471e-02
5.9612e+03, 9.1070e-02
5.9615e+03, 1.2777e-01
5.9617e+03, 1.8231e-01
5.9619e+03, 2.6173e-01
5.9622e+03, 3.7497e-01
5.9624e+03, 5.3195e-01
5.9626e+03, 6.6974e-01
5.9627e+03, 8.3605e-01
5.9629e+03, 1.0354e+00
5.9631e+03, 1.2711e+00
5.9632e+03, 1.5462e+00
5.9634e+03, 1.8627e+00
5.9635e+03, 2.2215e+00
5.9637e+03, 2.6223e+00
5.9639e+03, 3.0658e+00
5.9640e+03, 3.5424e+00
5.9643e+03, 4.5773e+00
5.9650e+03, 6.6867e+00
5.9653e+03, 7.4887e+00
5.9656e+03, 8.0713e+00
5.9658e+03, 8.3278e+00
5.9659e+03, 8.3881e+00
5.9660e+03, 8.4105e+00
5.9660e+03, 8.4106e+00
5.9660e+03, 8.4095e+00
5.9660e+03, 8.4064e+00
5.9661e+03, 8.3939e+00
5.9662e+03, 8.3295e+00
5.9664e+03, 8.1079e+00
5.9666e+03, 7.6952e+00
5.9669e+03, 7.1396e+00
5.9672e+03, 6.0208e+00
5.9676e+03, 4.7872e+00
5.9680e+03, 3.5904e+00
5.9681e+03, 3.0416e+00
5.9683e+03, 2.5431e+00
5.9685e+03, 2.2089e+00
5.9686e+03, 1.9068e+00
5.9687e+03, 1.6344e+00
5.9689e+03, 1.3913e+00
5.9690e+03, 1.1751e+00
5.9691e+03, 9.8739e-01
5.9693e+03, 8.2474e-01
5.9694e+03, 6.8506e-01
5.9697e+03, 4.6518e-01
5.9699e+03, 3.1176e-01
5.9702e+03, 2.0755e-01
5.9705e+03, 1.3870e-01
5.9707e+03, 9.4133e-02
5.9710e+03, 6.5979e-02
5.9713e+03, 4.8199e-02
5.9715e+03, 3.7007e-02
5.9721e+03, 2.4960e-02
5.9726e+03, 1.9106e-02
5.9737e+03, 1.3159e-02
5.9748e+03, 9.8534e-03
5.9769e+03, 6.1800e-03
5.9793e+03, 4.1308e-03
5.9817e+03, 3.0140e-03
5.9840e+03, 2.3007e-03
5.9864e+03, 1.8187e-03
5.9912e+03, 1.2407e-03
5.9959e+03, 9.2803e-04
6.0054e+03, 6.0218e-04
6.0149e+03, 4.5466e-04
6.0244e+03, 3.5593e-04
6.0339e+03, 3.0467e-04
6.0529e+03, 2.4025e-04
6.0962e+03, 1.8400e-04
6.1396e+03, 1.6260e-04
6.2264e+03, 1.4987e-04
6.3096e+03, 1.7202e-04
6.3304e+03, 1.9362e-04
6.3512e+03, 2.3776e-04
6.3720e+03, 3.3917e-04
6.3824e+03, 4.5457e-04
6.3928e+03, 6.6554e-04
6.4000e+03, 9.7379e-04
6.4061e+03, 1.4999e-03
6.4092e+03, 1.9760e-03
6.4122e+03, 2.7475e-03
6.4153e+03, 4.0588e-03
6.4168e+03, 5.1608e-03
6.4183e+03, 6.8355e-03
6.4198e+03, 9.5302e-03
6.4214e+03, 1.4360e-02
6.4221e+03, 1.8757e-02
6.4229e+03, 2.7621e-02
6.4233e+03, 3.6730e-02
6.4236e+03, 5.3185e-02
6.4240e+03, 8.3877e-02
6.4244e+03, 1.4085e-01
6.4248e+03, 2.4885e-01
6.4250e+03, 3.3099e-01
6.4252e+03, 4.3772e-01
6.4254e+03, 5.7562e-01
6.4256e+03, 7.5005e-01
6.4258e+03, 9.6681e-01
6.4260e+03, 1.2297e+00
6.4262e+03, 1.5458e+00
6.4264e+03, 1.9165e+00
6.4266e+03, 2.3422e+00
6.4268e+03, 2.8178e+00
6.4270e+03, 3.3423e+00
6.4272e+03, 3.9039e+00
6.4276e+03, 5.0789e+00
6.4280e+03, 6.2791e+00
6.4282e+03, 6.7920e+00
6.4284e+03, 7.2123e+00
6.4287e+03, 7.5910e+00
6.4289e+03, 7.6996e+00
6.4290e+03, 7.7300e+00
6.4290e+03, 7.7320e+00
6.4291e+03, 7.7143e+00
6.4292e+03, 7.6456e+00
6.4295e+03, 7.4052e+00
6.4297e+03, 6.9613e+00
6.4300e+03, 6.3699e+00
6.4304e+03, 5.2049e+00
6.4308e+03, 3.9666e+00
6.4310e+03, 3.3742e+00
6.4312e+03, 2.8219e+00
6.4314e+03, 2.3210e+00
6.4316e+03, 1.8781e+00
6.4318e+03, 1.5911e+00
6.4319e+03, 1.3383e+00
6.4321e+03, 1.1169e+00
6.4322e+03, 9.2522e-01
6.4324e+03, 7.6105e-01
6.4325e+03, 6.2199e-01
6.4329e+03, 4.0875e-01
6.4332e+03, 2.6462e-01
6.4335e+03, 1.7065e-01
6.4338e+03, 1.1126e-01
6.4341e+03, 7.4613e-02
6.4344e+03, 5.2324e-02
6.4347e+03, 3.8769e-02
6.4353e+03, 2.4981e-02
6.4359e+03, 1.8672e-02
6.4365e+03, 1.5019e-02
6.4377e+03, 1.0648e-02
6.4389e+03, 8.0316e-03
6.4414e+03, 5.0581e-03
6.4441e+03, 3.3829e-03
6.4467e+03, 2.4680e-03
6.4494e+03, 1.8782e-03
6.4521e+03, 1.4810e-03
6.4575e+03, 1.0032e-03
6.4629e+03, 7.4500e-04
6.4736e+03, 4.7688e-04
6.4844e+03, 3.5600e-04
6.4951e+03, 2.7529e-04
6.5059e+03, 2.3426e-04
6.5274e+03, 1.8319e-04
6.5807e+03, 1.3933e-04
6.6339e+03, 1.2297e-04
6.7405e+03, 1.1154e-04
6.9535e+03, 1.0719e-04
7.1666e+03, 1.1537e-04
7.2731e+03, 1.2823e-04
7.3263e+03, 1.4266e-04
7.3796e+03, 1.7958e-04
7.4001e+03, 2.1652e-04
7.4103e+03, 2.4559e-04
7.4206e+03, 2.9981e-04
7.4308e+03, 3.7327e-04
7.4411e+03, 5.3433e-04
7.4462e+03, 6.6503e-04
7.4513e+03, 8.9383e-04
7.4564e+03, 1.3134e-03
7.4615e+03, 2.1829e-03
7.4650e+03, 3.4814e-03
7.4667e+03, 4.6876e-03
7.4685e+03, 6.6927e-03
7.4702e+03, 1.0624e-02
7.4711e+03, 1.4986e-02
7.4715e+03, 1.9253e-02
7.4719e+03, 2.7023e-02
7.4724e+03, 4.2122e-02
7.4728e+03, 7.1770e-02
7.4732e+03, 1.2886e-01
7.4736e+03, 2.3397e-01
7.4739e+03, 3.1338e-01
7.4741e+03, 4.1643e-01
7.4743e+03, 5.4783e-01
7.4745e+03, 7.1233e-01
7.4747e+03, 9.1436e-01
7.4749e+03, 1.1576e+00
7.4752e+03, 1.4445e+00
7.4754e+03, 1.7755e+00
7.4756e+03, 2.1636e+00
7.4758e+03, 2.5923e+00
7.4763e+03, 3.5337e+00
7.4767e+03, 4.4908e+00
7.4769e+03, 4.9299e+00
7.4772e+03, 5.3164e+00
7.4774e+03, 5.6511e+00
7.4776e+03, 5.8848e+00
7.4778e+03, 5.9893e+00
7.4779e+03, 6.0113e+00
7.4780e+03, 6.0170e+00
7.4781e+03, 6.0048e+00
7.4782e+03, 5.9607e+00
7.4785e+03, 5.7382e+00
7.4788e+03, 5.4106e+00
7.4790e+03, 4.9858e+00
7.4795e+03, 3.9510e+00
7.4802e+03, 2.6075e+00
7.4805e+03, 2.0107e+00
7.4808e+03, 1.5007e+00
7.4810e+03, 1.2794e+00
7.4811e+03, 1.0833e+00
7.4814e+03, 7.5919e-01
7.4818e+03, 5.1668e-01
7.4821e+03, 3.4363e-01
7.4824e+03, 2.2406e-01
7.4827e+03, 1.4484e-01
7.4830e+03, 9.3695e-02
7.4833e+03, 6.1755e-02
7.4837e+03, 4.2073e-02
7.4840e+03, 3.0135e-02
7.4843e+03, 2.2809e-02
7.4846e+03, 1.8235e-02
7.4853e+03, 1.2728e-02
7.4860e+03, 9.9226e-03
7.4875e+03, 6.8046e-03
7.4889e+03, 5.0405e-03
7.4903e+03, 3.9145e-03
7.4932e+03, 2.5680e-03
7.4960e+03, 1.8331e-03
7.4989e+03, 1.3974e-03
7.5018e+03, 1.1211e-03
7.5075e+03, 7.7114e-04
7.5189e+03, 4.7310e-04
7.5303e+03, 3.4435e-04
7.5421e+03, 2.8141e-04
7.5539e+03, 2.5031e-04
7.5774e+03, 2.1329e-04
7.6244e+03, 1.9575e-04
7.7028e+03, 2.1173e-04
7.7813e+03, 2.5289e-04
7.8597e+03, 3.2738e-04
7.9381e+03, 4.7670e-04
7.9668e+03, 5.7336e-04
7.9956e+03, 7.1859e-04
8.0243e+03, 9.5617e-04
8.0387e+03, 1.1414e-03
8.0531e+03, 1.4011e-03
8.0649e+03, 1.7151e-03
8.0766e+03, 2.1836e-03
8.0884e+03, 2.9342e-03
8.0943e+03, 3.4903e-03
8.1001e+03, 4.2612e-03
8.1070e+03, 5.5939e-03
8.1104e+03, 6.5400e-03
8.1139e+03, 7.7834e-03
8.1207e+03, 1.1789e-02
8.1224e+03, 1.3239e-02
8.1242e+03, 1.5025e-02
8.1259e+03, 1.7245e-02
8.1267e+03, 1.8558e-02
8.1276e+03, 2.0032e-02
8.1284e+03, 2.1616e-02
8.1288e+03, 2.2484e-02
8.1292e+03, 2.3406e-02
8.1297e+03, 2.4697e-02
8.1303e+03, 2.6103e-02
8.1308e+03, 2.7637e-02
8.1313e+03, 2.9316e-02
8.1319e+03, 3.1157e-02
8.1324e+03, 3.3182e-02
8.1329e+03, 3.5417e-02
8.1335e+03, 3.7891e-02
8.1341e+03, 4.1092e-02
8.1347e+03, 4.4721e-02
8.1353e+03, 4.8872e-02
8.1359e+03, 5.3639e-02
8.1362e+03, 5.6304e-02
8.1365e+03, 5.9169e-02
8.1368e+03, 6.2265e-02
8.1371e+03, 6.5617e-02
8.1374e+03, 6.9268e-02
8.1378e+03, 7.3228e-02
8.1381e+03, 7.7548e-02
8.1384e+03, 8.2274e-02
8.1388e+03, 9.0075e-02
8.1393e+03, 9.9056e-02
8.1397e+03, 1.0949e-01
8.1402e+03, 1.2173e-01
8.1404e+03, 1.2867e-01
8.1406e+03, 1.3624e-01
8.1408e+03, 1.4452e-01
8.1411e+03, 1.5355e-01
8.1413e+03, 1.6351e-01
8.1415e+03, 1.7444e-01
8.1417e+03, 1.8657e-01
8.1420e+03, 1.9994e-01
8.1422e+03, 2.1415e-01
8.1424e+03, 2.2982e-01
8.1426e+03, 2.4728e-01
8.1428e+03, 2.6660e-01
8.1430e+03, 2.8819e-01
8.1432e+03, 3.1212e-01
8.1435e+03, 3.3889e-01
8.1437e+03, 3.6855e-01
8.1439e+03, 4.0169e-01
8.1441e+03, 4.3830e-01
8.1443e+03, 4.7902e-01
8.1445e+03, 5.2376e-01
8.1447e+03, 5.7316e-01
8.1450e+03, 6.2692e-01
8.1452e+03, 6.8563e-01
8.1454e+03, 7.4873e-01
8.1458e+03, 8.9535e-01
8.1463e+03, 1.0578e+00
8.1472e+03, 1.3975e+00
8.1476e+03, 1.5527e+00
8.1481e+03, 1.6773e+00
8.1485e+03, 1.7582e+00
8.1490e+03, 1.7861e+00
8.1492e+03, 1.7790e+00
8.1495e+03, 1.7452e+00
8.1499e+03, 1.6858e+00
8.1502e+03, 1.6041e+00
8.1505e+03, 1.5046e+00
8.1511e+03, 1.2724e+00
8.1518e+03, 1.0291e+00
8.1522e+03, 8.8091e-01
8.1526e+03, 7.4697e-01
8.1530e+03, 6.2965e-01
8.1534e+03, 5.2962e-01
8.1539e+03, 4.4588e-01
8.1543e+03, 3.7712e-01
8.1547e+03, 3.2101e-01
8.1551e+03, 2.7537e-01
8.1555e+03, 2.4216e-01
8.1558e+03, 2.1439e-01
8.1562e+03, 1.9105e-01
8.1566e+03, 1.7136e-01
8.1573e+03, 1.4017e-01
8.1580e+03, 1.1692e-01
8.1587e+03, 9.9128e-02
8.1595e+03, 8.5193e-02
8.1602e+03, 7.4061e-02
8.1609e+03, 6.5017e-02
8.1622e+03, 5.2903e-02
8.1635e+03, 4.3949e-02
8.1647e+03, 3.7143e-02
8.1660e+03, 3.1848e-02
8.1672e+03, 2.7651e-02
8.1685e+03, 2.4266e-02
8.1710e+03, 1.9181e-02
8.1736e+03, 1.5598e-02
8.1761e+03, 1.2987e-02
8.1786e+03, 1.1028e-02
8.1812e+03, 9.5230e-03
8.1837e+03, 8.3457e-03
8.1862e+03, 7.4134e-03
8.1913e+03, 6.0285e-03
8.1971e+03, 4.9632e-03
8.2029e+03, 4.2508e-03
8.2088e+03, 3.7625e-03
8.2146e+03, 3.4308e-03
8.2263e+03, 3.0444e-03
8.2379e+03, 2.9100e-03
8.2550e+03, 3.0185e-03
8.2722e+03, 3.4438e-03
8.2893e+03, 4.2566e-03
8.2978e+03, 4.8754e-03
8.3064e+03, 5.6990e-03
8.3093e+03, 6.0424e-03
8.3122e+03, 6.4305e-03
8.3151e+03, 6.8679e-03
8.3180e+03, 7.3626e-03
8.3210e+03, 7.9273e-03
8.3224e+03, 8.2434e-03
8.3239e+03, 8.5853e-03
8.3253e+03, 8.9569e-03
8.3268e+03, 9.3626e-03
8.3283e+03, 9.8086e-03
8.3297e+03, 1.0304e-02
8.3306e+03, 1.0629e-02
8.3315e+03, 1.0980e-02
8.3332e+03, 1.1775e-02
8.3350e+03, 1.2734e-02
8.3367e+03, 1.3941e-02
8.3385e+03, 1.5553e-02
8.3402e+03, 1.7902e-02
8.3411e+03, 1.9592e-02
8.3420e+03, 2.2011e-02
8.3428e+03, 2.6436e-02
8.3433e+03, 3.0783e-02
8.3437e+03, 3.8604e-02
8.3440e+03, 4.8303e-02
8.3443e+03, 6.3789e-02
8.3447e+03, 8.8347e-02
8.3450e+03, 1.2666e-01
8.3453e+03, 1.8507e-01
8.3455e+03, 2.2428e-01
8.3456e+03, 2.7168e-01
8.3458e+03, 3.2853e-01
8.3459e+03, 3.9615e-01
8.3461e+03, 4.7590e-01
8.3462e+03, 5.6911e-01
8.3464e+03, 6.7707e-01
8.3466e+03, 8.0095e-01
8.3467e+03, 9.4173e-01
8.3469e+03, 1.1001e+00
8.3470e+03, 1.2766e+00
8.3472e+03, 1.4710e+00
8.3475e+03, 1.9116e+00
8.3478e+03, 2.4116e+00
8.3481e+03, 2.9511e+00
8.3488e+03, 4.0259e+00
8.3492e+03, 4.5780e+00
8.3494e+03, 4.7951e+00
8.3495e+03, 4.9613e+00
8.3498e+03, 5.0946e+00
8.3499e+03, 5.1231e+00
8.3500e+03, 5.1266e+00
8.3501e+03, 5.1174e+00
8.3502e+03, 5.0846e+00
8.3505e+03, 4.8849e+00
8.3508e+03, 4.5892e+00
8.3511e+03, 4.2046e+00
8.3517e+03, 3.2717e+00
8.3522e+03, 2.4384e+00
8.3524e+03, 2.0495e+00
8.3526e+03, 1.6929e+00
8.3529e+03, 1.4246e+00
8.3531e+03, 1.1853e+00
8.3533e+03, 9.7539e-01
8.3535e+03, 7.9446e-01
8.3537e+03, 6.4100e-01
8.3539e+03, 5.1287e-01
8.3541e+03, 4.0750e-01
8.3543e+03, 3.2249e-01
8.3545e+03, 2.5420e-01
8.3547e+03, 2.0038e-01
8.3549e+03, 1.5851e-01
8.3551e+03, 1.2648e-01
8.3553e+03, 1.0202e-01
8.3555e+03, 8.3630e-02
8.3559e+03, 5.9868e-02
8.3563e+03, 4.6988e-02
8.3567e+03, 4.0104e-02
8.3575e+03, 3.4296e-02
8.3591e+03, 3.1513e-02
8.3609e+03, 3.1460e-02
8.3627e+03, 3.2629e-02
8.3644e+03, 3.4587e-02
8.3662e+03, 3.7189e-02
8.3680e+03, 4.0415e-02
8.3698e+03, 4.4299e-02
8.3715e+03, 4.8934e-02
8.3724e+03, 5.1572e-02
8.3733e+03, 5.4446e-02
8.3742e+03, 5.7588e-02
8.3751e+03, 6.1022e-02
8.3760e+03, 6.4779e-02
8.3769e+03, 6.8896e-02
8.3778e+03, 7.3415e-02
8.3786e+03, 7.8383e-02
8.3795e+03, 8.3855e-02
8.3804e+03, 8.9885e-02
8.3813e+03, 9.6558e-02
8.3822e+03, 1.0395e-01
8.3831e+03, 1.1214e-01
8.3840e+03, 1.2125e-01
8.3849e+03, 1.3137e-01
8.3857e+03, 1.4264e-01
8.3866e+03, 1.5519e-01
8.3875e+03, 1.6915e-01
8.3884e+03, 1.8385e-01
8.3892e+03, 2.0008e-01
8.3900e+03, 2.1793e-01
8.3909e+03, 2.3743e-01
8.3917e+03, 2.5863e-01
8.3926e+03, 2.8144e-01
8.3943e+03, 3.3091e-01
8.3959e+03, 3.8229e-01
8.3976e+03, 4.2893e-01
8.3993e+03, 4.6218e-01
8.4002e+03, 4.7121e-01
8.4010e+03, 4.7423e-01
8.4022e+03, 4.6784e-01
8.4033e+03, 4.5224e-01
8.4043e+03, 4.2900e-01
8.4054e+03, 4.0033e-01
8.4065e+03, 3.6854e-01
8.4086e+03, 3.0345e-01
8.4108e+03, 2.4499e-01
8.4129e+03, 1.9702e-01
8.4151e+03, 1.5926e-01
8.4172e+03, 1.3002e-01
8.4194e+03, 1.0741e-01
8.4218e+03, 8.7968e-02
8.4242e+03, 7.3098e-02
8.4266e+03, 6.1545e-02
8.4290e+03, 5.2443e-02
8.4314e+03, 4.5164e-02
8.4338e+03, 3.9270e-02
8.4362e+03, 3.4435e-02
8.4386e+03, 3.0429e-02
8.4429e+03, 2.4755e-02
8.4473e+03, 2.0505e-02
8.4517e+03, 1.7244e-02
8.4561e+03, 1.4701e-02
8.4604e+03, 1.2681e-02
8.4648e+03, 1.1051e-02
8.4692e+03, 9.7172e-03
8.4735e+03, 8.6116e-03
8.4814e+03, 7.0488e-03
8.4893e+03, 5.8897e-03
8.4971e+03, 4.9904e-03
8.5050e+03, 4.2831e-03
8.5207e+03, 3.2582e-03
8.5364e+03, 2.5669e-03
8.5522e+03, 2.0795e-03
8.5679e+03, 1.7263e-03
8.5836e+03, 1.4566e-03
8.5993e+03, 1.2475e-03
8.6308e+03, 9.4988e-04
8.6622e+03, 7.5424e-04
8.7181e+03, 5.4726e-04
8.7741e+03, 4.6023e-04
8.7920e+03, 4.6969e-04
8.8099e+03, 5.3604e-04
8.8188e+03, 6.2734e-04
8.8278e+03, 8.2593e-04
8.8323e+03, 1.0292e-03
8.8368e+03, 1.3438e-03
8.8412e+03, 1.9846e-03
8.8435e+03, 2.5591e-03
8.8457e+03, 3.5093e-03
8.8475e+03, 4.7968e-03
8.8485e+03, 6.0715e-03
8.8496e+03, 8.1125e-03
8.8502e+03, 9.8050e-03
8.8507e+03, 1.2652e-02
8.8513e+03, 1.8227e-02
8.8515e+03, 2.3072e-02
8.8518e+03, 3.0282e-02
8.8521e+03, 4.1033e-02
8.8524e+03, 5.6978e-02
8.8526e+03, 8.0373e-02
8.8529e+03, 1.1418e-01
8.8532e+03, 1.6216e-01
8.8535e+03, 2.2886e-01
8.8537e+03, 3.1954e-01
8.8540e+03, 4.3993e-01
8.8543e+03, 5.9582e-01
8.8545e+03, 7.9243e-01
8.8548e+03, 1.0337e+00
8.8551e+03, 1.3215e+00
8.8554e+03, 1.6544e+00
8.8556e+03, 2.0275e+00
8.8562e+03, 2.8528e+00
8.8568e+03, 3.7886e+00
8.8571e+03, 4.1754e+00
8.8574e+03, 4.4671e+00
8.8578e+03, 4.6432e+00
8.8579e+03, 4.6730e+00
8.8580e+03, 4.6797e+00
8.8580e+03, 4.6797e+00
8.8580e+03, 4.6792e+00
8.8581e+03, 4.6779e+00
8.8581e+03, 4.6725e+00
8.8582e+03, 4.6443e+00
8.8585e+03, 4.4914e+00
8.8588e+03, 4.2188e+00
8.8591e+03, 3.8518e+00
8.8594e+03, 3.4186e+00
8.8597e+03, 2.9513e+00
8.8602e+03, 2.2517e+00
8.8604e+03, 1.9223e+00
8.8607e+03, 1.6166e+00
8.8609e+03, 1.3395e+00
8.8611e+03, 1.0938e+00
8.8613e+03, 8.8055e-01
8.8616e+03, 6.9994e-01
8.8618e+03, 5.4856e-01
8.8620e+03, 4.2465e-01
8.8623e+03, 3.2503e-01
8.8625e+03, 2.4633e-01
8.8629e+03, 1.3843e-01
8.8634e+03, 7.7128e-02
8.8639e+03, 4.3912e-02
8.8643e+03, 2.6618e-02
8.8648e+03, 1.7724e-02
8.8652e+03, 1.3043e-02
8.8661e+03, 8.7347e-03
8.8670e+03, 6.7025e-03
8.8690e+03, 4.3912e-03
8.8710e+03, 3.1534e-03
8.8729e+03, 2.4015e-03
8.8749e+03, 1.9156e-03
8.8788e+03, 1.3490e-03
8.8827e+03, 1.0206e-03
8.8906e+03, 7.0491e-04
8.8984e+03, 5.3584e-04
8.9141e+03, 3.8492e-04
8.9299e+03, 3.1824e-04
8.9837e+03, 2.3208e-04
9.0375e+03, 1.9877e-04
9.1452e+03, 1.7438e-04
9.2305e+03, 1.8920e-04
9.2731e+03, 2.2173e-04
9.3157e+03, 3.0603e-04
9.3314e+03, 3.6932e-04
9.3471e+03, 4.7021e-04
9.3628e+03, 6.4902e-04
9.3785e+03, 1.0065e-03
9.3852e+03, 1.2760e-03
9.3920e+03, 1.6932e-03
9.3987e+03, 2.3835e-03
9.4054e+03, 3.6455e-03
9.4085e+03, 4.6063e-03
9.4116e+03, 6.0300e-03
9.4147e+03, 8.2660e-03
9.4162e+03, 9.8992e-03
9.4178e+03, 1.2088e-02
9.4190e+03, 1.4490e-02
9.4203e+03, 1.7719e-02
9.4216e+03, 2.2222e-02
9.4228e+03, 2.8800e-02
9.4241e+03, 3.9110e-02
9.4247e+03, 4.6750e-02
9.4253e+03, 5.7305e-02
9.4257e+03, 6.4249e-02
9.4260e+03, 7.2746e-02
9.4263e+03, 8.3371e-02
9.4266e+03, 9.6760e-02
9.4268e+03, 1.0481e-01
9.4269e+03, 1.1393e-01
9.4271e+03, 1.2429e-01
9.4272e+03, 1.3599e-01
9.4274e+03, 1.4937e-01
9.4276e+03, 1.6450e-01
9.4277e+03, 1.8179e-01
9.4279e+03, 2.0129e-01
9.4281e+03, 2.2884e-01
9.4283e+03, 2.6084e-01
9.4284e+03, 2.8814e-01
9.4285e+03, 3.1849e-01
9.4287e+03, 3.5214e-01
9.4288e+03, 3.8903e-01
9.4290e+03, 4.2987e-01
9.4291e+03, 4.7429e-01
9.4293e+03, 5.2303e-01
9.4294e+03, 5.7554e-01
9.4296e+03, 6.4533e-01
9.4298e+03, 7.2082e-01
9.4299e+03, 8.0223e-01
9.4301e+03, 8.8922e-01
9.4305e+03, 1.0783e+00
9.4308e+03, 1.2804e+00
9.4316e+03, 1.7236e+00
9.4320e+03, 1.9107e+00
9.4324e+03, 2.0517e+00
9.4327e+03, 2.1241e+00
9.4330e+03, 2.1487e+00
9.4331e+03, 2.1471e+00
9.4334e+03, 2.1191e+00
9.4336e+03, 2.0577e+00
9.4339e+03, 1.9657e+00
9.4342e+03, 1.8485e+00
9.4345e+03, 1.7027e+00
9.4347e+03, 1.5425e+00
9.4353e+03, 1.2066e+00
9.4359e+03, 8.9032e-01
9.4365e+03, 6.2660e-01
9.4367e+03, 5.1860e-01
9.4370e+03, 4.2703e-01
9.4373e+03, 3.5027e-01
9.4376e+03, 2.8739e-01
9.4379e+03, 2.3830e-01
9.4382e+03, 1.9864e-01
9.4384e+03, 1.6660e-01
9.4387e+03, 1.4101e-01
9.4390e+03, 1.2045e-01
9.4392e+03, 1.0403e-01
9.4398e+03, 8.0058e-02
9.4403e+03, 6.3967e-02
9.4409e+03, 5.2713e-02
9.4414e+03, 4.4478e-02
9.4420e+03, 3.8217e-02
9.4430e+03, 2.9652e-02
9.4441e+03, 2.3801e-02
9.4451e+03, 1.9576e-02
9.4461e+03, 1.6412e-02
9.4482e+03, 1.2050e-02
9.4503e+03, 9.2475e-03
9.4541e+03, 6.2139e-03
9.4578e+03, 4.4796e-03
9.4616e+03, 3.3906e-03
9.4653e+03, 2.6642e-03
9.4724e+03, 1.8214e-03
9.4795e+03, 1.3379e-03
9.4936e+03, 8.2918e-04
9.5086e+03, 5.7487e-04
9.5236e+03, 4.3840e-04
9.5536e+03, 3.1597e-04
9.5736e+03, 2.9627e-04
9.5886e+03, 3.1597e-04
9.6036e+03, 3.9750e-04
9.6111e+03, 4.9464e-04
9.6186e+03, 6.8774e-04
9.6224e+03, 8.5249e-04
9.6261e+03, 1.1313e-03
9.6299e+03, 1.6303e-03
9.6336e+03, 2.6240e-03
9.6350e+03, 3.2864e-03
9.6364e+03, 4.2889e-03
9.6378e+03, 5.9408e-03
9.6385e+03, 7.3071e-03
9.6392e+03, 9.6722e-03
9.6399e+03, 1.4861e-02
9.6403e+03, 1.9964e-02
9.6406e+03, 2.8304e-02
9.6410e+03, 4.2018e-02
9.6413e+03, 6.4154e-02
9.6417e+03, 9.9331e-02
9.6420e+03, 1.5340e-01
9.6424e+03, 2.3435e-01
9.6427e+03, 3.5073e-01
9.6431e+03, 5.1281e-01
9.6434e+03, 7.2852e-01
9.6438e+03, 1.0054e+00
9.6441e+03, 1.3435e+00
9.6445e+03, 1.7395e+00
9.6449e+03, 2.1776e+00
9.6456e+03, 3.1826e+00
9.6460e+03, 3.6134e+00
9.6464e+03, 3.9318e+00
9.6468e+03, 4.0953e+00
9.6469e+03, 4.1178e+00
9.6470e+03, 4.1231e+00
9.6470e+03, 4.1231e+00
9.6470e+03, 4.1227e+00
9.6471e+03, 4.1214e+00
9.6471e+03, 4.1163e+00
9.6473e+03, 4.0844e+00
9.6475e+03, 4.0009e+00
9.6477e+03, 3.8742e+00
9.6479e+03, 3.6877e+00
9.6481e+03, 3.4614e+00
9.6486e+03, 2.9233e+00
9.6495e+03, 1.7618e+00
9.6499e+03, 1.2700e+00
9.6501e+03, 1.0578e+00
9.6504e+03, 8.7009e-01
9.6506e+03, 7.0706e-01
9.6508e+03, 5.6785e-01
9.6510e+03, 4.5095e-01
9.6512e+03, 3.5474e-01
9.6517e+03, 2.1300e-01
9.6521e+03, 1.2450e-01
9.6526e+03, 7.1868e-02
9.6530e+03, 4.2124e-02
9.6535e+03, 2.5820e-02
9.6539e+03, 1.7064e-02
9.6543e+03, 1.2319e-02
9.6548e+03, 9.6331e-03
9.6557e+03, 6.8668e-03
9.6565e+03, 5.3968e-03
9.6583e+03, 3.7124e-03
9.6601e+03, 2.7520e-03
9.6636e+03, 1.7064e-03
9.6665e+03, 1.2512e-03
9.6695e+03, 9.7501e-04
9.6753e+03, 6.5638e-04
9.6812e+03, 4.8904e-04
9.6870e+03, 3.9513e-04
9.6988e+03, 2.7794e-04
9.7105e+03, 2.2001e-04
9.7339e+03, 1.6510e-04
9.7574e+03, 1.3965e-04
9.8180e+03, 1.1182e-04
9.8787e+03, 1.0064e-04
1.0000e+04, 9.1934e-05
1.0056e+04, 9.0887e-05
1.0195e+04, 9.3218e-05
1.0334e+04, 1.0219e-04
1.0473e+04, 1.2229e-04
1.0613e+04, 1.6606e-04
1.0706e+04, 2.3746e-04
1.0753e+04, 3.1289e-04
1.0800e+04, 4.7534e-04
1.0828e+04, 7.0199e-04
1.0842e+04, 9.1975e-04
1.0856e+04, 1.3225e-03
1.0864e+04, 1.7200e-03
1.0871e+04, 2.4280e-03
1.0875e+04, 3.0546e-03
1.0879e+04, 4.1389e-03
1.0881e+04, 5.0954e-03
1.0883e+04, 7.1887e-03
1.0883e+04, 8.4664e-03
1.0884e+04, 1.0650e-02
1.0884e+04, 1.4753e-02
1.0885e+04, 2.2225e-02
1.0885e+04, 3.6194e-02
1.0886e+04, 6.0313e-02
1.0886e+04, 1.0174e-01
1.0887e+04, 1.6625e-01
1.0887e+04, 2.0687e-01
1.0887e+04, 2.5520e-01
1.0887e+04, 3.1190e-01
1.0887e+04, 3.7428e-01
1.0888e+04, 4.4850e-01
1.0888e+04, 5.3174e-01
1.0888e+04, 7.1849e-01
1.0889e+04, 1.2675e+00
1.0890e+04, 1.5135e+00
1.0890e+04, 1.6072e+00
1.0890e+04, 1.6764e+00
1.0891e+04, 1.7247e+00
1.0891e+04, 1.7287e+00
1.0891e+04, 1.7289e+00
1.0891e+04, 1.7264e+00
1.0891e+04, 1.7100e+00
1.0892e+04, 1.6637e+00
1.0892e+04, 1.5921e+00
1.0892e+04, 1.3921e+00
1.0894e+04, 6.5706e-01
1.0894e+04, 4.9965e-01
1.0895e+04, 3.7147e-01
1.0895e+04, 2.6880e-01
1.0895e+04, 1.9001e-01
1.0896e+04, 1.3065e-01
1.0896e+04, 8.9940e-02
1.0896e+04, 6.2202e-02
1.0897e+04, 4.3983e-02
1.0897e+04, 3.2443e-02
1.0898e+04, 2.5398e-02
1.0898e+04, 1.8974e-02
1.0899e+04, 1.7249e-02
1.0900e+04, 1.8237e-02
1.0903e+04, 2.3423e-02
1.0904e+04, 2.7761e-02
1.0905e+04, 3.3935e-02
1.0905e+04, 3.8036e-02
1.0906e+04, 4.3103e-02
1.0906e+04, 4.9492e-02
1.0907e+04, 5.7569e-02
1.0907e+04, 6.5272e-02
1.0908e+04, 7.4643e-02
1.0908e+04, 8.0520e-02
1.0908e+04, 8.6839e-02
1.0908e+04, 9.3991e-02
1.0908e+04, 1.0211e-01
1.0908e+04, 1.1186e-01
1.0909e+04, 1.2245e-01
1.0909e+04, 1.3453e-01
1.0909e+04, 1.4832e-01
1.0909e+04, 1.6404e-01
1.0909e+04, 1.8195e-01
1.0910e+04, 2.0233e-01
1.0910e+04, 2.2544e-01
1.0910e+04, 2.4440e-01
1.0910e+04, 2.6358e-01
1.0910e+04, 2.8604e-01
1.0910e+04, 3.0866e-01
1.0910e+04, 3.3503e-01
1.0911e+04, 3.6144e-01
1.0911e+04, 4.2253e-01
1.0911e+04, 4.9234e-01
1.0911e+04, 5.7097e-01
1.0912e+04, 6.5814e-01
1.0912e+04, 7.5307e-01
1.0912e+04, 8.6609e-01
1.0913e+04, 9.8053e-01
1.0913e+04, 1.2118e+00
1.0914e+04, 1.3939e+00
1.0914e+04, 1.5346e+00
1.0915e+04, 1.6128e+00
1.0915e+04, 1.6398e+00
1.0915e+04, 1.6380e+00
1.0915e+04, 1.6088e+00
1.0916e+04, 1.5459e+00
1.0916e+04, 1.4538e+00
1.0916e+04, 1.3422e+00
1.0917e+04, 1.1882e+00
1.0917e+04, 1.0285e+00
1.0918e+04, 7.1693e-01
1.0918e+04, 5.9896e-01
1.0919e+04, 4.9772e-01
1.0919e+04, 4.0806e-01
1.0920e+04, 3.3486e-01
1.0920e+04, 2.7278e-01
1.0920e+04, 2.2393e-01
1.0921e+04, 1.8474e-01
1.0921e+04, 1.5358e-01
1.0921e+04, 1.2829e-01
1.0922e+04, 1.0893e-01
1.0922e+04, 9.3192e-02
1.0922e+04, 8.1029e-02
1.0923e+04, 7.0971e-02
1.0923e+04, 6.3032e-02
1.0924e+04, 5.0997e-02
1.0924e+04, 4.2279e-02
1.0925e+04, 3.5873e-02
1.0926e+04, 3.0854e-02
1.0926e+04, 2.6933e-02
1.0928e+04, 2.1277e-02
1.0929e+04, 1.7324e-02
1.0930e+04, 1.4418e-02
1.0932e+04, 1.2212e-02
1.0934e+04, 9.1388e-03
1.0937e+04, 7.1464e-03
1.0939e+04, 5.7765e-03
1.0942e+04, 4.7948e-03
1.0947e+04, 3.5104e-03
1.0953e+04, 2.7378e-03
1.0958e+04, 2.2412e-03
1.0969e+04, 1.6374e-03
1.0981e+04, 1.3516e-03
1.1004e+04, 1.1727e-03
1.1025e+04, 1.2329e-03
1.1046e+04, 1.4553e-03
1.1067e+04, 1.8914e-03
1.1077e+04, 2.2376e-03
1.1088e+04, 2.7124e-03
1.1098e+04, 3.3638e-03
1.1108e+04, 4.3212e-03
1.1113e+04, 4.9676e-03
1.1115e+04, 5.3544e-03
1.1118e+04, 5.7879e-03
1.1120e+04, 6.2770e-03
1.1123e+04, 6.8339e-03
1.1125e+04, 7.4775e-03
1.1128e+04, 8.2156e-03
1.1128e+04, 8.5035e-03
1.1129e+04, 8.8038e-03
1.1130e+04, 9.1248e-03
1.1131e+04, 9.4605e-03
1.1132e+04, 9.6745e-03
1.1132e+04, 9.8962e-03
1.1133e+04, 1.0364e-02
1.1134e+04, 1.0866e-02
1.1135e+04, 1.1407e-02
1.1136e+04, 1.1990e-02
1.1137e+04, 1.2619e-02
1.1138e+04, 1.3300e-02
1.1140e+04, 1.4031e-02
1.1141e+04, 1.5089e-02
1.1142e+04, 1.6264e-02
1.1144e+04, 1.7593e-02
1.1144e+04, 1.8320e-02
1.1145e+04, 1.9083e-02
1.1146e+04, 1.9906e-02
1.1146e+04, 2.0784e-02
1.1147e+04, 2.1723e-02
1.1148e+04, 2.2711e-02
1.1148e+04, 2.3785e-02
1.1149e+04, 2.4919e-02
1.1150e+04, 2.6156e-02
1.1151e+04, 2.7467e-02
1.1151e+04, 2.8900e-02
1.1152e+04, 3.0449e-02
1.1153e+04, 3.2125e-02
1.1153e+04, 3.3916e-02
1.1154e+04, 3.5889e-02
1.1155e+04, 3.8039e-02
1.1155e+04, 4.0386e-02
1.1156e+04, 4.2916e-02
1.1157e+04, 4.5730e-02
1.1157e+04, 4.8827e-02
1.1158e+04, 5.2243e-02
1.1159e+04, 5.5965e-02
1.1159e+04, 6.0153e-02
1.1160e+04, 6.4743e-02
1.1161e+04, 6.9940e-02
1.1162e+04, 7.5673e-02
1.1162e+04, 8.3426e-02
1.1163e+04, 9.2368e-02
1.1164e+04, 1.0274e-01
1.1165e+04, 1.1482e-01
1.1166e+04, 1.2898e-01
1.1166e+04, 1.4561e-01
1.1167e+04, 1.6521e-01
1.1168e+04, 1.8831e-01
1.1169e+04, 2.1764e-01
1.1170e+04, 2.5223e-01
1.1171e+04, 2.9239e-01
1.1171e+04, 3.3730e-01
1.1172e+04, 3.8682e-01
1.1173e+04, 4.3747e-01
1.1174e+04, 4.8673e-01
1.1175e+04, 5.2887e-01
1.1176e+04, 5.6409e-01
1.1176e+04, 5.7353e-01
1.1177e+04, 5.7662e-01
1.1178e+04, 5.7088e-01
1.1178e+04, 5.5787e-01
1.1179e+04, 5.3862e-01
1.1180e+04, 4.8488e-01
1.1181e+04, 4.2020e-01
1.1182e+04, 3.5503e-01
1.1183e+04, 2.9487e-01
1.1184e+04, 2.4388e-01
1.1186e+04, 2.0165e-01
1.1187e+04, 1.6803e-01
1.1187e+04, 1.4985e-01
1.1188e+04, 1.3436e-01
1.1190e+04, 1.0931e-01
1.1191e+04, 9.0310e-02
1.1192e+04, 7.5690e-02
1.1194e+04, 6.4263e-02
1.1195e+04, 5.5195e-02
1.1197e+04, 4.7896e-02
1.1198e+04, 4.1947e-02
1.1201e+04, 3.3998e-02
1.1203e+04, 2.8132e-02
1.1206e+04, 2.3663e-02
1.1208e+04, 2.0202e-02
1.1211e+04, 1.7456e-02
1.1213e+04, 1.5253e-02
1.1216e+04, 1.3460e-02
1.1218e+04, 1.1990e-02
1.1223e+04, 9.7351e-03
1.1228e+04, 8.1378e-03
1.1233e+04, 6.9531e-03
1.1238e+04, 6.0778e-03
1.1243e+04, 5.4281e-03
1.1248e+04, 4.9556e-03
1.1258e+04, 4.4284e-03
1.1262e+04, 4.3575e-03
1.1277e+04, 4.9558e-03
1.1284e+04, 6.1074e-03
1.1288e+04, 7.1260e-03
1.1291e+04, 8.6575e-03
1.1295e+04, 1.0644e-02
1.1298e+04, 1.3704e-02
1.1299e+04, 1.5892e-02
1.1301e+04, 1.8764e-02
1.1304e+04, 2.8010e-02
1.1305e+04, 3.4217e-02
1.1306e+04, 3.8213e-02
1.1307e+04, 4.2936e-02
1.1307e+04, 4.8785e-02
1.1308e+04, 5.5934e-02
1.1308e+04, 6.0247e-02
1.1309e+04, 6.5132e-02
1.1309e+04, 7.0701e-02
1.1309e+04, 7.6882e-02
1.1310e+04, 8.4953e-02
1.1310e+04, 9.4476e-02
1.1310e+04, 9.9890e-02
1.1310e+04, 1.0581e-01
1.1311e+04, 1.1228e-01
1.1311e+04, 1.1939e-01
1.1311e+04, 1.2720e-01
1.1311e+04, 1.3578e-01
1.1311e+04, 1.4523e-01
1.1311e+04, 1.5565e-01
1.1312e+04, 1.6714e-01
1.1312e+04, 1.7981e-01
1.1312e+04, 1.9378e-01
1.1312e+04, 2.0918e-01
1.1312e+04, 2.3317e-01
1.1313e+04, 2.6051e-01
1.1313e+04, 2.9154e-01
1.1313e+04, 3.2512e-01
1.1313e+04, 3.6431e-01
1.1314e+04, 4.0617e-01
1.1314e+04, 4.5431e-01
1.1314e+04, 5.0487e-01
1.1314e+04, 5.8840e-01
1.1315e+04, 6.8009e-01
1.1315e+04, 7.7797e-01
1.1316e+04, 8.7916e-01
1.1316e+04, 1.0934e+00
1.1317e+04, 1.1857e+00
1.1317e+04, 1.2570e+00
1.1318e+04, 1.3091e+00
1.1318e+04, 1.3264e+00
1.1318e+04, 1.3234e+00
1.1319e+04, 1.2822e+00
1.1319e+04, 1.1979e+00
1.1320e+04, 1.0807e+00
1.1320e+04, 9.4373e-01
1.1321e+04, 7.5300e-01
1.1322e+04, 5.7867e-01
1.1322e+04, 4.3063e-01
1.1323e+04, 3.6932e-01
1.1323e+04, 3.1781e-01
1.1324e+04, 2.4259e-01
1.1324e+04, 1.8814e-01
1.1325e+04, 1.4794e-01
1.1325e+04, 1.1926e-01
1.1326e+04, 9.7866e-02
1.1326e+04, 8.2139e-02
1.1327e+04, 7.0089e-02
1.1328e+04, 6.0645e-02
1.1329e+04, 4.8387e-02
1.1330e+04, 3.9654e-02
1.1331e+04, 3.3181e-02
1.1332e+04, 2.8236e-02
1.1334e+04, 2.1272e-02
1.1336e+04, 1.6698e-02
1.1338e+04, 1.3489e-02
1.1340e+04, 1.1159e-02
1.1344e+04, 8.0703e-03
1.1348e+04, 6.1726e-03
1.1352e+04, 4.9106e-03
1.1357e+04, 3.9118e-03
1.1362e+04, 3.2166e-03
1.1371e+04, 2.3332e-03
1.1381e+04, 1.8016e-03
1.1390e+04, 1.4549e-03
1.1402e+04, 1.1746e-03
1.1413e+04, 9.8344e-04
1.1436e+04, 7.3659e-04
1.1459e+04, 5.8790e-04
1.1482e+04, 4.9058e-04
1.1532e+04, 3.6672e-04
1.1583e+04, 3.0298e-04
1.1684e+04, 2.6400e-04
1.1766e+04, 3.0366e-04
1.1806e+04, 3.7000e-04
1.1847e+04, 5.2304e-04
1.1863e+04, 6.4350e-04
1.1880e+04, 8.3275e-04
1.1896e+04, 1.1670e-03
1.1904e+04, 1.4370e-03
1.1913e+04, 1.8287e-03
1.1920e+04, 2.3223e-03
1.1927e+04, 3.0761e-03
1.1930e+04, 3.6116e-03
1.1934e+04, 4.3078e-03
1.1937e+04, 5.2423e-03
1.1940e+04, 6.5301e-03
1.1944e+04, 8.6525e-03
1.1948e+04, 1.2034e-02
1.1950e+04, 1.4520e-02
1.1952e+04, 1.7886e-02
1.1953e+04, 2.0044e-02
1.1954e+04, 2.2633e-02
1.1955e+04, 2.5781e-02
1.1956e+04, 2.7636e-02
1.1956e+04, 2.9663e-02
1.1956e+04, 3.1929e-02
1.1957e+04, 3.4364e-02
1.1957e+04, 3.7037e-02
1.1958e+04, 4.0117e-02
1.1958e+04, 4.3534e-02
1.1959e+04, 4.7518e-02
1.1959e+04, 5.1995e-02
1.1960e+04, 5.7294e-02
1.1960e+04, 6.3347e-02
1.1961e+04, 7.0297e-02
1.1961e+04, 7.8321e-02
1.1961e+04, 8.2994e-02
1.1961e+04, 8.8117e-02
1.1962e+04, 9.3746e-02
1.1962e+04, 9.9652e-02
1.1962e+04, 1.0647e-01
1.1962e+04, 1.1401e-01
1.1963e+04, 1.2237e-01
1.1963e+04, 1.3122e-01
1.1963e+04, 1.4149e-01
1.1963e+04, 1.5294e-01
1.1963e+04, 1.6568e-01
1.1964e+04, 1.7920e-01
1.1964e+04, 2.0266e-01
1.1964e+04, 2.3002e-01
1.1965e+04, 2.6179e-01
1.1965e+04, 2.9725e-01
1.1965e+04, 3.3907e-01
1.1966e+04, 3.8493e-01
1.1966e+04, 4.3789e-01
1.1966e+04, 4.9451e-01
1.1967e+04, 5.8304e-01
1.1967e+04, 6.7681e-01
1.1968e+04, 8.7333e-01
1.1968e+04, 9.8502e-01
1.1969e+04, 1.0737e+00
1.1969e+04, 1.1315e+00
1.1970e+04, 1.1516e+00
1.1970e+04, 1.1485e+00
1.1971e+04, 1.1284e+00
1.1971e+04, 1.0911e+00
1.1971e+04, 1.0385e+00
1.1972e+04, 9.7546e-01
1.1972e+04, 8.2437e-01
1.1973e+04, 6.6352e-01
1.1974e+04, 5.0426e-01
1.1975e+04, 3.7272e-01
1.1975e+04, 3.1892e-01
1.1975e+04, 2.7283e-01
1.1976e+04, 2.3385e-01
1.1976e+04, 2.0118e-01
1.1976e+04, 1.7332e-01
1.1977e+04, 1.5084e-01
1.1977e+04, 1.3217e-01
1.1978e+04, 1.1663e-01
1.1978e+04, 1.0365e-01
1.1978e+04, 9.2722e-02
1.1979e+04, 7.5580e-02
1.1980e+04, 6.2776e-02
1.1981e+04, 5.3187e-02
1.1981e+04, 4.5709e-02
1.1982e+04, 3.9752e-02
1.1984e+04, 3.1921e-02
1.1985e+04, 2.6281e-02
1.1986e+04, 2.2011e-02
1.1987e+04, 1.8740e-02
1.1989e+04, 1.6138e-02
1.1990e+04, 1.4065e-02
1.1993e+04, 1.0976e-02
1.1995e+04, 8.8158e-03
1.1998e+04, 7.2504e-03
1.2001e+04, 6.0719e-03
1.2003e+04, 5.1667e-03
1.2008e+04, 3.8822e-03
1.2014e+04, 3.0384e-03
1.2019e+04, 2.4537e-03
1.2024e+04, 2.0345e-03
1.2035e+04, 1.4775e-03
1.2045e+04, 1.1391e-03
1.2056e+04, 9.1876e-04
1.2079e+04, 6.4248e-04
1.2102e+04, 5.0248e-04
1.2149e+04, 3.8361e-04
1.2184e+04, 3.6439e-04
1.2200e+04, 3.7798e-04
1.2216e+04, 4.3254e-04
1.2224e+04, 4.9220e-04
1.2231e+04, 6.2191e-04
1.2235e+04, 7.6522e-04
1.2239e+04, 1.0392e-03
1.2241e+04, 1.2725e-03
1.2243e+04, 1.6542e-03
1.2245e+04, 2.3998e-03
1.2246e+04, 3.2593e-03
1.2247e+04, 4.0995e-03
1.2247e+04, 5.5909e-03
1.2248e+04, 7.8445e-03
1.2248e+04, 1.1577e-02
1.2248e+04, 1.8009e-02
1.2249e+04, 2.8342e-02
1.2249e+04, 4.5275e-02
1.2250e+04, 7.0811e-02
1.2250e+04, 1.0974e-01
1.2251e+04, 1.6400e-01
1.2251e+04, 2.4002e-01
1.2251e+04, 3.3698e-01
1.2252e+04, 4.6062e-01
1.2252e+04, 6.0329e-01
1.2253e+04, 9.3378e-01
1.2253e+04, 1.1007e+00
1.2254e+04, 1.2453e+00
1.2254e+04, 1.3670e+00
1.2255e+04, 1.4354e+00
1.2255e+04, 1.4459e+00
1.2255e+04, 1.4469e+00
1.2255e+04, 1.4446e+00
1.2255e+04, 1.4204e+00
1.2256e+04, 1.3264e+00
1.2256e+04, 1.1777e+00
1.2257e+04, 8.0280e-01
1.2258e+04, 6.0688e-01
1.2258e+04, 4.3827e-01
1.2259e+04, 2.9877e-01
1.2259e+04, 1.9564e-01
1.2260e+04, 1.2138e-01
1.2260e+04, 7.3158e-02
1.2261e+04, 4.2869e-02
1.2261e+04, 2.4821e-02
1.2262e+04, 1.4402e-02
1.2262e+04, 8.8434e-03
1.2263e+04, 5.8597e-03
1.2263e+04, 4.2524e-03
1.2264e+04, 3.3400e-03
1.2264e+04, 2.8048e-03
1.2265e+04, 2.1927e-03
1.2267e+04, 1.5673e-03
1.2269e+04, 1.2227e-03
1.2273e+04, 8.5474e-04
1.2280e+04, 6.0994e-04
1.2287e+04, 5.0909e-04
1.2300e+04, 4.2552e-04
1.2327e+04, 3.9745e-04
1.2392e+04, 4.7678e-04
1.2425e+04, 5.8465e-04
1.2441e+04, 6.9371e-04
1.2449e+04, 7.9402e-04
1.2457e+04, 9.7687e-04
1.2462e+04, 1.2052e-03
1.2468e+04, 1.6473e-03
1.2471e+04, 2.0909e-03
1.2473e+04, 2.8672e-03
1.2475e+04, 3.5108e-03
1.2476e+04, 4.5497e-03
1.2477e+04, 5.4486e-03
1.2477e+04, 7.0133e-03
1.2478e+04, 1.0339e-02
1.2478e+04, 1.3379e-02
1.2479e+04, 1.7886e-02
1.2479e+04, 2.6290e-02
1.2479e+04, 3.9416e-02
1.2480e+04, 5.9926e-02
1.2480e+04, 9.1176e-02
1.2481e+04, 1.3744e-01
1.2481e+04, 2.0382e-01
1.2481e+04, 2.9592e-01
1.2482e+04, 4.1924e-01
1.2482e+04, 5.7837e-01
1.2483e+04, 7.7583e-01
1.2483e+04, 1.0109e+00
1.2483e+04, 1.2787e+00
1.2484e+04, 1.8682e+00
1.2484e+04, 2.1568e+00
1.2485e+04, 2.4142e+00
1.2485e+04, 2.6464e+00
1.2486e+04, 2.7827e+00
1.2486e+04, 2.8072e+00
1.2486e+04, 2.8115e+00
1.2486e+04, 2.8115e+00
1.2486e+04, 2.8113e+00
1.2486e+04, 2.8108e+00
1.2486e+04, 2.8085e+00
1.2486e+04, 2.7895e+00
1.2487e+04, 2.7147e+00
1.2487e+04, 2.5913e+00
1.2487e+04, 2.4322e+00
1.2487e+04, 2.2490e+00
1.2488e+04, 1.8208e+00
1.2489e+04, 1.3758e+00
1.2489e+04, 9.7775e-01
1.2489e+04, 7.9871e-01
1.2490e+04, 6.4654e-01
1.2490e+04, 5.1534e-01
1.2490e+04, 4.0466e-01
1.2491e+04, 3.1030e-01
1.2491e+04, 2.3687e-01
1.2491e+04, 1.7860e-01
1.2491e+04, 1.3323e-01
1.2492e+04, 9.6406e-02
1.2492e+04, 7.0082e-02
1.2492e+04, 5.0849e-02
1.2493e+04, 3.7016e-02
1.2493e+04, 2.6924e-02
1.2493e+04, 2.0128e-02
1.2494e+04, 1.2131e-02
1.2494e+04, 8.2276e-03
1.2495e+04, 6.3001e-03
1.2496e+04, 4.5273e-03
1.2498e+04, 3.0689e-03
1.2501e+04, 2.3622e-03
1.2505e+04, 1.6652e-03
1.2510e+04, 1.3619e-03
1.2519e+04, 1.1389e-03
1.2529e+04, 1.0769e-03
1.2552e+04, 1.1508e-03
1.2576e+04, 1.3633e-03
1.2599e+04, 1.6991e-03
1.2611e+04, 1.9289e-03
1.2623e+04, 2.2130e-03
1.2627e+04, 2.3297e-03
1.2631e+04, 2.4571e-03
1.2635e+04, 2.5961e-03
1.2639e+04, 2.7478e-03
1.2643e+04, 2.9143e-03
1.2647e+04, 3.0962e-03
1.2649e+04, 3.1937e-03
1.2651e+04, 3.2958e-03
1.2652e+04, 3.3494e-03
1.2654e+04, 3.4038e-03
1.2655e+04, 3.4596e-03
1.2656e+04, 3.5169e-03
1.2657e+04, 3.5820e-03
1.2658e+04, 3.6484e-03
1.2659e+04, 3.7167e-03
1.2660e+04, 3.7871e-03
1.2662e+04, 3.9349e-03
1.2665e+04, 4.0908e-03
1.2667e+04, 4.2570e-03
1.2669e+04, 4.4330e-03
1.2671e+04, 4.6211e-03
1.2674e+04, 4.8208e-03
1.2677e+04, 5.1008e-03
1.2680e+04, 5.4051e-03
1.2683e+04, 5.7377e-03
1.2684e+04, 5.9164e-03
1.2685e+04, 6.1023e-03
1.2687e+04, 6.2985e-03
1.2688e+04, 6.5044e-03
1.2690e+04, 6.7206e-03
1.2691e+04, 6.9462e-03
1.2693e+04, 7.1851e-03
1.2694e+04, 7.4347e-03
1.2697e+04, 7.9765e-03
1.2700e+04, 8.5819e-03
1.2703e+04, 9.2560e-03
1.2706e+04, 1.0012e-02
1.2709e+04, 1.0864e-02
1.2712e+04, 1.1832e-02
1.2715e+04, 1.2929e-02
1.2718e+04, 1.4183e-02
1.2721e+04, 1.5624e-02
1.2724e+04, 1.7297e-02
1.2726e+04, 1.9237e-02
1.2729e+04, 2.1510e-02
1.2731e+04, 2.2800e-02
1.2732e+04, 2.4193e-02
1.2734e+04, 2.5723e-02
1.2735e+04, 2.7395e-02
1.2737e+04, 2.9227e-02
1.2738e+04, 3.1222e-02
1.2740e+04, 3.3430e-02
1.2741e+04, 3.5845e-02
1.2743e+04, 3.8530e-02
1.2744e+04, 4.1477e-02
1.2746e+04, 4.4695e-02
1.2747e+04, 4.8232e-02
1.2748e+04, 5.2151e-02
1.2750e+04, 5.6500e-02
1.2751e+04, 6.1362e-02
1.2753e+04, 6.6723e-02
1.2754e+04, 7.2668e-02
1.2756e+04, 7.9249e-02
1.2757e+04, 8.6564e-02
1.2758e+04, 9.4541e-02
1.2760e+04, 1.0324e-01
1.2761e+04, 1.1263e-01
1.2764e+04, 1.3311e-01
1.2767e+04, 1.5441e-01
1.2771e+04, 1.7960e-01
1.2773e+04, 1.8713e-01
1.2775e+04, 1.8975e-01
1.2777e+04, 1.8705e-01
1.2778e+04, 1.8223e-01
1.2780e+04, 1.7537e-01
1.2783e+04, 1.5745e-01
1.2788e+04, 1.1673e-01
1.2791e+04, 9.8499e-02
1.2794e+04, 8.3003e-02
1.2796e+04, 7.0143e-02
1.2799e+04, 5.9600e-02
1.2801e+04, 5.3393e-02
1.2803e+04, 4.8021e-02
1.2807e+04, 3.9286e-02
1.2811e+04, 3.2551e-02
1.2815e+04, 2.7333e-02
1.2819e+04, 2.3218e-02
1.2822e+04, 1.9945e-02
1.2826e+04, 1.7294e-02
1.2830e+04, 1.5132e-02
1.2837e+04, 1.2286e-02
1.2843e+04, 1.0166e-02
1.2850e+04, 8.5550e-03
1.2856e+04, 7.2977e-03
1.2863e+04, 6.2903e-03
1.2869e+04, 5.4778e-03
1.2876e+04, 4.8134e-03
1.2882e+04, 4.2633e-03
1.2894e+04, 3.5056e-03
1.2905e+04, 2.9347e-03
1.2917e+04, 2.4939e-03
1.2928e+04, 2.1471e-03
1.2951e+04, 1.6466e-03
1.2974e+04, 1.3033e-03
1.2987e+04, 1.1554e-03
1.2993e+04, 1.1286e-03
1.2994e+04, 1.2022e-03
1.2995e+04, 1.4120e-03
1.2996e+04, 1.9093e-03
1.2997e+04, 2.9037e-03
1.2998e+04, 4.6693e-03
1.2998e+04, 7.3253e-03
1.3000e+04, 1.4933e-02
1.3000e+04, 2.8920e-02
1.5000e+04, 2.6295e-02
1.7000e+04, 2.4232e-02
2.0000e+04, 2.1867e-02
2.2500e+04, 2.0396e-02
2.5000e+04, 1.9165e-02
2.6000e+04, 1.8750e-02
3.0000e+04, 1.7508e-02
3.5000e+04, 1.6377e-02
4.0000e+04, 1.5545e-02
5.0000e+04, 1.4328e-02
6.0000e+04, 1.3436e-02
7.0000e+04, 1.2869e-02
8.0000e+04, 1.2301e-02
1.0000e+05, 1.1379e-02
1.0000e+05, 1.1409e-02
1.2500e+05, 1.0657e-02
1.5000e+05, 1.0079e-02
2.0000e+05, 9.4521e-03
2.5000e+05, 9.3793e-03
3.0000e+05, 9.4533e-03
4.0000e+05, 1.0317e-02
5.0000e+05, 1.1041e-02
5.3125e+05, 1.1447e-02
5.6250e+05, 1.1843e-02
5.9375e+05, 1.2231e-02
6.2500e+05, 1.2610e-02
6.4576e+05, 1.2858e-02
6.4639e+05, 1.2804e-02
6.4702e+05, 1.2750e-02
6.4829e+05, 1.2642e-02
6.4956e+05, 1.2536e-02
6.5083e+05, 1.2430e-02
6.5339e+05, 1.2222e-02
6.5595e+05, 1.2017e-02
6.5852e+05, 1.1815e-02
6.6111e+05, 1.1617e-02
6.6630e+05, 1.1231e-02
6.7154e+05, 1.0858e-02
6.7682e+05, 1.0496e-02
6.8750e+05, 9.8100e-03
7.0000e+05, 9.0754e-03
7.5000e+05, 8.5317e-03
8.0000e+05, 8.0527e-03
8.1250e+05, 8.0214e-03
8.4375e+05, 7.9457e-03
8.7500e+05, 7.8735e-03
9.0000e+05, 7.8180e-03
9.3750e+05, 7.8514e-03
9.6875e+05, 7.8783e-03
1.0000e+06, 7.9045e-03
1.0156e+06, 7.9722e-03
1.0312e+06, 8.0395e-03
1.0469e+06, 8.1063e-03
1.0625e+06, 8.1726e-03
1.0781e+06, 8.2385e-03
1.0938e+06, 8.3040e-03
1.1094e+06, 8.3691e-03
1.1250e+06, 8.4337e-03
1.1406e+06, 8.4980e-03
1.1562e+06, 8.5618e-03
1.1719e+06, 8.6253e-03
1.1875e+06, 8.6884e-03
1.2031e+06, 8.7511e-03
1.2188e+06, 8.8134e-03
1.2280e+06, 8.8500e-03
1.2500e+06, 7.6288e-03
1.2656e+06, 7.6227e-03
1.2812e+06, 7.6167e-03
1.2969e+06, 7.6107e-03
1.3125e+06, 7.6048e-03
1.3281e+06, 7.5990e-03
1.3438e+06, 7.5933e-03
1.3594e+06, 7.5877e-03
1.3750e+06, 7.5821e-03
1.3906e+06, 7.5766e-03
1.4062e+06, 7.5711e-03
1.4219e+06, 7.5657e-03
1.4375e+06, 7.5604e-03
1.4531e+06, 7.5551e-03
1.4688e+06, 7.5499e-03
1.4844e+06, 7.5448e-03
1.5000e+06, 7.5397e-03
1.5156e+06, 7.5880e-03
1.5312e+06, 7.6361e-03
1.5470e+06, 7.6844e-03
1.5625e+06, 7.6693e-03
1.5781e+06, 7.6543e-03
1.5938e+06, 7.6394e-03
1.6094e+06, 7.6247e-03
1.6250e+06, 7.6102e-03
1.6406e+06, 7.5958e-03
1.6562e+06, 7.5816e-03
1.6644e+06, 7.5743e-03
1.6759e+06, 7.5380e-03
1.6875e+06, 7.5021e-03
1.7031e+06, 7.4543e-03
1.7188e+06, 7.4073e-03
1.7344e+06, 7.3610e-03
1.7500e+06, 7.3153e-03
1.7656e+06, 7.3274e-03
1.7812e+06, 7.3393e-03
1.7969e+06, 7.3511e-03
1.8125e+06, 7.3629e-03
1.8281e+06, 7.3745e-03
1.8438e+06, 7.3861e-03
1.8594e+06, 7.3976e-03
1.8750e+06, 7.4090e-03
1.8906e+06, 7.4204e-03
1.9062e+06, 7.4317e-03
1.9219e+06, 7.4429e-03
1.9375e+06, 7.4540e-03
1.9531e+06, 7.4650e-03
1.9688e+06, 7.4760e-03
1.9844e+06, 7.4869e-03
2.0000e+06, 7.4978e-03
2.0184e+06, 7.5231e-03
2.0444e+06, 7.4956e-03
2.0847e+06, 7.5015e-03
2.1250e+06, 7.5074e-03
2.2025e+06, 7.5184e-03
2.2025e+06, 7.5184e-03
2.2263e+06, 7.5404e-03
2.2500e+06, 7.5622e-03
2.3125e+06, 7.6189e-03
2.3750e+06, 7.6745e-03
2.3808e+06, 7.6796e-03
2.3808e+06, 7.6796e-03
2.4150e+06, 7.7135e-03
2.4150e+06, 7.7135e-03
2.4575e+06, 7.7686e-03
2.5000e+06, 7.8231e-03
2.5178e+06, 7.8457e-03
2.5178e+06, 7.8457e-03
2.5446e+06, 7.7987e-03
2.5714e+06, 7.7525e-03
2.6250e+06, 7.6622e-03
2.6875e+06, 7.5606e-03
2.7500e+06, 7.4626e-03
2.8125e+06, 7.3680e-03
2.8750e+06, 7.2767e-03
2.9375e+06, 7.1884e-03
3.0000e+06, 7.1031e-03
3.0476e+06, 6.8672e-03
3.0951e+06, 6.6426e-03
3.1427e+06, 6.4286e-03
3.1903e+06, 6.2246e-03
3.2378e+06, 6.0299e-03
3.2854e+06, 5.8441e-03
3.3330e+06, 5.6665e-03
3.3805e+06, 5.4967e-03
3.4281e+06, 5.3342e-03
3.4757e+06, 5.1788e-03
3.5232e+06, 5.0298e-03
3.5708e+06, 4.8870e-03
3.6184e+06, 4.7502e-03
3.6659e+06, 4.6188e-03
3.7135e+06, 4.4927e-03
3.7611e+06, 4.3716e-03
3.8208e+06, 4.2262e-03
3.8805e+06, 4.0878e-03
3.9403e+06, 3.9559e-03
4.0000e+06, 3.8302e-03
4.0625e+06, 3.6553e-03
4.1250e+06, 3.4909e-03
4.1875e+06, 3.3362e-03
4.2500e+06, 3.1904e-03
4.3125e+06, 3.0531e-03
4.3750e+06, 2.9235e-03
4.4375e+06, 2.8011e-03
4.5000e+06, 2.6855e-03
4.5625e+06, 2.5761e-03
4.6250e+06, 2.4726e-03
4.6875e+06, 2.3745e-03
4.7500e+06, 2.2816e-03
4.8125e+06, 2.1934e-03
4.8750e+06, 2.1097e-03
4.9375e+06, 2.0302e-03
5.0000e+06, 1.9547e-03
5.0625e+06, 1.8690e-03
5.1250e+06, 1.7881e-03
5.1875e+06, 1.7115e-03
5.2500e+06, 1.6392e-03
5.3125e+06, 1.5706e-03
5.3750e+06, 1.5057e-03
5.4375e+06, 1.4442e-03
5.5000e+06, 1.3859e-03
5.5625e+06, 1.3305e-03
5.6250e+06, 1.2779e-03
5.6875e+06, 1.2280e-03
5.7500e+06, 1.1805e-03
5.8125e+06, 1.1353e-03
5.8750e+06, 1.0924e-03
5.9375e+06, 1.0514e-03
6.0000e+06, 1.0125e-03
6.0174e+06, 1.0005e-03
6.0348e+06, 9.8874e-04
6.0522e+06, 9.7714e-04
6.0696e+06, 9.6571e-04
6.0870e+06, 9.5444e-04
6.1044e+06, 9.4334e-04
6.1218e+06, 9.3240e-04
6.1392e+06, 9.2162e-04
6.1566e+06, 9.1099e-04
6.1740e+06, 9.0051e-04
6.1914e+06, 8.9019e-04
6.2088e+06, 8.8001e-04
6.2262e+06, 8.6997e-04
6.2436e+06, 8.6008e-04
6.2610e+06, 8.5032e-04
6.2784e+06, 8.4071e-04
6.2958e+06, 8.3123e-04
6.3132e+06, 8.2188e-04
6.3306e+06, 8.1266e-04
6.3480e+06, 8.0357e-04
6.3654e+06, 7.9460e-04
6.3828e+06, 7.8576e-04
6.4002e+06, 7.7704e-04
6.4176e+06, 7.6845e-04
6.4350e+06, 7.5997e-04
6.4524e+06, 7.5160e-04
6.4698e+06, 7.4335e-04
6.4872e+06, 7.3521e-04
6.5046e+06, 7.2719e-04
6.5220e+06, 7.1927e-04
6.5394e+06, 7.1146e-04
6.5568e+06, 7.0375e-04
6.5706e+06, 6.9769e-04
6.5845e+06, 6.9170e-04
6.5984e+06, 6.8577e-04
6.6122e+06, 6.7990e-04
6.6260e+06, 6.7409e-04
6.6399e+06, 6.6835e-04
6.6538e+06, 6.6267e-04
6.6676e+06, 6.5704e-04
6.6814e+06, 6.5148e-04
6.6953e+06, 6.4597e-04
6.7092e+06, 6.4052e-04
6.7230e+06, 6.3513e-04
6.7368e+06, 6.2980e-04
6.7507e+06, 6.2452e-04
6.7646e+06, 6.1930e-04
6.7784e+06, 6.1413e-04
6.7922e+06, 6.0901e-04
6.8061e+06, 6.0395e-04
6.8200e+06, 5.9894e-04
6.8338e+06, 5.9398e-04
6.8476e+06, 5.8907e-04
6.8615e+06, 5.8421e-04
6.8754e+06, 5.7940e-04
6.8892e+06, 5.7464e-04
6.9030e+06, 5.6993e-04
6.9169e+06, 5.6527e-04
6.9308e+06, 5.6066e-04
6.9446e+06, 5.5609e-04
6.9584e+06, 5.5157e-04
6.9723e+06, 5.4709e-04
6.9862e+06, 5.4266e-04
7.0000e+06, 5.3827e-04
7.0175e+06, 5.3254e-04
7.0350e+06, 5.2688e-04
7.0524e+06, 5.2129e-04
7.0699e+06, 5.1578e-04
7.0874e+06, 5.1034e-04
7.1049e+06, 5.0497e-04
7.1224e+06, 4.9967e-04
7.1399e+06, 4.9444e-04
7.1609e+06, 4.8822e-04
7.1820e+06, 4.8211e-04
7.2030e+06, 4.7609e-04
7.2241e+06, 4.7016e-04
7.2246e+06, 4.7002e-04
7.2251e+06, 4.6988e-04
7.2256e+06, 4.6974e-04
7.2261e+06, 4.6960e-04
7.2271e+06, 4.6932e-04
7.2281e+06, 4.6905e-04
7.2291e+06, 4.6877e-04
7.2301e+06, 4.6849e-04
7.2320e+06, 4.6794e-04
7.2340e+06, 4.6739e-04
7.2360e+06, 4.6683e-04
7.2400e+06, 4.6573e-04
7.2440e+06, 4.6463e-04
7.2480e+06, 4.6353e-04
7.2560e+06, 4.6134e-04
7.2640e+06, 4.5917e-04
7.2720e+06, 4.5700e-04
7.2880e+06, 4.5270e-04
7.3041e+06, 4.4843e-04
7.3202e+06, 4.4421e-04
7.3364e+06, 4.4003e-04
7.3526e+06, 4.3588e-04
7.3688e+06, 4.3178e-04
7.3850e+06, 4.2772e-04
7.4013e+06, 4.2368e-04
7.4176e+06, 4.1970e-04
7.4340e+06, 4.1574e-04
7.4504e+06, 4.1183e-04
7.4669e+06, 4.0795e-04
7.4833e+06, 4.0411e-04
7.4990e+06, 4.0132e-04
7.5147e+06, 3.9855e-04
7.5303e+06, 3.9581e-04
7.5460e+06, 3.9309e-04
7.5618e+06, 3.9037e-04
7.5776e+06, 3.8768e-04
7.5934e+06, 3.8501e-04
7.6093e+06, 3.8237e-04
7.6253e+06, 3.7971e-04
7.6413e+06, 3.7708e-04
7.6573e+06, 3.7447e-04
7.6733e+06, 3.7189e-04
7.6893e+06, 3.6933e-04
7.7053e+06, 3.6679e-04
7.7213e+06, 3.6428e-04
7.7373e+06, 3.6179e-04
7.7536e+06, 3.5983e-04
7.7699e+06, 3.5790e-04
7.7862e+06, 3.5598e-04
7.8025e+06, 3.5407e-04
7.8187e+06, 3.5218e-04
7.8350e+06, 3.5030e-04
7.8513e+06, 3.4843e-04
7.8676e+06, 3.4658e-04
7.8841e+06, 3.4471e-04
7.9007e+06, 3.4285e-04
7.9172e+06, 3.4101e-04
7.9338e+06, 3.3918e-04
7.9503e+06, 3.3737e-04
7.9669e+06, 3.3557e-04
7.9834e+06, 3.3378e-04
8.0000e+06, 3.3201e-04
8.0203e+06, 3.3116e-04
8.0407e+06, 3.3032e-04
8.0610e+06, 3.2949e-04
8.0813e+06, 3.2866e-04
8.1018e+06, 3.2782e-04
8.1224e+06, 3.2699e-04
8.1429e+06, 3.2616e-04
8.1634e+06, 3.2534e-04
8.1824e+06, 3.2458e-04
8.2013e+06, 3.2383e-04
8.2202e+06, 3.2309e-04
8.2391e+06, 3.2234e-04
8.2543e+06, 3.2271e-04
8.2696e+06, 3.2307e-04
8.2849e+06, 3.2343e-04
8.3002e+06, 3.2380e-04
8.3154e+06, 3.2416e-04
8.3307e+06, 3.2452e-04
8.3460e+06, 3.2489e-04
8.3613e+06, 3.2525e-04
8.3768e+06, 3.2562e-04
8.3923e+06, 3.2598e-04
8.4078e+06, 3.2635e-04
8.4233e+06, 3.2672e-04
8.4388e+06, 3.2708e-04
8.4543e+06, 3.2745e-04
8.4698e+06, 3.2782e-04
8.4853e+06, 3.2818e-04
8.5011e+06, 3.2928e-04
8.5170e+06, 3.3038e-04
8.5328e+06, 3.3148e-04
8.5487e+06, 3.3258e-04
8.5645e+06, 3.3368e-04
8.5804e+06, 3.3478e-04
8.5962e+06, 3.3589e-04
8.6121e+06, 3.3699e-04
8.6279e+06, 3.3810e-04
8.6438e+06, 3.3921e-04
8.6596e+06, 3.4032e-04
8.6755e+06, 3.4144e-04
8.6913e+06, 3.4255e-04
8.7072e+06, 3.4367e-04
8.7230e+06, 3.4479e-04
8.7388e+06, 3.4591e-04
8.7569e+06, 3.4773e-04
8.7750e+06, 3.4956e-04
8.7930e+06, 3.5139e-04
8.8111e+06, 3.5323e-04
8.8292e+06, 3.5508e-04
8.8472e+06, 3.5693e-04
8.8653e+06, 3.5879e-04
8.8833e+06, 3.6066e-04
8.8979e+06, 3.6217e-04
8.9125e+06, 3.6368e-04
8.9271e+06, 3.6520e-04
8.9417e+06, 3.6672e-04
8.9563e+06, 3.6824e-04
8.9708e+06, 3.6977e-04
8.9854e+06, 3.7130e-04
9.0000e+06, 3.7284e-04
9.0152e+06, 3.7641e-04
9.0304e+06, 3.8001e-04
9.0456e+06, 3.8365e-04
9.0609e+06, 3.8730e-04
9.0761e+06, 3.9099e-04
9.0913e+06, 3.9471e-04
9.1065e+06, 3.9846e-04
9.1217e+06, 4.0223e-04
9.1369e+06, 4.0604e-04
9.1521e+06, 4.0987e-04
9.1673e+06, 4.1373e-04
9.1826e+06, 4.1763e-04
9.1978e+06, 4.2155e-04
9.2130e+06, 4.2550e-04
9.2282e+06, 4.2949e-04
9.2434e+06, 4.3350e-04
9.2586e+06, 4.3755e-04
9.2738e+06, 4.4163e-04
9.2891e+06, 4.4574e-04
9.3043e+06, 4.4987e-04
9.3195e+06, 4.5405e-04
9.3347e+06, 4.5825e-04
9.3499e+06, 4.6248e-04
9.3651e+06, 4.6675e-04
9.3803e+06, 4.7105e-04
9.3956e+06, 4.7538e-04
9.4108e+06, 4.7975e-04
9.4260e+06, 4.8415e-04
9.4412e+06, 4.8858e-04
9.4564e+06, 4.9304e-04
9.4716e+06, 4.9754e-04
9.4868e+06, 5.0207e-04
9.5029e+06, 5.0629e-04
9.5189e+06, 5.1055e-04
9.5349e+06, 5.1483e-04
9.5510e+06, 5.1913e-04
9.5670e+06, 5.2347e-04
9.5830e+06, 5.2784e-04
9.5991e+06, 5.3224e-04
9.6151e+06, 5.3666e-04
9.6312e+06, 5.4111e-04
9.6472e+06, 5.4560e-04
9.6632e+06, 5.5011e-04
9.6793e+06, 5.5465e-04
9.6953e+06, 5.5923e-04
9.7113e+06, 5.6383e-04
9.7274e+06, 5.6846e-04
9.7434e+06, 5.7313e-04
9.7595e+06, 5.7782e-04
9.7755e+06, 5.8255e-04
9.7915e+06, 5.8730e-04
9.8076e+06, 5.9209e-04
9.8236e+06, 5.9691e-04
9.8396e+06, 6.0176e-04
9.8557e+06, 6.0664e-04
9.8717e+06, 6.1155e-04
9.8877e+06, 6.1649e-04
9.9038e+06, 6.2147e-04
9.9198e+06, 6.2647e-04
9.9359e+06, 6.3151e-04
9.9519e+06, 6.3659e-04
9.9679e+06, 6.4169e-04
9.9840e+06, 6.4683e-04
1.0000e+07, 6.5200e-04
1.0015e+07, 6.5589e-04
1.0031e+07, 6.5979e-04
1.0046e+07, 6.6371e-04
1.0061e+07, 6.6765e-04
1.0076e+07, 6.7161e-04
1.0092e+07, 6.7558e-04
1.0107e+07, 6.7957e-04
1.0122e+07, 6.8358e-04
1.0137e+07, 6.8761e-04
1.0153e+07, 6.9165e-04
1.0168e+07, 6.9571e-04
1.0183e+07, 6.9979e-04
1.0198e+07, 7.0389e-04
1.0214e+07, 7.0801e-04
1.0229e+07, 7.1214e-04
1.0244e+07, 7.1629e-04
1.0259e+07, 7.2046e-04
1.0275e+07, 7.2465e-04
1.0290e+07, 7.2885e-04
1.0305e+07, 7.3307e-04
1.0320e+07, 7.3732e-04
1.0336e+07, 7.4158e-04
1.0351e+07, 7.4585e-04
1.0366e+07, 7.5015e-04
1.0381e+07, 7.5446e-04
1.0397e+07, 7.5880e-04
1.0412e+07, 7.6315e-04
1.0427e+07, 7.6752e-04
1.0442e+07, 7.7191e-04
1.0458e+07, 7.7631e-04
1.0473e+07, 7.8074e-04
1.0488e+07, 7.8518e-04
1.0504e+07, 7.8936e-04
1.0520e+07, 7.9355e-04
1.0536e+07, 7.9776e-04
1.0552e+07, 8.0199e-04
1.0568e+07, 8.0623e-04
1.0584e+07, 8.1049e-04
1.0600e+07, 8.1476e-04
1.0616e+07, 8.1905e-04
1.0632e+07, 8.2335e-04
1.0648e+07, 8.2768e-04
1.0664e+07, 8.3201e-04
1.0680e+07, 8.3637e-04
1.0696e+07, 8.4074e-04
1.0712e+07, 8.4512e-04
1.0728e+07, 8.4952e-04
1.0744e+07, 8.5394e-04
1.0760e+07, 8.5838e-04
1.0776e+07, 8.6283e-04
1.0792e+07, 8.6730e-04
1.0808e+07, 8.7178e-04
1.0824e+07, 8.7628e-04
1.0840e+07, 8.8080e-04
1.0856e+07, 8.8533e-04
1.0872e+07, 8.8988e-04
1.0888e+07, 8.9445e-04
1.0904e+07, 8.9904e-04
1.0920e+07, 9.0364e-04
1.0936e+07, 9.0825e-04
1.0952e+07, 9.1289e-04
1.0968e+07, 9.1754e-04
1.0984e+07, 9.2220e-04
1.1000e+07, 9.2689e-04
1.1018e+07, 9.2864e-04
1.1036e+07, 9.3040e-04
1.1054e+07, 9.3216e-04
1.1072e+07, 9.3392e-04
1.1090e+07, 9.3568e-04
1.1109e+07, 9.3744e-04
1.1127e+07, 9.3920e-04
1.1145e+07, 9.4096e-04
1.1158e+07, 9.4224e-04
1.1171e+07, 9.4352e-04
1.1184e+07, 9.4479e-04
1.1197e+07, 9.4607e-04
1.1210e+07, 9.4735e-04
1.1224e+07, 9.4862e-04
1.1237e+07, 9.4990e-04
1.1250e+07, 9.5118e-04
1.1263e+07, 9.5246e-04
1.1276e+07, 9.5374e-04
1.1289e+07, 9.5501e-04
1.1302e+07, 9.5629e-04
1.1315e+07, 9.5757e-04
1.1328e+07, 9.5885e-04
1.1342e+07, 9.6013e-04
1.1355e+07, 9.6141e-04
1.1368e+07, 9.6269e-04
1.1381e+07, 9.6397e-04
1.1394e+07, 9.6525e-04
1.1407e+07, 9.6653e-04
1.1420e+07, 9.6781e-04
1.1433e+07, 9.6909e-04
1.1446e+07, 9.7037e-04
1.1460e+07, 9.7166e-04
1.1473e+07, 9.7294e-04
1.1486e+07, 9.7422e-04
1.1499e+07, 9.7550e-04
1.1512e+07, 9.7678e-04
1.1525e+07, 9.7807e-04
1.1538e+07, 9.7935e-04
1.1551e+07, 9.8063e-04
1.1564e+07, 9.8192e-04
1.1578e+07, 9.8325e-04
1.1592e+07, 9.8458e-04
1.1605e+07, 9.8591e-04
1.1619e+07, 9.8724e-04
1.1633e+07, 9.8858e-04
1.1646e+07, 9.8991e-04
1.1660e+07, 9.9124e-04
1.1673e+07, 9.9258e-04
1.1687e+07, 9.9391e-04
1.1701e+07, 9.9524e-04
1.1714e+07, 9.9658e-04
1.1728e+07, 9.9791e-04
1.1741e+07, 9.9925e-04
1.1755e+07, 1.0006e-03
1.1769e+07, 1.0019e-03
1.1782e+07, 1.0033e-03
1.1796e+07, 1.0046e-03
1.1809e+07, 1.0059e-03
1.1823e+07, 1.0073e-03
1.1837e+07, 1.0086e-03
1.1850e+07, 1.0099e-03
1.1864e+07, 1.0113e-03
1.1878e+07, 1.0126e-03
1.1891e+07, 1.0139e-03
1.1905e+07, 1.0153e-03
1.1918e+07, 1.0166e-03
1.1932e+07, 1.0180e-03
1.1946e+07, 1.0193e-03
1.1959e+07, 1.0206e-03
1.1973e+07, 1.0220e-03
1.1986e+07, 1.0233e-03
1.2000e+07, 1.0246e-03
1.2021e+07, 1.0246e-03
1.2043e+07, 1.0246e-03
1.2064e+07, 1.0245e-03
1.2085e+07, 1.0245e-03
1.2107e+07, 1.0245e-03
1.2128e+07, 1.0244e-03
1.2150e+07, 1.0244e-03
1.2171e+07, 1.0244e-03
1.2192e+07, 1.0243e-03
1.2214e+07, 1.0243e-03
1.2235e+07, 1.0243e-03
1.2256e+07, 1.0242e-03
1.2278e+07, 1.0242e-03
1.2299e+07, 1.0241e-03
1.2320e+07, 1.0241e-03
1.2342e+07, 1.0241e-03
1.2364e+07, 1.0240e-03
1.2386e+07, 1.0240e-03
1.2408e+07, 1.0240e-03
1.2430e+07, 1.0239e-03
1.2452e+07, 1.0239e-03
1.2474e+07, 1.0239e-03
1.2497e+07, 1.0238e-03
1.2519e+07, 1.0238e-03
1.2541e+07, 1.0238e-03
1.2563e+07, 1.0237e-03
1.2585e+07, 1.0237e-03
1.2607e+07, 1.0236e-03
1.2629e+07, 1.0236e-03
1.2652e+07, 1.0236e-03
1.2674e+07, 1.0235e-03
1.2696e+07, 1.0235e-03
1.2696e+07, 1.0235e-03
1.2715e+07, 1.0235e-03
1.2734e+07, 1.0234e-03
1.2753e+07, 1.0234e-03
1.2772e+07, 1.0234e-03
1.2791e+07, 1.0233e-03
1.2810e+07, 1.0233e-03
1.2829e+07, 1.0233e-03
1.2848e+07, 1.0233e-03
1.2867e+07, 1.0232e-03
1.2886e+07, 1.0232e-03
1.2905e+07, 1.0232e-03
1.2924e+07, 1.0231e-03
1.2943e+07, 1.0231e-03
1.2962e+07, 1.0231e-03
1.2981e+07, 1.0230e-03
1.3000e+07, 1.0230e-03
1.3012e+07, 1.0228e-03
1.3023e+07, 1.0226e-03
1.3035e+07, 1.0223e-03
1.3046e+07, 1.0221e-03
1.3058e+07, 1.0218e-03
1.3069e+07, 1.0216e-03
1.3081e+07, 1.0214e-03
1.3092e+07, 1.0211e-03
1.3104e+07, 1.0209e-03
1.3115e+07, 1.0207e-03
1.3127e+07, 1.0204e-03
1.3138e+07, 1.0202e-03
1.3150e+07, 1.0200e-03
1.3161e+07, 1.0198e-03
1.3173e+07, 1.0195e-03
1.3184e+07, 1.0193e-03
1.3196e+07, 1.0191e-03
1.3208e+07, 1.0188e-03
1.3219e+07, 1.0186e-03
1.3231e+07, 1.0184e-03
1.3242e+07, 1.0181e-03
1.3254e+07, 1.0179e-03
1.3265e+07, 1.0177e-03
1.3277e+07, 1.0174e-03
1.3288e+07, 1.0172e-03
1.3300e+07, 1.0170e-03
1.3311e+07, 1.0168e-03
1.3323e+07, 1.0165e-03
1.3334e+07, 1.0163e-03
1.3346e+07, 1.0161e-03
1.3357e+07, 1.0158e-03
1.3369e+07, 1.0156e-03
1.3385e+07, 1.0153e-03
1.3402e+07, 1.0150e-03
1.3418e+07, 1.0147e-03
1.3434e+07, 1.0143e-03
1.3451e+07, 1.0140e-03
1.3467e+07, 1.0137e-03
1.3484e+07, 1.0134e-03
1.3500e+07, 1.0131e-03
1.3516e+07, 1.0128e-03
1.3531e+07, 1.0125e-03
1.3547e+07, 1.0121e-03
1.3562e+07, 1.0118e-03
1.3578e+07, 1.0115e-03
1.3594e+07, 1.0112e-03
1.3609e+07, 1.0109e-03
1.3625e+07, 1.0106e-03
1.3641e+07, 1.0103e-03
1.3656e+07, 1.0100e-03
1.3672e+07, 1.0097e-03
1.3688e+07, 1.0094e-03
1.3703e+07, 1.0091e-03
1.3719e+07, 1.0088e-03
1.3734e+07, 1.0085e-03
1.3750e+07, 1.0083e-03
1.3766e+07, 1.0080e-03
1.3781e+07, 1.0077e-03
1.3797e+07, 1.0074e-03
1.3812e+07, 1.0071e-03
1.3828e+07, 1.0068e-03
1.3844e+07, 1.0065e-03
1.3859e+07, 1.0062e-03
1.3875e+07, 1.0059e-03
1.3891e+07, 1.0056e-03
1.3906e+07, 1.0053e-03
1.3922e+07, 1.0050e-03
1.3938e+07, 1.0047e-03
1.3953e+07, 1.0044e-03
1.3969e+07, 1.0041e-03
1.3984e+07, 1.0038e-03
1.4000e+07, 1.0035e-03
1.4016e+07, 1.0034e-03
1.4031e+07, 1.0033e-03
1.4047e+07, 1.0032e-03
1.4062e+07, 1.0030e-03
1.4078e+07, 1.0029e-03
1.4094e+07, 1.0028e-03
1.4109e+07, 1.0026e-03
1.4125e+07, 1.0025e-03
1.4141e+07, 1.0024e-03
1.4156e+07, 1.0022e-03
1.4172e+07, 1.0021e-03
1.4188e+07, 1.0020e-03
1.4203e+07, 1.0019e-03
1.4219e+07, 1.0017e-03
1.4234e+07, 1.0016e-03
1.4250e+07, 1.0015e-03
1.4266e+07, 1.0013e-03
1.4281e+07, 1.0012e-03
1.4297e+07, 1.0011e-03
1.4312e+07, 1.0010e-03
1.4328e+07, 1.0008e-03
1.4344e+07, 1.0007e-03
1.4359e+07, 1.0006e-03
1.4375e+07, 1.0005e-03
1.4391e+07, 1.0003e-03
1.4406e+07, 1.0002e-03
1.4422e+07, 1.0001e-03
1.4438e+07, 9.9994e-04
1.4453e+07, 9.9982e-04
1.4469e+07, 9.9969e-04
1.4484e+07, 9.9956e-04
1.4500e+07, 9.9944e-04
1.4516e+07, 9.9931e-04
1.4531e+07, 9.9919e-04
1.4547e+07, 9.9906e-04
1.4562e+07, 9.9894e-04
1.4578e+07, 9.9881e-04
1.4594e+07, 9.9869e-04
1.4609e+07, 9.9856e-04
1.4625e+07, 9.9844e-04
1.4641e+07, 9.9831e-04
1.4656e+07, 9.9819e-04
1.4672e+07, 9.9806e-04
1.4688e+07, 9.9794e-04
1.4703e+07, 9.9781e-04
1.4719e+07, 9.9769e-04
1.4734e+07, 9.9757e-04
1.4750e+07, 9.9744e-04
1.4766e+07, 9.9732e-04
1.4781e+07, 9.9719e-04
1.4797e+07, 9.9707e-04
1.4812e+07, 9.9695e-04
1.4828e+07, 9.9683e-04
1.4844e+07, 9.9670e-04
1.4859e+07, 9.9658e-04
1.4875e+07, 9.9646e-04
1.4891e+07, 9.9633e-04
1.4906e+07, 9.9621e-04
1.4922e+07, 9.9609e-04
1.4938e+07, 9.9597e-04
1.4953e+07, 9.9585e-04
1.4969e+07, 9.9572e-04
1.4984e+07, 9.9560e-04
1.5000e+07, 9.9548e-04
1.5016e+07, 9.9561e-04
1.5031e+07, 9.9574e-04
1.5047e+07, 9.9587e-04
1.5062e+07, 9.9600e-04
1.5078e+07, 9.9613e-04
1.5094e+07, 9.9626e-04
1.5109e+07, 9.9639e-04
1.5125e+07, 9.9652e-04
1.5141e+07, 9.9665e-04
1.5156e+07, 9.9678e-04
1.5172e+07, 9.9691e-04
1.5188e+07, 9.9704e-04
1.5203e+07, 9.9716e-04
1.5219e+07, 9.9729e-04
1.5234e+07, 9.9742e-04
1.5250e+07, 9.9755e-04
1.5266e+07, 9.9768e-04
1.5281e+07, 9.9781e-04
1.5297e+07, 9.9793e-04
1.5312e+07, 9.9806e-04
1.5328e+07, 9.9819e-04
1.5344e+07, 9.9832e-04
1.5359e+07, 9.9845e-04
1.5375e+07, 9.9857e-04
1.5391e+07, 9.9870e-04
1.5406e+07, 9.9883e-04
1.5422e+07, 9.9895e-04
1.5438e+07, 9.9908e-04
1.5453e+07, 9.9921e-04
1.5469e+07, 9.9933e-04
1.5484e+07, 9.9946e-04
1.5500e+07, 9.9959e-04
1.5516e+07, 9.9971e-04
1.5531e+07, 9.9984e-04
1.5547e+07, 9.9997e-04
1.5562e+07, 1.0001e-03
1.5578e+07, 1.0002e-03
1.5594e+07, 1.0003e-03
1.5609e+07, 1.0005e-03
1.5625e+07, 1.0006e-03
1.5641e+07, 1.0007e-03
1.5656e+07, 1.0008e-03
1.5672e+07, 1.0010e-03
1.5688e+07, 1.0011e-03
1.5703e+07, 1.0012e-03
1.5719e+07, 1.0013e-03
1.5734e+07, 1.0015e-03
1.5750e+07, 1.0016e-03
1.5766e+07, 1.0017e-03
1.5781e+07, 1.0018e-03
1.5797e+07, 1.0020e-03
1.5812e+07, 1.0021e-03
1.5828e+07, 1.0022e-03
1.5844e+07, 1.0023e-03
1.5859e+07, 1.0025e-03
1.5875e+07, 1.0026e-03
1.5891e+07, 1.0027e-03
1.5906e+07, 1.0028e-03
1.5922e+07, 1.0030e-03
1.5938e+07, 1.0031e-03
1.5953e+07, 1.0032e-03
1.5969e+07, 1.0033e-03
1.5984e+07, 1.0035e-03
1.6000e+07, 1.0036e-03
1.6016e+07, 1.0039e-03
1.6031e+07, 1.0043e-03
1.6047e+07, 1.0047e-03
1.6062e+07, 1.0050e-03
1.6078e+07, 1.0054e-03
1.6094e+07, 1.0058e-03
1.6109e+07, 1.0061e-03
1.6125e+07, 1.0065e-03
1.6141e+07, 1.0069e-03
1.6156e+07, 1.0072e-03
1.6172e+07, 1.0076e-03
1.6188e+07, 1.0079e-03
1.6203e+07, 1.0083e-03
1.6219e+07, 1.0087e-03
1.6234e+07, 1.0090e-03
1.6250e+07, 1.0094e-03
1.6266e+07, 1.0098e-03
1.6281e+07, 1.0101e-03
1.6297e+07, 1.0105e-03
1.6312e+07, 1.0108e-03
1.6328e+07, 1.0112e-03
1.6344e+07, 1.0116e-03
1.6359e+07, 1.0119e-03
1.6375e+07, 1.0123e-03
1.6391e+07, 1.0126e-03
1.6406e+07, 1.0130e-03
1.6422e+07, 1.0134e-03
1.6438e+07, 1.0137e-03
1.6453e+07, 1.0141e-03
1.6469e+07, 1.0144e-03
1.6484e+07, 1.0148e-03
1.6500e+07, 1.0151e-03
1.6516e+07, 1.0155e-03
1.6531e+07, 1.0159e-03
1.6547e+07, 1.0162e-03
1.6562e+07, 1.0166e-03
1.6578e+07, 1.0169e-03
1.6594e+07, 1.0173e-03
1.6609e+07, 1.0176e-03
1.6625e+07, 1.0180e-03
1.6641e+07, 1.0184e-03
1.6656e+07, 1.0187e-03
1.6672e+07, 1.0191e-03
1.6688e+07, 1.0194e-03
1.6703e+07, 1.0198e-03
1.6719e+07, 1.0201e-03
1.6734e+07, 1.0205e-03
1.6750e+07, 1.0208e-03
1.6766e+07, 1.0212e-03
1.6781e+07, 1.0216e-03
1.6797e+07, 1.0219e-03
1.6812e+07, 1.0223e-03
1.6828e+07, 1.0226e-03
1.6844e+07, 1.0230e-03
1.6859e+07, 1.0233e-03
1.6875e+07, 1.0237e-03
1.6891e+07, 1.0240e-03
1.6906e+07, 1.0244e-03
1.6922e+07, 1.0247e-03
1.6938e+07, 1.0251e-03
1.6953e+07, 1.0254e-03
1.6969e+07, 1.0258e-03
1.6984e+07, 1.0261e-03
1.7000e+07, 1.0265e-03
1.7016e+07, 1.0271e-03
1.7031e+07, 1.0276e-03
1.7047e+07, 1.0282e-03
1.7062e+07, 1.0287e-03
1.7078e+07, 1.0293e-03
1.7094e+07, 1.0299e-03
1.7109e+07, 1.0304e-03
1.7125e+07, 1.0310e-03
1.7141e+07, 1.0315e-03
1.7156e+07, 1.0321e-03
1.7172e+07, 1.0327e-03
1.7188e+07, 1.0332e-03
1.7203e+07, 1.0338e-03
1.7219e+07, 1.0344e-03
1.7234e+07, 1.0349e-03
1.7250e+07, 1.0355e-03
1.7266e+07, 1.0360e-03
1.7281e+07, 1.0366e-03
1.7297e+07, 1.0371e-03
1.7312e+07, 1.0377e-03
1.7328e+07, 1.0383e-03
1.7344e+07, 1.0388e-03
1.7359e+07, 1.0394e-03
1.7375e+07, 1.0399e-03
1.7391e+07, 1.0405e-03
1.7406e+07, 1.0411e-03
1.7422e+07, 1.0416e-03
1.7438e+07, 1.0422e-03
1.7453e+07, 1.0427e-03
1.7469e+07, 1.0433e-03
1.7484e+07, 1.0438e-03
1.7500e+07, 1.0444e-03
1.7516e+07, 1.0450e-03
1.7531e+07, 1.0455e-03
1.7547e+07, 1.0461e-03
1.7562e+07, 1.0466e-03
1.7578e+07, 1.0472e-03
1.7594e+07, 1.0477e-03
1.7609e+07, 1.0483e-03
1.7625e+07, 1.0488e-03
1.7641e+07, 1.0494e-03
1.7656e+07, 1.0500e-03
1.7672e+07, 1.0505e-03
1.7688e+07, 1.0511e-03
1.7703e+07, 1.0516e-03
1.7719e+07, 1.0522e-03
1.7734e+07, 1.0527e-03
1.7750e+07, 1.0533e-03
1.7766e+07, 1.0538e-03
1.7781e+07, 1.0544e-03
1.7797e+07, 1.0549e-03
1.7812e+07, 1.0555e-03
1.7828e+07, 1.0560e-03
1.7844e+07, 1.0566e-03
1.7859e+07, 1.0571e-03
1.7875e+07, 1.0577e-03
1.7891e+07, 1.0582e-03
1.7906e+07, 1.0588e-03
1.7922e+07, 1.0593e-03
1.7938e+07, 1.0599e-03
1.7953e+07, 1.0604e-03
1.7969e+07, 1.0610e-03
1.7984e+07, 1.0616e-03
1.8000e+07, 1.0621e-03
1.8016e+07, 1.0628e-03
1.8031e+07, 1.0636e-03
1.8047e+07, 1.0643e-03
1.8062e+07, 1.0650e-03
1.8078e+07, 1.0658e-03
1.8094e+07, 1.0665e-03
1.8109e+07, 1.0672e-03
1.8125e+07, 1.0680e-03
1.8141e+07, 1.0687e-03
1.8156e+07, 1.0694e-03
1.8172e+07, 1.0702e-03
1.8188e+07, 1.0709e-03
1.8203e+07, 1.0716e-03
1.8219e+07, 1.0723e-03
1.8234e+07, 1.0731e-03
1.8250e+07, 1.0738e-03
1.8266e+07, 1.0745e-03
1.8281e+07, 1.0753e-03
1.8297e+07, 1.0760e-03
1.8312e+07, 1.0767e-03
1.8328e+07, 1.0775e-03
1.8344e+07, 1.0782e-03
1.8359e+07, 1.0789e-03
1.8375e+07, 1.0797e-03
1.8391e+07, 1.0804e-03
1.8406e+07, 1.0811e-03
1.8422e+07, 1.0818e-03
1.8438e+07, 1.0826e-03
1.8453e+07, 1.0833e-03
1.8469e+07, 1.0840e-03
1.8484e+07, 1.0848e-03
1.8500e+07, 1.0855e-03
1.8516e+07, 1.0862e-03
1.8531e+07, 1.0869e-03
1.8547e+07, 1.0877e-03
1.8562e+07, 1.0884e-03
1.8578e+07, 1.0891e-03
1.8594e+07, 1.0899e-03
1.8609e+07, 1.0906e-03
1.8625e+07, 1.0913e-03
1.8641e+07, 1.0920e-03
1.8656e+07, 1.0928e-03
1.8672e+07, 1.0935e-03
1.8688e+07, 1.0942e-03
1.8703e+07, 1.0949e-03
1.8719e+07, 1.0957e-03
1.8734e+07, 1.0964e-03
1.8750e+07, 1.0971e-03
1.8766e+07, 1.0979e-03
1.8781e+07, 1.0986e-03
1.8797e+07, 1.0993e-03
1.8812e+07, 1.1000e-03
1.8828e+07, 1.1008e-03
1.8844e+07, 1.1015e-03
1.8859e+07, 1.1022e-03
1.8875e+07, 1.1029e-03
1.8891e+07, 1.1037e-03
1.8906e+07, 1.1044e-03
1.8922e+07, 1.1051e-03
1.8938e+07, 1.1058e-03
1.8953e+07, 1.1066e-03
1.8969e+07, 1.1073e-03
1.8984e+07, 1.1080e-03
1.9000e+07, 1.1087e-03
1.9062e+07, 1.1122e-03
1.9125e+07, 1.1158e-03
1.9188e+07, 1.1193e-03
1.9250e+07, 1.1228e-03
1.9312e+07, 1.1263e-03
1.9375e+07, 1.1298e-03
1.9438e+07, 1.1333e-03
1.9500e+07, 1.1368e-03
1.9562e+07, 1.1403e-03
1.9625e+07, 1.1438e-03
1.9688e+07, 1.1473e-03
1.9750e+07, 1.1508e-03
1.9812e+07, 1.1543e-03
1.9875e+07, 1.1578e-03
1.9938e+07, 1.1613e-03
2.0000e+07, 1.1648e-03
