ebin, xs
1.0000e-05, 2.9220e+04
1.0625e-05, 2.8347e+04
1.1250e-05, 2.7548e+04
1.1875e-05, 2.6814e+04
1.2500e-05, 2.6135e+04
1.3750e-05, 2.4918e+04
1.5000e-05, 2.3857e+04
1.6250e-05, 2.2921e+04
1.7500e-05, 2.2087e+04
1.8750e-05, 2.1338e+04
2.0000e-05, 2.0660e+04
2.1875e-05, 1.9755e+04
2.3750e-05, 1.8959e+04
2.5625e-05, 1.8252e+04
2.7500e-05, 1.7618e+04
2.9375e-05, 1.7047e+04
3.1250e-05, 1.6527e+04
3.3125e-05, 1.6052e+04
3.5000e-05, 1.5616e+04
3.8750e-05, 1.4841e+04
4.2500e-05, 1.4171e+04
4.6250e-05, 1.3584e+04
5.0000e-05, 1.3064e+04
5.3125e-05, 1.2674e+04
5.6250e-05, 1.2317e+04
5.9375e-05, 1.1988e+04
6.2500e-05, 1.1684e+04
6.8750e-05, 1.1140e+04
7.5000e-05, 1.0665e+04
8.1250e-05, 1.0247e+04
8.7500e-05, 9.8735e+03
9.3750e-05, 9.5384e+03
1.0000e-04, 9.2351e+03
1.0625e-04, 8.9591e+03
1.1250e-04, 8.7063e+03
1.1875e-04, 8.4738e+03
1.2500e-04, 8.2589e+03
1.3750e-04, 7.8740e+03
1.5000e-04, 7.5382e+03
1.6250e-04, 7.2419e+03
1.7500e-04, 6.9780e+03
1.8750e-04, 6.7408e+03
2.0000e-04, 6.5263e+03
2.1875e-04, 6.2396e+03
2.3750e-04, 5.9876e+03
2.5625e-04, 5.7637e+03
2.7500e-04, 5.5631e+03
2.9375e-04, 5.3820e+03
3.1250e-04, 5.2175e+03
3.3125e-04, 5.0671e+03
3.5000e-04, 4.9290e+03
3.8750e-04, 4.6833e+03
4.2500e-04, 4.4709e+03
4.6250e-04, 4.2849e+03
5.0000e-04, 4.1201e+03
5.3125e-04, 3.9963e+03
5.6250e-04, 3.8830e+03
5.9375e-04, 3.7787e+03
6.2500e-04, 3.6824e+03
6.8750e-04, 3.5097e+03
7.5000e-04, 3.3590e+03
8.1250e-04, 3.2260e+03
8.7500e-04, 3.1075e+03
9.3750e-04, 3.0010e+03
1.0000e-03, 2.9046e+03
1.0625e-03, 2.8168e+03
1.1250e-03, 2.7364e+03
1.1875e-03, 2.6625e+03
1.2500e-03, 2.5941e+03
1.3750e-03, 2.4715e+03
1.5000e-03, 2.3645e+03
1.6250e-03, 2.2701e+03
1.7500e-03, 2.1859e+03
1.8750e-03, 2.1102e+03
2.0000e-03, 2.0416e+03
2.1875e-03, 1.9500e+03
2.3750e-03, 1.8693e+03
2.5625e-03, 1.7976e+03
2.7500e-03, 1.7333e+03
2.9375e-03, 1.6752e+03
3.1250e-03, 1.6224e+03
3.3125e-03, 1.5741e+03
3.5000e-03, 1.5297e+03
3.6875e-03, 1.4886e+03
3.8750e-03, 1.4506e+03
4.2500e-03, 1.3821e+03
4.6250e-03, 1.3220e+03
5.0000e-03, 1.2687e+03
5.3125e-03, 1.2286e+03
5.6250e-03, 1.1918e+03
5.9375e-03, 1.1580e+03
6.2500e-03, 1.1267e+03
6.8750e-03, 1.0704e+03
7.5000e-03, 1.0212e+03
8.1250e-03, 9.7766e+02
8.7500e-03, 9.3876e+02
9.3750e-03, 9.0374e+02
1.0000e-02, 8.7199e+02
1.0625e-02, 8.4303e+02
1.1250e-02, 8.1649e+02
1.1875e-02, 7.9203e+02
1.2500e-02, 7.6939e+02
1.3750e-02, 7.2870e+02
1.5000e-02, 6.9304e+02
1.6250e-02, 6.6145e+02
1.7500e-02, 6.3322e+02
1.8750e-02, 6.0780e+02
2.0000e-02, 5.8474e+02
2.1325e-02, 5.6251e+02
2.2650e-02, 5.4222e+02
2.3975e-02, 5.2360e+02
2.5300e-02, 5.0644e+02
2.6844e-02, 4.8805e+02
2.8387e-02, 4.7115e+02
2.9931e-02, 4.5557e+02
3.1475e-02, 4.4115e+02
3.3019e-02, 4.2776e+02
3.4563e-02, 4.1529e+02
3.7650e-02, 3.9268e+02
4.0738e-02, 3.7266e+02
4.3825e-02, 3.5482e+02
4.6913e-02, 3.3883e+02
5.0000e-02, 3.2439e+02
5.3125e-02, 3.1114e+02
5.6250e-02, 2.9908e+02
5.9375e-02, 2.8805e+02
6.2500e-02, 2.7793e+02
6.5625e-02, 2.6860e+02
6.8750e-02, 2.6000e+02
7.1875e-02, 2.5204e+02
7.5000e-02, 2.4467e+02
8.1250e-02, 2.3140e+02
8.7500e-02, 2.1979e+02
9.3750e-02, 2.0960e+02
1.0000e-01, 2.0062e+02
1.0625e-01, 1.9267e+02
1.1250e-01, 1.8561e+02
1.1875e-01, 1.7933e+02
1.2500e-01, 1.7373e+02
1.3125e-01, 1.6873e+02
1.3750e-01, 1.6426e+02
1.4375e-01, 1.6028e+02
1.5000e-01, 1.5672e+02
1.5625e-01, 1.5355e+02
1.6250e-01, 1.5074e+02
1.6875e-01, 1.4827e+02
1.7500e-01, 1.4610e+02
1.8750e-01, 1.4257e+02
2.0000e-01, 1.3995e+02
2.0938e-01, 1.3855e+02
2.1875e-01, 1.3760e+02
2.2812e-01, 1.3708e+02
2.3750e-01, 1.3694e+02
2.4688e-01, 1.3719e+02
2.5625e-01, 1.3779e+02
2.6562e-01, 1.3876e+02
2.7500e-01, 1.4008e+02
2.8437e-01, 1.4175e+02
2.9375e-01, 1.4378e+02
3.0312e-01, 1.4618e+02
3.1250e-01, 1.4895e+02
3.2188e-01, 1.5212e+02
3.3125e-01, 1.5569e+02
3.4063e-01, 1.5970e+02
3.5000e-01, 1.6416e+02
3.5938e-01, 1.6911e+02
3.6875e-01, 1.7460e+02
3.7812e-01, 1.8065e+02
3.8750e-01, 1.8733e+02
3.9687e-01, 1.9468e+02
4.0625e-01, 2.0278e+02
4.1563e-01, 2.1170e+02
4.2500e-01, 2.2153e+02
4.3438e-01, 2.3237e+02
4.4258e-01, 2.4277e+02
4.5078e-01, 2.5413e+02
4.5898e-01, 2.6655e+02
4.6719e-01, 2.8017e+02
4.7539e-01, 2.9518e+02
4.8359e-01, 3.1172e+02
5.0000e-01, 3.4963e+02
5.1361e-01, 3.8714e+02
5.2723e-01, 4.3170e+02
5.4084e-01, 4.8474e+02
5.5446e-01, 5.4794e+02
5.6127e-01, 5.8405e+02
5.6807e-01, 6.2370e+02
5.7488e-01, 6.6728e+02
5.8169e-01, 7.1516e+02
5.8850e-01, 7.6766e+02
5.9530e-01, 8.2512e+02
6.0211e-01, 8.8787e+02
6.0892e-01, 9.5615e+02
6.2030e-01, 1.0828e+03
6.3169e-01, 1.2237e+03
6.4307e-01, 1.3749e+03
6.5446e-01, 1.5283e+03
6.6584e-01, 1.6711e+03
6.7723e-01, 1.7866e+03
6.8861e-01, 1.8577e+03
7.0000e-01, 1.8716e+03
7.1048e-01, 1.8308e+03
7.2096e-01, 1.7437e+03
7.2995e-01, 1.6406e+03
7.3895e-01, 1.5207e+03
7.5694e-01, 1.2631e+03
7.7493e-01, 1.0211e+03
7.8393e-01, 9.1440e+02
7.9293e-01, 8.1848e+02
8.0192e-01, 7.3302e+02
8.1092e-01, 6.5737e+02
8.1991e-01, 5.9070e+02
8.2891e-01, 5.3209e+02
8.3791e-01, 4.8059e+02
8.4690e-01, 4.3531e+02
8.5590e-01, 3.9545e+02
8.6489e-01, 3.6027e+02
8.8178e-01, 3.0481e+02
8.9867e-01, 2.6035e+02
9.1556e-01, 2.2437e+02
9.3245e-01, 1.9496e+02
9.4934e-01, 1.7068e+02
9.6622e-01, 1.5046e+02
9.8311e-01, 1.3347e+02
1.0000e+00, 1.1910e+02
1.0156e+00, 1.0770e+02
1.0312e+00, 9.7787e+01
1.0469e+00, 8.9130e+01
1.0625e+00, 8.1535e+01
1.0781e+00, 7.4853e+01
1.0938e+00, 6.8972e+01
1.1250e+00, 5.9036e+01
1.1562e+00, 5.0991e+01
1.1875e+00, 4.4446e+01
1.2188e+00, 3.9058e+01
1.2500e+00, 3.4575e+01
1.2812e+00, 3.0809e+01
1.3125e+00, 2.7618e+01
1.3438e+00, 2.4892e+01
1.3750e+00, 2.2547e+01
1.4062e+00, 2.0517e+01
1.4375e+00, 1.8749e+01
1.4688e+00, 1.7202e+01
1.5000e+00, 1.5853e+01
1.5625e+00, 1.3589e+01
1.6250e+00, 1.1777e+01
1.6875e+00, 1.0318e+01
1.7500e+00, 9.1281e+00
1.8125e+00, 8.1482e+00
1.8750e+00, 7.3337e+00
1.9375e+00, 6.6515e+00
2.0000e+00, 6.0764e+00
2.1005e+00, 5.3318e+00
2.2009e+00, 4.7670e+00
2.3014e+00, 4.3231e+00
2.4018e+00, 3.9827e+00
2.5023e+00, 3.7285e+00
2.6027e+00, 3.5499e+00
2.7032e+00, 3.4420e+00
2.8036e+00, 3.4056e+00
2.8897e+00, 3.4376e+00
2.9759e+00, 3.5268e+00
3.0368e+00, 3.6434e+00
3.0978e+00, 3.8109e+00
3.1588e+00, 4.0435e+00
3.2198e+00, 4.3624e+00
3.2808e+00, 4.7999e+00
3.3418e+00, 5.3984e+00
3.3723e+00, 5.7888e+00
3.4028e+00, 6.2603e+00
3.4333e+00, 6.8334e+00
3.4638e+00, 7.5384e+00
3.4907e+00, 8.3035e+00
3.5176e+00, 9.2454e+00
3.5445e+00, 1.0420e+01
3.5714e+00, 1.1907e+01
3.5849e+00, 1.2805e+01
3.5983e+00, 1.3835e+01
3.6118e+00, 1.5026e+01
3.6252e+00, 1.6413e+01
3.6387e+00, 1.8039e+01
3.6521e+00, 1.9963e+01
3.6656e+00, 2.2261e+01
3.6790e+00, 2.5035e+01
3.6916e+00, 2.8177e+01
3.7042e+00, 3.2014e+01
3.7167e+00, 3.6768e+01
3.7293e+00, 4.2755e+01
3.7355e+00, 4.6345e+01
3.7418e+00, 5.0427e+01
3.7481e+00, 5.5089e+01
3.7544e+00, 6.0436e+01
3.7607e+00, 6.6594e+01
3.7669e+00, 7.3705e+01
3.7732e+00, 8.1940e+01
3.7795e+00, 9.1484e+01
3.7867e+00, 1.0426e+02
3.7938e+00, 1.1930e+02
3.8010e+00, 1.3689e+02
3.8082e+00, 1.5721e+02
3.8165e+00, 1.8412e+02
3.8248e+00, 2.1431e+02
3.8331e+00, 2.4680e+02
3.8414e+00, 2.7994e+02
3.8497e+00, 3.1149e+02
3.8580e+00, 3.3880e+02
3.8663e+00, 3.5921e+02
3.8746e+00, 3.7054e+02
3.8800e+00, 3.7238e+02
3.8854e+00, 3.6975e+02
3.8908e+00, 3.6277e+02
3.9015e+00, 3.3733e+02
3.9114e+00, 3.0389e+02
3.9213e+00, 2.6539e+02
3.9312e+00, 2.2609e+02
3.9411e+00, 1.8926e+02
3.9510e+00, 1.5682e+02
3.9609e+00, 1.2952e+02
3.9659e+00, 1.1779e+02
3.9708e+00, 1.0726e+02
3.9758e+00, 9.7844e+01
3.9807e+00, 8.9448e+01
3.9874e+00, 7.9538e+01
3.9941e+00, 7.1073e+01
4.0008e+00, 6.3833e+01
4.0075e+00, 5.7623e+01
4.0142e+00, 5.2278e+01
4.0209e+00, 4.7657e+01
4.0276e+00, 4.3645e+01
4.0343e+00, 4.0144e+01
4.0477e+00, 3.4370e+01
4.0610e+00, 2.9851e+01
4.0744e+00, 2.6254e+01
4.0878e+00, 2.3345e+01
4.1002e+00, 2.1131e+01
4.1125e+00, 1.9273e+01
4.1249e+00, 1.7701e+01
4.1372e+00, 1.6362e+01
4.1496e+00, 1.5216e+01
4.1619e+00, 1.4229e+01
4.1866e+00, 1.2636e+01
4.2113e+00, 1.1434e+01
4.2360e+00, 1.0518e+01
4.2607e+00, 9.8164e+00
4.2854e+00, 9.2830e+00
4.3102e+00, 8.8875e+00
4.3349e+00, 8.6077e+00
4.3596e+00, 8.4274e+00
4.3843e+00, 8.3351e+00
4.4275e+00, 8.3650e+00
4.4707e+00, 8.6266e+00
4.5140e+00, 9.1283e+00
4.5572e+00, 9.9033e+00
4.6004e+00, 1.1015e+01
4.6221e+00, 1.1729e+01
4.6437e+00, 1.2570e+01
4.6653e+00, 1.3563e+01
4.6869e+00, 1.4735e+01
4.7085e+00, 1.6124e+01
4.7301e+00, 1.7783e+01
4.7528e+00, 1.9890e+01
4.7754e+00, 2.2477e+01
4.7981e+00, 2.5683e+01
4.8207e+00, 2.9701e+01
4.8434e+00, 3.4800e+01
4.8547e+00, 3.7868e+01
4.8660e+00, 4.1357e+01
4.8773e+00, 4.5337e+01
4.8887e+00, 4.9888e+01
4.9000e+00, 5.5103e+01
4.9113e+00, 6.1081e+01
4.9278e+00, 7.1364e+01
4.9458e+00, 8.5129e+01
4.9639e+00, 1.0176e+02
4.9819e+00, 1.2113e+02
4.9910e+00, 1.3161e+02
5.0000e+00, 1.4236e+02
5.0175e+00, 1.6291e+02
5.0350e+00, 1.8074e+02
5.0525e+00, 1.9285e+02
5.0613e+00, 1.9597e+02
5.0700e+00, 1.9686e+02
5.0845e+00, 1.9337e+02
5.0990e+00, 1.8420e+02
5.1135e+00, 1.7062e+02
5.1280e+00, 1.5429e+02
5.1436e+00, 1.3562e+02
5.1591e+00, 1.1738e+02
5.1747e+00, 1.0068e+02
5.1902e+00, 8.6055e+01
5.2058e+00, 7.3603e+01
5.2214e+00, 6.3183e+01
5.2369e+00, 5.4531e+01
5.2525e+00, 4.7361e+01
5.2648e+00, 4.2553e+01
5.2772e+00, 3.8394e+01
5.2895e+00, 3.4784e+01
5.3018e+00, 3.1640e+01
5.3142e+00, 2.8892e+01
5.3265e+00, 2.6480e+01
5.3388e+00, 2.4354e+01
5.3512e+00, 2.2473e+01
5.3758e+00, 1.9312e+01
5.4005e+00, 1.6782e+01
5.4251e+00, 1.4730e+01
5.4498e+00, 1.3045e+01
5.4722e+00, 1.1765e+01
5.4947e+00, 1.0676e+01
5.5171e+00, 9.7397e+00
5.5395e+00, 8.9279e+00
5.5619e+00, 8.2200e+00
5.5844e+00, 7.5998e+00
5.6292e+00, 6.5719e+00
5.6740e+00, 5.7617e+00
5.7189e+00, 5.1127e+00
5.7637e+00, 4.5854e+00
5.8086e+00, 4.1520e+00
5.8534e+00, 3.7933e+00
5.8983e+00, 3.4952e+00
5.9431e+00, 3.2418e+00
5.9880e+00, 3.0251e+00
6.0777e+00, 2.6819e+00
6.1673e+00, 2.4304e+00
6.2570e+00, 2.2467e+00
6.3467e+00, 2.1160e+00
6.4364e+00, 2.0292e+00
6.5261e+00, 1.9816e+00
6.5979e+00, 1.9711e+00
6.6696e+00, 1.9866e+00
6.7414e+00, 2.0318e+00
6.7997e+00, 2.0950e+00
6.8580e+00, 2.1885e+00
6.9163e+00, 2.3210e+00
6.9746e+00, 2.5052e+00
7.0329e+00, 2.7709e+00
7.0620e+00, 2.9475e+00
7.0912e+00, 3.1634e+00
7.1203e+00, 3.4301e+00
7.1495e+00, 3.7639e+00
7.1786e+00, 4.1898e+00
7.2078e+00, 4.7473e+00
7.2279e+00, 5.2414e+00
7.2481e+00, 5.8574e+00
7.2683e+00, 6.6386e+00
7.2885e+00, 7.6497e+00
7.2986e+00, 8.2709e+00
7.3087e+00, 8.9911e+00
7.3188e+00, 9.8323e+00
7.3288e+00, 1.0823e+01
7.3389e+00, 1.1998e+01
7.3490e+00, 1.3403e+01
7.3591e+00, 1.5094e+01
7.3692e+00, 1.7138e+01
7.3793e+00, 1.9615e+01
7.3894e+00, 2.2610e+01
7.3995e+00, 2.6210e+01
7.4096e+00, 3.0489e+01
7.4197e+00, 3.5487e+01
7.4298e+00, 4.1188e+01
7.4499e+00, 5.4198e+01
7.4649e+00, 6.4220e+01
7.4800e+00, 7.3023e+01
7.4875e+00, 7.6481e+01
7.4950e+00, 7.9071e+01
7.5025e+00, 8.0659e+01
7.5100e+00, 8.1159e+01
7.5212e+00, 7.9845e+01
7.5324e+00, 7.6236e+01
7.5435e+00, 7.0753e+01
7.5547e+00, 6.3985e+01
7.5760e+00, 4.9845e+01
7.5866e+00, 4.3079e+01
7.5972e+00, 3.6924e+01
7.6078e+00, 3.1525e+01
7.6185e+00, 2.6921e+01
7.6291e+00, 2.3075e+01
7.6397e+00, 1.9905e+01
7.6486e+00, 1.7712e+01
7.6574e+00, 1.5861e+01
7.6662e+00, 1.4299e+01
7.6751e+00, 1.2976e+01
7.6839e+00, 1.1852e+01
7.6928e+00, 1.0893e+01
7.7016e+00, 1.0070e+01
7.7105e+00, 9.3606e+00
7.7281e+00, 8.2086e+00
7.7458e+00, 7.3262e+00
7.7635e+00, 6.6395e+00
7.7812e+00, 6.0985e+00
7.7969e+00, 5.7115e+00
7.8127e+00, 5.3940e+00
7.8441e+00, 4.9170e+00
7.8755e+00, 4.5936e+00
7.9070e+00, 4.3810e+00
7.9384e+00, 4.2533e+00
7.9699e+00, 4.1940e+00
8.0131e+00, 4.2065e+00
8.0563e+00, 4.3171e+00
8.0996e+00, 4.5250e+00
8.1428e+00, 4.8406e+00
8.1860e+00, 5.2864e+00
8.2293e+00, 5.9024e+00
8.2509e+00, 6.2935e+00
8.2725e+00, 6.7549e+00
8.2941e+00, 7.3016e+00
8.3157e+00, 7.9538e+00
8.3393e+00, 8.8182e+00
8.3629e+00, 9.8914e+00
8.3865e+00, 1.1245e+01
8.4101e+00, 1.2982e+01
8.4219e+00, 1.4038e+01
8.4337e+00, 1.5249e+01
8.4455e+00, 1.6645e+01
8.4572e+00, 1.8258e+01
8.4690e+00, 2.0130e+01
8.4808e+00, 2.2304e+01
8.4926e+00, 2.4830e+01
8.5044e+00, 2.7757e+01
8.5201e+00, 3.2363e+01
8.5359e+00, 3.7831e+01
8.5501e+00, 4.3523e+01
8.5644e+00, 4.9789e+01
8.5929e+00, 6.2895e+01
8.6072e+00, 6.8826e+01
8.6215e+00, 7.3606e+01
8.6357e+00, 7.6716e+01
8.6500e+00, 7.7793e+01
8.6655e+00, 7.6519e+01
8.6810e+00, 7.2904e+01
8.6965e+00, 6.7463e+01
8.7120e+00, 6.0891e+01
8.7417e+00, 4.7646e+01
8.7565e+00, 4.1599e+01
8.7714e+00, 3.6262e+01
8.7862e+00, 3.1706e+01
8.8010e+00, 2.7907e+01
8.8159e+00, 2.4788e+01
8.8307e+00, 2.2253e+01
8.8511e+00, 1.9543e+01
8.8716e+00, 1.7536e+01
8.8920e+00, 1.6062e+01
8.9124e+00, 1.4997e+01
8.9328e+00, 1.4254e+01
8.9532e+00, 1.3771e+01
8.9737e+00, 1.3507e+01
8.9941e+00, 1.3434e+01
9.0240e+00, 1.3639e+01
9.0540e+00, 1.4199e+01
9.0839e+00, 1.5129e+01
9.1139e+00, 1.6476e+01
9.1438e+00, 1.8329e+01
9.1738e+00, 2.0832e+01
9.1887e+00, 2.2392e+01
9.2037e+00, 2.4206e+01
9.2187e+00, 2.6322e+01
9.2337e+00, 2.8800e+01
9.2555e+00, 3.3214e+01
9.2663e+00, 3.5867e+01
9.2772e+00, 3.8884e+01
9.2881e+00, 4.2328e+01
9.2990e+00, 4.6273e+01
9.3099e+00, 5.0807e+01
9.3208e+00, 5.6031e+01
9.3357e+00, 6.4490e+01
9.3505e+00, 7.4783e+01
9.3654e+00, 8.7260e+01
9.3803e+00, 1.0223e+02
9.3951e+00, 1.1987e+02
9.4100e+00, 1.4010e+02
9.4249e+00, 1.6243e+02
9.4397e+00, 1.8583e+02
9.4573e+00, 2.1269e+02
9.4749e+00, 2.3550e+02
9.4924e+00, 2.5080e+02
9.5012e+00, 2.5476e+02
9.5100e+00, 2.5597e+02
9.5251e+00, 2.5158e+02
9.5401e+00, 2.3961e+02
9.5560e+00, 2.2050e+02
9.5719e+00, 1.9715e+02
9.5877e+00, 1.7215e+02
9.6036e+00, 1.4766e+02
9.6195e+00, 1.2519e+02
9.6354e+00, 1.0554e+02
9.6512e+00, 8.8925e+01
9.6671e+00, 7.5197e+01
9.6767e+00, 6.8145e+01
9.6863e+00, 6.1925e+01
9.6959e+00, 5.6443e+01
9.7055e+00, 5.1611e+01
9.7151e+00, 4.7347e+01
9.7247e+00, 4.3577e+01
9.7439e+00, 3.7270e+01
9.7631e+00, 3.2266e+01
9.7823e+00, 2.8251e+01
9.8016e+00, 2.4993e+01
9.8208e+00, 2.2322e+01
9.8432e+00, 1.9783e+01
9.8656e+00, 1.7728e+01
9.8880e+00, 1.6055e+01
9.9104e+00, 1.4689e+01
9.9328e+00, 1.3577e+01
9.9552e+00, 1.2679e+01
9.9776e+00, 1.1966e+01
1.0000e+01, 1.1420e+01
1.0032e+01, 1.0910e+01
1.0063e+01, 1.0702e+01
1.0089e+01, 1.0768e+01
1.0114e+01, 1.1070e+01
1.0139e+01, 1.1658e+01
1.0165e+01, 1.2598e+01
1.0190e+01, 1.3972e+01
1.0216e+01, 1.5854e+01
1.0241e+01, 1.8266e+01
1.0266e+01, 2.1101e+01
1.0290e+01, 2.3826e+01
1.0313e+01, 2.6247e+01
1.0337e+01, 2.7888e+01
1.0348e+01, 2.8286e+01
1.0360e+01, 2.8358e+01
1.0380e+01, 2.7707e+01
1.0400e+01, 2.6172e+01
1.0420e+01, 2.3984e+01
1.0440e+01, 2.1438e+01
1.0468e+01, 1.7869e+01
1.0495e+01, 1.4661e+01
1.0509e+01, 1.3268e+01
1.0523e+01, 1.2026e+01
1.0537e+01, 1.0929e+01
1.0550e+01, 9.9662e+00
1.0564e+01, 9.1241e+00
1.0578e+01, 8.3892e+00
1.0592e+01, 7.7469e+00
1.0605e+01, 7.1845e+00
1.0633e+01, 6.2553e+00
1.0660e+01, 5.5284e+00
1.0686e+01, 4.9887e+00
1.0711e+01, 4.5470e+00
1.0737e+01, 4.1806e+00
1.0763e+01, 3.8725e+00
1.0788e+01, 3.6103e+00
1.0814e+01, 3.3852e+00
1.0865e+01, 3.0209e+00
1.0916e+01, 2.7419e+00
1.0967e+01, 2.5240e+00
1.1018e+01, 2.3520e+00
1.1069e+01, 2.2160e+00
1.1155e+01, 2.0467e+00
1.1241e+01, 1.9363e+00
1.1327e+01, 1.8798e+00
1.1413e+01, 1.8806e+00
1.1456e+01, 1.9095e+00
1.1489e+01, 1.9514e+00
1.1523e+01, 2.0160e+00
1.1556e+01, 2.1120e+00
1.1590e+01, 2.2551e+00
1.1607e+01, 2.3528e+00
1.1624e+01, 2.4751e+00
1.1640e+01, 2.6307e+00
1.1657e+01, 2.8324e+00
1.1674e+01, 3.1001e+00
1.1691e+01, 3.4646e+00
1.1699e+01, 3.6974e+00
1.1708e+01, 3.9736e+00
1.1716e+01, 4.3035e+00
1.1724e+01, 4.6975e+00
1.1735e+01, 5.3170e+00
1.1746e+01, 6.0923e+00
1.1757e+01, 7.0553e+00
1.1767e+01, 8.2317e+00
1.1778e+01, 9.6418e+00
1.1789e+01, 1.1285e+01
1.1800e+01, 1.3143e+01
1.1810e+01, 1.5160e+01
1.1837e+01, 2.0284e+01
1.1848e+01, 2.2024e+01
1.1859e+01, 2.3382e+01
1.1869e+01, 2.4242e+01
1.1880e+01, 2.4526e+01
1.1889e+01, 2.4282e+01
1.1899e+01, 2.3596e+01
1.1908e+01, 2.2514e+01
1.1918e+01, 2.1113e+01
1.1934e+01, 1.8206e+01
1.1950e+01, 1.5084e+01
1.1966e+01, 1.2139e+01
1.1974e+01, 1.0817e+01
1.1982e+01, 9.6210e+00
1.1991e+01, 8.4205e+00
1.2000e+01, 7.3903e+00
1.2010e+01, 6.5180e+00
1.2019e+01, 5.7902e+00
1.2028e+01, 5.1870e+00
1.2037e+01, 4.6911e+00
1.2046e+01, 4.2834e+00
1.2055e+01, 3.9490e+00
1.2065e+01, 3.6733e+00
1.2074e+01, 3.4454e+00
1.2092e+01, 3.0968e+00
1.2110e+01, 2.8490e+00
1.2129e+01, 2.6683e+00
1.2152e+01, 2.5024e+00
1.2187e+01, 2.3419e+00
1.2223e+01, 2.2476e+00
1.2258e+01, 2.1954e+00
1.2293e+01, 2.1722e+00
1.2369e+01, 2.1926e+00
1.2445e+01, 2.2841e+00
1.2522e+01, 2.4321e+00
1.2598e+01, 2.6388e+00
1.2674e+01, 2.9203e+00
1.2750e+01, 3.2980e+00
1.2789e+01, 3.5329e+00
1.2827e+01, 3.8062e+00
1.2865e+01, 4.1260e+00
1.2903e+01, 4.5029e+00
1.2944e+01, 4.9883e+00
1.2985e+01, 5.5780e+00
1.3026e+01, 6.3031e+00
1.3067e+01, 7.2103e+00
1.3108e+01, 8.3706e+00
1.3129e+01, 9.0765e+00
1.3149e+01, 9.8880e+00
1.3170e+01, 1.0828e+01
1.3190e+01, 1.1925e+01
1.3211e+01, 1.3214e+01
1.3231e+01, 1.4742e+01
1.3249e+01, 1.6288e+01
1.3267e+01, 1.8100e+01
1.3284e+01, 2.0240e+01
1.3302e+01, 2.2776e+01
1.3319e+01, 2.5794e+01
1.3337e+01, 2.9385e+01
1.3354e+01, 3.3641e+01
1.3372e+01, 3.8630e+01
1.3389e+01, 4.4150e+01
1.3406e+01, 5.0335e+01
1.3423e+01, 5.7056e+01
1.3440e+01, 6.4080e+01
1.3457e+01, 7.1076e+01
1.3474e+01, 7.7632e+01
1.3490e+01, 8.3341e+01
1.3507e+01, 8.7865e+01
1.3529e+01, 9.1614e+01
1.3538e+01, 9.2505e+01
1.3555e+01, 9.3270e+01
1.3572e+01, 9.3050e+01
1.3606e+01, 9.1129e+01
1.3621e+01, 9.0145e+01
1.3654e+01, 8.8044e+01
1.3688e+01, 8.5149e+01
1.3699e+01, 8.3701e+01
1.3717e+01, 8.0704e+01
1.3734e+01, 7.6784e+01
1.3752e+01, 7.1992e+01
1.3770e+01, 6.6517e+01
1.3793e+01, 5.8787e+01
1.3816e+01, 5.0984e+01
1.3839e+01, 4.3644e+01
1.3862e+01, 3.7107e+01
1.3885e+01, 3.1510e+01
1.3908e+01, 2.6843e+01
1.3931e+01, 2.3009e+01
1.3954e+01, 1.9879e+01
1.3971e+01, 1.7886e+01
1.3989e+01, 1.6175e+01
1.4006e+01, 1.4701e+01
1.4024e+01, 1.3424e+01
1.4042e+01, 1.2313e+01
1.4059e+01, 1.1342e+01
1.4094e+01, 9.7354e+00
1.4129e+01, 8.4725e+00
1.4164e+01, 7.4651e+00
1.4200e+01, 6.6504e+00
1.4235e+01, 5.9838e+00
1.4272e+01, 5.4051e+00
1.4309e+01, 4.9278e+00
1.4346e+01, 4.5302e+00
1.4383e+01, 4.1957e+00
1.4420e+01, 3.9117e+00
1.4457e+01, 3.6701e+00
1.4531e+01, 3.2887e+00
1.4605e+01, 3.0122e+00
1.4679e+01, 2.8146e+00
1.4753e+01, 2.6793e+00
1.4828e+01, 2.5958e+00
1.4890e+01, 2.5609e+00
1.4952e+01, 2.5565e+00
1.5026e+01, 2.5906e+00
1.5101e+01, 2.6696e+00
1.5175e+01, 2.7992e+00
1.5249e+01, 2.9895e+00
1.5323e+01, 3.2570e+00
1.5360e+01, 3.4271e+00
1.5397e+01, 3.6265e+00
1.5434e+01, 3.8606e+00
1.5471e+01, 4.1368e+00
1.5508e+01, 4.4651e+00
1.5545e+01, 4.8577e+00
1.5580e+01, 5.3025e+00
1.5615e+01, 5.8343e+00
1.5650e+01, 6.4733e+00
1.5686e+01, 7.2443e+00
1.5721e+01, 8.1765e+00
1.5756e+01, 9.2999e+00
1.5791e+01, 1.0642e+01
1.5826e+01, 1.2212e+01
1.5877e+01, 1.4840e+01
1.5928e+01, 1.7578e+01
1.5954e+01, 1.8805e+01
1.5979e+01, 1.9816e+01
1.6005e+01, 2.0526e+01
1.6030e+01, 2.0879e+01
1.6055e+01, 2.0855e+01
1.6081e+01, 2.0482e+01
1.6107e+01, 1.9824e+01
1.6132e+01, 1.8971e+01
1.6178e+01, 1.7244e+01
1.6225e+01, 1.5702e+01
1.6248e+01, 1.5106e+01
1.6271e+01, 1.4661e+01
1.6294e+01, 1.4378e+01
1.6317e+01, 1.4271e+01
1.6345e+01, 1.4385e+01
1.6372e+01, 1.4786e+01
1.6400e+01, 1.5508e+01
1.6428e+01, 1.6602e+01
1.6456e+01, 1.8143e+01
1.6483e+01, 2.0242e+01
1.6511e+01, 2.3059e+01
1.6525e+01, 2.4804e+01
1.6539e+01, 2.6815e+01
1.6552e+01, 2.9132e+01
1.6566e+01, 3.1795e+01
1.6580e+01, 3.4846e+01
1.6594e+01, 3.8328e+01
1.6613e+01, 4.3944e+01
1.6632e+01, 5.0509e+01
1.6652e+01, 5.7999e+01
1.6671e+01, 6.6262e+01
1.6690e+01, 7.4978e+01
1.6709e+01, 8.3652e+01
1.6728e+01, 9.1635e+01
1.6748e+01, 9.8201e+01
1.6769e+01, 1.0298e+02
1.6790e+01, 1.0455e+02
1.6808e+01, 1.0323e+02
1.6825e+01, 9.9622e+01
1.6843e+01, 9.4089e+01
1.6861e+01, 8.7128e+01
1.6884e+01, 7.6751e+01
1.6907e+01, 6.6070e+01
1.6930e+01, 5.5990e+01
1.6953e+01, 4.7055e+01
1.6976e+01, 3.9476e+01
1.7000e+01, 3.3230e+01
1.7023e+01, 2.8169e+01
1.7046e+01, 2.4098e+01
1.7063e+01, 2.1662e+01
1.7080e+01, 1.9579e+01
1.7096e+01, 1.7794e+01
1.7113e+01, 1.6259e+01
1.7130e+01, 1.4936e+01
1.7147e+01, 1.3792e+01
1.7163e+01, 1.2802e+01
1.7180e+01, 1.1944e+01
1.7214e+01, 1.0565e+01
1.7247e+01, 9.5738e+00
1.7264e+01, 9.2184e+00
1.7281e+01, 8.9657e+00
1.7297e+01, 8.8332e+00
1.7314e+01, 8.8506e+00
1.7332e+01, 9.0846e+00
1.7350e+01, 9.6126e+00
1.7359e+01, 1.0013e+01
1.7368e+01, 1.0519e+01
1.7377e+01, 1.1139e+01
1.7386e+01, 1.1882e+01
1.7404e+01, 1.3738e+01
1.7471e+01, 2.2914e+01
1.7475e+01, 2.3403e+01
1.7492e+01, 2.4802e+01
1.7501e+01, 2.5133e+01
1.7510e+01, 2.5190e+01
1.7525e+01, 2.4619e+01
1.7541e+01, 2.3258e+01
1.7555e+01, 2.1408e+01
1.7569e+01, 1.9201e+01
1.7598e+01, 1.4514e+01
1.7618e+01, 1.1605e+01
1.7628e+01, 1.0349e+01
1.7638e+01, 9.2405e+00
1.7648e+01, 8.2789e+00
1.7658e+01, 7.4568e+00
1.7668e+01, 6.7618e+00
1.7678e+01, 6.1791e+00
1.7688e+01, 5.6930e+00
1.7698e+01, 5.2883e+00
1.7708e+01, 4.9511e+00
1.7718e+01, 4.6690e+00
1.7738e+01, 4.2301e+00
1.7757e+01, 3.9086e+00
1.7781e+01, 3.6214e+00
1.7805e+01, 3.4034e+00
1.7853e+01, 3.0911e+00
1.7901e+01, 2.8774e+00
1.7949e+01, 2.7252e+00
1.7997e+01, 2.6156e+00
1.8044e+01, 2.5377e+00
1.8140e+01, 2.4581e+00
1.8193e+01, 2.4545e+00
1.8246e+01, 2.4804e+00
1.8299e+01, 2.5389e+00
1.8352e+01, 2.6380e+00
1.8395e+01, 2.7554e+00
1.8437e+01, 2.9173e+00
1.8480e+01, 3.1388e+00
1.8522e+01, 3.4440e+00
1.8544e+01, 3.6400e+00
1.8565e+01, 3.8745e+00
1.8586e+01, 4.1581e+00
1.8607e+01, 4.5053e+00
1.8629e+01, 4.9371e+00
1.8650e+01, 5.4837e+00
1.8671e+01, 6.1918e+00
1.8682e+01, 6.6274e+00
1.8692e+01, 7.1331e+00
1.8710e+01, 8.1472e+00
1.8718e+01, 8.7666e+00
1.8727e+01, 9.4798e+00
1.8736e+01, 1.0305e+01
1.8744e+01, 1.1259e+01
1.8753e+01, 1.2367e+01
1.8761e+01, 1.3653e+01
1.8770e+01, 1.5147e+01
1.8779e+01, 1.6873e+01
1.8787e+01, 1.8864e+01
1.8796e+01, 2.1147e+01
1.8805e+01, 2.3747e+01
1.8813e+01, 2.6685e+01
1.8822e+01, 2.9972e+01
1.8830e+01, 3.3607e+01
1.8845e+01, 4.0508e+01
1.8860e+01, 4.8168e+01
1.8874e+01, 5.6254e+01
1.8889e+01, 6.4254e+01
1.8904e+01, 7.1880e+01
1.8919e+01, 7.8000e+01
1.8935e+01, 8.1957e+01
1.8950e+01, 8.3296e+01
1.8958e+01, 8.2838e+01
1.8967e+01, 8.1538e+01
1.8984e+01, 7.6632e+01
1.9004e+01, 6.7508e+01
1.9025e+01, 5.6492e+01
1.9045e+01, 4.5281e+01
1.9066e+01, 3.5165e+01
1.9081e+01, 2.8977e+01
1.9095e+01, 2.3795e+01
1.9103e+01, 2.1573e+01
1.9110e+01, 1.9583e+01
1.9117e+01, 1.7810e+01
1.9125e+01, 1.6237e+01
1.9132e+01, 1.4846e+01
1.9139e+01, 1.3619e+01
1.9147e+01, 1.2539e+01
1.9154e+01, 1.1588e+01
1.9169e+01, 1.0014e+01
1.9184e+01, 8.7895e+00
1.9199e+01, 7.7714e+00
1.9215e+01, 6.9745e+00
1.9231e+01, 6.3413e+00
1.9246e+01, 5.8308e+00
1.9262e+01, 5.4135e+00
1.9278e+01, 5.0682e+00
1.9309e+01, 4.5360e+00
1.9341e+01, 4.1526e+00
1.9372e+01, 3.8709e+00
1.9403e+01, 3.6620e+00
1.9435e+01, 3.5067e+00
1.9482e+01, 3.3471e+00
1.9529e+01, 3.2513e+00
1.9576e+01, 3.2027e+00
1.9623e+01, 3.1913e+00
1.9717e+01, 3.2568e+00
1.9812e+01, 3.4199e+00
1.9906e+01, 3.6733e+00
2.0000e+01, 4.0233e+00
2.0081e+01, 4.4111e+00
2.0161e+01, 4.8979e+00
2.0242e+01, 5.5102e+00
2.0322e+01, 6.2858e+00
2.0403e+01, 7.2774e+00
2.0443e+01, 7.8774e+00
2.0483e+01, 8.5657e+00
2.0524e+01, 9.3624e+00
2.0564e+01, 1.0291e+01
2.0604e+01, 1.1381e+01
2.0644e+01, 1.2670e+01
2.0673e+01, 1.3727e+01
2.0701e+01, 1.4931e+01
2.0730e+01, 1.6311e+01
2.0758e+01, 1.7904e+01
2.0794e+01, 2.0262e+01
2.0829e+01, 2.3140e+01
2.0865e+01, 2.6702e+01
2.0900e+01, 3.1183e+01
2.0918e+01, 3.3873e+01
2.0936e+01, 3.6936e+01
2.0954e+01, 4.0443e+01
2.0971e+01, 4.4481e+01
2.0989e+01, 4.9158e+01
2.1007e+01, 5.4607e+01
2.1025e+01, 6.0990e+01
2.1042e+01, 6.8501e+01
2.1058e+01, 7.6112e+01
2.1073e+01, 8.4927e+01
2.1089e+01, 9.5141e+01
2.1104e+01, 1.0696e+02
2.1119e+01, 1.2057e+02
2.1135e+01, 1.3615e+02
2.1150e+01, 1.5379e+02
2.1166e+01, 1.7349e+02
2.1182e+01, 1.9591e+02
2.1198e+01, 2.1999e+02
2.1229e+01, 2.7032e+02
2.1261e+01, 3.1657e+02
2.1277e+01, 3.3501e+02
2.1293e+01, 3.4870e+02
2.1307e+01, 3.5587e+02
2.1320e+01, 3.5874e+02
2.1333e+01, 3.5721e+02
2.1356e+01, 3.4509e+02
2.1379e+01, 3.2301e+02
2.1402e+01, 2.9444e+02
2.1424e+01, 2.6336e+02
2.1447e+01, 2.3340e+02
2.1470e+01, 2.0734e+02
2.1492e+01, 1.8686e+02
2.1515e+01, 1.7256e+02
2.1533e+01, 1.6550e+02
2.1550e+01, 1.6141e+02
2.1580e+01, 1.5905e+02
2.1609e+01, 1.5835e+02
2.1640e+01, 1.5467e+02
2.1650e+01, 1.5216e+02
2.1671e+01, 1.4488e+02
2.1687e+01, 1.3676e+02
2.1704e+01, 1.2706e+02
2.1737e+01, 1.0495e+02
2.1771e+01, 8.2892e+01
2.1788e+01, 7.2959e+01
2.1804e+01, 6.4067e+01
2.1818e+01, 5.7673e+01
2.1832e+01, 5.2005e+01
2.1845e+01, 4.7023e+01
2.1859e+01, 4.2671e+01
2.1872e+01, 3.8880e+01
2.1886e+01, 3.5581e+01
2.1899e+01, 3.2705e+01
2.1913e+01, 3.0194e+01
2.1940e+01, 2.6046e+01
2.1967e+01, 2.2792e+01
2.1995e+01, 2.0189e+01
2.2022e+01, 1.8068e+01
2.2052e+01, 1.6133e+01
2.2082e+01, 1.4534e+01
2.2112e+01, 1.3193e+01
2.2142e+01, 1.2054e+01
2.2173e+01, 1.1076e+01
2.2203e+01, 1.0229e+01
2.2263e+01, 8.8436e+00
2.2323e+01, 7.7694e+00
2.2384e+01, 6.9240e+00
2.2444e+01, 6.2532e+00
2.2505e+01, 5.7205e+00
2.2565e+01, 5.3016e+00
2.2625e+01, 4.9815e+00
2.2686e+01, 4.7519e+00
2.2746e+01, 4.6119e+00
2.2794e+01, 4.5687e+00
2.2839e+01, 4.5913e+00
2.2885e+01, 4.6864e+00
2.2930e+01, 4.8722e+00
2.2975e+01, 5.1773e+00
2.2998e+01, 5.3883e+00
2.3021e+01, 5.6482e+00
2.3043e+01, 5.9672e+00
2.3066e+01, 6.3580e+00
2.3088e+01, 6.8359e+00
2.3111e+01, 7.4197e+00
2.3134e+01, 8.1317e+00
2.3156e+01, 8.9965e+00
2.3186e+01, 1.0431e+01
2.3217e+01, 1.2232e+01
2.3247e+01, 1.4407e+01
2.3277e+01, 1.6887e+01
2.3310e+01, 1.9748e+01
2.3343e+01, 2.2338e+01
2.3360e+01, 2.3374e+01
2.3377e+01, 2.4153e+01
2.3393e+01, 2.4628e+01
2.3410e+01, 2.4767e+01
2.3435e+01, 2.4328e+01
2.3460e+01, 2.3172e+01
2.3485e+01, 2.1451e+01
2.3510e+01, 1.9375e+01
2.3557e+01, 1.5187e+01
2.3581e+01, 1.3250e+01
2.3605e+01, 1.1524e+01
2.3628e+01, 1.0029e+01
2.3652e+01, 8.7649e+00
2.3676e+01, 7.7078e+00
2.3699e+01, 6.8295e+00
2.3724e+01, 6.0649e+00
2.3749e+01, 5.4345e+00
2.3774e+01, 4.9116e+00
2.3799e+01, 4.4747e+00
2.3824e+01, 4.1064e+00
2.3849e+01, 3.7936e+00
2.3874e+01, 3.5259e+00
2.3899e+01, 3.2954e+00
2.3949e+01, 2.9208e+00
2.3999e+01, 2.6328e+00
2.4049e+01, 2.4066e+00
2.4099e+01, 2.2253e+00
2.4151e+01, 2.0720e+00
2.4204e+01, 1.9471e+00
2.4256e+01, 1.8448e+00
2.4308e+01, 1.7609e+00
2.4412e+01, 1.6359e+00
2.4516e+01, 1.5553e+00
2.4621e+01, 1.5105e+00
2.4725e+01, 1.4975e+00
2.4812e+01, 1.5109e+00
2.4899e+01, 1.5482e+00
2.4986e+01, 1.6135e+00
2.5073e+01, 1.7133e+00
2.5160e+01, 1.8583e+00
2.5203e+01, 1.9526e+00
2.5247e+01, 2.0649e+00
2.5290e+01, 2.1988e+00
2.5333e+01, 2.3588e+00
2.5377e+01, 2.5512e+00
2.5420e+01, 2.7842e+00
2.5459e+01, 3.0373e+00
2.5499e+01, 3.3410e+00
2.5538e+01, 3.7071e+00
2.5577e+01, 4.1500e+00
2.5616e+01, 4.6869e+00
2.5655e+01, 5.3369e+00
2.5694e+01, 6.1189e+00
2.5733e+01, 7.0464e+00
2.5767e+01, 7.9521e+00
2.5800e+01, 8.9477e+00
2.5867e+01, 1.1044e+01
2.5900e+01, 1.2003e+01
2.5933e+01, 1.2782e+01
2.5967e+01, 1.3291e+01
2.6000e+01, 1.3464e+01
2.6022e+01, 1.3383e+01
2.6044e+01, 1.3153e+01
2.6087e+01, 1.2309e+01
2.6131e+01, 1.1103e+01
2.6174e+01, 9.7447e+00
2.6229e+01, 8.0656e+00
2.6257e+01, 7.3082e+00
2.6285e+01, 6.6223e+00
2.6312e+01, 6.0107e+00
2.6340e+01, 5.4716e+00
2.6367e+01, 4.9998e+00
2.6395e+01, 4.5890e+00
2.6423e+01, 4.2323e+00
2.6450e+01, 3.9232e+00
2.6478e+01, 3.6555e+00
2.6506e+01, 3.4237e+00
2.6533e+01, 3.2231e+00
2.6561e+01, 3.0496e+00
2.6616e+01, 2.7705e+00
2.6648e+01, 2.6435e+00
2.6680e+01, 2.5379e+00
2.6744e+01, 2.3815e+00
2.6808e+01, 2.2873e+00
2.6872e+01, 2.2478e+00
2.6947e+01, 2.2683e+00
2.7022e+01, 2.3673e+00
2.7059e+01, 2.4522e+00
2.7096e+01, 2.5663e+00
2.7134e+01, 2.7167e+00
2.7171e+01, 2.9136e+00
2.7204e+01, 3.1418e+00
2.7238e+01, 3.4378e+00
2.7271e+01, 3.8314e+00
2.7288e+01, 4.0796e+00
2.7304e+01, 4.3742e+00
2.7321e+01, 4.7287e+00
2.7338e+01, 5.1618e+00
2.7354e+01, 5.6999e+00
2.7371e+01, 6.3792e+00
2.7388e+01, 7.2492e+00
2.7404e+01, 8.3755e+00
2.7413e+01, 9.0604e+00
2.7421e+01, 9.8408e+00
2.7429e+01, 1.0731e+01
2.7438e+01, 1.1744e+01
2.7452e+01, 1.3761e+01
2.7466e+01, 1.6226e+01
2.7480e+01, 1.9195e+01
2.7494e+01, 2.2698e+01
2.7508e+01, 2.6741e+01
2.7522e+01, 3.1272e+01
2.7550e+01, 4.1360e+01
2.7582e+01, 5.2820e+01
2.7596e+01, 5.7205e+01
2.7611e+01, 6.0636e+01
2.7625e+01, 6.2866e+01
2.7640e+01, 6.3731e+01
2.7656e+01, 6.3062e+01
2.7672e+01, 6.0804e+01
2.7689e+01, 5.6858e+01
2.7706e+01, 5.1784e+01
2.7740e+01, 4.0313e+01
2.7761e+01, 3.3722e+01
2.7782e+01, 2.8171e+01
2.7793e+01, 2.5882e+01
2.7803e+01, 2.3940e+01
2.7813e+01, 2.2346e+01
2.7824e+01, 2.1094e+01
2.7837e+01, 2.0010e+01
2.7846e+01, 1.9546e+01
2.7855e+01, 1.9304e+01
2.7863e+01, 1.9280e+01
2.7872e+01, 1.9471e+01
2.7881e+01, 1.9879e+01
2.7890e+01, 2.0507e+01
2.7899e+01, 2.1362e+01
2.7908e+01, 2.2457e+01
2.7916e+01, 2.3808e+01
2.7925e+01, 2.5430e+01
2.7934e+01, 2.7343e+01
2.7943e+01, 2.9572e+01
2.7952e+01, 3.2140e+01
2.7961e+01, 3.5068e+01
2.7970e+01, 3.8379e+01
2.7978e+01, 4.2089e+01
2.7995e+01, 4.9896e+01
2.8011e+01, 5.9050e+01
2.8027e+01, 6.9427e+01
2.8043e+01, 8.0743e+01
2.8061e+01, 9.4015e+01
2.8079e+01, 1.0699e+02
2.8097e+01, 1.1861e+02
2.8115e+01, 1.2775e+02
2.8133e+01, 1.3334e+02
2.8150e+01, 1.3520e+02
2.8164e+01, 1.3385e+02
2.8178e+01, 1.3007e+02
2.8195e+01, 1.2243e+02
2.8212e+01, 1.1220e+02
2.8229e+01, 1.0029e+02
2.8247e+01, 8.7634e+01
2.8277e+01, 6.5773e+01
2.8293e+01, 5.6061e+01
2.8308e+01, 4.7479e+01
2.8323e+01, 4.0103e+01
2.8339e+01, 3.3913e+01
2.8354e+01, 2.8819e+01
2.8369e+01, 2.4694e+01
2.8381e+01, 2.2112e+01
2.8393e+01, 1.9948e+01
2.8405e+01, 1.8144e+01
2.8416e+01, 1.6649e+01
2.8428e+01, 1.5414e+01
2.8440e+01, 1.4400e+01
2.8451e+01, 1.3576e+01
2.8463e+01, 1.2915e+01
2.8486e+01, 1.1991e+01
2.8510e+01, 1.1495e+01
2.8535e+01, 1.1328e+01
2.8560e+01, 1.1444e+01
2.8610e+01, 1.2147e+01
2.8633e+01, 1.2491e+01
2.8655e+01, 1.2742e+01
2.8677e+01, 1.2831e+01
2.8700e+01, 1.2710e+01
2.8723e+01, 1.2360e+01
2.8745e+01, 1.1792e+01
2.8767e+01, 1.1041e+01
2.8790e+01, 1.0165e+01
2.8850e+01, 7.6594e+00
2.8881e+01, 6.5374e+00
2.8911e+01, 5.5824e+00
2.8941e+01, 4.8013e+00
2.8971e+01, 4.1777e+00
2.9001e+01, 3.6844e+00
2.9032e+01, 3.2940e+00
2.9065e+01, 2.9501e+00
2.9099e+01, 2.6797e+00
2.9133e+01, 2.4641e+00
2.9167e+01, 2.2897e+00
2.9200e+01, 2.1470e+00
2.9234e+01, 2.0293e+00
2.9302e+01, 1.8513e+00
2.9369e+01, 1.7303e+00
2.9437e+01, 1.6515e+00
2.9505e+01, 1.6059e+00
2.9572e+01, 1.5898e+00
2.9634e+01, 1.6002e+00
2.9696e+01, 1.6368e+00
2.9757e+01, 1.7052e+00
2.9819e+01, 1.8148e+00
2.9881e+01, 1.9827e+00
2.9912e+01, 2.0978e+00
2.9942e+01, 2.2423e+00
2.9973e+01, 2.4269e+00
3.0004e+01, 2.6691e+00
3.0035e+01, 2.9983e+00
3.0050e+01, 3.2107e+00
3.0066e+01, 3.4669e+00
3.0086e+01, 3.9001e+00
3.0097e+01, 4.1677e+00
3.0107e+01, 4.4776e+00
3.0117e+01, 4.8383e+00
3.0127e+01, 5.2583e+00
3.0138e+01, 5.7478e+00
3.0148e+01, 6.3181e+00
3.0158e+01, 6.9816e+00
3.0169e+01, 7.7492e+00
3.0179e+01, 8.6334e+00
3.0189e+01, 9.6452e+00
3.0199e+01, 1.0795e+01
3.0210e+01, 1.2086e+01
3.0220e+01, 1.3522e+01
3.0230e+01, 1.5100e+01
3.0251e+01, 1.8637e+01
3.0271e+01, 2.2531e+01
3.0292e+01, 2.6502e+01
3.0313e+01, 3.0163e+01
3.0327e+01, 3.2315e+01
3.0341e+01, 3.3975e+01
3.0356e+01, 3.5038e+01
3.0370e+01, 3.5433e+01
3.0387e+01, 3.5001e+01
3.0404e+01, 3.3639e+01
3.0422e+01, 3.1455e+01
3.0439e+01, 2.8683e+01
3.0474e+01, 2.2386e+01
3.0503e+01, 1.7418e+01
3.0517e+01, 1.5278e+01
3.0532e+01, 1.3423e+01
3.0543e+01, 1.2186e+01
3.0555e+01, 1.1125e+01
3.0566e+01, 1.0232e+01
3.0577e+01, 9.4931e+00
3.0588e+01, 8.8950e+00
3.0600e+01, 8.4224e+00
3.0611e+01, 8.0603e+00
3.0622e+01, 7.7950e+00
3.0635e+01, 7.5942e+00
3.0648e+01, 7.4877e+00
3.0674e+01, 7.5079e+00
3.0700e+01, 7.7810e+00
3.0726e+01, 8.2648e+00
3.0752e+01, 8.9359e+00
3.0777e+01, 9.7793e+00
3.0803e+01, 1.0778e+01
3.0829e+01, 1.1905e+01
3.0872e+01, 1.3933e+01
3.0915e+01, 1.5893e+01
3.0936e+01, 1.6730e+01
3.0957e+01, 1.7407e+01
3.0979e+01, 1.7888e+01
3.1000e+01, 1.8148e+01
3.1032e+01, 1.8120e+01
3.1064e+01, 1.7651e+01
3.1128e+01, 1.6015e+01
3.1176e+01, 1.4967e+01
3.1199e+01, 1.4708e+01
3.1223e+01, 1.4706e+01
3.1249e+01, 1.5059e+01
3.1278e+01, 1.5957e+01
3.1308e+01, 1.7417e+01
3.1337e+01, 1.9412e+01
3.1366e+01, 2.1823e+01
3.1399e+01, 2.4792e+01
3.1433e+01, 2.7484e+01
3.1450e+01, 2.8541e+01
3.1466e+01, 2.9312e+01
3.1483e+01, 2.9743e+01
3.1500e+01, 2.9799e+01
3.1523e+01, 2.9259e+01
3.1545e+01, 2.8048e+01
3.1568e+01, 2.6275e+01
3.1591e+01, 2.4101e+01
3.1635e+01, 1.9313e+01
3.1658e+01, 1.6969e+01
3.1680e+01, 1.4799e+01
3.1703e+01, 1.2859e+01
3.1725e+01, 1.1171e+01
3.1747e+01, 9.7307e+00
3.1770e+01, 8.5180e+00
3.1791e+01, 7.5325e+00
3.1813e+01, 6.7068e+00
3.1835e+01, 6.0144e+00
3.1856e+01, 5.4320e+00
3.1878e+01, 4.9400e+00
3.1900e+01, 4.5220e+00
3.1921e+01, 4.1646e+00
3.1943e+01, 3.8573e+00
3.1986e+01, 3.3600e+00
3.2030e+01, 2.9795e+00
3.2073e+01, 2.6829e+00
3.2116e+01, 2.4487e+00
3.2153e+01, 2.2863e+00
3.2191e+01, 2.1524e+00
3.2265e+01, 1.9516e+00
3.2339e+01, 1.8196e+00
3.2413e+01, 1.7418e+00
3.2463e+01, 1.7161e+00
3.2513e+01, 1.7104e+00
3.2571e+01, 1.7300e+00
3.2630e+01, 1.7807e+00
3.2689e+01, 1.8675e+00
3.2748e+01, 1.9987e+00
3.2807e+01, 2.1873e+00
3.2836e+01, 2.3090e+00
3.2865e+01, 2.4535e+00
3.2895e+01, 2.6251e+00
3.2924e+01, 2.8293e+00
3.2954e+01, 3.0730e+00
3.2983e+01, 3.3646e+00
3.3008e+01, 3.6546e+00
3.3033e+01, 3.9925e+00
3.3057e+01, 4.3859e+00
3.3082e+01, 4.8422e+00
3.3107e+01, 5.3692e+00
3.3132e+01, 5.9718e+00
3.3156e+01, 6.6525e+00
3.3181e+01, 7.4074e+00
3.3233e+01, 9.1787e+00
3.3286e+01, 1.0960e+01
3.3312e+01, 1.1723e+01
3.3338e+01, 1.2319e+01
3.3364e+01, 1.2698e+01
3.3390e+01, 1.2821e+01
3.3410e+01, 1.2734e+01
3.3430e+01, 1.2492e+01
3.3450e+01, 1.2110e+01
3.3471e+01, 1.1608e+01
3.3511e+01, 1.0349e+01
3.3551e+01, 8.9348e+00
3.3610e+01, 6.9674e+00
3.3639e+01, 6.1145e+00
3.3668e+01, 5.3700e+00
3.3698e+01, 4.7321e+00
3.3727e+01, 4.1925e+00
3.3756e+01, 3.7386e+00
3.3785e+01, 3.3579e+00
3.3820e+01, 2.9883e+00
3.3854e+01, 2.6855e+00
3.3889e+01, 2.4359e+00
3.3923e+01, 2.2288e+00
3.3957e+01, 2.0559e+00
3.3992e+01, 1.9106e+00
3.4026e+01, 1.7879e+00
3.4060e+01, 1.6838e+00
3.4129e+01, 1.5195e+00
3.4198e+01, 1.3991e+00
3.4266e+01, 1.3102e+00
3.4335e+01, 1.2450e+00
3.4399e+01, 1.2013e+00
3.4462e+01, 1.1709e+00
3.4525e+01, 1.1515e+00
3.4589e+01, 1.1420e+00
3.4716e+01, 1.1487e+00
3.4843e+01, 1.1878e+00
3.4943e+01, 1.2423e+00
3.5044e+01, 1.3202e+00
3.5144e+01, 1.4265e+00
3.5244e+01, 1.5687e+00
3.5345e+01, 1.7593e+00
3.5395e+01, 1.8782e+00
3.5445e+01, 2.0171e+00
3.5495e+01, 2.1805e+00
3.5546e+01, 2.3748e+00
3.5596e+01, 2.6087e+00
3.5646e+01, 2.8943e+00
3.5691e+01, 3.2072e+00
3.5736e+01, 3.5915e+00
3.5781e+01, 4.0718e+00
3.5826e+01, 4.6851e+00
3.5848e+01, 5.0587e+00
3.5871e+01, 5.4899e+00
3.5893e+01, 5.9925e+00
3.5916e+01, 6.5841e+00
3.5938e+01, 7.2894e+00
3.5961e+01, 8.1408e+00
3.5983e+01, 9.1847e+00
3.6006e+01, 1.0483e+01
3.6028e+01, 1.2125e+01
3.6039e+01, 1.3109e+01
3.6050e+01, 1.4226e+01
3.6062e+01, 1.5498e+01
3.6073e+01, 1.6945e+01
3.6084e+01, 1.8594e+01
3.6095e+01, 2.0471e+01
3.6107e+01, 2.2609e+01
3.6118e+01, 2.5031e+01
3.6129e+01, 2.7768e+01
3.6140e+01, 3.0847e+01
3.6152e+01, 3.4290e+01
3.6163e+01, 3.8108e+01
3.6174e+01, 4.2308e+01
3.6185e+01, 4.6883e+01
3.6206e+01, 5.6434e+01
3.6218e+01, 6.2017e+01
3.6229e+01, 6.7798e+01
3.6252e+01, 7.9579e+01
3.6275e+01, 9.0814e+01
3.6298e+01, 1.0038e+02
3.6311e+01, 1.0467e+02
3.6324e+01, 1.0787e+02
3.6337e+01, 1.0987e+02
3.6350e+01, 1.1057e+02
3.6367e+01, 1.0944e+02
3.6385e+01, 1.0606e+02
3.6410e+01, 9.7852e+01
3.6435e+01, 8.6820e+01
3.6460e+01, 7.4431e+01
3.6485e+01, 6.2061e+01
3.6504e+01, 5.2993e+01
3.6524e+01, 4.4929e+01
3.6544e+01, 3.8027e+01
3.6564e+01, 3.2311e+01
3.6583e+01, 2.7709e+01
3.6603e+01, 2.4099e+01
3.6623e+01, 2.1334e+01
3.6642e+01, 1.9270e+01
3.6656e+01, 1.8166e+01
3.6670e+01, 1.7311e+01
3.6684e+01, 1.6675e+01
3.6698e+01, 1.6235e+01
3.6717e+01, 1.5919e+01
3.6742e+01, 1.5952e+01
3.6768e+01, 1.6510e+01
3.6793e+01, 1.7620e+01
3.6819e+01, 1.9353e+01
3.6844e+01, 2.1820e+01
3.6870e+01, 2.5149e+01
3.6896e+01, 2.9466e+01
3.6921e+01, 3.4842e+01
3.6940e+01, 3.9405e+01
3.6958e+01, 4.4375e+01
3.6976e+01, 4.9692e+01
3.6995e+01, 5.5189e+01
3.7013e+01, 6.0632e+01
3.7049e+01, 7.0264e+01
3.7068e+01, 7.3882e+01
3.7086e+01, 7.6364e+01
3.7110e+01, 7.7627e+01
3.7134e+01, 7.6506e+01
3.7158e+01, 7.3163e+01
3.7176e+01, 6.9508e+01
3.7194e+01, 6.5108e+01
3.7229e+01, 5.5138e+01
3.7265e+01, 4.5234e+01
3.7282e+01, 4.0773e+01
3.7300e+01, 3.6787e+01
3.7318e+01, 3.3352e+01
3.7335e+01, 3.0447e+01
3.7353e+01, 2.8051e+01
3.7371e+01, 2.6126e+01
3.7393e+01, 2.4288e+01
3.7415e+01, 2.2984e+01
3.7446e+01, 2.1814e+01
3.7477e+01, 2.1130e+01
3.7508e+01, 2.0651e+01
3.7539e+01, 2.0159e+01
3.7560e+01, 1.9750e+01
3.7602e+01, 1.8648e+01
3.7643e+01, 1.7196e+01
3.7695e+01, 1.5159e+01
3.7748e+01, 1.3380e+01
3.7774e+01, 1.2732e+01
3.7800e+01, 1.2303e+01
3.7826e+01, 1.2126e+01
3.7852e+01, 1.2222e+01
3.7884e+01, 1.2718e+01
3.7916e+01, 1.3619e+01
3.7947e+01, 1.4861e+01
3.7979e+01, 1.6310e+01
3.8009e+01, 1.7699e+01
3.8039e+01, 1.8866e+01
3.8070e+01, 1.9591e+01
3.8100e+01, 1.9708e+01
3.8123e+01, 1.9355e+01
3.8145e+01, 1.8641e+01
3.8168e+01, 1.7617e+01
3.8191e+01, 1.6361e+01
3.8253e+01, 1.2451e+01
3.8284e+01, 1.0605e+01
3.8315e+01, 8.9927e+00
3.8346e+01, 7.6531e+00
3.8377e+01, 6.5766e+00
3.8408e+01, 5.7287e+00
3.8439e+01, 5.0668e+00
3.8465e+01, 4.6293e+00
3.8491e+01, 4.2718e+00
3.8517e+01, 3.9782e+00
3.8543e+01, 3.7356e+00
3.8594e+01, 3.3664e+00
3.8646e+01, 3.1092e+00
3.8697e+01, 2.9314e+00
3.8749e+01, 2.8137e+00
3.8801e+01, 2.7440e+00
3.8852e+01, 2.7154e+00
3.8919e+01, 2.7335e+00
3.8986e+01, 2.8121e+00
3.9052e+01, 2.9557e+00
3.9119e+01, 3.1752e+00
3.9186e+01, 3.4909e+00
3.9219e+01, 3.6944e+00
3.9253e+01, 3.9361e+00
3.9286e+01, 4.2239e+00
3.9319e+01, 4.5680e+00
3.9353e+01, 4.9826e+00
3.9386e+01, 5.4869e+00
3.9422e+01, 6.1718e+00
3.9459e+01, 7.0472e+00
3.9477e+01, 7.5788e+00
3.9495e+01, 8.1887e+00
3.9513e+01, 8.8925e+00
3.9532e+01, 9.7078e+00
3.9550e+01, 1.0657e+01
3.9568e+01, 1.1764e+01
3.9586e+01, 1.3057e+01
3.9605e+01, 1.4567e+01
3.9623e+01, 1.6326e+01
3.9641e+01, 1.8362e+01
3.9659e+01, 2.0698e+01
3.9677e+01, 2.3347e+01
3.9702e+01, 2.7358e+01
3.9726e+01, 3.1849e+01
3.9743e+01, 3.5324e+01
3.9761e+01, 3.8880e+01
3.9779e+01, 4.2403e+01
3.9796e+01, 4.5760e+01
3.9832e+01, 5.1431e+01
3.9849e+01, 5.3489e+01
3.9867e+01, 5.4900e+01
3.9880e+01, 5.5504e+01
3.9897e+01, 5.5709e+01
3.9913e+01, 5.5329e+01
3.9946e+01, 5.3104e+01
3.9979e+01, 4.9706e+01
4.0011e+01, 4.6120e+01
4.0044e+01, 4.3266e+01
4.0076e+01, 4.1792e+01
4.0093e+01, 4.1679e+01
4.0110e+01, 4.2021e+01
4.0144e+01, 4.3924e+01
4.0183e+01, 4.7473e+01
4.0222e+01, 5.1289e+01
4.0261e+01, 5.3969e+01
4.0281e+01, 5.4501e+01
4.0300e+01, 5.4363e+01
4.0333e+01, 5.2490e+01
4.0367e+01, 4.8724e+01
4.0395e+01, 4.4363e+01
4.0424e+01, 3.9414e+01
4.0481e+01, 2.9409e+01
4.0509e+01, 2.4958e+01
4.0538e+01, 2.1086e+01
4.0566e+01, 1.7819e+01
4.0595e+01, 1.5122e+01
4.0615e+01, 1.3517e+01
4.0635e+01, 1.2132e+01
4.0655e+01, 1.0938e+01
4.0676e+01, 9.9076e+00
4.0696e+01, 9.0159e+00
4.0716e+01, 8.2415e+00
4.0736e+01, 7.5660e+00
4.0756e+01, 6.9740e+00
4.0797e+01, 5.9913e+00
4.0837e+01, 5.2148e+00
4.0878e+01, 4.5904e+00
4.0918e+01, 4.0806e+00
4.0958e+01, 3.6588e+00
4.0999e+01, 3.3057e+00
4.1039e+01, 3.0071e+00
4.1080e+01, 2.7522e+00
4.1120e+01, 2.5330e+00
4.1161e+01, 2.3429e+00
4.1241e+01, 2.0307e+00
4.1322e+01, 1.7863e+00
4.1403e+01, 1.5915e+00
4.1484e+01, 1.4343e+00
4.1565e+01, 1.3060e+00
4.1656e+01, 1.1885e+00
4.1747e+01, 1.0936e+00
4.1838e+01, 1.0168e+00
4.1929e+01, 9.5513e-01
4.2020e+01, 9.0670e-01
4.2110e+01, 8.7054e-01
4.2201e+01, 8.4666e-01
4.2292e+01, 8.3644e-01
4.2373e+01, 8.4149e-01
4.2454e+01, 8.6475e-01
4.2502e+01, 8.9081e-01
4.2550e+01, 9.3015e-01
4.2598e+01, 9.8878e-01
4.2646e+01, 1.0770e+00
4.2670e+01, 1.1377e+00
4.2694e+01, 1.2140e+00
4.2718e+01, 1.3112e+00
4.2742e+01, 1.4367e+00
4.2766e+01, 1.6004e+00
4.2790e+01, 1.8156e+00
4.2814e+01, 2.0991e+00
4.2826e+01, 2.2725e+00
4.2838e+01, 2.4701e+00
4.2856e+01, 2.8117e+00
4.2873e+01, 3.2190e+00
4.2891e+01, 3.6977e+00
4.2909e+01, 4.2488e+00
4.2926e+01, 4.8698e+00
4.2944e+01, 5.5502e+00
4.2979e+01, 7.0138e+00
4.3010e+01, 8.2328e+00
4.3030e+01, 8.9263e+00
4.3050e+01, 9.4669e+00
4.3070e+01, 9.8093e+00
4.3090e+01, 9.9232e+00
4.3108e+01, 9.8269e+00
4.3125e+01, 9.5540e+00
4.3143e+01, 9.1231e+00
4.3160e+01, 8.5623e+00
4.3188e+01, 7.5095e+00
4.3215e+01, 6.3641e+00
4.3242e+01, 5.2496e+00
4.3270e+01, 4.2539e+00
4.3285e+01, 3.7593e+00
4.3301e+01, 3.3213e+00
4.3317e+01, 2.9388e+00
4.3332e+01, 2.6093e+00
4.3348e+01, 2.3281e+00
4.3363e+01, 2.0902e+00
4.3379e+01, 1.8899e+00
4.3394e+01, 1.7218e+00
4.3410e+01, 1.5808e+00
4.3426e+01, 1.4623e+00
4.3441e+01, 1.3626e+00
4.3457e+01, 1.2782e+00
4.3488e+01, 1.1449e+00
4.3519e+01, 1.0461e+00
4.3546e+01, 9.7916e-01
4.3574e+01, 9.2573e-01
4.3629e+01, 8.4713e-01
4.3683e+01, 7.9373e-01
4.3738e+01, 7.5666e-01
4.3793e+01, 7.3089e-01
4.3848e+01, 7.1347e-01
4.3957e+01, 6.9691e-01
4.4077e+01, 6.9982e-01
4.4197e+01, 7.2021e-01
4.4316e+01, 7.5636e-01
4.4436e+01, 8.1170e-01
4.4555e+01, 8.9165e-01
4.4615e+01, 9.4335e-01
4.4675e+01, 1.0049e+00
4.4735e+01, 1.0786e+00
4.4795e+01, 1.1672e+00
4.4854e+01, 1.2745e+00
4.4914e+01, 1.4061e+00
4.4966e+01, 1.5475e+00
4.5019e+01, 1.7213e+00
4.5071e+01, 1.9380e+00
4.5123e+01, 2.2131e+00
4.5150e+01, 2.3794e+00
4.5176e+01, 2.5700e+00
4.5202e+01, 2.7899e+00
4.5228e+01, 3.0458e+00
4.5254e+01, 3.3464e+00
4.5280e+01, 3.7034e+00
4.5306e+01, 4.1330e+00
4.5333e+01, 4.6572e+00
4.5360e+01, 5.3433e+00
4.5387e+01, 6.2214e+00
4.5401e+01, 6.7560e+00
4.5415e+01, 7.3698e+00
4.5429e+01, 8.0784e+00
4.5442e+01, 8.8997e+00
4.5456e+01, 9.8555e+00
4.5470e+01, 1.0969e+01
4.5483e+01, 1.2267e+01
4.5497e+01, 1.3782e+01
4.5511e+01, 1.5544e+01
4.5524e+01, 1.7588e+01
4.5538e+01, 1.9946e+01
4.5552e+01, 2.2648e+01
4.5563e+01, 2.5134e+01
4.5574e+01, 2.7875e+01
4.5597e+01, 3.4130e+01
4.5619e+01, 4.1360e+01
4.5642e+01, 4.9363e+01
4.5668e+01, 5.9137e+01
4.5694e+01, 6.8630e+01
4.5720e+01, 7.6842e+01
4.5746e+01, 8.2757e+01
4.5763e+01, 8.5000e+01
4.5780e+01, 8.5746e+01
4.5797e+01, 8.4949e+01
4.5814e+01, 8.2660e+01
4.5829e+01, 7.9525e+01
4.5845e+01, 7.5496e+01
4.5875e+01, 6.5491e+01
4.5905e+01, 5.4238e+01
4.5935e+01, 4.3203e+01
4.5955e+01, 3.6519e+01
4.5975e+01, 3.0579e+01
4.5995e+01, 2.5452e+01
4.6015e+01, 2.1144e+01
4.6036e+01, 1.7593e+01
4.6056e+01, 1.4715e+01
4.6076e+01, 1.2402e+01
4.6096e+01, 1.0557e+01
4.6114e+01, 9.1853e+00
4.6133e+01, 8.0693e+00
4.6151e+01, 7.1559e+00
4.6170e+01, 6.4026e+00
4.6188e+01, 5.7760e+00
4.6207e+01, 5.2501e+00
4.6226e+01, 4.8045e+00
4.6244e+01, 4.4236e+00
4.6263e+01, 4.0955e+00
4.6281e+01, 3.8106e+00
4.6318e+01, 3.3429e+00
4.6355e+01, 2.9779e+00
4.6392e+01, 2.6878e+00
4.6442e+01, 2.3863e+00
4.6491e+01, 2.1563e+00
4.6541e+01, 1.9790e+00
4.6590e+01, 1.8420e+00
4.6652e+01, 1.7148e+00
4.6713e+01, 1.6261e+00
4.6775e+01, 1.5685e+00
4.6837e+01, 1.5370e+00
4.6911e+01, 1.5302e+00
4.6985e+01, 1.5567e+00
4.7059e+01, 1.6196e+00
4.7134e+01, 1.7249e+00
4.7171e+01, 1.7962e+00
4.7208e+01, 1.8820e+00
4.7245e+01, 1.9841e+00
4.7282e+01, 2.1046e+00
4.7319e+01, 2.2454e+00
4.7356e+01, 2.4082e+00
4.7430e+01, 2.8011e+00
4.7565e+01, 3.6703e+00
4.7633e+01, 4.0751e+00
4.7666e+01, 4.2423e+00
4.7700e+01, 4.3799e+00
4.7734e+01, 4.4881e+00
4.7767e+01, 4.5719e+00
4.7835e+01, 4.7078e+00
4.7886e+01, 4.8389e+00
4.7936e+01, 5.0579e+00
4.7976e+01, 5.3270e+00
4.8015e+01, 5.7155e+00
4.8054e+01, 6.2568e+00
4.8094e+01, 6.9904e+00
4.8133e+01, 7.9622e+00
4.8172e+01, 9.2218e+00
4.8212e+01, 1.0814e+01
4.8251e+01, 1.2758e+01
4.8282e+01, 1.4528e+01
4.8313e+01, 1.6455e+01
4.8344e+01, 1.8454e+01
4.8376e+01, 2.0402e+01
4.8407e+01, 2.2151e+01
4.8438e+01, 2.3541e+01
4.8469e+01, 2.4429e+01
4.8500e+01, 2.4717e+01
4.8535e+01, 2.4296e+01
4.8569e+01, 2.3150e+01
4.8603e+01, 2.1427e+01
4.8638e+01, 1.9331e+01
4.8696e+01, 1.5558e+01
4.8725e+01, 1.3756e+01
4.8754e+01, 1.2099e+01
4.8782e+01, 1.0617e+01
4.8811e+01, 9.3207e+00
4.8840e+01, 8.2034e+00
4.8869e+01, 7.2502e+00
4.8896e+01, 6.4904e+00
4.8923e+01, 5.8402e+00
4.8950e+01, 5.2833e+00
4.8977e+01, 4.8055e+00
4.9004e+01, 4.3942e+00
4.9031e+01, 4.0387e+00
4.9058e+01, 3.7303e+00
4.9085e+01, 3.4616e+00
4.9139e+01, 3.0198e+00
4.9193e+01, 2.6766e+00
4.9247e+01, 2.4063e+00
4.9301e+01, 2.1912e+00
4.9378e+01, 1.9547e+00
4.9455e+01, 1.7792e+00
4.9532e+01, 1.6481e+00
4.9609e+01, 1.5510e+00
4.9686e+01, 1.4806e+00
4.9764e+01, 1.4321e+00
4.9841e+01, 1.4019e+00
4.9918e+01, 1.3878e+00
5.0000e+01, 1.3888e+00
5.0117e+01, 1.4170e+00
5.0233e+01, 1.4768e+00
5.0350e+01, 1.5712e+00
5.0466e+01, 1.7067e+00
5.0583e+01, 1.8947e+00
5.0641e+01, 2.0138e+00
5.0699e+01, 2.1537e+00
5.0758e+01, 2.3186e+00
5.0816e+01, 2.5141e+00
5.0874e+01, 2.7476e+00
5.0933e+01, 3.0300e+00
5.0988e+01, 3.3579e+00
5.1044e+01, 3.7611e+00
5.1099e+01, 4.2636e+00
5.1155e+01, 4.8984e+00
5.1182e+01, 5.2789e+00
5.1210e+01, 5.7101e+00
5.1238e+01, 6.1994e+00
5.1266e+01, 6.7542e+00
5.1293e+01, 7.3824e+00
5.1321e+01, 8.0900e+00
5.1349e+01, 8.8811e+00
5.1377e+01, 9.7562e+00
5.1412e+01, 1.0981e+01
5.1447e+01, 1.2306e+01
5.1499e+01, 1.4351e+01
5.1552e+01, 1.6308e+01
5.1604e+01, 1.7974e+01
5.1630e+01, 1.8667e+01
5.1656e+01, 1.9275e+01
5.1682e+01, 1.9825e+01
5.1734e+01, 2.0957e+01
5.1765e+01, 2.1837e+01
5.1796e+01, 2.3077e+01
5.1827e+01, 2.4894e+01
5.1858e+01, 2.7562e+01
5.1886e+01, 3.1045e+01
5.1900e+01, 3.3264e+01
5.1914e+01, 3.5859e+01
5.1934e+01, 4.0279e+01
5.1954e+01, 4.5692e+01
5.1974e+01, 5.2229e+01
5.1994e+01, 5.9997e+01
5.2014e+01, 6.9059e+01
5.2034e+01, 7.9388e+01
5.2054e+01, 9.0875e+01
5.2074e+01, 1.0329e+02
5.2102e+01, 1.2133e+02
5.2130e+01, 1.3905e+02
5.2157e+01, 1.5477e+02
5.2185e+01, 1.6673e+02
5.2207e+01, 1.7264e+02
5.2230e+01, 1.7456e+02
5.2253e+01, 1.7230e+02
5.2269e+01, 1.6796e+02
5.2286e+01, 1.6158e+02
5.2303e+01, 1.5345e+02
5.2320e+01, 1.4395e+02
5.2354e+01, 1.2239e+02
5.2388e+01, 1.0002e+02
5.2411e+01, 8.5897e+01
5.2433e+01, 7.3017e+01
5.2456e+01, 6.1643e+01
5.2478e+01, 5.1881e+01
5.2501e+01, 4.3675e+01
5.2523e+01, 3.6899e+01
5.2546e+01, 3.1362e+01
5.2569e+01, 2.6872e+01
5.2590e+01, 2.3440e+01
5.2611e+01, 2.0622e+01
5.2632e+01, 1.8295e+01
5.2653e+01, 1.6365e+01
5.2674e+01, 1.4750e+01
5.2696e+01, 1.3390e+01
5.2717e+01, 1.2235e+01
5.2738e+01, 1.1245e+01
5.2759e+01, 1.0392e+01
5.2780e+01, 9.6509e+00
5.2822e+01, 8.4358e+00
5.2865e+01, 7.4915e+00
5.2907e+01, 6.7476e+00
5.2952e+01, 6.1213e+00
5.2997e+01, 5.6295e+00
5.3043e+01, 5.2451e+00
5.3088e+01, 4.9492e+00
5.3133e+01, 4.7286e+00
5.3178e+01, 4.5747e+00
5.3223e+01, 4.4822e+00
5.3268e+01, 4.4489e+00
5.3325e+01, 4.4912e+00
5.3381e+01, 4.6336e+00
5.3438e+01, 4.8900e+00
5.3494e+01, 5.2824e+00
5.3551e+01, 5.8415e+00
5.3579e+01, 6.1951e+00
5.3607e+01, 6.6046e+00
5.3635e+01, 7.0748e+00
5.3663e+01, 7.6093e+00
5.3720e+01, 8.8768e+00
5.3795e+01, 1.0917e+01
5.3870e+01, 1.3083e+01
5.3907e+01, 1.4040e+01
5.3945e+01, 1.4798e+01
5.3982e+01, 1.5278e+01
5.4020e+01, 1.5423e+01
5.4068e+01, 1.5098e+01
5.4116e+01, 1.4255e+01
5.4163e+01, 1.3030e+01
5.4211e+01, 1.1603e+01
5.4309e+01, 8.7049e+00
5.4358e+01, 7.4715e+00
5.4407e+01, 6.4314e+00
5.4456e+01, 5.5766e+00
5.4504e+01, 4.8840e+00
5.4553e+01, 4.3258e+00
5.4602e+01, 3.8764e+00
5.4664e+01, 3.4329e+00
5.4725e+01, 3.0936e+00
5.4786e+01, 2.8339e+00
5.4848e+01, 2.6365e+00
5.4909e+01, 2.4887e+00
5.4970e+01, 2.3821e+00
5.5032e+01, 2.3106e+00
5.5093e+01, 2.2705e+00
5.5148e+01, 2.2596e+00
5.5222e+01, 2.2818e+00
5.5297e+01, 2.3492e+00
5.5372e+01, 2.4668e+00
5.5447e+01, 2.6445e+00
5.5522e+01, 2.8979e+00
5.5597e+01, 3.2510e+00
5.5635e+01, 3.4756e+00
5.5672e+01, 3.7399e+00
5.5710e+01, 4.0510e+00
5.5747e+01, 4.4175e+00
5.5802e+01, 5.0706e+00
5.5856e+01, 5.8978e+00
5.5911e+01, 6.9349e+00
5.5965e+01, 8.2048e+00
5.6005e+01, 9.2603e+00
5.6044e+01, 1.0408e+01
5.6083e+01, 1.1603e+01
5.6123e+01, 1.2775e+01
5.6162e+01, 1.3838e+01
5.6201e+01, 1.4693e+01
5.6241e+01, 1.5255e+01
5.6280e+01, 1.5461e+01
5.6329e+01, 1.5192e+01
5.6377e+01, 1.4401e+01
5.6426e+01, 1.3227e+01
5.6475e+01, 1.1850e+01
5.6534e+01, 1.0145e+01
5.6593e+01, 8.6055e+00
5.6653e+01, 7.3339e+00
5.6682e+01, 6.8060e+00
5.6712e+01, 6.3473e+00
5.6771e+01, 5.6183e+00
5.6831e+01, 5.1063e+00
5.6890e+01, 4.7737e+00
5.6949e+01, 4.5922e+00
5.7000e+01, 4.5428e+00
5.7045e+01, 4.5759e+00
5.7090e+01, 4.6788e+00
5.7134e+01, 4.8524e+00
5.7179e+01, 5.0993e+00
5.7224e+01, 5.4228e+00
5.7269e+01, 5.8258e+00
5.7313e+01, 6.3090e+00
5.7358e+01, 6.8689e+00
5.7444e+01, 8.1040e+00
5.7529e+01, 9.3817e+00
5.7572e+01, 9.9368e+00
5.7614e+01, 1.0373e+01
5.7657e+01, 1.0648e+01
5.7700e+01, 1.0733e+01
5.7732e+01, 1.0665e+01
5.7764e+01, 1.0488e+01
5.7828e+01, 9.8503e+00
5.7892e+01, 8.9517e+00
5.7956e+01, 7.9516e+00
5.8048e+01, 6.6079e+00
5.8094e+01, 6.0418e+00
5.8140e+01, 5.5678e+00
5.8186e+01, 5.1934e+00
5.8231e+01, 4.9249e+00
5.8277e+01, 4.7712e+00
5.8323e+01, 4.7489e+00
5.8353e+01, 4.8199e+00
5.8383e+01, 4.9736e+00
5.8413e+01, 5.2283e+00
5.8443e+01, 5.6069e+00
5.8471e+01, 6.0866e+00
5.8499e+01, 6.7167e+00
5.8526e+01, 7.5188e+00
5.8554e+01, 8.5076e+00
5.8581e+01, 9.6850e+00
5.8609e+01, 1.1032e+01
5.8664e+01, 1.4027e+01
5.8698e+01, 1.5818e+01
5.8732e+01, 1.7309e+01
5.8766e+01, 1.8284e+01
5.8800e+01, 1.8584e+01
5.8822e+01, 1.8390e+01
5.8843e+01, 1.7905e+01
5.8865e+01, 1.7158e+01
5.8887e+01, 1.6194e+01
5.8926e+01, 1.4092e+01
5.8965e+01, 1.1805e+01
5.9004e+01, 9.6206e+00
5.9043e+01, 7.7232e+00
5.9063e+01, 6.8769e+00
5.9083e+01, 6.1297e+00
5.9104e+01, 5.4775e+00
5.9124e+01, 4.9133e+00
5.9144e+01, 4.4275e+00
5.9165e+01, 4.0110e+00
5.9185e+01, 3.6542e+00
5.9205e+01, 3.3486e+00
5.9225e+01, 3.0859e+00
5.9246e+01, 2.8593e+00
5.9286e+01, 2.4924e+00
5.9327e+01, 2.2114e+00
5.9368e+01, 1.9916e+00
5.9424e+01, 1.7572e+00
5.9480e+01, 1.5807e+00
5.9537e+01, 1.4449e+00
5.9593e+01, 1.3387e+00
5.9650e+01, 1.2552e+00
5.9706e+01, 1.1894e+00
5.9763e+01, 1.1378e+00
5.9819e+01, 1.0982e+00
5.9932e+01, 1.0488e+00
6.0045e+01, 1.0349e+00
6.0130e+01, 1.0472e+00
6.0215e+01, 1.0809e+00
6.0299e+01, 1.1397e+00
6.0384e+01, 1.2290e+00
6.0469e+01, 1.3565e+00
6.0511e+01, 1.4375e+00
6.0554e+01, 1.5317e+00
6.0596e+01, 1.6403e+00
6.0638e+01, 1.7643e+00
6.0723e+01, 2.0597e+00
6.0817e+01, 2.4496e+00
6.0911e+01, 2.8505e+00
6.0959e+01, 3.0246e+00
6.1006e+01, 3.1612e+00
6.1053e+01, 3.2467e+00
6.1100e+01, 3.2716e+00
6.1141e+01, 3.2409e+00
6.1182e+01, 3.1632e+00
6.1224e+01, 3.0444e+00
6.1265e+01, 2.8931e+00
6.1430e+01, 2.1568e+00
6.1521e+01, 1.7824e+00
6.1567e+01, 1.6207e+00
6.1612e+01, 1.4770e+00
6.1658e+01, 1.3504e+00
6.1704e+01, 1.2397e+00
6.1749e+01, 1.1430e+00
6.1795e+01, 1.0588e+00
6.1840e+01, 9.8533e-01
6.1886e+01, 9.2126e-01
6.1977e+01, 8.1619e-01
6.2069e+01, 7.3522e-01
6.2160e+01, 6.7241e-01
6.2245e+01, 6.2632e-01
6.2331e+01, 5.8982e-01
6.2416e+01, 5.6091e-01
6.2501e+01, 5.3817e-01
6.2587e+01, 5.2072e-01
6.2672e+01, 5.0795e-01
6.2757e+01, 4.9940e-01
6.2843e+01, 4.9477e-01
6.2995e+01, 4.9590e-01
6.3148e+01, 5.0941e-01
6.3225e+01, 5.2120e-01
6.3301e+01, 5.3670e-01
6.3378e+01, 5.5631e-01
6.3454e+01, 5.8060e-01
6.3531e+01, 6.1022e-01
6.3607e+01, 6.4572e-01
6.3683e+01, 6.8723e-01
6.3760e+01, 7.3438e-01
6.3913e+01, 8.4083e-01
6.3989e+01, 8.9573e-01
6.4066e+01, 9.4750e-01
6.4133e+01, 9.8781e-01
6.4200e+01, 1.0216e+00
6.4275e+01, 1.0515e+00
6.4350e+01, 1.0753e+00
6.4501e+01, 1.1226e+00
6.4576e+01, 1.1568e+00
6.4651e+01, 1.2057e+00
6.4726e+01, 1.2751e+00
6.4802e+01, 1.3714e+00
6.4869e+01, 1.4870e+00
6.4937e+01, 1.6374e+00
6.5005e+01, 1.8324e+00
6.5072e+01, 2.0864e+00
6.5106e+01, 2.2419e+00
6.5140e+01, 2.4210e+00
6.5174e+01, 2.6284e+00
6.5207e+01, 2.8701e+00
6.5241e+01, 3.1537e+00
6.5275e+01, 3.4889e+00
6.5309e+01, 3.8885e+00
6.5343e+01, 4.3692e+00
6.5378e+01, 4.9914e+00
6.5414e+01, 5.7643e+00
6.5450e+01, 6.7345e+00
6.5486e+01, 7.9617e+00
6.5504e+01, 8.6942e+00
6.5522e+01, 9.5197e+00
6.5540e+01, 1.0449e+01
6.5557e+01, 1.1492e+01
6.5575e+01, 1.2661e+01
6.5593e+01, 1.3963e+01
6.5629e+01, 1.6991e+01
6.5652e+01, 1.9203e+01
6.5674e+01, 2.1628e+01
6.5697e+01, 2.4233e+01
6.5720e+01, 2.6966e+01
6.5742e+01, 2.9753e+01
6.5765e+01, 3.2499e+01
6.5810e+01, 3.7432e+01
6.5833e+01, 3.9373e+01
6.5855e+01, 4.0837e+01
6.5878e+01, 4.1745e+01
6.5900e+01, 4.2046e+01
6.5936e+01, 4.1232e+01
6.5972e+01, 3.8946e+01
6.6004e+01, 3.5901e+01
6.6036e+01, 3.2241e+01
6.6069e+01, 2.8300e+01
6.6101e+01, 2.4377e+01
6.6133e+01, 2.0700e+01
6.6166e+01, 1.7413e+01
6.6198e+01, 1.4582e+01
6.6230e+01, 1.2210e+01
6.6248e+01, 1.1056e+01
6.6267e+01, 1.0030e+01
6.6285e+01, 9.1187e+00
6.6303e+01, 8.3112e+00
6.6322e+01, 7.5960e+00
6.6340e+01, 6.9629e+00
6.6376e+01, 5.9036e+00
6.6413e+01, 5.0647e+00
6.6450e+01, 4.3937e+00
6.6486e+01, 3.8502e+00
6.6523e+01, 3.4049e+00
6.6559e+01, 3.0354e+00
6.6596e+01, 2.7256e+00
6.6632e+01, 2.4631e+00
6.6669e+01, 2.2388e+00
6.6706e+01, 2.0454e+00
6.6742e+01, 1.8776e+00
6.6779e+01, 1.7310e+00
6.6815e+01, 1.6023e+00
6.6889e+01, 1.3877e+00
6.6962e+01, 1.2174e+00
6.7035e+01, 1.0801e+00
6.7108e+01, 9.6807e-01
6.7181e+01, 8.7535e-01
6.7254e+01, 7.9776e-01
6.7328e+01, 7.3229e-01
6.7401e+01, 6.7675e-01
6.7474e+01, 6.2947e-01
6.7547e+01, 5.8915e-01
6.7693e+01, 5.2546e-01
6.7840e+01, 4.7986e-01
6.7986e+01, 4.4911e-01
6.8132e+01, 4.3190e-01
6.8279e+01, 4.2888e-01
6.8359e+01, 4.3420e-01
6.8438e+01, 4.4560e-01
6.8518e+01, 4.6457e-01
6.8598e+01, 4.9358e-01
6.8655e+01, 5.2236e-01
6.8711e+01, 5.6040e-01
6.8768e+01, 6.1094e-01
6.8824e+01, 6.7898e-01
6.8853e+01, 7.2195e-01
6.8881e+01, 7.7276e-01
6.8909e+01, 8.3349e-01
6.8937e+01, 9.0699e-01
6.8966e+01, 9.9736e-01
6.8994e+01, 1.1106e+00
6.9022e+01, 1.2557e+00
6.9036e+01, 1.3442e+00
6.9050e+01, 1.4461e+00
6.9065e+01, 1.5643e+00
6.9079e+01, 1.7020e+00
6.9093e+01, 1.8631e+00
6.9107e+01, 2.0522e+00
6.9121e+01, 2.2752e+00
6.9135e+01, 2.5381e+00
6.9149e+01, 2.8484e+00
6.9163e+01, 3.2140e+00
6.9178e+01, 3.6440e+00
6.9192e+01, 4.1474e+00
6.9206e+01, 4.7345e+00
6.9220e+01, 5.4138e+00
6.9234e+01, 6.1953e+00
6.9248e+01, 7.0853e+00
6.9262e+01, 8.0905e+00
6.9277e+01, 9.2124e+00
6.9291e+01, 1.0452e+01
6.9305e+01, 1.1802e+01
6.9333e+01, 1.4790e+01
6.9390e+01, 2.1294e+01
6.9410e+01, 2.3451e+01
6.9430e+01, 2.5356e+01
6.9447e+01, 2.6743e+01
6.9465e+01, 2.7783e+01
6.9482e+01, 2.8426e+01
6.9500e+01, 2.8639e+01
6.9519e+01, 2.8375e+01
6.9538e+01, 2.7616e+01
6.9557e+01, 2.6406e+01
6.9576e+01, 2.4816e+01
6.9614e+01, 2.0846e+01
6.9674e+01, 1.4041e+01
6.9703e+01, 1.1035e+01
6.9718e+01, 9.7161e+00
6.9733e+01, 8.5368e+00
6.9746e+01, 7.6157e+00
6.9760e+01, 6.8086e+00
6.9773e+01, 6.1131e+00
6.9786e+01, 5.5275e+00
6.9799e+01, 5.0470e+00
6.9812e+01, 4.6679e+00
6.9825e+01, 4.3847e+00
6.9838e+01, 4.1925e+00
6.9852e+01, 4.0860e+00
6.9865e+01, 4.0602e+00
6.9878e+01, 4.1096e+00
6.9891e+01, 4.2289e+00
6.9904e+01, 4.4129e+00
6.9917e+01, 4.6555e+00
6.9944e+01, 5.2928e+00
6.9972e+01, 6.1454e+00
7.0000e+01, 7.1071e+00
7.0000e+01, 1.2738e+01
7.0100e+01, 1.2729e+01
7.0300e+01, 1.2710e+01
7.0400e+01, 1.2700e+01
7.0500e+01, 1.2691e+01
7.0600e+01, 1.2682e+01
7.0675e+01, 1.2675e+01
7.0750e+01, 1.2668e+01
7.0825e+01, 1.2661e+01
7.0900e+01, 1.2654e+01
7.1200e+01, 1.2626e+01
7.1300e+01, 1.2617e+01
7.1350e+01, 1.2613e+01
7.1400e+01, 1.2608e+01
7.1500e+01, 1.2599e+01
7.1600e+01, 1.2590e+01
7.1800e+01, 1.2572e+01
7.1900e+01, 1.2562e+01
7.2000e+01, 1.2553e+01
7.2100e+01, 1.2544e+01
7.2150e+01, 1.2540e+01
7.2200e+01, 1.2535e+01
7.2237e+01, 1.2532e+01
7.2275e+01, 1.2529e+01
7.2312e+01, 1.2525e+01
7.2350e+01, 1.2522e+01
7.2425e+01, 1.2515e+01
7.2500e+01, 1.2509e+01
7.2700e+01, 1.2491e+01
7.2825e+01, 1.2480e+01
7.2887e+01, 1.2474e+01
7.2950e+01, 1.2469e+01
7.3012e+01, 1.2463e+01
7.3075e+01, 1.2457e+01
7.3137e+01, 1.2452e+01
7.3200e+01, 1.2446e+01
7.3275e+01, 1.2440e+01
7.3312e+01, 1.2437e+01
7.3350e+01, 1.2433e+01
7.3387e+01, 1.2430e+01
7.3425e+01, 1.2427e+01
7.3462e+01, 1.2423e+01
7.3500e+01, 1.2420e+01
7.3600e+01, 1.2411e+01
7.3625e+01, 1.2409e+01
7.3650e+01, 1.2407e+01
7.3700e+01, 1.2403e+01
7.3750e+01, 1.2398e+01
7.3800e+01, 1.2394e+01
7.3850e+01, 1.2390e+01
7.3900e+01, 1.2385e+01
7.4000e+01, 1.2377e+01
7.4100e+01, 1.2368e+01
7.4200e+01, 1.2359e+01
7.4250e+01, 1.2355e+01
7.4300e+01, 1.2351e+01
7.4400e+01, 1.2342e+01
7.4600e+01, 1.2325e+01
7.4800e+01, 1.2308e+01
7.4850e+01, 1.2304e+01
7.4900e+01, 1.2299e+01
7.4950e+01, 1.2295e+01
7.5000e+01, 1.2291e+01
7.5050e+01, 1.2287e+01
7.5100e+01, 1.2282e+01
7.5150e+01, 1.2278e+01
7.5200e+01, 1.2274e+01
7.5250e+01, 1.2270e+01
7.5300e+01, 1.2265e+01
7.5400e+01, 1.2257e+01
7.5500e+01, 1.2249e+01
7.5600e+01, 1.2240e+01
7.5675e+01, 1.2234e+01
7.5750e+01, 1.2228e+01
7.5825e+01, 1.2221e+01
7.5900e+01, 1.2215e+01
7.5950e+01, 1.2211e+01
7.6000e+01, 1.2207e+01
7.6050e+01, 1.2203e+01
7.6100e+01, 1.2198e+01
7.6150e+01, 1.2194e+01
7.6200e+01, 1.2190e+01
7.6300e+01, 1.2182e+01
7.6400e+01, 1.2174e+01
7.6450e+01, 1.2169e+01
7.6500e+01, 1.2165e+01
7.6550e+01, 1.2161e+01
7.6600e+01, 1.2157e+01
7.6650e+01, 1.2153e+01
7.6700e+01, 1.2149e+01
7.6750e+01, 1.2145e+01
7.6800e+01, 1.2141e+01
7.6900e+01, 1.2133e+01
7.7000e+01, 1.2124e+01
7.7100e+01, 1.2116e+01
7.7300e+01, 1.2100e+01
7.7371e+01, 1.2094e+01
7.7500e+01, 1.2084e+01
7.7600e+01, 1.2076e+01
7.7700e+01, 1.2068e+01
7.7900e+01, 1.2052e+01
7.8100e+01, 1.2036e+01
7.8250e+01, 1.2024e+01
7.8325e+01, 1.2018e+01
7.8400e+01, 1.2012e+01
7.8550e+01, 1.2000e+01
7.8700e+01, 1.1988e+01
7.8800e+01, 1.1980e+01
7.8900e+01, 1.1972e+01
7.8950e+01, 1.1968e+01
7.9000e+01, 1.1964e+01
7.9050e+01, 1.1960e+01
7.9100e+01, 1.1957e+01
7.9137e+01, 1.1954e+01
7.9175e+01, 1.1951e+01
7.9250e+01, 1.1945e+01
7.9325e+01, 1.1939e+01
7.9400e+01, 1.1933e+01
7.9600e+01, 1.1918e+01
7.9700e+01, 1.1910e+01
7.9800e+01, 1.1902e+01
7.9850e+01, 1.1898e+01
7.9900e+01, 1.1894e+01
7.9950e+01, 1.1891e+01
8.0000e+01, 1.1887e+01
8.0050e+01, 1.1883e+01
8.0100e+01, 1.1879e+01
8.0150e+01, 1.1875e+01
8.0200e+01, 1.1871e+01
8.0300e+01, 1.1864e+01
8.0600e+01, 1.1841e+01
8.0700e+01, 1.1833e+01
8.0750e+01, 1.1829e+01
8.0800e+01, 1.1826e+01
8.0850e+01, 1.1822e+01
8.0900e+01, 1.1818e+01
8.0950e+01, 1.1814e+01
8.1000e+01, 1.1810e+01
8.1050e+01, 1.1807e+01
8.1100e+01, 1.1803e+01
8.1175e+01, 1.1797e+01
8.1250e+01, 1.1792e+01
8.1325e+01, 1.1786e+01
8.1400e+01, 1.1780e+01
8.1500e+01, 1.1773e+01
8.1600e+01, 1.1765e+01
8.1700e+01, 1.1758e+01
8.1750e+01, 1.1754e+01
8.1800e+01, 1.1750e+01
8.1850e+01, 1.1747e+01
8.1900e+01, 1.1743e+01
8.1950e+01, 1.1739e+01
8.2000e+01, 1.1736e+01
8.2050e+01, 1.1732e+01
8.2100e+01, 1.1728e+01
8.2200e+01, 1.1721e+01
8.2300e+01, 1.1713e+01
8.2500e+01, 1.1699e+01
8.2600e+01, 1.1691e+01
8.2900e+01, 1.1669e+01
8.3100e+01, 1.1655e+01
8.3150e+01, 1.1651e+01
8.3200e+01, 1.1648e+01
8.3250e+01, 1.1644e+01
8.3300e+01, 1.1640e+01
8.3350e+01, 1.1637e+01
8.3400e+01, 1.1633e+01
8.3500e+01, 1.1626e+01
8.3600e+01, 1.1619e+01
8.3800e+01, 1.1604e+01
8.3900e+01, 1.1597e+01
8.4000e+01, 1.1590e+01
8.4050e+01, 1.1586e+01
8.4100e+01, 1.1583e+01
8.4150e+01, 1.1579e+01
8.4200e+01, 1.1576e+01
8.4250e+01, 1.1572e+01
8.4300e+01, 1.1569e+01
8.4350e+01, 1.1565e+01
8.4400e+01, 1.1562e+01
8.4462e+01, 1.1557e+01
8.4525e+01, 1.1553e+01
8.4587e+01, 1.1548e+01
8.4650e+01, 1.1544e+01
8.4712e+01, 1.1539e+01
8.4775e+01, 1.1535e+01
8.4900e+01, 1.1526e+01
8.5000e+01, 1.1519e+01
8.5200e+01, 1.1505e+01
8.5275e+01, 1.1500e+01
8.5350e+01, 1.1495e+01
8.5425e+01, 1.1489e+01
8.5500e+01, 1.1484e+01
8.5600e+01, 1.1477e+01
8.5700e+01, 1.1470e+01
8.5900e+01, 1.1457e+01
8.6300e+01, 1.1429e+01
8.6500e+01, 1.1415e+01
8.6600e+01, 1.1408e+01
8.6650e+01, 1.1405e+01
8.6700e+01, 1.1402e+01
8.6800e+01, 1.1395e+01
8.6900e+01, 1.1388e+01
8.7000e+01, 1.1381e+01
8.7100e+01, 1.1374e+01
8.7150e+01, 1.1371e+01
8.7200e+01, 1.1368e+01
8.7250e+01, 1.1364e+01
8.7300e+01, 1.1361e+01
8.7350e+01, 1.1358e+01
8.7400e+01, 1.1354e+01
8.7450e+01, 1.1351e+01
8.7500e+01, 1.1348e+01
8.7550e+01, 1.1344e+01
8.7600e+01, 1.1341e+01
8.7700e+01, 1.1334e+01
8.7800e+01, 1.1327e+01
8.7900e+01, 1.1321e+01
8.8100e+01, 1.1307e+01
8.8175e+01, 1.1302e+01
8.8250e+01, 1.1297e+01
8.8325e+01, 1.1292e+01
8.8362e+01, 1.1290e+01
8.8400e+01, 1.1287e+01
8.8450e+01, 1.1284e+01
8.8500e+01, 1.1281e+01
8.8550e+01, 1.1278e+01
8.8600e+01, 1.1274e+01
8.8650e+01, 1.1271e+01
8.8700e+01, 1.1268e+01
8.8750e+01, 1.1264e+01
8.8800e+01, 1.1261e+01
8.8900e+01, 1.1255e+01
8.9000e+01, 1.1248e+01
8.9100e+01, 1.1241e+01
8.9150e+01, 1.1238e+01
8.9200e+01, 1.1235e+01
8.9225e+01, 1.1233e+01
8.9250e+01, 1.1232e+01
8.9300e+01, 1.1228e+01
8.9350e+01, 1.1225e+01
8.9400e+01, 1.1222e+01
8.9450e+01, 1.1219e+01
8.9500e+01, 1.1215e+01
8.9600e+01, 1.1209e+01
8.9700e+01, 1.1202e+01
8.9900e+01, 1.1190e+01
9.0100e+01, 1.1177e+01
9.0300e+01, 1.1164e+01
9.0500e+01, 1.1151e+01
9.0724e+01, 1.1137e+01
9.0949e+01, 1.1123e+01
9.1062e+01, 1.1115e+01
9.1174e+01, 1.1108e+01
9.1287e+01, 1.1101e+01
9.1400e+01, 1.1094e+01
9.1525e+01, 1.1086e+01
9.1650e+01, 1.1078e+01
9.1712e+01, 1.1074e+01
9.1775e+01, 1.1071e+01
9.1837e+01, 1.1067e+01
9.1900e+01, 1.1063e+01
9.1950e+01, 1.1060e+01
9.2000e+01, 1.1057e+01
9.2050e+01, 1.1053e+01
9.2100e+01, 1.1050e+01
9.2200e+01, 1.1044e+01
9.2300e+01, 1.1038e+01
9.2400e+01, 1.1032e+01
9.2500e+01, 1.1025e+01
9.2600e+01, 1.1019e+01
9.2700e+01, 1.1013e+01
9.2900e+01, 1.1001e+01
9.3100e+01, 1.0989e+01
9.3200e+01, 1.0983e+01
9.3250e+01, 1.0979e+01
9.3300e+01, 1.0976e+01
9.3350e+01, 1.0973e+01
9.3400e+01, 1.0970e+01
9.3450e+01, 1.0967e+01
9.3500e+01, 1.0964e+01
9.3575e+01, 1.0960e+01
9.3650e+01, 1.0955e+01
9.3725e+01, 1.0951e+01
9.3800e+01, 1.0946e+01
9.4100e+01, 1.0928e+01
9.4500e+01, 1.0904e+01
9.4625e+01, 1.0897e+01
9.4750e+01, 1.0889e+01
9.4812e+01, 1.0885e+01
9.4875e+01, 1.0882e+01
9.4937e+01, 1.0878e+01
9.5000e+01, 1.0874e+01
9.5100e+01, 1.0868e+01
9.5300e+01, 1.0856e+01
9.5450e+01, 1.0848e+01
9.5600e+01, 1.0839e+01
9.5700e+01, 1.0833e+01
9.5800e+01, 1.0827e+01
9.5875e+01, 1.0823e+01
9.5950e+01, 1.0818e+01
9.6025e+01, 1.0814e+01
9.6100e+01, 1.0810e+01
9.6175e+01, 1.0805e+01
9.6250e+01, 1.0801e+01
9.6400e+01, 1.0792e+01
9.6500e+01, 1.0786e+01
9.6650e+01, 1.0778e+01
9.6800e+01, 1.0769e+01
9.6950e+01, 1.0760e+01
9.7100e+01, 1.0752e+01
9.7200e+01, 1.0746e+01
9.7500e+01, 1.0729e+01
9.7800e+01, 1.0712e+01
9.8100e+01, 1.0695e+01
9.8400e+01, 1.0678e+01
9.8550e+01, 1.0670e+01
9.8700e+01, 1.0661e+01
9.8900e+01, 1.0650e+01
9.9100e+01, 1.0639e+01
9.9300e+01, 1.0628e+01
9.9400e+01, 1.0622e+01
9.9500e+01, 1.0617e+01
9.9550e+01, 1.0614e+01
9.9600e+01, 1.0611e+01
9.9650e+01, 1.0608e+01
9.9700e+01, 1.0606e+01
9.9750e+01, 1.0603e+01
9.9800e+01, 1.0600e+01
9.9850e+01, 1.0597e+01
9.9900e+01, 1.0595e+01
9.9950e+01, 1.0592e+01
1.0000e+02, 1.0589e+01
1.0005e+02, 1.0586e+01
1.0010e+02, 1.0584e+01
1.0015e+02, 1.0581e+01
1.0020e+02, 1.0578e+01
1.0030e+02, 1.0573e+01
1.0040e+02, 1.0567e+01
1.0055e+02, 1.0559e+01
1.0070e+02, 1.0551e+01
1.0090e+02, 1.0540e+01
1.0100e+02, 1.0534e+01
1.0110e+02, 1.0529e+01
1.0115e+02, 1.0526e+01
1.0120e+02, 1.0523e+01
1.0124e+02, 1.0521e+01
1.0128e+02, 1.0519e+01
1.0135e+02, 1.0515e+01
1.0142e+02, 1.0511e+01
1.0150e+02, 1.0507e+01
1.0158e+02, 1.0503e+01
1.0165e+02, 1.0499e+01
1.0172e+02, 1.0495e+01
1.0180e+02, 1.0491e+01
1.0190e+02, 1.0486e+01
1.0200e+02, 1.0480e+01
1.0210e+02, 1.0475e+01
1.0220e+02, 1.0470e+01
1.0230e+02, 1.0464e+01
1.0260e+02, 1.0448e+01
1.0270e+02, 1.0443e+01
1.0280e+02, 1.0437e+01
1.0290e+02, 1.0432e+01
1.0300e+02, 1.0427e+01
1.0310e+02, 1.0422e+01
1.0320e+02, 1.0416e+01
1.0330e+02, 1.0411e+01
1.0345e+02, 1.0403e+01
1.0353e+02, 1.0399e+01
1.0360e+02, 1.0395e+01
1.0385e+02, 1.0382e+01
1.0410e+02, 1.0369e+01
1.0430e+02, 1.0359e+01
1.0450e+02, 1.0349e+01
1.0460e+02, 1.0343e+01
1.0470e+02, 1.0338e+01
1.0480e+02, 1.0333e+01
1.0490e+02, 1.0328e+01
1.0497e+02, 1.0324e+01
1.0505e+02, 1.0320e+01
1.0512e+02, 1.0316e+01
1.0520e+02, 1.0313e+01
1.0550e+02, 1.0297e+01
1.0585e+02, 1.0280e+01
1.0602e+02, 1.0271e+01
1.0620e+02, 1.0262e+01
1.0630e+02, 1.0257e+01
1.0642e+02, 1.0250e+01
1.0655e+02, 1.0244e+01
1.0667e+02, 1.0238e+01
1.0680e+02, 1.0232e+01
1.0710e+02, 1.0217e+01
1.0760e+02, 1.0192e+01
1.0800e+02, 1.0172e+01
1.0810e+02, 1.0167e+01
1.0820e+02, 1.0162e+01
1.0840e+02, 1.0153e+01
1.0860e+02, 1.0143e+01
1.0875e+02, 1.0136e+01
1.0890e+02, 1.0128e+01
1.0900e+02, 1.0123e+01
1.0910e+02, 1.0119e+01
1.0915e+02, 1.0116e+01
1.0920e+02, 1.0114e+01
1.0925e+02, 1.0111e+01
1.0930e+02, 1.0109e+01
1.0940e+02, 1.0104e+01
1.0950e+02, 1.0099e+01
1.0990e+02, 1.0080e+01
1.1000e+02, 1.0075e+01
1.1005e+02, 1.0073e+01
1.1010e+02, 1.0070e+01
1.1020e+02, 1.0066e+01
1.1035e+02, 1.0059e+01
1.1050e+02, 1.0051e+01
1.1065e+02, 1.0044e+01
1.1080e+02, 1.0037e+01
1.1100e+02, 1.0028e+01
1.1110e+02, 1.0023e+01
1.1120e+02, 1.0018e+01
1.1130e+02, 1.0014e+01
1.1140e+02, 1.0009e+01
1.1160e+02, 9.9996e+00
1.1165e+02, 9.9973e+00
1.1170e+02, 9.9949e+00
1.1175e+02, 9.9926e+00
1.1180e+02, 9.9903e+00
1.1185e+02, 9.9879e+00
1.1190e+02, 9.9856e+00
1.1210e+02, 9.9763e+00
1.1220e+02, 9.9717e+00
1.1230e+02, 9.9670e+00
1.1245e+02, 9.9601e+00
1.1260e+02, 9.9532e+00
1.1270e+02, 9.9485e+00
1.1280e+02, 9.9439e+00
1.1300e+02, 9.9348e+00
1.1310e+02, 9.9302e+00
1.1320e+02, 9.9256e+00
1.1324e+02, 9.9239e+00
1.1328e+02, 9.9222e+00
1.1335e+02, 9.9187e+00
1.1342e+02, 9.9153e+00
1.1350e+02, 9.9119e+00
1.1375e+02, 9.9005e+00
1.1400e+02, 9.8892e+00
1.1410e+02, 9.8846e+00
1.1430e+02, 9.8756e+00
1.1450e+02, 9.8666e+00
1.1470e+02, 9.8576e+00
1.1480e+02, 9.8531e+00
1.1490e+02, 9.8487e+00
1.1495e+02, 9.8464e+00
1.1500e+02, 9.8442e+00
1.1505e+02, 9.8420e+00
1.1510e+02, 9.8397e+00
1.1520e+02, 9.8353e+00
1.1530e+02, 9.8308e+00
1.1540e+02, 9.8264e+00
1.1550e+02, 9.8219e+00
1.1560e+02, 9.8175e+00
1.1580e+02, 9.8086e+00
1.1600e+02, 9.7998e+00
1.1620e+02, 9.7910e+00
1.1640e+02, 9.7822e+00
1.1650e+02, 9.7778e+00
1.1660e+02, 9.7735e+00
1.1670e+02, 9.7691e+00
1.1675e+02, 9.7669e+00
1.1680e+02, 9.7647e+00
1.1688e+02, 9.7615e+00
1.1695e+02, 9.7582e+00
1.1703e+02, 9.7549e+00
1.1710e+02, 9.7517e+00
1.1730e+02, 9.7430e+00
1.1750e+02, 9.7343e+00
1.1770e+02, 9.7257e+00
1.1778e+02, 9.7225e+00
1.1785e+02, 9.7192e+00
1.1792e+02, 9.7160e+00
1.1800e+02, 9.7128e+00
1.1810e+02, 9.7085e+00
1.1820e+02, 9.7042e+00
1.1830e+02, 9.6999e+00
1.1840e+02, 9.6956e+00
1.1850e+02, 9.6914e+00
1.1860e+02, 9.6871e+00
1.1870e+02, 9.6828e+00
1.1880e+02, 9.6786e+00
1.1886e+02, 9.6759e+00
1.1892e+02, 9.6733e+00
1.1899e+02, 9.6706e+00
1.1905e+02, 9.6680e+00
1.1917e+02, 9.6627e+00
1.1930e+02, 9.6574e+00
1.1938e+02, 9.6542e+00
1.1945e+02, 9.6511e+00
1.1960e+02, 9.6447e+00
1.1995e+02, 9.6300e+00
1.2030e+02, 9.6154e+00
1.2050e+02, 9.6071e+00
1.2070e+02, 9.5988e+00
1.2090e+02, 9.5905e+00
1.2110e+02, 9.5822e+00
1.2150e+02, 9.5657e+00
1.2170e+02, 9.5575e+00
1.2190e+02, 9.5493e+00
1.2210e+02, 9.5412e+00
1.2230e+02, 9.5330e+00
1.2240e+02, 9.5290e+00
1.2265e+02, 9.5188e+00
1.2290e+02, 9.5087e+00
1.2300e+02, 9.5047e+00
1.2310e+02, 9.5006e+00
1.2320e+02, 9.4966e+00
1.2330e+02, 9.4926e+00
1.2338e+02, 9.4896e+00
1.2345e+02, 9.4866e+00
1.2353e+02, 9.4836e+00
1.2360e+02, 9.4806e+00
1.2365e+02, 9.4786e+00
1.2367e+02, 9.4776e+00
1.2370e+02, 9.4766e+00
1.2375e+02, 9.4746e+00
1.2378e+02, 9.4736e+00
1.2380e+02, 9.4726e+00
1.2385e+02, 9.4706e+00
1.2390e+02, 9.4686e+00
1.2430e+02, 9.4527e+00
1.2440e+02, 9.4487e+00
1.2460e+02, 9.4408e+00
1.2470e+02, 9.4368e+00
1.2480e+02, 9.4329e+00
1.2490e+02, 9.4289e+00
1.2500e+02, 9.4250e+00
1.2510e+02, 9.4211e+00
1.2520e+02, 9.4171e+00
1.2528e+02, 9.4142e+00
1.2535e+02, 9.4112e+00
1.2542e+02, 9.4083e+00
1.2550e+02, 9.4054e+00
1.2565e+02, 9.3995e+00
1.2580e+02, 9.3937e+00
1.2610e+02, 9.3820e+00
1.2660e+02, 9.3626e+00
1.2675e+02, 9.3568e+00
1.2690e+02, 9.3511e+00
1.2703e+02, 9.3463e+00
1.2715e+02, 9.3415e+00
1.2740e+02, 9.3319e+00
1.2750e+02, 9.3281e+00
1.2770e+02, 9.3205e+00
1.2780e+02, 9.3166e+00
1.2790e+02, 9.3128e+00
1.2800e+02, 9.3090e+00
1.2810e+02, 9.3053e+00
1.2818e+02, 9.3024e+00
1.2825e+02, 9.2996e+00
1.2832e+02, 9.2967e+00
1.2840e+02, 9.2939e+00
1.2850e+02, 9.2901e+00
1.2870e+02, 9.2826e+00
1.2910e+02, 9.2676e+00
1.2922e+02, 9.2629e+00
1.2935e+02, 9.2583e+00
1.2960e+02, 9.2489e+00
1.2985e+02, 9.2396e+00
1.3010e+02, 9.2303e+00
1.3045e+02, 9.2174e+00
1.3080e+02, 9.2045e+00
1.3120e+02, 9.1898e+00
1.3128e+02, 9.1871e+00
1.3135e+02, 9.1844e+00
1.3143e+02, 9.1816e+00
1.3150e+02, 9.1789e+00
1.3155e+02, 9.1771e+00
1.3160e+02, 9.1753e+00
1.3165e+02, 9.1734e+00
1.3170e+02, 9.1716e+00
1.3175e+02, 9.1698e+00
1.3180e+02, 9.1680e+00
1.3185e+02, 9.1662e+00
1.3190e+02, 9.1644e+00
1.3200e+02, 9.1607e+00
1.3210e+02, 9.1571e+00
1.3220e+02, 9.1535e+00
1.3240e+02, 9.1463e+00
1.3250e+02, 9.1427e+00
1.3260e+02, 9.1391e+00
1.3265e+02, 9.1373e+00
1.3270e+02, 9.1355e+00
1.3280e+02, 9.1319e+00
1.3290e+02, 9.1283e+00
1.3300e+02, 9.1247e+00
1.3310e+02, 9.1211e+00
1.3320e+02, 9.1176e+00
1.3350e+02, 9.1069e+00
1.3400e+02, 9.0891e+00
1.3430e+02, 9.0785e+00
1.3460e+02, 9.0680e+00
1.3490e+02, 9.0574e+00
1.3520e+02, 9.0469e+00
1.3560e+02, 9.0330e+00
1.3575e+02, 9.0278e+00
1.3582e+02, 9.0252e+00
1.3590e+02, 9.0226e+00
1.3600e+02, 9.0191e+00
1.3605e+02, 9.0174e+00
1.3610e+02, 9.0157e+00
1.3620e+02, 9.0122e+00
1.3630e+02, 9.0088e+00
1.3633e+02, 9.0076e+00
1.3640e+02, 9.0053e+00
1.3647e+02, 9.0027e+00
1.3655e+02, 9.0001e+00
1.3670e+02, 8.9950e+00
1.3678e+02, 8.9924e+00
1.3685e+02, 8.9898e+00
1.3700e+02, 8.9847e+00
1.3707e+02, 8.9821e+00
1.3715e+02, 8.9796e+00
1.3730e+02, 8.9744e+00
1.3740e+02, 8.9710e+00
1.3750e+02, 8.9676e+00
1.3760e+02, 8.9642e+00
1.3770e+02, 8.9608e+00
1.3780e+02, 8.9574e+00
1.3788e+02, 8.9549e+00
1.3795e+02, 8.9524e+00
1.3803e+02, 8.9498e+00
1.3810e+02, 8.9473e+00
1.3815e+02, 8.9456e+00
1.3820e+02, 8.9439e+00
1.3830e+02, 8.9405e+00
1.3835e+02, 8.9388e+00
1.3840e+02, 8.9371e+00
1.3845e+02, 8.9355e+00
1.3850e+02, 8.9338e+00
1.3860e+02, 8.9304e+00
1.3870e+02, 8.9271e+00
1.3880e+02, 8.9237e+00
1.3890e+02, 8.9203e+00
1.3900e+02, 8.9170e+00
1.3915e+02, 8.9120e+00
1.3930e+02, 8.9070e+00
1.3955e+02, 8.8986e+00
1.3980e+02, 8.8903e+00
1.4000e+02, 8.8837e+00
1.4020e+02, 8.8771e+00
1.4040e+02, 8.8705e+00
1.4050e+02, 8.8672e+00
1.4055e+02, 8.8655e+00
1.4060e+02, 8.8639e+00
1.4070e+02, 8.8606e+00
1.4076e+02, 8.8586e+00
1.4082e+02, 8.8565e+00
1.4095e+02, 8.8524e+00
1.4107e+02, 8.8483e+00
1.4120e+02, 8.8442e+00
1.4134e+02, 8.8397e+00
1.4147e+02, 8.8353e+00
1.4161e+02, 8.8308e+00
1.4175e+02, 8.8263e+00
1.4189e+02, 8.8219e+00
1.4202e+02, 8.8174e+00
1.4230e+02, 8.8085e+00
1.4250e+02, 8.8020e+00
1.4270e+02, 8.7956e+00
1.4290e+02, 8.7891e+00
1.4305e+02, 8.7843e+00
1.4320e+02, 8.7795e+00
1.4330e+02, 8.7763e+00
1.4350e+02, 8.7699e+00
1.4390e+02, 8.7572e+00
1.4430e+02, 8.7445e+00
1.4460e+02, 8.7351e+00
1.4470e+02, 8.7319e+00
1.4480e+02, 8.7288e+00
1.4500e+02, 8.7225e+00
1.4520e+02, 8.7162e+00
1.4540e+02, 8.7099e+00
1.4570e+02, 8.7006e+00
1.4582e+02, 8.6967e+00
1.4595e+02, 8.6928e+00
1.4607e+02, 8.6889e+00
1.4614e+02, 8.6870e+00
1.4620e+02, 8.6850e+00
1.4630e+02, 8.6819e+00
1.4640e+02, 8.6788e+00
1.4650e+02, 8.6758e+00
1.4660e+02, 8.6727e+00
1.4670e+02, 8.6696e+00
1.4680e+02, 8.6665e+00
1.4700e+02, 8.6603e+00
1.4735e+02, 8.6496e+00
1.4770e+02, 8.6389e+00
1.4820e+02, 8.6237e+00
1.4845e+02, 8.6161e+00
1.4870e+02, 8.6085e+00
1.4882e+02, 8.6048e+00
1.4895e+02, 8.6010e+00
1.4920e+02, 8.5935e+00
1.4945e+02, 8.5860e+00
1.4970e+02, 8.5785e+00
1.4980e+02, 8.5755e+00
1.5000e+02, 8.5695e+00
1.5020e+02, 8.5635e+00
1.5032e+02, 8.5598e+00
1.5045e+02, 8.5561e+00
1.5057e+02, 8.5524e+00
1.5070e+02, 8.5487e+00
1.5078e+02, 8.5465e+00
1.5085e+02, 8.5443e+00
1.5093e+02, 8.5421e+00
1.5096e+02, 8.5410e+00
1.5100e+02, 8.5398e+00
1.5105e+02, 8.5384e+00
1.5107e+02, 8.5376e+00
1.5110e+02, 8.5369e+00
1.5115e+02, 8.5354e+00
1.5120e+02, 8.5339e+00
1.5130e+02, 8.5310e+00
1.5150e+02, 8.5251e+00
1.5170e+02, 8.5192e+00
1.5180e+02, 8.5163e+00
1.5190e+02, 8.5134e+00
1.5195e+02, 8.5119e+00
1.5200e+02, 8.5105e+00
1.5210e+02, 8.5075e+00
1.5220e+02, 8.5046e+00
1.5230e+02, 8.5017e+00
1.5240e+02, 8.4988e+00
1.5250e+02, 8.4959e+00
1.5270e+02, 8.4901e+00
1.5290e+02, 8.4843e+00
1.5305e+02, 8.4799e+00
1.5320e+02, 8.4756e+00
1.5329e+02, 8.4731e+00
1.5338e+02, 8.4706e+00
1.5346e+02, 8.4680e+00
1.5355e+02, 8.4655e+00
1.5372e+02, 8.4605e+00
1.5390e+02, 8.4555e+00
1.5400e+02, 8.4526e+00
1.5420e+02, 8.4469e+00
1.5430e+02, 8.4440e+00
1.5440e+02, 8.4412e+00
1.5450e+02, 8.4383e+00
1.5460e+02, 8.4355e+00
1.5470e+02, 8.4326e+00
1.5475e+02, 8.4312e+00
1.5480e+02, 8.4298e+00
1.5490e+02, 8.4269e+00
1.5500e+02, 8.4241e+00
1.5515e+02, 8.4198e+00
1.5530e+02, 8.4156e+00
1.5540e+02, 8.4128e+00
1.5545e+02, 8.4114e+00
1.5550e+02, 8.4100e+00
1.5560e+02, 8.4071e+00
1.5570e+02, 8.4043e+00
1.5578e+02, 8.4022e+00
1.5585e+02, 8.4001e+00
1.5600e+02, 8.3959e+00
1.5622e+02, 8.3896e+00
1.5645e+02, 8.3833e+00
1.5667e+02, 8.3770e+00
1.5690e+02, 8.3707e+00
1.5715e+02, 8.3637e+00
1.5740e+02, 8.3568e+00
1.5760e+02, 8.3513e+00
1.5768e+02, 8.3492e+00
1.5775e+02, 8.3471e+00
1.5790e+02, 8.3430e+00
1.5800e+02, 8.3402e+00
1.5810e+02, 8.3375e+00
1.5820e+02, 8.3347e+00
1.5830e+02, 8.3320e+00
1.5840e+02, 8.3292e+00
1.5850e+02, 8.3265e+00
1.5860e+02, 8.3238e+00
1.5870e+02, 8.3210e+00
1.5885e+02, 8.3169e+00
1.5900e+02, 8.3128e+00
1.5910e+02, 8.3101e+00
1.5940e+02, 8.3019e+00
1.5953e+02, 8.2985e+00
1.5965e+02, 8.2951e+00
1.5978e+02, 8.2917e+00
1.5990e+02, 8.2884e+00
1.6005e+02, 8.2843e+00
1.6020e+02, 8.2803e+00
1.6040e+02, 8.2749e+00
1.6100e+02, 8.2588e+00
1.6120e+02, 8.2534e+00
1.6140e+02, 8.2481e+00
1.6153e+02, 8.2447e+00
1.6165e+02, 8.2414e+00
1.6178e+02, 8.2381e+00
1.6190e+02, 8.2348e+00
1.6200e+02, 8.2321e+00
1.6210e+02, 8.2295e+00
1.6220e+02, 8.2268e+00
1.6230e+02, 8.2242e+00
1.6240e+02, 8.2215e+00
1.6250e+02, 8.2189e+00
1.6256e+02, 8.2172e+00
1.6262e+02, 8.2156e+00
1.6275e+02, 8.2123e+00
1.6288e+02, 8.2090e+00
1.6300e+02, 8.2057e+00
1.6310e+02, 8.2031e+00
1.6350e+02, 8.1926e+00
1.6365e+02, 8.1887e+00
1.6380e+02, 8.1848e+00
1.6395e+02, 8.1809e+00
1.6403e+02, 8.1789e+00
1.6410e+02, 8.1770e+00
1.6420e+02, 8.1744e+00
1.6440e+02, 8.1692e+00
1.6470e+02, 8.1614e+00
1.6485e+02, 8.1575e+00
1.6500e+02, 8.1537e+00
1.6510e+02, 8.1511e+00
1.6530e+02, 8.1459e+00
1.6550e+02, 8.1408e+00
1.6565e+02, 8.1369e+00
1.6572e+02, 8.1350e+00
1.6580e+02, 8.1331e+00
1.6590e+02, 8.1305e+00
1.6600e+02, 8.1280e+00
1.6615e+02, 8.1242e+00
1.6630e+02, 8.1203e+00
1.6660e+02, 8.1127e+00
1.6670e+02, 8.1102e+00
1.6680e+02, 8.1076e+00
1.6690e+02, 8.1051e+00
1.6700e+02, 8.1025e+00
1.6710e+02, 8.1000e+00
1.6720e+02, 8.0975e+00
1.6730e+02, 8.0950e+00
1.6740e+02, 8.0924e+00
1.6745e+02, 8.0912e+00
1.6750e+02, 8.0899e+00
1.6760e+02, 8.0874e+00
1.6766e+02, 8.0860e+00
1.6771e+02, 8.0846e+00
1.6782e+02, 8.0818e+00
1.6794e+02, 8.0789e+00
1.6805e+02, 8.0761e+00
1.6816e+02, 8.0733e+00
1.6827e+02, 8.0705e+00
1.6839e+02, 8.0676e+00
1.6850e+02, 8.0648e+00
1.6870e+02, 8.0598e+00
1.6900e+02, 8.0524e+00
1.6915e+02, 8.0486e+00
1.6930e+02, 8.0449e+00
1.6945e+02, 8.0412e+00
1.6953e+02, 8.0393e+00
1.6960e+02, 8.0375e+00
1.6968e+02, 8.0356e+00
1.6975e+02, 8.0338e+00
1.6982e+02, 8.0319e+00
1.6990e+02, 8.0301e+00
1.6995e+02, 8.0288e+00
1.7000e+02, 8.0276e+00
1.7005e+02, 8.0264e+00
1.7010e+02, 8.0251e+00
1.7015e+02, 8.0239e+00
1.7020e+02, 8.0227e+00
1.7025e+02, 8.0214e+00
1.7030e+02, 8.0202e+00
1.7040e+02, 8.0178e+00
1.7055e+02, 8.0141e+00
1.7070e+02, 8.0104e+00
1.7110e+02, 8.0006e+00
1.7140e+02, 7.9933e+00
1.7153e+02, 7.9903e+00
1.7165e+02, 7.9872e+00
1.7178e+02, 7.9842e+00
1.7190e+02, 7.9812e+00
1.7220e+02, 7.9739e+00
1.7270e+02, 7.9619e+00
1.7280e+02, 7.9595e+00
1.7290e+02, 7.9570e+00
1.7300e+02, 7.9546e+00
1.7310e+02, 7.9522e+00
1.7330e+02, 7.9475e+00
1.7360e+02, 7.9403e+00
1.7390e+02, 7.9331e+00
1.7410e+02, 7.9284e+00
1.7420e+02, 7.9260e+00
1.7430e+02, 7.9236e+00
1.7440e+02, 7.9213e+00
1.7450e+02, 7.9189e+00
1.7455e+02, 7.9177e+00
1.7460e+02, 7.9165e+00
1.7466e+02, 7.9152e+00
1.7471e+02, 7.9139e+00
1.7482e+02, 7.9112e+00
1.7494e+02, 7.9086e+00
1.7505e+02, 7.9059e+00
1.7516e+02, 7.9033e+00
1.7527e+02, 7.9006e+00
1.7539e+02, 7.8980e+00
1.7550e+02, 7.8953e+00
1.7565e+02, 7.8918e+00
1.7580e+02, 7.8883e+00
1.7590e+02, 7.8859e+00
1.7610e+02, 7.8813e+00
1.7630e+02, 7.8766e+00
1.7640e+02, 7.8743e+00
1.7650e+02, 7.8719e+00
1.7660e+02, 7.8696e+00
1.7670e+02, 7.8673e+00
1.7680e+02, 7.8650e+00
1.7690e+02, 7.8626e+00
1.7710e+02, 7.8580e+00
1.7725e+02, 7.8545e+00
1.7740e+02, 7.8511e+00
1.7755e+02, 7.8476e+00
1.7770e+02, 7.8441e+00
1.7788e+02, 7.8401e+00
1.7805e+02, 7.8361e+00
1.7822e+02, 7.8321e+00
1.7840e+02, 7.8281e+00
1.7870e+02, 7.8212e+00
1.7910e+02, 7.8121e+00
1.7950e+02, 7.8030e+00
1.7985e+02, 7.7951e+00
1.8020e+02, 7.7871e+00
1.8097e+02, 7.7698e+00
1.8140e+02, 7.7602e+00
1.8170e+02, 7.7535e+00
1.8200e+02, 7.7469e+00
1.8220e+02, 7.7424e+00
1.8230e+02, 7.7402e+00
1.8240e+02, 7.7380e+00
1.8250e+02, 7.7358e+00
1.8260e+02, 7.7336e+00
1.8270e+02, 7.7314e+00
1.8280e+02, 7.7291e+00
1.8295e+02, 7.7258e+00
1.8310e+02, 7.7225e+00
1.8345e+02, 7.7148e+00
1.8380e+02, 7.7072e+00
1.8390e+02, 7.7050e+00
1.8420e+02, 7.6984e+00
1.8435e+02, 7.6952e+00
1.8450e+02, 7.6919e+00
1.8468e+02, 7.6881e+00
1.8485e+02, 7.6843e+00
1.8503e+02, 7.6805e+00
1.8520e+02, 7.6767e+00
1.8540e+02, 7.6724e+00
1.8585e+02, 7.6627e+00
1.8607e+02, 7.6579e+00
1.8630e+02, 7.6530e+00
1.8640e+02, 7.6509e+00
1.8670e+02, 7.6445e+00
1.8685e+02, 7.6413e+00
1.8700e+02, 7.6381e+00
1.8718e+02, 7.6343e+00
1.8735e+02, 7.6306e+00
1.8753e+02, 7.6269e+00
1.8770e+02, 7.6232e+00
1.8790e+02, 7.6189e+00
1.8830e+02, 7.6105e+00
1.8850e+02, 7.6063e+00
1.8870e+02, 7.6021e+00
1.8882e+02, 7.5994e+00
1.8895e+02, 7.5968e+00
1.8907e+02, 7.5942e+00
1.8920e+02, 7.5916e+00
1.8930e+02, 7.5895e+00
1.8950e+02, 7.5853e+00
1.8970e+02, 7.5811e+00
1.9010e+02, 7.5728e+00
1.9035e+02, 7.5676e+00
1.9060e+02, 7.5624e+00
1.9075e+02, 7.5593e+00
1.9090e+02, 7.5562e+00
1.9105e+02, 7.5531e+00
1.9112e+02, 7.5516e+00
1.9120e+02, 7.5500e+00
1.9130e+02, 7.5480e+00
1.9140e+02, 7.5459e+00
1.9160e+02, 7.5418e+00
1.9180e+02, 7.5377e+00
1.9200e+02, 7.5336e+00
1.9216e+02, 7.5303e+00
1.9232e+02, 7.5270e+00
1.9249e+02, 7.5236e+00
1.9265e+02, 7.5203e+00
1.9297e+02, 7.5137e+00
1.9330e+02, 7.5071e+00
1.9350e+02, 7.5031e+00
1.9370e+02, 7.4990e+00
1.9382e+02, 7.4965e+00
1.9395e+02, 7.4940e+00
1.9407e+02, 7.4914e+00
1.9420e+02, 7.4889e+00
1.9435e+02, 7.4859e+00
1.9450e+02, 7.4829e+00
1.9465e+02, 7.4799e+00
1.9480e+02, 7.4769e+00
1.9520e+02, 7.4689e+00
1.9530e+02, 7.4669e+00
1.9580e+02, 7.4569e+00
1.9600e+02, 7.4530e+00
1.9620e+02, 7.4490e+00
1.9635e+02, 7.4460e+00
1.9650e+02, 7.4430e+00
1.9665e+02, 7.4401e+00
1.9680e+02, 7.4371e+00
1.9695e+02, 7.4342e+00
1.9710e+02, 7.4312e+00
1.9730e+02, 7.4273e+00
1.9770e+02, 7.4194e+00
1.9790e+02, 7.4155e+00
1.9810e+02, 7.4116e+00
1.9825e+02, 7.4087e+00
1.9840e+02, 7.4058e+00
1.9855e+02, 7.4028e+00
1.9870e+02, 7.3999e+00
1.9885e+02, 7.3970e+00
1.9900e+02, 7.3941e+00
1.9920e+02, 7.3902e+00
1.9935e+02, 7.3873e+00
1.9950e+02, 7.3844e+00
1.9965e+02, 7.3815e+00
1.9980e+02, 7.3786e+00
2.0000e+02, 7.3748e+00
2.0010e+02, 7.3728e+00
2.0030e+02, 7.3690e+00
2.0050e+02, 7.3651e+00
2.0059e+02, 7.3634e+00
2.0068e+02, 7.3617e+00
2.0085e+02, 7.3583e+00
2.0103e+02, 7.3550e+00
2.0120e+02, 7.3516e+00
2.0170e+02, 7.3420e+00
2.0220e+02, 7.3325e+00
2.0235e+02, 7.3296e+00
2.0250e+02, 7.3267e+00
2.0265e+02, 7.3239e+00
2.0280e+02, 7.3210e+00
2.0310e+02, 7.3154e+00
2.0355e+02, 7.3068e+00
2.0400e+02, 7.2984e+00
2.0440e+02, 7.2908e+00
2.0453e+02, 7.2885e+00
2.0465e+02, 7.2862e+00
2.0478e+02, 7.2838e+00
2.0490e+02, 7.2815e+00
2.0510e+02, 7.2777e+00
2.0530e+02, 7.2740e+00
2.0570e+02, 7.2666e+00
2.0630e+02, 7.2554e+00
2.0645e+02, 7.2527e+00
2.0660e+02, 7.2499e+00
2.0678e+02, 7.2467e+00
2.0695e+02, 7.2434e+00
2.0712e+02, 7.2402e+00
2.0730e+02, 7.2370e+00
2.0750e+02, 7.2333e+00
2.0785e+02, 7.2269e+00
2.0820e+02, 7.2205e+00
2.0850e+02, 7.2151e+00
2.0865e+02, 7.2123e+00
2.0880e+02, 7.2096e+00
2.0900e+02, 7.2060e+00
2.0935e+02, 7.1996e+00
2.0970e+02, 7.1933e+00
2.0995e+02, 7.1888e+00
2.1020e+02, 7.1843e+00
2.1050e+02, 7.1789e+00
2.1080e+02, 7.1736e+00
2.1100e+02, 7.1700e+00
2.1120e+02, 7.1664e+00
2.1220e+02, 7.1486e+00
2.1260e+02, 7.1415e+00
2.1275e+02, 7.1389e+00
2.1290e+02, 7.1362e+00
2.1305e+02, 7.1336e+00
2.1320e+02, 7.1310e+00
2.1335e+02, 7.1283e+00
2.1350e+02, 7.1257e+00
2.1420e+02, 7.1134e+00
2.1460e+02, 7.1065e+00
2.1520e+02, 7.0960e+00
2.1545e+02, 7.0917e+00
2.1570e+02, 7.0874e+00
2.1620e+02, 7.0787e+00
2.1640e+02, 7.0753e+00
2.1660e+02, 7.0719e+00
2.1680e+02, 7.0684e+00
2.1700e+02, 7.0650e+00
2.1720e+02, 7.0616e+00
2.1740e+02, 7.0582e+00
2.1770e+02, 7.0530e+00
2.1860e+02, 7.0378e+00
2.1882e+02, 7.0339e+00
2.1905e+02, 7.0301e+00
2.1916e+02, 7.0282e+00
2.1928e+02, 7.0263e+00
2.1939e+02, 7.0245e+00
2.1950e+02, 7.0226e+00
2.1965e+02, 7.0200e+00
2.1980e+02, 7.0175e+00
2.1990e+02, 7.0158e+00
2.2010e+02, 7.0125e+00
2.2030e+02, 7.0091e+00
2.2053e+02, 7.0054e+00
2.2075e+02, 7.0016e+00
2.2097e+02, 6.9979e+00
2.2120e+02, 6.9941e+00
2.2140e+02, 6.9908e+00
2.2190e+02, 6.9825e+00
2.2215e+02, 6.9784e+00
2.2240e+02, 6.9742e+00
2.2250e+02, 6.9726e+00
2.2270e+02, 6.9693e+00
2.2290e+02, 6.9660e+00
2.2300e+02, 6.9644e+00
2.2310e+02, 6.9627e+00
2.2320e+02, 6.9611e+00
2.2330e+02, 6.9594e+00
2.2340e+02, 6.9578e+00
2.2350e+02, 6.9562e+00
2.2362e+02, 6.9541e+00
2.2375e+02, 6.9521e+00
2.2387e+02, 6.9500e+00
2.2400e+02, 6.9480e+00
2.2425e+02, 6.9439e+00
2.2450e+02, 6.9398e+00
2.2480e+02, 6.9350e+00
2.2510e+02, 6.9301e+00
2.2540e+02, 6.9253e+00
2.2562e+02, 6.9216e+00
2.2585e+02, 6.9180e+00
2.2607e+02, 6.9144e+00
2.2619e+02, 6.9126e+00
2.2630e+02, 6.9108e+00
2.2645e+02, 6.9083e+00
2.2660e+02, 6.9059e+00
2.2675e+02, 6.9035e+00
2.2690e+02, 6.9011e+00
2.2715e+02, 6.8971e+00
2.2740e+02, 6.8932e+00
2.2795e+02, 6.8844e+00
2.2850e+02, 6.8757e+00
2.2900e+02, 6.8678e+00
2.2917e+02, 6.8650e+00
2.2935e+02, 6.8623e+00
2.2970e+02, 6.8568e+00
2.3005e+02, 6.8513e+00
2.3040e+02, 6.8458e+00
2.3057e+02, 6.8431e+00
2.3075e+02, 6.8403e+00
2.3110e+02, 6.8349e+00
2.3120e+02, 6.8333e+00
2.3145e+02, 6.8294e+00
2.3170e+02, 6.8256e+00
2.3185e+02, 6.8232e+00
2.3200e+02, 6.8209e+00
2.3215e+02, 6.8186e+00
2.3222e+02, 6.8174e+00
2.3230e+02, 6.8163e+00
2.3250e+02, 6.8132e+00
2.3260e+02, 6.8117e+00
2.3290e+02, 6.8070e+00
2.3325e+02, 6.8017e+00
2.3360e+02, 6.7963e+00
2.3380e+02, 6.7932e+00
2.3440e+02, 6.7841e+00
2.3457e+02, 6.7814e+00
2.3475e+02, 6.7788e+00
2.3493e+02, 6.7761e+00
2.3510e+02, 6.7735e+00
2.3530e+02, 6.7704e+00
2.3590e+02, 6.7614e+00
2.3610e+02, 6.7584e+00
2.3630e+02, 6.7553e+00
2.3650e+02, 6.7523e+00
2.3670e+02, 6.7493e+00
2.3680e+02, 6.7478e+00
2.3703e+02, 6.7445e+00
2.3725e+02, 6.7411e+00
2.3770e+02, 6.7344e+00
2.3785e+02, 6.7321e+00
2.3800e+02, 6.7299e+00
2.3830e+02, 6.7255e+00
2.3847e+02, 6.7229e+00
2.3865e+02, 6.7203e+00
2.3882e+02, 6.7177e+00
2.3900e+02, 6.7151e+00
2.3935e+02, 6.7099e+00
2.3970e+02, 6.7048e+00
2.4000e+02, 6.7004e+00
2.4022e+02, 6.6971e+00
2.4066e+02, 6.6906e+00
2.4110e+02, 6.6843e+00
2.4180e+02, 6.6741e+00
2.4195e+02, 6.6719e+00
2.4210e+02, 6.6697e+00
2.4225e+02, 6.6675e+00
2.4240e+02, 6.6654e+00
2.4270e+02, 6.6610e+00
2.4300e+02, 6.6567e+00
2.4350e+02, 6.6495e+00
2.4380e+02, 6.6452e+00
2.4395e+02, 6.6431e+00
2.4410e+02, 6.6409e+00
2.4437e+02, 6.6370e+00
2.4465e+02, 6.6331e+00
2.4492e+02, 6.6292e+00
2.4506e+02, 6.6272e+00
2.4520e+02, 6.6252e+00
2.4530e+02, 6.6238e+00
2.4560e+02, 6.6196e+00
2.4574e+02, 6.6176e+00
2.4587e+02, 6.6157e+00
2.4601e+02, 6.6137e+00
2.4615e+02, 6.6118e+00
2.4629e+02, 6.6098e+00
2.4642e+02, 6.6079e+00
2.4670e+02, 6.6040e+00
2.4682e+02, 6.6023e+00
2.4695e+02, 6.6005e+00
2.4707e+02, 6.5987e+00
2.4720e+02, 6.5970e+00
2.4735e+02, 6.5949e+00
2.4750e+02, 6.5928e+00
2.4780e+02, 6.5886e+00
2.4840e+02, 6.5802e+00
2.4900e+02, 6.5719e+00
2.4950e+02, 6.5649e+00
2.4975e+02, 6.5615e+00
2.5000e+02, 6.5580e+00
2.5020e+02, 6.5553e+00
2.5070e+02, 6.5484e+00
2.5135e+02, 6.5395e+00
2.5200e+02, 6.5306e+00
2.5210e+02, 6.5292e+00
2.5260e+02, 6.5224e+00
2.5280e+02, 6.5197e+00
2.5300e+02, 6.5170e+00
2.5312e+02, 6.5153e+00
2.5325e+02, 6.5136e+00
2.5350e+02, 6.5102e+00
2.5375e+02, 6.5069e+00
2.5400e+02, 6.5035e+00
2.5430e+02, 6.4994e+00
2.5480e+02, 6.4927e+00
2.5503e+02, 6.4897e+00
2.5525e+02, 6.4867e+00
2.5547e+02, 6.4837e+00
2.5570e+02, 6.4807e+00
2.5590e+02, 6.4780e+00
2.5610e+02, 6.4754e+00
2.5640e+02, 6.4714e+00
2.5730e+02, 6.4595e+00
2.5740e+02, 6.4582e+00
2.5810e+02, 6.4489e+00
2.5860e+02, 6.4424e+00
2.5910e+02, 6.4358e+00
2.5940e+02, 6.4319e+00
2.5955e+02, 6.4300e+00
2.5970e+02, 6.4280e+00
2.5982e+02, 6.4264e+00
2.5995e+02, 6.4247e+00
2.6020e+02, 6.4215e+00
2.6040e+02, 6.4189e+00
2.6060e+02, 6.4163e+00
2.6080e+02, 6.4137e+00
2.6100e+02, 6.4111e+00
2.6120e+02, 6.4086e+00
2.6210e+02, 6.3970e+00
2.6275e+02, 6.3886e+00
2.6340e+02, 6.3803e+00
2.6375e+02, 6.3759e+00
2.6410e+02, 6.3714e+00
2.6450e+02, 6.3664e+00
2.6470e+02, 6.3638e+00
2.6490e+02, 6.3613e+00
2.6510e+02, 6.3588e+00
2.6535e+02, 6.3556e+00
2.6560e+02, 6.3525e+00
2.6595e+02, 6.3481e+00
2.6630e+02, 6.3437e+00
2.6640e+02, 6.3424e+00
2.6700e+02, 6.3349e+00
2.6718e+02, 6.3328e+00
2.6735e+02, 6.3306e+00
2.6752e+02, 6.3284e+00
2.6770e+02, 6.3262e+00
2.6785e+02, 6.3244e+00
2.6800e+02, 6.3225e+00
2.6840e+02, 6.3175e+00
2.6920e+02, 6.3077e+00
2.6945e+02, 6.3046e+00
2.6970e+02, 6.3015e+00
2.6987e+02, 6.2994e+00
2.7005e+02, 6.2972e+00
2.7022e+02, 6.2951e+00
2.7040e+02, 6.2929e+00
2.7075e+02, 6.2887e+00
2.7110e+02, 6.2844e+00
2.7130e+02, 6.2819e+00
2.7170e+02, 6.2771e+00
2.7210e+02, 6.2722e+00
2.7230e+02, 6.2698e+00
2.7250e+02, 6.2674e+00
2.7270e+02, 6.2649e+00
2.7290e+02, 6.2625e+00
2.7350e+02, 6.2553e+00
2.7450e+02, 6.2433e+00
2.7515e+02, 6.2355e+00
2.7580e+02, 6.2278e+00
2.7660e+02, 6.2183e+00
2.7740e+02, 6.2089e+00
2.7765e+02, 6.2059e+00
2.7790e+02, 6.2030e+00
2.7815e+02, 6.2001e+00
2.7840e+02, 6.1971e+00
2.7880e+02, 6.1925e+00
2.7900e+02, 6.1901e+00
2.7920e+02, 6.1878e+00
2.7940e+02, 6.1855e+00
2.7960e+02, 6.1831e+00
2.7980e+02, 6.1808e+00
2.8000e+02, 6.1785e+00
2.8020e+02, 6.1762e+00
2.8060e+02, 6.1715e+00
2.8085e+02, 6.1686e+00
2.8110e+02, 6.1658e+00
2.8135e+02, 6.1629e+00
2.8160e+02, 6.1600e+00
2.8170e+02, 6.1588e+00
2.8230e+02, 6.1520e+00
2.8248e+02, 6.1500e+00
2.8265e+02, 6.1479e+00
2.8282e+02, 6.1459e+00
2.8300e+02, 6.1439e+00
2.8315e+02, 6.1422e+00
2.8330e+02, 6.1405e+00
2.8345e+02, 6.1388e+00
2.8360e+02, 6.1371e+00
2.8390e+02, 6.1337e+00
2.8420e+02, 6.1303e+00
2.8430e+02, 6.1292e+00
2.8470e+02, 6.1246e+00
2.8485e+02, 6.1229e+00
2.8500e+02, 6.1212e+00
2.8515e+02, 6.1195e+00
2.8530e+02, 6.1178e+00
2.8550e+02, 6.1156e+00
2.8570e+02, 6.1133e+00
2.8590e+02, 6.1111e+00
2.8610e+02, 6.1088e+00
2.8635e+02, 6.1060e+00
2.8660e+02, 6.1032e+00
2.8682e+02, 6.1007e+00
2.8705e+02, 6.0982e+00
2.8727e+02, 6.0957e+00
2.8750e+02, 6.0932e+00
2.8780e+02, 6.0898e+00
2.8850e+02, 6.0821e+00
2.8873e+02, 6.0796e+00
2.8895e+02, 6.0771e+00
2.8918e+02, 6.0746e+00
2.8940e+02, 6.0721e+00
2.8965e+02, 6.0693e+00
2.8990e+02, 6.0666e+00
2.9025e+02, 6.0627e+00
2.9060e+02, 6.0589e+00
2.9095e+02, 6.0551e+00
2.9130e+02, 6.0512e+00
2.9180e+02, 6.0458e+00
2.9195e+02, 6.0441e+00
2.9210e+02, 6.0425e+00
2.9225e+02, 6.0409e+00
2.9240e+02, 6.0392e+00
2.9257e+02, 6.0374e+00
2.9275e+02, 6.0355e+00
2.9292e+02, 6.0336e+00
2.9310e+02, 6.0317e+00
2.9345e+02, 6.0279e+00
2.9380e+02, 6.0241e+00
2.9410e+02, 6.0209e+00
2.9460e+02, 6.0155e+00
2.9510e+02, 6.0101e+00
2.9570e+02, 6.0037e+00
2.9630e+02, 5.9973e+00
2.9690e+02, 5.9909e+00
2.9720e+02, 5.9878e+00
2.9750e+02, 5.9846e+00
2.9810e+02, 5.9782e+00
2.9870e+02, 5.9719e+00
2.9930e+02, 5.9656e+00
2.9960e+02, 5.9625e+00
3.0000e+02, 5.9583e+00
3.0000e+02, 5.9583e+00
3.0000e+02, 5.9583e+00
3.1300e+02, 5.8261e+00
3.5000e+02, 5.4917e+00
3.7500e+02, 5.2948e+00
4.0000e+02, 5.1171e+00
4.5000e+02, 4.8080e+00
5.0000e+02, 4.5473e+00
5.5000e+02, 4.3229e+00
6.0000e+02, 4.1278e+00
7.0000e+02, 3.8035e+00
8.2500e+02, 3.4859e+00
8.5000e+02, 3.4311e+00
1.0000e+03, 3.1475e+00
1.0800e+03, 3.0228e+00
1.1650e+03, 2.9048e+00
1.2500e+03, 2.7992e+00
1.3750e+03, 2.6625e+00
1.5000e+03, 2.5435e+00
1.7000e+03, 2.3816e+00
2.0000e+03, 2.1866e+00
2.2500e+03, 2.0590e+00
2.5000e+03, 1.9512e+00
2.7500e+03, 1.8585e+00
3.0000e+03, 1.7777e+00
3.1300e+03, 1.7416e+00
3.5000e+03, 1.6498e+00
4.0000e+03, 1.5465e+00
5.0000e+03, 1.3880e+00
6.0000e+03, 1.2793e+00
7.0000e+03, 1.1941e+00
8.2500e+03, 1.1171e+00
8.5000e+03, 1.1036e+00
1.0000e+04, 1.0332e+00
1.0800e+04, 1.0064e+00
1.2500e+04, 9.5749e-01
1.5000e+04, 8.9979e-01
1.7000e+04, 8.6221e-01
2.0000e+04, 8.1574e-01
2.5000e+04, 7.6436e-01
3.0000e+04, 7.2479e-01
4.0000e+04, 6.6849e-01
5.0000e+04, 6.2784e-01
6.2743e+04, 5.8580e-01
7.0000e+04, 5.5824e-01
8.5000e+04, 5.1881e-01
1.0000e+05, 4.8796e-01
1.0000e+05, 4.8796e-01
1.0000e+05, 4.8796e-01
1.1000e+05, 4.6617e-01
1.1118e+05, 4.6380e-01
1.2000e+05, 4.4714e-01
1.2361e+05, 4.4139e-01
1.3675e+05, 4.2230e-01
1.3742e+05, 4.2130e-01
1.4000e+05, 4.1753e-01
1.4555e+05, 4.1028e-01
1.4555e+05, 4.1028e-01
1.5000e+05, 4.0442e-01
1.5278e+05, 4.0089e-01
1.6986e+05, 3.8113e-01
1.7000e+05, 3.8098e-01
1.8870e+05, 3.6554e-01
1.8870e+05, 3.6554e-01
1.8885e+05, 3.6537e-01
2.0000e+05, 3.5389e-01
2.0996e+05, 3.4262e-01
2.2089e+05, 3.3125e-01
2.3343e+05, 3.1994e-01
2.4405e+05, 3.1112e-01
2.4405e+05, 3.1112e-01
2.5000e+05, 3.0427e-01
2.5953e+05, 2.9738e-01
2.8854e+05, 2.7870e-01
3.0000e+05, 2.7214e-01
3.1628e+05, 2.6123e-01
3.1838e+05, 2.5987e-01
3.2080e+05, 2.5834e-01
3.5665e+05, 2.3774e-01
3.8106e+05, 2.2571e-01
3.8556e+05, 2.2349e-01
3.8556e+05, 2.2349e-01
3.9652e+05, 2.1891e-01
4.0000e+05, 2.1750e-01
4.1849e+05, 2.1128e-01
4.2672e+05, 2.0884e-01
4.2672e+05, 2.0884e-01
4.3933e+05, 2.0545e-01
4.3933e+05, 2.0545e-01
4.4085e+05, 2.0476e-01
4.4178e+05, 2.0434e-01
4.4477e+05, 2.0334e-01
4.6186e+05, 1.9775e-01
4.9013e+05, 1.9085e-01
5.0000e+05, 1.8859e-01
5.0273e+05, 1.8775e-01
5.4492e+05, 1.7681e-01
6.0000e+05, 1.6456e-01
6.0583e+05, 1.6362e-01
6.7355e+05, 1.5372e-01
7.0000e+05, 1.5027e-01
7.4884e+05, 1.4201e-01
8.0000e+05, 1.3436e-01
8.3255e+05, 1.2922e-01
9.0000e+05, 1.1972e-01
9.2562e+05, 1.1549e-01
1.0000e+06, 1.0459e-01
1.0291e+06, 1.0040e-01
1.1000e+06, 9.1305e-02
1.1441e+06, 8.5917e-02
1.2000e+06, 7.9810e-02
1.2720e+06, 7.2356e-02
1.3000e+06, 6.9756e-02
1.4000e+06, 6.0968e-02
1.4142e+06, 5.9751e-02
1.5000e+06, 5.3122e-02
1.5723e+06, 4.8006e-02
1.6000e+06, 4.6236e-02
1.7000e+06, 4.0058e-02
1.7481e+06, 3.7320e-02
1.8000e+06, 3.4646e-02
1.9000e+06, 2.9843e-02
1.9435e+06, 2.7918e-02
2.0000e+06, 2.5656e-02
2.1000e+06, 2.1987e-02
2.1607e+06, 2.0025e-02
2.2304e+06, 1.8046e-02
2.3000e+06, 1.6315e-02
2.4022e+06, 1.4014e-02
2.5000e+06, 1.2190e-02
2.5854e+06, 1.0729e-02
2.6708e+06, 9.4832e-03
2.7000e+06, 9.0993e-03
2.7673e+06, 8.2225e-03
2.8347e+06, 7.4483e-03
2.9020e+06, 6.7627e-03
2.9693e+06, 6.1538e-03
3.0000e+06, 5.8991e-03
3.0753e+06, 5.2904e-03
3.1506e+06, 4.7570e-03
3.2259e+06, 4.2882e-03
3.3013e+06, 3.8748e-03
3.4006e+06, 3.4016e-03
3.5000e+06, 2.9974e-03
3.5851e+06, 2.6769e-03
3.6703e+06, 2.3970e-03
3.7527e+06, 2.1592e-03
3.8351e+06, 1.9494e-03
3.9176e+06, 1.7638e-03
4.0000e+06, 1.5993e-03
4.0806e+06, 1.4668e-03
4.1854e+06, 1.3141e-03
4.2903e+06, 1.1805e-03
4.3951e+06, 1.0632e-03
4.5000e+06, 9.5992e-04
4.5367e+06, 9.3437e-04
4.7684e+06, 7.9203e-04
5.0000e+06, 6.7666e-04
5.0438e+06, 6.6635e-04
5.5000e+06, 5.7224e-04
5.6077e+06, 5.6883e-04
5.6081e+06, 5.6882e-04
5.7500e+06, 5.6445e-04
6.0000e+06, 5.5709e-04
6.2345e+06, 5.7186e-04
6.2500e+06, 5.7283e-04
6.5000e+06, 5.8837e-04
6.9314e+06, 6.5145e-04
7.0000e+06, 6.6169e-04
7.5000e+06, 7.6322e-04
7.7063e+06, 8.1529e-04
8.0000e+06, 8.9294e-04
8.5000e+06, 1.0203e-03
8.5677e+06, 1.0352e-03
9.0000e+06, 1.1332e-03
9.5000e+06, 1.2090e-03
9.5255e+06, 1.2113e-03
1.0000e+07, 1.2530e-03
1.0500e+07, 1.2606e-03
1.0590e+07, 1.2604e-03
1.1000e+07, 1.2594e-03
1.1500e+07, 1.2181e-03
1.1774e+07, 1.1924e-03
1.2000e+07, 1.1721e-03
1.2500e+07, 1.1041e-03
1.2604e+07, 1.0847e-03
1.3000e+07, 1.0159e-03
1.3090e+07, 9.9914e-04
1.3500e+07, 9.2796e-04
1.4000e+07, 8.2368e-04
1.4500e+07, 7.3828e-04
1.4554e+07, 7.2831e-04
1.5000e+07, 6.5149e-04
1.5500e+07, 5.8840e-04
1.6000e+07, 5.3544e-04
1.6180e+07, 5.1903e-04
1.6500e+07, 4.9159e-04
1.7000e+07, 4.4376e-04
1.7500e+07, 4.1249e-04
1.7989e+07, 3.9622e-04
1.8000e+07, 3.9587e-04
1.8500e+07, 3.7201e-04
1.8655e+07, 3.6517e-04
1.8655e+07, 3.6517e-04
1.9000e+07, 3.5064e-04
1.9500e+07, 3.3109e-04
2.0000e+07, 3.1337e-04
