ebin, xs
1.0000e-05, 5.8747e+01
1.0625e-05, 5.6993e+01
1.1250e-05, 5.5387e+01
1.1875e-05, 5.3910e+01
1.2500e-05, 5.2545e+01
1.3750e-05, 5.0099e+01
1.5000e-05, 4.7967e+01
1.6250e-05, 4.6085e+01
1.7500e-05, 4.4408e+01
1.8750e-05, 4.2903e+01
2.0000e-05, 4.1540e+01
2.1875e-05, 3.9720e+01
2.3750e-05, 3.8120e+01
2.5625e-05, 3.6699e+01
2.7500e-05, 3.5426e+01
2.9375e-05, 3.4277e+01
3.1250e-05, 3.3232e+01
3.3125e-05, 3.2278e+01
3.5000e-05, 3.1402e+01
3.8750e-05, 2.9844e+01
4.2500e-05, 2.8497e+01
4.6250e-05, 2.7317e+01
5.0000e-05, 2.6273e+01
5.3125e-05, 2.5488e+01
5.6250e-05, 2.4770e+01
5.9375e-05, 2.4110e+01
6.2500e-05, 2.3499e+01
6.8750e-05, 2.2406e+01
7.5000e-05, 2.1452e+01
8.1250e-05, 2.0610e+01
8.7500e-05, 1.9861e+01
9.3750e-05, 1.9187e+01
1.0000e-04, 1.8578e+01
1.0625e-04, 1.8023e+01
1.1250e-04, 1.7516e+01
1.1875e-04, 1.7049e+01
1.2500e-04, 1.6617e+01
1.3750e-04, 1.5844e+01
1.5000e-04, 1.5169e+01
1.6250e-04, 1.4574e+01
1.7500e-04, 1.4044e+01
1.8750e-04, 1.3568e+01
2.0000e-04, 1.3137e+01
2.1875e-04, 1.2562e+01
2.3750e-04, 1.2056e+01
2.5625e-04, 1.1606e+01
2.7500e-04, 1.1204e+01
2.9375e-04, 1.0840e+01
3.1250e-04, 1.0510e+01
3.3125e-04, 1.0209e+01
3.5000e-04, 9.9314e+00
3.8750e-04, 9.4387e+00
4.2500e-04, 9.0128e+00
4.6250e-04, 8.6398e+00
5.0000e-04, 8.3096e+00
5.3125e-04, 8.0616e+00
5.6250e-04, 7.8345e+00
5.9375e-04, 7.6257e+00
6.2500e-04, 7.4327e+00
6.8750e-04, 7.0869e+00
7.5000e-04, 6.7854e+00
8.1250e-04, 6.5193e+00
8.7500e-04, 6.2823e+00
9.3750e-04, 6.0694e+00
1.0000e-03, 5.8769e+00
1.0625e-03, 5.7015e+00
1.1250e-03, 5.5410e+00
1.1875e-03, 5.3934e+00
1.2500e-03, 5.2569e+00
1.3750e-03, 5.0126e+00
1.5000e-03, 4.7994e+00
1.6250e-03, 4.6113e+00
1.7500e-03, 4.4438e+00
1.8750e-03, 4.2933e+00
2.0000e-03, 4.1572e+00
2.1875e-03, 3.9753e+00
2.3750e-03, 3.8154e+00
2.5625e-03, 3.6734e+00
2.7500e-03, 3.5463e+00
2.9375e-03, 3.4315e+00
3.1250e-03, 3.3272e+00
3.3125e-03, 3.2319e+00
3.5000e-03, 3.1444e+00
3.8750e-03, 2.9888e+00
4.2500e-03, 2.8543e+00
4.6250e-03, 2.7365e+00
5.0000e-03, 2.6322e+00
5.3125e-03, 2.5539e+00
5.6250e-03, 2.4823e+00
5.9375e-03, 2.4164e+00
6.2500e-03, 2.3555e+00
6.8750e-03, 2.2464e+00
7.5000e-03, 2.1513e+00
8.1250e-03, 2.0673e+00
8.7500e-03, 1.9925e+00
9.3750e-03, 1.9254e+00
1.0000e-02, 1.8646e+00
1.0625e-02, 1.8094e+00
1.1250e-02, 1.7589e+00
1.1875e-02, 1.7124e+00
1.2500e-02, 1.6695e+00
1.3750e-02, 1.5927e+00
1.5000e-02, 1.5256e+00
1.6250e-02, 1.4664e+00
1.7500e-02, 1.4136e+00
1.8750e-02, 1.3663e+00
2.0000e-02, 1.3235e+00
2.1325e-02, 1.2824e+00
2.2650e-02, 1.2449e+00
2.3975e-02, 1.2106e+00
2.5300e-02, 1.1791e+00
2.6844e-02, 1.1455e+00
2.8387e-02, 1.1147e+00
3.1475e-02, 1.0600e+00
3.4563e-02, 1.0127e+00
3.7650e-02, 9.7133e-01
4.0738e-02, 9.3485e-01
4.3825e-02, 9.0234e-01
4.6913e-02, 8.7314e-01
5.0000e-02, 8.4674e-01
5.3125e-02, 8.2243e-01
5.6250e-02, 8.0021e-01
5.9375e-02, 7.7984e-01
6.2500e-02, 7.6110e-01
6.8750e-02, 7.2753e-01
7.5000e-02, 6.9820e-01
8.1250e-02, 6.7240e-01
8.7500e-02, 6.4949e-01
9.3750e-02, 6.2897e-01
1.0000e-01, 6.1047e-01
1.0625e-01, 5.9368e-01
1.1250e-01, 5.7835e-01
1.1875e-01, 5.6432e-01
1.2500e-01, 5.5147e-01
1.3750e-01, 5.2847e-01
1.5000e-01, 5.0845e-01
1.6250e-01, 4.9091e-01
1.7500e-01, 4.7540e-01
1.8750e-01, 4.6157e-01
2.0000e-01, 4.4920e-01
2.1875e-01, 4.3282e-01
2.3750e-01, 4.1854e-01
2.5625e-01, 4.0602e-01
2.7500e-01, 3.9496e-01
2.9375e-01, 3.8511e-01
3.1250e-01, 3.7630e-01
3.3125e-01, 3.6837e-01
3.5000e-01, 3.6126e-01
3.8750e-01, 3.4889e-01
4.2500e-01, 3.3855e-01
5.0000e-01, 3.2257e-01
6.2500e-01, 3.0533e-01
7.5000e-01, 2.9567e-01
8.7500e-01, 2.9119e-01
1.0000e+00, 2.9057e-01
1.2500e+00, 2.9844e-01
1.3750e+00, 3.0651e-01
1.5000e+00, 3.1732e-01
1.7500e+00, 3.4797e-01
1.8750e+00, 3.6854e-01
2.0000e+00, 3.9340e-01
2.1438e+00, 4.2834e-01
2.2876e+00, 4.7175e-01
2.4314e+00, 5.2611e-01
2.5751e+00, 5.9497e-01
2.7189e+00, 6.8305e-01
2.7908e+00, 7.3655e-01
2.8627e+00, 7.9860e-01
2.9346e+00, 8.7055e-01
3.0065e+00, 9.5459e-01
3.0784e+00, 1.0536e+00
3.1503e+00, 1.1713e+00
3.2177e+00, 1.3031e+00
3.2851e+00, 1.4614e+00
3.3525e+00, 1.6539e+00
3.4199e+00, 1.8900e+00
3.4873e+00, 2.1826e+00
3.5210e+00, 2.3591e+00
3.5547e+00, 2.5595e+00
3.5884e+00, 2.7883e+00
3.6221e+00, 3.0511e+00
3.6558e+00, 3.3551e+00
3.6895e+00, 3.7095e+00
3.7255e+00, 4.1564e+00
3.7614e+00, 4.6934e+00
3.7973e+00, 5.3466e+00
3.8333e+00, 6.1508e+00
3.8692e+00, 7.1531e+00
3.8872e+00, 7.7519e+00
3.9052e+00, 8.4337e+00
3.9232e+00, 9.2144e+00
3.9411e+00, 1.0113e+01
3.9591e+00, 1.1155e+01
3.9771e+00, 1.2372e+01
3.9973e+00, 1.4002e+01
4.0175e+00, 1.5989e+01
4.0377e+00, 1.8443e+01
4.0580e+00, 2.1527e+01
4.0681e+00, 2.3375e+01
4.0782e+00, 2.5477e+01
4.0883e+00, 2.7885e+01
4.0984e+00, 3.0663e+01
4.1085e+00, 3.3895e+01
4.1186e+00, 3.7692e+01
4.1287e+00, 4.2200e+01
4.1388e+00, 4.7616e+01
4.1495e+00, 5.4626e+01
4.1602e+00, 6.3429e+01
4.1655e+00, 6.8717e+01
4.1709e+00, 7.4759e+01
4.1762e+00, 8.1718e+01
4.1815e+00, 8.9810e+01
4.1869e+00, 9.9326e+01
4.1922e+00, 1.1065e+02
4.1975e+00, 1.2428e+02
4.2029e+00, 1.4093e+02
4.2082e+00, 1.6149e+02
4.2135e+00, 1.8716e+02
4.2189e+00, 2.1946e+02
4.2215e+00, 2.3869e+02
4.2242e+00, 2.6031e+02
4.2269e+00, 2.8464e+02
4.2295e+00, 3.1200e+02
4.2322e+00, 3.4272e+02
4.2349e+00, 3.7717e+02
4.2376e+00, 4.1572e+02
4.2402e+00, 4.5871e+02
4.2429e+00, 5.0653e+02
4.2456e+00, 5.5949e+02
4.2482e+00, 6.1792e+02
4.2509e+00, 6.8208e+02
4.2536e+00, 7.5215e+02
4.2562e+00, 8.2826e+02
4.2589e+00, 9.1042e+02
4.2616e+00, 9.9856e+02
4.2642e+00, 1.0924e+03
4.2669e+00, 1.1917e+03
4.2714e+00, 1.3696e+03
4.2745e+00, 1.4980e+03
4.2776e+00, 1.6299e+03
4.2838e+00, 1.8966e+03
4.2899e+00, 2.1529e+03
4.2961e+00, 2.3800e+03
4.3029e+00, 2.5725e+03
4.3096e+00, 2.6872e+03
4.3150e+00, 2.7142e+03
4.3204e+00, 2.6811e+03
4.3266e+00, 2.5713e+03
4.3329e+00, 2.3953e+03
4.3391e+00, 2.1693e+03
4.3454e+00, 1.9126e+03
4.3527e+00, 1.5981e+03
4.3601e+00, 1.2949e+03
4.3674e+00, 1.0224e+03
4.3711e+00, 9.0151e+02
4.3747e+00, 7.9169e+02
4.3782e+00, 6.9734e+02
4.3817e+00, 6.1306e+02
4.3852e+00, 5.3843e+02
4.3887e+00, 4.7287e+02
4.3922e+00, 4.1563e+02
4.3957e+00, 3.6597e+02
4.3992e+00, 3.2305e+02
4.4027e+00, 2.8611e+02
4.4062e+00, 2.5437e+02
4.4097e+00, 2.2713e+02
4.4132e+00, 2.0376e+02
4.4167e+00, 1.8369e+02
4.4202e+00, 1.6640e+02
4.4237e+00, 1.5148e+02
4.4272e+00, 1.3854e+02
4.4307e+00, 1.2728e+02
4.4350e+00, 1.1526e+02
4.4394e+00, 1.0499e+02
4.4437e+00, 9.6142e+01
4.4480e+00, 8.8461e+01
4.4567e+00, 7.5816e+01
4.4653e+00, 6.5867e+01
4.4740e+00, 5.7855e+01
4.4827e+00, 5.1283e+01
4.4913e+00, 4.5807e+01
4.5000e+00, 4.1187e+01
4.5009e+00, 4.0739e+01
4.5041e+00, 3.9267e+01
4.5072e+00, 3.7875e+01
4.5135e+00, 3.5310e+01
4.5260e+00, 3.0918e+01
4.5378e+00, 2.7515e+01
4.5495e+00, 2.4653e+01
4.5613e+00, 2.2222e+01
4.5731e+00, 2.0137e+01
4.5848e+00, 1.8335e+01
4.5966e+00, 1.6766e+01
4.6083e+00, 1.5390e+01
4.6201e+00, 1.4176e+01
4.6393e+00, 1.2484e+01
4.6585e+00, 1.1077e+01
4.6776e+00, 9.8956e+00
4.6968e+00, 8.8952e+00
4.7158e+00, 8.0496e+00
4.7347e+00, 7.3189e+00
4.7537e+00, 6.6820e+00
4.7726e+00, 6.1232e+00
4.7916e+00, 5.6306e+00
4.8105e+00, 5.1946e+00
4.8484e+00, 4.4609e+00
4.8863e+00, 3.8714e+00
4.9242e+00, 3.3908e+00
4.9621e+00, 2.9939e+00
5.0000e+00, 2.6627e+00
5.0342e+00, 2.4087e+00
5.0684e+00, 2.1888e+00
5.1025e+00, 1.9974e+00
5.1367e+00, 1.8299e+00
5.1709e+00, 1.6824e+00
5.2051e+00, 1.5520e+00
5.2734e+00, 1.3328e+00
5.3418e+00, 1.1586e+00
5.4102e+00, 1.0149e+00
5.4785e+00, 8.9604e-01
5.5469e+00, 7.9692e-01
5.6348e+00, 6.9198e-01
5.7227e+00, 6.0660e-01
5.8105e+00, 5.3625e-01
5.8984e+00, 4.7763e-01
5.9863e+00, 4.2829e-01
6.0742e+00, 3.8640e-01
6.1621e+00, 3.5056e-01
6.2500e+00, 3.1991e-01
6.4062e+00, 2.7486e-01
6.5625e+00, 2.3900e-01
6.7188e+00, 2.1023e-01
6.8750e+00, 1.8686e-01
7.0312e+00, 1.6764e-01
7.1875e+00, 1.5169e-01
7.3438e+00, 1.3834e-01
7.5000e+00, 1.2713e-01
7.7500e+00, 1.1260e-01
8.0000e+00, 1.0123e-01
8.1250e+00, 9.6547e-02
8.4375e+00, 8.7089e-02
8.7500e+00, 8.0113e-02
9.0625e+00, 7.5108e-02
9.3750e+00, 7.1706e-02
9.6875e+00, 6.9661e-02
1.0000e+01, 6.8834e-02
1.0332e+01, 6.9280e-02
1.0664e+01, 7.1060e-02
1.0996e+01, 7.4436e-02
1.1329e+01, 7.9538e-02
1.1661e+01, 8.6964e-02
1.1993e+01, 9.7396e-02
1.2159e+01, 1.0410e-01
1.2325e+01, 1.1214e-01
1.2491e+01, 1.2178e-01
1.2657e+01, 1.3340e-01
1.2823e+01, 1.4750e-01
1.2989e+01, 1.6485e-01
1.3155e+01, 1.8645e-01
1.3321e+01, 2.1375e-01
1.3404e+01, 2.3010e-01
1.3487e+01, 2.4885e-01
1.3570e+01, 2.7025e-01
1.3653e+01, 2.9482e-01
1.3736e+01, 3.2291e-01
1.3819e+01, 3.5624e-01
1.3902e+01, 3.9570e-01
1.3986e+01, 4.4266e-01
1.4049e+01, 4.8488e-01
1.4112e+01, 5.3394e-01
1.4176e+01, 5.9138e-01
1.4239e+01, 6.5921e-01
1.4303e+01, 7.4012e-01
1.4366e+01, 8.3770e-01
1.4429e+01, 9.5689e-01
1.4493e+01, 1.1043e+00
1.4556e+01, 1.2891e+00
1.4588e+01, 1.4000e+00
1.4620e+01, 1.5267e+00
1.4651e+01, 1.6722e+00
1.4683e+01, 1.8405e+00
1.4715e+01, 2.0363e+00
1.4746e+01, 2.2662e+00
1.4778e+01, 2.5386e+00
1.4810e+01, 2.8647e+00
1.4841e+01, 3.2598e+00
1.4873e+01, 3.7448e+00
1.4905e+01, 4.3505e+00
1.4921e+01, 4.7118e+00
1.4937e+01, 5.1219e+00
1.4952e+01, 5.5903e+00
1.4968e+01, 6.1294e+00
1.4984e+01, 6.7546e+00
1.5000e+01, 7.4862e+00
1.5020e+01, 8.5814e+00
1.5039e+01, 9.9567e+00
1.5049e+01, 1.0785e+01
1.5059e+01, 1.1733e+01
1.5069e+01, 1.2830e+01
1.5079e+01, 1.4115e+01
1.5088e+01, 1.5643e+01
1.5098e+01, 1.7487e+01
1.5108e+01, 1.9755e+01
1.5118e+01, 2.2599e+01
1.5128e+01, 2.6232e+01
1.5132e+01, 2.8433e+01
1.5137e+01, 3.0942e+01
1.5142e+01, 3.3824e+01
1.5147e+01, 3.7127e+01
1.5152e+01, 4.0935e+01
1.5157e+01, 4.5311e+01
1.5162e+01, 5.0704e+01
1.5167e+01, 5.6955e+01
1.5173e+01, 6.4218e+01
1.5178e+01, 7.2604e+01
1.5183e+01, 8.2297e+01
1.5188e+01, 9.3415e+01
1.5194e+01, 1.0614e+02
1.5199e+01, 1.2062e+02
1.5204e+01, 1.3705e+02
1.5209e+01, 1.5551e+02
1.5214e+01, 1.7615e+02
1.5220e+01, 1.9906e+02
1.5225e+01, 2.2436e+02
1.5230e+01, 2.5195e+02
1.5235e+01, 2.8185e+02
1.5240e+01, 3.1396e+02
1.5246e+01, 3.5022e+02
1.5251e+01, 3.8850e+02
1.5262e+01, 4.6956e+02
1.5274e+01, 5.5312e+02
1.5285e+01, 6.3395e+02
1.5287e+01, 6.5100e+02
1.5294e+01, 6.9501e+02
1.5301e+01, 7.3385e+02
1.5314e+01, 7.9132e+02
1.5322e+01, 8.1011e+02
1.5330e+01, 8.1620e+02
1.5336e+01, 8.1224e+02
1.5348e+01, 7.8366e+02
1.5360e+01, 7.3045e+02
1.5376e+01, 6.2999e+02
1.5391e+01, 5.1241e+02
1.5405e+01, 4.1082e+02
1.5419e+01, 3.1763e+02
1.5426e+01, 2.7589e+02
1.5432e+01, 2.3795e+02
1.5439e+01, 2.0397e+02
1.5446e+01, 1.7400e+02
1.5452e+01, 1.4986e+02
1.5458e+01, 1.2878e+02
1.5465e+01, 1.1054e+02
1.5471e+01, 9.4875e+01
1.5477e+01, 8.1523e+01
1.5483e+01, 7.0213e+01
1.5490e+01, 6.0681e+01
1.5496e+01, 5.2677e+01
1.5502e+01, 4.5975e+01
1.5508e+01, 4.0370e+01
1.5515e+01, 3.5681e+01
1.5521e+01, 3.1753e+01
1.5527e+01, 2.8453e+01
1.5533e+01, 2.5668e+01
1.5540e+01, 2.3306e+01
1.5546e+01, 2.1293e+01
1.5552e+01, 1.9559e+01
1.5558e+01, 1.8059e+01
1.5571e+01, 1.5599e+01
1.5583e+01, 1.3672e+01
1.5596e+01, 1.2123e+01
1.5608e+01, 1.0849e+01
1.5621e+01, 9.7815e+00
1.5633e+01, 8.8749e+00
1.5646e+01, 8.0963e+00
1.5658e+01, 7.4200e+00
1.5671e+01, 6.8283e+00
1.5696e+01, 5.8455e+00
1.5721e+01, 5.0660e+00
1.5746e+01, 4.4364e+00
1.5769e+01, 3.9627e+00
1.5791e+01, 3.5626e+00
1.5814e+01, 3.2210e+00
1.5837e+01, 2.9269e+00
1.5860e+01, 2.6715e+00
1.5882e+01, 2.4484e+00
1.5905e+01, 2.2521e+00
1.5928e+01, 2.0788e+00
1.5973e+01, 1.7875e+00
1.6019e+01, 1.5538e+00
1.6064e+01, 1.3635e+00
1.6110e+01, 1.2064e+00
1.6153e+01, 1.0814e+00
1.6196e+01, 9.7525e-01
1.6239e+01, 8.8436e-01
1.6282e+01, 8.0566e-01
1.6325e+01, 7.3687e-01
1.6369e+01, 6.7647e-01
1.6455e+01, 5.7615e-01
1.6541e+01, 4.9684e-01
1.6628e+01, 4.3306e-01
1.6714e+01, 3.8101e-01
1.6800e+01, 3.3798e-01
1.6882e+01, 3.0374e-01
1.6964e+01, 2.7459e-01
1.7046e+01, 2.4963e-01
1.7128e+01, 2.2826e-01
1.7209e+01, 2.0947e-01
1.7291e+01, 1.9288e-01
1.7455e+01, 1.6533e-01
1.7618e+01, 1.4354e-01
1.7782e+01, 1.2601e-01
1.7946e+01, 1.1171e-01
1.8109e+01, 9.9885e-02
1.8346e+01, 8.6127e-02
1.8582e+01, 7.5287e-02
1.8818e+01, 6.6629e-02
1.9055e+01, 5.9658e-02
1.9291e+01, 5.3828e-02
1.9527e+01, 4.8939e-02
1.9764e+01, 4.4813e-02
2.0000e+01, 4.1334e-02
2.0354e+01, 3.7057e-02
2.0707e+01, 3.3606e-02
2.1061e+01, 3.0784e-02
2.1415e+01, 2.8451e-02
2.1768e+01, 2.6505e-02
2.2122e+01, 2.4873e-02
2.2829e+01, 2.2343e-02
2.3536e+01, 2.0604e-02
2.4243e+01, 1.9295e-02
2.4951e+01, 1.8402e-02
2.5658e+01, 1.7871e-02
2.6466e+01, 1.7686e-02
2.7275e+01, 1.7984e-02
2.7679e+01, 1.8358e-02
2.8083e+01, 1.8938e-02
2.8562e+01, 1.9978e-02
2.9041e+01, 2.1560e-02
2.9281e+01, 2.2601e-02
2.9521e+01, 2.3968e-02
2.9760e+01, 2.5577e-02
3.0000e+01, 2.7648e-02
3.0229e+01, 3.0201e-02
3.0458e+01, 3.3533e-02
3.0687e+01, 3.7953e-02
3.0802e+01, 4.0726e-02
3.0916e+01, 4.3983e-02
3.1100e+01, 5.0455e-02
3.1214e+01, 5.5577e-02
3.1329e+01, 6.1891e-02
3.1443e+01, 6.9727e-02
3.1558e+01, 7.9608e-02
3.1650e+01, 8.9497e-02
3.1741e+01, 1.0176e-01
3.1833e+01, 1.1720e-01
3.1879e+01, 1.2645e-01
3.1924e+01, 1.3697e-01
3.1970e+01, 1.4904e-01
3.2016e+01, 1.6301e-01
3.2071e+01, 1.8268e-01
3.2125e+01, 2.0655e-01
3.2179e+01, 2.3591e-01
3.2234e+01, 2.7260e-01
3.2288e+01, 3.1929e-01
3.2315e+01, 3.4759e-01
3.2343e+01, 3.8008e-01
3.2370e+01, 4.1768e-01
3.2397e+01, 4.6157e-01
3.2424e+01, 5.1334e-01
3.2451e+01, 5.7506e-01
3.2481e+01, 6.5842e-01
3.2512e+01, 7.6331e-01
3.2527e+01, 8.2651e-01
3.2542e+01, 8.9889e-01
3.2557e+01, 9.8280e-01
3.2572e+01, 1.0812e+00
3.2587e+01, 1.1987e+00
3.2602e+01, 1.3416e+00
3.2617e+01, 1.5195e+00
3.2632e+01, 1.7465e+00
3.2639e+01, 1.8846e+00
3.2647e+01, 2.0436e+00
3.2654e+01, 2.2275e+00
3.2662e+01, 2.4409e+00
3.2669e+01, 2.6904e+00
3.2677e+01, 2.9826e+00
3.2684e+01, 3.3256e+00
3.2692e+01, 3.7283e+00
3.2700e+01, 4.2271e+00
3.2708e+01, 4.8173e+00
3.2716e+01, 5.5162e+00
3.2723e+01, 6.3397e+00
3.2731e+01, 7.3090e+00
3.2739e+01, 8.4425e+00
3.2747e+01, 9.7644e+00
3.2755e+01, 1.1294e+01
3.2763e+01, 1.3056e+01
3.2771e+01, 1.5067e+01
3.2779e+01, 1.7352e+01
3.2786e+01, 1.9920e+01
3.2794e+01, 2.2789e+01
3.2802e+01, 2.5958e+01
3.2818e+01, 3.3199e+01
3.2834e+01, 4.1540e+01
3.2849e+01, 5.0710e+01
3.2881e+01, 6.9713e+01
3.2898e+01, 7.9034e+01
3.2915e+01, 8.6500e+01
3.2927e+01, 9.0058e+01
3.2938e+01, 9.2289e+01
3.2950e+01, 9.3023e+01
3.2965e+01, 9.1650e+01
3.2978e+01, 8.8462e+01
3.2991e+01, 8.3630e+01
3.3010e+01, 7.4402e+01
3.3029e+01, 6.3499e+01
3.3067e+01, 4.1113e+01
3.3076e+01, 3.6053e+01
3.3086e+01, 3.1360e+01
3.3095e+01, 2.7072e+01
3.3104e+01, 2.3210e+01
3.3113e+01, 2.0072e+01
3.3121e+01, 1.7287e+01
3.3130e+01, 1.4834e+01
3.3139e+01, 1.2698e+01
3.3147e+01, 1.0850e+01
3.3156e+01, 9.2677e+00
3.3164e+01, 7.9205e+00
3.3173e+01, 6.7808e+00
3.3181e+01, 5.8209e+00
3.3190e+01, 5.0179e+00
3.3198e+01, 4.3468e+00
3.3207e+01, 3.7885e+00
3.3216e+01, 3.3233e+00
3.3224e+01, 2.9364e+00
3.3233e+01, 2.6137e+00
3.3241e+01, 2.3437e+00
3.3249e+01, 2.1376e+00
3.3257e+01, 1.9606e+00
3.3264e+01, 1.8077e+00
3.3272e+01, 1.6749e+00
3.3287e+01, 1.4568e+00
3.3303e+01, 1.2859e+00
3.3318e+01, 1.1485e+00
3.3334e+01, 1.0355e+00
3.3349e+01, 9.4065e-01
3.3364e+01, 8.5989e-01
3.3380e+01, 7.9011e-01
3.3395e+01, 7.2922e-01
3.3426e+01, 6.2815e-01
3.3457e+01, 5.4780e-01
3.3488e+01, 4.8269e-01
3.3529e+01, 4.1325e-01
3.3570e+01, 3.5843e-01
3.3597e+01, 3.2803e-01
3.3624e+01, 3.0153e-01
3.3666e+01, 2.6771e-01
3.3707e+01, 2.3953e-01
3.3748e+01, 2.1577e-01
3.3789e+01, 1.9555e-01
3.3830e+01, 1.7820e-01
3.3871e+01, 1.6320e-01
3.3912e+01, 1.5015e-01
3.3953e+01, 1.3873e-01
3.4008e+01, 1.2558e-01
3.4062e+01, 1.1439e-01
3.4117e+01, 1.0479e-01
3.4172e+01, 9.6511e-02
3.4254e+01, 8.6023e-02
3.4336e+01, 7.7332e-02
3.4418e+01, 7.0059e-02
3.4500e+01, 6.3928e-02
3.4583e+01, 5.8716e-02
3.4665e+01, 5.4248e-02
3.4829e+01, 4.7034e-02
3.4993e+01, 4.1517e-02
3.5157e+01, 3.7241e-02
3.5376e+01, 3.2844e-02
3.5584e+01, 2.9633e-02
3.5791e+01, 2.7118e-02
3.5999e+01, 2.5114e-02
3.6206e+01, 2.3495e-02
3.6414e+01, 2.2174e-02
3.6621e+01, 2.1094e-02
3.7036e+01, 1.9430e-02
3.7403e+01, 1.8411e-02
3.7771e+01, 1.7599e-02
3.8138e+01, 1.6995e-02
3.8505e+01, 1.6583e-02
3.9240e+01, 1.6082e-02
3.9975e+01, 1.5963e-02
4.0851e+01, 1.6262e-02
4.1727e+01, 1.7085e-02
4.2165e+01, 1.7762e-02
4.2603e+01, 1.8703e-02
4.3041e+01, 2.0008e-02
4.3479e+01, 2.1837e-02
4.3742e+01, 2.3313e-02
4.4006e+01, 2.5199e-02
4.4192e+01, 2.6862e-02
4.4378e+01, 2.8902e-02
4.4564e+01, 3.1428e-02
4.4750e+01, 3.4608e-02
4.4936e+01, 3.8688e-02
4.5122e+01, 4.3988e-02
4.5238e+01, 4.8180e-02
4.5355e+01, 5.3336e-02
4.5471e+01, 5.9739e-02
4.5587e+01, 6.7816e-02
4.5680e+01, 7.5904e-02
4.5773e+01, 8.5944e-02
4.5866e+01, 9.8594e-02
4.5913e+01, 1.0619e-01
4.5959e+01, 1.1485e-01
4.6006e+01, 1.2480e-01
4.6052e+01, 1.3633e-01
4.6107e+01, 1.5259e-01
4.6163e+01, 1.7239e-01
4.6218e+01, 1.9684e-01
4.6273e+01, 2.2755e-01
4.6301e+01, 2.4595e-01
4.6328e+01, 2.6690e-01
4.6356e+01, 2.9091e-01
4.6384e+01, 3.1863e-01
4.6411e+01, 3.5095e-01
4.6439e+01, 3.8901e-01
4.6467e+01, 4.3438e-01
4.6494e+01, 4.8930e-01
4.6525e+01, 5.6533e-01
4.6540e+01, 6.1150e-01
4.6555e+01, 6.6494e-01
4.6570e+01, 7.2771e-01
4.6586e+01, 8.0259e-01
4.6601e+01, 8.9364e-01
4.6616e+01, 1.0066e+00
4.6631e+01, 1.1498e+00
4.6647e+01, 1.3343e+00
4.6654e+01, 1.4469e+00
4.6662e+01, 1.5762e+00
4.6670e+01, 1.7251e+00
4.6677e+01, 1.8968e+00
4.6685e+01, 2.0952e+00
4.6693e+01, 2.3246e+00
4.6700e+01, 2.5897e+00
4.6708e+01, 2.8961e+00
4.6715e+01, 3.2497e+00
4.6723e+01, 3.6571e+00
4.6731e+01, 4.1254e+00
4.6738e+01, 4.6624e+00
4.6746e+01, 5.2771e+00
4.6754e+01, 5.9762e+00
4.6761e+01, 6.7695e+00
4.6769e+01, 7.6656e+00
4.6776e+01, 8.6749e+00
4.6784e+01, 9.8029e+00
4.6792e+01, 1.1059e+01
4.6799e+01, 1.2450e+01
4.6807e+01, 1.3984e+01
4.6815e+01, 1.5660e+01
4.6830e+01, 1.9457e+01
4.6845e+01, 2.3833e+01
4.6860e+01, 2.8738e+01
4.6892e+01, 4.0208e+01
4.6924e+01, 5.1811e+01
4.6943e+01, 5.7792e+01
4.6962e+01, 6.2497e+01
4.6977e+01, 6.4977e+01
4.6988e+01, 6.6143e+01
4.7000e+01, 6.6524e+01
4.7015e+01, 6.5816e+01
4.7031e+01, 6.3722e+01
4.7047e+01, 6.0380e+01
4.7070e+01, 5.3575e+01
4.7093e+01, 4.5389e+01
4.7131e+01, 3.1545e+01
4.7150e+01, 2.5241e+01
4.7169e+01, 1.9706e+01
4.7178e+01, 1.7265e+01
4.7188e+01, 1.5050e+01
4.7197e+01, 1.3060e+01
4.7207e+01, 1.1291e+01
4.7216e+01, 9.7274e+00
4.7226e+01, 8.3604e+00
4.7235e+01, 7.1719e+00
4.7245e+01, 6.1480e+00
4.7254e+01, 5.2701e+00
4.7264e+01, 4.5225e+00
4.7273e+01, 3.8894e+00
4.7283e+01, 3.3560e+00
4.7292e+01, 2.9075e+00
4.7301e+01, 2.5321e+00
4.7311e+01, 2.2178e+00
4.7320e+01, 1.9553e+00
4.7328e+01, 1.7669e+00
4.7336e+01, 1.6048e+00
4.7344e+01, 1.4649e+00
4.7352e+01, 1.3441e+00
4.7360e+01, 1.2392e+00
4.7368e+01, 1.1479e+00
4.7385e+01, 9.9770e-01
4.7401e+01, 8.8046e-01
4.7417e+01, 7.8687e-01
4.7433e+01, 7.1051e-01
4.7449e+01, 6.4694e-01
4.7465e+01, 5.9307e-01
4.7481e+01, 5.4673e-01
4.7513e+01, 4.7086e-01
4.7545e+01, 4.1124e-01
4.7577e+01, 3.6319e-01
4.7600e+01, 3.3373e-01
4.7623e+01, 3.0799e-01
4.7670e+01, 2.6525e-01
4.7717e+01, 2.3138e-01
4.7763e+01, 2.0401e-01
4.7810e+01, 1.8157e-01
4.7856e+01, 1.6292e-01
4.7903e+01, 1.4726e-01
4.7950e+01, 1.3399e-01
4.7996e+01, 1.2263e-01
4.8043e+01, 1.1284e-01
4.8089e+01, 1.0433e-01
4.8136e+01, 9.6871e-02
4.8229e+01, 8.4468e-02
4.8322e+01, 7.4645e-02
4.8416e+01, 6.6746e-02
4.8532e+01, 5.8880e-02
4.8649e+01, 5.2664e-02
4.8765e+01, 4.7676e-02
4.8882e+01, 4.3636e-02
4.9021e+01, 3.9700e-02
4.9161e+01, 3.6487e-02
4.9301e+01, 3.3853e-02
4.9441e+01, 3.1675e-02
4.9720e+01, 2.8323e-02
5.0000e+01, 2.5916e-02
5.0403e+01, 2.3494e-02
5.0806e+01, 2.1856e-02
5.1075e+01, 2.1071e-02
5.1478e+01, 2.0209e-02
5.1881e+01, 1.9587e-02
5.2688e+01, 1.8855e-02
5.3494e+01, 1.8616e-02
5.4300e+01, 1.8596e-02
5.5789e+01, 1.9086e-02
5.7278e+01, 1.9982e-02
5.8767e+01, 2.1234e-02
6.0256e+01, 2.2841e-02
6.1745e+01, 2.4810e-02
6.3234e+01, 2.7214e-02
6.4723e+01, 3.0219e-02
6.6212e+01, 3.3899e-02
6.7264e+01, 3.7084e-02
6.8317e+01, 4.0874e-02
6.9370e+01, 4.5428e-02
7.0422e+01, 5.0967e-02
7.1475e+01, 5.7690e-02
7.2528e+01, 6.6211e-02
7.3581e+01, 7.7100e-02
7.4107e+01, 8.3736e-02
7.4633e+01, 9.1396e-02
7.5206e+01, 1.0116e-01
7.5778e+01, 1.1279e-01
7.6351e+01, 1.2681e-01
7.6923e+01, 1.4398e-01
7.7495e+01, 1.6536e-01
7.7782e+01, 1.7802e-01
7.8068e+01, 1.9247e-01
7.8354e+01, 2.0855e-01
7.8640e+01, 2.2690e-01
7.8926e+01, 2.4838e-01
7.9213e+01, 2.7336e-01
7.9606e+01, 3.1499e-01
8.0000e+01, 3.6785e-01
8.0258e+01, 4.1066e-01
8.0516e+01, 4.6199e-01
8.0774e+01, 5.2433e-01
8.1031e+01, 6.0071e-01
8.1289e+01, 6.9572e-01
8.1418e+01, 7.5295e-01
8.1547e+01, 8.1804e-01
8.1676e+01, 8.9243e-01
8.1805e+01, 9.7801e-01
8.1934e+01, 1.0772e+00
8.2063e+01, 1.1930e+00
8.2200e+01, 1.3395e+00
8.2338e+01, 1.5161e+00
8.2475e+01, 1.7315e+00
8.2613e+01, 1.9979e+00
8.2751e+01, 2.3321e+00
8.2819e+01, 2.5328e+00
8.2888e+01, 2.7619e+00
8.2957e+01, 3.0253e+00
8.3026e+01, 3.3299e+00
8.3094e+01, 3.6848e+00
8.3163e+01, 4.1016e+00
8.3222e+01, 4.5210e+00
8.3281e+01, 5.0102e+00
8.3340e+01, 5.5858e+00
8.3399e+01, 6.2697e+00
8.3459e+01, 7.0919e+00
8.3488e+01, 7.5674e+00
8.3518e+01, 8.0942e+00
8.3547e+01, 8.6807e+00
8.3577e+01, 9.3366e+00
8.3592e+01, 9.6944e+00
8.3606e+01, 1.0074e+01
8.3621e+01, 1.0478e+01
8.3636e+01, 1.0908e+01
8.3656e+01, 1.1550e+01
8.3666e+01, 1.1894e+01
8.3677e+01, 1.2254e+01
8.3687e+01, 1.2632e+01
8.3697e+01, 1.3029e+01
8.3707e+01, 1.3447e+01
8.3717e+01, 1.3887e+01
8.3728e+01, 1.4351e+01
8.3738e+01, 1.4840e+01
8.3748e+01, 1.5358e+01
8.3758e+01, 1.5905e+01
8.3769e+01, 1.6487e+01
8.3779e+01, 1.7104e+01
8.3789e+01, 1.7761e+01
8.3799e+01, 1.8462e+01
8.3811e+01, 1.9336e+01
8.3823e+01, 2.0284e+01
8.3835e+01, 2.1317e+01
8.3846e+01, 2.2448e+01
8.3858e+01, 2.3691e+01
8.3870e+01, 2.5064e+01
8.3882e+01, 2.6591e+01
8.3894e+01, 2.8296e+01
8.3902e+01, 2.9578e+01
8.3910e+01, 3.0971e+01
8.3918e+01, 3.2487e+01
8.3926e+01, 3.4141e+01
8.3934e+01, 3.5954e+01
8.3942e+01, 3.7943e+01
8.3950e+01, 4.0133e+01
8.3958e+01, 4.2544e+01
8.3966e+01, 4.5212e+01
8.3974e+01, 4.8166e+01
8.3982e+01, 5.1441e+01
8.3990e+01, 5.5072e+01
8.3998e+01, 5.9113e+01
8.4007e+01, 6.3608e+01
8.4015e+01, 6.8612e+01
8.4023e+01, 7.4174e+01
8.4031e+01, 8.0813e+01
8.4040e+01, 8.8254e+01
8.4048e+01, 9.6589e+01
8.4057e+01, 1.0590e+02
8.4066e+01, 1.1632e+02
8.4074e+01, 1.2794e+02
8.4083e+01, 1.4089e+02
8.4091e+01, 1.5526e+02
8.4100e+01, 1.7122e+02
8.4109e+01, 1.8885e+02
8.4117e+01, 2.0832e+02
8.4126e+01, 2.2970e+02
8.4134e+01, 2.5318e+02
8.4143e+01, 2.7880e+02
8.4160e+01, 3.3701e+02
8.4172e+01, 3.8268e+02
8.4184e+01, 4.3312e+02
8.4196e+01, 4.8840e+02
8.4207e+01, 5.4847e+02
8.4231e+01, 6.8227e+02
8.4255e+01, 8.3164e+02
8.4336e+01, 1.3799e+03
8.4360e+01, 1.5115e+03
8.4384e+01, 1.6129e+03
8.4407e+01, 1.6755e+03
8.4430e+01, 1.6967e+03
8.4452e+01, 1.6772e+03
8.4474e+01, 1.6210e+03
8.4499e+01, 1.5157e+03
8.4524e+01, 1.3761e+03
8.4563e+01, 1.1158e+03
8.4603e+01, 8.4583e+02
8.4623e+01, 7.1926e+02
8.4642e+01, 6.0288e+02
8.4662e+01, 4.9874e+02
8.4682e+01, 4.0784e+02
8.4702e+01, 3.3029e+02
8.4711e+01, 2.9634e+02
8.4721e+01, 2.6551e+02
8.4731e+01, 2.3757e+02
8.4741e+01, 2.1242e+02
8.4751e+01, 1.8985e+02
8.4761e+01, 1.6967e+02
8.4770e+01, 1.5246e+02
8.4780e+01, 1.3710e+02
8.4789e+01, 1.2342e+02
8.4799e+01, 1.1127e+02
8.4808e+01, 1.0050e+02
8.4817e+01, 9.0973e+01
8.4827e+01, 8.2544e+01
8.4836e+01, 7.5110e+01
8.4846e+01, 6.8543e+01
8.4855e+01, 6.2753e+01
8.4865e+01, 5.7637e+01
8.4874e+01, 5.3122e+01
8.4893e+01, 4.5586e+01
8.4912e+01, 3.9646e+01
8.4930e+01, 3.4915e+01
8.4949e+01, 3.1099e+01
8.4968e+01, 2.7977e+01
8.4987e+01, 2.5384e+01
8.5006e+01, 2.3198e+01
8.5025e+01, 2.1331e+01
8.5044e+01, 1.9715e+01
8.5062e+01, 1.8302e+01
8.5097e+01, 1.6147e+01
8.5131e+01, 1.4384e+01
8.5165e+01, 1.2916e+01
8.5199e+01, 1.1675e+01
8.5233e+01, 1.0614e+01
8.5267e+01, 9.6986e+00
8.5301e+01, 8.9014e+00
8.5335e+01, 8.2024e+00
8.5404e+01, 7.0387e+00
8.5472e+01, 6.1143e+00
8.5540e+01, 5.3671e+00
8.5608e+01, 4.7544e+00
8.5673e+01, 4.2703e+00
8.5737e+01, 3.8605e+00
8.5802e+01, 3.5106e+00
8.5867e+01, 3.2094e+00
8.5931e+01, 2.9480e+00
8.5996e+01, 2.7195e+00
8.6125e+01, 2.3410e+00
8.6254e+01, 2.0434e+00
8.6384e+01, 1.8061e+00
8.6513e+01, 1.6145e+00
8.6642e+01, 1.4582e+00
8.6750e+01, 1.3494e+00
8.6858e+01, 1.2566e+00
8.7073e+01, 1.1093e+00
8.7289e+01, 1.0022e+00
8.7504e+01, 9.2409e-01
8.7719e+01, 8.6923e-01
8.7935e+01, 8.3435e-01
8.8150e+01, 8.1724e-01
8.8366e+01, 8.1693e-01
8.8596e+01, 8.3543e-01
8.8825e+01, 8.7519e-01
8.9012e+01, 9.2568e-01
8.9199e+01, 9.9537e-01
8.9385e+01, 1.0888e+00
8.9572e+01, 1.2149e+00
8.9759e+01, 1.3845e+00
8.9852e+01, 1.4906e+00
8.9946e+01, 1.6146e+00
9.0039e+01, 1.7603e+00
9.0132e+01, 1.9327e+00
9.0226e+01, 2.1380e+00
9.0319e+01, 2.3844e+00
9.0405e+01, 2.6583e+00
9.0491e+01, 2.9897e+00
9.0578e+01, 3.3966e+00
9.0664e+01, 3.9037e+00
9.0750e+01, 4.5466e+00
9.0793e+01, 4.9346e+00
9.0836e+01, 5.3783e+00
9.0879e+01, 5.8894e+00
9.0922e+01, 6.4822e+00
9.0965e+01, 7.1760e+00
9.1008e+01, 7.9959e+00
9.1042e+01, 8.7574e+00
9.1077e+01, 9.6426e+00
9.1111e+01, 1.0683e+01
9.1145e+01, 1.1924e+01
9.1162e+01, 1.2638e+01
9.1179e+01, 1.3428e+01
9.1196e+01, 1.4309e+01
9.1213e+01, 1.5297e+01
9.1222e+01, 1.5839e+01
9.1230e+01, 1.6416e+01
9.1239e+01, 1.7033e+01
9.1247e+01, 1.7693e+01
9.1256e+01, 1.8403e+01
9.1264e+01, 1.9168e+01
9.1273e+01, 1.9995e+01
9.1281e+01, 2.0890e+01
9.1288e+01, 2.1704e+01
9.1296e+01, 2.2580e+01
9.1303e+01, 2.3523e+01
9.1310e+01, 2.4542e+01
9.1317e+01, 2.5644e+01
9.1324e+01, 2.6839e+01
9.1332e+01, 2.8137e+01
9.1339e+01, 2.9549e+01
9.1349e+01, 3.1704e+01
9.1358e+01, 3.4135e+01
9.1368e+01, 3.6891e+01
9.1378e+01, 4.0015e+01
9.1388e+01, 4.3569e+01
9.1398e+01, 4.7609e+01
9.1408e+01, 5.2214e+01
9.1418e+01, 5.7455e+01
9.1428e+01, 6.3428e+01
9.1437e+01, 7.0218e+01
9.1447e+01, 7.7945e+01
9.1457e+01, 8.6705e+01
9.1467e+01, 9.6638e+01
9.1477e+01, 1.0785e+02
9.1487e+01, 1.2049e+02
9.1497e+01, 1.3470e+02
9.1507e+01, 1.5063e+02
9.1516e+01, 1.6840e+02
9.1526e+01, 1.8819e+02
9.1536e+01, 2.1008e+02
9.1546e+01, 2.3426e+02
9.1556e+01, 2.6078e+02
9.1566e+01, 2.8977e+02
9.1576e+01, 3.2131e+02
9.1595e+01, 3.9222e+02
9.1615e+01, 4.7350e+02
9.1635e+01, 5.6454e+02
9.1655e+01, 6.6397e+02
9.1734e+01, 1.0916e+03
9.1757e+01, 1.2030e+03
9.1780e+01, 1.2947e+03
9.1800e+01, 1.3519e+03
9.1819e+01, 1.3877e+03
9.1840e+01, 1.4005e+03
9.1862e+01, 1.3857e+03
9.1883e+01, 1.3428e+03
9.1905e+01, 1.2738e+03
9.1927e+01, 1.1834e+03
9.1948e+01, 1.0821e+03
9.1969e+01, 9.7139e+02
9.2010e+01, 7.4202e+02
9.2030e+01, 6.3730e+02
9.2050e+01, 5.3958e+02
9.2070e+01, 4.5073e+02
9.2090e+01, 3.7198e+02
9.2110e+01, 3.0368e+02
9.2129e+01, 2.4575e+02
9.2139e+01, 2.2046e+02
9.2149e+01, 1.9750e+02
9.2159e+01, 1.7675e+02
9.2169e+01, 1.5808e+02
9.2179e+01, 1.4210e+02
9.2188e+01, 1.2775e+02
9.2197e+01, 1.1489e+02
9.2207e+01, 1.0340e+02
9.2216e+01, 9.3159e+01
9.2226e+01, 8.4050e+01
9.2235e+01, 7.5965e+01
9.2245e+01, 6.8801e+01
9.2254e+01, 6.2454e+01
9.2263e+01, 5.6848e+01
9.2273e+01, 5.1895e+01
9.2282e+01, 4.7519e+01
9.2292e+01, 4.3652e+01
9.2301e+01, 4.0232e+01
9.2320e+01, 3.4522e+01
9.2339e+01, 3.0016e+01
9.2358e+01, 2.6431e+01
9.2377e+01, 2.3541e+01
9.2396e+01, 2.1180e+01
9.2414e+01, 1.9223e+01
9.2433e+01, 1.7577e+01
9.2452e+01, 1.6172e+01
9.2471e+01, 1.4958e+01
9.2505e+01, 1.3149e+01
9.2538e+01, 1.1687e+01
9.2572e+01, 1.0476e+01
9.2606e+01, 9.4588e+00
9.2640e+01, 8.5913e+00
9.2673e+01, 7.8442e+00
9.2707e+01, 7.1949e+00
9.2741e+01, 6.6263e+00
9.2808e+01, 5.6801e+00
9.2876e+01, 4.9284e+00
9.2944e+01, 4.3202e+00
9.3011e+01, 3.8209e+00
9.3075e+01, 3.4280e+00
9.3138e+01, 3.0944e+00
9.3202e+01, 2.8086e+00
9.3265e+01, 2.5620e+00
9.3329e+01, 2.3476e+00
9.3392e+01, 2.1600e+00
9.3519e+01, 1.8483e+00
9.3646e+01, 1.6006e+00
9.3773e+01, 1.4005e+00
9.3901e+01, 1.2367e+00
9.4028e+01, 1.1010e+00
9.4171e+01, 9.7425e-01
9.4314e+01, 8.6898e-01
9.4456e+01, 7.8053e-01
9.4599e+01, 7.0549e-01
9.4742e+01, 6.4132e-01
9.4885e+01, 5.8619e-01
9.5028e+01, 5.3838e-01
9.5171e+01, 4.9624e-01
9.5378e+01, 4.4378e-01
9.5584e+01, 3.9962e-01
9.5791e+01, 3.6210e-01
9.5997e+01, 3.2993e-01
9.6204e+01, 3.0212e-01
9.6410e+01, 2.7792e-01
9.6823e+01, 2.3800e-01
9.7236e+01, 2.0665e-01
9.7649e+01, 1.8197e-01
9.8062e+01, 1.6136e-01
9.8475e+01, 1.4438e-01
9.8856e+01, 1.3124e-01
9.9238e+01, 1.1998e-01
9.9619e+01, 1.1022e-01
1.0000e+02, 1.0175e-01
1.0054e+02, 9.1470e-02
1.0109e+02, 8.2888e-02
1.0163e+02, 7.5643e-02
1.0218e+02, 6.9625e-02
1.0272e+02, 6.4293e-02
1.0327e+02, 5.9742e-02
1.0381e+02, 5.5665e-02
1.0436e+02, 5.2267e-02
1.0490e+02, 4.9137e-02
1.0544e+02, 4.6518e-02
1.0653e+02, 4.2053e-02
1.0762e+02, 3.8577e-02
1.0871e+02, 3.5890e-02
1.0992e+02, 3.3663e-02
1.1113e+02, 3.2084e-02
1.1234e+02, 3.1059e-02
1.1355e+02, 3.0570e-02
1.1470e+02, 3.0621e-02
1.1585e+02, 3.1197e-02
1.1700e+02, 3.2358e-02
1.1815e+02, 3.4228e-02
1.1930e+02, 3.7033e-02
1.2045e+02, 4.1175e-02
1.2160e+02, 4.7124e-02
1.2217e+02, 5.1136e-02
1.2275e+02, 5.6076e-02
1.2326e+02, 6.1511e-02
1.2378e+02, 6.8190e-02
1.2429e+02, 7.6507e-02
1.2480e+02, 8.7022e-02
1.2532e+02, 1.0057e-01
1.2558e+02, 1.0872e-01
1.2583e+02, 1.1807e-01
1.2609e+02, 1.2908e-01
1.2635e+02, 1.4201e-01
1.2660e+02, 1.5729e-01
1.2686e+02, 1.7552e-01
1.2710e+02, 1.9611e-01
1.2735e+02, 2.2096e-01
1.2759e+02, 2.5134e-01
1.2783e+02, 2.8897e-01
1.2807e+02, 3.3608e-01
1.2819e+02, 3.6434e-01
1.2831e+02, 3.9666e-01
1.2843e+02, 4.3382e-01
1.2856e+02, 4.7678e-01
1.2868e+02, 5.2676e-01
1.2880e+02, 5.8535e-01
1.2893e+02, 6.5957e-01
1.2905e+02, 7.4937e-01
1.2918e+02, 8.5963e-01
1.2931e+02, 9.9678e-01
1.2944e+02, 1.1706e+00
1.2950e+02, 1.2755e+00
1.2957e+02, 1.3956e+00
1.2963e+02, 1.5343e+00
1.2970e+02, 1.6958e+00
1.2976e+02, 1.8853e+00
1.2983e+02, 2.1095e+00
1.2989e+02, 2.3961e+00
1.2996e+02, 2.7483e+00
1.3003e+02, 3.1888e+00
1.3006e+02, 3.4519e+00
1.3010e+02, 3.7513e+00
1.3013e+02, 4.0961e+00
1.3017e+02, 4.4947e+00
1.3020e+02, 4.9629e+00
1.3023e+02, 5.5223e+00
1.3027e+02, 6.2082e+00
1.3030e+02, 7.0688e+00
1.3032e+02, 7.5899e+00
1.3034e+02, 8.1903e+00
1.3035e+02, 8.8888e+00
1.3037e+02, 9.7097e+00
1.3038e+02, 1.0541e+01
1.3040e+02, 1.1512e+01
1.3041e+02, 1.2651e+01
1.3043e+02, 1.3984e+01
1.3044e+02, 1.5572e+01
1.3046e+02, 1.7444e+01
1.3047e+02, 1.8523e+01
1.3047e+02, 1.9685e+01
1.3048e+02, 2.0952e+01
1.3049e+02, 2.2333e+01
1.3049e+02, 2.3861e+01
1.3050e+02, 2.5506e+01
1.3051e+02, 2.7298e+01
1.3052e+02, 2.9249e+01
1.3052e+02, 3.1405e+01
1.3053e+02, 3.3719e+01
1.3054e+02, 3.6235e+01
1.3055e+02, 3.8968e+01
1.3055e+02, 4.1976e+01
1.3056e+02, 4.5194e+01
1.3058e+02, 5.2447e+01
1.3059e+02, 6.0971e+01
1.3060e+02, 7.0798e+01
1.3061e+02, 7.7992e+01
1.3062e+02, 8.5778e+01
1.3063e+02, 9.4362e+01
1.3064e+02, 1.0360e+02
1.3065e+02, 1.1585e+02
1.3066e+02, 1.2917e+02
1.3068e+02, 1.4385e+02
1.3069e+02, 1.5967e+02
1.3070e+02, 1.7694e+02
1.3071e+02, 1.9535e+02
1.3073e+02, 2.3603e+02
1.3075e+02, 2.7799e+02
1.3077e+02, 3.2342e+02
1.3082e+02, 4.2208e+02
1.3085e+02, 5.1423e+02
1.3089e+02, 5.9950e+02
1.3091e+02, 6.3992e+02
1.3093e+02, 6.7355e+02
1.3095e+02, 6.9937e+02
1.3097e+02, 7.1607e+02
1.3100e+02, 7.2327e+02
1.3100e+02, 7.2313e+02
1.3101e+02, 7.2126e+02
1.3102e+02, 7.1720e+02
1.3104e+02, 7.0280e+02
1.3106e+02, 6.7718e+02
1.3109e+02, 6.4272e+02
1.3112e+02, 5.6867e+02
1.3116e+02, 4.8242e+02
1.3120e+02, 3.9260e+02
1.3123e+02, 3.0740e+02
1.3125e+02, 2.6814e+02
1.3127e+02, 2.3203e+02
1.3129e+02, 1.9897e+02
1.3131e+02, 1.6946e+02
1.3132e+02, 1.4426e+02
1.3134e+02, 1.2223e+02
1.3136e+02, 1.0306e+02
1.3138e+02, 8.6568e+01
1.3139e+02, 7.2439e+01
1.3141e+02, 6.0584e+01
1.3143e+02, 5.0662e+01
1.3145e+02, 4.2419e+01
1.3146e+02, 3.5583e+01
1.3148e+02, 3.0010e+01
1.3150e+02, 2.5458e+01
1.3152e+02, 2.1750e+01
1.3153e+02, 1.8736e+01
1.3155e+02, 1.6285e+01
1.3157e+02, 1.4289e+01
1.3159e+02, 1.2656e+01
1.3161e+02, 1.1029e+01
1.3163e+02, 9.7390e+00
1.3165e+02, 8.7023e+00
1.3167e+02, 7.8564e+00
1.3169e+02, 7.1552e+00
1.3172e+02, 6.5646e+00
1.3174e+02, 6.0597e+00
1.3176e+02, 5.6222e+00
1.3180e+02, 4.8988e+00
1.3185e+02, 4.3221e+00
1.3189e+02, 3.8501e+00
1.3193e+02, 3.4570e+00
1.3198e+02, 3.0766e+00
1.3203e+02, 2.7582e+00
1.3208e+02, 2.4886e+00
1.3213e+02, 2.2584e+00
1.3218e+02, 2.0594e+00
1.3223e+02, 1.8867e+00
1.3228e+02, 1.7353e+00
1.3233e+02, 1.6021e+00
1.3243e+02, 1.3785e+00
1.3253e+02, 1.1996e+00
1.3263e+02, 1.0539e+00
1.3273e+02, 9.3360e-01
1.3283e+02, 8.3928e-01
1.3292e+02, 7.5888e-01
1.3301e+02, 6.8977e-01
1.3311e+02, 6.2999e-01
1.3320e+02, 5.7782e-01
1.3329e+02, 5.3212e-01
1.3348e+02, 4.5617e-01
1.3367e+02, 3.9611e-01
1.3386e+02, 3.4751e-01
1.3404e+02, 3.0754e-01
1.3423e+02, 2.7439e-01
1.3443e+02, 2.4481e-01
1.3463e+02, 2.2008e-01
1.3483e+02, 1.9919e-01
1.3503e+02, 1.8140e-01
1.3523e+02, 1.6612e-01
1.3543e+02, 1.5292e-01
1.3563e+02, 1.4148e-01
1.3583e+02, 1.3159e-01
1.3623e+02, 1.1490e-01
1.3663e+02, 1.0169e-01
1.3703e+02, 9.1132e-02
1.3743e+02, 8.2586e-02
1.3778e+02, 7.6453e-02
1.3813e+02, 7.1270e-02
1.3882e+02, 6.3109e-02
1.3952e+02, 5.7179e-02
1.4021e+02, 5.2926e-02
1.4090e+02, 4.9788e-02
1.4160e+02, 4.7577e-02
1.4229e+02, 4.6147e-02
1.4299e+02, 4.5414e-02
1.4386e+02, 4.5378e-02
1.4474e+02, 4.6261e-02
1.4562e+02, 4.8116e-02
1.4649e+02, 5.1018e-02
1.4737e+02, 5.5175e-02
1.4825e+02, 6.0957e-02
1.4869e+02, 6.4560e-02
1.4912e+02, 6.8829e-02
1.4956e+02, 7.3819e-02
1.5000e+02, 7.9597e-02
1.5049e+02, 8.7385e-02
1.5098e+02, 9.6886e-02
1.5147e+02, 1.0857e-01
1.5196e+02, 1.2305e-01
1.5245e+02, 1.4112e-01
1.5270e+02, 1.5210e-01
1.5294e+02, 1.6461e-01
1.5319e+02, 1.7896e-01
1.5343e+02, 1.9550e-01
1.5368e+02, 2.1471e-01
1.5392e+02, 2.3720e-01
1.5418e+02, 2.6569e-01
1.5445e+02, 3.0009e-01
1.5471e+02, 3.4214e-01
1.5497e+02, 3.9420e-01
1.5523e+02, 4.5941e-01
1.5536e+02, 4.9854e-01
1.5549e+02, 5.4325e-01
1.5562e+02, 5.9469e-01
1.5575e+02, 6.5410e-01
1.5588e+02, 7.2322e-01
1.5601e+02, 8.0429e-01
1.5615e+02, 9.0695e-01
1.5629e+02, 1.0311e+00
1.5643e+02, 1.1835e+00
1.5657e+02, 1.3730e+00
1.5671e+02, 1.6129e+00
1.5678e+02, 1.7579e+00
1.5685e+02, 1.9237e+00
1.5692e+02, 2.1152e+00
1.5699e+02, 2.3377e+00
1.5706e+02, 2.5991e+00
1.5713e+02, 2.9084e+00
1.5719e+02, 3.2676e+00
1.5726e+02, 3.7001e+00
1.5733e+02, 4.2291e+00
1.5740e+02, 4.8879e+00
1.5743e+02, 5.2809e+00
1.5746e+02, 5.7277e+00
1.5750e+02, 6.2403e+00
1.5753e+02, 6.8351e+00
1.5755e+02, 7.1711e+00
1.5756e+02, 7.5349e+00
1.5758e+02, 7.9353e+00
1.5760e+02, 8.3731e+00
1.5761e+02, 8.8602e+00
1.5763e+02, 9.3991e+00
1.5765e+02, 1.0007e+01
1.5766e+02, 1.0337e+01
1.5766e+02, 1.0688e+01
1.5768e+02, 1.1244e+01
1.5769e+02, 1.1852e+01
1.5770e+02, 1.2531e+01
1.5771e+02, 1.3277e+01
1.5773e+02, 1.4116e+01
1.5774e+02, 1.5045e+01
1.5775e+02, 1.6096e+01
1.5776e+02, 1.7268e+01
1.5777e+02, 1.8361e+01
1.5778e+02, 1.9570e+01
1.5779e+02, 2.0909e+01
1.5780e+02, 2.2395e+01
1.5781e+02, 2.4043e+01
1.5782e+02, 2.5874e+01
1.5783e+02, 2.7907e+01
1.5784e+02, 3.0165e+01
1.5786e+02, 3.2958e+01
1.5787e+02, 3.6064e+01
1.5788e+02, 3.9577e+01
1.5789e+02, 4.3475e+01
1.5790e+02, 4.7872e+01
1.5791e+02, 5.2737e+01
1.5792e+02, 5.8206e+01
1.5793e+02, 6.4234e+01
1.5795e+02, 7.0980e+01
1.5796e+02, 7.8380e+01
1.5797e+02, 8.6620e+01
1.5798e+02, 9.5609e+01
1.5799e+02, 1.0556e+02
1.5800e+02, 1.1635e+02
1.5801e+02, 1.2811e+02
1.5802e+02, 1.4088e+02
1.5805e+02, 1.6976e+02
1.5807e+02, 2.0294e+02
1.5809e+02, 2.4081e+02
1.5811e+02, 2.8293e+02
1.5814e+02, 3.2933e+02
1.5816e+02, 3.7926e+02
1.5820e+02, 4.8583e+02
1.5825e+02, 5.9341e+02
1.5829e+02, 6.8900e+02
1.5832e+02, 7.3148e+02
1.5834e+02, 7.6462e+02
1.5837e+02, 7.8694e+02
1.5839e+02, 7.9721e+02
1.5840e+02, 7.9787e+02
1.5843e+02, 7.9125e+02
1.5845e+02, 7.7198e+02
1.5848e+02, 7.4001e+02
1.5850e+02, 6.9754e+02
1.5855e+02, 5.9894e+02
1.5860e+02, 4.8691e+02
1.5864e+02, 3.8041e+02
1.5866e+02, 3.3048e+02
1.5869e+02, 2.8425e+02
1.5871e+02, 2.4189e+02
1.5873e+02, 2.0412e+02
1.5875e+02, 1.7084e+02
1.5877e+02, 1.4198e+02
1.5880e+02, 1.1834e+02
1.5882e+02, 9.8253e+01
1.5884e+02, 8.1381e+01
1.5886e+02, 6.7420e+01
1.5888e+02, 5.5868e+01
1.5890e+02, 4.6437e+01
1.5892e+02, 3.8788e+01
1.5895e+02, 3.2644e+01
1.5897e+02, 2.7677e+01
1.5899e+02, 2.3689e+01
1.5901e+02, 2.0484e+01
1.5903e+02, 1.7912e+01
1.5905e+02, 1.5818e+01
1.5907e+02, 1.4109e+01
1.5910e+02, 1.2702e+01
1.5912e+02, 1.1536e+01
1.5914e+02, 1.0640e+01
1.5916e+02, 9.8693e+00
1.5919e+02, 8.6024e+00
1.5923e+02, 7.6052e+00
1.5927e+02, 6.7987e+00
1.5931e+02, 6.1275e+00
1.5935e+02, 5.5604e+00
1.5939e+02, 5.0743e+00
1.5942e+02, 4.6542e+00
1.5946e+02, 4.2860e+00
1.5950e+02, 3.9616e+00
1.5958e+02, 3.4185e+00
1.5966e+02, 2.9828e+00
1.5973e+02, 2.6275e+00
1.5981e+02, 2.3482e+00
1.5988e+02, 2.1123e+00
1.5995e+02, 1.9110e+00
1.6002e+02, 1.7382e+00
1.6010e+02, 1.5881e+00
1.6017e+02, 1.4572e+00
1.6031e+02, 1.2401e+00
1.6046e+02, 1.0685e+00
1.6060e+02, 9.3058e-01
1.6075e+02, 8.1818e-01
1.6090e+02, 7.2535e-01
1.6103e+02, 6.5195e-01
1.6117e+02, 5.8940e-01
1.6131e+02, 5.3566e-01
1.6144e+02, 4.8920e-01
1.6158e+02, 4.4879e-01
1.6172e+02, 4.1346e-01
1.6199e+02, 3.5463e-01
1.6226e+02, 3.0766e-01
1.6254e+02, 2.6979e-01
1.6281e+02, 2.3885e-01
1.6308e+02, 2.1325e-01
1.6329e+02, 1.9685e-01
1.6349e+02, 1.8242e-01
1.6390e+02, 1.5834e-01
1.6421e+02, 1.4358e-01
1.6452e+02, 1.3105e-01
1.6483e+02, 1.2034e-01
1.6514e+02, 1.1125e-01
1.6575e+02, 9.6215e-02
1.6637e+02, 8.4636e-02
1.6698e+02, 7.5601e-02
1.6760e+02, 6.8464e-02
1.6821e+02, 6.2778e-02
1.6883e+02, 5.8224e-02
1.6944e+02, 5.4573e-02
1.7006e+02, 5.1652e-02
1.7067e+02, 4.9335e-02
1.7129e+02, 4.7530e-02
1.7252e+02, 4.5229e-02
1.7375e+02, 4.4274e-02
1.7498e+02, 4.4571e-02
1.7621e+02, 4.6067e-02
1.7744e+02, 4.8825e-02
1.7806e+02, 5.0666e-02
1.7868e+02, 5.3040e-02
1.7929e+02, 5.5720e-02
1.7991e+02, 5.9070e-02
1.8052e+02, 6.2913e-02
1.8114e+02, 6.7513e-02
1.8175e+02, 7.2790e-02
1.8237e+02, 7.9242e-02
1.8298e+02, 8.6962e-02
1.8360e+02, 9.6267e-02
1.8418e+02, 1.0689e-01
1.8476e+02, 1.1979e-01
1.8534e+02, 1.3563e-01
1.8593e+02, 1.5534e-01
1.8651e+02, 1.8026e-01
1.8680e+02, 1.9507e-01
1.8709e+02, 2.1185e-01
1.8738e+02, 2.3134e-01
1.8767e+02, 2.5389e-01
1.8796e+02, 2.8012e-01
1.8825e+02, 3.1085e-01
1.8856e+02, 3.4956e-01
1.8887e+02, 3.9630e-01
1.8917e+02, 4.5349e-01
1.8948e+02, 5.2446e-01
1.8979e+02, 6.1405e-01
1.8994e+02, 6.6778e-01
1.9010e+02, 7.2873e-01
1.9025e+02, 7.9858e-01
1.9040e+02, 8.7942e-01
1.9056e+02, 9.7384e-01
1.9071e+02, 1.0847e+00
1.9087e+02, 1.2202e+00
1.9103e+02, 1.3832e+00
1.9119e+02, 1.5820e+00
1.9134e+02, 1.8275e+00
1.9150e+02, 2.1362e+00
1.9158e+02, 2.3211e+00
1.9166e+02, 2.5309e+00
1.9174e+02, 2.7712e+00
1.9182e+02, 3.0481e+00
1.9190e+02, 3.3699e+00
1.9194e+02, 3.5507e+00
1.9198e+02, 3.7468e+00
1.9201e+02, 3.9128e+00
1.9204e+02, 4.0904e+00
1.9207e+02, 4.2808e+00
1.9210e+02, 4.4853e+00
1.9213e+02, 4.7055e+00
1.9216e+02, 4.9429e+00
1.9219e+02, 5.1994e+00
1.9223e+02, 5.4773e+00
1.9223e+02, 5.5177e+00
1.9225e+02, 5.6672e+00
1.9226e+02, 5.8231e+00
1.9228e+02, 5.9858e+00
1.9229e+02, 6.1546e+00
1.9231e+02, 6.3323e+00
1.9232e+02, 6.5181e+00
1.9234e+02, 6.7127e+00
1.9235e+02, 6.9152e+00
1.9238e+02, 7.2450e+00
1.9240e+02, 7.5990e+00
1.9242e+02, 7.9815e+00
1.9245e+02, 8.3960e+00
1.9247e+02, 8.8465e+00
1.9249e+02, 9.3379e+00
1.9252e+02, 9.8762e+00
1.9254e+02, 1.0468e+01
1.9257e+02, 1.1126e+01
1.9259e+02, 1.1854e+01
1.9261e+02, 1.2670e+01
1.9264e+02, 1.3589e+01
1.9266e+02, 1.4634e+01
1.9268e+02, 1.5832e+01
1.9271e+02, 1.7217e+01
1.9273e+02, 1.8834e+01
1.9274e+02, 1.9750e+01
1.9275e+02, 2.0738e+01
1.9277e+02, 2.1824e+01
1.9278e+02, 2.2999e+01
1.9279e+02, 2.4296e+01
1.9280e+02, 2.5705e+01
1.9281e+02, 2.7265e+01
1.9282e+02, 2.8965e+01
1.9284e+02, 3.0851e+01
1.9285e+02, 3.2910e+01
1.9286e+02, 3.5198e+01
1.9287e+02, 3.7700e+01
1.9288e+02, 4.0483e+01
1.9289e+02, 4.3526e+01
1.9291e+02, 4.6911e+01
1.9292e+02, 5.0610e+01
1.9293e+02, 5.4719e+01
1.9294e+02, 5.9244e+01
1.9295e+02, 6.4222e+01
1.9297e+02, 6.9642e+01
1.9298e+02, 7.5637e+01
1.9299e+02, 8.2145e+01
1.9301e+02, 9.7079e+01
1.9304e+02, 1.1478e+02
1.9306e+02, 1.3556e+02
1.9308e+02, 1.5971e+02
1.9311e+02, 1.8746e+02
1.9313e+02, 2.1756e+02
1.9315e+02, 2.5098e+02
1.9317e+02, 2.8794e+02
1.9320e+02, 3.2792e+02
1.9324e+02, 4.1601e+02
1.9329e+02, 5.1051e+02
1.9333e+02, 6.0856e+02
1.9338e+02, 6.9586e+02
1.9343e+02, 7.6234e+02
1.9345e+02, 7.8478e+02
1.9347e+02, 7.9891e+02
1.9350e+02, 8.0426e+02
1.9354e+02, 7.9206e+02
1.9358e+02, 7.5705e+02
1.9362e+02, 6.9337e+02
1.9367e+02, 6.1145e+02
1.9373e+02, 4.6634e+02
1.9377e+02, 3.9470e+02
1.9380e+02, 3.2770e+02
1.9384e+02, 2.6720e+02
1.9387e+02, 2.1471e+02
1.9389e+02, 1.9141e+02
1.9391e+02, 1.7028e+02
1.9393e+02, 1.5115e+02
1.9394e+02, 1.3392e+02
1.9396e+02, 1.1843e+02
1.9398e+02, 1.0472e+02
1.9399e+02, 9.2588e+01
1.9401e+02, 8.1898e+01
1.9403e+02, 7.2517e+01
1.9405e+02, 6.4316e+01
1.9406e+02, 5.7169e+01
1.9408e+02, 5.0957e+01
1.9410e+02, 4.5770e+01
1.9411e+02, 4.1275e+01
1.9413e+02, 3.7334e+01
1.9415e+02, 3.3920e+01
1.9416e+02, 3.0925e+01
1.9418e+02, 2.8325e+01
1.9420e+02, 2.6050e+01
1.9421e+02, 2.4054e+01
1.9425e+02, 2.0739e+01
1.9428e+02, 1.8143e+01
1.9431e+02, 1.6065e+01
1.9435e+02, 1.4380e+01
1.9438e+02, 1.2982e+01
1.9441e+02, 1.1811e+01
1.9444e+02, 1.0808e+01
1.9448e+02, 9.9442e+00
1.9454e+02, 8.5237e+00
1.9461e+02, 7.4061e+00
1.9467e+02, 6.5823e+00
1.9473e+02, 5.8955e+00
1.9479e+02, 5.3146e+00
1.9485e+02, 4.8181e+00
1.9491e+02, 4.3892e+00
1.9497e+02, 4.0170e+00
1.9503e+02, 3.6909e+00
1.9509e+02, 3.4037e+00
1.9521e+02, 2.9221e+00
1.9533e+02, 2.5374e+00
1.9545e+02, 2.2248e+00
1.9557e+02, 1.9672e+00
1.9567e+02, 1.7838e+00
1.9577e+02, 1.6255e+00
1.9587e+02, 1.4876e+00
1.9597e+02, 1.3670e+00
1.9617e+02, 1.1663e+00
1.9637e+02, 1.0066e+00
1.9652e+02, 9.0733e-01
1.9668e+02, 8.2219e-01
1.9683e+02, 7.4859e-01
1.9698e+02, 6.8454e-01
1.9713e+02, 6.2842e-01
1.9728e+02, 5.7903e-01
1.9758e+02, 4.9640e-01
1.9788e+02, 4.3043e-01
1.9819e+02, 3.7706e-01
1.9849e+02, 3.3350e-01
1.9879e+02, 2.9703e-01
1.9909e+02, 2.6615e-01
1.9940e+02, 2.3993e-01
1.9970e+02, 2.1749e-01
2.0000e+02, 1.9812e-01
2.0038e+02, 1.7736e-01
2.0076e+02, 1.5983e-01
2.0114e+02, 1.4486e-01
2.0152e+02, 1.3198e-01
2.0190e+02, 1.2083e-01
2.0227e+02, 1.1120e-01
2.0303e+02, 9.5216e-02
2.0379e+02, 8.2569e-02
2.0455e+02, 7.2479e-02
2.0531e+02, 6.4307e-02
2.0607e+02, 5.7609e-02
2.0671e+02, 5.2830e-02
2.0736e+02, 4.8733e-02
2.0800e+02, 4.5196e-02
2.0865e+02, 4.2126e-02
2.0994e+02, 3.7127e-02
2.1123e+02, 3.3438e-02
2.1252e+02, 3.0463e-02
2.1381e+02, 2.8293e-02
2.1510e+02, 2.6722e-02
2.1639e+02, 2.5699e-02
2.1741e+02, 2.5264e-02
2.1844e+02, 2.5171e-02
2.1946e+02, 2.5449e-02
2.2048e+02, 2.6162e-02
2.2151e+02, 2.7413e-02
2.2253e+02, 2.9371e-02
2.2356e+02, 3.2279e-02
2.2407e+02, 3.4219e-02
2.2458e+02, 3.6625e-02
2.2509e+02, 3.9589e-02
2.2561e+02, 4.3272e-02
2.2612e+02, 4.7896e-02
2.2663e+02, 5.3785e-02
2.2701e+02, 5.9272e-02
2.2740e+02, 6.5937e-02
2.2778e+02, 7.4324e-02
2.2817e+02, 8.4942e-02
2.2855e+02, 9.8634e-02
2.2874e+02, 1.0701e-01
2.2893e+02, 1.1670e-01
2.2913e+02, 1.2797e-01
2.2932e+02, 1.4118e-01
2.2951e+02, 1.5678e-01
2.2970e+02, 1.7535e-01
2.2988e+02, 1.9578e-01
2.3005e+02, 2.2043e-01
2.3023e+02, 2.5054e-01
2.3041e+02, 2.8780e-01
2.3058e+02, 3.3470e-01
2.3067e+02, 3.6283e-01
2.3076e+02, 3.9486e-01
2.3085e+02, 4.3155e-01
2.3093e+02, 4.7386e-01
2.3102e+02, 5.2300e-01
2.3111e+02, 5.8057e-01
2.3121e+02, 6.5562e-01
2.3130e+02, 7.4702e-01
2.3140e+02, 8.6029e-01
2.3149e+02, 1.0034e+00
2.3154e+02, 1.0900e+00
2.3159e+02, 1.1890e+00
2.3164e+02, 1.3035e+00
2.3169e+02, 1.4375e+00
2.3173e+02, 1.5967e+00
2.3178e+02, 1.7899e+00
2.3183e+02, 2.0315e+00
2.3185e+02, 2.1774e+00
2.3188e+02, 2.3456e+00
2.3190e+02, 2.5607e+00
2.3193e+02, 2.8180e+00
2.3196e+02, 3.1315e+00
2.3198e+02, 3.5191e+00
2.3201e+02, 4.0040e+00
2.3203e+02, 4.6171e+00
2.3206e+02, 5.3980e+00
2.3207e+02, 5.8667e+00
2.3209e+02, 6.3972e+00
2.3210e+02, 6.9979e+00
2.3211e+02, 7.6780e+00
2.3213e+02, 8.4477e+00
2.3214e+02, 9.3181e+00
2.3215e+02, 1.0302e+01
2.3216e+02, 1.1411e+01
2.3218e+02, 1.2662e+01
2.3219e+02, 1.4069e+01
2.3220e+02, 1.5648e+01
2.3222e+02, 1.7417e+01
2.3223e+02, 1.9395e+01
2.3224e+02, 2.1601e+01
2.3226e+02, 2.4053e+01
2.3227e+02, 2.6773e+01
2.3228e+02, 2.9782e+01
2.3229e+02, 3.3098e+01
2.3231e+02, 3.6744e+01
2.3232e+02, 4.0737e+01
2.3233e+02, 4.5098e+01
2.3235e+02, 4.9843e+01
2.3237e+02, 6.0546e+01
2.3240e+02, 7.2941e+01
2.3242e+02, 8.7074e+01
2.3245e+02, 1.0293e+02
2.3248e+02, 1.2040e+02
2.3250e+02, 1.3932e+02
2.3254e+02, 1.6736e+02
2.3258e+02, 2.0312e+02
2.3263e+02, 2.3814e+02
2.3267e+02, 2.6952e+02
2.3271e+02, 2.9432e+02
2.3276e+02, 3.1001e+02
2.3280e+02, 3.1493e+02
2.3280e+02, 3.1490e+02
2.3281e+02, 3.1432e+02
2.3283e+02, 3.1303e+02
2.3285e+02, 3.0839e+02
2.3290e+02, 2.8930e+02
2.3294e+02, 2.6301e+02
2.3298e+02, 2.3089e+02
2.3306e+02, 1.6753e+02
2.3310e+02, 1.3711e+02
2.3314e+02, 1.0940e+02
2.3318e+02, 8.5158e+01
2.3320e+02, 7.4526e+01
2.3322e+02, 6.4881e+01
2.3324e+02, 5.6209e+01
2.3326e+02, 4.8480e+01
2.3328e+02, 4.1646e+01
2.3330e+02, 3.5653e+01
2.3332e+02, 3.0411e+01
2.3334e+02, 2.5906e+01
2.3335e+02, 2.2039e+01
2.3337e+02, 1.8741e+01
2.3339e+02, 1.5944e+01
2.3341e+02, 1.3585e+01
2.3343e+02, 1.1606e+01
2.3345e+02, 9.9504e+00
2.3347e+02, 8.7071e+00
2.3349e+02, 7.6584e+00
2.3351e+02, 6.7647e+00
2.3352e+02, 6.0122e+00
2.3354e+02, 5.3713e+00
2.3356e+02, 4.8311e+00
2.3357e+02, 4.3720e+00
2.3359e+02, 3.9809e+00
2.3361e+02, 3.6447e+00
2.3363e+02, 3.3577e+00
2.3364e+02, 3.1086e+00
2.3366e+02, 2.8937e+00
2.3370e+02, 2.5400e+00
2.3373e+02, 2.2637e+00
2.3377e+02, 2.0408e+00
2.3380e+02, 1.8570e+00
2.3384e+02, 1.7021e+00
2.3387e+02, 1.5695e+00
2.3394e+02, 1.3522e+00
2.3401e+02, 1.1809e+00
2.3410e+02, 1.0114e+00
2.3419e+02, 8.7773e-01
2.3427e+02, 7.6997e-01
2.3436e+02, 6.8180e-01
2.3443e+02, 6.2216e-01
2.3450e+02, 5.7034e-01
2.3457e+02, 5.2493e-01
2.3464e+02, 4.8499e-01
2.3478e+02, 4.1804e-01
2.3488e+02, 3.7678e-01
2.3499e+02, 3.4158e-01
2.3509e+02, 3.1129e-01
2.3520e+02, 2.8503e-01
2.3530e+02, 2.6212e-01
2.3541e+02, 2.4201e-01
2.3561e+02, 2.0852e-01
2.3582e+02, 1.8194e-01
2.3603e+02, 1.6054e-01
2.3624e+02, 1.4306e-01
2.3645e+02, 1.2854e-01
2.3668e+02, 1.1538e-01
2.3690e+02, 1.0439e-01
2.3713e+02, 9.5114e-02
2.3736e+02, 8.7240e-02
2.3758e+02, 8.0498e-02
2.3781e+02, 7.4692e-02
2.3826e+02, 6.5279e-02
2.3872e+02, 5.8098e-02
2.3917e+02, 5.2619e-02
2.3962e+02, 4.8273e-02
2.4008e+02, 4.4874e-02
2.4078e+02, 4.1100e-02
2.4147e+02, 3.8718e-02
2.4217e+02, 3.7486e-02
2.4287e+02, 3.7317e-02
2.4339e+02, 3.7911e-02
2.4391e+02, 3.9200e-02
2.4444e+02, 4.1320e-02
2.4496e+02, 4.4469e-02
2.4548e+02, 4.8967e-02
2.4574e+02, 5.1949e-02
2.4601e+02, 5.5536e-02
2.4627e+02, 5.9867e-02
2.4653e+02, 6.5130e-02
2.4679e+02, 7.1581e-02
2.4705e+02, 7.9573e-02
2.4728e+02, 8.8112e-02
2.4750e+02, 9.8570e-02
2.4773e+02, 1.1160e-01
2.4796e+02, 1.2818e-01
2.4807e+02, 1.3823e-01
2.4819e+02, 1.4974e-01
2.4830e+02, 1.6299e-01
2.4841e+02, 1.7836e-01
2.4853e+02, 1.9634e-01
2.4864e+02, 2.1752e-01
2.4875e+02, 2.4272e-01
2.4886e+02, 2.7304e-01
2.4897e+02, 3.0690e-01
2.4907e+02, 3.4815e-01
2.4918e+02, 3.9920e-01
2.4928e+02, 4.6359e-01
2.4934e+02, 5.0235e-01
2.4939e+02, 5.4667e-01
2.4944e+02, 5.9775e-01
2.4949e+02, 6.5721e-01
2.4954e+02, 7.2732e-01
2.4960e+02, 8.1150e-01
2.4965e+02, 9.1519e-01
2.4970e+02, 1.0477e+00
2.4973e+02, 1.1372e+00
2.4976e+02, 1.2434e+00
2.4979e+02, 1.3729e+00
2.4982e+02, 1.5323e+00
2.4984e+02, 1.7335e+00
2.4987e+02, 1.9894e+00
2.4989e+02, 2.1445e+00
2.4990e+02, 2.3199e+00
2.4991e+02, 2.5215e+00
2.4993e+02, 2.7503e+00
2.4994e+02, 3.0139e+00
2.4996e+02, 3.3159e+00
2.4997e+02, 3.6619e+00
2.4999e+02, 4.0553e+00
2.5000e+02, 4.5085e+00
2.5001e+02, 5.0228e+00
2.5003e+02, 5.6142e+00
2.5004e+02, 6.2834e+00
2.5006e+02, 7.0501e+00
2.5007e+02, 7.9209e+00
2.5008e+02, 8.9075e+00
2.5010e+02, 1.0014e+01
2.5011e+02, 1.1270e+01
2.5013e+02, 1.2670e+01
2.5014e+02, 1.4249e+01
2.5016e+02, 1.5999e+01
2.5017e+02, 1.8120e+01
2.5019e+02, 2.0473e+01
2.5020e+02, 2.3108e+01
2.5022e+02, 2.6008e+01
2.5023e+02, 2.9224e+01
2.5025e+02, 3.2731e+01
2.5028e+02, 4.0747e+01
2.5031e+02, 5.0114e+01
2.5034e+02, 6.0831e+01
2.5037e+02, 7.2822e+01
2.5040e+02, 8.5923e+01
2.5043e+02, 1.0090e+02
2.5046e+02, 1.1642e+02
2.5053e+02, 1.4680e+02
2.5055e+02, 1.5607e+02
2.5058e+02, 1.6683e+02
2.5060e+02, 1.7458e+02
2.5063e+02, 1.8090e+02
2.5065e+02, 1.8553e+02
2.5068e+02, 1.8838e+02
2.5070e+02, 1.8935e+02
2.5070e+02, 1.8933e+02
2.5071e+02, 1.8910e+02
2.5072e+02, 1.8860e+02
2.5074e+02, 1.8679e+02
2.5078e+02, 1.7988e+02
2.5081e+02, 1.6911e+02
2.5085e+02, 1.5522e+02
2.5089e+02, 1.3986e+02
2.5092e+02, 1.2338e+02
2.5099e+02, 9.0167e+01
2.5103e+02, 7.5438e+01
2.5106e+02, 6.2041e+01
2.5109e+02, 5.0137e+01
2.5113e+02, 3.9904e+01
2.5114e+02, 3.5377e+01
2.5116e+02, 3.1278e+01
2.5118e+02, 2.7565e+01
2.5119e+02, 2.4222e+01
2.5121e+02, 2.1227e+01
2.5123e+02, 1.8560e+01
2.5124e+02, 1.6196e+01
2.5126e+02, 1.4111e+01
2.5128e+02, 1.2445e+01
2.5129e+02, 1.0980e+01
2.5131e+02, 9.6774e+00
2.5132e+02, 8.5394e+00
2.5134e+02, 7.5347e+00
2.5135e+02, 6.6619e+00
2.5137e+02, 5.9002e+00
2.5138e+02, 5.2369e+00
2.5140e+02, 4.6570e+00
2.5141e+02, 4.1573e+00
2.5143e+02, 3.7217e+00
2.5144e+02, 3.3471e+00
2.5146e+02, 3.0208e+00
2.5147e+02, 2.7403e+00
2.5149e+02, 2.4973e+00
2.5150e+02, 2.2865e+00
2.5152e+02, 2.1022e+00
2.5153e+02, 1.9429e+00
2.5156e+02, 1.6810e+00
2.5159e+02, 1.4785e+00
2.5162e+02, 1.3197e+00
2.5165e+02, 1.1917e+00
2.5168e+02, 1.0869e+00
2.5171e+02, 9.9921e-01
2.5174e+02, 9.2481e-01
2.5180e+02, 8.0955e-01
2.5186e+02, 7.1798e-01
2.5192e+02, 6.4296e-01
2.5197e+02, 5.8020e-01
2.5203e+02, 5.2691e-01
2.5209e+02, 4.8114e-01
2.5215e+02, 4.4145e-01
2.5220e+02, 4.0683e-01
2.5232e+02, 3.4927e-01
2.5243e+02, 3.0373e-01
2.5255e+02, 2.6697e-01
2.5266e+02, 2.3689e-01
2.5277e+02, 2.1325e-01
2.5288e+02, 1.9323e-01
2.5298e+02, 1.7611e-01
2.5309e+02, 1.6137e-01
2.5320e+02, 1.4857e-01
2.5331e+02, 1.3740e-01
2.5352e+02, 1.1888e-01
2.5374e+02, 1.0420e-01
2.5395e+02, 9.2384e-02
2.5417e+02, 8.2743e-02
2.5438e+02, 7.4783e-02
2.5461e+02, 6.7750e-02
2.5484e+02, 6.1877e-02
2.5507e+02, 5.6922e-02
2.5530e+02, 5.2721e-02
2.5575e+02, 4.6034e-02
2.5621e+02, 4.0928e-02
2.5667e+02, 3.6988e-02
2.5713e+02, 3.3902e-02
2.5758e+02, 3.1453e-02
2.5804e+02, 2.9493e-02
2.5863e+02, 2.7548e-02
2.5923e+02, 2.6038e-02
2.5982e+02, 2.4894e-02
2.6041e+02, 2.4021e-02
2.6159e+02, 2.2963e-02
2.6278e+02, 2.2577e-02
2.6380e+02, 2.2692e-02
2.6482e+02, 2.3176e-02
2.6585e+02, 2.4023e-02
2.6687e+02, 2.5262e-02
2.6789e+02, 2.6960e-02
2.6891e+02, 2.9238e-02
2.6994e+02, 3.2242e-02
2.7096e+02, 3.6357e-02
2.7142e+02, 3.8692e-02
2.7187e+02, 4.1435e-02
2.7233e+02, 4.4699e-02
2.7279e+02, 4.8640e-02
2.7325e+02, 5.3479e-02
2.7370e+02, 5.9509e-02
2.7416e+02, 6.7349e-02
2.7439e+02, 7.2204e-02
2.7462e+02, 7.7883e-02
2.7483e+02, 8.4179e-02
2.7505e+02, 9.1651e-02
2.7526e+02, 1.0064e-01
2.7548e+02, 1.1161e-01
2.7570e+02, 1.2523e-01
2.7591e+02, 1.4260e-01
2.7602e+02, 1.5318e-01
2.7613e+02, 1.6538e-01
2.7623e+02, 1.7957e-01
2.7634e+02, 1.9623e-01
2.7646e+02, 2.1737e-01
2.7657e+02, 2.4309e-01
2.7668e+02, 2.7488e-01
2.7680e+02, 3.1494e-01
2.7686e+02, 3.3911e-01
2.7691e+02, 3.6678e-01
2.7697e+02, 3.9877e-01
2.7703e+02, 4.3608e-01
2.7708e+02, 4.8037e-01
2.7714e+02, 5.3395e-01
2.7720e+02, 6.0070e-01
2.7726e+02, 6.8730e-01
2.7729e+02, 7.4531e-01
2.7732e+02, 8.1527e-01
2.7735e+02, 9.0128e-01
2.7738e+02, 1.0087e+00
2.7741e+02, 1.1460e+00
2.7744e+02, 1.3238e+00
2.7745e+02, 1.4326e+00
2.7747e+02, 1.5565e+00
2.7748e+02, 1.6987e+00
2.7750e+02, 1.8622e+00
2.7751e+02, 2.0514e+00
2.7753e+02, 2.2676e+00
2.7754e+02, 2.5180e+00
2.7756e+02, 2.8039e+00
2.7757e+02, 3.1343e+00
2.7759e+02, 3.5106e+00
2.7760e+02, 3.9411e+00
2.7762e+02, 4.4328e+00
2.7763e+02, 4.9968e+00
2.7765e+02, 5.6338e+00
2.7767e+02, 6.3609e+00
2.7768e+02, 7.1775e+00
2.7770e+02, 8.1038e+00
2.7771e+02, 9.1375e+00
2.7773e+02, 1.0294e+01
2.7774e+02, 1.1584e+01
2.7776e+02, 1.3199e+01
2.7777e+02, 1.4995e+01
2.7779e+02, 1.6995e+01
2.7781e+02, 1.9211e+01
2.7782e+02, 2.1669e+01
2.7784e+02, 2.4349e+01
2.7788e+02, 3.0439e+01
2.7791e+02, 3.7537e+01
2.7794e+02, 4.5563e+01
2.7798e+02, 5.4434e+01
2.7801e+02, 6.3972e+01
2.7808e+02, 8.5001e+01
2.7815e+02, 1.0451e+02
2.7818e+02, 1.1218e+02
2.7821e+02, 1.1719e+02
2.7823e+02, 1.1996e+02
2.7825e+02, 1.2213e+02
2.7827e+02, 1.2366e+02
2.7829e+02, 1.2462e+02
2.7830e+02, 1.2473e+02
2.7830e+02, 1.2472e+02
2.7831e+02, 1.2462e+02
2.7832e+02, 1.2440e+02
2.7833e+02, 1.2362e+02
2.7837e+02, 1.1934e+02
2.7841e+02, 1.1411e+02
2.7844e+02, 1.0744e+02
2.7849e+02, 9.2319e+01
2.7855e+02, 7.5332e+01
2.7860e+02, 5.9806e+01
2.7866e+02, 4.5570e+01
2.7868e+02, 3.9194e+01
2.7871e+02, 3.3393e+01
2.7874e+02, 2.8196e+01
2.7876e+02, 2.3606e+01
2.7879e+02, 1.9778e+01
2.7881e+02, 1.6463e+01
2.7884e+02, 1.3625e+01
2.7886e+02, 1.1222e+01
2.7889e+02, 9.2099e+00
2.7891e+02, 7.5408e+00
2.7893e+02, 6.8207e+00
2.7894e+02, 6.1693e+00
2.7895e+02, 5.5815e+00
2.7896e+02, 5.0520e+00
2.7898e+02, 4.5760e+00
2.7899e+02, 4.1488e+00
2.7900e+02, 3.7660e+00
2.7901e+02, 3.4235e+00
2.7903e+02, 3.1175e+00
2.7904e+02, 2.8444e+00
2.7905e+02, 2.6009e+00
2.7907e+02, 2.3840e+00
2.7909e+02, 2.0189e+00
2.7912e+02, 1.7297e+00
2.7914e+02, 1.5004e+00
2.7917e+02, 1.3186e+00
2.7919e+02, 1.1789e+00
2.7921e+02, 1.0652e+00
2.7924e+02, 9.7180e-01
2.7926e+02, 8.9439e-01
2.7929e+02, 8.2948e-01
2.7931e+02, 7.7439e-01
2.7936e+02, 6.8595e-01
2.7941e+02, 6.1771e-01
2.7945e+02, 5.6300e-01
2.7950e+02, 5.1780e-01
2.7955e+02, 4.7971e-01
2.7965e+02, 4.1858e-01
2.7974e+02, 3.7188e-01
2.7984e+02, 3.3528e-01
2.7993e+02, 3.0613e-01
2.8008e+02, 2.7245e-01
2.8022e+02, 2.4747e-01
2.8037e+02, 2.2867e-01
2.8051e+02, 2.1441e-01
2.8065e+02, 2.0359e-01
2.8080e+02, 1.9549e-01
2.8109e+02, 1.8543e-01
2.8139e+02, 1.8141e-01
2.8159e+02, 1.8164e-01
2.8180e+02, 1.8371e-01
2.8220e+02, 1.9292e-01
2.8260e+02, 2.0869e-01
2.8300e+02, 2.3156e-01
2.8341e+02, 2.6297e-01
2.8361e+02, 2.8261e-01
2.8381e+02, 3.0545e-01
2.8401e+02, 3.3207e-01
2.8421e+02, 3.6311e-01
2.8442e+02, 3.9944e-01
2.8462e+02, 4.4243e-01
2.8483e+02, 4.9661e-01
2.8504e+02, 5.6267e-01
2.8525e+02, 6.4419e-01
2.8546e+02, 7.4614e-01
2.8557e+02, 8.0703e-01
2.8567e+02, 8.7607e-01
2.8578e+02, 9.5478e-01
2.8588e+02, 1.0450e+00
2.8599e+02, 1.1491e+00
2.8610e+02, 1.2701e+00
2.8620e+02, 1.4120e+00
2.8631e+02, 1.5800e+00
2.8640e+02, 1.7518e+00
2.8649e+02, 1.9545e+00
2.8658e+02, 2.1963e+00
2.8667e+02, 2.4882e+00
2.8676e+02, 2.8465e+00
2.8681e+02, 3.0572e+00
2.8685e+02, 3.2940e+00
2.8690e+02, 3.5618e+00
2.8694e+02, 3.8669e+00
2.8697e+02, 4.0359e+00
2.8699e+02, 4.2177e+00
2.8701e+02, 4.4137e+00
2.8704e+02, 4.6247e+00
2.8706e+02, 4.8234e+00
2.8708e+02, 5.0374e+00
2.8710e+02, 5.2688e+00
2.8712e+02, 5.5199e+00
2.8713e+02, 5.7934e+00
2.8715e+02, 6.0925e+00
2.8717e+02, 6.4212e+00
2.8719e+02, 6.7841e+00
2.8721e+02, 7.1103e+00
2.8723e+02, 7.4666e+00
2.8724e+02, 7.8572e+00
2.8726e+02, 8.2868e+00
2.8728e+02, 8.7609e+00
2.8729e+02, 9.2856e+00
2.8731e+02, 9.8683e+00
2.8732e+02, 1.0513e+01
2.8734e+02, 1.1096e+01
2.8735e+02, 1.1735e+01
2.8736e+02, 1.2437e+01
2.8738e+02, 1.3206e+01
2.8739e+02, 1.4053e+01
2.8740e+02, 1.4984e+01
2.8742e+02, 1.6009e+01
2.8743e+02, 1.7138e+01
2.8744e+02, 1.8381e+01
2.8746e+02, 1.9751e+01
2.8747e+02, 2.1259e+01
2.8748e+02, 2.2919e+01
2.8750e+02, 2.4746e+01
2.8751e+02, 2.6754e+01
2.8752e+02, 2.8960e+01
2.8753e+02, 3.1361e+01
2.8755e+02, 3.4012e+01
2.8756e+02, 3.6912e+01
2.8757e+02, 4.0082e+01
2.8759e+02, 4.3540e+01
2.8760e+02, 4.7306e+01
2.8761e+02, 5.1399e+01
2.8764e+02, 6.0645e+01
2.8767e+02, 7.1429e+01
2.8769e+02, 8.3889e+01
2.8772e+02, 9.8137e+01
2.8775e+02, 1.1425e+02
2.8777e+02, 1.3056e+02
2.8779e+02, 1.4842e+02
2.8782e+02, 1.6778e+02
2.8784e+02, 1.8852e+02
2.8789e+02, 2.3346e+02
2.8794e+02, 2.8112e+02
2.8799e+02, 3.3354e+02
2.8804e+02, 3.8136e+02
2.8808e+02, 4.1209e+02
2.8813e+02, 4.3514e+02
2.8816e+02, 4.4739e+02
2.8819e+02, 4.5243e+02
2.8820e+02, 4.5255e+02
2.8822e+02, 4.5143e+02
2.8824e+02, 4.4815e+02
2.8827e+02, 4.3534e+02
2.8832e+02, 4.0894e+02
2.8837e+02, 3.7311e+02
2.8843e+02, 3.0822e+02
2.8850e+02, 2.3950e+02
2.8857e+02, 1.8071e+02
2.8860e+02, 1.5437e+02
2.8863e+02, 1.3064e+02
2.8866e+02, 1.0951e+02
2.8869e+02, 9.1156e+01
2.8872e+02, 7.5358e+01
2.8876e+02, 6.2049e+01
2.8879e+02, 5.0920e+01
2.8882e+02, 4.1761e+01
2.8883e+02, 3.7836e+01
2.8885e+02, 3.4304e+01
2.8887e+02, 3.1132e+01
2.8888e+02, 2.8306e+01
2.8890e+02, 2.5761e+01
2.8891e+02, 2.3487e+01
2.8893e+02, 2.1457e+01
2.8895e+02, 1.9659e+01
2.8898e+02, 1.6607e+01
2.8901e+02, 1.4191e+01
2.8904e+02, 1.2261e+01
2.8907e+02, 1.0722e+01
2.8910e+02, 9.4763e+00
2.8913e+02, 8.4656e+00
2.8917e+02, 7.6308e+00
2.8920e+02, 6.9370e+00
2.8923e+02, 6.3493e+00
2.8926e+02, 5.8485e+00
2.8932e+02, 5.0999e+00
2.8938e+02, 4.5054e+00
2.8943e+02, 4.0204e+00
2.8949e+02, 3.6171e+00
2.8955e+02, 3.2751e+00
2.8961e+02, 2.9822e+00
2.8966e+02, 2.7287e+00
2.8972e+02, 2.5078e+00
2.8983e+02, 2.1414e+00
2.8995e+02, 1.8520e+00
2.9006e+02, 1.6190e+00
2.9018e+02, 1.4284e+00
2.9029e+02, 1.2777e+00
2.9040e+02, 1.1502e+00
2.9051e+02, 1.0413e+00
2.9061e+02, 9.4754e-01
2.9072e+02, 8.6606e-01
2.9083e+02, 7.9478e-01
2.9105e+02, 6.7658e-01
2.9127e+02, 5.8331e-01
2.9149e+02, 5.0846e-01
2.9170e+02, 4.4746e-01
2.9192e+02, 3.9711e-01
2.9211e+02, 3.6120e-01
2.9232e+02, 3.2477e-01
2.9254e+02, 2.9388e-01
2.9276e+02, 2.6747e-01
2.9298e+02, 2.4457e-01
2.9320e+02, 2.2454e-01
2.9341e+02, 2.0697e-01
2.9385e+02, 1.7783e-01
2.9429e+02, 1.5484e-01
2.9472e+02, 1.3640e-01
2.9516e+02, 1.2141e-01
2.9559e+02, 1.0907e-01
2.9614e+02, 9.6439e-02
2.9670e+02, 8.6469e-02
2.9725e+02, 7.8193e-02
2.9780e+02, 7.1449e-02
2.9835e+02, 6.5947e-02
2.9890e+02, 6.1438e-02
2.9945e+02, 5.7748e-02
3.0000e+02, 5.4781e-02
3.0063e+02, 5.2169e-02
3.0125e+02, 5.0254e-02
3.0188e+02, 4.8977e-02
3.0251e+02, 4.8333e-02
3.0324e+02, 4.8407e-02
3.0397e+02, 4.9434e-02
3.0470e+02, 5.1559e-02
3.0543e+02, 5.4919e-02
3.0616e+02, 6.0189e-02
3.0653e+02, 6.3718e-02
3.0689e+02, 6.8008e-02
3.0726e+02, 7.3237e-02
3.0762e+02, 7.9640e-02
3.0799e+02, 8.7539e-02
3.0836e+02, 9.7363e-02
3.0867e+02, 1.0771e-01
3.0898e+02, 1.2041e-01
3.0930e+02, 1.3637e-01
3.0961e+02, 1.5668e-01
3.0977e+02, 1.6894e-01
3.0992e+02, 1.8297e-01
3.1008e+02, 1.9910e-01
3.1024e+02, 2.1777e-01
3.1039e+02, 2.3955e-01
3.1055e+02, 2.6512e-01
3.1071e+02, 2.9543e-01
3.1086e+02, 3.3173e-01
3.1101e+02, 3.7183e-01
3.1115e+02, 4.2035e-01
3.1129e+02, 4.7991e-01
3.1144e+02, 5.5413e-01
3.1158e+02, 6.4834e-01
3.1165e+02, 7.0532e-01
3.1172e+02, 7.7063e-01
3.1180e+02, 8.4605e-01
3.1187e+02, 9.3391e-01
3.1194e+02, 1.0373e+00
3.1201e+02, 1.1605e+00
3.1209e+02, 1.3249e+00
3.1217e+02, 1.5326e+00
3.1221e+02, 1.6594e+00
3.1225e+02, 1.8067e+00
3.1229e+02, 1.9810e+00
3.1232e+02, 2.1908e+00
3.1236e+02, 2.4504e+00
3.1240e+02, 2.7791e+00
3.1244e+02, 3.2054e+00
3.1246e+02, 3.4675e+00
3.1248e+02, 3.7691e+00
3.1250e+02, 4.1211e+00
3.1252e+02, 4.5315e+00
3.1254e+02, 5.0111e+00
3.1256e+02, 5.5696e+00
3.1258e+02, 6.2275e+00
3.1260e+02, 6.9990e+00
3.1262e+02, 7.9035e+00
3.1264e+02, 8.9569e+00
3.1266e+02, 1.0194e+01
3.1268e+02, 1.1638e+01
3.1270e+02, 1.3318e+01
3.1272e+02, 1.5267e+01
3.1274e+02, 1.7519e+01
3.1276e+02, 2.0112e+01
3.1278e+02, 2.3083e+01
3.1279e+02, 2.6455e+01
3.1281e+02, 3.0301e+01
3.1283e+02, 3.4645e+01
3.1285e+02, 3.9524e+01
3.1287e+02, 4.4945e+01
3.1289e+02, 5.0992e+01
3.1291e+02, 5.7667e+01
3.1293e+02, 6.4986e+01
3.1295e+02, 7.2917e+01
3.1298e+02, 8.7666e+01
3.1302e+02, 1.0416e+02
3.1305e+02, 1.2405e+02
3.1309e+02, 1.4544e+02
3.1316e+02, 1.9022e+02
3.1323e+02, 2.3250e+02
3.1327e+02, 2.5040e+02
3.1330e+02, 2.6496e+02
3.1335e+02, 2.7684e+02
3.1339e+02, 2.8213e+02
3.1340e+02, 2.8238e+02
3.1340e+02, 2.8235e+02
3.1342e+02, 2.8178e+02
3.1343e+02, 2.8052e+02
3.1346e+02, 2.7594e+02
3.1349e+02, 2.6799e+02
3.1352e+02, 2.5723e+02
3.1357e+02, 2.3165e+02
3.1362e+02, 2.0083e+02
3.1372e+02, 1.4138e+02
3.1377e+02, 1.1358e+02
3.1381e+02, 8.8789e+01
3.1384e+02, 7.7707e+01
3.1386e+02, 6.7637e+01
3.1389e+02, 5.8538e+01
3.1391e+02, 5.0399e+01
3.1393e+02, 4.3184e+01
3.1396e+02, 3.6848e+01
3.1398e+02, 3.1330e+01
3.1400e+02, 2.6564e+01
3.1403e+02, 2.2479e+01
3.1405e+02, 1.9004e+01
3.1408e+02, 1.6066e+01
3.1410e+02, 1.3599e+01
3.1412e+02, 1.1538e+01
3.1415e+02, 9.8238e+00
3.1417e+02, 8.4042e+00
3.1420e+02, 7.2318e+00
3.1422e+02, 6.3617e+00
3.1424e+02, 5.6328e+00
3.1426e+02, 5.0163e+00
3.1428e+02, 4.4990e+00
3.1430e+02, 4.0600e+00
3.1432e+02, 3.6897e+00
3.1434e+02, 3.3731e+00
3.1437e+02, 3.1036e+00
3.1439e+02, 2.8707e+00
3.1441e+02, 2.6700e+00
3.1445e+02, 2.3407e+00
3.1449e+02, 2.0832e+00
3.1454e+02, 1.8760e+00
3.1458e+02, 1.7050e+00
3.1462e+02, 1.5608e+00
3.1466e+02, 1.4371e+00
3.1471e+02, 1.3293e+00
3.1479e+02, 1.1504e+00
3.1488e+02, 1.0077e+00
3.1496e+02, 8.9138e-01
3.1505e+02, 7.9501e-01
3.1513e+02, 7.1413e-01
3.1522e+02, 6.4552e-01
3.1534e+02, 5.6050e-01
3.1547e+02, 4.9190e-01
3.1556e+02, 4.5323e-01
3.1564e+02, 4.1913e-01
3.1581e+02, 3.6191e-01
3.1594e+02, 3.2661e-01
3.1607e+02, 2.9644e-01
3.1619e+02, 2.7044e-01
3.1632e+02, 2.4789e-01
3.1645e+02, 2.2820e-01
3.1658e+02, 2.1090e-01
3.1683e+02, 1.8205e-01
3.1709e+02, 1.5911e-01
3.1734e+02, 1.4061e-01
3.1760e+02, 1.2547e-01
3.1785e+02, 1.1287e-01
3.1813e+02, 1.0143e-01
3.1840e+02, 9.1828e-02
3.1868e+02, 8.3712e-02
3.1896e+02, 7.6793e-02
3.1923e+02, 7.0843e-02
3.1951e+02, 6.5693e-02
3.2006e+02, 5.7270e-02
3.2061e+02, 5.0741e-02
3.2117e+02, 4.5646e-02
3.2172e+02, 4.1484e-02
3.2227e+02, 3.8093e-02
3.2282e+02, 3.5310e-02
3.2338e+02, 3.3003e-02
3.2448e+02, 2.9461e-02
3.2559e+02, 2.6969e-02
3.2669e+02, 2.5241e-02
3.2780e+02, 2.4004e-02
3.2890e+02, 2.3171e-02
3.3001e+02, 2.2671e-02
3.3111e+02, 2.2467e-02
3.3281e+02, 2.2664e-02
3.3451e+02, 2.3423e-02
3.3621e+02, 2.4749e-02
3.3791e+02, 2.6737e-02
3.3961e+02, 2.9582e-02
3.4046e+02, 3.1370e-02
3.4131e+02, 3.3538e-02
3.4216e+02, 3.6020e-02
3.4301e+02, 3.9020e-02
3.4386e+02, 4.2499e-02
3.4471e+02, 4.6793e-02
3.4548e+02, 5.1462e-02
3.4624e+02, 5.7106e-02
3.4701e+02, 6.4019e-02
3.4777e+02, 7.2615e-02
3.4854e+02, 8.3499e-02
3.4930e+02, 9.7530e-02
3.4968e+02, 1.0604e-01
3.5007e+02, 1.1602e-01
3.5045e+02, 1.2776e-01
3.5083e+02, 1.4165e-01
3.5121e+02, 1.5827e-01
3.5160e+02, 1.7842e-01
3.5198e+02, 2.0318e-01
3.5236e+02, 2.3415e-01
3.5274e+02, 2.7363e-01
3.5293e+02, 2.9753e-01
3.5313e+02, 3.2490e-01
3.5332e+02, 3.5656e-01
3.5351e+02, 3.9360e-01
3.5370e+02, 4.3740e-01
3.5389e+02, 4.8966e-01
3.5407e+02, 5.4891e-01
3.5425e+02, 6.2046e-01
3.5443e+02, 7.0806e-01
3.5461e+02, 8.1698e-01
3.5479e+02, 9.5502e-01
3.5488e+02, 1.0384e+00
3.5497e+02, 1.1340e+00
3.5506e+02, 1.2445e+00
3.5515e+02, 1.3732e+00
3.5524e+02, 1.5247e+00
3.5534e+02, 1.7047e+00
3.5541e+02, 1.8939e+00
3.5549e+02, 2.1195e+00
3.5557e+02, 2.3925e+00
3.5561e+02, 2.5520e+00
3.5565e+02, 2.7297e+00
3.5569e+02, 2.9304e+00
3.5573e+02, 3.1579e+00
3.5577e+02, 3.4198e+00
3.5579e+02, 3.5657e+00
3.5581e+02, 3.7236e+00
3.5583e+02, 3.8960e+00
3.5585e+02, 4.0831e+00
3.5587e+02, 4.2879e+00
3.5589e+02, 4.5132e+00
3.5591e+02, 4.7621e+00
3.5593e+02, 5.0382e+00
3.5595e+02, 5.3460e+00
3.5597e+02, 5.6906e+00
3.5599e+02, 5.9444e+00
3.5600e+02, 6.2192e+00
3.5601e+02, 6.5174e+00
3.5603e+02, 6.8415e+00
3.5604e+02, 7.2303e+00
3.5606e+02, 7.6576e+00
3.5607e+02, 8.1278e+00
3.5608e+02, 8.6459e+00
3.5610e+02, 9.2173e+00
3.5611e+02, 9.8480e+00
3.5613e+02, 1.0545e+01
3.5614e+02, 1.1314e+01
3.5616e+02, 1.2170e+01
3.5617e+02, 1.3110e+01
3.5619e+02, 1.4148e+01
3.5620e+02, 1.5294e+01
3.5622e+02, 1.6558e+01
3.5623e+02, 1.7952e+01
3.5625e+02, 1.9487e+01
3.5626e+02, 2.1175e+01
3.5627e+02, 2.3042e+01
3.5629e+02, 2.5078e+01
3.5630e+02, 2.7307e+01
3.5632e+02, 2.9743e+01
3.5633e+02, 3.2403e+01
3.5635e+02, 3.5299e+01
3.5638e+02, 4.1860e+01
3.5641e+02, 4.9568e+01
3.5644e+02, 5.8476e+01
3.5646e+02, 6.8694e+01
3.5649e+02, 8.0288e+01
3.5652e+02, 9.3288e+01
3.5655e+02, 1.0769e+02
3.5658e+02, 1.2342e+02
3.5661e+02, 1.4038e+02
3.5668e+02, 1.8428e+02
3.5675e+02, 2.3033e+02
3.5681e+02, 2.6711e+02
3.5687e+02, 2.9817e+02
3.5690e+02, 3.1148e+02
3.5693e+02, 3.2159e+02
3.5696e+02, 3.2870e+02
3.5700e+02, 3.3108e+02
3.5703e+02, 3.2877e+02
3.5707e+02, 3.2197e+02
3.5712e+02, 3.0571e+02
3.5717e+02, 2.8272e+02
3.5724e+02, 2.3639e+02
3.5732e+02, 1.8535e+02
3.5739e+02, 1.4255e+02
3.5742e+02, 1.2299e+02
3.5745e+02, 1.0506e+02
3.5749e+02, 8.8918e+01
3.5752e+02, 7.4630e+01
3.5755e+02, 6.2185e+01
3.5759e+02, 5.1507e+01
3.5762e+02, 4.2473e+01
3.5765e+02, 3.4928e+01
3.5769e+02, 2.8700e+01
3.5771e+02, 2.6025e+01
3.5772e+02, 2.3614e+01
3.5774e+02, 2.1445e+01
3.5776e+02, 1.9497e+01
3.5777e+02, 1.7751e+01
3.5779e+02, 1.6189e+01
3.5781e+02, 1.4793e+01
3.5782e+02, 1.3547e+01
3.5786e+02, 1.1443e+01
3.5789e+02, 9.7707e+00
3.5792e+02, 8.4393e+00
3.5796e+02, 7.3756e+00
3.5799e+02, 6.5204e+00
3.5802e+02, 5.8271e+00
3.5806e+02, 5.2591e+00
3.5809e+02, 4.7885e+00
3.5813e+02, 4.3936e+00
3.5816e+02, 4.0573e+00
3.5819e+02, 3.7689e+00
3.5826e+02, 3.2980e+00
3.5833e+02, 2.9284e+00
3.5839e+02, 2.6301e+00
3.5846e+02, 2.3841e+00
3.5853e+02, 2.1783e+00
3.5860e+02, 2.0041e+00
3.5866e+02, 1.8554e+00
3.5873e+02, 1.7277e+00
3.5880e+02, 1.6174e+00
3.5893e+02, 1.4387e+00
3.5907e+02, 1.3036e+00
3.5920e+02, 1.2020e+00
3.5935e+02, 1.1186e+00
3.5947e+02, 1.0754e+00
3.5958e+02, 1.0473e+00
3.5970e+02, 1.0333e+00
3.5981e+02, 1.0335e+00
3.5995e+02, 1.0525e+00
3.6008e+02, 1.0941e+00
3.6022e+02, 1.1631e+00
3.6035e+02, 1.2676e+00
3.6042e+02, 1.3370e+00
3.6049e+02, 1.4211e+00
3.6055e+02, 1.5233e+00
3.6062e+02, 1.6486e+00
3.6069e+02, 1.8044e+00
3.6076e+02, 2.0030e+00
3.6082e+02, 2.2655e+00
3.6086e+02, 2.4316e+00
3.6089e+02, 2.6299e+00
3.6092e+02, 2.8701e+00
3.6096e+02, 3.1656e+00
3.6099e+02, 3.5340e+00
3.6102e+02, 3.9986e+00
3.6106e+02, 4.5903e+00
3.6109e+02, 5.3487e+00
3.6111e+02, 5.8057e+00
3.6113e+02, 6.3242e+00
3.6114e+02, 6.9126e+00
3.6116e+02, 7.5800e+00
3.6118e+02, 8.3366e+00
3.6119e+02, 9.1933e+00
3.6121e+02, 1.0162e+01
3.6123e+02, 1.1256e+01
3.6124e+02, 1.2490e+01
3.6126e+02, 1.3878e+01
3.6128e+02, 1.5435e+01
3.6129e+02, 1.7179e+01
3.6131e+02, 1.9127e+01
3.6133e+02, 2.1297e+01
3.6134e+02, 2.3707e+01
3.6136e+02, 2.6374e+01
3.6138e+02, 2.9318e+01
3.6139e+02, 3.2556e+01
3.6141e+02, 3.6105e+01
3.6143e+02, 3.9980e+01
3.6145e+02, 4.5146e+01
3.6147e+02, 5.0837e+01
3.6149e+02, 5.7071e+01
3.6151e+02, 6.3856e+01
3.6153e+02, 7.1197e+01
3.6155e+02, 7.9087e+01
3.6159e+02, 9.6444e+01
3.6160e+02, 1.0081e+02
3.6163e+02, 1.1332e+02
3.6165e+02, 1.2646e+02
3.6171e+02, 1.5398e+02
3.6180e+02, 2.0326e+02
3.6184e+02, 2.1945e+02
3.6187e+02, 2.3337e+02
3.6193e+02, 2.4839e+02
3.6198e+02, 2.5590e+02
3.6200e+02, 2.5634e+02
3.6200e+02, 2.5631e+02
3.6202e+02, 2.5584e+02
3.6203e+02, 2.5484e+02
3.6206e+02, 2.5124e+02
3.6212e+02, 2.3583e+02
3.6217e+02, 2.1614e+02
3.6222e+02, 1.9220e+02
3.6232e+02, 1.3899e+02
3.6237e+02, 1.1320e+02
3.6242e+02, 8.9774e+01
3.6247e+02, 7.0227e+01
3.6250e+02, 6.1631e+01
3.6252e+02, 5.3821e+01
3.6255e+02, 4.6759e+01
3.6257e+02, 4.0480e+01
3.6259e+02, 3.4916e+01
3.6262e+02, 3.0024e+01
3.6264e+02, 2.5738e+01
3.6267e+02, 2.2039e+01
3.6269e+02, 1.8855e+01
3.6272e+02, 1.6130e+01
3.6274e+02, 1.3810e+01
3.6276e+02, 1.1847e+01
3.6279e+02, 1.0191e+01
3.6281e+02, 8.8016e+00
3.6283e+02, 7.7395e+00
3.6286e+02, 6.8369e+00
3.6288e+02, 6.0708e+00
3.6290e+02, 5.4207e+00
3.6292e+02, 4.8690e+00
3.6294e+02, 4.4001e+00
3.6297e+02, 4.0008e+00
3.6299e+02, 3.6598e+00
3.6301e+02, 3.3675e+00
3.6303e+02, 3.1157e+00
3.6308e+02, 2.7080e+00
3.6312e+02, 2.3951e+00
3.6316e+02, 2.1486e+00
3.6321e+02, 1.9492e+00
3.6325e+02, 1.7840e+00
3.6330e+02, 1.6443e+00
3.6334e+02, 1.5241e+00
3.6343e+02, 1.3268e+00
3.6352e+02, 1.1709e+00
3.6361e+02, 1.0385e+00
3.6370e+02, 9.3018e-01
3.6379e+02, 8.3998e-01
3.6389e+02, 7.6403e-01
3.6398e+02, 6.9920e-01
3.6407e+02, 6.4345e-01
3.6417e+02, 5.9506e-01
3.6426e+02, 5.5276e-01
3.6444e+02, 4.8257e-01
3.6463e+02, 4.2712e-01
3.6481e+02, 3.8244e-01
3.6500e+02, 3.4594e-01
3.6515e+02, 3.2134e-01
3.6530e+02, 3.0004e-01
3.6559e+02, 2.6507e-01
3.6589e+02, 2.3775e-01
3.6613e+02, 2.1977e-01
3.6637e+02, 2.0478e-01
3.6661e+02, 1.9219e-01
3.6685e+02, 1.8157e-01
3.6733e+02, 1.6512e-01
3.6781e+02, 1.5339e-01
3.6830e+02, 1.4499e-01
3.6878e+02, 1.3939e-01
3.6926e+02, 1.3611e-01
3.6974e+02, 1.3485e-01
3.7041e+02, 1.3616e-01
3.7108e+02, 1.4090e-01
3.7174e+02, 1.4926e-01
3.7241e+02, 1.6179e-01
3.7308e+02, 1.7944e-01
3.7374e+02, 2.0361e-01
3.7408e+02, 2.1872e-01
3.7441e+02, 2.3663e-01
3.7474e+02, 2.5784e-01
3.7508e+02, 2.8300e-01
3.7543e+02, 3.1489e-01
3.7578e+02, 3.5370e-01
3.7613e+02, 4.0147e-01
3.7649e+02, 4.6106e-01
3.7684e+02, 5.3658e-01
3.7701e+02, 5.8206e-01
3.7719e+02, 6.3390e-01
3.7737e+02, 6.9330e-01
3.7754e+02, 7.6195e-01
3.7772e+02, 8.4207e-01
3.7789e+02, 9.3640e-01
3.7805e+02, 1.0326e+00
3.7820e+02, 1.1450e+00
3.7835e+02, 1.2776e+00
3.7850e+02, 1.4353e+00
3.7866e+02, 1.6252e+00
3.7873e+02, 1.7350e+00
3.7881e+02, 1.8566e+00
3.7889e+02, 1.9922e+00
3.7893e+02, 2.0658e+00
3.7896e+02, 2.1436e+00
3.7900e+02, 2.2261e+00
3.7904e+02, 2.3136e+00
3.7908e+02, 2.4067e+00
3.7912e+02, 2.5056e+00
3.7916e+02, 2.6277e+00
3.7920e+02, 2.7593e+00
3.7925e+02, 2.9015e+00
3.7929e+02, 3.0555e+00
3.7933e+02, 3.1819e+00
3.7936e+02, 3.3167e+00
3.7939e+02, 3.4607e+00
3.7943e+02, 3.6143e+00
3.7946e+02, 3.7794e+00
3.7949e+02, 3.9568e+00
3.7953e+02, 4.1478e+00
3.7956e+02, 4.3533e+00
3.7959e+02, 4.5208e+00
3.7961e+02, 4.6989e+00
3.7964e+02, 4.8887e+00
3.7966e+02, 5.0904e+00
3.7969e+02, 5.3068e+00
3.7971e+02, 5.5388e+00
3.7974e+02, 5.7881e+00
3.7976e+02, 6.0554e+00
3.7979e+02, 6.3453e+00
3.7982e+02, 6.6594e+00
3.7984e+02, 7.0009e+00
3.7987e+02, 7.3719e+00
3.7989e+02, 7.7797e+00
3.7992e+02, 8.2282e+00
3.7994e+02, 8.7236e+00
3.7997e+02, 9.2707e+00
3.7999e+02, 9.8826e+00
3.8002e+02, 1.0567e+01
3.8004e+02, 1.1337e+01
3.8007e+02, 1.2203e+01
3.8010e+02, 1.3187e+01
3.8012e+02, 1.4307e+01
3.8015e+02, 1.5585e+01
3.8017e+02, 1.7040e+01
3.8020e+02, 1.8715e+01
3.8022e+02, 2.0637e+01
3.8025e+02, 2.2844e+01
3.8027e+02, 2.5368e+01
3.8030e+02, 2.8274e+01
3.8033e+02, 3.1604e+01
3.8035e+02, 3.5411e+01
3.8038e+02, 3.9733e+01
3.8041e+02, 4.6616e+01
3.8045e+02, 5.4720e+01
3.8048e+02, 6.4230e+01
3.8051e+02, 7.5212e+01
3.8055e+02, 8.7820e+01
3.8058e+02, 1.0203e+02
3.8062e+02, 1.1787e+02
3.8065e+02, 1.3526e+02
3.8070e+02, 1.6331e+02
3.8076e+02, 1.9347e+02
3.8086e+02, 2.5505e+02
3.8092e+02, 2.9013e+02
3.8099e+02, 3.1740e+02
3.8104e+02, 3.3226e+02
3.8110e+02, 3.3734e+02
3.8113e+02, 3.3556e+02
3.8117e+02, 3.3037e+02
3.8123e+02, 3.1050e+02
3.8128e+02, 2.9014e+02
3.8132e+02, 2.6593e+02
3.8141e+02, 2.1123e+02
3.8149e+02, 1.6709e+02
3.8156e+02, 1.2717e+02
3.8160e+02, 1.0952e+02
3.8164e+02, 9.3713e+01
3.8167e+02, 7.9737e+01
3.8171e+02, 6.7560e+01
3.8174e+02, 5.8285e+01
3.8177e+02, 5.0261e+01
3.8181e+02, 4.3330e+01
3.8184e+02, 3.7425e+01
3.8187e+02, 3.2392e+01
3.8190e+02, 2.8149e+01
3.8193e+02, 2.4573e+01
3.8197e+02, 2.1566e+01
3.8200e+02, 1.9032e+01
3.8203e+02, 1.6908e+01
3.8206e+02, 1.5114e+01
3.8209e+02, 1.3602e+01
3.8213e+02, 1.2315e+01
3.8216e+02, 1.1220e+01
3.8219e+02, 1.0280e+01
3.8222e+02, 9.4663e+00
3.8228e+02, 8.3045e+00
3.8233e+02, 7.3689e+00
3.8239e+02, 6.6008e+00
3.8244e+02, 5.9591e+00
3.8250e+02, 5.4150e+00
3.8255e+02, 4.9480e+00
3.8261e+02, 4.5430e+00
3.8266e+02, 4.1886e+00
3.8277e+02, 3.5993e+00
3.8288e+02, 3.1308e+00
3.8299e+02, 2.7511e+00
3.8310e+02, 2.4383e+00
3.8321e+02, 2.1971e+00
3.8331e+02, 1.9908e+00
3.8341e+02, 1.8127e+00
3.8351e+02, 1.6579e+00
3.8361e+02, 1.5223e+00
3.8371e+02, 1.4030e+00
3.8391e+02, 1.2034e+00
3.8411e+02, 1.0442e+00
3.8432e+02, 9.1504e-01
3.8452e+02, 8.0894e-01
3.8472e+02, 7.2071e-01
3.8489e+02, 6.5902e-01
3.8505e+02, 6.0496e-01
3.8538e+02, 5.1503e-01
3.8571e+02, 4.4389e-01
3.8604e+02, 3.8675e-01
3.8637e+02, 3.4011e-01
3.8670e+02, 3.0157e-01
3.8703e+02, 2.6933e-01
3.8737e+02, 2.4210e-01
3.8781e+02, 2.1190e-01
3.8825e+02, 1.8729e-01
3.8883e+02, 1.6075e-01
3.8924e+02, 1.4560e-01
3.8964e+02, 1.3255e-01
3.9005e+02, 1.2122e-01
3.9045e+02, 1.1132e-01
3.9126e+02, 9.4936e-02
3.9207e+02, 8.2016e-02
3.9287e+02, 7.1638e-02
3.9368e+02, 6.3173e-02
3.9449e+02, 5.6172e-02
3.9530e+02, 5.0352e-02
3.9647e+02, 4.3421e-02
3.9765e+02, 3.7846e-02
3.9882e+02, 3.3434e-02
3.9897e+02, 3.3722e-02
3.9912e+02, 3.7893e-02
3.9919e+02, 4.4684e-02
3.9927e+02, 5.8675e-02
3.9934e+02, 8.5518e-02
3.9938e+02, 1.0622e-01
3.9941e+02, 1.3348e-01
3.9945e+02, 1.6889e-01
3.9949e+02, 2.1390e-01
3.9952e+02, 2.7031e-01
3.9956e+02, 3.3988e-01
3.9960e+02, 4.2456e-01
3.9963e+02, 5.2540e-01
3.9967e+02, 6.4387e-01
3.9971e+02, 7.8081e-01
3.9974e+02, 9.3702e-01
3.9978e+02, 1.1114e+00
3.9982e+02, 1.3035e+00
3.9985e+02, 1.5116e+00
3.9993e+02, 1.9672e+00
4.0000e+02, 2.4521e+00
4.0000e+02, 4.8745e+00
4.2500e+02, 4.6608e+00
4.5000e+02, 4.4679e+00
4.7500e+02, 4.2928e+00
5.0000e+02, 4.1330e+00
5.5000e+02, 3.8598e+00
6.0000e+02, 3.6261e+00
7.0000e+02, 3.2464e+00
8.0000e+02, 2.9630e+00
9.0000e+02, 2.7336e+00
1.0000e+03, 2.5436e+00
1.1250e+03, 2.3694e+00
1.2500e+03, 2.2237e+00
1.3750e+03, 2.0997e+00
1.5000e+03, 1.9925e+00
1.7000e+03, 1.8479e+00
2.0000e+03, 1.6756e+00
2.5000e+03, 1.5004e+00
3.0000e+03, 1.3709e+00
3.5000e+03, 1.2852e+00
4.0000e+03, 1.2153e+00
4.5000e+03, 1.1569e+00
5.0000e+03, 1.1070e+00
6.0000e+03, 1.0322e+00
7.0000e+03, 9.7291e-01
8.0000e+03, 9.2368e-01
1.0000e+04, 8.4691e-01
1.2500e+04, 7.6826e-01
1.5000e+04, 7.0946e-01
1.7000e+04, 6.7172e-01
2.0000e+04, 6.2570e-01
2.5000e+04, 5.6085e-01
3.0000e+04, 5.1289e-01
3.5000e+04, 4.7674e-01
4.0000e+04, 4.4749e-01
4.3027e+04, 4.3228e-01
4.6513e+04, 3.9485e-01
5.0000e+04, 3.6302e-01
5.5000e+04, 3.2953e-01
6.0000e+04, 3.0167e-01
6.5000e+04, 2.7812e-01
7.0000e+04, 2.5795e-01
8.0000e+04, 2.3231e-01
9.0000e+04, 2.1181e-01
1.0000e+05, 1.9501e-01
1.1500e+05, 1.8290e-01
1.1500e+05, 1.8290e-01
1.2500e+05, 1.7604e-01
1.3000e+05, 1.7290e-01
1.4000e+05, 1.6693e-01
1.4259e+05, 1.6548e-01
1.4259e+05, 1.6548e-01
1.5000e+05, 1.6100e-01
1.7000e+05, 1.5043e-01
2.0000e+05, 1.3806e-01
2.4805e+05, 1.3031e-01
2.9611e+05, 1.2426e-01
3.0000e+05, 1.2376e-01
3.5000e+05, 1.2356e-01
4.0000e+05, 1.2339e-01
4.5000e+05, 1.2194e-01
5.0000e+05, 1.2065e-01
5.0185e+05, 1.2075e-01
5.2529e+05, 1.2137e-01
5.4873e+05, 1.2198e-01
5.7437e+05, 1.2261e-01
6.0000e+05, 1.2322e-01
6.2500e+05, 1.2248e-01
6.5000e+05, 1.2178e-01
7.0000e+05, 1.2046e-01
7.2500e+05, 1.1961e-01
7.5000e+05, 1.1880e-01
7.7500e+05, 1.1802e-01
8.0000e+05, 1.1727e-01
8.4513e+05, 1.1503e-01
8.4513e+05, 1.1503e-01
8.8004e+05, 1.1043e-01
9.0000e+05, 1.0763e-01
9.2710e+05, 1.0414e-01
9.8502e+05, 9.8178e-02
9.8502e+05, 9.8178e-02
1.0000e+06, 9.7421e-02
1.0554e+06, 9.5393e-02
1.0633e+06, 9.5214e-02
1.0633e+06, 9.5214e-02
1.0833e+06, 9.5139e-02
1.0833e+06, 9.5139e-02
1.1094e+06, 9.4672e-02
1.1289e+06, 9.3947e-02
1.1326e+06, 9.3666e-02
1.1326e+06, 9.3666e-02
1.1334e+06, 9.3577e-02
1.1703e+06, 9.0715e-02
1.1796e+06, 9.0153e-02
1.1834e+06, 8.9910e-02
1.1834e+06, 8.9910e-02
1.2000e+06, 8.9095e-02
1.2155e+06, 8.8351e-02
1.2155e+06, 8.8351e-02
1.2250e+06, 8.7773e-02
1.2250e+06, 8.7773e-02
1.2260e+06, 8.7717e-02
1.2260e+06, 8.7716e-02
1.2549e+06, 8.5382e-02
1.2549e+06, 8.5381e-02
1.2946e+06, 8.2982e-02
1.2946e+06, 8.2982e-02
1.3000e+06, 8.2731e-02
1.3058e+06, 8.2405e-02
1.3058e+06, 8.2405e-02
1.3230e+06, 8.1351e-02
1.3230e+06, 8.1351e-02
1.3457e+06, 8.0293e-02
1.3457e+06, 8.0292e-02
1.3544e+06, 7.9062e-02
1.3722e+06, 7.7813e-02
1.3722e+06, 7.7813e-02
1.3849e+06, 7.7127e-02
1.3849e+06, 7.7127e-02
1.4027e+06, 7.6363e-02
1.5000e+06, 7.2844e-02
1.6000e+06, 6.9610e-02
1.7000e+06, 6.5888e-02
1.8000e+06, 6.2562e-02
1.9000e+06, 5.8075e-02
2.0000e+06, 5.4116e-02
2.1500e+06, 4.6901e-02
2.3000e+06, 4.1042e-02
2.4000e+06, 3.6808e-02
2.5000e+06, 3.3157e-02
2.6000e+06, 2.9493e-02
2.7000e+06, 2.6351e-02
2.7750e+06, 2.3805e-02
2.8500e+06, 2.1563e-02
2.9250e+06, 1.9583e-02
3.0000e+06, 1.7827e-02
3.1250e+06, 1.4993e-02
3.2500e+06, 1.2694e-02
3.3750e+06, 1.0816e-02
3.5000e+06, 9.2698e-03
3.6250e+06, 7.7727e-03
3.7500e+06, 6.5565e-03
3.8750e+06, 5.5615e-03
4.0000e+06, 4.7422e-03
4.1250e+06, 4.0346e-03
4.2500e+06, 3.4492e-03
4.3750e+06, 2.9621e-03
4.5000e+06, 2.5548e-03
4.6250e+06, 2.2136e-03
4.7500e+06, 1.9254e-03
4.8750e+06, 1.6808e-03
5.0000e+06, 1.4723e-03
5.1250e+06, 1.3241e-03
5.2500e+06, 1.1939e-03
5.3750e+06, 1.0792e-03
5.5000e+06, 9.7773e-04
5.7500e+06, 8.6087e-04
6.0000e+06, 7.6210e-04
6.2500e+06, 7.3926e-04
6.4840e+06, 7.1928e-04
6.4841e+06, 7.1928e-04
6.5000e+06, 7.1796e-04
6.7500e+06, 7.2394e-04
7.0000e+06, 7.2975e-04
7.5000e+06, 7.6422e-04
8.0000e+06, 8.5956e-04
8.5000e+06, 9.7069e-04
9.0000e+06, 1.1489e-03
9.5000e+06, 1.2470e-03
1.0000e+07, 1.3737e-03
1.0500e+07, 1.4519e-03
1.1000e+07, 1.4789e-03
1.1500e+07, 1.4194e-03
1.2000e+07, 1.4181e-03
1.2027e+07, 1.4149e-03
1.2027e+07, 1.4149e-03
1.2500e+07, 1.3618e-03
1.3000e+07, 1.2915e-03
1.3500e+07, 1.2016e-03
1.3750e+07, 1.1606e-03
1.4000e+07, 1.1217e-03
1.4500e+07, 9.9866e-04
1.5000e+07, 8.7727e-04
1.5500e+07, 7.9663e-04
1.6000e+07, 7.0204e-04
1.6500e+07, 6.4763e-04
1.7000e+07, 5.7774e-04
1.7500e+07, 5.4295e-04
1.8000e+07, 4.8938e-04
1.8500e+07, 4.6632e-04
1.9000e+07, 4.3512e-04
1.9500e+07, 4.0674e-04
2.0000e+07, 3.9403e-04
