ebin, xs
1.0000e-05, 2.1411e+04
1.0625e-05, 2.0772e+04
1.1250e-05, 2.0186e+04
1.1875e-05, 1.9648e+04
1.2500e-05, 1.9150e+04
1.3750e-05, 1.8259e+04
1.5000e-05, 1.7481e+04
1.6250e-05, 1.6795e+04
1.7500e-05, 1.6184e+04
1.8750e-05, 1.5635e+04
2.0000e-05, 1.5139e+04
2.1875e-05, 1.4475e+04
2.3750e-05, 1.3892e+04
2.5625e-05, 1.3374e+04
2.7500e-05, 1.2910e+04
2.9375e-05, 1.2491e+04
3.1250e-05, 1.2110e+04
3.3125e-05, 1.1762e+04
3.5000e-05, 1.1442e+04
3.8750e-05, 1.0874e+04
4.2500e-05, 1.0383e+04
4.6250e-05, 9.9531e+03
5.0000e-05, 9.5723e+03
5.3125e-05, 9.2863e+03
5.6250e-05, 9.0244e+03
5.9375e-05, 8.7835e+03
6.2500e-05, 8.5609e+03
6.8750e-05, 8.1621e+03
7.5000e-05, 7.8142e+03
8.1250e-05, 7.5073e+03
8.7500e-05, 7.2338e+03
9.3750e-05, 6.9882e+03
1.0000e-04, 6.7659e+03
1.0625e-04, 6.5636e+03
1.1250e-04, 6.3783e+03
1.1875e-04, 6.2079e+03
1.2500e-04, 6.0504e+03
1.3750e-04, 5.7683e+03
1.5000e-04, 5.5221e+03
1.6250e-04, 5.3050e+03
1.7500e-04, 5.1115e+03
1.8750e-04, 4.9377e+03
2.0000e-04, 4.7804e+03
2.1875e-04, 4.5702e+03
2.3750e-04, 4.3854e+03
2.5625e-04, 4.2213e+03
2.7500e-04, 4.0742e+03
2.9375e-04, 3.9415e+03
3.1250e-04, 3.8208e+03
3.3125e-04, 3.7105e+03
3.5000e-04, 3.6092e+03
3.8750e-04, 3.4291e+03
4.2500e-04, 3.2733e+03
4.6250e-04, 3.1369e+03
5.0000e-04, 3.0160e+03
5.3125e-04, 2.9252e+03
5.6250e-04, 2.8421e+03
5.9375e-04, 2.7656e+03
6.2500e-04, 2.6949e+03
6.8750e-04, 2.5682e+03
7.5000e-04, 2.4576e+03
8.1250e-04, 2.3600e+03
8.7500e-04, 2.2730e+03
9.3750e-04, 2.1948e+03
1.0000e-03, 2.1240e+03
1.0625e-03, 2.0596e+03
1.1250e-03, 2.0005e+03
1.1875e-03, 1.9462e+03
1.2500e-03, 1.8960e+03
1.3750e-03, 1.8059e+03
1.5000e-03, 1.7273e+03
1.6250e-03, 1.6578e+03
1.7500e-03, 1.5959e+03
1.8750e-03, 1.5402e+03
2.0000e-03, 1.4898e+03
2.1875e-03, 1.4224e+03
2.3750e-03, 1.3630e+03
2.5625e-03, 1.3102e+03
2.7500e-03, 1.2628e+03
2.9375e-03, 1.2199e+03
3.1250e-03, 1.1810e+03
3.3125e-03, 1.1453e+03
3.5000e-03, 1.1125e+03
3.6875e-03, 1.0823e+03
3.8750e-03, 1.0541e+03
4.2500e-03, 1.0035e+03
4.6250e-03, 9.5906e+02
5.0000e-03, 9.1960e+02
5.3125e-03, 8.8989e+02
5.6250e-03, 8.6264e+02
5.9375e-03, 8.3752e+02
6.2500e-03, 8.1426e+02
6.8750e-03, 7.7246e+02
7.5000e-03, 7.3583e+02
8.1250e-03, 7.0337e+02
8.7500e-03, 6.7434e+02
9.3750e-03, 6.4816e+02
1.0000e-02, 6.2440e+02
1.0625e-02, 6.0269e+02
1.1250e-02, 5.8277e+02
1.1875e-02, 5.6438e+02
1.2500e-02, 5.4734e+02
1.3750e-02, 5.1665e+02
1.5000e-02, 4.8968e+02
1.6250e-02, 4.6572e+02
1.7500e-02, 4.4425e+02
1.8750e-02, 4.2486e+02
2.0000e-02, 4.0724e+02
2.1325e-02, 3.9019e+02
2.2650e-02, 3.7459e+02
2.3975e-02, 3.6024e+02
2.5300e-02, 3.4698e+02
2.6844e-02, 3.3272e+02
2.8387e-02, 3.1959e+02
2.9931e-02, 3.0744e+02
3.1475e-02, 2.9615e+02
3.3019e-02, 2.8564e+02
3.4563e-02, 2.7581e+02
3.6106e-02, 2.6661e+02
3.7650e-02, 2.5797e+02
4.0738e-02, 2.4213e+02
4.3825e-02, 2.2793e+02
4.6913e-02, 2.1513e+02
5.0000e-02, 2.0352e+02
5.3125e-02, 1.9282e+02
5.6250e-02, 1.8305e+02
5.9375e-02, 1.7407e+02
6.2500e-02, 1.6580e+02
6.5625e-02, 1.5815e+02
6.8750e-02, 1.5106e+02
7.1875e-02, 1.4448e+02
7.5000e-02, 1.3834e+02
7.8125e-02, 1.3261e+02
8.1250e-02, 1.2725e+02
8.4375e-02, 1.2222e+02
8.7500e-02, 1.1751e+02
9.0625e-02, 1.1307e+02
9.3750e-02, 1.0890e+02
9.6875e-02, 1.0497e+02
1.0000e-01, 1.0126e+02
1.0625e-01, 9.4435e+01
1.1250e-01, 8.8292e+01
1.1875e-01, 8.2754e+01
1.2500e-01, 7.7747e+01
1.3125e-01, 7.3205e+01
1.3750e-01, 6.9072e+01
1.4375e-01, 6.5303e+01
1.5000e-01, 6.1855e+01
1.5625e-01, 5.8695e+01
1.6250e-01, 5.5792e+01
1.6875e-01, 5.3120e+01
1.7500e-01, 5.0656e+01
1.8125e-01, 4.8379e+01
1.8750e-01, 4.6272e+01
1.9375e-01, 4.4319e+01
2.0000e-01, 4.2507e+01
2.0980e-01, 3.9920e+01
2.1959e-01, 3.7604e+01
2.2939e-01, 3.5526e+01
2.3918e-01, 3.3656e+01
2.4898e-01, 3.1970e+01
2.5877e-01, 3.0445e+01
2.6857e-01, 2.9065e+01
2.7836e-01, 2.7814e+01
2.8771e-01, 2.6731e+01
2.9706e-01, 2.5739e+01
3.0641e-01, 2.4827e+01
3.1576e-01, 2.3991e+01
3.2511e-01, 2.3225e+01
3.3446e-01, 2.2522e+01
3.4381e-01, 2.1876e+01
3.5316e-01, 2.1283e+01
3.6251e-01, 2.0738e+01
3.7186e-01, 2.0237e+01
3.9056e-01, 1.9354e+01
4.0926e-01, 1.8609e+01
4.2796e-01, 1.7984e+01
4.4597e-01, 1.7478e+01
4.6398e-01, 1.7060e+01
5.0000e-01, 1.6423e+01
5.4375e-01, 1.5930e+01
5.8750e-01, 1.5669e+01
6.7500e-01, 1.5521e+01
7.6250e-01, 1.5432e+01
8.0625e-01, 1.5271e+01
8.5000e-01, 1.4981e+01
8.8750e-01, 1.4626e+01
9.2500e-01, 1.4181e+01
1.0000e+00, 1.3133e+01
1.0774e+00, 1.2039e+01
1.1547e+00, 1.1138e+01
1.2321e+00, 1.0570e+01
1.2707e+00, 1.0418e+01
1.3094e+00, 1.0387e+01
1.3468e+00, 1.0482e+01
1.3842e+00, 1.0704e+01
1.4216e+00, 1.1073e+01
1.4590e+00, 1.1612e+01
1.4964e+00, 1.2359e+01
1.5338e+00, 1.3364e+01
1.5712e+00, 1.4705e+01
1.6086e+00, 1.6489e+01
1.6460e+00, 1.8857e+01
1.6647e+00, 2.0335e+01
1.6834e+00, 2.2079e+01
1.7021e+00, 2.4139e+01
1.7208e+00, 2.6578e+01
1.7395e+00, 2.9484e+01
1.7582e+00, 3.2967e+01
1.7816e+00, 3.8347e+01
1.7933e+00, 4.1562e+01
1.8050e+00, 4.5194e+01
1.8166e+00, 4.9298e+01
1.8283e+00, 5.3931e+01
1.8400e+00, 5.9152e+01
1.8517e+00, 6.5008e+01
1.8677e+00, 7.4136e+01
1.8838e+00, 8.4514e+01
1.9159e+00, 1.0778e+02
1.9319e+00, 1.1911e+02
1.9479e+00, 1.2860e+02
1.9640e+00, 1.3485e+02
1.9800e+00, 1.3675e+02
1.9900e+00, 1.3552e+02
2.0000e+00, 1.3252e+02
2.0168e+00, 1.2411e+02
2.0336e+00, 1.1287e+02
2.0672e+00, 8.8211e+01
2.0882e+00, 7.4302e+01
2.1091e+00, 6.2585e+01
2.1301e+00, 5.3153e+01
2.1511e+00, 4.5736e+01
2.1720e+00, 3.9980e+01
2.1930e+00, 3.5565e+01
2.2140e+00, 3.2203e+01
2.2349e+00, 2.9684e+01
2.2592e+00, 2.7643e+01
2.2756e+00, 2.6702e+01
2.2921e+00, 2.6072e+01
2.3251e+00, 2.5595e+01
2.3667e+00, 2.5920e+01
2.3979e+00, 2.6310e+01
2.4292e+00, 2.6318e+01
2.4500e+00, 2.5886e+01
2.4708e+00, 2.5039e+01
2.4916e+00, 2.3812e+01
2.5333e+00, 2.0668e+01
2.5731e+00, 1.7485e+01
2.6130e+00, 1.4659e+01
2.6329e+00, 1.3456e+01
2.6528e+00, 1.2392e+01
2.6727e+00, 1.1454e+01
2.6927e+00, 1.0634e+01
2.7325e+00, 9.2906e+00
2.7724e+00, 8.2631e+00
2.8122e+00, 7.4724e+00
2.8520e+00, 6.8653e+00
2.8888e+00, 6.4254e+00
2.9256e+00, 6.0669e+00
2.9624e+00, 5.7810e+00
2.9992e+00, 5.5547e+00
3.0728e+00, 5.2413e+00
3.1463e+00, 5.0718e+00
3.2052e+00, 5.0183e+00
3.2861e+00, 5.0456e+00
3.3671e+00, 5.1793e+00
3.4480e+00, 5.4183e+00
3.5289e+00, 5.7705e+00
3.6099e+00, 6.2533e+00
3.6908e+00, 6.8961e+00
3.7717e+00, 7.7440e+00
3.8526e+00, 8.8662e+00
3.9078e+00, 9.8415e+00
3.9630e+00, 1.1042e+01
4.0182e+00, 1.2535e+01
4.0734e+00, 1.4405e+01
4.1010e+00, 1.5513e+01
4.1286e+00, 1.6779e+01
4.1561e+00, 1.8230e+01
4.1837e+00, 1.9895e+01
4.2113e+00, 2.1813e+01
4.2389e+00, 2.4034e+01
4.2665e+00, 2.6620e+01
4.2941e+00, 2.9647e+01
4.3162e+00, 3.2450e+01
4.3382e+00, 3.5655e+01
4.3603e+00, 3.9329e+01
4.3824e+00, 4.3552e+01
4.4140e+00, 5.0725e+01
4.4455e+00, 5.9477e+01
4.4613e+00, 6.4533e+01
4.4771e+00, 7.0085e+01
4.4929e+00, 7.6155e+01
4.5087e+00, 8.2745e+01
4.5245e+00, 8.9822e+01
4.5403e+00, 9.7312e+01
4.5561e+00, 1.0510e+02
4.5719e+00, 1.1300e+02
4.5877e+00, 1.2078e+02
4.6034e+00, 1.2814e+02
4.6350e+00, 1.4021e+02
4.6575e+00, 1.4544e+02
4.6800e+00, 1.4701e+02
4.6941e+00, 1.4601e+02
4.7081e+00, 1.4353e+02
4.7362e+00, 1.3474e+02
4.7643e+00, 1.2232e+02
4.7924e+00, 1.0824e+02
4.8184e+00, 9.5221e+01
4.8443e+00, 8.3050e+01
4.8703e+00, 7.2170e+01
4.8962e+00, 6.2722e+01
4.9222e+00, 5.4664e+01
4.9481e+00, 4.7860e+01
4.9741e+00, 4.2135e+01
5.0000e+00, 3.7303e+01
5.0229e+00, 3.3654e+01
5.0458e+00, 3.0500e+01
5.0688e+00, 2.7771e+01
5.0917e+00, 2.5405e+01
5.1146e+00, 2.3347e+01
5.1375e+00, 2.1552e+01
5.1834e+00, 1.8613e+01
5.2292e+00, 1.6357e+01
5.2750e+00, 1.4629e+01
5.3209e+00, 1.3323e+01
5.3667e+00, 1.2367e+01
5.4167e+00, 1.1676e+01
5.4667e+00, 1.1326e+01
5.5001e+00, 1.1278e+01
5.5490e+00, 1.1470e+01
5.5980e+00, 1.1916e+01
5.6469e+00, 1.2488e+01
5.6959e+00, 1.2954e+01
5.7229e+00, 1.3050e+01
5.7500e+00, 1.2969e+01
5.7771e+00, 1.2697e+01
5.8041e+00, 1.2248e+01
5.8698e+00, 1.0731e+01
5.9354e+00, 9.1397e+00
5.9682e+00, 8.4442e+00
6.0011e+00, 7.8422e+00
6.0339e+00, 7.3349e+00
6.0667e+00, 6.9141e+00
6.0995e+00, 6.5689e+00
6.1323e+00, 6.2892e+00
6.1980e+00, 5.8909e+00
6.2636e+00, 5.6634e+00
6.3292e+00, 5.5771e+00
6.4199e+00, 5.6451e+00
6.4935e+00, 5.8489e+00
6.5672e+00, 6.1965e+00
6.6409e+00, 6.7013e+00
6.7145e+00, 7.4266e+00
6.7513e+00, 7.8893e+00
6.7882e+00, 8.4335e+00
6.8250e+00, 9.0747e+00
6.8618e+00, 9.8328e+00
6.8987e+00, 1.0734e+01
6.9355e+00, 1.1811e+01
6.9723e+00, 1.3109e+01
7.0091e+00, 1.4684e+01
7.0346e+00, 1.5974e+01
7.0601e+00, 1.7469e+01
7.0856e+00, 1.9217e+01
7.1111e+00, 2.1280e+01
7.1366e+00, 2.3732e+01
7.1621e+00, 2.6671e+01
7.1876e+00, 3.0225e+01
7.2131e+00, 3.4569e+01
7.2372e+00, 3.9608e+01
7.2613e+00, 4.5827e+01
7.2854e+00, 5.3577e+01
7.3094e+00, 6.3318e+01
7.3215e+00, 6.9115e+01
7.3335e+00, 7.5643e+01
7.3456e+00, 8.2993e+01
7.3576e+00, 9.1263e+01
7.3696e+00, 1.0054e+02
7.3817e+00, 1.1090e+02
7.3937e+00, 1.2239e+02
7.4058e+00, 1.3498e+02
7.4213e+00, 1.5272e+02
7.4368e+00, 1.7173e+02
7.4524e+00, 1.9123e+02
7.4679e+00, 2.1011e+02
7.4834e+00, 2.2699e+02
7.4989e+00, 2.4037e+02
7.5145e+00, 2.4888e+02
7.5300e+00, 2.5161e+02
7.5406e+00, 2.4996e+02
7.5512e+00, 2.4555e+02
7.5723e+00, 2.2948e+02
7.5913e+00, 2.0908e+02
7.6102e+00, 1.8579e+02
7.6481e+00, 1.3960e+02
7.6670e+00, 1.1954e+02
7.6860e+00, 1.0223e+02
7.7049e+00, 8.7649e+01
7.7239e+00, 7.5516e+01
7.7391e+00, 6.7317e+01
7.7542e+00, 6.0272e+01
7.7694e+00, 5.4209e+01
7.7846e+00, 4.8974e+01
7.7998e+00, 4.4441e+01
7.8150e+00, 4.0500e+01
7.8301e+00, 3.7063e+01
7.8453e+00, 3.4054e+01
7.8757e+00, 2.9078e+01
7.9061e+00, 2.5184e+01
7.9364e+00, 2.2096e+01
7.9668e+00, 1.9623e+01
7.9957e+00, 1.7711e+01
8.0246e+00, 1.6144e+01
8.0535e+00, 1.4858e+01
8.0825e+00, 1.3800e+01
8.1114e+00, 1.2930e+01
8.1403e+00, 1.2220e+01
8.1692e+00, 1.1652e+01
8.1981e+00, 1.1210e+01
8.2444e+00, 1.0739e+01
8.2907e+00, 1.0535e+01
8.3471e+00, 1.0623e+01
8.4036e+00, 1.1061e+01
8.4601e+00, 1.1811e+01
8.5166e+00, 1.2739e+01
8.5833e+00, 1.3757e+01
8.6166e+00, 1.4097e+01
8.6500e+00, 1.4257e+01
8.6834e+00, 1.4227e+01
8.7167e+00, 1.4041e+01
8.7834e+00, 1.3490e+01
8.8168e+00, 1.3315e+01
8.8501e+00, 1.3345e+01
8.8834e+00, 1.3691e+01
8.9168e+00, 1.4485e+01
8.9459e+00, 1.5677e+01
8.9605e+00, 1.6492e+01
8.9750e+00, 1.7476e+01
8.9896e+00, 1.8645e+01
9.0042e+00, 2.0007e+01
9.0333e+00, 2.3296e+01
9.0625e+00, 2.7127e+01
9.0916e+00, 3.0894e+01
9.1062e+00, 3.2465e+01
9.1208e+00, 3.3660e+01
9.1354e+00, 3.4370e+01
9.1500e+00, 3.4522e+01
9.1719e+00, 3.3666e+01
9.1938e+00, 3.1650e+01
9.2156e+00, 2.8813e+01
9.2375e+00, 2.5577e+01
9.2670e+00, 2.1248e+01
9.2964e+00, 1.7456e+01
9.3111e+00, 1.5835e+01
9.3258e+00, 1.4401e+01
9.3405e+00, 1.3142e+01
9.3552e+00, 1.2043e+01
9.3699e+00, 1.1086e+01
9.3847e+00, 1.0253e+01
9.4141e+00, 8.8946e+00
9.4435e+00, 7.8571e+00
9.4729e+00, 7.0576e+00
9.4987e+00, 6.5056e+00
9.5245e+00, 6.0619e+00
9.5503e+00, 5.7047e+00
9.5761e+00, 5.4173e+00
9.6276e+00, 5.0075e+00
9.6792e+00, 4.7740e+00
9.7250e+00, 4.6913e+00
9.7594e+00, 4.7009e+00
9.7938e+00, 4.7723e+00
9.8281e+00, 4.9088e+00
9.8625e+00, 5.1167e+00
9.8969e+00, 5.4049e+00
9.9313e+00, 5.7843e+00
9.9656e+00, 6.2671e+00
1.0000e+01, 6.8648e+00
1.0030e+01, 7.4883e+00
1.0060e+01, 8.2031e+00
1.0155e+01, 1.0731e+01
1.0179e+01, 1.1270e+01
1.0203e+01, 1.1689e+01
1.0226e+01, 1.1949e+01
1.0250e+01, 1.2023e+01
1.0270e+01, 1.1932e+01
1.0291e+01, 1.1702e+01
1.0331e+01, 1.0903e+01
1.0413e+01, 8.6609e+00
1.0453e+01, 7.5813e+00
1.0494e+01, 6.6544e+00
1.0534e+01, 5.8990e+00
1.0575e+01, 5.3043e+00
1.0616e+01, 4.8485e+00
1.0656e+01, 4.5099e+00
1.0697e+01, 4.2701e+00
1.0737e+01, 4.1160e+00
1.0782e+01, 4.0340e+00
1.0827e+01, 4.0367e+00
1.0872e+01, 4.1222e+00
1.0917e+01, 4.2992e+00
1.0957e+01, 4.5430e+00
1.0996e+01, 4.8873e+00
1.1036e+01, 5.3570e+00
1.1075e+01, 5.9902e+00
1.1095e+01, 6.3856e+00
1.1115e+01, 6.8462e+00
1.1134e+01, 7.3844e+00
1.1154e+01, 8.0160e+00
1.1174e+01, 8.7610e+00
1.1193e+01, 9.6457e+00
1.1213e+01, 1.0704e+01
1.1233e+01, 1.1982e+01
1.1252e+01, 1.3459e+01
1.1270e+01, 1.5257e+01
1.1289e+01, 1.7465e+01
1.1308e+01, 2.0194e+01
1.1327e+01, 2.3584e+01
1.1345e+01, 2.7792e+01
1.1364e+01, 3.2984e+01
1.1383e+01, 3.9286e+01
1.1400e+01, 4.6042e+01
1.1417e+01, 5.3647e+01
1.1434e+01, 6.1814e+01
1.1451e+01, 7.0043e+01
1.1469e+01, 7.7646e+01
1.1486e+01, 8.3833e+01
1.1503e+01, 8.7859e+01
1.1520e+01, 8.9191e+01
1.1537e+01, 8.7625e+01
1.1555e+01, 8.3358e+01
1.1572e+01, 7.6955e+01
1.1589e+01, 6.9185e+01
1.1608e+01, 6.0238e+01
1.1626e+01, 5.1478e+01
1.1645e+01, 4.3472e+01
1.1663e+01, 3.6513e+01
1.1682e+01, 3.0667e+01
1.1700e+01, 2.5870e+01
1.1719e+01, 2.1975e+01
1.1737e+01, 1.8824e+01
1.1752e+01, 1.6777e+01
1.1766e+01, 1.5035e+01
1.1781e+01, 1.3547e+01
1.1795e+01, 1.2270e+01
1.1810e+01, 1.1166e+01
1.1824e+01, 1.0209e+01
1.1839e+01, 9.3734e+00
1.1853e+01, 8.6408e+00
1.1882e+01, 7.4238e+00
1.1911e+01, 6.4613e+00
1.1940e+01, 5.6867e+00
1.1969e+01, 5.0536e+00
1.2000e+01, 4.4928e+00
1.2032e+01, 4.0298e+00
1.2063e+01, 3.6432e+00
1.2094e+01, 3.3176e+00
1.2125e+01, 3.0405e+00
1.2157e+01, 2.8031e+00
1.2188e+01, 2.5983e+00
1.2219e+01, 2.4207e+00
1.2282e+01, 2.1298e+00
1.2344e+01, 1.9019e+00
1.2407e+01, 1.7205e+00
1.2469e+01, 1.5753e+00
1.2532e+01, 1.4582e+00
1.2594e+01, 1.3636e+00
1.2657e+01, 1.2873e+00
1.2719e+01, 1.2265e+00
1.2782e+01, 1.1790e+00
1.2844e+01, 1.1435e+00
1.2969e+01, 1.1060e+00
1.3041e+01, 1.1049e+00
1.3112e+01, 1.1201e+00
1.3184e+01, 1.1547e+00
1.3255e+01, 1.2136e+00
1.3326e+01, 1.3050e+00
1.3398e+01, 1.4413e+00
1.3434e+01, 1.5335e+00
1.3469e+01, 1.6477e+00
1.3505e+01, 1.7901e+00
1.3541e+01, 1.9692e+00
1.3577e+01, 2.1967e+00
1.3612e+01, 2.4900e+00
1.3639e+01, 2.7685e+00
1.3666e+01, 3.1148e+00
1.3693e+01, 3.5516e+00
1.3719e+01, 4.1108e+00
1.3733e+01, 4.4496e+00
1.3746e+01, 4.8366e+00
1.3760e+01, 5.2806e+00
1.3773e+01, 5.7903e+00
1.3786e+01, 6.3768e+00
1.3800e+01, 7.0508e+00
1.3813e+01, 7.8249e+00
1.3827e+01, 8.7089e+00
1.3840e+01, 9.7131e+00
1.3853e+01, 1.0841e+01
1.3880e+01, 1.3454e+01
1.3910e+01, 1.6771e+01
1.3940e+01, 2.0014e+01
1.3955e+01, 2.1376e+01
1.3970e+01, 2.2432e+01
1.3985e+01, 2.3095e+01
1.4000e+01, 2.3311e+01
1.4011e+01, 2.3167e+01
1.4022e+01, 2.2770e+01
1.4045e+01, 2.1304e+01
1.4067e+01, 1.9173e+01
1.4089e+01, 1.6705e+01
1.4121e+01, 1.3162e+01
1.4137e+01, 1.1563e+01
1.4153e+01, 1.0134e+01
1.4170e+01, 8.8820e+00
1.4186e+01, 7.8043e+00
1.4202e+01, 6.8862e+00
1.4218e+01, 6.1090e+00
1.4234e+01, 5.4573e+00
1.4250e+01, 4.9051e+00
1.4265e+01, 4.4361e+00
1.4281e+01, 4.0360e+00
1.4297e+01, 3.6932e+00
1.4313e+01, 3.3981e+00
1.4329e+01, 3.1427e+00
1.4345e+01, 2.9209e+00
1.4377e+01, 2.5570e+00
1.4409e+01, 2.2751e+00
1.4440e+01, 2.0537e+00
1.4472e+01, 1.8778e+00
1.4501e+01, 1.7481e+00
1.4530e+01, 1.6412e+00
1.4588e+01, 1.4794e+00
1.4646e+01, 1.3694e+00
1.4704e+01, 1.2977e+00
1.4773e+01, 1.2506e+00
1.4842e+01, 1.2387e+00
1.4906e+01, 1.2559e+00
1.4970e+01, 1.3001e+00
1.5033e+01, 1.3741e+00
1.5097e+01, 1.4833e+00
1.5161e+01, 1.6368e+00
1.5193e+01, 1.7344e+00
1.5224e+01, 1.8488e+00
1.5256e+01, 1.9831e+00
1.5288e+01, 2.1408e+00
1.5320e+01, 2.3262e+00
1.5352e+01, 2.5446e+00
1.5378e+01, 2.7524e+00
1.5404e+01, 2.9911e+00
1.5430e+01, 3.2658e+00
1.5456e+01, 3.5823e+00
1.5482e+01, 3.9469e+00
1.5508e+01, 4.3651e+00
1.5534e+01, 4.8423e+00
1.5560e+01, 5.3818e+00
1.5590e+01, 6.0803e+00
1.5620e+01, 6.8498e+00
1.5680e+01, 8.4766e+00
1.5710e+01, 9.2247e+00
1.5740e+01, 9.8325e+00
1.5770e+01, 1.0227e+01
1.5800e+01, 1.0354e+01
1.5824e+01, 1.0253e+01
1.5847e+01, 9.9803e+00
1.5871e+01, 9.5601e+00
1.5895e+01, 9.0257e+00
1.5990e+01, 6.4672e+00
1.6032e+01, 5.4253e+00
1.6074e+01, 4.5421e+00
1.6117e+01, 3.8196e+00
1.6159e+01, 3.2385e+00
1.6201e+01, 2.7733e+00
1.6244e+01, 2.4001e+00
1.6286e+01, 2.0990e+00
1.6328e+01, 1.8543e+00
1.6371e+01, 1.6516e+00
1.6414e+01, 1.4841e+00
1.6457e+01, 1.3442e+00
1.6499e+01, 1.2260e+00
1.6542e+01, 1.1254e+00
1.6585e+01, 1.0394e+00
1.6628e+01, 9.6543e-01
1.6670e+01, 9.0135e-01
1.6756e+01, 7.9662e-01
1.6842e+01, 7.1575e-01
1.6927e+01, 6.5262e-01
1.7013e+01, 6.0151e-01
1.7137e+01, 5.4340e-01
1.7262e+01, 4.9980e-01
1.7386e+01, 4.6664e-01
1.7511e+01, 4.4125e-01
1.7635e+01, 4.2182e-01
1.7760e+01, 4.0740e-01
1.8009e+01, 3.8909e-01
1.8257e+01, 3.8181e-01
1.8475e+01, 3.8328e-01
1.8693e+01, 3.9170e-01
1.8911e+01, 4.0746e-01
1.9129e+01, 4.3171e-01
1.9347e+01, 4.6531e-01
1.9564e+01, 5.1425e-01
1.9673e+01, 5.4597e-01
1.9782e+01, 5.8400e-01
1.9891e+01, 6.2989e-01
2.0000e+01, 6.8543e-01
2.0099e+01, 7.4676e-01
2.0197e+01, 8.2215e-01
2.0296e+01, 9.1572e-01
2.0394e+01, 1.0338e+00
2.0493e+01, 1.1857e+00
2.0542e+01, 1.2785e+00
2.0592e+01, 1.3856e+00
2.0641e+01, 1.5099e+00
2.0690e+01, 1.6549e+00
2.0739e+01, 1.8261e+00
2.0789e+01, 2.0308e+00
2.0843e+01, 2.3059e+00
2.0897e+01, 2.6490e+00
2.0951e+01, 3.0828e+00
2.0979e+01, 3.3432e+00
2.1006e+01, 3.6392e+00
2.1033e+01, 3.9769e+00
2.1060e+01, 4.3631e+00
2.1087e+01, 4.8062e+00
2.1114e+01, 5.3149e+00
2.1141e+01, 5.8994e+00
2.1168e+01, 6.5692e+00
2.1195e+01, 7.3333e+00
2.1223e+01, 8.1980e+00
2.1255e+01, 9.3558e+00
2.1287e+01, 1.0641e+01
2.1319e+01, 1.2013e+01
2.1351e+01, 1.3394e+01
2.1383e+01, 1.4676e+01
2.1416e+01, 1.5730e+01
2.1448e+01, 1.6426e+01
2.1480e+01, 1.6672e+01
2.1502e+01, 1.6558e+01
2.1524e+01, 1.6220e+01
2.1547e+01, 1.5682e+01
2.1569e+01, 1.4980e+01
2.1613e+01, 1.3256e+01
2.1658e+01, 1.1386e+01
2.1710e+01, 9.3458e+00
2.1736e+01, 8.4479e+00
2.1762e+01, 7.6447e+00
2.1788e+01, 6.9350e+00
2.1814e+01, 6.3140e+00
2.1840e+01, 5.7733e+00
2.1866e+01, 5.3045e+00
2.1892e+01, 4.8982e+00
2.1918e+01, 4.5463e+00
2.1970e+01, 3.9762e+00
2.2022e+01, 3.5445e+00
2.2074e+01, 3.2133e+00
2.2131e+01, 2.9345e+00
2.2187e+01, 2.7133e+00
2.2244e+01, 2.5322e+00
2.2300e+01, 2.3790e+00
2.2423e+01, 2.1002e+00
2.2545e+01, 1.8618e+00
2.2668e+01, 1.6563e+00
2.2791e+01, 1.4904e+00
2.2913e+01, 1.3659e+00
2.3036e+01, 1.2812e+00
2.3158e+01, 1.2329e+00
2.3281e+01, 1.2193e+00
2.3408e+01, 1.2413e+00
2.3535e+01, 1.3019e+00
2.3661e+01, 1.4060e+00
2.3788e+01, 1.5615e+00
2.3852e+01, 1.6619e+00
2.3915e+01, 1.7806e+00
2.3979e+01, 1.9205e+00
2.4042e+01, 2.0847e+00
2.4105e+01, 2.2778e+00
2.4169e+01, 2.5062e+00
2.4232e+01, 2.7805e+00
2.4296e+01, 3.1215e+00
2.4347e+01, 3.4710e+00
2.4398e+01, 3.9253e+00
2.4423e+01, 4.2106e+00
2.4449e+01, 4.5504e+00
2.4474e+01, 4.9636e+00
2.4500e+01, 5.4769e+00
2.4524e+01, 6.0746e+00
2.4547e+01, 6.8400e+00
2.4571e+01, 7.8456e+00
2.4582e+01, 8.4707e+00
2.4594e+01, 9.2002e+00
2.4606e+01, 1.0057e+01
2.4618e+01, 1.1064e+01
2.4630e+01, 1.2252e+01
2.4641e+01, 1.3656e+01
2.4653e+01, 1.5311e+01
2.4665e+01, 1.7256e+01
2.4677e+01, 1.9529e+01
2.4689e+01, 2.2163e+01
2.4700e+01, 2.5189e+01
2.4712e+01, 2.8613e+01
2.4724e+01, 3.2433e+01
2.4736e+01, 3.6621e+01
2.4759e+01, 4.5943e+01
2.4783e+01, 5.5659e+01
2.4807e+01, 6.4494e+01
2.4819e+01, 6.8123e+01
2.4831e+01, 7.0989e+01
2.4845e+01, 7.3263e+01
2.4860e+01, 7.4003e+01
2.4875e+01, 7.3150e+01
2.4889e+01, 7.0771e+01
2.4911e+01, 6.4723e+01
2.4933e+01, 5.6624e+01
2.4955e+01, 4.7625e+01
2.4977e+01, 3.8788e+01
2.4994e+01, 3.2712e+01
2.5010e+01, 2.7343e+01
2.5027e+01, 2.2759e+01
2.5044e+01, 1.8951e+01
2.5060e+01, 1.5849e+01
2.5077e+01, 1.3362e+01
2.5093e+01, 1.1380e+01
2.5110e+01, 9.8076e+00
2.5125e+01, 8.6834e+00
2.5139e+01, 7.7597e+00
2.5154e+01, 6.9951e+00
2.5169e+01, 6.3571e+00
2.5183e+01, 5.8191e+00
2.5198e+01, 5.3617e+00
2.5213e+01, 4.9690e+00
2.5227e+01, 4.6294e+00
2.5257e+01, 4.0728e+00
2.5286e+01, 3.6390e+00
2.5315e+01, 3.2934e+00
2.5345e+01, 3.0134e+00
2.5374e+01, 2.7802e+00
2.5404e+01, 2.5868e+00
2.5434e+01, 2.4249e+00
2.5464e+01, 2.2884e+00
2.5523e+01, 2.0746e+00
2.5583e+01, 1.9209e+00
2.5643e+01, 1.8123e+00
2.5702e+01, 1.7399e+00
2.5762e+01, 1.6978e+00
2.5821e+01, 1.6820e+00
2.5905e+01, 1.7026e+00
2.5988e+01, 1.7793e+00
2.6030e+01, 1.8435e+00
2.6072e+01, 1.9288e+00
2.6113e+01, 2.0393e+00
2.6155e+01, 2.1812e+00
2.6197e+01, 2.3633e+00
2.6238e+01, 2.5982e+00
2.6280e+01, 2.9055e+00
2.6322e+01, 3.3155e+00
2.6343e+01, 3.5735e+00
2.6363e+01, 3.8778e+00
2.6384e+01, 4.2400e+00
2.6405e+01, 4.6755e+00
2.6426e+01, 5.2046e+00
2.6447e+01, 5.8550e+00
2.6468e+01, 6.6635e+00
2.6489e+01, 7.6782e+00
2.6506e+01, 8.7590e+00
2.6524e+01, 1.0082e+01
2.6542e+01, 1.1699e+01
2.6560e+01, 1.3660e+01
2.6578e+01, 1.6013e+01
2.6596e+01, 1.8780e+01
2.6614e+01, 2.1958e+01
2.6632e+01, 2.5499e+01
2.6655e+01, 3.0591e+01
2.6682e+01, 3.6195e+01
2.6708e+01, 4.1074e+01
2.6721e+01, 4.2984e+01
2.6734e+01, 4.4417e+01
2.6747e+01, 4.5303e+01
2.6760e+01, 4.5598e+01
2.6775e+01, 4.5184e+01
2.6790e+01, 4.3988e+01
2.6805e+01, 4.2093e+01
2.6821e+01, 3.9623e+01
2.6850e+01, 3.3770e+01
2.6879e+01, 2.7476e+01
2.6909e+01, 2.1659e+01
2.6923e+01, 1.9107e+01
2.6938e+01, 1.6833e+01
2.6951e+01, 1.5078e+01
2.6964e+01, 1.3534e+01
2.6977e+01, 1.2186e+01
2.6989e+01, 1.1018e+01
2.7002e+01, 1.0012e+01
2.7015e+01, 9.1477e+00
2.7028e+01, 8.4079e+00
2.7041e+01, 7.7754e+00
2.7054e+01, 7.2352e+00
2.7067e+01, 6.7742e+00
2.7092e+01, 6.0470e+00
2.7118e+01, 5.5246e+00
2.7144e+01, 5.1608e+00
2.7176e+01, 4.8828e+00
2.7208e+01, 4.7811e+00
2.7230e+01, 4.8082e+00
2.7256e+01, 4.9475e+00
2.7281e+01, 5.2235e+00
2.7307e+01, 5.6746e+00
2.7320e+01, 5.9836e+00
2.7333e+01, 6.3612e+00
2.7346e+01, 6.8195e+00
2.7358e+01, 7.3723e+00
2.7371e+01, 8.0353e+00
2.7384e+01, 8.8253e+00
2.7397e+01, 9.7595e+00
2.7410e+01, 1.0854e+01
2.7423e+01, 1.2123e+01
2.7435e+01, 1.3574e+01
2.7457e+01, 1.6431e+01
2.7479e+01, 1.9744e+01
2.7522e+01, 2.6964e+01
2.7541e+01, 2.9932e+01
2.7561e+01, 3.2315e+01
2.7581e+01, 3.3852e+01
2.7600e+01, 3.4362e+01
2.7615e+01, 3.4024e+01
2.7629e+01, 3.3087e+01
2.7644e+01, 3.1613e+01
2.7659e+01, 2.9699e+01
2.7691e+01, 2.4576e+01
2.7723e+01, 1.9174e+01
2.7739e+01, 1.6679e+01
2.7755e+01, 1.4425e+01
2.7771e+01, 1.2445e+01
2.7787e+01, 1.0748e+01
2.7800e+01, 9.5307e+00
2.7814e+01, 8.4896e+00
2.7827e+01, 7.6063e+00
2.7841e+01, 6.8609e+00
2.7854e+01, 6.2338e+00
2.7868e+01, 5.7065e+00
2.7881e+01, 5.2628e+00
2.7895e+01, 4.8887e+00
2.7908e+01, 4.5717e+00
2.7922e+01, 4.3021e+00
2.7949e+01, 3.8746e+00
2.7976e+01, 3.5573e+00
2.8003e+01, 3.3189e+00
2.8039e+01, 3.0880e+00
2.8075e+01, 2.9288e+00
2.8110e+01, 2.8217e+00
2.8146e+01, 2.7545e+00
2.8194e+01, 2.7139e+00
2.8260e+01, 2.7316e+00
2.8326e+01, 2.8217e+00
2.8392e+01, 2.9802e+00
2.8458e+01, 3.2113e+00
2.8524e+01, 3.5270e+00
2.8590e+01, 3.9485e+00
2.8656e+01, 4.5106e+00
2.8689e+01, 4.8606e+00
2.8721e+01, 5.2691e+00
2.8760e+01, 5.8454e+00
2.8799e+01, 6.5522e+00
2.8838e+01, 7.4339e+00
2.8877e+01, 8.5577e+00
2.8897e+01, 9.2414e+00
2.8916e+01, 1.0029e+01
2.8936e+01, 1.0946e+01
2.8955e+01, 1.2020e+01
2.8975e+01, 1.3293e+01
2.8994e+01, 1.4815e+01
2.9014e+01, 1.6648e+01
2.9033e+01, 1.8869e+01
2.9052e+01, 2.1567e+01
2.9072e+01, 2.4836e+01
2.9091e+01, 2.8763e+01
2.9111e+01, 3.3415e+01
2.9130e+01, 3.8818e+01
2.9150e+01, 4.4931e+01
2.9169e+01, 5.1629e+01
2.9189e+01, 5.8701e+01
2.9214e+01, 6.7994e+01
2.9239e+01, 7.6772e+01
2.9265e+01, 8.4473e+01
2.9290e+01, 9.0856e+01
2.9339e+01, 1.0062e+02
2.9373e+01, 1.0725e+02
2.9388e+01, 1.1037e+02
2.9421e+01, 1.1846e+02
2.9454e+01, 1.2644e+02
2.9487e+01, 1.3170e+02
2.9503e+01, 1.3244e+02
2.9520e+01, 1.3158e+02
2.9543e+01, 1.2755e+02
2.9566e+01, 1.2037e+02
2.9585e+01, 1.1250e+02
2.9604e+01, 1.0337e+02
2.9642e+01, 8.3443e+01
2.9679e+01, 6.4448e+01
2.9698e+01, 5.6092e+01
2.9717e+01, 4.8694e+01
2.9731e+01, 4.3793e+01
2.9745e+01, 3.9427e+01
2.9760e+01, 3.5559e+01
2.9774e+01, 3.2154e+01
2.9788e+01, 2.9162e+01
2.9802e+01, 2.6541e+01
2.9816e+01, 2.4242e+01
2.9830e+01, 2.2227e+01
2.9845e+01, 2.0455e+01
2.9859e+01, 1.8895e+01
2.9887e+01, 1.6292e+01
2.9915e+01, 1.4231e+01
2.9944e+01, 1.2574e+01
2.9973e+01, 1.1176e+01
3.0002e+01, 1.0028e+01
3.0032e+01, 9.0705e+00
3.0061e+01, 8.2628e+00
3.0090e+01, 7.5725e+00
3.0120e+01, 6.9760e+00
3.0178e+01, 5.9953e+00
3.0237e+01, 5.2208e+00
3.0296e+01, 4.5944e+00
3.0354e+01, 4.0799e+00
3.0413e+01, 3.6533e+00
3.0465e+01, 3.3321e+00
3.0518e+01, 3.0583e+00
3.0570e+01, 2.8250e+00
3.0623e+01, 2.6264e+00
3.0675e+01, 2.4573e+00
3.0728e+01, 2.3131e+00
3.0833e+01, 2.0873e+00
3.0908e+01, 1.9704e+00
3.0982e+01, 1.8852e+00
3.1057e+01, 1.8289e+00
3.1132e+01, 1.8000e+00
3.1185e+01, 1.7957e+00
3.1239e+01, 1.8051e+00
3.1346e+01, 1.8642e+00
3.1453e+01, 1.9704e+00
3.1561e+01, 2.1034e+00
3.1675e+01, 2.2301e+00
3.1733e+01, 2.2669e+00
3.1790e+01, 2.2758e+00
3.1847e+01, 2.2545e+00
3.1905e+01, 2.2057e+00
3.2020e+01, 2.0562e+00
3.2116e+01, 1.9179e+00
3.2212e+01, 1.8010e+00
3.2309e+01, 1.7235e+00
3.2405e+01, 1.6907e+00
3.2470e+01, 1.6941e+00
3.2536e+01, 1.7177e+00
3.2601e+01, 1.7608e+00
3.2666e+01, 1.8218e+00
3.2928e+01, 2.1503e+00
3.3032e+01, 2.2508e+00
3.3137e+01, 2.3014e+00
3.3224e+01, 2.3158e+00
3.3311e+01, 2.3263e+00
3.3398e+01, 2.3541e+00
3.3478e+01, 2.4086e+00
3.3559e+01, 2.4949e+00
3.3719e+01, 2.7327e+00
3.3810e+01, 2.8671e+00
3.3900e+01, 2.9739e+00
3.4019e+01, 3.0667e+00
3.4211e+01, 3.2072e+00
3.4306e+01, 3.3293e+00
3.4402e+01, 3.4902e+00
3.4590e+01, 3.8132e+00
3.4816e+01, 4.1295e+00
3.4929e+01, 4.3831e+00
3.5042e+01, 4.7494e+00
3.5146e+01, 5.1372e+00
3.5198e+01, 5.3254e+00
3.5250e+01, 5.5026e+00
3.5304e+01, 5.6796e+00
3.5378e+01, 5.9480e+00
3.5452e+01, 6.3324e+00
3.5489e+01, 6.6139e+00
3.5525e+01, 6.9919e+00
3.5562e+01, 7.5081e+00
3.5599e+01, 8.2224e+00
3.5626e+01, 8.9040e+00
3.5653e+01, 9.7682e+00
3.5679e+01, 1.0857e+01
3.5706e+01, 1.2206e+01
3.5732e+01, 1.3838e+01
3.5759e+01, 1.5746e+01
3.5812e+01, 2.0171e+01
3.5834e+01, 2.2096e+01
3.5900e+01, 2.7431e+01
3.5911e+01, 2.8224e+01
3.5922e+01, 2.8995e+01
3.5966e+01, 3.2055e+01
3.5988e+01, 3.3739e+01
3.6010e+01, 3.5630e+01
3.6037e+01, 3.8452e+01
3.6065e+01, 4.1773e+01
3.6092e+01, 4.5479e+01
3.6120e+01, 4.9305e+01
3.6147e+01, 5.2872e+01
3.6175e+01, 5.5751e+01
3.6202e+01, 5.7541e+01
3.6230e+01, 5.7955e+01
3.6249e+01, 5.7350e+01
3.6269e+01, 5.6020e+01
3.6288e+01, 5.4024e+01
3.6307e+01, 5.1464e+01
3.6338e+01, 4.6627e+01
3.6368e+01, 4.1244e+01
3.6429e+01, 3.0669e+01
3.6459e+01, 2.6078e+01
3.6489e+01, 2.2130e+01
3.6520e+01, 1.8823e+01
3.6550e+01, 1.6101e+01
3.6572e+01, 1.4465e+01
3.6593e+01, 1.3053e+01
3.6615e+01, 1.1833e+01
3.6637e+01, 1.0778e+01
3.6658e+01, 9.8627e+00
3.6680e+01, 9.0656e+00
3.6702e+01, 8.3691e+00
3.6723e+01, 7.7581e+00
3.6767e+01, 6.7450e+00
3.6810e+01, 5.9490e+00
3.6854e+01, 5.3152e+00
3.6897e+01, 4.8043e+00
3.6935e+01, 4.4354e+00
3.6973e+01, 4.1235e+00
3.7048e+01, 3.6287e+00
3.7124e+01, 3.2550e+00
3.7200e+01, 2.9597e+00
3.7300e+01, 2.6462e+00
3.7400e+01, 2.3934e+00
3.7500e+01, 2.1929e+00
3.7600e+01, 2.0438e+00
3.7700e+01, 1.9430e+00
3.7800e+01, 1.8774e+00
3.7900e+01, 1.8291e+00
3.8000e+01, 1.7838e+00
3.8084e+01, 1.7418e+00
3.8168e+01, 1.6982e+00
3.8337e+01, 1.6367e+00
3.8406e+01, 1.6341e+00
3.8476e+01, 1.6504e+00
3.8546e+01, 1.6897e+00
3.8615e+01, 1.7574e+00
3.8674e+01, 1.8428e+00
3.8733e+01, 1.9614e+00
3.8792e+01, 2.1240e+00
3.8851e+01, 2.3479e+00
3.8880e+01, 2.4914e+00
3.8910e+01, 2.6629e+00
3.8939e+01, 2.8701e+00
3.8969e+01, 3.1238e+00
3.8998e+01, 3.4393e+00
3.9027e+01, 3.8387e+00
3.9057e+01, 4.3542e+00
3.9072e+01, 4.6693e+00
3.9086e+01, 5.0322e+00
3.9109e+01, 5.7002e+00
3.9131e+01, 6.5380e+00
3.9154e+01, 7.5903e+00
3.9176e+01, 8.9040e+00
3.9199e+01, 1.0526e+01
3.9221e+01, 1.2488e+01
3.9244e+01, 1.4799e+01
3.9266e+01, 1.7428e+01
3.9322e+01, 2.4590e+01
3.9346e+01, 2.7550e+01
3.9371e+01, 2.9965e+01
3.9395e+01, 3.1557e+01
3.9420e+01, 3.2132e+01
3.9438e+01, 3.1848e+01
3.9457e+01, 3.0972e+01
3.9475e+01, 2.9572e+01
3.9494e+01, 2.7749e+01
3.9525e+01, 2.4052e+01
3.9556e+01, 2.0108e+01
3.9587e+01, 1.6417e+01
3.9603e+01, 1.4770e+01
3.9618e+01, 1.3286e+01
3.9636e+01, 1.1850e+01
3.9653e+01, 1.0617e+01
3.9670e+01, 9.5733e+00
3.9687e+01, 8.7031e+00
3.9710e+01, 7.7761e+00
3.9733e+01, 7.0725e+00
3.9755e+01, 6.5472e+00
3.9778e+01, 6.1635e+00
3.9801e+01, 5.8914e+00
3.9824e+01, 5.7086e+00
3.9847e+01, 5.5982e+00
3.9870e+01, 5.5479e+00
3.9910e+01, 5.5804e+00
3.9950e+01, 5.7433e+00
3.9990e+01, 6.0234e+00
4.0029e+01, 6.4168e+00
4.0069e+01, 6.9258e+00
4.0109e+01, 7.5556e+00
4.0149e+01, 8.3123e+00
4.0189e+01, 9.1996e+00
4.0233e+01, 1.0319e+01
4.0277e+01, 1.1572e+01
4.0321e+01, 1.2910e+01
4.0365e+01, 1.4255e+01
4.0409e+01, 1.5498e+01
4.0452e+01, 1.6511e+01
4.0496e+01, 1.7168e+01
4.0540e+01, 1.7381e+01
4.0569e+01, 1.7262e+01
4.0597e+01, 1.6944e+01
4.0654e+01, 1.5798e+01
4.0712e+01, 1.4180e+01
4.0769e+01, 1.2370e+01
4.0843e+01, 1.0112e+01
4.0880e+01, 9.1024e+00
4.0917e+01, 8.1949e+00
4.0954e+01, 7.3914e+00
4.0991e+01, 6.6883e+00
4.1028e+01, 6.0783e+00
4.1065e+01, 5.5530e+00
4.1102e+01, 5.1033e+00
4.1139e+01, 4.7218e+00
4.1176e+01, 4.4016e+00
4.1213e+01, 4.1378e+00
4.1250e+01, 3.9270e+00
4.1287e+01, 3.7681e+00
4.1324e+01, 3.6617e+00
4.1361e+01, 3.6096e+00
4.1407e+01, 3.6207e+00
4.1500e+01, 3.8247e+00
4.1539e+01, 3.9058e+00
4.1578e+01, 3.9243e+00
4.1600e+01, 3.8953e+00
4.1621e+01, 3.8389e+00
4.1678e+01, 3.5782e+00
4.1734e+01, 3.2529e+00
4.1790e+01, 2.9901e+00
4.1818e+01, 2.9060e+00
4.1847e+01, 2.8576e+00
4.1891e+01, 2.8532e+00
4.1935e+01, 2.9344e+00
4.1980e+01, 3.1054e+00
4.2024e+01, 3.3831e+00
4.2046e+01, 3.5720e+00
4.2068e+01, 3.8021e+00
4.2090e+01, 4.0814e+00
4.2113e+01, 4.4191e+00
4.2135e+01, 4.8263e+00
4.2157e+01, 5.3142e+00
4.2179e+01, 5.8945e+00
4.2201e+01, 6.5761e+00
4.2221e+01, 7.2723e+00
4.2241e+01, 8.0520e+00
4.2280e+01, 9.8296e+00
4.2320e+01, 1.1793e+01
4.2360e+01, 1.3639e+01
4.2380e+01, 1.4409e+01
4.2400e+01, 1.5019e+01
4.2420e+01, 1.5437e+01
4.2440e+01, 1.5640e+01
4.2463e+01, 1.5604e+01
4.2485e+01, 1.5305e+01
4.2508e+01, 1.4780e+01
4.2530e+01, 1.4091e+01
4.2574e+01, 1.2552e+01
4.2618e+01, 1.1159e+01
4.2640e+01, 1.0647e+01
4.2662e+01, 1.0310e+01
4.2683e+01, 1.0178e+01
4.2705e+01, 1.0280e+01
4.2729e+01, 1.0696e+01
4.2754e+01, 1.1472e+01
4.2778e+01, 1.2653e+01
4.2802e+01, 1.4283e+01
4.2818e+01, 1.5682e+01
4.2835e+01, 1.7314e+01
4.2852e+01, 1.9173e+01
4.2868e+01, 2.1240e+01
4.2901e+01, 2.5864e+01
4.2934e+01, 3.0736e+01
4.2961e+01, 3.4341e+01
4.2987e+01, 3.7278e+01
4.3014e+01, 3.9179e+01
4.3040e+01, 3.9785e+01
4.3058e+01, 3.9419e+01
4.3075e+01, 3.8456e+01
4.3093e+01, 3.6950e+01
4.3110e+01, 3.4986e+01
4.3145e+01, 3.0205e+01
4.3179e+01, 2.4923e+01
4.3213e+01, 1.9881e+01
4.3231e+01, 1.7609e+01
4.3248e+01, 1.5549e+01
4.3262e+01, 1.4008e+01
4.3277e+01, 1.2624e+01
4.3291e+01, 1.1390e+01
4.3305e+01, 1.0297e+01
4.3319e+01, 9.3354e+00
4.3334e+01, 8.4926e+00
4.3348e+01, 7.7558e+00
4.3362e+01, 7.1125e+00
4.3377e+01, 6.5507e+00
4.3391e+01, 6.0605e+00
4.3420e+01, 5.2555e+00
4.3448e+01, 4.6333e+00
4.3477e+01, 4.1468e+00
4.3501e+01, 3.8196e+00
4.3524e+01, 3.5480e+00
4.3548e+01, 3.3211e+00
4.3572e+01, 3.1306e+00
4.3620e+01, 2.8349e+00
4.3667e+01, 2.6260e+00
4.3706e+01, 2.5067e+00
4.3744e+01, 2.4225e+00
4.3782e+01, 2.3687e+00
4.3820e+01, 2.3425e+00
4.3872e+01, 2.3495e+00
4.3925e+01, 2.4066e+00
4.3977e+01, 2.5185e+00
4.4030e+01, 2.6944e+00
4.4082e+01, 2.9492e+00
4.4135e+01, 3.3041e+00
4.4161e+01, 3.5277e+00
4.4187e+01, 3.7872e+00
4.4213e+01, 4.0867e+00
4.4240e+01, 4.4300e+00
4.4268e+01, 4.8579e+00
4.4297e+01, 5.3427e+00
4.4354e+01, 6.4699e+00
4.4408e+01, 7.6537e+00
4.4462e+01, 8.7910e+00
4.4489e+01, 9.2739e+00
4.4516e+01, 9.6627e+00
4.4543e+01, 9.9353e+00
4.4570e+01, 1.0079e+01
4.4611e+01, 1.0051e+01
4.4651e+01, 9.7789e+00
4.4732e+01, 8.9247e+00
4.4771e+01, 8.6020e+00
4.4811e+01, 8.4578e+00
4.4860e+01, 8.5466e+00
4.4914e+01, 8.8178e+00
4.4950e+01, 8.9303e+00
4.4986e+01, 8.8548e+00
4.5000e+01, 8.7544e+00
4.5022e+01, 8.5223e+00
4.5043e+01, 8.1958e+00
4.5086e+01, 7.3119e+00
4.5152e+01, 5.6952e+00
4.5186e+01, 4.9326e+00
4.5219e+01, 4.2677e+00
4.5252e+01, 3.7177e+00
4.5285e+01, 3.2807e+00
4.5318e+01, 2.9430e+00
4.5351e+01, 2.6871e+00
4.5385e+01, 2.4931e+00
4.5418e+01, 2.3519e+00
4.5469e+01, 2.2158e+00
4.5519e+01, 2.1493e+00
4.5554e+01, 2.1359e+00
4.5589e+01, 2.1451e+00
4.5658e+01, 2.2205e+00
4.5797e+01, 2.5086e+00
4.5868e+01, 2.6444e+00
4.5904e+01, 2.6868e+00
4.5940e+01, 2.7059e+00
4.5990e+01, 2.6916e+00
4.6039e+01, 2.6351e+00
4.6179e+01, 2.3793e+00
4.6249e+01, 2.2762e+00
4.6319e+01, 2.2190e+00
4.6390e+01, 2.2072e+00
4.6460e+01, 2.2323e+00
4.6530e+01, 2.2870e+00
4.6600e+01, 2.3721e+00
4.6681e+01, 2.5309e+00
4.6722e+01, 2.6489e+00
4.6763e+01, 2.8015e+00
4.6804e+01, 2.9916e+00
4.6844e+01, 3.2144e+00
4.6926e+01, 3.6915e+00
4.7000e+01, 4.0421e+00
4.7031e+01, 4.1521e+00
4.7061e+01, 4.2559e+00
4.7094e+01, 4.3841e+00
4.7126e+01, 4.5642e+00
4.7148e+01, 4.7333e+00
4.7171e+01, 4.9653e+00
4.7193e+01, 5.2696e+00
4.7216e+01, 5.6591e+00
4.7238e+01, 6.1443e+00
4.7260e+01, 6.7319e+00
4.7283e+01, 7.4214e+00
4.7328e+01, 9.0633e+00
4.7368e+01, 1.0697e+01
4.7409e+01, 1.2209e+01
4.7429e+01, 1.2820e+01
4.7449e+01, 1.3285e+01
4.7470e+01, 1.3573e+01
4.7490e+01, 1.3664e+01
4.7513e+01, 1.3527e+01
4.7535e+01, 1.3147e+01
4.7558e+01, 1.2555e+01
4.7580e+01, 1.1796e+01
4.7630e+01, 9.8243e+00
4.7679e+01, 7.8401e+00
4.7703e+01, 6.9619e+00
4.7728e+01, 6.1918e+00
4.7753e+01, 5.5371e+00
4.7777e+01, 4.9952e+00
4.7795e+01, 4.6761e+00
4.7812e+01, 4.4048e+00
4.7847e+01, 3.9887e+00
4.7881e+01, 3.7143e+00
4.7916e+01, 3.5543e+00
4.7944e+01, 3.4943e+00
4.7985e+01, 3.4973e+00
4.8027e+01, 3.5876e+00
4.8110e+01, 3.9070e+00
4.8155e+01, 4.0742e+00
4.8200e+01, 4.1837e+00
4.8218e+01, 4.2065e+00
4.8236e+01, 4.2169e+00
4.8273e+01, 4.2047e+00
4.8345e+01, 4.1049e+00
4.8409e+01, 4.0277e+00
4.8457e+01, 4.0154e+00
4.8504e+01, 4.0471e+00
4.8600e+01, 4.2119e+00
4.8676e+01, 4.4090e+00
4.8752e+01, 4.6622e+00
4.8829e+01, 4.9944e+00
4.8905e+01, 5.4312e+00
4.9004e+01, 6.1569e+00
4.9102e+01, 6.9715e+00
4.9201e+01, 7.6484e+00
4.9251e+01, 7.8466e+00
4.9300e+01, 7.9149e+00
4.9349e+01, 7.8456e+00
4.9399e+01, 7.6500e+00
4.9498e+01, 7.0020e+00
4.9629e+01, 6.0585e+00
4.9695e+01, 5.7242e+00
4.9761e+01, 5.5299e+00
4.9821e+01, 5.4624e+00
4.9880e+01, 5.4549e+00
4.9940e+01, 5.4451e+00
5.0000e+01, 5.3750e+00
5.0056e+01, 5.2313e+00
5.0112e+01, 5.0265e+00
5.0197e+01, 4.6925e+00
5.0282e+01, 4.4554e+00
5.0324e+01, 4.3936e+00
5.0410e+01, 4.3635e+00
5.0537e+01, 4.3698e+00
5.0580e+01, 4.3369e+00
5.0669e+01, 4.1763e+00
5.0758e+01, 3.9225e+00
5.0838e+01, 3.6805e+00
5.0917e+01, 3.4810e+00
5.0997e+01, 3.3567e+00
5.1077e+01, 3.3189e+00
5.1142e+01, 3.3500e+00
5.1208e+01, 3.4288e+00
5.1339e+01, 3.6793e+00
5.1469e+01, 3.9491e+00
5.1535e+01, 4.0490e+00
5.1600e+01, 4.1077e+00
5.1665e+01, 4.1216e+00
5.1731e+01, 4.0974e+00
5.1861e+01, 4.0009e+00
5.1927e+01, 3.9718e+00
5.1992e+01, 3.9848e+00
5.2058e+01, 4.0590e+00
5.2143e+01, 4.2722e+00
5.2228e+01, 4.6304e+00
5.2313e+01, 5.1221e+00
5.2399e+01, 5.7156e+00
5.2483e+01, 6.3856e+00
5.2567e+01, 7.1849e+00
5.2648e+01, 8.1687e+00
5.2730e+01, 9.3889e+00
5.2815e+01, 1.0771e+01
5.2900e+01, 1.1983e+01
5.2975e+01, 1.2789e+01
5.3050e+01, 1.3400e+01
5.3125e+01, 1.3872e+01
5.3200e+01, 1.4211e+01
5.3268e+01, 1.4512e+01
5.3336e+01, 1.5114e+01
5.3371e+01, 1.5659e+01
5.3405e+01, 1.6417e+01
5.3440e+01, 1.7391e+01
5.3474e+01, 1.8542e+01
5.3508e+01, 1.9787e+01
5.3543e+01, 2.0998e+01
5.3577e+01, 2.2023e+01
5.3612e+01, 2.2705e+01
5.3636e+01, 2.2910e+01
5.3660e+01, 2.2855e+01
5.3684e+01, 2.2532e+01
5.3708e+01, 2.1946e+01
5.3757e+01, 2.0096e+01
5.3803e+01, 1.7722e+01
5.3850e+01, 1.5139e+01
5.3896e+01, 1.2657e+01
5.3943e+01, 1.0469e+01
5.3990e+01, 8.6506e+00
5.4013e+01, 7.8800e+00
5.4036e+01, 7.1947e+00
5.4060e+01, 6.5874e+00
5.4083e+01, 6.0504e+00
5.4130e+01, 5.1559e+00
5.4164e+01, 4.6198e+00
5.4199e+01, 4.1696e+00
5.4233e+01, 3.7895e+00
5.4268e+01, 3.4663e+00
5.4303e+01, 3.1897e+00
5.4337e+01, 2.9514e+00
5.4406e+01, 2.5644e+00
5.4475e+01, 2.2667e+00
5.4545e+01, 2.0335e+00
5.4614e+01, 1.8486e+00
5.4683e+01, 1.7008e+00
5.4752e+01, 1.5822e+00
5.4821e+01, 1.4873e+00
5.4890e+01, 1.4121e+00
5.4959e+01, 1.3538e+00
5.5029e+01, 1.3100e+00
5.5098e+01, 1.2794e+00
5.5167e+01, 1.2618e+00
5.5236e+01, 1.2580e+00
5.5340e+01, 1.2811e+00
5.5444e+01, 1.3464e+00
5.5504e+01, 1.4105e+00
5.5565e+01, 1.5006e+00
5.5625e+01, 1.6257e+00
5.5686e+01, 1.8002e+00
5.5716e+01, 1.9125e+00
5.5746e+01, 2.0463e+00
5.5776e+01, 2.2064e+00
5.5807e+01, 2.3983e+00
5.5837e+01, 2.6287e+00
5.5867e+01, 2.9049e+00
5.5897e+01, 3.2348e+00
5.5928e+01, 3.6254e+00
5.5968e+01, 4.2436e+00
5.6008e+01, 4.9761e+00
5.6088e+01, 6.6625e+00
5.6126e+01, 7.4435e+00
5.6164e+01, 8.0951e+00
5.6202e+01, 8.5304e+00
5.6240e+01, 8.6850e+00
5.6273e+01, 8.5751e+00
5.6305e+01, 8.2546e+00
5.6338e+01, 7.7602e+00
5.6371e+01, 7.1444e+00
5.6440e+01, 5.6917e+00
5.6474e+01, 5.0010e+00
5.6509e+01, 4.3816e+00
5.6544e+01, 3.8483e+00
5.6578e+01, 3.4026e+00
5.6613e+01, 3.0380e+00
5.6648e+01, 2.7442e+00
5.6693e+01, 2.4468e+00
5.6738e+01, 2.2273e+00
5.6784e+01, 2.0667e+00
5.6829e+01, 1.9509e+00
5.6868e+01, 1.8794e+00
5.6907e+01, 1.8287e+00
5.6985e+01, 1.7775e+00
5.7056e+01, 1.7784e+00
5.7127e+01, 1.8186e+00
5.7199e+01, 1.8965e+00
5.7270e+01, 2.0139e+00
5.7341e+01, 2.1762e+00
5.7413e+01, 2.3928e+00
5.7484e+01, 2.6788e+00
5.7555e+01, 3.0568e+00
5.7607e+01, 3.4088e+00
5.7659e+01, 3.8468e+00
5.7711e+01, 4.3973e+00
5.7763e+01, 5.0972e+00
5.7789e+01, 5.5185e+00
5.7815e+01, 5.9973e+00
5.7841e+01, 6.5426e+00
5.7867e+01, 7.1639e+00
5.7892e+01, 7.8720e+00
5.7918e+01, 8.6768e+00
5.7944e+01, 9.5891e+00
5.7970e+01, 1.0616e+01
5.7996e+01, 1.1765e+01
5.8032e+01, 1.3533e+01
5.8067e+01, 1.5511e+01
5.8103e+01, 1.7660e+01
5.8138e+01, 1.9912e+01
5.8174e+01, 2.2180e+01
5.8209e+01, 2.4374e+01
5.8245e+01, 2.6414e+01
5.8280e+01, 2.8245e+01
5.8338e+01, 3.0723e+01
5.8395e+01, 3.2539e+01
5.8430e+01, 3.3245e+01
5.8465e+01, 3.3563e+01
5.8499e+01, 3.3387e+01
5.8534e+01, 3.2621e+01
5.8581e+01, 3.0588e+01
5.8627e+01, 2.7528e+01
5.8668e+01, 2.4263e+01
5.8710e+01, 2.0809e+01
5.8751e+01, 1.7475e+01
5.8792e+01, 1.4486e+01
5.8833e+01, 1.1953e+01
5.8853e+01, 1.0865e+01
5.8874e+01, 9.8924e+00
5.8895e+01, 9.0262e+00
5.8915e+01, 8.2584e+00
5.8936e+01, 7.5788e+00
5.8956e+01, 6.9784e+00
5.8988e+01, 6.1913e+00
5.9019e+01, 5.5371e+00
5.9051e+01, 4.9905e+00
5.9082e+01, 4.5309e+00
5.9113e+01, 4.1416e+00
5.9145e+01, 3.8096e+00
5.9176e+01, 3.5245e+00
5.9208e+01, 3.2782e+00
5.9271e+01, 2.8779e+00
5.9334e+01, 2.5719e+00
5.9397e+01, 2.3371e+00
5.9459e+01, 2.1585e+00
5.9522e+01, 2.0264e+00
5.9585e+01, 1.9346e+00
5.9648e+01, 1.8784e+00
5.9711e+01, 1.8527e+00
5.9920e+01, 1.8621e+00
6.0019e+01, 1.8130e+00
6.0117e+01, 1.6945e+00
6.0315e+01, 1.4008e+00
6.0413e+01, 1.2973e+00
6.0512e+01, 1.2320e+00
6.0610e+01, 1.1977e+00
6.0709e+01, 1.1879e+00
6.0832e+01, 1.2042e+00
6.0956e+01, 1.2491e+00
6.1080e+01, 1.3231e+00
6.1203e+01, 1.4306e+00
6.1327e+01, 1.5801e+00
6.1451e+01, 1.7860e+00
6.1513e+01, 1.9176e+00
6.1575e+01, 2.0747e+00
6.1636e+01, 2.2638e+00
6.1698e+01, 2.4934e+00
6.1756e+01, 2.7564e+00
6.1815e+01, 3.0768e+00
6.1873e+01, 3.4676e+00
6.1931e+01, 3.9418e+00
6.1989e+01, 4.5075e+00
6.2048e+01, 5.1605e+00
6.2164e+01, 6.6154e+00
6.2232e+01, 7.4284e+00
6.2300e+01, 8.1326e+00
6.2334e+01, 8.4493e+00
6.2415e+01, 9.2450e+00
6.2456e+01, 9.7724e+00
6.2496e+01, 1.0475e+01
6.2537e+01, 1.1403e+01
6.2577e+01, 1.2569e+01
6.2618e+01, 1.3924e+01
6.2658e+01, 1.5354e+01
6.2709e+01, 1.7029e+01
6.2761e+01, 1.8325e+01
6.2771e+01, 1.8534e+01
6.2806e+01, 1.9099e+01
6.2842e+01, 1.9503e+01
6.2883e+01, 1.9881e+01
6.2954e+01, 2.0642e+01
6.3026e+01, 2.1659e+01
6.3098e+01, 2.2538e+01
6.3134e+01, 2.2737e+01
6.3170e+01, 2.2696e+01
6.3222e+01, 2.2151e+01
6.3275e+01, 2.1048e+01
6.3328e+01, 1.9502e+01
6.3380e+01, 1.7681e+01
6.3438e+01, 1.5566e+01
6.3496e+01, 1.3527e+01
6.3554e+01, 1.1689e+01
6.3612e+01, 1.0111e+01
6.3670e+01, 8.8029e+00
6.3728e+01, 7.7473e+00
6.3786e+01, 6.9164e+00
6.3843e+01, 6.2825e+00
6.3894e+01, 5.8712e+00
6.3945e+01, 5.5792e+00
6.3995e+01, 5.3933e+00
6.4046e+01, 5.2977e+00
6.4109e+01, 5.2701e+00
6.4237e+01, 5.2717e+00
6.4268e+01, 5.2310e+00
6.4300e+01, 5.1603e+00
6.4359e+01, 4.9450e+00
6.4417e+01, 4.6351e+00
6.4535e+01, 3.9023e+00
6.4593e+01, 3.5688e+00
6.4652e+01, 3.2937e+00
6.4711e+01, 3.0840e+00
6.4769e+01, 2.9358e+00
6.4831e+01, 2.8361e+00
6.4892e+01, 2.7806e+00
6.4985e+01, 2.7522e+00
6.5077e+01, 2.7527e+00
6.5138e+01, 2.7523e+00
6.5200e+01, 2.7437e+00
6.5261e+01, 2.7252e+00
6.5323e+01, 2.6999e+00
6.5415e+01, 2.6665e+00
6.5507e+01, 2.6747e+00
6.5569e+01, 2.7273e+00
6.5630e+01, 2.8356e+00
6.5696e+01, 3.0284e+00
6.5762e+01, 3.3122e+00
6.5827e+01, 3.6830e+00
6.5893e+01, 4.1090e+00
6.5945e+01, 4.4408e+00
6.5996e+01, 4.7197e+00
6.6048e+01, 4.8980e+00
6.6100e+01, 4.9391e+00
6.6152e+01, 4.8293e+00
6.6204e+01, 4.5822e+00
6.6255e+01, 4.2340e+00
6.6307e+01, 3.8319e+00
6.6365e+01, 3.3713e+00
6.6423e+01, 2.9473e+00
6.6482e+01, 2.5852e+00
6.6540e+01, 2.2920e+00
6.6598e+01, 2.0639e+00
6.6656e+01, 1.8925e+00
6.6715e+01, 1.7693e+00
6.6773e+01, 1.6871e+00
6.6839e+01, 1.6359e+00
6.6905e+01, 1.6219e+00
6.7126e+01, 1.7023e+00
6.7200e+01, 1.7085e+00
6.7274e+01, 1.6830e+00
6.7412e+01, 1.5837e+00
6.7481e+01, 1.5401e+00
6.7549e+01, 1.5191e+00
6.7604e+01, 1.5243e+00
6.7662e+01, 1.5542e+00
6.7719e+01, 1.6119e+00
6.7777e+01, 1.7001e+00
6.7835e+01, 1.8216e+00
6.7892e+01, 1.9782e+00
6.7950e+01, 2.1698e+00
6.8008e+01, 2.3926e+00
6.8066e+01, 2.6393e+00
6.8200e+01, 3.2652e+00
6.8317e+01, 3.8830e+00
6.8376e+01, 4.2574e+00
6.8434e+01, 4.6953e+00
6.8592e+01, 6.0615e+00
6.8632e+01, 6.3566e+00
6.8671e+01, 6.5872e+00
6.8710e+01, 6.7323e+00
6.8750e+01, 6.7775e+00
6.8809e+01, 6.6502e+00
6.8868e+01, 6.3147e+00
6.8928e+01, 5.8364e+00
6.8987e+01, 5.2971e+00
6.9047e+01, 4.7675e+00
6.9106e+01, 4.3007e+00
6.9166e+01, 3.9150e+00
6.9225e+01, 3.6025e+00
6.9360e+01, 3.0344e+00
6.9427e+01, 2.7585e+00
6.9495e+01, 2.4750e+00
6.9581e+01, 2.1214e+00
6.9667e+01, 1.8118e+00
6.9710e+01, 1.6805e+00
6.9753e+01, 1.5657e+00
6.9796e+01, 1.4665e+00
6.9839e+01, 1.3816e+00
6.9926e+01, 1.2477e+00
7.0012e+01, 1.1513e+00
7.0098e+01, 1.0826e+00
7.0184e+01, 1.0349e+00
7.0303e+01, 9.9534e-01
7.0422e+01, 9.8000e-01
7.0581e+01, 9.8979e-01
7.0720e+01, 1.0239e+00
7.0858e+01, 1.0827e+00
7.0997e+01, 1.1693e+00
7.1136e+01, 1.2899e+00
7.1275e+01, 1.4566e+00
7.1344e+01, 1.5625e+00
7.1414e+01, 1.6872e+00
7.1483e+01, 1.8348e+00
7.1552e+01, 2.0106e+00
7.1622e+01, 2.2212e+00
7.1691e+01, 2.4755e+00
7.1756e+01, 2.7621e+00
7.1821e+01, 3.1090e+00
7.1885e+01, 3.5321e+00
7.1950e+01, 4.0503e+00
7.2015e+01, 4.6847e+00
7.2079e+01, 5.4535e+00
7.2144e+01, 6.3653e+00
7.2209e+01, 7.4065e+00
7.2281e+01, 8.6735e+00
7.2354e+01, 9.9184e+00
7.2427e+01, 1.0981e+01
7.2500e+01, 1.1733e+01
7.2542e+01, 1.2009e+01
7.2604e+01, 1.2259e+01
7.2666e+01, 1.2430e+01
7.2750e+01, 1.2839e+01
7.2791e+01, 1.3240e+01
7.2831e+01, 1.3800e+01
7.2871e+01, 1.4554e+01
7.2910e+01, 1.5508e+01
7.2950e+01, 1.6644e+01
7.3013e+01, 1.8685e+01
7.3075e+01, 2.0760e+01
7.3138e+01, 2.2495e+01
7.3200e+01, 2.3595e+01
7.3231e+01, 2.3880e+01
7.3325e+01, 2.4007e+01
7.3372e+01, 2.4005e+01
7.3419e+01, 2.4222e+01
7.3489e+01, 2.5177e+01
7.3559e+01, 2.6661e+01
7.3630e+01, 2.7810e+01
7.3665e+01, 2.7916e+01
7.3700e+01, 2.7571e+01
7.3748e+01, 2.6297e+01
7.3796e+01, 2.4184e+01
7.3847e+01, 2.1330e+01
7.3898e+01, 1.8215e+01
7.3948e+01, 1.5193e+01
7.3999e+01, 1.2507e+01
7.4024e+01, 1.1326e+01
7.4049e+01, 1.0261e+01
7.4075e+01, 9.3075e+00
7.4100e+01, 8.4597e+00
7.4125e+01, 7.7089e+00
7.4151e+01, 7.0462e+00
7.4176e+01, 6.4616e+00
7.4201e+01, 5.9457e+00
7.4240e+01, 5.2714e+00
7.4279e+01, 4.7098e+00
7.4317e+01, 4.2382e+00
7.4356e+01, 3.8391e+00
7.4394e+01, 3.4985e+00
7.4433e+01, 3.2054e+00
7.4472e+01, 2.9511e+00
7.4510e+01, 2.7288e+00
7.4588e+01, 2.3599e+00
7.4665e+01, 2.0675e+00
7.4742e+01, 1.8313e+00
7.4819e+01, 1.6375e+00
7.4896e+01, 1.4763e+00
7.4974e+01, 1.3406e+00
7.5051e+01, 1.2252e+00
7.5128e+01, 1.1262e+00
7.5205e+01, 1.0407e+00
7.5283e+01, 9.6632e-01
7.5437e+01, 8.4328e-01
7.5591e+01, 7.4594e-01
7.5746e+01, 6.6791e-01
7.5900e+01, 6.0460e-01
7.6055e+01, 5.5265e-01
7.6209e+01, 5.0965e-01
7.6364e+01, 4.7385e-01
7.6518e+01, 4.4399e-01
7.6673e+01, 4.1933e-01
7.6982e+01, 3.8158e-01
7.7290e+01, 3.5634e-01
7.7522e+01, 3.4469e-01
7.7754e+01, 3.3888e-01
7.7951e+01, 3.3948e-01
7.8149e+01, 3.4573e-01
7.8346e+01, 3.5895e-01
7.8445e+01, 3.6879e-01
7.8544e+01, 3.8122e-01
7.8643e+01, 3.9660e-01
7.8741e+01, 4.1524e-01
7.8840e+01, 4.3735e-01
7.8939e+01, 4.6279e-01
7.9136e+01, 5.2037e-01
7.9334e+01, 5.7412e-01
7.9417e+01, 5.9019e-01
7.9500e+01, 6.0014e-01
7.9583e+01, 6.0353e-01
7.9666e+01, 6.0108e-01
7.9916e+01, 5.7661e-01
8.0040e+01, 5.6674e-01
8.0165e+01, 5.6547e-01
8.0262e+01, 5.7257e-01
8.0360e+01, 5.8791e-01
8.0457e+01, 6.1250e-01
8.0554e+01, 6.4735e-01
8.0652e+01, 6.9319e-01
8.0749e+01, 7.4980e-01
8.0944e+01, 8.8436e-01
8.1072e+01, 9.6840e-01
8.1200e+01, 1.0264e+00
8.1263e+01, 1.0422e+00
8.1325e+01, 1.0507e+00
8.1575e+01, 1.0642e+00
8.1700e+01, 1.0986e+00
8.1791e+01, 1.1456e+00
8.1883e+01, 1.2087e+00
8.2066e+01, 1.3640e+00
8.2157e+01, 1.4556e+00
8.2248e+01, 1.5655e+00
8.2340e+01, 1.7023e+00
8.2431e+01, 1.8697e+00
8.2561e+01, 2.1506e+00
8.2691e+01, 2.4439e+00
8.2820e+01, 2.6838e+00
8.2885e+01, 2.7614e+00
8.2950e+01, 2.8024e+00
8.3024e+01, 2.8023e+00
8.3098e+01, 2.7565e+00
8.3246e+01, 2.5748e+00
8.3440e+01, 2.3155e+00
8.3536e+01, 2.2356e+00
8.3633e+01, 2.2130e+00
8.3723e+01, 2.2549e+00
8.3813e+01, 2.3697e+00
8.3874e+01, 2.4986e+00
8.3936e+01, 2.6768e+00
8.3997e+01, 2.9135e+00
8.4058e+01, 3.2191e+00
8.4120e+01, 3.6042e+00
8.4181e+01, 4.0763e+00
8.4243e+01, 4.6356e+00
8.4304e+01, 5.2681e+00
8.4378e+01, 6.0770e+00
8.4452e+01, 6.8436e+00
8.4526e+01, 7.4446e+00
8.4600e+01, 7.7767e+00
8.4629e+01, 7.8230e+00
8.4658e+01, 7.8229e+00
8.4715e+01, 7.7048e+00
8.4772e+01, 7.4716e+00
8.4885e+01, 6.8814e+00
8.5010e+01, 6.3383e+00
8.5135e+01, 5.9029e+00
8.5200e+01, 5.6362e+00
8.5269e+01, 5.2906e+00
8.5338e+01, 4.8795e+00
8.5475e+01, 3.9783e+00
8.5571e+01, 3.4190e+00
8.5618e+01, 3.1859e+00
8.5666e+01, 2.9900e+00
8.5713e+01, 2.8334e+00
8.5761e+01, 2.7173e+00
8.5809e+01, 2.6427e+00
8.5856e+01, 2.6108e+00
8.5911e+01, 2.6291e+00
8.5965e+01, 2.7091e+00
8.6026e+01, 2.8768e+00
8.6087e+01, 3.1250e+00
8.6148e+01, 3.4391e+00
8.6209e+01, 3.7856e+00
8.6257e+01, 4.0446e+00
8.6305e+01, 4.2605e+00
8.6352e+01, 4.4041e+00
8.6400e+01, 4.4546e+00
8.6449e+01, 4.4020e+00
8.6498e+01, 4.2527e+00
8.6546e+01, 4.0291e+00
8.6595e+01, 3.7618e+00
8.6689e+01, 3.2293e+00
8.6737e+01, 2.9944e+00
8.6784e+01, 2.7922e+00
8.6849e+01, 2.5665e+00
8.6914e+01, 2.3878e+00
8.7000e+01, 2.1912e+00
8.7101e+01, 1.9821e+00
8.7267e+01, 1.6564e+00
8.7350e+01, 1.5149e+00
8.7432e+01, 1.3985e+00
8.7515e+01, 1.3112e+00
8.7598e+01, 1.2536e+00
8.7681e+01, 1.2246e+00
8.7763e+01, 1.2232e+00
8.7838e+01, 1.2450e+00
8.7913e+01, 1.2889e+00
8.7988e+01, 1.3554e+00
8.8062e+01, 1.4445e+00
8.8137e+01, 1.5553e+00
8.8212e+01, 1.6841e+00
8.8361e+01, 1.9626e+00
8.8481e+01, 2.1446e+00
8.8540e+01, 2.1990e+00
8.8600e+01, 2.2205e+00
8.8660e+01, 2.2070e+00
8.8719e+01, 2.1609e+00
8.8839e+01, 1.9970e+00
8.9051e+01, 1.6531e+00
8.9156e+01, 1.5297e+00
8.9209e+01, 1.4886e+00
8.9262e+01, 1.4630e+00
8.9324e+01, 1.4540e+00
8.9414e+01, 1.4844e+00
8.9504e+01, 1.5687e+00
8.9594e+01, 1.7001e+00
8.9685e+01, 1.8551e+00
8.9800e+01, 2.0340e+00
8.9868e+01, 2.1133e+00
8.9935e+01, 2.1785e+00
9.0123e+01, 2.3780e+00
9.0262e+01, 2.5600e+00
9.0331e+01, 2.6325e+00
9.0400e+01, 2.6756e+00
9.0458e+01, 2.6853e+00
9.0545e+01, 2.6593e+00
9.0632e+01, 2.6055e+00
9.0720e+01, 2.5565e+00
9.0807e+01, 2.5458e+00
9.0865e+01, 2.5747e+00
9.0918e+01, 2.6337e+00
9.0971e+01, 2.7282e+00
9.1025e+01, 2.8611e+00
9.1078e+01, 3.0329e+00
9.1184e+01, 3.4785e+00
9.1290e+01, 3.9889e+00
9.1390e+01, 4.4053e+00
9.1490e+01, 4.6641e+00
9.1689e+01, 4.8245e+00
9.1772e+01, 4.9336e+00
9.1855e+01, 5.1527e+00
9.1938e+01, 5.4859e+00
9.2021e+01, 5.8946e+00
9.2104e+01, 6.3106e+00
9.2187e+01, 6.6558e+00
9.2270e+01, 6.8685e+00
9.2353e+01, 6.9268e+00
9.2431e+01, 6.8640e+00
9.2509e+01, 6.7394e+00
9.2665e+01, 6.5333e+00
9.2783e+01, 6.5338e+00
9.2900e+01, 6.5977e+00
9.2985e+01, 6.5772e+00
9.3065e+01, 6.4346e+00
9.3145e+01, 6.1417e+00
9.3225e+01, 5.7071e+00
9.3305e+01, 5.1720e+00
9.3397e+01, 4.4980e+00
9.3490e+01, 3.8413e+00
9.3583e+01, 3.2530e+00
9.3675e+01, 2.7540e+00
9.3768e+01, 2.3442e+00
9.3861e+01, 2.0125e+00
9.3953e+01, 1.7446e+00
9.4046e+01, 1.5271e+00
9.4128e+01, 1.3675e+00
9.4211e+01, 1.2335e+00
9.4293e+01, 1.1202e+00
9.4376e+01, 1.0240e+00
9.4458e+01, 9.4172e-01
9.4540e+01, 8.7102e-01
9.4623e+01, 8.0998e-01
9.4705e+01, 7.5711e-01
9.4870e+01, 6.7138e-01
9.5035e+01, 6.0672e-01
9.5200e+01, 5.5783e-01
9.5364e+01, 5.2194e-01
9.5567e+01, 4.9377e-01
9.5770e+01, 4.8270e-01
9.5871e+01, 4.8438e-01
9.5979e+01, 4.9274e-01
9.6087e+01, 5.0941e-01
9.6195e+01, 5.3682e-01
9.6302e+01, 5.7880e-01
9.6356e+01, 6.0701e-01
9.6410e+01, 6.4131e-01
9.6464e+01, 6.8295e-01
9.6518e+01, 7.3337e-01
9.6572e+01, 7.9413e-01
9.6626e+01, 8.6669e-01
9.6679e+01, 9.5210e-01
9.6733e+01, 1.0504e+00
9.6868e+01, 1.3370e+00
9.6931e+01, 1.4716e+00
9.6994e+01, 1.5864e+00
9.7057e+01, 1.6652e+00
9.7120e+01, 1.6957e+00
9.7183e+01, 1.6732e+00
9.7246e+01, 1.6026e+00
9.7309e+01, 1.4966e+00
9.7372e+01, 1.3715e+00
9.7448e+01, 1.2180e+00
9.7523e+01, 1.0793e+00
9.7599e+01, 9.6545e-01
9.7675e+01, 8.7857e-01
9.7751e+01, 8.1646e-01
9.7826e+01, 7.7554e-01
9.7902e+01, 7.5251e-01
9.7978e+01, 7.4500e-01
9.8065e+01, 7.5387e-01
9.8151e+01, 7.8136e-01
9.8238e+01, 8.2956e-01
9.8325e+01, 9.0383e-01
9.8369e+01, 9.5385e-01
9.8412e+01, 1.0151e+00
9.8456e+01, 1.0905e+00
9.8499e+01, 1.1839e+00
9.8543e+01, 1.3001e+00
9.8586e+01, 1.4447e+00
9.8630e+01, 1.6235e+00
9.8673e+01, 1.8414e+00
9.8717e+01, 2.1005e+00
9.8760e+01, 2.3974e+00
9.8847e+01, 3.0552e+00
9.8888e+01, 3.3533e+00
9.8928e+01, 3.6132e+00
9.8969e+01, 3.8134e+00
9.9010e+01, 3.9390e+00
9.9030e+01, 3.9719e+00
9.9066e+01, 3.9831e+00
9.9102e+01, 3.9426e+00
9.9173e+01, 3.7614e+00
9.9226e+01, 3.6042e+00
9.9279e+01, 3.4799e+00
9.9331e+01, 3.4182e+00
9.9384e+01, 3.4306e+00
9.9445e+01, 3.5324e+00
9.9505e+01, 3.7090e+00
9.9627e+01, 4.1864e+00
9.9688e+01, 4.4474e+00
9.9749e+01, 4.7193e+00
9.9809e+01, 5.0232e+00
9.9840e+01, 5.1970e+00
9.9870e+01, 5.3899e+00
9.9902e+01, 5.6189e+00
9.9935e+01, 5.8697e+00
1.0000e+02, 6.4115e+00
1.0000e+02, 7.9387e+00
1.0625e+02, 7.6915e+00
1.1250e+02, 7.4656e+00
1.2500e+02, 7.0663e+00
1.3750e+02, 6.7236e+00
1.5000e+02, 6.4252e+00
1.6000e+02, 6.2125e+00
1.7000e+02, 6.0191e+00
1.8500e+02, 5.7594e+00
2.0000e+02, 5.5299e+00
2.2500e+02, 5.1974e+00
2.5000e+02, 4.9170e+00
3.0000e+02, 4.4671e+00
3.5000e+02, 4.1174e+00
4.0000e+02, 3.8367e+00
4.5000e+02, 3.6050e+00
5.0000e+02, 3.4096e+00
6.0000e+02, 3.0957e+00
7.0000e+02, 2.8530e+00
7.2000e+02, 2.8108e+00
8.0000e+02, 2.6586e+00
9.0000e+02, 2.4981e+00
1.0000e+03, 2.3628e+00
1.2500e+03, 2.1037e+00
1.5000e+03, 1.9132e+00
1.7000e+03, 1.7926e+00
1.8500e+03, 1.7154e+00
2.0000e+03, 1.6472e+00
2.5000e+03, 1.4729e+00
3.0000e+03, 1.3443e+00
3.5000e+03, 1.2504e+00
4.0000e+03, 1.1743e+00
5.0000e+03, 1.0574e+00
6.0000e+03, 9.7809e-01
7.0000e+03, 9.1570e-01
7.2000e+03, 9.0587e-01
8.0000e+03, 8.7001e-01
1.0000e+04, 7.9870e-01
1.2500e+04, 7.4519e-01
1.5000e+04, 7.0414e-01
1.7000e+04, 6.7728e-01
2.0000e+04, 6.4392e-01
2.5000e+04, 6.0826e-01
3.0000e+04, 5.8059e-01
3.5000e+04, 5.5890e-01
4.0000e+04, 5.4076e-01
4.5000e+04, 5.2525e-01
4.5000e+04, 5.2525e-01
5.0000e+04, 5.1175e-01
5.5036e+04, 5.0025e-01
6.0000e+04, 4.8364e-01
7.0000e+04, 4.5535e-01
8.0000e+04, 4.3145e-01
1.0000e+05, 3.9429e-01
1.1197e+05, 3.7714e-01
1.1197e+05, 3.7714e-01
1.2210e+05, 3.6450e-01
1.2210e+05, 3.6449e-01
1.3000e+05, 3.5362e-01
1.5000e+05, 3.2920e-01
1.7000e+05, 3.0922e-01
1.9821e+05, 2.8574e-01
1.9821e+05, 2.8573e-01
2.0000e+05, 2.8428e-01
2.5384e+05, 2.5477e-01
2.5384e+05, 2.5476e-01
2.9694e+05, 2.3183e-01
2.9694e+05, 2.3183e-01
3.0000e+05, 2.2945e-01
3.5208e+05, 2.0762e-01
3.5208e+05, 2.0762e-01
3.5736e+05, 2.0499e-01
3.6289e+05, 2.0252e-01
3.6289e+05, 2.0252e-01
3.6289e+05, 2.0252e-01
3.8978e+05, 1.9152e-01
4.0000e+05, 1.8680e-01
4.1832e+05, 1.7984e-01
4.2042e+05, 1.7889e-01
4.2042e+05, 1.7889e-01
4.3277e+05, 1.7361e-01
4.3277e+05, 1.7361e-01
4.4466e+05, 1.6834e-01
5.0000e+05, 1.4870e-01
5.0005e+05, 1.4869e-01
5.1110e+05, 1.4578e-01
5.1110e+05, 1.4578e-01
5.3419e+05, 1.4018e-01
5.4724e+05, 1.3694e-01
5.4724e+05, 1.3694e-01
5.5728e+05, 1.3433e-01
5.5728e+05, 1.3433e-01
5.6030e+05, 1.3351e-01
5.9042e+05, 1.2641e-01
5.9042e+05, 1.2641e-01
6.0000e+05, 1.2438e-01
6.5000e+05, 1.1453e-01
7.0000e+05, 1.0610e-01
8.0000e+05, 9.2859e-02
9.0000e+05, 8.1668e-02
1.0000e+06, 7.2146e-02
1.1000e+06, 6.4353e-02
1.2000e+06, 5.7975e-02
1.3000e+06, 5.2669e-02
1.3750e+06, 4.8368e-02
1.4500e+06, 4.4619e-02
1.6000e+06, 3.8423e-02
1.7000e+06, 3.4202e-02
1.8000e+06, 3.0648e-02
1.9000e+06, 2.7081e-02
2.0000e+06, 2.4081e-02
2.0750e+06, 2.1755e-02
2.1500e+06, 1.9724e-02
2.2250e+06, 1.7943e-02
2.3000e+06, 1.6374e-02
2.4000e+06, 1.4275e-02
2.5000e+06, 1.2515e-02
2.6000e+06, 1.0887e-02
2.7000e+06, 9.5202e-03
2.7750e+06, 8.5053e-03
2.8500e+06, 7.6216e-03
2.9250e+06, 6.8491e-03
3.0000e+06, 6.1716e-03
3.1250e+06, 5.1775e-03
3.2500e+06, 4.3736e-03
3.3750e+06, 3.7181e-03
3.5000e+06, 3.1796e-03
3.6250e+06, 2.7143e-03
3.7500e+06, 2.3296e-03
3.8750e+06, 2.0094e-03
4.0000e+06, 1.7414e-03
4.1250e+06, 1.5356e-03
4.2500e+06, 1.3592e-03
4.3750e+06, 1.2074e-03
4.5000e+06, 1.0761e-03
4.7500e+06, 9.1414e-04
5.0000e+06, 7.8312e-04
5.2500e+06, 7.2641e-04
5.5000e+06, 6.7617e-04
5.5430e+06, 6.7802e-04
5.5430e+06, 6.7802e-04
5.6250e+06, 6.8154e-04
5.7500e+06, 6.8683e-04
6.0000e+06, 6.9719e-04
6.2500e+06, 7.2058e-04
6.5000e+06, 7.4380e-04
6.5625e+06, 7.5562e-04
6.6250e+06, 7.6751e-04
6.7500e+06, 7.9151e-04
7.0000e+06, 8.4039e-04
7.1250e+06, 8.6699e-04
7.2500e+06, 8.9396e-04
7.5000e+06, 9.4895e-04
7.7500e+06, 1.0318e-03
8.0000e+06, 1.1188e-03
8.5000e+06, 1.2760e-03
9.0000e+06, 1.3978e-03
9.5000e+06, 1.4707e-03
1.0000e+07, 1.5434e-03
1.0500e+07, 1.5172e-03
1.1000e+07, 1.4974e-03
1.1500e+07, 1.4503e-03
1.2000e+07, 1.3841e-03
1.2372e+07, 1.3206e-03
1.2372e+07, 1.3206e-03
1.2500e+07, 1.3000e-03
1.3000e+07, 1.1965e-03
1.3500e+07, 1.0798e-03
1.4000e+07, 9.5881e-04
1.4500e+07, 8.4441e-04
1.5000e+07, 7.7048e-04
1.5500e+07, 6.8278e-04
1.6000e+07, 6.3436e-04
1.6500e+07, 5.6958e-04
1.7000e+07, 5.1358e-04
1.7500e+07, 4.8992e-04
1.8000e+07, 4.7065e-04
1.8089e+07, 4.6316e-04
1.8089e+07, 4.6315e-04
1.8500e+07, 4.3033e-04
1.9000e+07, 4.0548e-04
1.9500e+07, 3.8266e-04
2.0000e+07, 3.7421e-04
