ebin, xs
1.0000e-05, 1.6379e+03
1.0625e-05, 1.5890e+03
1.1250e-05, 1.5443e+03
1.1875e-05, 1.5031e+03
1.2500e-05, 1.4650e+03
1.3750e-05, 1.3968e+03
1.5000e-05, 1.3374e+03
1.6250e-05, 1.2849e+03
1.7500e-05, 1.2382e+03
1.8750e-05, 1.1962e+03
2.0000e-05, 1.1582e+03
2.1875e-05, 1.1075e+03
2.3750e-05, 1.0628e+03
2.5625e-05, 1.0232e+03
2.7500e-05, 9.8772e+02
2.9375e-05, 9.5568e+02
3.1250e-05, 9.2657e+02
3.3125e-05, 8.9997e+02
3.5000e-05, 8.7553e+02
3.8750e-05, 8.3209e+02
4.2500e-05, 7.9453e+02
4.6250e-05, 7.6164e+02
5.0000e-05, 7.3253e+02
5.3125e-05, 7.1066e+02
5.6250e-05, 6.9064e+02
5.9375e-05, 6.7222e+02
6.2500e-05, 6.5520e+02
6.8750e-05, 6.2471e+02
7.5000e-05, 5.9811e+02
8.1250e-05, 5.7465e+02
8.7500e-05, 5.5375e+02
9.3750e-05, 5.3498e+02
1.0000e-04, 5.1799e+02
1.0625e-04, 5.0253e+02
1.1250e-04, 4.8837e+02
1.1875e-04, 4.7535e+02
1.2500e-04, 4.6331e+02
1.3750e-04, 4.4175e+02
1.5000e-04, 4.2295e+02
1.6250e-04, 4.0636e+02
1.7500e-04, 3.9158e+02
1.8750e-04, 3.7831e+02
2.0000e-04, 3.6630e+02
2.1875e-04, 3.5025e+02
2.3750e-04, 3.3614e+02
2.5625e-04, 3.2362e+02
2.7500e-04, 3.1239e+02
2.9375e-04, 3.0226e+02
3.1250e-04, 2.9306e+02
3.3125e-04, 2.8464e+02
3.5000e-04, 2.7692e+02
3.8750e-04, 2.6318e+02
4.2500e-04, 2.5131e+02
4.6250e-04, 2.4091e+02
5.0000e-04, 2.3171e+02
5.3125e-04, 2.2479e+02
5.6250e-04, 2.1846e+02
5.9375e-04, 2.1264e+02
6.2500e-04, 2.0726e+02
6.8750e-04, 1.9762e+02
7.5000e-04, 1.8922e+02
8.1250e-04, 1.8180e+02
8.7500e-04, 1.7519e+02
9.3750e-04, 1.6926e+02
1.0000e-03, 1.6389e+02
1.0625e-03, 1.5900e+02
1.1250e-03, 1.5453e+02
1.1875e-03, 1.5041e+02
1.2500e-03, 1.4661e+02
1.3750e-03, 1.3980e+02
1.5000e-03, 1.3386e+02
1.6250e-03, 1.2862e+02
1.7500e-03, 1.2395e+02
1.8750e-03, 1.1975e+02
2.0000e-03, 1.1596e+02
2.1875e-03, 1.1089e+02
2.3750e-03, 1.0644e+02
2.5625e-03, 1.0248e+02
2.7500e-03, 9.8936e+01
2.9375e-03, 9.5737e+01
3.1250e-03, 9.2832e+01
3.3125e-03, 9.0176e+01
3.5000e-03, 8.7738e+01
3.8750e-03, 8.3403e+01
4.2500e-03, 7.9657e+01
4.6250e-03, 7.6376e+01
5.0000e-03, 7.3472e+01
5.3125e-03, 7.1292e+01
5.6250e-03, 6.9296e+01
5.9375e-03, 6.7461e+01
6.2500e-03, 6.5765e+01
6.8750e-03, 6.2728e+01
7.5000e-03, 6.0080e+01
8.1250e-03, 5.7744e+01
8.7500e-03, 5.5663e+01
9.3750e-03, 5.3795e+01
1.0000e-02, 5.2106e+01
1.0625e-02, 5.0570e+01
1.1250e-02, 4.9164e+01
1.1875e-02, 4.7872e+01
1.2500e-02, 4.6679e+01
1.3750e-02, 4.4542e+01
1.5000e-02, 4.2678e+01
1.6250e-02, 4.1034e+01
1.7500e-02, 3.9570e+01
1.8750e-02, 3.8256e+01
2.0000e-02, 3.7068e+01
2.1325e-02, 3.5926e+01
2.2650e-02, 3.4887e+01
2.3975e-02, 3.3937e+01
2.5300e-02, 3.3065e+01
2.6844e-02, 3.2132e+01
2.8387e-02, 3.1278e+01
3.1475e-02, 2.9763e+01
3.4563e-02, 2.8456e+01
3.7650e-02, 2.7314e+01
4.0738e-02, 2.6307e+01
4.3825e-02, 2.5411e+01
4.6913e-02, 2.4606e+01
5.0000e-02, 2.3880e+01
5.3125e-02, 2.3213e+01
5.6250e-02, 2.2605e+01
6.2500e-02, 2.1532e+01
6.8750e-02, 2.0608e+01
7.5000e-02, 1.9807e+01
8.1250e-02, 1.9104e+01
8.7500e-02, 1.8480e+01
9.3750e-02, 1.7924e+01
1.0000e-01, 1.7423e+01
1.0625e-01, 1.6971e+01
1.1250e-01, 1.6561e+01
1.2500e-01, 1.5841e+01
1.3750e-01, 1.5225e+01
1.5000e-01, 1.4695e+01
1.6250e-01, 1.4233e+01
1.7500e-01, 1.3829e+01
1.8750e-01, 1.3471e+01
2.0000e-01, 1.3154e+01
2.1875e-01, 1.2739e+01
2.3750e-01, 1.2383e+01
2.5625e-01, 1.2076e+01
2.7500e-01, 1.1811e+01
2.9375e-01, 1.1580e+01
3.1250e-01, 1.1381e+01
3.5000e-01, 1.1053e+01
3.8750e-01, 1.0801e+01
4.2500e-01, 1.0612e+01
5.0000e-01, 1.0383e+01
5.6250e-01, 1.0310e+01
6.2500e-01, 1.0325e+01
7.5000e-01, 1.0585e+01
8.7500e-01, 1.1146e+01
1.0000e+00, 1.2040e+01
1.1250e+00, 1.3342e+01
1.1875e+00, 1.4198e+01
1.2500e+00, 1.5244e+01
1.3125e+00, 1.6520e+01
1.3750e+00, 1.8095e+01
1.4375e+00, 2.0069e+01
1.5000e+00, 2.2589e+01
1.5625e+00, 2.5844e+01
1.5938e+00, 2.7853e+01
1.6250e+00, 3.0227e+01
1.6562e+00, 3.3036e+01
1.6875e+00, 3.6394e+01
1.7188e+00, 4.0463e+01
1.7500e+00, 4.5467e+01
1.7754e+00, 5.0432e+01
1.8008e+00, 5.6438e+01
1.8262e+00, 6.3826e+01
1.8516e+00, 7.3136e+01
1.8770e+00, 8.5110e+01
1.8896e+00, 9.2423e+01
1.9023e+00, 1.0086e+02
1.9150e+00, 1.1069e+02
1.9277e+00, 1.2221e+02
1.9404e+00, 1.3585e+02
1.9531e+00, 1.5215e+02
1.9648e+00, 1.7021e+02
1.9766e+00, 1.9198e+02
1.9883e+00, 2.1858e+02
2.0000e+00, 2.5156e+02
2.0084e+00, 2.8049e+02
2.0169e+00, 3.1494e+02
2.0253e+00, 3.5633e+02
2.0338e+00, 4.0645e+02
2.0422e+00, 4.6760e+02
2.0507e+00, 5.4257e+02
2.0549e+00, 5.8625e+02
2.0591e+00, 6.3462e+02
2.0633e+00, 6.8817e+02
2.0676e+00, 7.4728e+02
2.0726e+00, 8.2613e+02
2.0777e+00, 9.1406e+02
2.0828e+00, 1.0113e+03
2.0878e+00, 1.1178e+03
2.0929e+00, 1.2330e+03
2.0980e+00, 1.3555e+03
2.1030e+00, 1.4836e+03
2.1081e+00, 1.6148e+03
2.1127e+00, 1.7332e+03
2.1173e+00, 1.8485e+03
2.1264e+00, 2.0572e+03
2.1356e+00, 2.2149e+03
2.1448e+00, 2.2996e+03
2.1500e+00, 2.3098e+03
2.1552e+00, 2.2912e+03
2.1605e+00, 2.2449e+03
2.1657e+00, 2.1732e+03
2.1709e+00, 2.0796e+03
2.1802e+00, 1.8736e+03
2.1895e+00, 1.6390e+03
2.1988e+00, 1.4008e+03
2.2081e+00, 1.1775e+03
2.2174e+00, 9.8042e+02
2.2267e+00, 8.1385e+02
2.2360e+00, 6.7724e+02
2.2453e+00, 5.6723e+02
2.2515e+00, 5.0650e+02
2.2577e+00, 4.5431e+02
2.2639e+00, 4.0942e+02
2.2700e+00, 3.7075e+02
2.2762e+00, 3.3730e+02
2.2824e+00, 3.0829e+02
2.2886e+00, 2.8301e+02
2.2948e+00, 2.6089e+02
2.3072e+00, 2.2430e+02
2.3196e+00, 1.9558e+02
2.3320e+00, 1.7268e+02
2.3444e+00, 1.5417e+02
2.3577e+00, 1.3798e+02
2.3711e+00, 1.2479e+02
2.3844e+00, 1.1396e+02
2.3978e+00, 1.0499e+02
2.4111e+00, 9.7528e+01
2.4244e+00, 9.1297e+01
2.4511e+00, 8.1718e+01
2.4778e+00, 7.5029e+01
2.5045e+00, 7.0429e+01
2.5312e+00, 6.7430e+01
2.5579e+00, 6.5745e+01
2.5884e+00, 6.5190e+01
2.6265e+00, 6.6326e+01
2.6646e+00, 6.9409e+01
2.7027e+00, 7.4550e+01
2.7408e+00, 8.2076e+01
2.7790e+00, 9.2588e+01
2.7980e+00, 9.9251e+01
2.8171e+00, 1.0706e+02
2.8361e+00, 1.1623e+02
2.8552e+00, 1.2705e+02
2.8743e+00, 1.3989e+02
2.8933e+00, 1.5530e+02
2.9105e+00, 1.7192e+02
2.9276e+00, 1.9182e+02
2.9448e+00, 2.1587e+02
2.9619e+00, 2.4527e+02
2.9791e+00, 2.8168e+02
2.9877e+00, 3.0323e+02
2.9963e+00, 3.2752e+02
3.0048e+00, 3.5504e+02
3.0134e+00, 3.8639e+02
3.0177e+00, 4.0373e+02
3.0220e+00, 4.2232e+02
3.0263e+00, 4.4230e+02
3.0306e+00, 4.6378e+02
3.0344e+00, 4.8428e+02
3.0382e+00, 5.0622e+02
3.0434e+00, 5.3900e+02
3.0487e+00, 5.7518e+02
3.0539e+00, 6.1521e+02
3.0592e+00, 6.5966e+02
3.0644e+00, 7.0915e+02
3.0670e+00, 7.3602e+02
3.0696e+00, 7.6443e+02
3.0723e+00, 7.9450e+02
3.0749e+00, 8.2634e+02
3.0775e+00, 8.6008e+02
3.0801e+00, 8.9584e+02
3.0827e+00, 9.3380e+02
3.0854e+00, 9.7408e+02
3.0880e+00, 1.0168e+03
3.0906e+00, 1.0623e+03
3.0958e+00, 1.1618e+03
3.1011e+00, 1.2741e+03
3.1063e+00, 1.4009e+03
3.1116e+00, 1.5435e+03
3.1168e+00, 1.7037e+03
3.1221e+00, 1.8827e+03
3.1273e+00, 2.0816e+03
3.1325e+00, 2.3009e+03
3.1378e+00, 2.5406e+03
3.1430e+00, 2.7996e+03
3.1483e+00, 3.0761e+03
3.1535e+00, 3.3668e+03
3.1640e+00, 3.9724e+03
3.1755e+00, 4.6220e+03
3.1870e+00, 5.1736e+03
3.1927e+00, 5.3851e+03
3.1985e+00, 5.5409e+03
3.2042e+00, 5.6339e+03
3.2100e+00, 5.6597e+03
3.2205e+00, 5.5311e+03
3.2296e+00, 5.2529e+03
3.2387e+00, 4.8518e+03
3.2478e+00, 4.3689e+03
3.2569e+00, 3.8473e+03
3.2750e+00, 2.8353e+03
3.2841e+00, 2.3941e+03
3.2932e+00, 2.0117e+03
3.2983e+00, 1.8225e+03
3.3034e+00, 1.6519e+03
3.3085e+00, 1.4988e+03
3.3136e+00, 1.3620e+03
3.3188e+00, 1.2401e+03
3.3239e+00, 1.1316e+03
3.3290e+00, 1.0352e+03
3.3341e+00, 9.4953e+02
3.3444e+00, 8.0534e+02
3.3546e+00, 6.9041e+02
3.3649e+00, 5.9793e+02
3.3751e+00, 5.2267e+02
3.3845e+00, 4.6545e+02
3.3939e+00, 4.1714e+02
3.4033e+00, 3.7598e+02
3.4126e+00, 3.4064e+02
3.4220e+00, 3.1006e+02
3.4314e+00, 2.8344e+02
3.4408e+00, 2.6011e+02
3.4502e+00, 2.3956e+02
3.4690e+00, 2.0518e+02
3.4877e+00, 1.7774e+02
3.5065e+00, 1.5550e+02
3.5253e+00, 1.3722e+02
3.5424e+00, 1.2329e+02
3.5594e+00, 1.1141e+02
3.5765e+00, 1.0118e+02
3.5936e+00, 9.2293e+01
3.6106e+00, 8.4526e+01
3.6277e+00, 7.7699e+01
3.6618e+00, 6.6322e+01
3.6960e+00, 5.7291e+01
3.7301e+00, 5.0004e+01
3.7643e+00, 4.4040e+01
3.7984e+00, 3.9101e+01
3.8325e+00, 3.4974e+01
3.8667e+00, 3.1494e+01
3.9008e+00, 2.8514e+01
3.9349e+00, 2.5933e+01
3.9691e+00, 2.3692e+01
4.0032e+00, 2.1737e+01
4.0373e+00, 2.0023e+01
4.0715e+00, 1.8510e+01
4.1398e+00, 1.5976e+01
4.2080e+00, 1.3950e+01
4.2763e+00, 1.2306e+01
4.3446e+00, 1.0953e+01
4.4265e+00, 9.6292e+00
4.5084e+00, 8.5663e+00
4.5904e+00, 7.6715e+00
4.6723e+00, 6.9267e+00
4.7542e+00, 6.3020e+00
4.8361e+00, 5.7721e+00
4.9181e+00, 5.3188e+00
5.0000e+00, 4.9308e+00
5.1134e+00, 4.4791e+00
5.2268e+00, 4.1056e+00
5.3403e+00, 3.7955e+00
5.4537e+00, 3.5365e+00
5.5671e+00, 3.3195e+00
5.6805e+00, 3.1375e+00
5.9074e+00, 2.8583e+00
6.1342e+00, 2.6753e+00
6.3610e+00, 2.5532e+00
6.5879e+00, 2.4928e+00
6.8147e+00, 2.4920e+00
6.9848e+00, 2.5361e+00
7.1550e+00, 2.6098e+00
7.3251e+00, 2.7390e+00
7.4952e+00, 2.9324e+00
7.6654e+00, 3.2144e+00
7.7504e+00, 3.4008e+00
7.8355e+00, 3.6271e+00
7.9205e+00, 3.9039e+00
8.0056e+00, 4.2379e+00
8.0907e+00, 4.6607e+00
8.1757e+00, 5.2002e+00
8.2405e+00, 5.7145e+00
8.3054e+00, 6.3480e+00
8.3702e+00, 7.1401e+00
8.4350e+00, 8.1461e+00
8.4998e+00, 9.4452e+00
8.5322e+00, 1.0245e+01
8.5646e+00, 1.1177e+01
8.5970e+00, 1.2273e+01
8.6294e+00, 1.3571e+01
8.6618e+00, 1.5123e+01
8.6942e+00, 1.7002e+01
8.7246e+00, 1.9147e+01
8.7550e+00, 2.1778e+01
8.7854e+00, 2.5056e+01
8.8157e+00, 2.9220e+01
8.8309e+00, 3.1744e+01
8.8461e+00, 3.4642e+01
8.8613e+00, 3.7995e+01
8.8765e+00, 4.1910e+01
8.8917e+00, 4.6521e+01
8.9069e+00, 5.2015e+01
8.9221e+00, 5.8641e+01
8.9373e+00, 6.6750e+01
8.9525e+00, 7.6840e+01
8.9676e+00, 8.9620e+01
8.9752e+00, 9.7322e+01
8.9828e+00, 1.0611e+02
8.9904e+00, 1.1618e+02
8.9980e+00, 1.2775e+02
9.0056e+00, 1.4109e+02
9.0132e+00, 1.5649e+02
9.0208e+00, 1.7430e+02
9.0284e+00, 1.9488e+02
9.0360e+00, 2.1861e+02
9.0436e+00, 2.4589e+02
9.0512e+00, 2.7712e+02
9.0588e+00, 3.1263e+02
9.0669e+00, 3.5557e+02
9.0750e+00, 4.0392e+02
9.0831e+00, 4.5771e+02
9.0912e+00, 5.1673e+02
9.0965e+00, 5.5807e+02
9.1018e+00, 6.0122e+02
9.1071e+00, 6.4590e+02
9.1125e+00, 6.9175e+02
9.1231e+00, 7.8526e+02
9.1337e+00, 8.7773e+02
9.1474e+00, 9.8741e+02
9.1611e+00, 1.0769e+03
9.1755e+00, 1.1389e+03
9.1900e+00, 1.1595e+03
9.2005e+00, 1.1466e+03
9.2111e+00, 1.1111e+03
9.2268e+00, 1.0216e+03
9.2426e+00, 9.0084e+02
9.2583e+00, 7.6468e+02
9.2741e+00, 6.2821e+02
9.2853e+00, 5.3715e+02
9.2966e+00, 4.5457e+02
9.3078e+00, 3.8195e+02
9.3191e+00, 3.1970e+02
9.3303e+00, 2.6746e+02
9.3416e+00, 2.2431e+02
9.3528e+00, 1.8910e+02
9.3641e+00, 1.6056e+02
9.3738e+00, 1.4030e+02
9.3836e+00, 1.2344e+02
9.3933e+00, 1.0938e+02
9.4031e+00, 9.7587e+01
9.4128e+00, 8.7643e+01
9.4226e+00, 7.9199e+01
9.4323e+00, 7.1977e+01
9.4421e+00, 6.5753e+01
9.4518e+00, 6.0350e+01
9.4616e+00, 5.5629e+01
9.4811e+00, 4.7800e+01
9.5006e+00, 4.1604e+01
9.5201e+00, 3.6605e+01
9.5381e+00, 3.2792e+01
9.5561e+00, 2.9579e+01
9.5741e+00, 2.6844e+01
9.5921e+00, 2.4496e+01
9.6101e+00, 2.2463e+01
9.6280e+00, 2.0692e+01
9.6640e+00, 1.7770e+01
9.7000e+00, 1.5477e+01
9.7360e+00, 1.3646e+01
9.7720e+00, 1.2159e+01
9.8080e+00, 1.0934e+01
9.8560e+00, 9.6070e+00
9.9040e+00, 8.5456e+00
9.9520e+00, 7.6851e+00
1.0000e+01, 6.9794e+00
1.0060e+01, 6.2612e+00
1.0121e+01, 5.6871e+00
1.0181e+01, 5.2183e+00
1.0242e+01, 4.8313e+00
1.0302e+01, 4.5104e+00
1.0363e+01, 4.2426e+00
1.0483e+01, 3.8283e+00
1.0604e+01, 3.5335e+00
1.0725e+01, 3.3261e+00
1.0846e+01, 3.1733e+00
1.0967e+01, 3.0676e+00
1.1128e+01, 2.9834e+00
1.1289e+01, 2.9501e+00
1.1511e+01, 2.9716e+00
1.1732e+01, 3.0600e+00
1.1954e+01, 3.2122e+00
1.2175e+01, 3.4323e+00
1.2397e+01, 3.7306e+00
1.2618e+01, 4.1269e+00
1.2840e+01, 4.6517e+00
1.2951e+01, 4.9769e+00
1.3061e+01, 5.3545e+00
1.3192e+01, 5.8850e+00
1.3323e+01, 6.5277e+00
1.3454e+01, 7.3078e+00
1.3585e+01, 8.2933e+00
1.3716e+01, 9.5492e+00
1.3781e+01, 1.0310e+01
1.3847e+01, 1.1182e+01
1.3912e+01, 1.2190e+01
1.3978e+01, 1.3363e+01
1.4043e+01, 1.4741e+01
1.4109e+01, 1.6372e+01
1.4169e+01, 1.8161e+01
1.4229e+01, 2.0286e+01
1.4290e+01, 2.2844e+01
1.4350e+01, 2.5978e+01
1.4411e+01, 2.9883e+01
1.4471e+01, 3.4822e+01
1.4501e+01, 3.7796e+01
1.4532e+01, 4.1193e+01
1.4562e+01, 4.5099e+01
1.4577e+01, 4.7279e+01
1.4592e+01, 4.9628e+01
1.4603e+01, 5.1516e+01
1.4615e+01, 5.3520e+01
1.4626e+01, 5.5650e+01
1.4637e+01, 5.7918e+01
1.4649e+01, 6.0337e+01
1.4660e+01, 6.2919e+01
1.4671e+01, 6.5681e+01
1.4683e+01, 6.8636e+01
1.4693e+01, 7.1447e+01
1.4700e+01, 7.3488e+01
1.4707e+01, 7.5620e+01
1.4713e+01, 7.7854e+01
1.4720e+01, 8.0192e+01
1.4727e+01, 8.2646e+01
1.4734e+01, 8.5216e+01
1.4741e+01, 8.7916e+01
1.4748e+01, 9.0753e+01
1.4756e+01, 9.4303e+01
1.4764e+01, 9.8073e+01
1.4773e+01, 1.0209e+02
1.4781e+01, 1.0637e+02
1.4789e+01, 1.1094e+02
1.4797e+01, 1.1584e+02
1.4805e+01, 1.2109e+02
1.4814e+01, 1.2672e+02
1.4820e+01, 1.3184e+02
1.4827e+01, 1.3728e+02
1.4834e+01, 1.4310e+02
1.4841e+01, 1.4932e+02
1.4848e+01, 1.5600e+02
1.4855e+01, 1.6316e+02
1.4862e+01, 1.7087e+02
1.4869e+01, 1.7919e+02
1.4876e+01, 1.8820e+02
1.4883e+01, 1.9796e+02
1.4890e+01, 2.0857e+02
1.4897e+01, 2.2013e+02
1.4904e+01, 2.3280e+02
1.4910e+01, 2.4668e+02
1.4917e+01, 2.6194e+02
1.4924e+01, 2.7877e+02
1.4931e+01, 2.9743e+02
1.4938e+01, 3.1809e+02
1.4945e+01, 3.4111e+02
1.4952e+01, 3.6674e+02
1.4959e+01, 3.9541e+02
1.4966e+01, 4.2744e+02
1.4973e+01, 4.6333e+02
1.4980e+01, 5.0355e+02
1.4987e+01, 5.4873e+02
1.4994e+01, 5.9929e+02
1.5000e+01, 6.5591e+02
1.5007e+01, 7.1922e+02
1.5014e+01, 7.8996e+02
1.5021e+01, 8.6856e+02
1.5028e+01, 9.5573e+02
1.5035e+01, 1.0520e+03
1.5043e+01, 1.1784e+03
1.5051e+01, 1.3187e+03
1.5060e+01, 1.4732e+03
1.5068e+01, 1.6420e+03
1.5076e+01, 1.8247e+03
1.5084e+01, 2.0198e+03
1.5101e+01, 2.4411e+03
1.5128e+01, 3.1934e+03
1.5142e+01, 3.5488e+03
1.5156e+01, 3.8607e+03
1.5167e+01, 4.0636e+03
1.5178e+01, 4.2151e+03
1.5189e+01, 4.3081e+03
1.5200e+01, 4.3378e+03
1.5206e+01, 4.3282e+03
1.5216e+01, 4.2700e+03
1.5225e+01, 4.1616e+03
1.5235e+01, 4.0072e+03
1.5245e+01, 3.8136e+03
1.5265e+01, 3.3384e+03
1.5285e+01, 2.8022e+03
1.5308e+01, 2.1963e+03
1.5319e+01, 1.9159e+03
1.5331e+01, 1.6586e+03
1.5342e+01, 1.4269e+03
1.5354e+01, 1.2227e+03
1.5365e+01, 1.0453e+03
1.5376e+01, 8.9346e+02
1.5387e+01, 7.7553e+02
1.5397e+01, 6.7503e+02
1.5407e+01, 5.8975e+02
1.5418e+01, 5.1765e+02
1.5428e+01, 4.5674e+02
1.5438e+01, 4.0538e+02
1.5448e+01, 3.6195e+02
1.5459e+01, 3.2511e+02
1.5469e+01, 2.9368e+02
1.5479e+01, 2.6678e+02
1.5490e+01, 2.4360e+02
1.5500e+01, 2.2350e+02
1.5510e+01, 2.0595e+02
1.5521e+01, 1.9053e+02
1.5541e+01, 1.6480e+02
1.5560e+01, 1.4613e+02
1.5579e+01, 1.3065e+02
1.5597e+01, 1.1765e+02
1.5616e+01, 1.0661e+02
1.5634e+01, 9.7143e+01
1.5653e+01, 8.8948e+01
1.5671e+01, 8.1804e+01
1.5690e+01, 7.5532e+01
1.5727e+01, 6.5080e+01
1.5764e+01, 5.6769e+01
1.5801e+01, 5.0053e+01
1.5839e+01, 4.4550e+01
1.5876e+01, 3.9987e+01
1.5913e+01, 3.6167e+01
1.5950e+01, 3.2939e+01
1.5987e+01, 3.0190e+01
1.6024e+01, 2.7828e+01
1.6062e+01, 2.5784e+01
1.6136e+01, 2.2455e+01
1.6210e+01, 1.9906e+01
1.6285e+01, 1.7941e+01
1.6359e+01, 1.6425e+01
1.6433e+01, 1.5270e+01
1.6499e+01, 1.4495e+01
1.6565e+01, 1.3934e+01
1.6631e+01, 1.3575e+01
1.6697e+01, 1.3422e+01
1.6751e+01, 1.3468e+01
1.6805e+01, 1.3691e+01
1.6858e+01, 1.4140e+01
1.6912e+01, 1.4900e+01
1.6966e+01, 1.6129e+01
1.6993e+01, 1.7006e+01
1.7019e+01, 1.8137e+01
1.7046e+01, 1.9623e+01
1.7073e+01, 2.1629e+01
1.7087e+01, 2.2907e+01
1.7100e+01, 2.4433e+01
1.7113e+01, 2.6273e+01
1.7127e+01, 2.8512e+01
1.7145e+01, 3.2489e+01
1.7155e+01, 3.4964e+01
1.7164e+01, 3.7842e+01
1.7173e+01, 4.1189e+01
1.7183e+01, 4.5082e+01
1.7192e+01, 4.9600e+01
1.7201e+01, 5.4830e+01
1.7210e+01, 6.0857e+01
1.7220e+01, 6.7765e+01
1.7229e+01, 7.5631e+01
1.7238e+01, 8.4515e+01
1.7248e+01, 9.4459e+01
1.7257e+01, 1.0548e+02
1.7275e+01, 1.3061e+02
1.7292e+01, 1.5591e+02
1.7308e+01, 1.8293e+02
1.7325e+01, 2.1016e+02
1.7341e+01, 2.3569e+02
1.7360e+01, 2.6003e+02
1.7379e+01, 2.7670e+02
1.7390e+01, 2.8188e+02
1.7400e+01, 2.8380e+02
1.7413e+01, 2.8156e+02
1.7426e+01, 2.7438e+02
1.7444e+01, 2.5815e+02
1.7461e+01, 2.3619e+02
1.7479e+01, 2.1099e+02
1.7496e+01, 1.8512e+02
1.7516e+01, 1.5722e+02
1.7537e+01, 1.3411e+02
1.7547e+01, 1.2484e+02
1.7557e+01, 1.1722e+02
1.7567e+01, 1.1122e+02
1.7577e+01, 1.0680e+02
1.7587e+01, 1.0382e+02
1.7597e+01, 1.0212e+02
1.7618e+01, 1.0177e+02
1.7638e+01, 1.0392e+02
1.7658e+01, 1.0666e+02
1.7679e+01, 1.0829e+02
1.7700e+01, 1.0733e+02
1.7716e+01, 1.0448e+02
1.7731e+01, 9.9798e+01
1.7750e+01, 9.2232e+01
1.7769e+01, 8.3107e+01
1.7806e+01, 6.3403e+01
1.7829e+01, 5.1823e+01
1.7841e+01, 4.6742e+01
1.7853e+01, 4.2212e+01
1.7865e+01, 3.8239e+01
1.7877e+01, 3.4814e+01
1.7889e+01, 3.1898e+01
1.7901e+01, 2.9445e+01
1.7913e+01, 2.7399e+01
1.7925e+01, 2.5707e+01
1.7937e+01, 2.4314e+01
1.7949e+01, 2.3170e+01
1.7973e+01, 2.1466e+01
1.7997e+01, 2.0322e+01
1.8018e+01, 1.9625e+01
1.8039e+01, 1.9139e+01
1.8082e+01, 1.8592e+01
1.8121e+01, 1.8426e+01
1.8159e+01, 1.8484e+01
1.8237e+01, 1.9097e+01
1.8315e+01, 2.0257e+01
1.8393e+01, 2.1934e+01
1.8471e+01, 2.4175e+01
1.8549e+01, 2.7091e+01
1.8627e+01, 3.0865e+01
1.8666e+01, 3.3156e+01
1.8704e+01, 3.5778e+01
1.8747e+01, 3.9092e+01
1.8768e+01, 4.0957e+01
1.8789e+01, 4.2981e+01
1.8811e+01, 4.5183e+01
1.8832e+01, 4.7581e+01
1.8842e+01, 4.8863e+01
1.8853e+01, 5.0202e+01
1.8864e+01, 5.1604e+01
1.8874e+01, 5.3071e+01
1.8886e+01, 5.4742e+01
1.8897e+01, 5.6500e+01
1.8909e+01, 5.8352e+01
1.8920e+01, 6.0306e+01
1.8930e+01, 6.2043e+01
1.8940e+01, 6.3863e+01
1.8949e+01, 6.5771e+01
1.8959e+01, 6.7773e+01
1.8969e+01, 6.9878e+01
1.8979e+01, 7.2088e+01
1.8988e+01, 7.4412e+01
1.8998e+01, 7.6858e+01
1.9008e+01, 7.9440e+01
1.9018e+01, 8.2159e+01
1.9027e+01, 8.5031e+01
1.9037e+01, 8.8067e+01
1.9045e+01, 9.0534e+01
1.9052e+01, 9.3112e+01
1.9067e+01, 9.8634e+01
1.9082e+01, 1.0470e+02
1.9097e+01, 1.1137e+02
1.9112e+01, 1.1875e+02
1.9127e+01, 1.2695e+02
1.9142e+01, 1.3609e+02
1.9157e+01, 1.4632e+02
1.9167e+01, 1.5362e+02
1.9177e+01, 1.6153e+02
1.9187e+01, 1.7010e+02
1.9196e+01, 1.7944e+02
1.9206e+01, 1.8965e+02
1.9216e+01, 2.0083e+02
1.9226e+01, 2.1313e+02
1.9235e+01, 2.2670e+02
1.9245e+01, 2.4178e+02
1.9255e+01, 2.5855e+02
1.9264e+01, 2.7732e+02
1.9274e+01, 2.9842e+02
1.9284e+01, 3.2228e+02
1.9294e+01, 3.4937e+02
1.9303e+01, 3.8027e+02
1.9313e+01, 4.1569e+02
1.9320e+01, 4.4475e+02
1.9327e+01, 4.7699e+02
1.9334e+01, 5.1281e+02
1.9341e+01, 5.5257e+02
1.9348e+01, 5.9688e+02
1.9356e+01, 6.4621e+02
1.9363e+01, 7.0111e+02
1.9370e+01, 7.6209e+02
1.9377e+01, 8.2994e+02
1.9384e+01, 9.0524e+02
1.9391e+01, 9.8862e+02
1.9398e+01, 1.0806e+03
1.9405e+01, 1.1821e+03
1.9412e+01, 1.2935e+03
1.9419e+01, 1.4154e+03
1.9426e+01, 1.5480e+03
1.9436e+01, 1.7489e+03
1.9446e+01, 1.9711e+03
1.9456e+01, 2.2145e+03
1.9465e+01, 2.4778e+03
1.9485e+01, 3.0554e+03
1.9504e+01, 3.6758e+03
1.9524e+01, 4.3006e+03
1.9543e+01, 4.8686e+03
1.9563e+01, 5.3199e+03
1.9583e+01, 5.6016e+03
1.9600e+01, 5.6810e+03
1.9606e+01, 5.6700e+03
1.9623e+01, 5.5302e+03
1.9640e+01, 5.2429e+03
1.9657e+01, 4.8351e+03
1.9674e+01, 4.3429e+03
1.9715e+01, 3.0282e+03
1.9736e+01, 2.4201e+03
1.9746e+01, 2.1456e+03
1.9757e+01, 1.8941e+03
1.9773e+01, 1.5416e+03
1.9782e+01, 1.3882e+03
1.9790e+01, 1.2495e+03
1.9798e+01, 1.1247e+03
1.9807e+01, 1.0130e+03
1.9815e+01, 9.1349e+02
1.9823e+01, 8.2506e+02
1.9831e+01, 7.4671e+02
1.9840e+01, 6.7743e+02
1.9848e+01, 6.1625e+02
1.9856e+01, 5.6224e+02
1.9865e+01, 5.1457e+02
1.9873e+01, 4.7245e+02
1.9889e+01, 4.0217e+02
1.9903e+01, 3.5505e+02
1.9917e+01, 3.1609e+02
1.9931e+01, 2.8352e+02
1.9945e+01, 2.5607e+02
1.9959e+01, 2.3268e+02
1.9972e+01, 2.1259e+02
1.9986e+01, 1.9515e+02
2.0000e+01, 1.7993e+02
2.0022e+01, 1.5952e+02
2.0044e+01, 1.4257e+02
2.0065e+01, 1.2830e+02
2.0087e+01, 1.1617e+02
2.0109e+01, 1.0573e+02
2.0131e+01, 9.6692e+01
2.0152e+01, 8.8802e+01
2.0174e+01, 8.1868e+01
2.0218e+01, 7.0291e+01
2.0261e+01, 6.1073e+01
2.0305e+01, 5.3607e+01
2.0348e+01, 4.7477e+01
2.0392e+01, 4.2381e+01
2.0435e+01, 3.8096e+01
2.0479e+01, 3.4453e+01
2.0522e+01, 3.1325e+01
2.0566e+01, 2.8619e+01
2.0609e+01, 2.6262e+01
2.0653e+01, 2.4199e+01
2.0696e+01, 2.2383e+01
2.0783e+01, 1.9351e+01
2.0871e+01, 1.6936e+01
2.0958e+01, 1.4985e+01
2.1045e+01, 1.3386e+01
2.1127e+01, 1.2123e+01
2.1210e+01, 1.1061e+01
2.1293e+01, 1.0163e+01
2.1375e+01, 9.3920e+00
2.1458e+01, 8.7247e+00
2.1541e+01, 8.1478e+00
2.1706e+01, 7.2162e+00
2.1872e+01, 6.5169e+00
2.2037e+01, 5.9973e+00
2.2202e+01, 5.6239e+00
2.2368e+01, 5.3773e+00
2.2507e+01, 5.2614e+00
2.2646e+01, 5.2303e+00
2.2777e+01, 5.2846e+00
2.2908e+01, 5.4324e+00
2.3038e+01, 5.6947e+00
2.3169e+01, 6.1020e+00
2.3299e+01, 6.7120e+00
2.3365e+01, 7.1252e+00
2.3430e+01, 7.6329e+00
2.3495e+01, 8.2595e+00
2.3560e+01, 9.0389e+00
2.3626e+01, 1.0018e+01
2.3691e+01, 1.1265e+01
2.3743e+01, 1.2522e+01
2.3795e+01, 1.4095e+01
2.3848e+01, 1.6102e+01
2.3874e+01, 1.7321e+01
2.3900e+01, 1.8719e+01
2.3926e+01, 2.0338e+01
2.3952e+01, 2.2224e+01
2.3978e+01, 2.4443e+01
2.4004e+01, 2.7082e+01
2.4030e+01, 3.0264e+01
2.4057e+01, 3.4157e+01
2.4083e+01, 3.9023e+01
2.4109e+01, 4.5248e+01
2.4132e+01, 5.2295e+01
2.4143e+01, 5.6577e+01
2.4155e+01, 6.1496e+01
2.4166e+01, 6.7194e+01
2.4177e+01, 7.3822e+01
2.4189e+01, 8.1590e+01
2.4200e+01, 9.0716e+01
2.4212e+01, 1.0150e+02
2.4223e+01, 1.1424e+02
2.4234e+01, 1.2933e+02
2.4246e+01, 1.4716e+02
2.4252e+01, 1.5727e+02
2.4257e+01, 1.6822e+02
2.4263e+01, 1.8009e+02
2.4269e+01, 1.9294e+02
2.4274e+01, 2.0687e+02
2.4280e+01, 2.2187e+02
2.4286e+01, 2.3803e+02
2.4292e+01, 2.5541e+02
2.4300e+01, 2.8438e+02
2.4309e+01, 3.1642e+02
2.4318e+01, 3.5171e+02
2.4326e+01, 3.9023e+02
2.4338e+01, 4.4857e+02
2.4350e+01, 5.1286e+02
2.4362e+01, 5.8253e+02
2.4374e+01, 6.5669e+02
2.4386e+01, 7.3405e+02
2.4398e+01, 8.1297e+02
2.4422e+01, 9.6737e+02
2.4448e+01, 1.1095e+03
2.4460e+01, 1.1651e+03
2.4473e+01, 1.2070e+03
2.4487e+01, 1.2345e+03
2.4500e+01, 1.2434e+03
2.4511e+01, 1.2368e+03
2.4527e+01, 1.2041e+03
2.4543e+01, 1.1463e+03
2.4560e+01, 1.0677e+03
2.4576e+01, 9.7363e+02
2.4595e+01, 8.5085e+02
2.4614e+01, 7.2444e+02
2.4634e+01, 6.0254e+02
2.4653e+01, 4.9123e+02
2.4669e+01, 4.0707e+02
2.4686e+01, 3.3448e+02
2.4702e+01, 2.7340e+02
2.4711e+01, 2.4699e+02
2.4719e+01, 2.2318e+02
2.4727e+01, 2.0175e+02
2.4735e+01, 1.8256e+02
2.4744e+01, 1.6544e+02
2.4752e+01, 1.5021e+02
2.4760e+01, 1.3667e+02
2.4768e+01, 1.2467e+02
2.4777e+01, 1.1402e+02
2.4785e+01, 1.0459e+02
2.4800e+01, 8.9995e+01
2.4815e+01, 7.8260e+01
2.4830e+01, 6.8768e+01
2.4845e+01, 6.1025e+01
2.4861e+01, 5.4645e+01
2.4876e+01, 4.9330e+01
2.4891e+01, 4.4852e+01
2.4906e+01, 4.1039e+01
2.4921e+01, 3.7759e+01
2.4936e+01, 3.4911e+01
2.4966e+01, 3.0220e+01
2.4997e+01, 2.6527e+01
2.5027e+01, 2.3556e+01
2.5063e+01, 2.0729e+01
2.5098e+01, 1.8452e+01
2.5134e+01, 1.6588e+01
2.5170e+01, 1.5042e+01
2.5206e+01, 1.3744e+01
2.5241e+01, 1.2645e+01
2.5277e+01, 1.1707e+01
2.5313e+01, 1.0901e+01
2.5384e+01, 9.5972e+00
2.5456e+01, 8.6028e+00
2.5527e+01, 7.8293e+00
2.5599e+01, 7.2198e+00
2.5676e+01, 6.7045e+00
2.5753e+01, 6.3045e+00
2.5830e+01, 5.9965e+00
2.5907e+01, 5.7638e+00
2.6060e+01, 5.4814e+00
2.6214e+01, 5.4039e+00
2.6308e+01, 5.4508e+00
2.6401e+01, 5.5736e+00
2.6495e+01, 5.7849e+00
2.6588e+01, 6.1082e+00
2.6682e+01, 6.5859e+00
2.6728e+01, 6.9061e+00
2.6775e+01, 7.3024e+00
2.6822e+01, 7.8014e+00
2.6869e+01, 8.4438e+00
2.6915e+01, 9.2973e+00
2.6939e+01, 9.8382e+00
2.6962e+01, 1.0485e+01
2.6992e+01, 1.1541e+01
2.7023e+01, 1.2961e+01
2.7038e+01, 1.3870e+01
2.7053e+01, 1.4960e+01
2.7068e+01, 1.6280e+01
2.7083e+01, 1.7894e+01
2.7098e+01, 1.9882e+01
2.7113e+01, 2.2341e+01
2.7128e+01, 2.5385e+01
2.7144e+01, 2.9146e+01
2.7159e+01, 3.3767e+01
2.7174e+01, 3.9396e+01
2.7189e+01, 4.6175e+01
2.7204e+01, 5.4218e+01
2.7217e+01, 6.2243e+01
2.7230e+01, 7.1277e+01
2.7243e+01, 8.1283e+01
2.7256e+01, 9.2161e+01
2.7282e+01, 1.1589e+02
2.7309e+01, 1.4044e+02
2.7325e+01, 1.5513e+02
2.7342e+01, 1.6822e+02
2.7363e+01, 1.8154e+02
2.7384e+01, 1.8946e+02
2.7400e+01, 1.9128e+02
2.7413e+01, 1.9009e+02
2.7426e+01, 1.8650e+02
2.7440e+01, 1.8044e+02
2.7453e+01, 1.7228e+02
2.7480e+01, 1.5122e+02
2.7505e+01, 1.2955e+02
2.7529e+01, 1.0759e+02
2.7553e+01, 8.7238e+01
2.7565e+01, 7.8084e+01
2.7577e+01, 6.9740e+01
2.7596e+01, 5.8173e+01
2.7606e+01, 5.3215e+01
2.7615e+01, 4.8795e+01
2.7625e+01, 4.4880e+01
2.7634e+01, 4.1449e+01
2.7644e+01, 3.8461e+01
2.7654e+01, 3.5889e+01
2.7663e+01, 3.3690e+01
2.7673e+01, 3.1836e+01
2.7692e+01, 2.9024e+01
2.7712e+01, 2.7230e+01
2.7731e+01, 2.6288e+01
2.7743e+01, 2.6081e+01
2.7756e+01, 2.6184e+01
2.7769e+01, 2.6597e+01
2.7781e+01, 2.7331e+01
2.7794e+01, 2.8413e+01
2.7807e+01, 2.9877e+01
2.7819e+01, 3.1773e+01
2.7832e+01, 3.4159e+01
2.7844e+01, 3.7105e+01
2.7857e+01, 4.0680e+01
2.7870e+01, 4.4962e+01
2.7882e+01, 5.0023e+01
2.7895e+01, 5.5932e+01
2.7908e+01, 6.2728e+01
2.7920e+01, 7.0438e+01
2.7933e+01, 7.9052e+01
2.7957e+01, 9.7758e+01
2.7981e+01, 1.1869e+02
2.8005e+01, 1.4036e+02
2.8029e+01, 1.6070e+02
2.8039e+01, 1.6795e+02
2.8058e+01, 1.7987e+02
2.8076e+01, 1.8805e+02
2.8100e+01, 1.9198e+02
2.8113e+01, 1.9093e+02
2.8126e+01, 1.8761e+02
2.8141e+01, 1.8135e+02
2.8156e+01, 1.7275e+02
2.8185e+01, 1.5046e+02
2.8214e+01, 1.2612e+02
2.8242e+01, 1.0229e+02
2.8256e+01, 9.1384e+01
2.8270e+01, 8.1454e+01
2.8284e+01, 7.2596e+01
2.8298e+01, 6.4872e+01
2.8314e+01, 5.7793e+01
2.8329e+01, 5.1942e+01
2.8344e+01, 4.7206e+01
2.8359e+01, 4.3454e+01
2.8374e+01, 4.0548e+01
2.8390e+01, 3.8358e+01
2.8405e+01, 3.6760e+01
2.8420e+01, 3.5651e+01
2.8439e+01, 3.4818e+01
2.8458e+01, 3.4474e+01
2.8496e+01, 3.4877e+01
2.8534e+01, 3.6371e+01
2.8572e+01, 3.8753e+01
2.8610e+01, 4.1996e+01
2.8629e+01, 4.3961e+01
2.8648e+01, 4.6180e+01
2.8667e+01, 4.8678e+01
2.8686e+01, 5.1487e+01
2.8705e+01, 5.4647e+01
2.8715e+01, 5.6375e+01
2.8724e+01, 5.8209e+01
2.8733e+01, 5.9989e+01
2.8741e+01, 6.1873e+01
2.8750e+01, 6.3868e+01
2.8759e+01, 6.5981e+01
2.8767e+01, 6.8227e+01
2.8776e+01, 7.0613e+01
2.8785e+01, 7.3151e+01
2.8794e+01, 7.5852e+01
2.8799e+01, 7.7817e+01
2.8805e+01, 7.9870e+01
2.8811e+01, 8.2020e+01
2.8817e+01, 8.4272e+01
2.8823e+01, 8.6636e+01
2.8829e+01, 8.9117e+01
2.8835e+01, 9.1725e+01
2.8841e+01, 9.4468e+01
2.8851e+01, 9.9002e+01
2.8860e+01, 1.0393e+02
2.8869e+01, 1.0930e+02
2.8878e+01, 1.1516e+02
2.8887e+01, 1.2160e+02
2.8897e+01, 1.2868e+02
2.8906e+01, 1.3651e+02
2.8915e+01, 1.4518e+02
2.8921e+01, 1.5131e+02
2.8927e+01, 1.5787e+02
2.8933e+01, 1.6493e+02
2.8939e+01, 1.7252e+02
2.8945e+01, 1.8070e+02
2.8951e+01, 1.8952e+02
2.8957e+01, 1.9904e+02
2.8963e+01, 2.0934e+02
2.8969e+01, 2.2049e+02
2.8975e+01, 2.3255e+02
2.8981e+01, 2.4562e+02
2.8987e+01, 2.5978e+02
2.8993e+01, 2.7514e+02
2.8999e+01, 2.9180e+02
2.9005e+01, 3.0988e+02
2.9011e+01, 3.2948e+02
2.9017e+01, 3.5077e+02
2.9023e+01, 3.7381e+02
2.9035e+01, 4.2575e+02
2.9047e+01, 4.8650e+02
2.9058e+01, 5.5707e+02
2.9070e+01, 6.3867e+02
2.9082e+01, 7.3217e+02
2.9094e+01, 8.3852e+02
2.9106e+01, 9.5812e+02
2.9118e+01, 1.0850e+03
2.9129e+01, 1.2240e+03
2.9140e+01, 1.3744e+03
2.9152e+01, 1.5350e+03
2.9175e+01, 1.8798e+03
2.9197e+01, 2.2380e+03
2.9221e+01, 2.5972e+03
2.9245e+01, 2.9033e+03
2.9259e+01, 3.0408e+03
2.9273e+01, 3.1430e+03
2.9286e+01, 3.2056e+03
2.9300e+01, 3.2258e+03
2.9306e+01, 3.2214e+03
2.9324e+01, 3.1577e+03
2.9342e+01, 3.0234e+03
2.9360e+01, 2.8288e+03
2.9378e+01, 2.5880e+03
2.9399e+01, 2.2741e+03
2.9420e+01, 1.9455e+03
2.9441e+01, 1.6244e+03
2.9462e+01, 1.3280e+03
2.9480e+01, 1.1047e+03
2.9498e+01, 9.1034e+02
2.9516e+01, 7.4537e+02
2.9524e+01, 6.7361e+02
2.9533e+01, 6.0860e+02
2.9542e+01, 5.4989e+02
2.9551e+01, 4.9721e+02
2.9560e+01, 4.5003e+02
2.9569e+01, 4.0792e+02
2.9578e+01, 3.7042e+02
2.9587e+01, 3.3708e+02
2.9595e+01, 3.0749e+02
2.9604e+01, 2.8124e+02
2.9613e+01, 2.5793e+02
2.9622e+01, 2.3728e+02
2.9640e+01, 2.0264e+02
2.9658e+01, 1.7514e+02
2.9675e+01, 1.5313e+02
2.9693e+01, 1.3529e+02
2.9711e+01, 1.2066e+02
2.9729e+01, 1.0850e+02
2.9746e+01, 9.8253e+01
2.9764e+01, 8.9522e+01
2.9782e+01, 8.2008e+01
2.9800e+01, 7.5474e+01
2.9817e+01, 6.9751e+01
2.9853e+01, 6.0212e+01
2.9888e+01, 5.2609e+01
2.9922e+01, 4.6686e+01
2.9956e+01, 4.1758e+01
2.9990e+01, 3.7606e+01
3.0024e+01, 3.4071e+01
3.0058e+01, 3.1033e+01
3.0091e+01, 2.8401e+01
3.0125e+01, 2.6106e+01
3.0159e+01, 2.4092e+01
3.0227e+01, 2.0737e+01
3.0295e+01, 1.8074e+01
3.0363e+01, 1.5926e+01
3.0430e+01, 1.4169e+01
3.0498e+01, 1.2714e+01
3.0566e+01, 1.1492e+01
3.0634e+01, 1.0455e+01
3.0701e+01, 9.5658e+00
3.0769e+01, 8.8001e+00
3.0837e+01, 8.1368e+00
3.0972e+01, 7.0529e+00
3.1108e+01, 6.2143e+00
3.1243e+01, 5.5550e+00
3.1379e+01, 5.0305e+00
3.1514e+01, 4.6107e+00
3.1656e+01, 4.2613e+00
3.1798e+01, 3.9806e+00
3.1940e+01, 3.7553e+00
3.2082e+01, 3.5783e+00
3.2224e+01, 3.4430e+00
3.2366e+01, 3.3446e+00
3.2650e+01, 3.2452e+00
3.2869e+01, 3.2520e+00
3.3089e+01, 3.3329e+00
3.3308e+01, 3.4965e+00
3.3528e+01, 3.7596e+00
3.3747e+01, 4.1508e+00
3.3857e+01, 4.4052e+00
3.3966e+01, 4.7102e+00
3.4076e+01, 5.0816e+00
3.4186e+01, 5.5335e+00
3.4295e+01, 6.0853e+00
3.4405e+01, 6.7647e+00
3.4502e+01, 7.5011e+00
3.4599e+01, 8.4043e+00
3.4695e+01, 9.5243e+00
3.4792e+01, 1.0932e+01
3.4841e+01, 1.1778e+01
3.4889e+01, 1.2742e+01
3.4937e+01, 1.3848e+01
3.4986e+01, 1.5127e+01
3.5034e+01, 1.6616e+01
3.5083e+01, 1.8361e+01
3.5131e+01, 2.0427e+01
3.5179e+01, 2.2895e+01
3.5216e+01, 2.5079e+01
3.5252e+01, 2.7616e+01
3.5288e+01, 3.0592e+01
3.5325e+01, 3.4118e+01
3.5361e+01, 3.8348e+01
3.5379e+01, 4.0792e+01
3.5397e+01, 4.3496e+01
3.5415e+01, 4.6508e+01
3.5433e+01, 4.9876e+01
3.5443e+01, 5.1715e+01
3.5452e+01, 5.3666e+01
3.5461e+01, 5.5741e+01
3.5470e+01, 5.7954e+01
3.5482e+01, 6.1143e+01
3.5494e+01, 6.4637e+01
3.5500e+01, 6.6513e+01
3.5506e+01, 6.8482e+01
3.5512e+01, 7.0553e+01
3.5518e+01, 7.2728e+01
3.5527e+01, 7.6140e+01
3.5536e+01, 7.9831e+01
3.5545e+01, 8.3837e+01
3.5554e+01, 8.8200e+01
3.5563e+01, 9.2969e+01
3.5571e+01, 9.8188e+01
3.5580e+01, 1.0392e+02
3.5589e+01, 1.1024e+02
3.5598e+01, 1.1723e+02
3.5607e+01, 1.2496e+02
3.5616e+01, 1.3355e+02
3.5625e+01, 1.4311e+02
3.5634e+01, 1.5380e+02
3.5642e+01, 1.6572e+02
3.5651e+01, 1.7905e+02
3.5660e+01, 1.9399e+02
3.5669e+01, 2.1072e+02
3.5678e+01, 2.2946e+02
3.5687e+01, 2.5044e+02
3.5696e+01, 2.7393e+02
3.5704e+01, 3.0020e+02
3.5713e+01, 3.2947e+02
3.5722e+01, 3.6205e+02
3.5731e+01, 3.9821e+02
3.5740e+01, 4.3829e+02
3.5749e+01, 4.8245e+02
3.5758e+01, 5.3097e+02
3.5767e+01, 5.8408e+02
3.5775e+01, 6.4201e+02
3.5784e+01, 7.0475e+02
3.5793e+01, 7.7243e+02
3.5802e+01, 8.4504e+02
3.5820e+01, 1.0047e+03
3.5838e+01, 1.1815e+03
3.5855e+01, 1.3722e+03
3.5873e+01, 1.5711e+03
3.5909e+01, 1.9643e+03
3.5927e+01, 2.1482e+03
3.5946e+01, 2.3037e+03
3.5964e+01, 2.4212e+03
3.5983e+01, 2.4931e+03
3.6000e+01, 2.5147e+03
3.6006e+01, 2.5118e+03
3.6024e+01, 2.4688e+03
3.6043e+01, 2.3773e+03
3.6061e+01, 2.2433e+03
3.6080e+01, 2.0755e+03
3.6101e+01, 1.8484e+03
3.6123e+01, 1.6054e+03
3.6167e+01, 1.1320e+03
3.6185e+01, 9.5412e+02
3.6203e+01, 7.9555e+02
3.6222e+01, 6.5782e+02
3.6240e+01, 5.4097e+02
3.6259e+01, 4.4370e+02
3.6268e+01, 4.0187e+02
3.6277e+01, 3.6418e+02
3.6286e+01, 3.3030e+02
3.6295e+01, 2.9999e+02
3.6305e+01, 2.7291e+02
3.6314e+01, 2.4875e+02
3.6323e+01, 2.2722e+02
3.6332e+01, 2.0808e+02
3.6351e+01, 1.7589e+02
3.6369e+01, 1.5040e+02
3.6387e+01, 1.3012e+02
3.6406e+01, 1.1385e+02
3.6424e+01, 1.0066e+02
3.6442e+01, 8.9841e+01
3.6461e+01, 8.0864e+01
3.6479e+01, 7.3312e+01
3.6498e+01, 6.6888e+01
3.6516e+01, 6.1363e+01
3.6534e+01, 5.6569e+01
3.6571e+01, 4.8664e+01
3.6608e+01, 4.2438e+01
3.6643e+01, 3.7632e+01
3.6678e+01, 3.3664e+01
3.6713e+01, 3.0343e+01
3.6748e+01, 2.7537e+01
3.6783e+01, 2.5142e+01
3.6819e+01, 2.3085e+01
3.6854e+01, 2.1306e+01
3.6889e+01, 1.9762e+01
3.6959e+01, 1.7243e+01
3.7029e+01, 1.5324e+01
3.7099e+01, 1.3882e+01
3.7170e+01, 1.2853e+01
3.7210e+01, 1.2445e+01
3.7250e+01, 1.2179e+01
3.7290e+01, 1.2084e+01
3.7330e+01, 1.2213e+01
3.7364e+01, 1.2569e+01
3.7397e+01, 1.3273e+01
3.7414e+01, 1.3812e+01
3.7430e+01, 1.4521e+01
3.7447e+01, 1.5444e+01
3.7464e+01, 1.6634e+01
3.7481e+01, 1.8157e+01
3.7497e+01, 2.0084e+01
3.7514e+01, 2.2500e+01
3.7531e+01, 2.5489e+01
3.7547e+01, 2.9140e+01
3.7564e+01, 3.3525e+01
3.7581e+01, 3.8707e+01
3.7598e+01, 4.4710e+01
3.7624e+01, 5.5985e+01
3.7651e+01, 6.8978e+01
3.7678e+01, 8.2954e+01
3.7705e+01, 9.6771e+01
3.7728e+01, 1.0764e+02
3.7751e+01, 1.1635e+02
3.7776e+01, 1.2220e+02
3.7800e+01, 1.2414e+02
3.7816e+01, 1.2319e+02
3.7831e+01, 1.2054e+02
3.7847e+01, 1.1648e+02
3.7862e+01, 1.1115e+02
3.7892e+01, 9.7532e+01
3.7945e+01, 6.9821e+01
3.7972e+01, 5.6711e+01
3.7999e+01, 4.5246e+01
3.8011e+01, 4.0510e+01
3.8024e+01, 3.6244e+01
3.8036e+01, 3.2447e+01
3.8049e+01, 2.9106e+01
3.8062e+01, 2.6194e+01
3.8074e+01, 2.3685e+01
3.8087e+01, 2.1542e+01
3.8099e+01, 1.9736e+01
3.8112e+01, 1.8228e+01
3.8124e+01, 1.6989e+01
3.8137e+01, 1.5987e+01
3.8150e+01, 1.5199e+01
3.8162e+01, 1.4600e+01
3.8175e+01, 1.4177e+01
3.8187e+01, 1.3915e+01
3.8200e+01, 1.3807e+01
3.8213e+01, 1.3858e+01
3.8227e+01, 1.4082e+01
3.8240e+01, 1.4488e+01
3.8253e+01, 1.5090e+01
3.8266e+01, 1.5910e+01
3.8280e+01, 1.6974e+01
3.8293e+01, 1.8313e+01
3.8306e+01, 1.9961e+01
3.8320e+01, 2.1957e+01
3.8333e+01, 2.4338e+01
3.8346e+01, 2.7145e+01
3.8359e+01, 3.0406e+01
3.8373e+01, 3.4154e+01
3.8386e+01, 3.8400e+01
3.8399e+01, 4.3153e+01
3.8413e+01, 4.8393e+01
3.8438e+01, 5.9530e+01
3.8463e+01, 7.1830e+01
3.8513e+01, 9.6633e+01
3.8530e+01, 1.0380e+02
3.8547e+01, 1.0985e+02
3.8573e+01, 1.1642e+02
3.8600e+01, 1.1860e+02
3.8618e+01, 1.1734e+02
3.8637e+01, 1.1390e+02
3.8658e+01, 1.0744e+02
3.8679e+01, 9.8859e+01
3.8722e+01, 7.7977e+01
3.8754e+01, 6.1707e+01
3.8770e+01, 5.4059e+01
3.8786e+01, 4.6960e+01
3.8802e+01, 4.0506e+01
3.8818e+01, 3.4759e+01
3.8834e+01, 2.9729e+01
3.8850e+01, 2.5397e+01
3.8867e+01, 2.1508e+01
3.8885e+01, 1.8285e+01
3.8902e+01, 1.5643e+01
3.8919e+01, 1.3498e+01
3.8936e+01, 1.1766e+01
3.8953e+01, 1.0371e+01
3.8970e+01, 9.2466e+00
3.8987e+01, 8.3385e+00
3.9004e+01, 7.5996e+00
3.9021e+01, 6.9940e+00
3.9038e+01, 6.4918e+00
3.9055e+01, 6.0710e+00
3.9089e+01, 5.4075e+00
3.9123e+01, 4.9081e+00
3.9152e+01, 4.5692e+00
3.9181e+01, 4.2878e+00
3.9239e+01, 3.8451e+00
3.9297e+01, 3.5109e+00
3.9356e+01, 3.2485e+00
3.9414e+01, 3.0368e+00
3.9472e+01, 2.8624e+00
3.9588e+01, 2.5911e+00
3.9704e+01, 2.3884e+00
3.9820e+01, 2.2305e+00
3.9937e+01, 2.1047e+00
4.0053e+01, 2.0028e+00
4.0229e+01, 1.8827e+00
4.0406e+01, 1.7908e+00
4.0582e+01, 1.7198e+00
4.0758e+01, 1.6661e+00
4.1111e+01, 1.5995e+00
4.1464e+01, 1.5760e+00
4.1817e+01, 1.5894e+00
4.2169e+01, 1.6384e+00
4.2522e+01, 1.7259e+00
4.2875e+01, 1.8586e+00
4.3228e+01, 2.0490e+00
4.3404e+01, 2.1720e+00
4.3580e+01, 2.3182e+00
4.3757e+01, 2.4924e+00
4.3933e+01, 2.7013e+00
4.4109e+01, 2.9528e+00
4.4286e+01, 3.2548e+00
4.4446e+01, 3.5893e+00
4.4607e+01, 4.0012e+00
4.4767e+01, 4.5115e+00
4.4927e+01, 5.1530e+00
4.5088e+01, 5.9747e+00
4.5168e+01, 6.4748e+00
4.5248e+01, 7.0500e+00
4.5328e+01, 7.7151e+00
4.5408e+01, 8.4903e+00
4.5488e+01, 9.4034e+00
4.5569e+01, 1.0492e+01
4.5633e+01, 1.1524e+01
4.5697e+01, 1.2731e+01
4.5761e+01, 1.4157e+01
4.5825e+01, 1.5857e+01
4.5889e+01, 1.7908e+01
4.5953e+01, 2.0417e+01
4.5985e+01, 2.1890e+01
4.6017e+01, 2.3539e+01
4.6033e+01, 2.4440e+01
4.6050e+01, 2.5396e+01
4.6066e+01, 2.6415e+01
4.6082e+01, 2.7500e+01
4.6094e+01, 2.8399e+01
4.6107e+01, 2.9346e+01
4.6119e+01, 3.0344e+01
4.6132e+01, 3.1398e+01
4.6144e+01, 3.2512e+01
4.6157e+01, 3.3691e+01
4.6169e+01, 3.4941e+01
4.6182e+01, 3.6266e+01
4.6190e+01, 3.7158e+01
4.6201e+01, 3.8444e+01
4.6212e+01, 3.9802e+01
4.6223e+01, 4.1239e+01
4.6234e+01, 4.2763e+01
4.6244e+01, 4.4232e+01
4.6254e+01, 4.5783e+01
4.6264e+01, 4.7425e+01
4.6274e+01, 4.9167e+01
4.6284e+01, 5.1017e+01
4.6294e+01, 5.2986e+01
4.6304e+01, 5.5084e+01
4.6314e+01, 5.7326e+01
4.6329e+01, 6.0992e+01
4.6344e+01, 6.5071e+01
4.6359e+01, 6.9638e+01
4.6374e+01, 7.4783e+01
4.6389e+01, 8.0618e+01
4.6404e+01, 8.7281e+01
4.6419e+01, 9.4943e+01
4.6427e+01, 9.9217e+01
4.6434e+01, 1.0382e+02
4.6445e+01, 1.1125e+02
4.6456e+01, 1.1959e+02
4.6467e+01, 1.2899e+02
4.6478e+01, 1.3959e+02
4.6489e+01, 1.5161e+02
4.6500e+01, 1.6523e+02
4.6512e+01, 1.8069e+02
4.6523e+01, 1.9825e+02
4.6534e+01, 2.1822e+02
4.6545e+01, 2.4089e+02
4.6556e+01, 2.6659e+02
4.6567e+01, 2.9569e+02
4.6578e+01, 3.2860e+02
4.6589e+01, 3.6564e+02
4.6600e+01, 4.0721e+02
4.6611e+01, 4.5368e+02
4.6624e+01, 5.1544e+02
4.6637e+01, 5.8505e+02
4.6650e+01, 6.6291e+02
4.6663e+01, 7.4918e+02
4.6676e+01, 8.4406e+02
4.6689e+01, 9.4731e+02
4.6715e+01, 1.1767e+03
4.6737e+01, 1.3901e+03
4.6759e+01, 1.6135e+03
4.6803e+01, 2.0495e+03
4.6824e+01, 2.2312e+03
4.6845e+01, 2.3798e+03
4.6867e+01, 2.4859e+03
4.6888e+01, 2.5424e+03
4.6900e+01, 2.5508e+03
4.6906e+01, 2.5482e+03
4.6924e+01, 2.5141e+03
4.6942e+01, 2.4424e+03
4.6960e+01, 2.3363e+03
4.6979e+01, 2.2014e+03
4.7001e+01, 2.0044e+03
4.7023e+01, 1.7858e+03
4.7068e+01, 1.3345e+03
4.7086e+01, 1.1637e+03
4.7104e+01, 1.0046e+03
4.7122e+01, 8.5960e+02
4.7140e+01, 7.3014e+02
4.7157e+01, 6.1665e+02
4.7175e+01, 5.1879e+02
4.7193e+01, 4.3563e+02
4.7211e+01, 3.6591e+02
4.7227e+01, 3.1241e+02
4.7244e+01, 2.6765e+02
4.7260e+01, 2.3039e+02
4.7277e+01, 1.9950e+02
4.7293e+01, 1.7393e+02
4.7309e+01, 1.5275e+02
4.7326e+01, 1.3518e+02
4.7342e+01, 1.2056e+02
4.7359e+01, 1.0830e+02
4.7375e+01, 9.7964e+01
4.7391e+01, 8.9186e+01
4.7408e+01, 8.1672e+01
4.7424e+01, 7.5181e+01
4.7440e+01, 6.9531e+01
4.7473e+01, 6.0196e+01
4.7506e+01, 5.2809e+01
4.7539e+01, 4.6829e+01
4.7572e+01, 4.1895e+01
4.7604e+01, 3.7763e+01
4.7637e+01, 3.4257e+01
4.7670e+01, 3.1254e+01
4.7703e+01, 2.8657e+01
4.7735e+01, 2.6395e+01
4.7801e+01, 2.2664e+01
4.7867e+01, 1.9734e+01
4.7932e+01, 1.7393e+01
4.7998e+01, 1.5492e+01
4.8063e+01, 1.3928e+01
4.8129e+01, 1.2626e+01
4.8194e+01, 1.1529e+01
4.8260e+01, 1.0600e+01
4.8325e+01, 9.8085e+00
4.8391e+01, 9.1302e+00
4.8522e+01, 8.0440e+00
4.8653e+01, 7.2330e+00
4.8784e+01, 6.6272e+00
4.8915e+01, 6.1810e+00
4.9047e+01, 5.8650e+00
4.9237e+01, 5.5904e+00
4.9428e+01, 5.5020e+00
4.9571e+01, 5.5531e+00
4.9714e+01, 5.7080e+00
4.9857e+01, 5.9750e+00
5.0000e+01, 6.3696e+00
5.0122e+01, 6.8308e+00
5.0244e+01, 7.4380e+00
5.0366e+01, 8.2294e+00
5.0488e+01, 9.2588e+00
5.0609e+01, 1.0609e+01
5.0670e+01, 1.1445e+01
5.0731e+01, 1.2418e+01
5.0792e+01, 1.3558e+01
5.0853e+01, 1.4902e+01
5.0914e+01, 1.6502e+01
5.0975e+01, 1.8422e+01
5.1017e+01, 1.9973e+01
5.1059e+01, 2.1756e+01
5.1101e+01, 2.3821e+01
5.1143e+01, 2.6231e+01
5.1185e+01, 2.9072e+01
5.1206e+01, 3.0688e+01
5.1227e+01, 3.2458e+01
5.1247e+01, 3.4403e+01
5.1268e+01, 3.6547e+01
5.1279e+01, 3.7704e+01
5.1289e+01, 3.8922e+01
5.1300e+01, 4.0208e+01
5.1310e+01, 4.1564e+01
5.1325e+01, 4.3542e+01
5.1339e+01, 4.5681e+01
5.1353e+01, 4.8004e+01
5.1367e+01, 5.0531e+01
5.1378e+01, 5.2533e+01
5.1388e+01, 5.4671e+01
5.1399e+01, 5.6962e+01
5.1409e+01, 5.9423e+01
5.1419e+01, 6.1827e+01
5.1428e+01, 6.4401e+01
5.1438e+01, 6.7167e+01
5.1447e+01, 7.0145e+01
5.1457e+01, 7.3364e+01
5.1466e+01, 7.6844e+01
5.1476e+01, 8.0620e+01
5.1486e+01, 8.4729e+01
5.1498e+01, 9.0637e+01
5.1510e+01, 9.7282e+01
5.1523e+01, 1.0479e+02
5.1535e+01, 1.1329e+02
5.1547e+01, 1.2297e+02
5.1560e+01, 1.3402e+02
5.1572e+01, 1.4666e+02
5.1585e+01, 1.6113e+02
5.1595e+01, 1.7437e+02
5.1605e+01, 1.8918e+02
5.1615e+01, 2.0573e+02
5.1625e+01, 2.2422e+02
5.1635e+01, 2.4486e+02
5.1645e+01, 2.6788e+02
5.1655e+01, 2.9350e+02
5.1665e+01, 3.2196e+02
5.1675e+01, 3.5351e+02
5.1685e+01, 3.8838e+02
5.1695e+01, 4.2681e+02
5.1705e+01, 4.6901e+02
5.1715e+01, 5.1519e+02
5.1725e+01, 5.6553e+02
5.1735e+01, 6.2017e+02
5.1745e+01, 6.7914e+02
5.1765e+01, 8.1719e+02
5.1786e+01, 9.7421e+02
5.1807e+01, 1.1483e+03
5.1828e+01, 1.3358e+03
5.1870e+01, 1.7287e+03
5.1912e+01, 2.0933e+03
5.1933e+01, 2.2393e+03
5.1953e+01, 2.3538e+03
5.1973e+01, 2.4306e+03
5.1994e+01, 2.4651e+03
5.2000e+01, 2.4669e+03
5.2006e+01, 2.4646e+03
5.2027e+01, 2.4266e+03
5.2048e+01, 2.3445e+03
5.2069e+01, 2.2232e+03
5.2090e+01, 2.0699e+03
5.2112e+01, 1.8826e+03
5.2134e+01, 1.6796e+03
5.2179e+01, 1.2673e+03
5.2201e+01, 1.0745e+03
5.2223e+01, 8.9864e+02
5.2245e+01, 7.4293e+02
5.2267e+01, 6.0870e+02
5.2289e+01, 4.9571e+02
5.2300e+01, 4.4675e+02
5.2311e+01, 4.0255e+02
5.2322e+01, 3.6275e+02
5.2333e+01, 3.2710e+02
5.2345e+01, 2.9522e+02
5.2356e+01, 2.6686e+02
5.2366e+01, 2.4270e+02
5.2377e+01, 2.2118e+02
5.2387e+01, 2.0202e+02
5.2398e+01, 1.8496e+02
5.2419e+01, 1.5629e+02
5.2440e+01, 1.3359e+02
5.2461e+01, 1.1553e+02
5.2482e+01, 1.0105e+02
5.2504e+01, 8.9331e+01
5.2525e+01, 7.9733e+01
5.2546e+01, 7.1768e+01
5.2567e+01, 6.5080e+01
5.2588e+01, 5.9390e+01
5.2609e+01, 5.4500e+01
5.2630e+01, 5.0250e+01
5.2651e+01, 4.6528e+01
5.2694e+01, 4.0318e+01
5.2734e+01, 3.5566e+01
5.2774e+01, 3.1656e+01
5.2814e+01, 2.8391e+01
5.2855e+01, 2.5631e+01
5.2895e+01, 2.3272e+01
5.2935e+01, 2.1239e+01
5.2975e+01, 1.9472e+01
5.3016e+01, 1.7926e+01
5.3096e+01, 1.5360e+01
5.3176e+01, 1.3331e+01
5.3257e+01, 1.1697e+01
5.3337e+01, 1.0363e+01
5.3418e+01, 9.2583e+00
5.3498e+01, 8.3334e+00
5.3579e+01, 7.5493e+00
5.3659e+01, 6.8774e+00
5.3740e+01, 6.2968e+00
5.3820e+01, 5.7923e+00
5.3981e+01, 4.9638e+00
5.4142e+01, 4.3173e+00
5.4303e+01, 3.8030e+00
5.4464e+01, 3.3871e+00
5.4625e+01, 3.0461e+00
5.4786e+01, 2.7639e+00
5.4947e+01, 2.5288e+00
5.5108e+01, 2.3285e+00
5.5269e+01, 2.1562e+00
5.5430e+01, 2.0079e+00
5.5591e+01, 1.8798e+00
5.5913e+01, 1.6713e+00
5.6235e+01, 1.5112e+00
5.6556e+01, 1.3869e+00
5.6878e+01, 1.2898e+00
5.7200e+01, 1.2149e+00
5.7715e+01, 1.1284e+00
5.8230e+01, 1.0735e+00
5.8745e+01, 1.0445e+00
5.9260e+01, 1.0377e+00
5.9840e+01, 1.0543e+00
6.0419e+01, 1.0969e+00
6.0999e+01, 1.1677e+00
6.1578e+01, 1.2718e+00
6.1868e+01, 1.3383e+00
6.2158e+01, 1.4181e+00
6.2447e+01, 1.5111e+00
6.2737e+01, 1.6206e+00
6.3027e+01, 1.7469e+00
6.3316e+01, 1.8999e+00
6.3606e+01, 2.0828e+00
6.3896e+01, 2.3025e+00
6.4169e+01, 2.5526e+00
6.4443e+01, 2.8555e+00
6.4717e+01, 3.2266e+00
6.4990e+01, 3.6872e+00
6.5264e+01, 4.2668e+00
6.5401e+01, 4.6119e+00
6.5538e+01, 5.0040e+00
6.5674e+01, 5.4553e+00
6.5811e+01, 5.9772e+00
6.5948e+01, 6.5832e+00
6.6085e+01, 7.2911e+00
6.6209e+01, 8.0453e+00
6.6272e+01, 8.4690e+00
6.6334e+01, 8.9288e+00
6.6397e+01, 9.4291e+00
6.6428e+01, 9.6960e+00
6.6459e+01, 9.9749e+00
6.6490e+01, 1.0267e+01
6.6521e+01, 1.0572e+01
6.6553e+01, 1.0891e+01
6.6584e+01, 1.1226e+01
6.6616e+01, 1.1589e+01
6.6648e+01, 1.1970e+01
6.6680e+01, 1.2371e+01
6.6712e+01, 1.2794e+01
6.6735e+01, 1.3097e+01
6.6757e+01, 1.3412e+01
6.6779e+01, 1.3738e+01
6.6801e+01, 1.4077e+01
6.6823e+01, 1.4429e+01
6.6845e+01, 1.4795e+01
6.6867e+01, 1.5176e+01
6.6890e+01, 1.5572e+01
6.6918e+01, 1.6099e+01
6.6946e+01, 1.6654e+01
6.6974e+01, 1.7240e+01
6.7002e+01, 1.7857e+01
6.7030e+01, 1.8510e+01
6.7059e+01, 1.9199e+01
6.7087e+01, 1.9929e+01
6.7115e+01, 2.0703e+01
6.7137e+01, 2.1344e+01
6.7159e+01, 2.2016e+01
6.7181e+01, 2.2721e+01
6.7203e+01, 2.3461e+01
6.7248e+01, 2.5057e+01
6.7292e+01, 2.6827e+01
6.7336e+01, 2.8797e+01
6.7380e+01, 3.1000e+01
6.7425e+01, 3.3472e+01
6.7469e+01, 3.6263e+01
6.7513e+01, 3.9432e+01
6.7557e+01, 4.3049e+01
6.7602e+01, 4.7209e+01
6.7646e+01, 5.2028e+01
6.7668e+01, 5.4732e+01
6.7690e+01, 5.7662e+01
6.7712e+01, 6.0846e+01
6.7734e+01, 6.4315e+01
6.7757e+01, 6.8106e+01
6.7779e+01, 7.2263e+01
6.7801e+01, 7.6839e+01
6.7823e+01, 8.1896e+01
6.7844e+01, 8.7243e+01
6.7865e+01, 9.3176e+01
6.7886e+01, 9.9798e+01
6.7908e+01, 1.0723e+02
6.7929e+01, 1.1562e+02
6.7950e+01, 1.2515e+02
6.7971e+01, 1.3609e+02
6.7992e+01, 1.4870e+02
6.8013e+01, 1.6340e+02
6.8034e+01, 1.8066e+02
6.8055e+01, 2.0108e+02
6.8077e+01, 2.2542e+02
6.8098e+01, 2.5461e+02
6.8119e+01, 2.8976e+02
6.8140e+01, 3.3225e+02
6.8161e+01, 3.8358e+02
6.8172e+01, 4.1461e+02
6.8183e+01, 4.4880e+02
6.8205e+01, 5.2792e+02
6.8227e+01, 6.2329e+02
6.8250e+01, 7.3723e+02
6.8272e+01, 8.7186e+02
6.8294e+01, 1.0289e+03
6.8316e+01, 1.2092e+03
6.8338e+01, 1.4128e+03
6.8370e+01, 1.7472e+03
6.8402e+01, 2.1175e+03
6.8467e+01, 2.8880e+03
6.8492e+01, 3.1585e+03
6.8516e+01, 3.3940e+03
6.8541e+01, 3.5816e+03
6.8566e+01, 3.7101e+03
6.8600e+01, 3.7767e+03
6.8625e+01, 3.7379e+03
6.8651e+01, 3.6266e+03
6.8676e+01, 3.4502e+03
6.8702e+01, 3.2198e+03
6.8730e+01, 2.9119e+03
6.8759e+01, 2.5742e+03
6.8816e+01, 1.8906e+03
6.8839e+01, 1.6418e+03
6.8861e+01, 1.4126e+03
6.8884e+01, 1.2059e+03
6.8906e+01, 1.0233e+03
6.8929e+01, 8.6465e+02
6.8952e+01, 7.2907e+02
6.8974e+01, 6.1465e+02
6.8997e+01, 5.1925e+02
6.9019e+01, 4.4034e+02
6.9042e+01, 3.7553e+02
6.9064e+01, 3.2248e+02
6.9087e+01, 2.7913e+02
6.9109e+01, 2.4364e+02
6.9132e+01, 2.1450e+02
6.9154e+01, 1.9041e+02
6.9177e+01, 1.7038e+02
6.9199e+01, 1.5357e+02
6.9222e+01, 1.3933e+02
6.9244e+01, 1.2716e+02
6.9267e+01, 1.1667e+02
6.9290e+01, 1.0753e+02
6.9312e+01, 9.9524e+01
6.9357e+01, 8.6158e+01
6.9400e+01, 7.5907e+01
6.9443e+01, 6.7473e+01
6.9486e+01, 6.0429e+01
6.9529e+01, 5.4471e+01
6.9572e+01, 4.9379e+01
6.9615e+01, 4.4987e+01
6.9658e+01, 4.1169e+01
6.9701e+01, 3.7827e+01
6.9787e+01, 3.2278e+01
6.9873e+01, 2.7885e+01
6.9959e+01, 2.4346e+01
7.0045e+01, 2.1452e+01
7.0123e+01, 1.9266e+01
7.0201e+01, 1.7404e+01
7.0279e+01, 1.5806e+01
7.0357e+01, 1.4422e+01
7.0435e+01, 1.3213e+01
7.0513e+01, 1.2151e+01
7.0668e+01, 1.0381e+01
7.0824e+01, 8.9772e+00
7.0980e+01, 7.8455e+00
7.1135e+01, 6.9197e+00
7.1291e+01, 6.1529e+00
7.1438e+01, 5.5417e+00
7.1586e+01, 5.0208e+00
7.1733e+01, 4.5745e+00
7.1881e+01, 4.1896e+00
7.2028e+01, 3.8528e+00
7.2176e+01, 3.5557e+00
7.2471e+01, 3.0609e+00
7.2766e+01, 2.6697e+00
7.3061e+01, 2.3554e+00
7.3356e+01, 2.0995e+00
7.3651e+01, 1.8887e+00
7.3962e+01, 1.7046e+00
7.4274e+01, 1.5521e+00
7.4585e+01, 1.4270e+00
7.4896e+01, 1.3193e+00
7.5208e+01, 1.2285e+00
7.5519e+01, 1.1509e+00
7.6142e+01, 1.0310e+00
7.6765e+01, 9.4688e-01
7.7388e+01, 8.9102e-01
7.8010e+01, 8.5928e-01
7.8633e+01, 8.5018e-01
7.9125e+01, 8.5934e-01
7.9616e+01, 8.8446e-01
8.0108e+01, 9.2844e-01
8.0600e+01, 9.9586e-01
8.0846e+01, 1.0393e+00
8.1091e+01, 1.0931e+00
8.1337e+01, 1.1586e+00
8.1583e+01, 1.2379e+00
8.1829e+01, 1.3344e+00
8.2075e+01, 1.4531e+00
8.2320e+01, 1.6006e+00
8.2566e+01, 1.7862e+00
8.2755e+01, 1.9618e+00
8.2943e+01, 2.1760e+00
8.3132e+01, 2.4441e+00
8.3320e+01, 2.7850e+00
8.3414e+01, 2.9911e+00
8.3509e+01, 3.2272e+00
8.3603e+01, 3.4994e+00
8.3697e+01, 3.8157e+00
8.3791e+01, 4.1862e+00
8.3886e+01, 4.6239e+00
8.3980e+01, 5.1472e+00
8.4074e+01, 5.7815e+00
8.4160e+01, 6.4883e+00
8.4246e+01, 7.3562e+00
8.4332e+01, 8.4397e+00
8.4418e+01, 9.8196e+00
8.4461e+01, 1.0657e+01
8.4504e+01, 1.1620e+01
8.4547e+01, 1.2737e+01
8.4590e+01, 1.4046e+01
8.4633e+01, 1.5598e+01
8.4676e+01, 1.7467e+01
8.4719e+01, 1.9760e+01
8.4741e+01, 2.1115e+01
8.4762e+01, 2.2646e+01
8.4786e+01, 2.4567e+01
8.4810e+01, 2.6807e+01
8.4821e+01, 2.8071e+01
8.4833e+01, 2.9448e+01
8.4845e+01, 3.0951e+01
8.4857e+01, 3.2597e+01
8.4868e+01, 3.4408e+01
8.4880e+01, 3.6403e+01
8.4892e+01, 3.8608e+01
8.4904e+01, 4.1050e+01
8.4916e+01, 4.3763e+01
8.4927e+01, 4.6781e+01
8.4939e+01, 5.0147e+01
8.4951e+01, 5.3901e+01
8.4960e+01, 5.7147e+01
8.4969e+01, 6.0692e+01
8.4979e+01, 6.4562e+01
8.4988e+01, 6.8789e+01
8.4999e+01, 7.4489e+01
8.5010e+01, 8.0837e+01
8.5022e+01, 8.7901e+01
8.5033e+01, 9.5748e+01
8.5042e+01, 1.0282e+02
8.5051e+01, 1.1051e+02
8.5060e+01, 1.1887e+02
8.5070e+01, 1.2795e+02
8.5079e+01, 1.3779e+02
8.5088e+01, 1.4846e+02
8.5097e+01, 1.5998e+02
8.5107e+01, 1.7241e+02
8.5118e+01, 1.8891e+02
8.5129e+01, 2.0692e+02
8.5140e+01, 2.2652e+02
8.5152e+01, 2.4774e+02
8.5163e+01, 2.7068e+02
8.5174e+01, 2.9537e+02
8.5197e+01, 3.5003e+02
8.5219e+01, 4.1175e+02
8.5242e+01, 4.8008e+02
8.5264e+01, 5.5430e+02
8.5287e+01, 6.3307e+02
8.5377e+01, 9.5382e+02
8.5410e+01, 1.0507e+03
8.5443e+01, 1.1239e+03
8.5471e+01, 1.1633e+03
8.5500e+01, 1.1765e+03
8.5506e+01, 1.1758e+03
8.5523e+01, 1.1672e+03
8.5541e+01, 1.1490e+03
8.5575e+01, 1.0862e+03
8.5600e+01, 1.0230e+03
8.5624e+01, 9.4786e+02
8.5673e+01, 7.7618e+02
8.5715e+01, 6.2625e+02
8.5756e+01, 4.8629e+02
8.5777e+01, 4.2306e+02
8.5797e+01, 3.6533e+02
8.5818e+01, 3.1341e+02
8.5838e+01, 2.6744e+02
8.5857e+01, 2.3196e+02
8.5875e+01, 2.0075e+02
8.5893e+01, 1.7350e+02
8.5911e+01, 1.4993e+02
8.5929e+01, 1.2966e+02
8.5947e+01, 1.1236e+02
8.5965e+01, 9.7657e+01
8.5983e+01, 8.5219e+01
8.6001e+01, 7.4722e+01
8.6019e+01, 6.5888e+01
8.6037e+01, 5.8449e+01
8.6055e+01, 5.2189e+01
8.6073e+01, 4.6902e+01
8.6092e+01, 4.2430e+01
8.6110e+01, 3.8627e+01
8.6128e+01, 3.5377e+01
8.6146e+01, 3.2582e+01
8.6164e+01, 3.0163e+01
8.6200e+01, 2.6206e+01
8.6236e+01, 2.3119e+01
8.6272e+01, 2.0648e+01
8.6308e+01, 1.8627e+01
8.6345e+01, 1.6943e+01
8.6381e+01, 1.5519e+01
8.6417e+01, 1.4300e+01
8.6453e+01, 1.3247e+01
8.6489e+01, 1.2330e+01
8.6561e+01, 1.0816e+01
8.6634e+01, 9.6265e+00
8.6706e+01, 8.6754e+00
8.6768e+01, 8.0058e+00
8.6830e+01, 7.4430e+00
8.6892e+01, 6.9674e+00
8.6954e+01, 6.5640e+00
8.7078e+01, 5.9294e+00
8.7202e+01, 5.4714e+00
8.7326e+01, 5.1446e+00
8.7450e+01, 4.9194e+00
8.7574e+01, 4.7772e+00
8.7698e+01, 4.7065e+00
8.7894e+01, 4.7239e+00
8.8090e+01, 4.8898e+00
8.8286e+01, 5.2081e+00
8.8482e+01, 5.6997e+00
8.8581e+01, 6.0224e+00
8.8679e+01, 6.4058e+00
8.8777e+01, 6.8591e+00
8.8875e+01, 7.3942e+00
8.8973e+01, 8.0270e+00
8.9071e+01, 8.7795e+00
8.9169e+01, 9.6811e+00
8.9267e+01, 1.0770e+01
8.9386e+01, 1.2412e+01
8.9446e+01, 1.3402e+01
8.9505e+01, 1.4532e+01
8.9564e+01, 1.5832e+01
8.9594e+01, 1.6555e+01
8.9624e+01, 1.7335e+01
8.9653e+01, 1.8177e+01
8.9683e+01, 1.9088e+01
8.9713e+01, 2.0076e+01
8.9728e+01, 2.0602e+01
8.9742e+01, 2.1150e+01
8.9755e+01, 2.1647e+01
8.9768e+01, 2.2163e+01
8.9781e+01, 2.2699e+01
8.9794e+01, 2.3256e+01
8.9807e+01, 2.3836e+01
8.9820e+01, 2.4440e+01
8.9833e+01, 2.5068e+01
8.9846e+01, 2.5723e+01
8.9860e+01, 2.6478e+01
8.9874e+01, 2.7268e+01
8.9888e+01, 2.8097e+01
8.9903e+01, 2.8967e+01
8.9917e+01, 2.9883e+01
8.9931e+01, 3.0847e+01
8.9945e+01, 3.1862e+01
8.9959e+01, 3.2932e+01
8.9976e+01, 3.4276e+01
8.9993e+01, 3.5711e+01
9.0010e+01, 3.7247e+01
9.0026e+01, 3.8896e+01
9.0043e+01, 4.0669e+01
9.0060e+01, 4.2581e+01
9.0077e+01, 4.4649e+01
9.0094e+01, 4.6892e+01
9.0108e+01, 4.8946e+01
9.0122e+01, 5.1157e+01
9.0136e+01, 5.3544e+01
9.0150e+01, 5.6129e+01
9.0165e+01, 5.8939e+01
9.0179e+01, 6.2001e+01
9.0193e+01, 6.5349e+01
9.0207e+01, 6.9023e+01
9.0221e+01, 7.3072e+01
9.0236e+01, 7.7542e+01
9.0250e+01, 8.2499e+01
9.0264e+01, 8.8011e+01
9.0278e+01, 9.4161e+01
9.0292e+01, 1.0104e+02
9.0307e+01, 1.0876e+02
9.0321e+01, 1.1744e+02
9.0335e+01, 1.2722e+02
9.0349e+01, 1.3824e+02
9.0363e+01, 1.5068e+02
9.0378e+01, 1.6472e+02
9.0392e+01, 1.8057e+02
9.0406e+01, 1.9845e+02
9.0420e+01, 2.1860e+02
9.0434e+01, 2.4126e+02
9.0449e+01, 2.6670e+02
9.0463e+01, 2.9518e+02
9.0477e+01, 3.2696e+02
9.0491e+01, 3.6230e+02
9.0505e+01, 4.0146e+02
9.0520e+01, 4.4464e+02
9.0534e+01, 4.9204e+02
9.0548e+01, 5.4382e+02
9.0565e+01, 6.1079e+02
9.0582e+01, 6.8399e+02
9.0598e+01, 7.6333e+02
9.0615e+01, 8.4852e+02
9.0649e+01, 1.0343e+03
9.0682e+01, 1.2348e+03
9.0739e+01, 1.5782e+03
9.0767e+01, 1.7347e+03
9.0796e+01, 1.8692e+03
9.0822e+01, 1.9656e+03
9.0848e+01, 2.0306e+03
9.0874e+01, 2.0600e+03
9.0900e+01, 2.0517e+03
9.0925e+01, 2.0083e+03
9.0950e+01, 1.9321e+03
9.0975e+01, 1.8267e+03
9.1000e+01, 1.6972e+03
9.1000e+01, 6.5378e+01
1.0000e+02, 6.1713e+01
1.2500e+02, 5.3775e+01
1.5000e+02, 4.7991e+01
1.7000e+02, 4.4354e+01
2.0000e+02, 4.0006e+01
2.5000e+02, 3.4668e+01
3.0000e+02, 3.0797e+01
3.5000e+02, 2.7838e+01
4.0000e+02, 2.5487e+01
5.0000e+02, 2.1961e+01
6.0000e+02, 1.9419e+01
7.2000e+02, 1.7152e+01
8.5000e+02, 1.5304e+01
1.0000e+03, 1.3676e+01
1.2500e+03, 1.1704e+01
1.5000e+03, 1.0296e+01
1.7000e+03, 9.4250e+00
2.0000e+03, 8.3991e+00
2.5000e+03, 7.1658e+00
3.0000e+03, 6.2925e+00
3.5000e+03, 5.6382e+00
4.0000e+03, 5.1279e+00
5.0000e+03, 4.3800e+00
6.0000e+03, 3.8558e+00
7.0000e+03, 3.4666e+00
8.0000e+03, 3.1654e+00
9.0000e+03, 2.9250e+00
1.0000e+04, 2.7283e+00
1.1000e+04, 2.5644e+00
1.2000e+04, 2.4254e+00
1.3000e+04, 2.3061e+00
1.4000e+04, 2.2024e+00
1.5000e+04, 2.1115e+00
1.6000e+04, 2.0310e+00
1.7000e+04, 1.9593e+00
1.8000e+04, 1.8948e+00
1.9000e+04, 1.8367e+00
2.0000e+04, 1.7838e+00
2.0000e+04, 1.7838e+00
2.0000e+04, 1.7838e+00
2.1000e+04, 1.7356e+00
2.2000e+04, 1.6915e+00
2.3000e+04, 1.6508e+00
2.4000e+04, 1.6133e+00
2.5000e+04, 1.5785e+00
2.6000e+04, 1.5461e+00
2.7000e+04, 1.5159e+00
2.8000e+04, 1.4877e+00
2.9000e+04, 1.4613e+00
3.0000e+04, 1.4364e+00
3.1000e+04, 1.4130e+00
3.2000e+04, 1.3909e+00
3.3000e+04, 1.3701e+00
3.4000e+04, 1.3503e+00
3.5000e+04, 1.3316e+00
3.6000e+04, 1.3137e+00
3.7000e+04, 1.2968e+00
3.8000e+04, 1.2806e+00
4.0000e+04, 1.2524e+00
4.3000e+04, 1.2100e+00
4.8000e+04, 1.1527e+00
5.0000e+04, 1.1336e+00
5.3000e+04, 1.1051e+00
5.8000e+04, 1.0649e+00
6.0000e+04, 1.0511e+00
6.3000e+04, 1.0305e+00
6.8000e+04, 1.0008e+00
7.3000e+04, 9.7492e-01
7.8000e+04, 9.5220e-01
8.0000e+04, 9.4418e-01
8.3000e+04, 9.3214e-01
8.8000e+04, 9.1436e-01
9.0000e+04, 9.0803e-01
9.3000e+04, 8.9853e-01
9.8000e+04, 8.8440e-01
1.0000e+05, 8.7935e-01
1.0300e+05, 8.7176e-01
1.0800e+05, 8.6043e-01
1.1300e+05, 8.5026e-01
1.1800e+05, 8.4112e-01
1.2000e+05, 8.3783e-01
1.2300e+05, 8.3290e-01
1.2800e+05, 8.2550e-01
1.3300e+05, 8.1885e-01
1.3800e+05, 8.1286e-01
1.3872e+05, 8.1205e-01
1.3872e+05, 8.1126e-01
1.3872e+05, 8.1126e-01
1.5000e+05, 7.7991e-01
2.0000e+05, 6.6508e-01
2.9700e+05, 5.9536e-01
3.0000e+05, 5.9320e-01
4.0000e+05, 5.6190e-01
4.0679e+05, 5.6118e-01
4.0680e+05, 5.6118e-01
5.0000e+05, 5.5133e-01
6.0000e+05, 5.5688e-01
6.8026e+05, 5.5849e-01
6.8026e+05, 5.5849e-01
7.0000e+05, 5.5889e-01
7.7556e+05, 5.6247e-01
7.7556e+05, 5.6247e-01
8.0000e+05, 5.6363e-01
8.3407e+05, 5.5432e-01
8.9655e+05, 5.3724e-01
8.9655e+05, 5.3724e-01
9.0000e+05, 5.3630e-01
1.0000e+06, 5.1539e-01
1.0289e+06, 5.1499e-01
1.0289e+06, 5.1499e-01
1.0956e+06, 5.1405e-01
1.0956e+06, 5.1405e-01
1.1000e+06, 5.1399e-01
1.1762e+06, 5.1969e-01
1.1762e+06, 5.1969e-01
1.2000e+06, 5.2147e-01
1.2236e+06, 5.2366e-01
1.2236e+06, 5.2367e-01
1.3000e+06, 5.3079e-01
1.4000e+06, 4.8679e-01
1.5000e+06, 4.5853e-01
1.6000e+06, 4.2904e-01
1.7000e+06, 3.9954e-01
1.8000e+06, 3.7070e-01
1.9000e+06, 3.2038e-01
2.0000e+06, 2.9658e-01
2.5000e+06, 2.0397e-01
3.0000e+06, 1.4326e-01
3.5000e+06, 9.9078e-02
4.0000e+06, 6.7888e-02
5.0000e+06, 3.2132e-02
6.0000e+06, 1.4858e-02
6.6065e+06, 1.0300e-02
6.8752e+06, 8.2801e-03
7.0000e+06, 7.3421e-03
8.0000e+06, 3.8464e-03
9.0000e+06, 2.6736e-03
9.5021e+06, 2.4213e-03
9.5021e+06, 2.4213e-03
1.0000e+07, 2.1711e-03
1.1000e+07, 1.8953e-03
1.2000e+07, 1.6670e-03
1.3000e+07, 1.4515e-03
1.4000e+07, 1.2722e-03
1.4500e+07, 1.1848e-03
1.5000e+07, 1.0690e-03
1.5842e+07, 8.7823e-04
1.6000e+07, 8.4238e-04
1.6381e+07, 7.6946e-04
1.6381e+07, 7.6946e-04
1.7000e+07, 6.5113e-04
1.8000e+07, 4.7892e-04
1.9000e+07, 3.5574e-04
2.0000e+07, 2.6710e-04
