ebin, xs
1.0000e-05, 6.5212e+02
1.0625e-05, 6.3265e+02
1.1250e-05, 6.1482e+02
1.1875e-05, 5.9842e+02
1.2500e-05, 5.8327e+02
1.3750e-05, 5.5613e+02
1.5000e-05, 5.3245e+02
1.6250e-05, 5.1156e+02
1.7500e-05, 4.9295e+02
1.8750e-05, 4.7624e+02
2.0000e-05, 4.6112e+02
2.1875e-05, 4.4091e+02
2.3750e-05, 4.2315e+02
2.5625e-05, 4.0737e+02
2.7500e-05, 3.9324e+02
2.9375e-05, 3.8048e+02
3.1250e-05, 3.6889e+02
3.3125e-05, 3.5830e+02
3.5000e-05, 3.4857e+02
3.8750e-05, 3.3128e+02
4.2500e-05, 3.1632e+02
4.6250e-05, 3.0323e+02
5.0000e-05, 2.9164e+02
5.3125e-05, 2.8293e+02
5.6250e-05, 2.7496e+02
5.9375e-05, 2.6762e+02
6.2500e-05, 2.6085e+02
6.8750e-05, 2.4871e+02
7.5000e-05, 2.3812e+02
8.1250e-05, 2.2878e+02
8.7500e-05, 2.2046e+02
9.3750e-05, 2.1298e+02
1.0000e-04, 2.0622e+02
1.0625e-04, 2.0006e+02
1.1250e-04, 1.9442e+02
1.1875e-04, 1.8924e+02
1.2500e-04, 1.8445e+02
1.3750e-04, 1.7586e+02
1.5000e-04, 1.6838e+02
1.6250e-04, 1.6177e+02
1.7500e-04, 1.5589e+02
1.8750e-04, 1.5060e+02
2.0000e-04, 1.4582e+02
2.1875e-04, 1.3943e+02
2.3750e-04, 1.3381e+02
2.5625e-04, 1.2882e+02
2.7500e-04, 1.2435e+02
2.9375e-04, 1.2032e+02
3.1250e-04, 1.1665e+02
3.3125e-04, 1.1330e+02
3.5000e-04, 1.1023e+02
3.8750e-04, 1.0476e+02
4.2500e-04, 1.0003e+02
4.6250e-04, 9.5888e+01
5.0000e-04, 9.2222e+01
5.3125e-04, 8.9468e+01
5.6250e-04, 8.6947e+01
5.9375e-04, 8.4628e+01
6.2500e-04, 8.2485e+01
6.8750e-04, 7.8646e+01
7.5000e-04, 7.5298e+01
8.1250e-04, 7.2344e+01
8.7500e-04, 6.9712e+01
9.3750e-04, 6.7348e+01
1.0000e-03, 6.5210e+01
1.0625e-03, 6.3263e+01
1.1250e-03, 6.1480e+01
1.1875e-03, 5.9840e+01
1.2500e-03, 5.8325e+01
1.3750e-03, 5.5611e+01
1.5000e-03, 5.3243e+01
1.6250e-03, 5.1154e+01
1.7500e-03, 4.9293e+01
1.8750e-03, 4.7622e+01
2.0000e-03, 4.6109e+01
2.1875e-03, 4.4089e+01
2.3750e-03, 4.2312e+01
2.5625e-03, 4.0735e+01
2.7500e-03, 3.9322e+01
2.9375e-03, 3.8046e+01
3.1250e-03, 3.6887e+01
3.3125e-03, 3.5828e+01
3.5000e-03, 3.4855e+01
3.8750e-03, 3.3125e+01
4.2500e-03, 3.1629e+01
4.6250e-03, 3.0319e+01
5.0000e-03, 2.9160e+01
5.3125e-03, 2.8289e+01
5.6250e-03, 2.7492e+01
5.9375e-03, 2.6758e+01
6.2500e-03, 2.6080e+01
6.8750e-03, 2.4866e+01
7.5000e-03, 2.3807e+01
8.1250e-03, 2.2872e+01
8.7500e-03, 2.2040e+01
9.3750e-03, 2.1291e+01
1.0000e-02, 2.0615e+01
1.0625e-02, 1.9999e+01
1.1250e-02, 1.9435e+01
1.1875e-02, 1.8917e+01
1.2500e-02, 1.8438e+01
1.3750e-02, 1.7580e+01
1.5000e-02, 1.6831e+01
1.6250e-02, 1.6170e+01
1.7500e-02, 1.5581e+01
1.8750e-02, 1.5051e+01
2.0000e-02, 1.4573e+01
2.1325e-02, 1.4112e+01
2.2650e-02, 1.3692e+01
2.3975e-02, 1.3308e+01
2.5300e-02, 1.2954e+01
2.6844e-02, 1.2576e+01
2.8387e-02, 1.2229e+01
2.9931e-02, 1.1909e+01
3.1475e-02, 1.1614e+01
3.4563e-02, 1.1083e+01
3.7650e-02, 1.0618e+01
4.0738e-02, 1.0206e+01
4.3825e-02, 9.8386e+00
4.6913e-02, 9.5082e+00
5.0000e-02, 9.2090e+00
5.3125e-02, 8.9331e+00
5.6250e-02, 8.6807e+00
5.9375e-02, 8.4489e+00
6.2500e-02, 8.2351e+00
6.8750e-02, 7.8515e+00
7.5000e-02, 7.5157e+00
8.1250e-02, 7.2192e+00
8.7500e-02, 6.9551e+00
9.3750e-02, 6.7179e+00
1.0000e-01, 6.5034e+00
1.0625e-01, 6.3080e+00
1.1250e-01, 6.1292e+00
1.1875e-01, 5.9650e+00
1.2500e-01, 5.8139e+00
1.3750e-01, 5.5424e+00
1.5000e-01, 5.3045e+00
1.6250e-01, 5.0945e+00
1.7500e-01, 4.9075e+00
1.8750e-01, 4.7395e+00
2.0000e-01, 4.5881e+00
2.1875e-01, 4.3855e+00
2.3750e-01, 4.2068e+00
2.5625e-01, 4.0481e+00
2.7500e-01, 3.9059e+00
2.9375e-01, 3.7775e+00
3.1250e-01, 3.6609e+00
3.3125e-01, 3.5543e+00
3.5000e-01, 3.4571e+00
3.8750e-01, 3.2837e+00
4.2500e-01, 3.1330e+00
5.0000e-01, 2.8849e+00
6.2500e-01, 2.5755e+00
7.5000e-01, 2.3474e+00
8.7500e-01, 2.1711e+00
1.0000e+00, 2.0298e+00
1.2500e+00, 1.8153e+00
1.5000e+00, 1.6605e+00
1.7500e+00, 1.5440e+00
2.0000e+00, 1.4542e+00
2.3750e+00, 1.3555e+00
2.7500e+00, 1.2895e+00
3.1250e+00, 1.2497e+00
3.5000e+00, 1.2341e+00
3.8750e+00, 1.2435e+00
4.2500e+00, 1.2818e+00
4.6250e+00, 1.3566e+00
4.8125e+00, 1.4120e+00
5.0000e+00, 1.4836e+00
5.1907e+00, 1.5767e+00
5.3814e+00, 1.6963e+00
5.5721e+00, 1.8508e+00
5.7628e+00, 2.0525e+00
5.9535e+00, 2.3201e+00
6.0488e+00, 2.4836e+00
6.1442e+00, 2.6737e+00
6.2395e+00, 2.9021e+00
6.3348e+00, 3.1739e+00
6.4302e+00, 3.5002e+00
6.5255e+00, 3.8966e+00
6.6097e+00, 4.3211e+00
6.6938e+00, 4.8367e+00
6.7779e+00, 5.4709e+00
6.8621e+00, 6.2579e+00
6.9462e+00, 7.2519e+00
6.9882e+00, 7.8573e+00
7.0303e+00, 8.5519e+00
7.0724e+00, 9.3531e+00
7.1144e+00, 1.0284e+01
7.1565e+00, 1.1374e+01
7.1986e+00, 1.2662e+01
7.2406e+00, 1.4199e+01
7.2827e+00, 1.6053e+01
7.3248e+00, 1.8316e+01
7.3668e+00, 2.1115e+01
7.4089e+00, 2.4644e+01
7.4299e+00, 2.6770e+01
7.4510e+00, 2.9199e+01
7.4720e+00, 3.1992e+01
7.4930e+00, 3.5224e+01
7.5141e+00, 3.8993e+01
7.5351e+00, 4.3424e+01
7.5575e+00, 4.9071e+01
7.5800e+00, 5.5936e+01
7.6024e+00, 6.4406e+01
7.6248e+00, 7.5038e+01
7.6360e+00, 8.1412e+01
7.6473e+00, 8.8669e+01
7.6585e+00, 9.6987e+01
7.6697e+00, 1.0659e+02
7.6809e+00, 1.1776e+02
7.6921e+00, 1.3087e+02
7.7033e+00, 1.4637e+02
7.7146e+00, 1.6489e+02
7.7279e+00, 1.9188e+02
7.7412e+00, 2.2591e+02
7.7479e+00, 2.4623e+02
7.7545e+00, 2.6917e+02
7.7612e+00, 2.9508e+02
7.7678e+00, 3.2433e+02
7.7745e+00, 3.5732e+02
7.7812e+00, 3.9444e+02
7.7878e+00, 4.3607e+02
7.7945e+00, 4.8255e+02
7.8011e+00, 5.3418e+02
7.8078e+00, 5.9112e+02
7.8145e+00, 6.5344e+02
7.8211e+00, 7.2102e+02
7.8264e+00, 7.7791e+02
7.8316e+00, 8.3765e+02
7.8369e+00, 8.9989e+02
7.8422e+00, 9.6419e+02
7.8527e+00, 1.0966e+03
7.8632e+00, 1.2295e+03
7.8713e+00, 1.3284e+03
7.8795e+00, 1.4199e+03
7.8958e+00, 1.5668e+03
7.9079e+00, 1.6325e+03
7.9200e+00, 1.6538e+03
7.9321e+00, 1.6283e+03
7.9442e+00, 1.5589e+03
7.9542e+00, 1.4735e+03
7.9641e+00, 1.3686e+03
7.9741e+00, 1.2504e+03
7.9841e+00, 1.1255e+03
8.0040e+00, 8.7785e+02
8.0140e+00, 7.6390e+02
8.0240e+00, 6.6024e+02
8.0368e+00, 5.4339e+02
8.0497e+00, 4.4625e+02
8.0562e+00, 4.0468e+02
8.0626e+00, 3.6741e+02
8.0691e+00, 3.3410e+02
8.0755e+00, 3.0441e+02
8.0820e+00, 2.7798e+02
8.0884e+00, 2.5449e+02
8.1013e+00, 2.1500e+02
8.1142e+00, 1.8365e+02
8.1271e+00, 1.5857e+02
8.1380e+00, 1.4115e+02
8.1489e+00, 1.2647e+02
8.1599e+00, 1.1401e+02
8.1708e+00, 1.0333e+02
8.1817e+00, 9.4117e+01
8.1926e+00, 8.6108e+01
8.2035e+00, 7.9099e+01
8.2144e+00, 7.2929e+01
8.2362e+00, 6.2608e+01
8.2581e+00, 5.4368e+01
8.2799e+00, 4.7680e+01
8.3017e+00, 4.2175e+01
8.3225e+00, 3.7778e+01
8.3434e+00, 3.4043e+01
8.3642e+00, 3.0841e+01
8.3850e+00, 2.8074e+01
8.4059e+00, 2.5665e+01
8.4267e+00, 2.3555e+01
8.4684e+00, 2.0054e+01
8.5100e+00, 1.7287e+01
8.5517e+00, 1.5063e+01
8.5934e+00, 1.3249e+01
8.6350e+00, 1.1753e+01
8.6767e+00, 1.0506e+01
8.7183e+00, 9.4503e+00
8.7600e+00, 8.5470e+00
8.8017e+00, 7.7686e+00
8.8433e+00, 7.0944e+00
8.8850e+00, 6.5070e+00
8.9267e+00, 5.9923e+00
8.9683e+00, 5.5387e+00
9.0517e+00, 4.7794e+00
9.1350e+00, 4.1730e+00
9.2183e+00, 3.6812e+00
9.3016e+00, 3.2773e+00
9.3889e+00, 2.9302e+00
9.4762e+00, 2.6382e+00
9.5635e+00, 2.3900e+00
9.6508e+00, 2.1786e+00
9.7381e+00, 1.9973e+00
9.8254e+00, 1.8407e+00
9.9127e+00, 1.7043e+00
1.0000e+01, 1.5853e+00
1.0156e+01, 1.4060e+00
1.0312e+01, 1.2603e+00
1.0469e+01, 1.1406e+00
1.0625e+01, 1.0411e+00
1.0781e+01, 9.5729e-01
1.0938e+01, 8.8672e-01
1.1250e+01, 7.7332e-01
1.1562e+01, 6.8674e-01
1.1875e+01, 6.1942e-01
1.2188e+01, 5.6592e-01
1.2500e+01, 5.2260e-01
1.2812e+01, 4.8695e-01
1.3125e+01, 4.5738e-01
1.3750e+01, 4.1103e-01
1.4375e+01, 3.7668e-01
1.5000e+01, 3.5069e-01
1.5625e+01, 3.3072e-01
1.6250e+01, 3.1537e-01
1.7500e+01, 2.9480e-01
1.8750e+01, 2.8484e-01
2.0000e+01, 2.8439e-01
2.0738e+01, 2.8896e-01
2.1475e+01, 2.9792e-01
2.2213e+01, 3.1218e-01
2.2950e+01, 3.3334e-01
2.3319e+01, 3.4673e-01
2.3688e+01, 3.6404e-01
2.4057e+01, 3.8401e-01
2.4425e+01, 4.0858e-01
2.4794e+01, 4.3733e-01
2.5163e+01, 4.7375e-01
2.5532e+01, 5.1895e-01
2.5901e+01, 5.7584e-01
2.6187e+01, 6.3077e-01
2.6474e+01, 6.9809e-01
2.6761e+01, 7.8154e-01
2.7048e+01, 8.8417e-01
2.7335e+01, 1.0180e+00
2.7478e+01, 1.0995e+00
2.7622e+01, 1.1933e+00
2.7765e+01, 1.3022e+00
2.7908e+01, 1.4294e+00
2.8052e+01, 1.5793e+00
2.8195e+01, 1.7577e+00
2.8339e+01, 1.9724e+00
2.8482e+01, 2.2338e+00
2.8626e+01, 2.5547e+00
2.8769e+01, 2.9543e+00
2.8841e+01, 3.1948e+00
2.8912e+01, 3.4687e+00
2.8984e+01, 3.7821e+00
2.9056e+01, 4.1428e+00
2.9128e+01, 4.5606e+00
2.9199e+01, 5.0485e+00
2.9271e+01, 5.6233e+00
2.9343e+01, 6.3068e+00
2.9414e+01, 7.1283e+00
2.9486e+01, 8.1264e+00
2.9558e+01, 9.3557e+00
2.9630e+01, 1.0898e+01
2.9665e+01, 1.1823e+01
2.9701e+01, 1.2876e+01
2.9737e+01, 1.4083e+01
2.9773e+01, 1.5475e+01
2.9809e+01, 1.7094e+01
2.9845e+01, 1.8989e+01
2.9880e+01, 2.1232e+01
2.9916e+01, 2.3914e+01
2.9952e+01, 2.7164e+01
2.9988e+01, 3.1162e+01
3.0024e+01, 3.6178e+01
3.0042e+01, 3.9189e+01
3.0060e+01, 4.2622e+01
3.0078e+01, 4.6574e+01
3.0096e+01, 5.1163e+01
3.0114e+01, 5.6546e+01
3.0131e+01, 6.2930e+01
3.0149e+01, 7.0603e+01
3.0167e+01, 7.9931e+01
3.0185e+01, 9.1426e+01
3.0194e+01, 9.8179e+01
3.0203e+01, 1.0573e+02
3.0216e+01, 1.1815e+02
3.0222e+01, 1.2518e+02
3.0229e+01, 1.3281e+02
3.0235e+01, 1.4112e+02
3.0242e+01, 1.5015e+02
3.0248e+01, 1.5997e+02
3.0254e+01, 1.7065e+02
3.0261e+01, 1.8228e+02
3.0267e+01, 1.9490e+02
3.0274e+01, 2.0860e+02
3.0280e+01, 2.2345e+02
3.0286e+01, 2.3956e+02
3.0293e+01, 2.5695e+02
3.0299e+01, 2.7573e+02
3.0306e+01, 2.9597e+02
3.0313e+01, 3.2004e+02
3.0320e+01, 3.4600e+02
3.0327e+01, 3.7398e+02
3.0334e+01, 4.0402e+02
3.0341e+01, 4.3622e+02
3.0348e+01, 4.7051e+02
3.0362e+01, 5.4546e+02
3.0376e+01, 6.2866e+02
3.0390e+01, 7.1919e+02
3.0404e+01, 8.1578e+02
3.0418e+01, 9.1634e+02
3.0446e+01, 1.1191e+03
3.0475e+01, 1.3023e+03
3.0491e+01, 1.3887e+03
3.0507e+01, 1.4542e+03
3.0524e+01, 1.4948e+03
3.0540e+01, 1.5082e+03
3.0553e+01, 1.4994e+03
3.0576e+01, 1.4403e+03
3.0599e+01, 1.3326e+03
3.0623e+01, 1.1891e+03
3.0646e+01, 1.0255e+03
3.0672e+01, 8.4126e+02
3.0697e+01, 6.6808e+02
3.0710e+01, 5.8929e+02
3.0723e+01, 5.1699e+02
3.0736e+01, 4.5150e+02
3.0748e+01, 3.9305e+02
3.0761e+01, 3.4361e+02
3.0773e+01, 3.0015e+02
3.0785e+01, 2.6227e+02
3.0797e+01, 2.2950e+02
3.0809e+01, 2.0128e+02
3.0822e+01, 1.7712e+02
3.0834e+01, 1.5648e+02
3.0846e+01, 1.3888e+02
3.0858e+01, 1.2388e+02
3.0870e+01, 1.1109e+02
3.0883e+01, 1.0014e+02
3.0895e+01, 9.0762e+01
3.0907e+01, 8.2675e+01
3.0919e+01, 7.5681e+01
3.0932e+01, 6.9589e+01
3.0944e+01, 6.4262e+01
3.0966e+01, 5.6169e+01
3.0988e+01, 4.9628e+01
3.1010e+01, 4.4245e+01
3.1032e+01, 3.9751e+01
3.1054e+01, 3.5947e+01
3.1076e+01, 3.2692e+01
3.1099e+01, 2.9880e+01
3.1121e+01, 2.7429e+01
3.1165e+01, 2.3378e+01
3.1209e+01, 2.0184e+01
3.1253e+01, 1.7615e+01
3.1297e+01, 1.5518e+01
3.1337e+01, 1.3949e+01
3.1377e+01, 1.2613e+01
3.1416e+01, 1.1464e+01
3.1456e+01, 1.0469e+01
3.1495e+01, 9.6002e+00
3.1535e+01, 8.8378e+00
3.1614e+01, 7.5654e+00
3.1693e+01, 6.5515e+00
3.1772e+01, 5.7312e+00
3.1851e+01, 5.0585e+00
3.1930e+01, 4.5002e+00
3.2005e+01, 4.0570e+00
3.2079e+01, 3.6779e+00
3.2154e+01, 3.3512e+00
3.2228e+01, 3.0677e+00
3.2303e+01, 2.8206e+00
3.2377e+01, 2.6041e+00
3.2526e+01, 2.2423e+00
3.2675e+01, 1.9526e+00
3.2824e+01, 1.7182e+00
3.2973e+01, 1.5262e+00
3.3121e+01, 1.3670e+00
3.3280e+01, 1.2258e+00
3.3438e+01, 1.1075e+00
3.3596e+01, 1.0074e+00
3.3754e+01, 9.2215e-01
3.3913e+01, 8.4982e-01
3.4071e+01, 7.8674e-01
3.4387e+01, 6.8216e-01
3.4704e+01, 6.0114e-01
3.5020e+01, 5.3724e-01
3.5336e+01, 4.8610e-01
3.5653e+01, 4.4465e-01
3.5932e+01, 4.1439e-01
3.6211e+01, 3.8886e-01
3.6490e+01, 3.6733e-01
3.6770e+01, 3.4977e-01
3.7328e+01, 3.2036e-01
3.7886e+01, 2.9905e-01
3.8445e+01, 2.8390e-01
3.9003e+01, 2.7365e-01
3.9562e+01, 2.6749e-01
4.0120e+01, 2.6495e-01
4.0790e+01, 2.6640e-01
4.1460e+01, 2.7282e-01
4.2130e+01, 2.8470e-01
4.2800e+01, 3.0309e-01
4.3470e+01, 3.2989e-01
4.3805e+01, 3.4729e-01
4.4141e+01, 3.6833e-01
4.4476e+01, 3.9287e-01
4.4811e+01, 4.2352e-01
4.5146e+01, 4.6110e-01
4.5481e+01, 5.0772e-01
4.5760e+01, 5.5567e-01
4.6039e+01, 6.1455e-01
4.6318e+01, 6.8801e-01
4.6597e+01, 7.8081e-01
4.6737e+01, 8.3607e-01
4.6877e+01, 9.0008e-01
4.7016e+01, 9.7441e-01
4.7156e+01, 1.0610e+00
4.7295e+01, 1.1627e+00
4.7435e+01, 1.2834e+00
4.7575e+01, 1.4282e+00
4.7714e+01, 1.6041e+00
4.7835e+01, 1.7891e+00
4.7956e+01, 2.0127e+00
4.8077e+01, 2.2874e+00
4.8198e+01, 2.6326e+00
4.8259e+01, 2.8395e+00
4.8319e+01, 3.0749e+00
4.8380e+01, 3.3443e+00
4.8440e+01, 3.6545e+00
4.8501e+01, 4.0145e+00
4.8561e+01, 4.4356e+00
4.8622e+01, 4.9326e+00
4.8682e+01, 5.5252e+00
4.8743e+01, 6.2404e+00
4.8803e+01, 7.1158e+00
4.8864e+01, 8.2065e+00
4.8924e+01, 9.5933e+00
4.8954e+01, 1.0435e+01
4.8985e+01, 1.1402e+01
4.9015e+01, 1.2523e+01
4.9045e+01, 1.3834e+01
4.9075e+01, 1.5388e+01
4.9106e+01, 1.7253e+01
4.9136e+01, 1.9533e+01
4.9166e+01, 2.2376e+01
4.9196e+01, 2.6014e+01
4.9211e+01, 2.8234e+01
4.9227e+01, 3.0794e+01
4.9242e+01, 3.3772e+01
4.9257e+01, 3.7251e+01
4.9272e+01, 4.1343e+01
4.9287e+01, 4.6177e+01
4.9302e+01, 5.1912e+01
4.9317e+01, 5.8720e+01
4.9332e+01, 6.6815e+01
4.9348e+01, 7.6430e+01
4.9363e+01, 8.7833e+01
4.9378e+01, 1.0128e+02
4.9393e+01, 1.1708e+02
4.9408e+01, 1.3551e+02
4.9420e+01, 1.5250e+02
4.9432e+01, 1.7150e+02
4.9445e+01, 1.9263e+02
4.9457e+01, 2.1592e+02
4.9469e+01, 2.4145e+02
4.9481e+01, 2.6915e+02
4.9494e+01, 2.9898e+02
4.9506e+01, 3.3076e+02
4.9519e+01, 3.6596e+02
4.9531e+01, 4.0274e+02
4.9557e+01, 4.7937e+02
4.9583e+01, 5.5637e+02
4.9608e+01, 6.2834e+02
4.9635e+01, 6.9291e+02
4.9663e+01, 7.3886e+02
4.9681e+01, 7.5707e+02
4.9700e+01, 7.6308e+02
4.9712e+01, 7.6012e+02
4.9734e+01, 7.4273e+02
4.9755e+01, 7.1091e+02
4.9776e+01, 6.6674e+02
4.9797e+01, 6.1303e+02
4.9820e+01, 5.4597e+02
4.9844e+01, 4.7541e+02
4.9891e+01, 3.3917e+02
4.9918e+01, 2.6979e+02
4.9932e+01, 2.3896e+02
4.9945e+01, 2.1086e+02
4.9959e+01, 1.8551e+02
4.9973e+01, 1.6286e+02
4.9986e+01, 1.4278e+02
5.0000e+01, 1.2513e+02
5.0016e+01, 1.0680e+02
5.0033e+01, 9.1374e+01
5.0049e+01, 7.8463e+01
5.0066e+01, 6.7725e+01
5.0082e+01, 5.8810e+01
5.0099e+01, 5.1427e+01
5.0115e+01, 4.5302e+01
5.0132e+01, 4.0212e+01
5.0148e+01, 3.5959e+01
5.0165e+01, 3.2391e+01
5.0181e+01, 2.9372e+01
5.0198e+01, 2.6801e+01
5.0214e+01, 2.4593e+01
5.0231e+01, 2.2681e+01
5.0264e+01, 1.9547e+01
5.0295e+01, 1.7212e+01
5.0326e+01, 1.5317e+01
5.0357e+01, 1.3748e+01
5.0388e+01, 1.2433e+01
5.0419e+01, 1.1314e+01
5.0451e+01, 1.0355e+01
5.0482e+01, 9.5237e+00
5.0513e+01, 8.7987e+00
5.0575e+01, 7.5990e+00
5.0637e+01, 6.6533e+00
5.0700e+01, 5.8947e+00
5.0762e+01, 5.2776e+00
5.0824e+01, 4.7697e+00
5.0886e+01, 4.3478e+00
5.0949e+01, 3.9945e+00
5.1011e+01, 3.6968e+00
5.1073e+01, 3.4446e+00
5.1136e+01, 3.2297e+00
5.1260e+01, 2.8886e+00
5.1385e+01, 2.6396e+00
5.1509e+01, 2.4617e+00
5.1634e+01, 2.3411e+00
5.1758e+01, 2.2694e+00
5.1875e+01, 2.2422e+00
5.2000e+01, 2.2549e+00
5.2125e+01, 2.3124e+00
5.2249e+01, 2.4204e+00
5.2374e+01, 2.5893e+00
5.2498e+01, 2.8364e+00
5.2560e+01, 2.9979e+00
5.2623e+01, 3.1918e+00
5.2685e+01, 3.4257e+00
5.2747e+01, 3.7096e+00
5.2810e+01, 4.0569e+00
5.2872e+01, 4.4861e+00
5.2930e+01, 4.9884e+00
5.2989e+01, 5.6188e+00
5.3048e+01, 6.4255e+00
5.3077e+01, 6.9171e+00
5.3106e+01, 7.4849e+00
5.3136e+01, 8.1469e+00
5.3165e+01, 8.9274e+00
5.3194e+01, 9.8608e+00
5.3223e+01, 1.0995e+01
5.3253e+01, 1.2403e+01
5.3282e+01, 1.4188e+01
5.3297e+01, 1.5270e+01
5.3311e+01, 1.6512e+01
5.3326e+01, 1.7945e+01
5.3341e+01, 1.9610e+01
5.3354e+01, 2.1423e+01
5.3368e+01, 2.3526e+01
5.3382e+01, 2.5973e+01
5.3396e+01, 2.8824e+01
5.3409e+01, 3.2152e+01
5.3423e+01, 3.6033e+01
5.3437e+01, 4.0559e+01
5.3451e+01, 4.5818e+01
5.3464e+01, 5.1918e+01
5.3478e+01, 5.8961e+01
5.3492e+01, 6.7049e+01
5.3505e+01, 7.6275e+01
5.3519e+01, 8.6744e+01
5.3533e+01, 9.8515e+01
5.3547e+01, 1.1166e+02
5.3560e+01, 1.2618e+02
5.3575e+01, 1.4321e+02
5.3590e+01, 1.6173e+02
5.3604e+01, 1.8162e+02
5.3619e+01, 2.0269e+02
5.3634e+01, 2.2469e+02
5.3648e+01, 2.4725e+02
5.3678e+01, 2.9245e+02
5.3700e+01, 3.2453e+02
5.3722e+01, 3.5310e+02
5.3741e+01, 3.7392e+02
5.3760e+01, 3.8970e+02
5.3780e+01, 3.9991e+02
5.3800e+01, 4.0329e+02
5.3818e+01, 4.0017e+02
5.3834e+01, 3.9293e+02
5.3850e+01, 3.8175e+02
5.3881e+01, 3.4919e+02
5.3905e+01, 3.1743e+02
5.3929e+01, 2.8206e+02
5.3976e+01, 2.0906e+02
5.3997e+01, 1.7863e+02
5.4019e+01, 1.5071e+02
5.4040e+01, 1.2581e+02
5.4061e+01, 1.0417e+02
5.4082e+01, 8.5764e+01
5.4103e+01, 7.0432e+01
5.4114e+01, 6.3825e+01
5.4124e+01, 5.7877e+01
5.4135e+01, 5.2533e+01
5.4146e+01, 4.7747e+01
5.4156e+01, 4.3468e+01
5.4167e+01, 3.9658e+01
5.4177e+01, 3.6265e+01
5.4188e+01, 3.3252e+01
5.4209e+01, 2.8200e+01
5.4230e+01, 2.4219e+01
5.4251e+01, 2.1071e+01
5.4273e+01, 1.8566e+01
5.4294e+01, 1.6555e+01
5.4315e+01, 1.4923e+01
5.4336e+01, 1.3581e+01
5.4357e+01, 1.2464e+01
5.4378e+01, 1.1524e+01
5.4400e+01, 1.0724e+01
5.4442e+01, 9.4396e+00
5.4484e+01, 8.4610e+00
5.4513e+01, 7.9173e+00
5.4542e+01, 7.4560e+00
5.4601e+01, 6.7256e+00
5.4659e+01, 6.1887e+00
5.4717e+01, 5.7946e+00
5.4775e+01, 5.5104e+00
5.4834e+01, 5.3140e+00
5.4892e+01, 5.1904e+00
5.4950e+01, 5.1302e+00
5.5050e+01, 5.1592e+00
5.5151e+01, 5.3472e+00
5.5252e+01, 5.6995e+00
5.5352e+01, 6.2401e+00
5.5402e+01, 6.5942e+00
5.5453e+01, 7.0148e+00
5.5503e+01, 7.5130e+00
5.5553e+01, 8.1028e+00
5.5604e+01, 8.8037e+00
5.5654e+01, 9.6408e+00
5.5704e+01, 1.0648e+01
5.5754e+01, 1.1872e+01
5.5805e+01, 1.3376e+01
5.5855e+01, 1.5252e+01
5.5905e+01, 1.7636e+01
5.5930e+01, 1.9081e+01
5.5955e+01, 2.0742e+01
5.5981e+01, 2.2672e+01
5.6006e+01, 2.4937e+01
5.6031e+01, 2.7630e+01
5.6056e+01, 3.0879e+01
5.6081e+01, 3.4867e+01
5.6106e+01, 3.9842e+01
5.6131e+01, 4.6161e+01
5.6144e+01, 4.9969e+01
5.6157e+01, 5.4302e+01
5.6167e+01, 5.8429e+01
5.6178e+01, 6.3047e+01
5.6188e+01, 6.8230e+01
5.6199e+01, 7.4040e+01
5.6209e+01, 8.0567e+01
5.6220e+01, 8.7885e+01
5.6231e+01, 9.6093e+01
5.6241e+01, 1.0529e+02
5.6252e+01, 1.1558e+02
5.6262e+01, 1.2707e+02
5.6273e+01, 1.3988e+02
5.6284e+01, 1.5410e+02
5.6294e+01, 1.6987e+02
5.6305e+01, 1.8726e+02
5.6315e+01, 2.0638e+02
5.6326e+01, 2.2733e+02
5.6336e+01, 2.5019e+02
5.6347e+01, 2.7497e+02
5.6362e+01, 3.1230e+02
5.6376e+01, 3.5332e+02
5.6391e+01, 3.9793e+02
5.6405e+01, 4.4587e+02
5.6420e+01, 4.9677e+02
5.6434e+01, 5.4998e+02
5.6463e+01, 6.6043e+02
5.6493e+01, 7.6989e+02
5.6522e+01, 8.6930e+02
5.6553e+01, 9.5431e+02
5.6584e+01, 1.0065e+03
5.6610e+01, 1.0199e+03
5.6623e+01, 1.0162e+03
5.6640e+01, 1.0000e+03
5.6658e+01, 9.7163e+02
5.6675e+01, 9.3217e+02
5.6693e+01, 8.8328e+02
5.6720e+01, 7.9586e+02
5.6746e+01, 6.9830e+02
5.6799e+01, 4.9957e+02
5.6821e+01, 4.2209e+02
5.6844e+01, 3.5205e+02
5.6866e+01, 2.9050e+02
5.6889e+01, 2.3781e+02
5.6911e+01, 1.9369e+02
5.6923e+01, 1.7466e+02
5.6934e+01, 1.5749e+02
5.6945e+01, 1.4208e+02
5.6956e+01, 1.2828e+02
5.6967e+01, 1.1596e+02
5.6979e+01, 1.0500e+02
5.6999e+01, 8.8568e+01
5.7018e+01, 7.5293e+01
5.7038e+01, 6.4589e+01
5.7058e+01, 5.5946e+01
5.7078e+01, 4.8941e+01
5.7098e+01, 4.3228e+01
5.7118e+01, 3.8530e+01
5.7137e+01, 3.4631e+01
5.7157e+01, 3.1357e+01
5.7177e+01, 2.8579e+01
5.7197e+01, 2.6199e+01
5.7217e+01, 2.4138e+01
5.7256e+01, 2.0752e+01
5.7296e+01, 1.8088e+01
5.7336e+01, 1.5941e+01
5.7376e+01, 1.4177e+01
5.7415e+01, 1.2705e+01
5.7455e+01, 1.1463e+01
5.7495e+01, 1.0403e+01
5.7534e+01, 9.4909e+00
5.7574e+01, 8.6990e+00
5.7614e+01, 8.0069e+00
5.7693e+01, 6.8580e+00
5.7772e+01, 5.9480e+00
5.7852e+01, 5.2133e+00
5.7931e+01, 4.6114e+00
5.8010e+01, 4.1120e+00
5.8090e+01, 3.6930e+00
5.8169e+01, 3.3377e+00
5.8248e+01, 3.0339e+00
5.8328e+01, 2.7719e+00
5.8407e+01, 2.5447e+00
5.8486e+01, 2.3464e+00
5.8566e+01, 2.1720e+00
5.8725e+01, 1.8795e+00
5.8883e+01, 1.6447e+00
5.9042e+01, 1.4539e+00
5.9201e+01, 1.2968e+00
5.9359e+01, 1.1658e+00
5.9518e+01, 1.0554e+00
5.9677e+01, 9.6138e-01
5.9836e+01, 8.8063e-01
5.9994e+01, 8.1072e-01
6.0153e+01, 7.4980e-01
6.0470e+01, 6.5010e-01
6.0788e+01, 5.7084e-01
6.1105e+01, 5.0696e-01
6.1423e+01, 4.5490e-01
6.1740e+01, 4.1187e-01
6.2100e+01, 3.7152e-01
6.2460e+01, 3.3811e-01
6.2819e+01, 3.1012e-01
6.3179e+01, 2.8643e-01
6.3899e+01, 2.4935e-01
6.4618e+01, 2.2081e-01
6.5338e+01, 1.9886e-01
6.6057e+01, 1.8166e-01
6.6776e+01, 1.6798e-01
6.7496e+01, 1.5701e-01
6.8512e+01, 1.4518e-01
6.9527e+01, 1.3595e-01
7.0543e+01, 1.2875e-01
7.1559e+01, 1.2328e-01
7.3590e+01, 1.1654e-01
7.5622e+01, 1.1328e-01
7.7992e+01, 1.1329e-01
8.0362e+01, 1.1652e-01
8.2732e+01, 1.2292e-01
8.3917e+01, 1.2691e-01
8.5102e+01, 1.3230e-01
8.7472e+01, 1.4681e-01
8.8657e+01, 1.5632e-01
8.9843e+01, 1.6774e-01
9.1028e+01, 1.8150e-01
9.2213e+01, 1.9822e-01
9.3398e+01, 2.1876e-01
9.4583e+01, 2.4436e-01
9.5260e+01, 2.6204e-01
9.5937e+01, 2.8260e-01
9.6614e+01, 3.0657e-01
9.7291e+01, 3.3476e-01
9.7969e+01, 3.6827e-01
9.8646e+01, 4.0855e-01
9.9323e+01, 4.5764e-01
1.0000e+02, 5.1815e-01
1.0053e+02, 5.7645e-01
1.0106e+02, 6.4737e-01
1.0160e+02, 7.3470e-01
1.0213e+02, 8.4407e-01
1.0266e+02, 9.8233e-01
1.0293e+02, 1.0659e+00
1.0319e+02, 1.1628e+00
1.0346e+02, 1.2753e+00
1.0373e+02, 1.4065e+00
1.0399e+02, 1.5611e+00
1.0426e+02, 1.7449e+00
1.0451e+02, 1.9510e+00
1.0476e+02, 2.1987e+00
1.0501e+02, 2.4999e+00
1.0526e+02, 2.8694e+00
1.0551e+02, 3.3316e+00
1.0563e+02, 3.6093e+00
1.0576e+02, 3.9252e+00
1.0588e+02, 4.2868e+00
1.0601e+02, 4.7025e+00
1.0613e+02, 5.1843e+00
1.0625e+02, 5.7457e+00
1.0638e+02, 6.4307e+00
1.0645e+02, 6.8216e+00
1.0651e+02, 7.2498e+00
1.0658e+02, 7.7219e+00
1.0661e+02, 7.9758e+00
1.0664e+02, 8.2427e+00
1.0667e+02, 8.5247e+00
1.0671e+02, 8.8210e+00
1.0674e+02, 9.1335e+00
1.0677e+02, 9.4635e+00
1.0680e+02, 9.8012e+00
1.0683e+02, 1.0158e+01
1.0686e+02, 1.0535e+01
1.0690e+02, 1.0933e+01
1.0692e+02, 1.1227e+01
1.0694e+02, 1.1532e+01
1.0696e+02, 1.1852e+01
1.0698e+02, 1.2184e+01
1.0700e+02, 1.2532e+01
1.0703e+02, 1.2895e+01
1.0705e+02, 1.3273e+01
1.0707e+02, 1.3669e+01
1.0709e+02, 1.4105e+01
1.0712e+02, 1.4563e+01
1.0714e+02, 1.5044e+01
1.0716e+02, 1.5549e+01
1.0718e+02, 1.6082e+01
1.0721e+02, 1.6643e+01
1.0723e+02, 1.7236e+01
1.0725e+02, 1.7860e+01
1.0728e+02, 1.8522e+01
1.0730e+02, 1.9222e+01
1.0732e+02, 1.9965e+01
1.0734e+02, 2.0750e+01
1.0737e+02, 2.1588e+01
1.0739e+02, 2.2479e+01
1.0741e+02, 2.3430e+01
1.0744e+02, 2.4440e+01
1.0746e+02, 2.5524e+01
1.0748e+02, 2.6687e+01
1.0750e+02, 2.7934e+01
1.0753e+02, 2.9270e+01
1.0755e+02, 3.0716e+01
1.0757e+02, 3.2272e+01
1.0760e+02, 3.3965e+01
1.0762e+02, 3.5797e+01
1.0764e+02, 3.7802e+01
1.0766e+02, 3.9994e+01
1.0769e+02, 4.2402e+01
1.0771e+02, 4.5045e+01
1.0773e+02, 4.7986e+01
1.0776e+02, 5.1261e+01
1.0778e+02, 5.4929e+01
1.0780e+02, 5.9045e+01
1.0782e+02, 6.3735e+01
1.0785e+02, 6.9094e+01
1.0787e+02, 7.5264e+01
1.0789e+02, 8.2384e+01
1.0792e+02, 9.0734e+01
1.0794e+02, 1.0050e+02
1.0796e+02, 1.1210e+02
1.0798e+02, 1.2580e+02
1.0800e+02, 1.3592e+02
1.0801e+02, 1.4724e+02
1.0803e+02, 1.5992e+02
1.0804e+02, 1.7402e+02
1.0806e+02, 1.8991e+02
1.0807e+02, 2.0755e+02
1.0809e+02, 2.2739e+02
1.0810e+02, 2.4935e+02
1.0812e+02, 2.7397e+02
1.0813e+02, 3.0130e+02
1.0814e+02, 3.3157e+02
1.0816e+02, 3.6474e+02
1.0817e+02, 4.0147e+02
1.0819e+02, 4.4143e+02
1.0822e+02, 5.3268e+02
1.0824e+02, 6.1524e+02
1.0826e+02, 7.0735e+02
1.0829e+02, 8.0870e+02
1.0831e+02, 9.1802e+02
1.0836e+02, 1.1575e+03
1.0840e+02, 1.4089e+03
1.0845e+02, 1.6498e+03
1.0849e+02, 1.8532e+03
1.0852e+02, 1.9377e+03
1.0854e+02, 2.0004e+03
1.0857e+02, 2.0390e+03
1.0859e+02, 2.0516e+03
1.0862e+02, 2.0321e+03
1.0865e+02, 1.9761e+03
1.0868e+02, 1.8866e+03
1.0871e+02, 1.7694e+03
1.0874e+02, 1.6276e+03
1.0877e+02, 1.4715e+03
1.0883e+02, 1.1449e+03
1.0888e+02, 8.5316e+02
1.0891e+02, 7.2408e+02
1.0894e+02, 6.0944e+02
1.0897e+02, 5.0911e+02
1.0900e+02, 4.2357e+02
1.0903e+02, 3.5136e+02
1.0905e+02, 2.9172e+02
1.0908e+02, 2.4489e+02
1.0911e+02, 2.0651e+02
1.0914e+02, 1.7524e+02
1.0916e+02, 1.4986e+02
1.0919e+02, 1.2928e+02
1.0922e+02, 1.1255e+02
1.0924e+02, 9.8910e+01
1.0927e+02, 8.7706e+01
1.0930e+02, 7.8429e+01
1.0933e+02, 7.0678e+01
1.0935e+02, 6.4135e+01
1.0938e+02, 5.8556e+01
1.0941e+02, 5.3751e+01
1.0943e+02, 4.9576e+01
1.0949e+02, 4.2695e+01
1.0954e+02, 3.7491e+01
1.0959e+02, 3.3241e+01
1.0964e+02, 2.9713e+01
1.0969e+02, 2.6748e+01
1.0975e+02, 2.4219e+01
1.0980e+02, 2.2044e+01
1.0985e+02, 2.0158e+01
1.0990e+02, 1.8513e+01
1.1000e+02, 1.5783e+01
1.1011e+02, 1.3629e+01
1.1021e+02, 1.1895e+01
1.1031e+02, 1.0481e+01
1.1040e+02, 9.4232e+00
1.1050e+02, 8.5230e+00
1.1059e+02, 7.7501e+00
1.1068e+02, 7.0816e+00
1.1077e+02, 6.4987e+00
1.1086e+02, 5.9878e+00
1.1105e+02, 5.1355e+00
1.1123e+02, 4.4571e+00
1.1142e+02, 3.9102e+00
1.1160e+02, 3.4627e+00
1.1179e+02, 3.0925e+00
1.1198e+02, 2.7660e+00
1.1218e+02, 2.4928e+00
1.1237e+02, 2.2629e+00
1.1257e+02, 2.0682e+00
1.1276e+02, 1.9001e+00
1.1296e+02, 1.7537e+00
1.1335e+02, 1.5150e+00
1.1374e+02, 1.3312e+00
1.1413e+02, 1.1876e+00
1.1452e+02, 1.0740e+00
1.1491e+02, 9.8339e-01
1.1534e+02, 9.0364e-01
1.1577e+02, 8.4281e-01
1.1621e+02, 7.9390e-01
1.1664e+02, 7.5653e-01
1.1707e+02, 7.2777e-01
1.1751e+02, 7.0781e-01
1.1837e+02, 6.8805e-01
1.1916e+02, 6.9139e-01
1.1994e+02, 7.1354e-01
1.2072e+02, 7.5539e-01
1.2150e+02, 8.1980e-01
1.2189e+02, 8.6159e-01
1.2228e+02, 9.1214e-01
1.2267e+02, 9.7132e-01
1.2306e+02, 1.0411e+00
1.2345e+02, 1.1219e+00
1.2384e+02, 1.2198e+00
1.2423e+02, 1.3369e+00
1.2462e+02, 1.4776e+00
1.2499e+02, 1.6377e+00
1.2535e+02, 1.8316e+00
1.2572e+02, 2.0689e+00
1.2609e+02, 2.3633e+00
1.2646e+02, 2.7333e+00
1.2664e+02, 2.9536e+00
1.2683e+02, 3.2035e+00
1.2701e+02, 3.4911e+00
1.2720e+02, 3.8232e+00
1.2738e+02, 4.2081e+00
1.2747e+02, 4.4237e+00
1.2757e+02, 4.6571e+00
1.2764e+02, 4.8490e+00
1.2771e+02, 5.0535e+00
1.2778e+02, 5.2723e+00
1.2785e+02, 5.5061e+00
1.2792e+02, 5.7571e+00
1.2799e+02, 6.0261e+00
1.2802e+02, 6.1684e+00
1.2806e+02, 6.3157e+00
1.2809e+02, 6.4685e+00
1.2813e+02, 6.6271e+00
1.2816e+02, 6.7796e+00
1.2819e+02, 6.9370e+00
1.2825e+02, 7.2409e+00
1.2828e+02, 7.4006e+00
1.2831e+02, 7.5660e+00
1.2834e+02, 7.7371e+00
1.2837e+02, 7.9143e+00
1.2840e+02, 8.0978e+00
1.2843e+02, 8.2881e+00
1.2847e+02, 8.5409e+00
1.2851e+02, 8.8051e+00
1.2855e+02, 9.0830e+00
1.2858e+02, 9.3738e+00
1.2862e+02, 9.6802e+00
1.2866e+02, 1.0001e+01
1.2870e+02, 1.0339e+01
1.2874e+02, 1.0695e+01
1.2877e+02, 1.0988e+01
1.2880e+02, 1.1294e+01
1.2886e+02, 1.1947e+01
1.2891e+02, 1.2659e+01
1.2897e+02, 1.3439e+01
1.2903e+02, 1.4296e+01
1.2909e+02, 1.5240e+01
1.2915e+02, 1.6283e+01
1.2921e+02, 1.7441e+01
1.2927e+02, 1.8733e+01
1.2933e+02, 2.0176e+01
1.2939e+02, 2.1799e+01
1.2945e+02, 2.3632e+01
1.2951e+02, 2.5715e+01
1.2957e+02, 2.8098e+01
1.2963e+02, 3.0842e+01
1.2969e+02, 3.4026e+01
1.2975e+02, 3.7757e+01
1.2981e+02, 4.2171e+01
1.2984e+02, 4.4692e+01
1.2987e+02, 4.7461e+01
1.2990e+02, 5.0512e+01
1.2993e+02, 5.3891e+01
1.2996e+02, 5.7648e+01
1.2999e+02, 6.1848e+01
1.3002e+02, 6.6572e+01
1.3005e+02, 7.1917e+01
1.3008e+02, 7.8009e+01
1.3011e+02, 8.5004e+01
1.3014e+02, 9.3104e+01
1.3017e+02, 1.0256e+02
1.3019e+02, 1.0998e+02
1.3021e+02, 1.1826e+02
1.3023e+02, 1.2759e+02
1.3025e+02, 1.3813e+02
1.3027e+02, 1.5012e+02
1.3029e+02, 1.6369e+02
1.3031e+02, 1.7912e+02
1.3033e+02, 1.9669e+02
1.3035e+02, 2.1683e+02
1.3037e+02, 2.3968e+02
1.3039e+02, 2.6568e+02
1.3041e+02, 2.9524e+02
1.3043e+02, 3.2893e+02
1.3045e+02, 3.6684e+02
1.3047e+02, 4.0951e+02
1.3049e+02, 4.5734e+02
1.3052e+02, 5.3759e+02
1.3055e+02, 6.3050e+02
1.3058e+02, 7.3646e+02
1.3061e+02, 8.5526e+02
1.3064e+02, 9.8596e+02
1.3067e+02, 1.1267e+03
1.3073e+02, 1.4267e+03
1.3079e+02, 1.7227e+03
1.3085e+02, 1.9728e+03
1.3088e+02, 2.0613e+03
1.3090e+02, 2.1272e+03
1.3093e+02, 2.1677e+03
1.3096e+02, 2.1811e+03
1.3100e+02, 2.1567e+03
1.3103e+02, 2.0864e+03
1.3107e+02, 1.9753e+03
1.3111e+02, 1.8312e+03
1.3115e+02, 1.6463e+03
1.3119e+02, 1.4462e+03
1.3127e+02, 1.0488e+03
1.3130e+02, 9.0647e+02
1.3133e+02, 7.7700e+02
1.3136e+02, 6.6104e+02
1.3139e+02, 5.5982e+02
1.3142e+02, 4.7242e+02
1.3145e+02, 3.9853e+02
1.3148e+02, 3.3644e+02
1.3152e+02, 2.8513e+02
1.3155e+02, 2.4275e+02
1.3158e+02, 2.0814e+02
1.3161e+02, 1.7976e+02
1.3164e+02, 1.5661e+02
1.3167e+02, 1.3755e+02
1.3170e+02, 1.2188e+02
1.3174e+02, 1.0881e+02
1.3177e+02, 9.7905e+01
1.3180e+02, 8.8655e+01
1.3183e+02, 8.0788e+01
1.3186e+02, 7.3995e+01
1.3189e+02, 6.8114e+01
1.3195e+02, 5.8411e+01
1.3202e+02, 5.0785e+01
1.3208e+02, 4.4882e+01
1.3214e+02, 4.0011e+01
1.3220e+02, 3.5920e+01
1.3226e+02, 3.2457e+01
1.3232e+02, 2.9485e+01
1.3238e+02, 2.6922e+01
1.3244e+02, 2.4687e+01
1.3250e+02, 2.2733e+01
1.3262e+02, 1.9483e+01
1.3274e+02, 1.6911e+01
1.3286e+02, 1.4842e+01
1.3297e+02, 1.3156e+01
1.3309e+02, 1.1762e+01
1.3321e+02, 1.0598e+01
1.3333e+02, 9.6164e+00
1.3345e+02, 8.7817e+00
1.3357e+02, 8.0690e+00
1.3369e+02, 7.4588e+00
1.3381e+02, 6.9355e+00
1.3393e+02, 6.4870e+00
1.3417e+02, 5.7760e+00
1.3441e+02, 5.2733e+00
1.3465e+02, 4.9519e+00
1.3489e+02, 4.8097e+00
1.3503e+02, 4.8188e+00
1.3517e+02, 4.9118e+00
1.3532e+02, 5.1106e+00
1.3546e+02, 5.4523e+00
1.3553e+02, 5.6948e+00
1.3560e+02, 5.9986e+00
1.3567e+02, 6.3798e+00
1.3574e+02, 6.8584e+00
1.3582e+02, 7.4663e+00
1.3589e+02, 8.2477e+00
1.3596e+02, 9.2768e+00
1.3599e+02, 9.9206e+00
1.3603e+02, 1.0681e+01
1.3606e+02, 1.1395e+01
1.3609e+02, 1.2229e+01
1.3612e+02, 1.3213e+01
1.3614e+02, 1.4388e+01
1.3617e+02, 1.5807e+01
1.3620e+02, 1.7542e+01
1.3623e+02, 1.9685e+01
1.3626e+02, 2.2354e+01
1.3629e+02, 2.5700e+01
1.3631e+02, 2.9908e+01
1.3634e+02, 3.5205e+01
1.3637e+02, 4.1858e+01
1.3640e+02, 5.0175e+01
1.3643e+02, 6.0496e+01
1.3646e+02, 7.3183e+01
1.3647e+02, 8.0500e+01
1.3649e+02, 8.8537e+01
1.3651e+02, 1.0456e+02
1.3654e+02, 1.2305e+02
1.3656e+02, 1.4430e+02
1.3659e+02, 1.6818e+02
1.3661e+02, 1.9485e+02
1.3664e+02, 2.2393e+02
1.3666e+02, 2.5525e+02
1.3669e+02, 2.8835e+02
1.3671e+02, 3.1974e+02
1.3677e+02, 4.0657e+02
1.3680e+02, 4.4702e+02
1.3683e+02, 4.8275e+02
1.3686e+02, 5.1207e+02
1.3690e+02, 5.3338e+02
1.3692e+02, 5.4437e+02
1.3695e+02, 5.4802e+02
1.3696e+02, 5.4698e+02
1.3700e+02, 5.3413e+02
1.3704e+02, 5.0773e+02
1.3709e+02, 4.5361e+02
1.3714e+02, 3.8616e+02
1.3719e+02, 3.2184e+02
1.3724e+02, 2.5919e+02
1.3728e+02, 2.0238e+02
1.3731e+02, 1.7699e+02
1.3733e+02, 1.5387e+02
1.3735e+02, 1.3548e+02
1.3737e+02, 1.1895e+02
1.3739e+02, 1.0416e+02
1.3741e+02, 9.1023e+01
1.3743e+02, 7.9448e+01
1.3745e+02, 6.9317e+01
1.3747e+02, 6.0506e+01
1.3749e+02, 5.2886e+01
1.3751e+02, 4.6329e+01
1.3753e+02, 4.0709e+01
1.3755e+02, 3.5908e+01
1.3757e+02, 3.1817e+01
1.3759e+02, 2.8336e+01
1.3761e+02, 2.5374e+01
1.3763e+02, 2.2854e+01
1.3765e+02, 2.0705e+01
1.3767e+02, 1.8860e+01
1.3769e+02, 1.7285e+01
1.3771e+02, 1.5929e+01
1.3773e+02, 1.4754e+01
1.3777e+02, 1.2835e+01
1.3781e+02, 1.1344e+01
1.3785e+02, 1.0156e+01
1.3789e+02, 9.1875e+00
1.3793e+02, 8.3819e+00
1.3797e+02, 7.7002e+00
1.3802e+02, 7.1139e+00
1.3806e+02, 6.6064e+00
1.3814e+02, 5.7687e+00
1.3822e+02, 5.1067e+00
1.3830e+02, 4.5715e+00
1.3839e+02, 4.0741e+00
1.3848e+02, 3.6683e+00
1.3858e+02, 3.3322e+00
1.3867e+02, 3.0503e+00
1.3876e+02, 2.8106e+00
1.3885e+02, 2.6049e+00
1.3904e+02, 2.2706e+00
1.3922e+02, 2.0104e+00
1.3941e+02, 1.8029e+00
1.3959e+02, 1.6342e+00
1.3978e+02, 1.4947e+00
1.4002e+02, 1.3446e+00
1.4026e+02, 1.2231e+00
1.4050e+02, 1.1229e+00
1.4075e+02, 1.0378e+00
1.4099e+02, 9.6493e-01
1.4123e+02, 9.0210e-01
1.4172e+02, 7.9958e-01
1.4220e+02, 7.1972e-01
1.4269e+02, 6.5624e-01
1.4317e+02, 6.0593e-01
1.4366e+02, 5.6339e-01
1.4421e+02, 5.2414e-01
1.4476e+02, 4.9248e-01
1.4532e+02, 4.6692e-01
1.4587e+02, 4.4670e-01
1.4698e+02, 4.1975e-01
1.4809e+02, 4.0776e-01
1.4892e+02, 4.0828e-01
1.4975e+02, 4.1727e-01
1.5058e+02, 4.3589e-01
1.5141e+02, 4.6622e-01
1.5225e+02, 5.1182e-01
1.5266e+02, 5.4202e-01
1.5308e+02, 5.7833e-01
1.5349e+02, 6.2125e-01
1.5391e+02, 6.7458e-01
1.5432e+02, 7.3994e-01
1.5474e+02, 8.2056e-01
1.5511e+02, 9.0877e-01
1.5548e+02, 1.0173e+00
1.5585e+02, 1.1524e+00
1.5622e+02, 1.3232e+00
1.5659e+02, 1.5410e+00
1.5677e+02, 1.6738e+00
1.5696e+02, 1.8277e+00
1.5714e+02, 2.0071e+00
1.5733e+02, 2.2173e+00
1.5751e+02, 2.4657e+00
1.5770e+02, 2.7620e+00
1.5787e+02, 3.0952e+00
1.5804e+02, 3.4966e+00
1.5822e+02, 3.9858e+00
1.5839e+02, 4.5903e+00
1.5856e+02, 5.3514e+00
1.5865e+02, 5.8091e+00
1.5874e+02, 6.3312e+00
1.5882e+02, 6.9302e+00
1.5891e+02, 7.6223e+00
1.5900e+02, 8.4280e+00
1.5904e+02, 8.8817e+00
1.5908e+02, 9.3745e+00
1.5912e+02, 9.8380e+00
1.5916e+02, 1.0337e+01
1.5919e+02, 1.0877e+01
1.5923e+02, 1.1462e+01
1.5927e+02, 1.2100e+01
1.5931e+02, 1.2793e+01
1.5934e+02, 1.3551e+01
1.5936e+02, 1.3958e+01
1.5938e+02, 1.4383e+01
1.5940e+02, 1.4796e+01
1.5942e+02, 1.5227e+01
1.5943e+02, 1.5680e+01
1.5945e+02, 1.6152e+01
1.5947e+02, 1.6647e+01
1.5949e+02, 1.7167e+01
1.5950e+02, 1.7713e+01
1.5952e+02, 1.8287e+01
1.5954e+02, 1.8893e+01
1.5956e+02, 1.9531e+01
1.5958e+02, 2.0382e+01
1.5960e+02, 2.1292e+01
1.5962e+02, 2.2274e+01
1.5964e+02, 2.3328e+01
1.5966e+02, 2.4474e+01
1.5969e+02, 2.5710e+01
1.5971e+02, 2.7063e+01
1.5973e+02, 2.8533e+01
1.5974e+02, 2.9705e+01
1.5976e+02, 3.0962e+01
1.5978e+02, 3.2314e+01
1.5979e+02, 3.3761e+01
1.5981e+02, 3.5335e+01
1.5982e+02, 3.7040e+01
1.5984e+02, 3.8892e+01
1.5986e+02, 4.0896e+01
1.5987e+02, 4.3098e+01
1.5989e+02, 4.5510e+01
1.5990e+02, 4.8157e+01
1.5992e+02, 5.1051e+01
1.5993e+02, 5.4263e+01
1.5995e+02, 5.7812e+01
1.5997e+02, 6.1741e+01
1.5998e+02, 6.6071e+01
1.6000e+02, 7.0907e+01
1.6001e+02, 7.6284e+01
1.6003e+02, 8.2264e+01
1.6005e+02, 8.8920e+01
1.6006e+02, 9.6326e+01
1.6008e+02, 1.0457e+02
1.6009e+02, 1.1373e+02
1.6011e+02, 1.2384e+02
1.6013e+02, 1.3512e+02
1.6014e+02, 1.4762e+02
1.6016e+02, 1.6144e+02
1.6017e+02, 1.7658e+02
1.6019e+02, 1.9335e+02
1.6020e+02, 2.1175e+02
1.6022e+02, 2.3189e+02
1.6024e+02, 2.5371e+02
1.6026e+02, 2.9376e+02
1.6029e+02, 3.3920e+02
1.6031e+02, 3.9019e+02
1.6034e+02, 4.4651e+02
1.6037e+02, 5.0838e+02
1.6039e+02, 5.7517e+02
1.6044e+02, 7.2024e+02
1.6051e+02, 9.0751e+02
1.6057e+02, 1.0837e+03
1.6060e+02, 1.1606e+03
1.6064e+02, 1.2240e+03
1.6067e+02, 1.2710e+03
1.6070e+02, 1.2992e+03
1.6073e+02, 1.3073e+03
1.6074e+02, 1.3063e+03
1.6077e+02, 1.2934e+03
1.6079e+02, 1.2663e+03
1.6085e+02, 1.1739e+03
1.6088e+02, 1.0929e+03
1.6092e+02, 9.9984e+02
1.6099e+02, 7.9592e+02
1.6105e+02, 6.1829e+02
1.6108e+02, 5.3631e+02
1.6111e+02, 4.6089e+02
1.6114e+02, 3.9288e+02
1.6117e+02, 3.3266e+02
1.6121e+02, 2.8024e+02
1.6124e+02, 2.3542e+02
1.6126e+02, 2.0204e+02
1.6129e+02, 1.7342e+02
1.6132e+02, 1.4908e+02
1.6134e+02, 1.2857e+02
1.6137e+02, 1.1126e+02
1.6140e+02, 9.6763e+01
1.6142e+02, 8.4640e+01
1.6145e+02, 7.4546e+01
1.6148e+02, 6.6071e+01
1.6150e+02, 5.8965e+01
1.6153e+02, 5.2985e+01
1.6156e+02, 4.7943e+01
1.6158e+02, 4.3633e+01
1.6161e+02, 3.9953e+01
1.6164e+02, 3.6762e+01
1.6166e+02, 3.3995e+01
1.6171e+02, 3.0042e+01
1.6176e+02, 2.6823e+01
1.6180e+02, 2.4146e+01
1.6185e+02, 2.1887e+01
1.6189e+02, 1.9955e+01
1.6194e+02, 1.8285e+01
1.6198e+02, 1.6828e+01
1.6203e+02, 1.5547e+01
1.6212e+02, 1.3406e+01
1.6221e+02, 1.1694e+01
1.6230e+02, 1.0301e+01
1.6239e+02, 9.1509e+00
1.6248e+02, 8.1875e+00
1.6257e+02, 7.3732e+00
1.6266e+02, 6.6772e+00
1.6275e+02, 6.0771e+00
1.6284e+02, 5.5560e+00
1.6293e+02, 5.1006e+00
1.6311e+02, 4.3465e+00
1.6330e+02, 3.7515e+00
1.6348e+02, 3.2743e+00
1.6366e+02, 2.8854e+00
1.6384e+02, 2.5648e+00
1.6401e+02, 2.3084e+00
1.6419e+02, 2.0902e+00
1.6436e+02, 1.9022e+00
1.6453e+02, 1.7392e+00
1.6470e+02, 1.5973e+00
1.6488e+02, 1.4730e+00
1.6522e+02, 1.2668e+00
1.6557e+02, 1.1036e+00
1.6592e+02, 9.7245e-01
1.6626e+02, 8.6543e-01
1.6661e+02, 7.7770e-01
1.6704e+02, 6.8855e-01
1.6746e+02, 6.1524e-01
1.6789e+02, 5.5485e-01
1.6832e+02, 5.0461e-01
1.6875e+02, 4.6241e-01
1.6918e+02, 4.2669e-01
1.6961e+02, 3.9622e-01
1.7003e+02, 3.7007e-01
1.7089e+02, 3.2794e-01
1.7175e+02, 2.9695e-01
1.7260e+02, 2.7238e-01
1.7346e+02, 2.5383e-01
1.7451e+02, 2.3731e-01
1.7557e+02, 2.2628e-01
1.7662e+02, 2.1984e-01
1.7768e+02, 2.1748e-01
1.7880e+02, 2.1928e-01
1.7992e+02, 2.2570e-01
1.8104e+02, 2.3734e-01
1.8216e+02, 2.5535e-01
1.8328e+02, 2.8168e-01
1.8384e+02, 2.9846e-01
1.8440e+02, 3.1844e-01
1.8496e+02, 3.4300e-01
1.8552e+02, 3.7270e-01
1.8608e+02, 4.0886e-01
1.8664e+02, 4.5333e-01
1.8713e+02, 5.0147e-01
1.8763e+02, 5.6049e-01
1.8812e+02, 6.3381e-01
1.8862e+02, 7.2571e-01
1.8886e+02, 7.8027e-01
1.8911e+02, 8.4282e-01
1.8936e+02, 9.1487e-01
1.8961e+02, 9.9802e-01
1.8985e+02, 1.0946e+00
1.9010e+02, 1.2076e+00
1.9035e+02, 1.3410e+00
1.9059e+02, 1.5001e+00
1.9082e+02, 1.6779e+00
1.9106e+02, 1.8915e+00
1.9129e+02, 2.1508e+00
1.9152e+02, 2.4705e+00
1.9175e+02, 2.8732e+00
1.9186e+02, 3.1149e+00
1.9198e+02, 3.3901e+00
1.9209e+02, 3.7054e+00
1.9221e+02, 4.0685e+00
1.9232e+02, 4.4898e+00
1.9244e+02, 4.9825e+00
1.9260e+02, 5.8220e+00
1.9268e+02, 6.3264e+00
1.9276e+02, 6.9021e+00
1.9284e+02, 7.5646e+00
1.9288e+02, 7.9339e+00
1.9292e+02, 8.3312e+00
1.9296e+02, 8.7616e+00
1.9300e+02, 9.2267e+00
1.9304e+02, 9.7332e+00
1.9308e+02, 1.0283e+01
1.9311e+02, 1.0647e+01
1.9313e+02, 1.1031e+01
1.9316e+02, 1.1438e+01
1.9318e+02, 1.1869e+01
1.9320e+02, 1.2288e+01
1.9323e+02, 1.2730e+01
1.9325e+02, 1.3199e+01
1.9327e+02, 1.3694e+01
1.9329e+02, 1.4222e+01
1.9332e+02, 1.4781e+01
1.9334e+02, 1.5380e+01
1.9336e+02, 1.6015e+01
1.9338e+02, 1.6698e+01
1.9341e+02, 1.7430e+01
1.9343e+02, 1.8216e+01
1.9345e+02, 1.9059e+01
1.9348e+02, 1.9974e+01
1.9350e+02, 2.0961e+01
1.9352e+02, 2.2038e+01
1.9354e+02, 2.3209e+01
1.9356e+02, 2.4313e+01
1.9358e+02, 2.5512e+01
1.9360e+02, 2.6817e+01
1.9362e+02, 2.8235e+01
1.9364e+02, 2.9797e+01
1.9366e+02, 3.1506e+01
1.9368e+02, 3.3401e+01
1.9370e+02, 3.5488e+01
1.9372e+02, 3.7819e+01
1.9374e+02, 4.0417e+01
1.9376e+02, 4.3321e+01
1.9378e+02, 4.6558e+01
1.9380e+02, 5.0213e+01
1.9382e+02, 5.4304e+01
1.9384e+02, 5.8939e+01
1.9386e+02, 6.4140e+01
1.9387e+02, 6.9723e+01
1.9389e+02, 7.5952e+01
1.9391e+02, 8.2978e+01
1.9393e+02, 9.0810e+01
1.9395e+02, 9.9626e+01
1.9397e+02, 1.0943e+02
1.9399e+02, 1.2037e+02
1.9400e+02, 1.3254e+02
1.9402e+02, 1.4613e+02
1.9404e+02, 1.6110e+02
1.9406e+02, 1.7763e+02
1.9408e+02, 1.9580e+02
1.9410e+02, 2.1581e+02
1.9412e+02, 2.3754e+02
1.9415e+02, 2.8668e+02
1.9418e+02, 3.2065e+02
1.9420e+02, 3.5755e+02
1.9424e+02, 4.3951e+02
1.9429e+02, 5.3116e+02
1.9433e+02, 6.2959e+02
1.9441e+02, 7.9363e+02
1.9448e+02, 9.3956e+02
1.9454e+02, 1.0184e+03
1.9459e+02, 1.0654e+03
1.9463e+02, 1.0766e+03
1.9466e+02, 1.0699e+03
1.9469e+02, 1.0504e+03
1.9472e+02, 1.0188e+03
1.9475e+02, 9.7640e+02
1.9479e+02, 9.1552e+02
1.9483e+02, 8.4524e+02
1.9490e+02, 6.8841e+02
1.9496e+02, 5.6307e+02
1.9501e+02, 4.4633e+02
1.9504e+02, 3.9326e+02
1.9507e+02, 3.4440e+02
1.9510e+02, 3.0003e+02
1.9513e+02, 2.6035e+02
1.9515e+02, 2.2503e+02
1.9518e+02, 1.9404e+02
1.9521e+02, 1.6710e+02
1.9524e+02, 1.4389e+02
1.9527e+02, 1.2404e+02
1.9530e+02, 1.0717e+02
1.9532e+02, 9.2912e+01
1.9535e+02, 8.0907e+01
1.9538e+02, 7.0824e+01
1.9541e+02, 6.2366e+01
1.9544e+02, 5.5269e+01
1.9547e+02, 4.9303e+01
1.9550e+02, 4.4273e+01
1.9552e+02, 4.0013e+01
1.9555e+02, 3.6386e+01
1.9558e+02, 3.3279e+01
1.9561e+02, 3.0705e+01
1.9563e+02, 2.8464e+01
1.9569e+02, 2.4746e+01
1.9574e+02, 2.1794e+01
1.9580e+02, 1.9397e+01
1.9585e+02, 1.7411e+01
1.9591e+02, 1.5740e+01
1.9596e+02, 1.4314e+01
1.9601e+02, 1.3085e+01
1.9607e+02, 1.2014e+01
1.9612e+02, 1.1076e+01
1.9623e+02, 9.5147e+00
1.9634e+02, 8.2724e+00
1.9645e+02, 7.2662e+00
1.9655e+02, 6.5111e+00
1.9664e+02, 5.8719e+00
1.9674e+02, 5.3254e+00
1.9684e+02, 4.8542e+00
1.9694e+02, 4.4445e+00
1.9704e+02, 4.0860e+00
1.9723e+02, 3.4907e+00
1.9743e+02, 3.0203e+00
1.9763e+02, 2.6423e+00
1.9782e+02, 2.3339e+00
1.9802e+02, 2.0792e+00
1.9827e+02, 1.8160e+00
1.9851e+02, 1.6034e+00
1.9876e+02, 1.4294e+00
1.9901e+02, 1.2845e+00
1.9926e+02, 1.1623e+00
1.9950e+02, 1.0586e+00
1.9975e+02, 9.7026e-01
2.0000e+02, 8.9466e-01
2.0035e+02, 8.0499e-01
2.0070e+02, 7.3067e-01
2.0105e+02, 6.6891e-01
2.0140e+02, 6.1731e-01
2.0175e+02, 5.7396e-01
2.0210e+02, 5.3740e-01
2.0279e+02, 4.8045e-01
2.0349e+02, 4.4014e-01
2.0419e+02, 4.1257e-01
2.0489e+02, 3.9620e-01
2.0559e+02, 3.8796e-01
2.0623e+02, 3.8824e-01
2.0687e+02, 3.9490e-01
2.0751e+02, 4.1084e-01
2.0815e+02, 4.3696e-01
2.0879e+02, 4.7628e-01
2.0911e+02, 5.0240e-01
2.0943e+02, 5.3400e-01
2.0975e+02, 5.7233e-01
2.1007e+02, 6.1877e-01
2.1039e+02, 6.7542e-01
2.1071e+02, 7.4632e-01
2.1098e+02, 8.1816e-01
2.1124e+02, 9.0604e-01
2.1150e+02, 1.0150e+00
2.1176e+02, 1.1523e+00
2.1202e+02, 1.3286e+00
2.1216e+02, 1.4358e+00
2.1229e+02, 1.5594e+00
2.1242e+02, 1.7032e+00
2.1255e+02, 1.8719e+00
2.1268e+02, 2.0721e+00
2.1281e+02, 2.3122e+00
2.1294e+02, 2.6038e+00
2.1307e+02, 2.9626e+00
2.1320e+02, 3.4119e+00
2.1333e+02, 3.9860e+00
2.1340e+02, 4.3362e+00
2.1347e+02, 4.7397e+00
2.1353e+02, 5.2096e+00
2.1360e+02, 5.7627e+00
2.1366e+02, 6.4227e+00
2.1373e+02, 7.2239e+00
2.1379e+02, 8.2185e+00
2.1386e+02, 9.4900e+00
2.1391e+02, 1.0757e+01
2.1394e+02, 1.1515e+01
2.1396e+02, 1.2373e+01
2.1399e+02, 1.3360e+01
2.1401e+02, 1.4498e+01
2.1404e+02, 1.5817e+01
2.1406e+02, 1.7350e+01
2.1408e+02, 1.8218e+01
2.1409e+02, 1.9152e+01
2.1410e+02, 2.0173e+01
2.1411e+02, 2.1272e+01
2.1413e+02, 2.2476e+01
2.1414e+02, 2.3774e+01
2.1415e+02, 2.5185e+01
2.1416e+02, 2.6718e+01
2.1418e+02, 2.8399e+01
2.1419e+02, 3.0212e+01
2.1420e+02, 3.2199e+01
2.1422e+02, 3.4342e+01
2.1423e+02, 3.6689e+01
2.1424e+02, 3.9217e+01
2.1425e+02, 4.1959e+01
2.1427e+02, 4.4932e+01
2.1428e+02, 4.8177e+01
2.1429e+02, 5.1661e+01
2.1430e+02, 5.5457e+01
2.1432e+02, 5.9522e+01
2.1434e+02, 6.6573e+01
2.1436e+02, 7.4477e+01
2.1438e+02, 8.3303e+01
2.1440e+02, 9.3117e+01
2.1442e+02, 1.0404e+02
2.1444e+02, 1.1601e+02
2.1446e+02, 1.2913e+02
2.1448e+02, 1.4343e+02
2.1450e+02, 1.5820e+02
2.1452e+02, 1.7407e+02
2.1455e+02, 2.0902e+02
2.1459e+02, 2.4792e+02
2.1463e+02, 2.9011e+02
2.1470e+02, 3.7138e+02
2.1477e+02, 4.5106e+02
2.1481e+02, 4.9229e+02
2.1485e+02, 5.2721e+02
2.1489e+02, 5.5655e+02
2.1494e+02, 5.7325e+02
2.1497e+02, 5.7671e+02
2.1498e+02, 5.7646e+02
2.1500e+02, 5.7245e+02
2.1503e+02, 5.6361e+02
2.1508e+02, 5.3263e+02
2.1514e+02, 4.8426e+02
2.1519e+02, 4.2481e+02
2.1531e+02, 2.9498e+02
2.1536e+02, 2.3442e+02
2.1539e+02, 2.0679e+02
2.1542e+02, 1.8135e+02
2.1544e+02, 1.5900e+02
2.1547e+02, 1.3883e+02
2.1550e+02, 1.2073e+02
2.1552e+02, 1.0464e+02
2.1555e+02, 9.0427e+01
2.1557e+02, 7.8060e+01
2.1560e+02, 6.7341e+01
2.1563e+02, 5.8115e+01
2.1565e+02, 5.0196e+01
2.1568e+02, 4.3486e+01
2.1571e+02, 3.7802e+01
2.1573e+02, 3.3005e+01
2.1576e+02, 2.8965e+01
2.1579e+02, 2.5567e+01
2.1581e+02, 2.2709e+01
2.1584e+02, 2.0303e+01
2.1586e+02, 1.8358e+01
2.1589e+02, 1.6698e+01
2.1591e+02, 1.5277e+01
2.1594e+02, 1.4058e+01
2.1596e+02, 1.2998e+01
2.1599e+02, 1.2078e+01
2.1604e+02, 1.0558e+01
2.1609e+02, 9.3579e+00
2.1614e+02, 8.3907e+00
2.1619e+02, 7.5925e+00
2.1624e+02, 6.9217e+00
2.1629e+02, 6.3485e+00
2.1634e+02, 5.8548e+00
2.1644e+02, 5.0466e+00
2.1654e+02, 4.4150e+00
2.1664e+02, 3.9105e+00
2.1674e+02, 3.5004e+00
2.1685e+02, 3.1628e+00
2.1695e+02, 2.8809e+00
2.1705e+02, 2.6437e+00
2.1715e+02, 2.4418e+00
2.1725e+02, 2.2691e+00
2.1745e+02, 1.9917e+00
2.1765e+02, 1.7825e+00
2.1785e+02, 1.6232e+00
2.1805e+02, 1.5014e+00
2.1825e+02, 1.4087e+00
2.1850e+02, 1.3270e+00
2.1874e+02, 1.2705e+00
2.1898e+02, 1.2348e+00
2.1922e+02, 1.2172e+00
2.1960e+02, 1.2221e+00
2.1999e+02, 1.2645e+00
2.2037e+02, 1.3456e+00
2.2075e+02, 1.4707e+00
2.2113e+02, 1.6503e+00
2.2132e+02, 1.7657e+00
2.2151e+02, 1.9018e+00
2.2171e+02, 2.0624e+00
2.2190e+02, 2.2531e+00
2.2209e+02, 2.4816e+00
2.2228e+02, 2.7578e+00
2.2245e+02, 3.0556e+00
2.2262e+02, 3.4138e+00
2.2279e+02, 3.8490e+00
2.2296e+02, 4.3840e+00
2.2314e+02, 5.0510e+00
2.2331e+02, 5.8968e+00
2.2339e+02, 6.4083e+00
2.2348e+02, 6.9938e+00
2.2356e+02, 7.6696e+00
2.2361e+02, 8.0481e+00
2.2365e+02, 8.4562e+00
2.2368e+02, 8.7927e+00
2.2371e+02, 9.1499e+00
2.2375e+02, 9.5309e+00
2.2378e+02, 9.9379e+00
2.2381e+02, 1.0373e+01
2.2384e+02, 1.0840e+01
2.2388e+02, 1.1342e+01
2.2391e+02, 1.1881e+01
2.2393e+02, 1.2234e+01
2.2396e+02, 1.2748e+01
2.2399e+02, 1.3298e+01
2.2401e+02, 1.3887e+01
2.2404e+02, 1.4521e+01
2.2407e+02, 1.5202e+01
2.2410e+02, 1.5938e+01
2.2412e+02, 1.6735e+01
2.2415e+02, 1.7597e+01
2.2418e+02, 1.8540e+01
2.2421e+02, 1.9572e+01
2.2423e+02, 2.0705e+01
2.2426e+02, 2.1950e+01
2.2429e+02, 2.3336e+01
2.2432e+02, 2.4875e+01
2.2435e+02, 2.6606e+01
2.2437e+02, 2.8549e+01
2.2440e+02, 3.0761e+01
2.2443e+02, 3.3284e+01
2.2446e+02, 3.6177e+01
2.2448e+02, 3.9499e+01
2.2451e+02, 4.3361e+01
2.2454e+02, 4.7852e+01
2.2457e+02, 5.3091e+01
2.2459e+02, 5.9194e+01
2.2462e+02, 6.6362e+01
2.2465e+02, 7.4756e+01
2.2468e+02, 8.4576e+01
2.2471e+02, 9.5998e+01
2.2473e+02, 1.0934e+02
2.2476e+02, 1.2481e+02
2.2479e+02, 1.4266e+02
2.2482e+02, 1.6307e+02
2.2484e+02, 1.8641e+02
2.2487e+02, 2.1283e+02
2.2490e+02, 2.4248e+02
2.2493e+02, 2.7535e+02
2.2495e+02, 3.1171e+02
2.2498e+02, 3.5138e+02
2.2504e+02, 4.3973e+02
2.2508e+02, 5.1949e+02
2.2513e+02, 6.0324e+02
2.2522e+02, 7.6822e+02
2.2527e+02, 8.5577e+02
2.2533e+02, 9.2329e+02
2.2538e+02, 9.6190e+02
2.2543e+02, 9.7503e+02
2.2544e+02, 9.7428e+02
2.2547e+02, 9.6504e+02
2.2551e+02, 9.4554e+02
2.2557e+02, 8.7881e+02
2.2561e+02, 8.1446e+02
2.2566e+02, 7.3986e+02
2.2575e+02, 5.7677e+02
2.2582e+02, 4.4295e+02
2.2586e+02, 3.8192e+02
2.2589e+02, 3.2636e+02
2.2593e+02, 2.7654e+02
2.2597e+02, 2.3281e+02
2.2601e+02, 1.9507e+02
2.2604e+02, 1.6307e+02
2.2608e+02, 1.3921e+02
2.2611e+02, 1.1900e+02
2.2614e+02, 1.0195e+02
2.2617e+02, 8.7667e+01
2.2621e+02, 7.5744e+01
2.2624e+02, 6.5826e+01
2.2627e+02, 5.7585e+01
2.2630e+02, 5.0735e+01
2.2634e+02, 4.5013e+01
2.2637e+02, 4.0245e+01
2.2640e+02, 3.6238e+01
2.2644e+02, 3.2849e+01
2.2647e+02, 2.9962e+01
2.2650e+02, 2.7483e+01
2.2653e+02, 2.5339e+01
2.2657e+02, 2.3468e+01
2.2662e+02, 2.0760e+01
2.2668e+02, 1.8549e+01
2.2673e+02, 1.6706e+01
2.2679e+02, 1.5147e+01
2.2685e+02, 1.3810e+01
2.2690e+02, 1.2655e+01
2.2696e+02, 1.1647e+01
2.2701e+02, 1.0760e+01
2.2713e+02, 9.2771e+00
2.2724e+02, 8.0925e+00
2.2735e+02, 7.1286e+00
2.2746e+02, 6.3322e+00
2.2756e+02, 5.7162e+00
2.2767e+02, 5.1884e+00
2.2777e+02, 4.7321e+00
2.2787e+02, 4.3347e+00
2.2797e+02, 3.9864e+00
2.2808e+02, 3.6795e+00
2.2828e+02, 3.1657e+00
2.2849e+02, 2.7548e+00
2.2869e+02, 2.4214e+00
2.2890e+02, 2.1472e+00
2.2910e+02, 1.9190e+00
2.2932e+02, 1.7106e+00
2.2955e+02, 1.5350e+00
2.2977e+02, 1.3857e+00
2.3000e+02, 1.2580e+00
2.3022e+02, 1.1478e+00
2.3044e+02, 1.0521e+00
2.3067e+02, 9.6853e-01
2.3089e+02, 8.9506e-01
2.3134e+02, 7.7233e-01
2.3178e+02, 6.7475e-01
2.3223e+02, 5.9647e-01
2.3268e+02, 5.3157e-01
2.3313e+02, 4.7722e-01
2.3357e+02, 4.3150e-01
2.3402e+02, 3.9265e-01
2.3447e+02, 3.5938e-01
2.3492e+02, 3.3066e-01
2.3536e+02, 3.0568e-01
2.3626e+02, 2.6455e-01
2.3715e+02, 2.3236e-01
2.3805e+02, 2.0666e-01
2.3894e+02, 1.8618e-01
2.3984e+02, 1.6895e-01
2.4103e+02, 1.5045e-01
2.4222e+02, 1.3576e-01
2.4342e+02, 1.2392e-01
2.4461e+02, 1.1428e-01
2.4580e+02, 1.0636e-01
2.4699e+02, 9.9853e-02
2.4938e+02, 8.9937e-02
2.5177e+02, 8.3084e-02
2.5415e+02, 7.8517e-02
2.5654e+02, 7.5731e-02
2.5892e+02, 7.4420e-02
2.6176e+02, 7.4598e-02
2.6459e+02, 7.6552e-02
2.6742e+02, 8.0323e-02
2.7026e+02, 8.6165e-02
2.7309e+02, 9.4598e-02
2.7592e+02, 1.0666e-01
2.7875e+02, 1.2345e-01
2.8017e+02, 1.3446e-01
2.8159e+02, 1.4778e-01
2.8286e+02, 1.6219e-01
2.8412e+02, 1.7962e-01
2.8539e+02, 2.0094e-01
2.8666e+02, 2.2743e-01
2.8793e+02, 2.6094e-01
2.8919e+02, 3.0334e-01
2.8983e+02, 3.2970e-01
2.9046e+02, 3.6030e-01
2.9109e+02, 3.9608e-01
2.9173e+02, 4.3834e-01
2.9236e+02, 4.8882e-01
2.9300e+02, 5.4984e-01
2.9363e+02, 6.2469e-01
2.9426e+02, 7.1805e-01
2.9490e+02, 8.3660e-01
2.9521e+02, 9.0769e-01
2.9553e+02, 9.8895e-01
2.9585e+02, 1.0835e+00
2.9616e+02, 1.1940e+00
2.9648e+02, 1.3240e+00
2.9680e+02, 1.4782e+00
2.9721e+02, 1.7247e+00
2.9741e+02, 1.8732e+00
2.9762e+02, 2.0425e+00
2.9782e+02, 2.2374e+00
2.9793e+02, 2.3462e+00
2.9803e+02, 2.4636e+00
2.9813e+02, 2.5907e+00
2.9823e+02, 2.7286e+00
2.9834e+02, 2.8785e+00
2.9844e+02, 3.0419e+00
2.9851e+02, 3.1618e+00
2.9858e+02, 3.2894e+00
2.9865e+02, 3.4253e+00
2.9872e+02, 3.5701e+00
2.9878e+02, 3.7037e+00
2.9884e+02, 3.8452e+00
2.9890e+02, 3.9954e+00
2.9896e+02, 4.1547e+00
2.9902e+02, 4.3112e+00
2.9907e+02, 4.4769e+00
2.9913e+02, 4.6527e+00
2.9918e+02, 4.8396e+00
2.9924e+02, 5.0384e+00
2.9930e+02, 5.2504e+00
2.9935e+02, 5.4767e+00
2.9941e+02, 5.7186e+00
2.9944e+02, 5.8895e+00
2.9948e+02, 6.0684e+00
2.9956e+02, 6.4529e+00
2.9963e+02, 6.8768e+00
2.9971e+02, 7.3453e+00
2.9978e+02, 7.8663e+00
2.9985e+02, 8.4468e+00
2.9993e+02, 9.0983e+00
3.0000e+02, 9.8310e+00
3.0005e+02, 1.0365e+01
3.0010e+02, 1.0945e+01
3.0015e+02, 1.1577e+01
3.0020e+02, 1.2270e+01
3.0025e+02, 1.3032e+01
3.0030e+02, 1.3870e+01
3.0035e+02, 1.4798e+01
3.0039e+02, 1.5831e+01
3.0044e+02, 1.6987e+01
3.0049e+02, 1.8285e+01
3.0054e+02, 1.9754e+01
3.0059e+02, 2.1430e+01
3.0064e+02, 2.3362e+01
3.0069e+02, 2.5601e+01
3.0074e+02, 2.8229e+01
3.0079e+02, 3.1347e+01
3.0084e+02, 3.5288e+01
3.0086e+02, 3.7572e+01
3.0089e+02, 4.0106e+01
3.0091e+02, 4.2936e+01
3.0094e+02, 4.6080e+01
3.0097e+02, 4.9592e+01
3.0099e+02, 5.3522e+01
3.0102e+02, 5.7944e+01
3.0104e+02, 6.2884e+01
3.0107e+02, 6.8427e+01
3.0109e+02, 7.4645e+01
3.0112e+02, 8.1646e+01
3.0114e+02, 8.9459e+01
3.0117e+02, 9.8200e+01
3.0120e+02, 1.0796e+02
3.0122e+02, 1.1780e+02
3.0124e+02, 1.2864e+02
3.0127e+02, 1.4054e+02
3.0129e+02, 1.5356e+02
3.0134e+02, 1.8321e+02
3.0138e+02, 2.1799e+02
3.0143e+02, 2.5810e+02
3.0148e+02, 3.0351e+02
3.0152e+02, 3.5382e+02
3.0157e+02, 4.0816e+02
3.0167e+02, 5.3628e+02
3.0177e+02, 6.5913e+02
3.0183e+02, 7.1216e+02
3.0188e+02, 7.5432e+02
3.0193e+02, 7.8294e+02
3.0198e+02, 7.9609e+02
3.0200e+02, 7.9688e+02
3.0205e+02, 7.8995e+02
3.0210e+02, 7.6988e+02
3.0214e+02, 7.3778e+02
3.0219e+02, 6.9538e+02
3.0225e+02, 6.3359e+02
3.0231e+02, 5.6443e+02
3.0242e+02, 4.2073e+02
3.0247e+02, 3.6133e+02
3.0252e+02, 3.0669e+02
3.0257e+02, 2.5759e+02
3.0262e+02, 2.1473e+02
3.0267e+02, 1.7795e+02
3.0272e+02, 1.4712e+02
3.0277e+02, 1.2164e+02
3.0282e+02, 1.0086e+02
3.0287e+02, 8.6246e+01
3.0291e+02, 7.4149e+01
3.0295e+02, 6.4169e+01
3.0299e+02, 5.5960e+01
3.0304e+02, 4.9169e+01
3.0308e+02, 4.3557e+01
3.0312e+02, 3.8876e+01
3.0317e+02, 3.4964e+01
3.0321e+02, 3.1654e+01
3.0325e+02, 2.8837e+01
3.0330e+02, 2.6419e+01
3.0334e+02, 2.4330e+01
3.0343e+02, 2.0900e+01
3.0351e+02, 1.8210e+01
3.0360e+02, 1.6047e+01
3.0368e+02, 1.4277e+01
3.0377e+02, 1.2803e+01
3.0386e+02, 1.1559e+01
3.0394e+02, 1.0498e+01
3.0403e+02, 9.5858e+00
3.0411e+02, 8.7948e+00
3.0420e+02, 8.1039e+00
3.0437e+02, 6.9602e+00
3.0454e+02, 6.0596e+00
3.0472e+02, 5.3368e+00
3.0489e+02, 4.7478e+00
3.0506e+02, 4.2607e+00
3.0523e+02, 3.8535e+00
3.0541e+02, 3.5103e+00
3.0558e+02, 3.2190e+00
3.0575e+02, 2.9700e+00
3.0592e+02, 2.7562e+00
3.0627e+02, 2.4114e+00
3.0661e+02, 2.1509e+00
3.0696e+02, 1.9532e+00
3.0730e+02, 1.8037e+00
3.0765e+02, 1.6908e+00
3.0799e+02, 1.6073e+00
3.0833e+02, 1.5493e+00
3.0868e+02, 1.5138e+00
3.0902e+02, 1.4987e+00
3.0951e+02, 1.5103e+00
3.1000e+02, 1.5609e+00
3.1049e+02, 1.6538e+00
3.1098e+02, 1.7964e+00
3.1146e+02, 2.0006e+00
3.1171e+02, 2.1311e+00
3.1195e+02, 2.2853e+00
3.1220e+02, 2.4689e+00
3.1244e+02, 2.6880e+00
3.1268e+02, 2.9500e+00
3.1293e+02, 3.2648e+00
3.1316e+02, 3.6216e+00
3.1327e+02, 3.8270e+00
3.1339e+02, 4.0535e+00
3.1344e+02, 4.1759e+00
3.1350e+02, 4.3044e+00
3.1356e+02, 4.4399e+00
3.1362e+02, 4.5828e+00
3.1367e+02, 4.7337e+00
3.1373e+02, 4.8930e+00
3.1379e+02, 5.0616e+00
3.1385e+02, 5.2399e+00
3.1392e+02, 5.4780e+00
3.1395e+02, 5.6039e+00
3.1399e+02, 5.7341e+00
3.1405e+02, 5.9539e+00
3.1410e+02, 6.1873e+00
3.1416e+02, 6.4359e+00
3.1422e+02, 6.7010e+00
3.1428e+02, 6.9847e+00
3.1431e+02, 7.1336e+00
3.1433e+02, 7.2876e+00
3.1436e+02, 7.4471e+00
3.1439e+02, 7.6122e+00
3.1445e+02, 7.9605e+00
3.1451e+02, 8.3593e+00
3.1457e+02, 8.7909e+00
3.1463e+02, 9.2590e+00
3.1469e+02, 9.7680e+00
3.1475e+02, 1.0323e+01
3.1482e+02, 1.0929e+01
3.1488e+02, 1.1594e+01
3.1494e+02, 1.2325e+01
3.1498e+02, 1.2838e+01
3.1502e+02, 1.3385e+01
3.1506e+02, 1.3971e+01
3.1510e+02, 1.4598e+01
3.1513e+02, 1.5272e+01
3.1517e+02, 1.5996e+01
3.1521e+02, 1.6776e+01
3.1525e+02, 1.7616e+01
3.1529e+02, 1.8528e+01
3.1533e+02, 1.9519e+01
3.1537e+02, 2.0597e+01
3.1541e+02, 2.1772e+01
3.1545e+02, 2.3062e+01
3.1549e+02, 2.4482e+01
3.1553e+02, 2.6050e+01
3.1557e+02, 2.7785e+01
3.1561e+02, 2.9631e+01
3.1564e+02, 3.1688e+01
3.1568e+02, 3.3992e+01
3.1572e+02, 3.6578e+01
3.1576e+02, 3.9510e+01
3.1580e+02, 4.2845e+01
3.1583e+02, 4.6657e+01
3.1587e+02, 5.1021e+01
3.1591e+02, 5.6064e+01
3.1595e+02, 6.1899e+01
3.1598e+02, 6.8668e+01
3.1602e+02, 7.6511e+01
3.1606e+02, 8.5652e+01
3.1610e+02, 9.6274e+01
3.1613e+02, 1.0860e+02
3.1617e+02, 1.2281e+02
3.1621e+02, 1.4006e+02
3.1625e+02, 1.5996e+02
3.1629e+02, 1.8273e+02
3.1633e+02, 2.0851e+02
3.1637e+02, 2.3756e+02
3.1641e+02, 2.6986e+02
3.1645e+02, 3.0535e+02
3.1649e+02, 3.4373e+02
3.1657e+02, 4.2806e+02
3.1665e+02, 5.1785e+02
3.1672e+02, 6.0596e+02
3.1680e+02, 6.8351e+02
3.1685e+02, 7.2246e+02
3.1690e+02, 7.5180e+02
3.1695e+02, 7.6999e+02
3.1700e+02, 7.7606e+02
3.1707e+02, 7.6436e+02
3.1713e+02, 7.3083e+02
3.1720e+02, 6.7866e+02
3.1727e+02, 6.1283e+02
3.1741e+02, 4.5798e+02
3.1747e+02, 3.8187e+02
3.1754e+02, 3.1223e+02
3.1761e+02, 2.5395e+02
3.1768e+02, 2.0465e+02
3.1771e+02, 1.8329e+02
3.1774e+02, 1.6407e+02
3.1777e+02, 1.4687e+02
3.1781e+02, 1.3161e+02
3.1784e+02, 1.1803e+02
3.1787e+02, 1.0605e+02
3.1791e+02, 9.5499e+01
3.1794e+02, 8.6255e+01
3.1797e+02, 7.8119e+01
3.1800e+02, 7.0984e+01
3.1804e+02, 6.4725e+01
3.1807e+02, 5.9246e+01
3.1813e+02, 5.0530e+01
3.1820e+02, 4.3656e+01
3.1826e+02, 3.8160e+01
3.1832e+02, 3.3705e+01
3.1838e+02, 3.0038e+01
3.1845e+02, 2.6987e+01
3.1851e+02, 2.4412e+01
3.1857e+02, 2.2213e+01
3.1863e+02, 2.0313e+01
3.1870e+02, 1.8662e+01
3.1882e+02, 1.5938e+01
3.1895e+02, 1.3789e+01
3.1907e+02, 1.2062e+01
3.1919e+02, 1.0715e+01
3.1931e+02, 9.5882e+00
3.1943e+02, 8.6353e+00
3.1955e+02, 7.8213e+00
3.1967e+02, 7.1197e+00
3.1979e+02, 6.5101e+00
3.1990e+02, 5.9768e+00
3.2002e+02, 5.5078e+00
3.2026e+02, 4.7237e+00
3.2050e+02, 4.0990e+00
3.2074e+02, 3.5929e+00
3.2098e+02, 3.1771e+00
3.2119e+02, 2.8646e+00
3.2140e+02, 2.5972e+00
3.2161e+02, 2.3669e+00
3.2183e+02, 2.1671e+00
3.2204e+02, 1.9927e+00
3.2225e+02, 1.8390e+00
3.2268e+02, 1.5810e+00
3.2310e+02, 1.3745e+00
3.2353e+02, 1.2072e+00
3.2396e+02, 1.0696e+00
3.2438e+02, 9.5503e-01
3.2483e+02, 8.5340e-01
3.2528e+02, 7.6778e-01
3.2573e+02, 6.9519e-01
3.2619e+02, 6.3359e-01
3.2664e+02, 5.7970e-01
3.2709e+02, 5.3241e-01
3.2754e+02, 4.9089e-01
3.2799e+02, 4.5438e-01
3.2889e+02, 3.9310e-01
3.2979e+02, 3.4404e-01
3.3069e+02, 3.0413e-01
3.3160e+02, 2.7120e-01
3.3250e+02, 2.4369e-01
3.3340e+02, 2.2046e-01
3.3430e+02, 2.0067e-01
3.3520e+02, 1.8403e-01
3.3610e+02, 1.6922e-01
3.3701e+02, 1.5638e-01
3.3791e+02, 1.4489e-01
3.3881e+02, 1.3504e-01
3.4061e+02, 1.1824e-01
3.4242e+02, 1.0478e-01
3.4422e+02, 9.3873e-02
3.4602e+02, 8.4931e-02
3.4763e+02, 7.8285e-02
3.4923e+02, 7.2624e-02
3.5083e+02, 6.7778e-02
3.5244e+02, 6.3635e-02
3.5564e+02, 5.6982e-02
3.5885e+02, 5.2042e-02
3.6206e+02, 4.8460e-02
3.6526e+02, 4.5990e-02
3.6847e+02, 4.4488e-02
3.7167e+02, 4.3885e-02
3.7488e+02, 4.4179e-02
3.7809e+02, 4.5439e-02
3.8129e+02, 4.7819e-02
3.8450e+02, 5.1587e-02
3.8770e+02, 5.7156e-02
3.8931e+02, 6.0824e-02
3.9091e+02, 6.5277e-02
3.9251e+02, 7.0666e-02
3.9412e+02, 7.7218e-02
3.9572e+02, 8.5241e-02
3.9732e+02, 9.5155e-02
3.9863e+02, 1.0503e-01
3.9993e+02, 1.1703e-01
4.0123e+02, 1.3127e-01
4.0253e+02, 1.4925e-01
4.0384e+02, 1.7185e-01
4.0514e+02, 2.0077e-01
4.0579e+02, 2.1836e-01
4.0644e+02, 2.3857e-01
4.0709e+02, 2.6196e-01
4.0774e+02, 2.8922e-01
4.0845e+02, 3.2397e-01
4.0915e+02, 3.6577e-01
4.0985e+02, 4.1646e-01
4.1055e+02, 4.7831e-01
4.1125e+02, 5.5657e-01
4.1160e+02, 6.0342e-01
4.1195e+02, 6.5660e-01
4.1230e+02, 7.1736e-01
4.1265e+02, 7.8717e-01
4.1300e+02, 8.6796e-01
4.1335e+02, 9.6211e-01
4.1369e+02, 1.0686e+00
4.1403e+02, 1.1941e+00
4.1437e+02, 1.3433e+00
4.1471e+02, 1.5222e+00
4.1505e+02, 1.7394e+00
4.1538e+02, 2.0079e+00
4.1555e+02, 2.1667e+00
4.1572e+02, 2.3455e+00
4.1581e+02, 2.4436e+00
4.1589e+02, 2.5479e+00
4.1598e+02, 2.6591e+00
4.1606e+02, 2.7780e+00
4.1618e+02, 2.9596e+00
4.1624e+02, 3.0573e+00
4.1630e+02, 3.1600e+00
4.1636e+02, 3.2680e+00
4.1642e+02, 3.3818e+00
4.1648e+02, 3.5018e+00
4.1654e+02, 3.6281e+00
4.1659e+02, 3.7475e+00
4.1664e+02, 3.8728e+00
4.1670e+02, 4.0046e+00
4.1675e+02, 4.1434e+00
4.1680e+02, 4.2899e+00
4.1686e+02, 4.4442e+00
4.1691e+02, 4.6071e+00
4.1696e+02, 4.7794e+00
4.1703e+02, 5.0176e+00
4.1706e+02, 5.1437e+00
4.1710e+02, 5.2744e+00
4.1717e+02, 5.5519e+00
4.1724e+02, 5.8525e+00
4.1731e+02, 6.1788e+00
4.1738e+02, 6.5339e+00
4.1744e+02, 6.9215e+00
4.1751e+02, 7.3450e+00
4.1758e+02, 7.8106e+00
4.1765e+02, 8.3237e+00
4.1772e+02, 8.8909e+00
4.1779e+02, 9.5208e+00
4.1786e+02, 1.0223e+01
4.1793e+02, 1.1011e+01
4.1800e+02, 1.1898e+01
4.1806e+02, 1.2903e+01
4.1813e+02, 1.4052e+01
4.1820e+02, 1.5375e+01
4.1827e+02, 1.6913e+01
4.1834e+02, 1.8717e+01
4.1837e+02, 1.9744e+01
4.1841e+02, 2.0864e+01
4.1844e+02, 2.2096e+01
4.1848e+02, 2.3449e+01
4.1851e+02, 2.4948e+01
4.1855e+02, 2.6604e+01
4.1858e+02, 2.8447e+01
4.1861e+02, 3.0502e+01
4.1865e+02, 3.2809e+01
4.1868e+02, 3.5390e+01
4.1872e+02, 3.8303e+01
4.1875e+02, 4.1577e+01
4.1879e+02, 4.5284e+01
4.1882e+02, 4.9460e+01
4.1886e+02, 5.4196e+01
4.1889e+02, 5.9533e+01
4.1892e+02, 6.5579e+01
4.1896e+02, 7.2378e+01
4.1899e+02, 8.0053e+01
4.1903e+02, 8.8642e+01
4.1906e+02, 9.8281e+01
4.1910e+02, 1.0899e+02
4.1913e+02, 1.2088e+02
4.1917e+02, 1.3399e+02
4.1921e+02, 1.5122e+02
4.1925e+02, 1.7024e+02
4.1929e+02, 1.9111e+02
4.1933e+02, 2.1376e+02
4.1941e+02, 2.6386e+02
4.1949e+02, 3.1869e+02
4.1963e+02, 4.1314e+02
4.1970e+02, 4.5577e+02
4.1977e+02, 4.9145e+02
4.1986e+02, 5.2384e+02
4.1990e+02, 5.3229e+02
4.1995e+02, 5.3509e+02
4.2002e+02, 5.2919e+02
4.2008e+02, 5.1211e+02
4.2015e+02, 4.8503e+02
4.2021e+02, 4.4990e+02
4.2029e+02, 4.0047e+02
4.2037e+02, 3.4692e+02
4.2044e+02, 2.9314e+02
4.2052e+02, 2.4232e+02
4.2059e+02, 2.0203e+02
4.2066e+02, 1.6664e+02
4.2073e+02, 1.3635e+02
4.2080e+02, 1.1115e+02
4.2083e+02, 1.0029e+02
4.2086e+02, 9.0552e+01
4.2090e+02, 8.1834e+01
4.2093e+02, 7.4052e+01
4.2097e+02, 6.7106e+01
4.2100e+02, 6.0954e+01
4.2103e+02, 5.5498e+01
4.2107e+02, 5.0664e+01
4.2113e+02, 4.3621e+01
4.2119e+02, 3.7893e+01
4.2124e+02, 3.3216e+01
4.2130e+02, 2.9374e+01
4.2136e+02, 2.6192e+01
4.2142e+02, 2.3532e+01
4.2148e+02, 2.1288e+01
4.2154e+02, 1.9376e+01
4.2160e+02, 1.7730e+01
4.2165e+02, 1.6302e+01
4.2177e+02, 1.3951e+01
4.2189e+02, 1.2101e+01
4.2200e+02, 1.0613e+01
4.2211e+02, 9.4857e+00
4.2222e+02, 8.5354e+00
4.2233e+02, 7.7240e+00
4.2243e+02, 7.0262e+00
4.2254e+02, 6.4201e+00
4.2265e+02, 5.8910e+00
4.2286e+02, 5.0141e+00
4.2308e+02, 4.3219e+00
4.2329e+02, 3.7656e+00
4.2351e+02, 3.3117e+00
4.2372e+02, 2.9366e+00
4.2393e+02, 2.6358e+00
4.2413e+02, 2.3795e+00
4.2434e+02, 2.1587e+00
4.2454e+02, 1.9673e+00
4.2474e+02, 1.8002e+00
4.2495e+02, 1.6536e+00
4.2536e+02, 1.4098e+00
4.2577e+02, 1.2164e+00
4.2618e+02, 1.0606e+00
4.2659e+02, 9.3302e-01
4.2700e+02, 8.2740e-01
4.2739e+02, 7.4303e-01
4.2778e+02, 6.7141e-01
4.2817e+02, 6.0959e-01
4.2856e+02, 5.5571e-01
4.2895e+02, 5.0866e-01
4.2934e+02, 4.6741e-01
4.3012e+02, 3.9881e-01
4.3090e+02, 3.4444e-01
4.3168e+02, 3.0062e-01
4.3246e+02, 2.6479e-01
4.3324e+02, 2.3511e-01
4.3398e+02, 2.1139e-01
4.3472e+02, 1.9120e-01
4.3546e+02, 1.7413e-01
4.3620e+02, 1.5904e-01
4.3694e+02, 1.4592e-01
4.3768e+02, 1.3429e-01
4.3916e+02, 1.1510e-01
4.4065e+02, 9.9889e-02
4.4213e+02, 8.7606e-02
4.4361e+02, 7.7548e-02
4.4509e+02, 6.9218e-02
4.4650e+02, 6.2583e-02
4.4790e+02, 5.6922e-02
4.4930e+02, 5.2050e-02
4.5071e+02, 4.7921e-02
4.5211e+02, 4.4212e-02
4.5351e+02, 4.0992e-02
4.5492e+02, 3.8069e-02
4.5632e+02, 3.5578e-02
4.5913e+02, 3.1266e-02
4.6194e+02, 2.7779e-02
4.6475e+02, 2.4922e-02
4.6755e+02, 2.2558e-02
4.7161e+02, 1.9814e-02
4.7567e+02, 1.7647e-02
4.7972e+02, 1.5888e-02
4.8378e+02, 1.4488e-02
4.8783e+02, 1.3325e-02
4.9189e+02, 1.2356e-02
4.9594e+02, 1.1548e-02
5.0000e+02, 1.0881e-02
5.0696e+02, 1.0011e-02
5.1393e+02, 9.4099e-03
5.2089e+02, 9.0382e-03
5.2786e+02, 8.8782e-03
5.3374e+02, 8.9194e-03
5.3961e+02, 9.1319e-03
5.4255e+02, 9.2902e-03
5.4549e+02, 9.5421e-03
5.4843e+02, 9.7964e-03
5.5137e+02, 1.0155e-02
5.5724e+02, 1.1145e-02
5.6018e+02, 1.1804e-02
5.6312e+02, 1.2604e-02
5.6606e+02, 1.3586e-02
5.6900e+02, 1.4815e-02
5.7193e+02, 1.6353e-02
5.7487e+02, 1.8212e-02
5.7705e+02, 1.9960e-02
5.7922e+02, 2.2076e-02
5.8140e+02, 2.4660e-02
5.8358e+02, 2.7871e-02
5.8575e+02, 3.1947e-02
5.8684e+02, 3.4380e-02
5.8793e+02, 3.7198e-02
5.8902e+02, 4.0376e-02
5.9011e+02, 4.4073e-02
5.9120e+02, 4.8282e-02
5.9228e+02, 5.3309e-02
5.9343e+02, 5.9590e-02
5.9457e+02, 6.7174e-02
5.9571e+02, 7.6452e-02
5.9685e+02, 8.7970e-02
5.9800e+02, 1.0252e-01
5.9857e+02, 1.1127e-01
5.9914e+02, 1.2127e-01
5.9971e+02, 1.3275e-01
6.0028e+02, 1.4600e-01
6.0085e+02, 1.6131e-01
6.0143e+02, 1.7922e-01
6.0202e+02, 2.0173e-01
6.0262e+02, 2.2898e-01
6.0322e+02, 2.6237e-01
6.0382e+02, 3.0387e-01
6.0442e+02, 3.5639e-01
6.0472e+02, 3.8804e-01
6.0502e+02, 4.2420e-01
6.0532e+02, 4.6577e-01
6.0561e+02, 5.1382e-01
6.0591e+02, 5.6974e-01
6.0621e+02, 6.3536e-01
6.0651e+02, 7.1336e-01
6.0681e+02, 8.0721e-01
6.0711e+02, 9.2154e-01
6.0741e+02, 1.0626e+00
6.0771e+02, 1.2398e+00
6.0786e+02, 1.3459e+00
6.0801e+02, 1.4664e+00
6.0816e+02, 1.6043e+00
6.0831e+02, 1.7630e+00
6.0846e+02, 1.9471e+00
6.0861e+02, 2.1625e+00
6.0873e+02, 2.3677e+00
6.0885e+02, 2.6046e+00
6.0897e+02, 2.8809e+00
6.0910e+02, 3.2062e+00
6.0916e+02, 3.3917e+00
6.0922e+02, 3.5946e+00
6.0928e+02, 3.8177e+00
6.0934e+02, 4.0642e+00
6.0940e+02, 4.3378e+00
6.0946e+02, 4.6433e+00
6.0953e+02, 4.9866e+00
6.0956e+02, 5.1747e+00
6.0959e+02, 5.3752e+00
6.0961e+02, 5.5649e+00
6.0964e+02, 5.7665e+00
6.0967e+02, 5.9811e+00
6.0970e+02, 6.2099e+00
6.0974e+02, 6.6171e+00
6.0976e+02, 6.8382e+00
6.0978e+02, 7.0725e+00
6.0981e+02, 7.3213e+00
6.0983e+02, 7.5859e+00
6.0985e+02, 7.8676e+00
6.0987e+02, 8.1681e+00
6.0989e+02, 8.4891e+00
6.0992e+02, 8.8325e+00
6.0994e+02, 9.2003e+00
6.0996e+02, 9.5950e+00
6.0998e+02, 1.0019e+01
6.1001e+02, 1.0475e+01
6.1003e+02, 1.0966e+01
6.1005e+02, 1.1495e+01
6.1009e+02, 1.2491e+01
6.1012e+02, 1.3624e+01
6.1016e+02, 1.4919e+01
6.1020e+02, 1.6400e+01
6.1024e+02, 1.8096e+01
6.1027e+02, 2.0038e+01
6.1031e+02, 2.2260e+01
6.1035e+02, 2.4801e+01
6.1039e+02, 2.7707e+01
6.1042e+02, 3.1007e+01
6.1046e+02, 3.4753e+01
6.1050e+02, 3.8989e+01
6.1054e+02, 4.3762e+01
6.1057e+02, 4.9116e+01
6.1061e+02, 5.5092e+01
6.1065e+02, 6.1728e+01
6.1069e+02, 6.9054e+01
6.1072e+02, 7.7095e+01
6.1076e+02, 8.5864e+01
6.1080e+02, 9.5361e+01
6.1087e+02, 1.1647e+02
6.1095e+02, 1.4012e+02
6.1102e+02, 1.6576e+02
6.1110e+02, 1.9240e+02
6.1125e+02, 2.4393e+02
6.1132e+02, 2.6597e+02
6.1140e+02, 2.8362e+02
6.1148e+02, 2.9704e+02
6.1157e+02, 3.0164e+02
6.1159e+02, 3.0146e+02
6.1164e+02, 2.9844e+02
6.1170e+02, 2.9181e+02
6.1175e+02, 2.8184e+02
6.1181e+02, 2.6891e+02
6.1192e+02, 2.3483e+02
6.1203e+02, 1.9518e+02
6.1215e+02, 1.5480e+02
6.1226e+02, 1.1778e+02
6.1232e+02, 1.0134e+02
6.1238e+02, 8.6513e+01
6.1243e+02, 7.3375e+01
6.1249e+02, 6.1909e+01
6.1255e+02, 5.2446e+01
6.1260e+02, 4.4360e+01
6.1265e+02, 3.7510e+01
6.1271e+02, 3.1760e+01
6.1276e+02, 2.6971e+01
6.1282e+02, 2.3006e+01
6.1287e+02, 1.9737e+01
6.1293e+02, 1.7051e+01
6.1298e+02, 1.4844e+01
6.1303e+02, 1.3028e+01
6.1309e+02, 1.1531e+01
6.1314e+02, 1.0289e+01
6.1320e+02, 9.2527e+00
6.1325e+02, 8.3813e+00
6.1331e+02, 7.6424e+00
6.1336e+02, 7.0101e+00
6.1347e+02, 6.0304e+00
6.1357e+02, 5.2672e+00
6.1367e+02, 4.6549e+00
6.1378e+02, 4.1534e+00
6.1388e+02, 3.7343e+00
6.1398e+02, 3.3797e+00
6.1409e+02, 3.0759e+00
6.1419e+02, 2.8129e+00
6.1429e+02, 2.5833e+00
6.1440e+02, 2.3818e+00
6.1460e+02, 2.0454e+00
6.1481e+02, 1.7770e+00
6.1502e+02, 1.5594e+00
6.1521e+02, 1.3967e+00
6.1539e+02, 1.2588e+00
6.1558e+02, 1.1409e+00
6.1577e+02, 1.0391e+00
6.1595e+02, 9.5063e-01
6.1614e+02, 8.7315e-01
6.1651e+02, 7.4431e-01
6.1688e+02, 6.4229e-01
6.1726e+02, 5.6021e-01
6.1763e+02, 4.9319e-01
6.1800e+02, 4.3777e-01
6.1836e+02, 3.9378e-01
6.1871e+02, 3.5628e-01
6.1906e+02, 3.2409e-01
6.1941e+02, 2.9630e-01
6.1977e+02, 2.7216e-01
6.2012e+02, 2.5098e-01
6.2082e+02, 2.1552e-01
6.2153e+02, 1.8740e-01
6.2223e+02, 1.6481e-01
6.2294e+02, 1.4641e-01
6.2364e+02, 1.3124e-01
6.2439e+02, 1.1795e-01
6.2513e+02, 1.0690e-01
6.2588e+02, 9.7682e-02
6.2663e+02, 9.0051e-02
6.2737e+02, 8.3481e-02
6.2812e+02, 7.7876e-02
6.2887e+02, 7.3098e-02
6.2961e+02, 6.9086e-02
6.3110e+02, 6.2839e-02
6.3260e+02, 5.8597e-02
6.3409e+02, 5.6053e-02
6.3558e+02, 5.5073e-02
6.3682e+02, 5.5460e-02
6.3807e+02, 5.7045e-02
6.3931e+02, 6.0036e-02
6.4056e+02, 6.4752e-02
6.4118e+02, 6.7834e-02
6.4180e+02, 7.1660e-02
6.4242e+02, 7.6319e-02
6.4304e+02, 8.1958e-02
6.4366e+02, 8.8802e-02
6.4429e+02, 9.7149e-02
6.4491e+02, 1.0741e-01
6.4553e+02, 1.2013e-01
6.4607e+02, 1.3375e-01
6.4661e+02, 1.5042e-01
6.4715e+02, 1.7112e-01
6.4769e+02, 1.9748e-01
6.4796e+02, 2.1342e-01
6.4822e+02, 2.3163e-01
6.4849e+02, 2.5258e-01
6.4876e+02, 2.7681e-01
6.4903e+02, 3.0508e-01
6.4930e+02, 3.3827e-01
6.4957e+02, 3.7761e-01
6.4984e+02, 4.2468e-01
6.5009e+02, 4.7691e-01
6.5034e+02, 5.4004e-01
6.5059e+02, 6.1751e-01
6.5084e+02, 7.1414e-01
6.5109e+02, 8.3697e-01
6.5121e+02, 9.1132e-01
6.5133e+02, 9.9654e-01
6.5146e+02, 1.0951e+00
6.5158e+02, 1.2099e+00
6.5171e+02, 1.3453e+00
6.5183e+02, 1.5066e+00
6.5197e+02, 1.7205e+00
6.5210e+02, 1.9905e+00
6.5217e+02, 2.1546e+00
6.5224e+02, 2.3442e+00
6.5230e+02, 2.5667e+00
6.5237e+02, 2.8314e+00
6.5244e+02, 3.1524e+00
6.5250e+02, 3.5483e+00
6.5257e+02, 4.0452e+00
6.5264e+02, 4.6780e+00
6.5267e+02, 5.0607e+00
6.5271e+02, 5.4971e+00
6.5274e+02, 5.9956e+00
6.5277e+02, 6.5642e+00
6.5281e+02, 7.2175e+00
6.5284e+02, 7.9664e+00
6.5288e+02, 8.8248e+00
6.5291e+02, 9.8051e+00
6.5294e+02, 1.0792e+01
6.5297e+02, 1.1903e+01
6.5300e+02, 1.3151e+01
6.5303e+02, 1.4552e+01
6.5306e+02, 1.6120e+01
6.5309e+02, 1.7871e+01
6.5312e+02, 1.9822e+01
6.5315e+02, 2.1990e+01
6.5318e+02, 2.4392e+01
6.5321e+02, 2.7043e+01
6.5324e+02, 2.9961e+01
6.5327e+02, 3.3161e+01
6.5330e+02, 3.6656e+01
6.5333e+02, 4.0460e+01
6.5336e+02, 4.4582e+01
6.5339e+02, 4.9015e+01
6.5342e+02, 5.4010e+01
6.5345e+02, 5.9368e+01
6.5350e+02, 6.8593e+01
6.5355e+02, 7.8659e+01
6.5360e+02, 8.9507e+01
6.5364e+02, 1.0102e+02
6.5376e+02, 1.2933e+02
6.5391e+02, 1.6720e+02
6.5403e+02, 1.8982e+02
6.5409e+02, 1.9825e+02
6.5414e+02, 2.0429e+02
6.5424e+02, 2.0838e+02
6.5425e+02, 2.0833e+02
6.5428e+02, 2.0750e+02
6.5432e+02, 2.0569e+02
6.5439e+02, 1.9927e+02
6.5446e+02, 1.8798e+02
6.5454e+02, 1.7318e+02
6.5467e+02, 1.4292e+02
6.5480e+02, 1.1064e+02
6.5486e+02, 9.5151e+01
6.5492e+02, 8.0672e+01
6.5499e+02, 6.7492e+01
6.5505e+02, 5.5781e+01
6.5512e+02, 4.5610e+01
6.5518e+02, 3.6957e+01
6.5521e+02, 3.3170e+01
6.5525e+02, 2.9738e+01
6.5528e+02, 2.6622e+01
6.5531e+02, 2.3821e+01
6.5534e+02, 2.1409e+01
6.5537e+02, 1.9240e+01
6.5540e+02, 1.7296e+01
6.5543e+02, 1.5557e+01
6.5546e+02, 1.4007e+01
6.5549e+02, 1.2628e+01
6.5552e+02, 1.1404e+01
6.5556e+02, 1.0318e+01
6.5559e+02, 9.3581e+00
6.5562e+02, 8.5091e+00
6.5565e+02, 7.7591e+00
6.5568e+02, 7.0966e+00
6.5571e+02, 6.5115e+00
6.5574e+02, 5.9944e+00
6.5580e+02, 5.1332e+00
6.5586e+02, 4.4539e+00
6.5592e+02, 3.9143e+00
6.5599e+02, 3.4806e+00
6.5605e+02, 3.1277e+00
6.5611e+02, 2.8354e+00
6.5617e+02, 2.5901e+00
6.5623e+02, 2.3814e+00
6.5629e+02, 2.2017e+00
6.5640e+02, 1.9313e+00
6.5651e+02, 1.7136e+00
6.5663e+02, 1.5341e+00
6.5674e+02, 1.3835e+00
6.5685e+02, 1.2553e+00
6.5696e+02, 1.1451e+00
6.5707e+02, 1.0494e+00
6.5718e+02, 9.6568e-01
6.5740e+02, 8.2656e-01
6.5762e+02, 7.1634e-01
6.5785e+02, 6.2737e-01
6.5807e+02, 5.5446e-01
6.5828e+02, 4.9683e-01
6.5849e+02, 4.4806e-01
6.5870e+02, 4.0637e-01
6.5891e+02, 3.7045e-01
6.5912e+02, 3.3922e-01
6.5933e+02, 3.1189e-01
6.5975e+02, 2.6647e-01
6.6017e+02, 2.3053e-01
6.6059e+02, 2.0163e-01
6.6102e+02, 1.7805e-01
6.6144e+02, 1.5855e-01
6.6183e+02, 1.4307e-01
6.6223e+02, 1.2986e-01
6.6263e+02, 1.1851e-01
6.6303e+02, 1.0871e-01
6.6342e+02, 1.0019e-01
6.6382e+02, 9.2698e-02
6.6462e+02, 8.0122e-02
6.6541e+02, 7.0114e-02
6.6621e+02, 6.2031e-02
6.6700e+02, 5.5406e-02
6.6780e+02, 4.9905e-02
6.6864e+02, 4.5038e-02
6.6948e+02, 4.0947e-02
6.7032e+02, 3.7482e-02
6.7116e+02, 3.4565e-02
6.7285e+02, 2.9765e-02
6.7453e+02, 2.6085e-02
6.7621e+02, 2.3210e-02
6.7790e+02, 2.0924e-02
6.7958e+02, 1.9082e-02
6.8126e+02, 1.7582e-02
6.8388e+02, 1.5764e-02
6.8650e+02, 1.4435e-02
6.8912e+02, 1.3422e-02
6.9174e+02, 1.2675e-02
6.9436e+02, 1.2146e-02
6.9698e+02, 1.1803e-02
6.9960e+02, 1.1632e-02
7.0221e+02, 1.1624e-02
7.0521e+02, 1.1820e-02
7.0820e+02, 1.2246e-02
7.1119e+02, 1.2941e-02
7.1419e+02, 1.3965e-02
7.1718e+02, 1.5405e-02
7.2017e+02, 1.7425e-02
7.2167e+02, 1.8728e-02
7.2317e+02, 2.0282e-02
7.2466e+02, 2.2143e-02
7.2616e+02, 2.4390e-02
7.2756e+02, 2.6937e-02
7.2896e+02, 3.0030e-02
7.3037e+02, 3.3829e-02
7.3177e+02, 3.8540e-02
7.3317e+02, 4.4412e-02
7.3458e+02, 5.2048e-02
7.3528e+02, 5.6711e-02
7.3598e+02, 6.2089e-02
7.3668e+02, 6.8335e-02
7.3738e+02, 7.5645e-02
7.3813e+02, 8.4906e-02
7.3888e+02, 9.6083e-02
7.3963e+02, 1.0975e-01
7.4038e+02, 1.2666e-01
7.4112e+02, 1.4783e-01
7.4150e+02, 1.6051e-01
7.4187e+02, 1.7501e-01
7.4225e+02, 1.9167e-01
7.4262e+02, 2.1092e-01
7.4299e+02, 2.3329e-01
7.4337e+02, 2.5951e-01
7.4377e+02, 2.9265e-01
7.4416e+02, 3.3271e-01
7.4456e+02, 3.8177e-01
7.4496e+02, 4.4270e-01
7.4536e+02, 5.1961e-01
7.4555e+02, 5.6593e-01
7.4575e+02, 6.1886e-01
7.4595e+02, 6.7983e-01
7.4615e+02, 7.5056e-01
7.4635e+02, 8.3336e-01
7.4655e+02, 9.3106e-01
7.4676e+02, 1.0552e+00
7.4697e+02, 1.2068e+00
7.4718e+02, 1.3950e+00
7.4739e+02, 1.6331e+00
7.4750e+02, 1.7772e+00
7.4760e+02, 1.9423e+00
7.4771e+02, 2.1335e+00
7.4781e+02, 2.3575e+00
7.4792e+02, 2.6233e+00
7.4802e+02, 2.9446e+00
7.4813e+02, 3.3415e+00
7.4818e+02, 3.5775e+00
7.4823e+02, 3.8453e+00
7.4827e+02, 4.0622e+00
7.4831e+02, 4.3023e+00
7.4835e+02, 4.5692e+00
7.4838e+02, 4.8670e+00
7.4842e+02, 5.2008e+00
7.4846e+02, 5.5764e+00
7.4850e+02, 6.0005e+00
7.4854e+02, 6.4809e+00
7.4857e+02, 7.0267e+00
7.4861e+02, 7.6483e+00
7.4865e+02, 8.3574e+00
7.4869e+02, 9.1674e+00
7.4873e+02, 1.0093e+01
7.4876e+02, 1.1152e+01
7.4880e+02, 1.2362e+01
7.4884e+02, 1.3744e+01
7.4886e+02, 1.4690e+01
7.4890e+02, 1.6122e+01
7.4893e+02, 1.7713e+01
7.4896e+02, 1.9489e+01
7.4899e+02, 2.1454e+01
7.4902e+02, 2.3638e+01
7.4906e+02, 2.6043e+01
7.4909e+02, 2.8701e+01
7.4912e+02, 3.1612e+01
7.4915e+02, 3.4808e+01
7.4918e+02, 3.8285e+01
7.4922e+02, 4.2077e+01
7.4925e+02, 4.6172e+01
7.4931e+02, 5.5349e+01
7.4938e+02, 6.5833e+01
7.4944e+02, 7.7632e+01
7.4951e+02, 9.0634e+01
7.4957e+02, 1.0466e+02
7.4963e+02, 1.1945e+02
7.4976e+02, 1.4988e+02
7.4989e+02, 1.7829e+02
7.4997e+02, 1.9247e+02
7.5004e+02, 2.0369e+02
7.5012e+02, 2.1166e+02
7.5021e+02, 2.1497e+02
7.5022e+02, 2.1505e+02
7.5023e+02, 2.1496e+02
7.5028e+02, 2.1386e+02
7.5032e+02, 2.1152e+02
7.5040e+02, 2.0332e+02
7.5051e+02, 1.8491e+02
7.5063e+02, 1.6079e+02
7.5082e+02, 1.1529e+02
7.5092e+02, 9.3573e+01
7.5102e+02, 7.4055e+01
7.5110e+02, 5.9258e+01
7.5114e+02, 5.2712e+01
7.5119e+02, 4.6756e+01
7.5123e+02, 4.1351e+01
7.5127e+02, 3.6502e+01
7.5131e+02, 3.2169e+01
7.5136e+02, 2.8320e+01
7.5140e+02, 2.4913e+01
7.5144e+02, 2.1927e+01
7.5148e+02, 1.9309e+01
7.5153e+02, 1.7035e+01
7.5157e+02, 1.5056e+01
7.5161e+02, 1.3347e+01
7.5165e+02, 1.1872e+01
7.5170e+02, 1.0600e+01
7.5173e+02, 9.6497e+00
7.5177e+02, 8.8136e+00
7.5181e+02, 8.0777e+00
7.5184e+02, 7.4312e+00
7.5191e+02, 6.3539e+00
7.5199e+02, 5.5098e+00
7.5206e+02, 4.8391e+00
7.5213e+02, 4.3003e+00
7.5221e+02, 3.8596e+00
7.5228e+02, 3.4946e+00
7.5235e+02, 3.1867e+00
7.5242e+02, 2.9241e+00
7.5250e+02, 2.6968e+00
7.5257e+02, 2.4984e+00
7.5271e+02, 2.1675e+00
7.5286e+02, 1.9028e+00
7.5299e+02, 1.7028e+00
7.5313e+02, 1.5341e+00
7.5326e+02, 1.3902e+00
7.5339e+02, 1.2663e+00
7.5353e+02, 1.1586e+00
7.5366e+02, 1.0644e+00
7.5393e+02, 9.0821e-01
7.5419e+02, 7.8456e-01
7.5446e+02, 6.8503e-01
7.5473e+02, 6.0366e-01
7.5499e+02, 5.3625e-01
7.5526e+02, 4.7968e-01
7.5553e+02, 4.3169e-01
7.5579e+02, 3.9056e-01
7.5606e+02, 3.5506e-01
7.5633e+02, 3.2421e-01
7.5659e+02, 2.9725e-01
7.5686e+02, 2.7355e-01
7.5713e+02, 2.5261e-01
7.5766e+02, 2.1740e-01
7.5819e+02, 1.8915e-01
7.5873e+02, 1.6613e-01
7.5926e+02, 1.4716e-01
7.5977e+02, 1.3204e-01
7.6028e+02, 1.1916e-01
7.6079e+02, 1.0803e-01
7.6130e+02, 9.8400e-02
7.6181e+02, 9.0018e-02
7.6232e+02, 8.2683e-02
7.6334e+02, 7.0513e-02
7.6435e+02, 6.0892e-02
7.6537e+02, 5.3156e-02
7.6639e+02, 4.6840e-02
7.6741e+02, 4.1617e-02
7.6838e+02, 3.7444e-02
7.6935e+02, 3.3942e-02
7.7032e+02, 3.0886e-02
7.7129e+02, 2.8240e-02
7.7323e+02, 2.3898e-02
7.7517e+02, 2.0527e-02
7.7711e+02, 1.7862e-02
7.7905e+02, 1.5714e-02
7.8099e+02, 1.3953e-02
7.8293e+02, 1.2493e-02
7.8506e+02, 1.1179e-02
7.8720e+02, 1.0061e-02
7.9146e+02, 8.3175e-03
7.9573e+02, 7.0320e-03
7.9787e+02, 6.7106e-03
7.9800e+02, 7.1256e-03
7.9813e+02, 8.3772e-03
7.9827e+02, 1.1787e-02
7.9833e+02, 1.5137e-02
7.9840e+02, 2.0351e-02
7.9847e+02, 2.8343e-02
7.9853e+02, 4.0359e-02
7.9860e+02, 5.8106e-02
7.9867e+02, 8.3803e-02
7.9873e+02, 1.2047e-01
7.9880e+02, 1.7180e-01
7.9887e+02, 2.4239e-01
7.9893e+02, 3.3760e-01
7.9900e+02, 4.6414e-01
7.9907e+02, 6.2915e-01
7.9910e+02, 7.2869e-01
7.9913e+02, 8.4054e-01
7.9917e+02, 9.6641e-01
7.9920e+02, 1.1066e+00
7.9923e+02, 1.2630e+00
7.9927e+02, 1.4356e+00
7.9930e+02, 1.6264e+00
7.9933e+02, 1.8352e+00
7.9940e+02, 2.3121e+00
7.9947e+02, 2.8703e+00
7.9953e+02, 3.5143e+00
7.9960e+02, 4.2431e+00
7.9967e+02, 5.0533e+00
7.9973e+02, 5.9370e+00
7.9987e+02, 7.8881e+00
8.0000e+02, 9.9792e+00
8.0000e+02, 1.9953e+01
1.0000e+03, 1.6242e+01
1.5000e+03, 1.2081e+01
2.0000e+03, 9.7619e+00
3.0000e+03, 7.2155e+00
4.0000e+03, 5.8298e+00
5.0000e+03, 4.9534e+00
6.0000e+03, 4.3498e+00
7.0000e+03, 3.9069e+00
8.0000e+03, 3.5688e+00
9.0000e+03, 3.3025e+00
1.0000e+04, 3.0876e+00
2.0000e+04, 2.1064e+00
3.0000e+04, 1.7864e+00
3.1000e+04, 1.7544e+00
4.0000e+04, 1.6048e+00
5.0000e+04, 1.4949e+00
6.0000e+04, 1.4153e+00
7.0000e+04, 1.3542e+00
8.0000e+04, 1.3047e+00
9.0000e+04, 1.2642e+00
9.1952e+04, 1.2458e+00
9.1952e+04, 1.2458e+00
1.0000e+05, 1.1698e+00
2.0000e+05, 7.2246e-01
2.3208e+05, 6.8511e-01
2.6961e+05, 6.4142e-01
3.0000e+05, 6.0604e-01
3.0131e+05, 6.0563e-01
4.0000e+05, 5.7474e-01
5.0000e+05, 5.7624e-01
5.5700e+05, 5.7710e-01
6.0000e+05, 5.8250e-01
6.1818e+05, 5.8566e-01
6.1818e+05, 5.8566e-01
7.0000e+05, 5.9988e-01
8.0000e+05, 6.2340e-01
8.6560e+05, 6.2335e-01
9.0000e+05, 6.2333e-01
9.5217e+05, 6.1494e-01
1.0000e+06, 6.0725e-01
1.0309e+06, 6.0542e-01
1.0309e+06, 6.0542e-01
1.0648e+06, 6.0342e-01
1.0648e+06, 6.0342e-01
1.2000e+06, 5.9542e-01
1.2049e+06, 5.9513e-01
1.2537e+06, 5.9224e-01
1.3227e+06, 5.8816e-01
1.3670e+06, 5.8554e-01
1.3670e+06, 5.8554e-01
1.3953e+06, 5.8386e-01
1.3953e+06, 5.8386e-01
1.4000e+06, 5.8359e-01
1.4253e+06, 5.8209e-01
1.4428e+06, 5.8105e-01
1.4428e+06, 5.8105e-01
1.4789e+06, 5.7892e-01
1.4789e+06, 5.7892e-01
1.4930e+06, 5.7808e-01
1.4930e+06, 5.7808e-01
1.5000e+06, 5.7767e-01
1.5092e+06, 5.6952e-01
1.5092e+06, 5.6952e-01
1.6000e+06, 4.8942e-01
1.8000e+06, 3.1291e-01
2.0000e+06, 1.3641e-01
2.5000e+06, 8.6275e-02
3.0000e+06, 3.6140e-02
4.0000e+06, 1.8270e-02
4.6580e+06, 1.3151e-02
5.0000e+06, 1.0490e-02
6.0000e+06, 6.4900e-03
6.8204e+06, 4.7261e-03
6.8962e+06, 4.5632e-03
7.0000e+06, 4.3400e-03
8.0000e+06, 3.1800e-03
8.9008e+06, 2.6035e-03
8.9008e+06, 2.6035e-03
8.9704e+06, 2.5589e-03
9.0000e+06, 2.5400e-03
1.0000e+07, 2.1400e-03
1.1000e+07, 1.8800e-03
1.2000e+07, 1.7200e-03
1.3000e+07, 1.6500e-03
1.4000e+07, 1.6300e-03
1.5000e+07, 1.6200e-03
1.5845e+07, 1.6200e-03
1.5845e+07, 1.6200e-03
1.5947e+07, 1.6200e-03
1.6000e+07, 1.6200e-03
1.7000e+07, 1.6200e-03
1.8000e+07, 1.6200e-03
1.9000e+07, 1.6300e-03
2.0000e+07, 1.6400e-03
