ebin, xs
1.0000e-05, 9.4998e+02
1.0625e-05, 9.2162e+02
1.1250e-05, 8.9565e+02
1.1875e-05, 8.7176e+02
1.2500e-05, 8.4969e+02
1.3750e-05, 8.1015e+02
1.5000e-05, 7.7566e+02
1.6250e-05, 7.4523e+02
1.7500e-05, 7.1812e+02
1.8750e-05, 6.9377e+02
2.0000e-05, 6.7174e+02
2.1875e-05, 6.4231e+02
2.3750e-05, 6.1643e+02
2.5625e-05, 5.9345e+02
2.7500e-05, 5.7286e+02
2.9375e-05, 5.5428e+02
3.1250e-05, 5.3739e+02
3.3125e-05, 5.2196e+02
3.5000e-05, 5.0779e+02
3.8750e-05, 4.8259e+02
4.2500e-05, 4.6081e+02
4.6250e-05, 4.4173e+02
5.0000e-05, 4.2485e+02
5.3125e-05, 4.1216e+02
5.6250e-05, 4.0055e+02
5.9375e-05, 3.8987e+02
6.2500e-05, 3.8000e+02
6.8750e-05, 3.6231e+02
7.5000e-05, 3.4689e+02
8.1250e-05, 3.3328e+02
8.7500e-05, 3.2116e+02
9.3750e-05, 3.1027e+02
1.0000e-04, 3.0041e+02
1.0625e-04, 2.9144e+02
1.1250e-04, 2.8323e+02
1.1875e-04, 2.7568e+02
1.2500e-04, 2.6870e+02
1.3750e-04, 2.5619e+02
1.5000e-04, 2.4529e+02
1.6250e-04, 2.3566e+02
1.7500e-04, 2.2709e+02
1.8750e-04, 2.1939e+02
2.0000e-04, 2.1243e+02
2.1875e-04, 2.0312e+02
2.3750e-04, 1.9494e+02
2.5625e-04, 1.8767e+02
2.7500e-04, 1.8116e+02
2.9375e-04, 1.7528e+02
3.1250e-04, 1.6994e+02
3.3125e-04, 1.6506e+02
3.5000e-04, 1.6058e+02
3.8750e-04, 1.5261e+02
4.2500e-04, 1.4572e+02
4.6250e-04, 1.3969e+02
5.0000e-04, 1.3435e+02
5.3125e-04, 1.3034e+02
5.6250e-04, 1.2667e+02
5.9375e-04, 1.2329e+02
6.2500e-04, 1.2017e+02
6.8750e-04, 1.1458e+02
7.5000e-04, 1.0970e+02
8.1250e-04, 1.0540e+02
8.7500e-04, 1.0156e+02
9.3750e-04, 9.8119e+01
1.0000e-03, 9.5004e+01
1.0625e-03, 9.2168e+01
1.1250e-03, 8.9572e+01
1.1875e-03, 8.7183e+01
1.2500e-03, 8.4976e+01
1.3750e-03, 8.1022e+01
1.5000e-03, 7.7573e+01
1.6250e-03, 7.4531e+01
1.7500e-03, 7.1820e+01
1.8750e-03, 6.9386e+01
2.0000e-03, 6.7183e+01
2.1875e-03, 6.4240e+01
2.3750e-03, 6.1653e+01
2.5625e-03, 5.9355e+01
2.7500e-03, 5.7297e+01
2.9375e-03, 5.5439e+01
3.1250e-03, 5.3751e+01
3.3125e-03, 5.2209e+01
3.5000e-03, 5.0792e+01
3.8750e-03, 4.8273e+01
4.2500e-03, 4.6095e+01
4.6250e-03, 4.4187e+01
5.0000e-03, 4.2499e+01
5.3125e-03, 4.1231e+01
5.6250e-03, 4.0070e+01
5.9375e-03, 3.9002e+01
6.2500e-03, 3.8015e+01
6.8750e-03, 3.6248e+01
7.5000e-03, 3.4706e+01
8.1250e-03, 3.3345e+01
8.7500e-03, 3.2133e+01
9.3750e-03, 3.1044e+01
1.0000e-02, 3.0059e+01
1.0625e-02, 2.9163e+01
1.1250e-02, 2.8343e+01
1.1875e-02, 2.7588e+01
1.2500e-02, 2.6892e+01
1.3750e-02, 2.5643e+01
1.5000e-02, 2.4553e+01
1.6250e-02, 2.3591e+01
1.7500e-02, 2.2734e+01
1.8750e-02, 2.1965e+01
2.0000e-02, 2.1268e+01
2.1325e-02, 2.0598e+01
2.2650e-02, 1.9988e+01
2.3975e-02, 1.9430e+01
2.5300e-02, 1.8917e+01
2.6844e-02, 1.8368e+01
2.8387e-02, 1.7865e+01
3.1475e-02, 1.6971e+01
3.4563e-02, 1.6198e+01
3.7650e-02, 1.5522e+01
4.0738e-02, 1.4924e+01
4.3825e-02, 1.4391e+01
4.6913e-02, 1.3912e+01
5.0000e-02, 1.3478e+01
5.3125e-02, 1.3078e+01
5.6250e-02, 1.2712e+01
5.9375e-02, 1.2376e+01
6.2500e-02, 1.2067e+01
6.8750e-02, 1.1511e+01
7.5000e-02, 1.1025e+01
8.1250e-02, 1.0597e+01
8.7500e-02, 1.0215e+01
9.3750e-02, 9.8725e+00
1.0000e-01, 9.5628e+00
1.0625e-01, 9.2810e+00
1.1250e-01, 9.0233e+00
1.1875e-01, 8.7867e+00
1.2500e-01, 8.5691e+00
1.3750e-01, 8.1786e+00
1.5000e-01, 7.8367e+00
1.6250e-01, 7.5355e+00
1.7500e-01, 7.2675e+00
1.8750e-01, 7.0272e+00
2.0000e-01, 6.8108e+00
2.1875e-01, 6.5217e+00
2.3750e-01, 6.2672e+00
2.5625e-01, 6.0416e+00
2.7500e-01, 5.8400e+00
2.9375e-01, 5.6583e+00
3.1250e-01, 5.4937e+00
3.3125e-01, 5.3435e+00
3.5000e-01, 5.2069e+00
3.8750e-01, 4.9639e+00
4.2500e-01, 4.7537e+00
5.0000e-01, 4.4102e+00
6.2500e-01, 3.9875e+00
7.5000e-01, 3.6819e+00
8.7500e-01, 3.4511e+00
1.0000e+00, 3.2710e+00
1.2500e+00, 3.0104e+00
1.5000e+00, 2.8388e+00
1.7500e+00, 2.7279e+00
2.0000e+00, 2.6626e+00
2.3750e+00, 2.6369e+00
2.7500e+00, 2.6962e+00
2.9375e+00, 2.7618e+00
3.1250e+00, 2.8585e+00
3.3125e+00, 2.9931e+00
3.5000e+00, 3.1772e+00
3.6875e+00, 3.4291e+00
3.8750e+00, 3.7752e+00
3.9688e+00, 3.9974e+00
4.0625e+00, 4.2669e+00
4.1562e+00, 4.5944e+00
4.2500e+00, 4.9972e+00
4.3320e+00, 5.4309e+00
4.4141e+00, 5.9655e+00
4.4961e+00, 6.6324e+00
4.5781e+00, 7.4702e+00
4.6602e+00, 8.5776e+00
4.7012e+00, 9.2643e+00
4.7422e+00, 1.0066e+01
4.7832e+00, 1.1011e+01
4.8242e+00, 1.2137e+01
4.8652e+00, 1.3491e+01
4.9062e+00, 1.5140e+01
4.9531e+00, 1.7500e+01
4.9766e+00, 1.8933e+01
5.0000e+00, 2.0585e+01
5.0285e+00, 2.2961e+01
5.0571e+00, 2.5839e+01
5.0856e+00, 2.9371e+01
5.1142e+00, 3.3768e+01
5.1427e+00, 3.9341e+01
5.1570e+00, 4.2708e+01
5.1712e+00, 4.6567e+01
5.1855e+00, 5.1022e+01
5.1998e+00, 5.6204e+01
5.2141e+00, 6.2284e+01
5.2283e+00, 6.9482e+01
5.2443e+00, 7.9216e+01
5.2602e+00, 9.1282e+01
5.2762e+00, 1.0649e+02
5.2842e+00, 1.1561e+02
5.2921e+00, 1.2600e+02
5.3001e+00, 1.3788e+02
5.3081e+00, 1.5152e+02
5.3161e+00, 1.6727e+02
5.3240e+00, 1.8550e+02
5.3320e+00, 2.0668e+02
5.3400e+00, 2.3131e+02
5.3480e+00, 2.5996e+02
5.3559e+00, 2.9321e+02
5.3677e+00, 3.5179e+02
5.3794e+00, 4.2306e+02
5.3912e+00, 5.0761e+02
5.3971e+00, 5.5465e+02
5.4029e+00, 6.0450e+02
5.4086e+00, 6.5519e+02
5.4144e+00, 7.0752e+02
5.4258e+00, 8.1406e+02
5.4372e+00, 9.1683e+02
5.4486e+00, 1.0071e+03
5.4565e+00, 1.0572e+03
5.4643e+00, 1.0946e+03
5.4722e+00, 1.1174e+03
5.4800e+00, 1.1242e+03
5.4878e+00, 1.1148e+03
5.4957e+00, 1.0896e+03
5.5035e+00, 1.0500e+03
5.5114e+00, 9.9823e+02
5.5216e+00, 9.1659e+02
5.5319e+00, 8.2500e+02
5.5421e+00, 7.2973e+02
5.5523e+00, 6.3618e+02
5.5626e+00, 5.4847e+02
5.5728e+00, 4.6922e+02
5.5831e+00, 3.9974e+02
5.5933e+00, 3.4024e+02
5.6002e+00, 3.0551e+02
5.6071e+00, 2.7477e+02
5.6140e+00, 2.4768e+02
5.6209e+00, 2.2388e+02
5.6278e+00, 2.0299e+02
5.6347e+00, 1.8466e+02
5.6416e+00, 1.6855e+02
5.6485e+00, 1.5439e+02
5.6554e+00, 1.4189e+02
5.6623e+00, 1.3084e+02
5.6761e+00, 1.1231e+02
5.6899e+00, 9.7520e+01
5.7038e+00, 8.5546e+01
5.7166e+00, 7.6364e+01
5.7294e+00, 6.8645e+01
5.7422e+00, 6.2095e+01
5.7550e+00, 5.6489e+01
5.7678e+00, 5.1655e+01
5.7807e+00, 4.7459e+01
5.7935e+00, 4.3795e+01
5.8063e+00, 4.0576e+01
5.8319e+00, 3.5214e+01
5.8576e+00, 3.0959e+01
5.8832e+00, 2.7523e+01
5.9089e+00, 2.4710e+01
5.9365e+00, 2.2218e+01
5.9641e+00, 2.0163e+01
5.9917e+00, 1.8455e+01
6.0193e+00, 1.7024e+01
6.0469e+00, 1.5818e+01
6.0745e+00, 1.4797e+01
6.1297e+00, 1.3193e+01
6.1850e+00, 1.2033e+01
6.2402e+00, 1.1191e+01
6.2954e+00, 1.0593e+01
6.3506e+00, 1.0198e+01
6.4137e+00, 9.9548e+00
6.4768e+00, 9.9092e+00
6.5478e+00, 1.0080e+01
6.6188e+00, 1.0490e+01
6.6898e+00, 1.1169e+01
6.7608e+00, 1.2169e+01
6.8318e+00, 1.3583e+01
6.8673e+00, 1.4486e+01
6.9028e+00, 1.5549e+01
6.9383e+00, 1.6809e+01
6.9738e+00, 1.8317e+01
7.0093e+00, 2.0135e+01
7.0448e+00, 2.2341e+01
7.0784e+00, 2.4879e+01
7.1119e+00, 2.7987e+01
7.1454e+00, 3.1842e+01
7.1789e+00, 3.6693e+01
7.1957e+00, 3.9602e+01
7.2125e+00, 4.2912e+01
7.2292e+00, 4.6704e+01
7.2460e+00, 5.1078e+01
7.2628e+00, 5.6163e+01
7.2795e+00, 6.2126e+01
7.2963e+00, 6.9182e+01
7.3130e+00, 7.7621e+01
7.3308e+00, 8.8497e+01
7.3485e+00, 1.0201e+02
7.3663e+00, 1.1910e+02
7.3752e+00, 1.2939e+02
7.3840e+00, 1.4115e+02
7.3929e+00, 1.5464e+02
7.4018e+00, 1.7021e+02
7.4107e+00, 1.8826e+02
7.4195e+00, 2.0930e+02
7.4284e+00, 2.3390e+02
7.4373e+00, 2.6273e+02
7.4462e+00, 2.9653e+02
7.4550e+00, 3.3610e+02
7.4669e+00, 3.9926e+02
7.4728e+00, 4.3582e+02
7.4787e+00, 4.7594e+02
7.4846e+00, 5.1977e+02
7.4905e+00, 5.6737e+02
7.4965e+00, 6.1874e+02
7.5024e+00, 6.7377e+02
7.5083e+00, 7.3224e+02
7.5142e+00, 7.9378e+02
7.5201e+00, 8.5792e+02
7.5260e+00, 9.2399e+02
7.5320e+00, 9.9123e+02
7.5379e+00, 1.0587e+03
7.5497e+00, 1.1901e+03
7.5607e+00, 1.3011e+03
7.5717e+00, 1.3934e+03
7.5827e+00, 1.4598e+03
7.5937e+00, 1.4948e+03
7.6000e+00, 1.4995e+03
7.6126e+00, 1.4748e+03
7.6251e+00, 1.4077e+03
7.6363e+00, 1.3183e+03
7.6475e+00, 1.2084e+03
7.6587e+00, 1.0861e+03
7.6699e+00, 9.5917e+02
7.6922e+00, 7.1768e+02
7.7034e+00, 6.1184e+02
7.7146e+00, 5.1887e+02
7.7272e+00, 4.2981e+02
7.7398e+00, 3.5670e+02
7.7524e+00, 2.9762e+02
7.7650e+00, 2.5033e+02
7.7777e+00, 2.1256e+02
7.7903e+00, 1.8234e+02
7.8029e+00, 1.5801e+02
7.8155e+00, 1.3823e+02
7.8281e+00, 1.2200e+02
7.8408e+00, 1.0853e+02
7.8534e+00, 9.7238e+01
7.8660e+00, 8.7670e+01
7.8786e+00, 7.9490e+01
7.8912e+00, 7.2440e+01
7.9039e+00, 6.6318e+01
7.9165e+00, 6.0967e+01
7.9417e+00, 5.2099e+01
7.9670e+00, 4.5100e+01
7.9922e+00, 3.9480e+01
8.0174e+00, 3.4895e+01
8.0427e+00, 3.1102e+01
8.0679e+00, 2.7924e+01
8.0932e+00, 2.5232e+01
8.1184e+00, 2.2932e+01
8.1436e+00, 2.0951e+01
8.1689e+00, 1.9234e+01
8.1941e+00, 1.7737e+01
8.2194e+00, 1.6423e+01
8.2699e+00, 1.4236e+01
8.3203e+00, 1.2502e+01
8.3708e+00, 1.1104e+01
8.4213e+00, 9.9632e+00
8.4833e+00, 8.8304e+00
8.5452e+00, 7.9131e+00
8.6072e+00, 7.1590e+00
8.6691e+00, 6.5347e+00
8.7311e+00, 6.0129e+00
8.7930e+00, 5.5729e+00
8.8550e+00, 5.1990e+00
8.9169e+00, 4.8799e+00
9.0408e+00, 4.3750e+00
9.1648e+00, 3.9840e+00
9.2887e+00, 3.6842e+00
9.4126e+00, 3.4530e+00
9.5594e+00, 3.2458e+00
9.7063e+00, 3.0938e+00
9.8531e+00, 2.9847e+00
1.0000e+01, 2.9119e+00
1.0284e+01, 2.8472e+00
1.0569e+01, 2.8647e+00
1.0853e+01, 2.9574e+00
1.1137e+01, 3.1263e+00
1.1421e+01, 3.3823e+00
1.1706e+01, 3.7443e+00
1.1848e+01, 3.9760e+00
1.1990e+01, 4.2541e+00
1.2132e+01, 4.5854e+00
1.2274e+01, 4.9826e+00
1.2416e+01, 5.4623e+00
1.2558e+01, 6.0477e+00
1.2683e+01, 6.6714e+00
1.2807e+01, 7.4302e+00
1.2931e+01, 8.3612e+00
1.3056e+01, 9.5121e+00
1.3180e+01, 1.0992e+01
1.3242e+01, 1.1890e+01
1.3304e+01, 1.2921e+01
1.3367e+01, 1.4111e+01
1.3429e+01, 1.5497e+01
1.3491e+01, 1.7123e+01
1.3553e+01, 1.9050e+01
1.3615e+01, 2.1356e+01
1.3677e+01, 2.4144e+01
1.3740e+01, 2.7553e+01
1.3802e+01, 3.1794e+01
1.3864e+01, 3.7191e+01
1.3895e+01, 4.0461e+01
1.3926e+01, 4.4210e+01
1.3957e+01, 4.8536e+01
1.3988e+01, 5.3565e+01
1.4019e+01, 5.9458e+01
1.4051e+01, 6.6426e+01
1.4074e+01, 7.2523e+01
1.4097e+01, 7.9535e+01
1.4121e+01, 8.7659e+01
1.4144e+01, 9.7149e+01
1.4155e+01, 1.0251e+02
1.4167e+01, 1.0836e+02
1.4179e+01, 1.1474e+02
1.4190e+01, 1.2173e+02
1.4202e+01, 1.2943e+02
1.4214e+01, 1.3791e+02
1.4220e+01, 1.4249e+02
1.4225e+01, 1.4732e+02
1.4231e+01, 1.5240e+02
1.4237e+01, 1.5777e+02
1.4246e+01, 1.6655e+02
1.4252e+01, 1.7305e+02
1.4258e+01, 1.7996e+02
1.4264e+01, 1.8733e+02
1.4270e+01, 1.9517e+02
1.4277e+01, 2.0356e+02
1.4283e+01, 2.1255e+02
1.4289e+01, 2.2218e+02
1.4295e+01, 2.3251e+02
1.4301e+01, 2.4364e+02
1.4307e+01, 2.5565e+02
1.4313e+01, 2.6861e+02
1.4319e+01, 2.8263e+02
1.4325e+01, 2.9785e+02
1.4332e+01, 3.1439e+02
1.4338e+01, 3.3239e+02
1.4344e+01, 3.5200e+02
1.4349e+01, 3.7143e+02
1.4355e+01, 3.9249e+02
1.4360e+01, 4.1536e+02
1.4366e+01, 4.4022e+02
1.4371e+01, 4.6728e+02
1.4377e+01, 4.9674e+02
1.4383e+01, 5.2882e+02
1.4388e+01, 5.6378e+02
1.4394e+01, 6.0193e+02
1.4399e+01, 6.4339e+02
1.4405e+01, 6.8851e+02
1.4410e+01, 7.3755e+02
1.4416e+01, 7.9081e+02
1.4421e+01, 8.4854e+02
1.4427e+01, 9.1100e+02
1.4433e+01, 9.7845e+02
1.4440e+01, 1.0818e+03
1.4448e+01, 1.1957e+03
1.4456e+01, 1.3205e+03
1.4464e+01, 1.4565e+03
1.4471e+01, 1.6034e+03
1.4479e+01, 1.7604e+03
1.4495e+01, 2.1013e+03
1.4507e+01, 2.3875e+03
1.4519e+01, 2.6800e+03
1.4544e+01, 3.2380e+03
1.4558e+01, 3.5105e+03
1.4572e+01, 3.7212e+03
1.4586e+01, 3.8536e+03
1.4600e+01, 3.8968e+03
1.4607e+01, 3.8853e+03
1.4624e+01, 3.7542e+03
1.4642e+01, 3.4935e+03
1.4660e+01, 3.1362e+03
1.4678e+01, 2.7239e+03
1.4703e+01, 2.1365e+03
1.4715e+01, 1.8603e+03
1.4728e+01, 1.6058e+03
1.4740e+01, 1.3768e+03
1.4753e+01, 1.1757e+03
1.4765e+01, 1.0022e+03
1.4777e+01, 8.5461e+02
1.4788e+01, 7.4868e+02
1.4798e+01, 6.5787e+02
1.4809e+01, 5.8019e+02
1.4819e+01, 5.1404e+02
1.4830e+01, 4.5763e+02
1.4840e+01, 4.0957e+02
1.4850e+01, 3.6845e+02
1.4861e+01, 3.3322e+02
1.4871e+01, 3.0282e+02
1.4882e+01, 2.7652e+02
1.4892e+01, 2.5360e+02
1.4903e+01, 2.3354e+02
1.4924e+01, 2.0022e+02
1.4944e+01, 1.7383e+02
1.4963e+01, 1.5496e+02
1.4981e+01, 1.3912e+02
1.4999e+01, 1.2568e+02
1.5018e+01, 1.1417e+02
1.5036e+01, 1.0422e+02
1.5054e+01, 9.5563e+01
1.5072e+01, 8.7981e+01
1.5091e+01, 8.1299e+01
1.5127e+01, 7.0102e+01
1.5164e+01, 6.1137e+01
1.5200e+01, 5.3836e+01
1.5237e+01, 4.7807e+01
1.5274e+01, 4.2769e+01
1.5310e+01, 3.8519e+01
1.5347e+01, 3.4901e+01
1.5383e+01, 3.1797e+01
1.5420e+01, 2.9114e+01
1.5456e+01, 2.6780e+01
1.5493e+01, 2.4740e+01
1.5529e+01, 2.2947e+01
1.5603e+01, 1.9957e+01
1.5676e+01, 1.7569e+01
1.5749e+01, 1.5632e+01
1.5822e+01, 1.4045e+01
1.5905e+01, 1.2565e+01
1.5989e+01, 1.1361e+01
1.6073e+01, 1.0372e+01
1.6156e+01, 9.5543e+00
1.6240e+01, 8.8753e+00
1.6323e+01, 8.3144e+00
1.6490e+01, 7.4475e+00
1.6658e+01, 6.8368e+00
1.6825e+01, 6.4273e+00
1.6992e+01, 6.1771e+00
1.7159e+01, 6.0608e+00
1.7357e+01, 6.0783e+00
1.7556e+01, 6.2596e+00
1.7754e+01, 6.6147e+00
1.7953e+01, 7.1721e+00
1.8151e+01, 7.9839e+00
1.8250e+01, 8.5111e+00
1.8350e+01, 9.1375e+00
1.8449e+01, 9.8780e+00
1.8548e+01, 1.0755e+01
1.8647e+01, 1.1820e+01
1.8747e+01, 1.3116e+01
1.8841e+01, 1.4611e+01
1.8935e+01, 1.6440e+01
1.9029e+01, 1.8706e+01
1.9123e+01, 2.1556e+01
1.9217e+01, 2.5199e+01
1.9264e+01, 2.7407e+01
1.9311e+01, 2.9939e+01
1.9358e+01, 3.2868e+01
1.9405e+01, 3.6288e+01
1.9452e+01, 4.0318e+01
1.9499e+01, 4.5109e+01
1.9556e+01, 5.2290e+01
1.9585e+01, 5.6572e+01
1.9614e+01, 6.1426e+01
1.9642e+01, 6.6965e+01
1.9657e+01, 7.0032e+01
1.9671e+01, 7.3325e+01
1.9685e+01, 7.6869e+01
1.9700e+01, 8.0686e+01
1.9714e+01, 8.4809e+01
1.9721e+01, 8.6996e+01
1.9728e+01, 8.9272e+01
1.9738e+01, 9.2306e+01
1.9747e+01, 9.5506e+01
1.9756e+01, 9.8882e+01
1.9765e+01, 1.0245e+02
1.9772e+01, 1.0540e+02
1.9779e+01, 1.0848e+02
1.9787e+01, 1.1170e+02
1.9794e+01, 1.1508e+02
1.9801e+01, 1.1862e+02
1.9808e+01, 1.2233e+02
1.9815e+01, 1.2623e+02
1.9822e+01, 1.3033e+02
1.9833e+01, 1.3668e+02
1.9843e+01, 1.4352e+02
1.9854e+01, 1.5093e+02
1.9864e+01, 1.5895e+02
1.9875e+01, 1.6767e+02
1.9885e+01, 1.7717e+02
1.9896e+01, 1.8757e+02
1.9906e+01, 1.9896e+02
1.9918e+01, 2.1317e+02
1.9930e+01, 2.2908e+02
1.9941e+01, 2.4698e+02
1.9953e+01, 2.6725e+02
1.9965e+01, 2.9032e+02
1.9977e+01, 3.1675e+02
1.9988e+01, 3.4720e+02
2.0000e+01, 3.8249e+02
2.0011e+01, 4.1920e+02
2.0021e+01, 4.6147e+02
2.0032e+01, 5.1032e+02
2.0042e+01, 5.6683e+02
2.0053e+01, 6.3240e+02
2.0063e+01, 7.0840e+02
2.0074e+01, 7.9639e+02
2.0085e+01, 8.9789e+02
2.0095e+01, 1.0147e+03
2.0106e+01, 1.1482e+03
2.0116e+01, 1.2999e+03
2.0127e+01, 1.4707e+03
2.0137e+01, 1.6615e+03
2.0148e+01, 1.8719e+03
2.0159e+01, 2.1015e+03
2.0169e+01, 2.3484e+03
2.0190e+01, 2.8769e+03
2.0211e+01, 3.4292e+03
2.0232e+01, 3.9584e+03
2.0253e+01, 4.4090e+03
2.0265e+01, 4.6084e+03
2.0276e+01, 4.7564e+03
2.0288e+01, 4.8469e+03
2.0300e+01, 4.8757e+03
2.0307e+01, 4.8638e+03
2.0327e+01, 4.7034e+03
2.0348e+01, 4.3764e+03
2.0369e+01, 3.9245e+03
2.0389e+01, 3.4002e+03
2.0412e+01, 2.7992e+03
2.0435e+01, 2.2332e+03
2.0446e+01, 1.9761e+03
2.0458e+01, 1.7403e+03
2.0469e+01, 1.5273e+03
2.0481e+01, 1.3373e+03
2.0490e+01, 1.1940e+03
2.0500e+01, 1.0662e+03
2.0510e+01, 9.5276e+02
2.0519e+01, 8.5269e+02
2.0529e+01, 7.6462e+02
2.0539e+01, 6.8748e+02
2.0548e+01, 6.1999e+02
2.0558e+01, 5.6098e+02
2.0568e+01, 5.0935e+02
2.0577e+01, 4.6422e+02
2.0587e+01, 4.2463e+02
2.0597e+01, 3.8989e+02
2.0616e+01, 3.3221e+02
2.0635e+01, 2.8683e+02
2.0655e+01, 2.5052e+02
2.0674e+01, 2.2103e+02
2.0693e+01, 1.9671e+02
2.0713e+01, 1.7639e+02
2.0732e+01, 1.5919e+02
2.0751e+01, 1.4448e+02
2.0771e+01, 1.3179e+02
2.0790e+01, 1.2075e+02
2.0809e+01, 1.1108e+02
2.0829e+01, 1.0256e+02
2.0867e+01, 8.8283e+01
2.0906e+01, 7.6857e+01
2.0945e+01, 6.7566e+01
2.0981e+01, 6.0218e+01
2.1018e+01, 5.4029e+01
2.1055e+01, 4.8761e+01
2.1092e+01, 4.4237e+01
2.1129e+01, 4.0320e+01
2.1166e+01, 3.6908e+01
2.1203e+01, 3.3918e+01
2.1240e+01, 3.1284e+01
2.1314e+01, 2.6875e+01
2.1387e+01, 2.3354e+01
2.1461e+01, 2.0498e+01
2.1535e+01, 1.8148e+01
2.1602e+01, 1.6365e+01
2.1668e+01, 1.4844e+01
2.1735e+01, 1.3537e+01
2.1802e+01, 1.2400e+01
2.1869e+01, 1.1402e+01
2.1936e+01, 1.0524e+01
2.2069e+01, 9.0581e+00
2.2203e+01, 7.8934e+00
2.2336e+01, 6.9526e+00
2.2470e+01, 6.1817e+00
2.2603e+01, 5.5422e+00
2.2744e+01, 4.9812e+00
2.2884e+01, 4.5160e+00
2.3025e+01, 4.1164e+00
2.3165e+01, 3.7729e+00
2.3306e+01, 3.4760e+00
2.3447e+01, 3.2195e+00
2.3728e+01, 2.7985e+00
2.4009e+01, 2.4717e+00
2.4290e+01, 2.2133e+00
2.4571e+01, 2.0059e+00
2.4852e+01, 1.8389e+00
2.5302e+01, 1.6314e+00
2.5752e+01, 1.4771e+00
2.6201e+01, 1.3628e+00
2.6651e+01, 1.2788e+00
2.7101e+01, 1.2185e+00
2.7551e+01, 1.1780e+00
2.8001e+01, 1.1548e+00
2.8450e+01, 1.1476e+00
2.8928e+01, 1.1576e+00
2.9406e+01, 1.1874e+00
2.9884e+01, 1.2404e+00
3.0362e+01, 1.3235e+00
3.0601e+01, 1.3790e+00
3.0840e+01, 1.4484e+00
3.1079e+01, 1.5299e+00
3.1318e+01, 1.6294e+00
3.1557e+01, 1.7559e+00
3.1796e+01, 1.9148e+00
3.2035e+01, 2.1172e+00
3.2274e+01, 2.3802e+00
3.2435e+01, 2.6034e+00
3.2597e+01, 2.8746e+00
3.2759e+01, 3.2163e+00
3.2920e+01, 3.6508e+00
3.3082e+01, 4.2142e+00
3.3163e+01, 4.5610e+00
3.3244e+01, 4.9636e+00
3.3324e+01, 5.4347e+00
3.3405e+01, 5.9896e+00
3.3486e+01, 6.6493e+00
3.3567e+01, 7.4448e+00
3.3641e+01, 8.3267e+00
3.3714e+01, 9.4022e+00
3.3788e+01, 1.0732e+01
3.3862e+01, 1.2403e+01
3.3899e+01, 1.3405e+01
3.3936e+01, 1.4544e+01
3.3973e+01, 1.5849e+01
3.4010e+01, 1.7353e+01
3.4046e+01, 1.9100e+01
3.4083e+01, 2.1146e+01
3.4120e+01, 2.3570e+01
3.4157e+01, 2.6475e+01
3.4192e+01, 2.9819e+01
3.4227e+01, 3.3905e+01
3.4263e+01, 3.8986e+01
3.4298e+01, 4.5447e+01
3.4315e+01, 4.9374e+01
3.4333e+01, 5.3901e+01
3.4350e+01, 5.9168e+01
3.4368e+01, 6.5360e+01
3.4377e+01, 6.8878e+01
3.4386e+01, 7.2717e+01
3.4394e+01, 7.6930e+01
3.4403e+01, 8.1554e+01
3.4412e+01, 8.6653e+01
3.4421e+01, 9.2278e+01
3.4429e+01, 9.8510e+01
3.4438e+01, 1.0541e+02
3.4446e+01, 1.1189e+02
3.4453e+01, 1.1897e+02
3.4461e+01, 1.2673e+02
3.4468e+01, 1.3523e+02
3.4476e+01, 1.4456e+02
3.4483e+01, 1.5480e+02
3.4491e+01, 1.6602e+02
3.4498e+01, 1.7831e+02
3.4508e+01, 1.9600e+02
3.4517e+01, 2.1585e+02
3.4527e+01, 2.3810e+02
3.4537e+01, 2.6297e+02
3.4544e+01, 2.8284e+02
3.4551e+01, 3.0430e+02
3.4558e+01, 3.2741e+02
3.4565e+01, 3.5225e+02
3.4572e+01, 3.7887e+02
3.4579e+01, 4.0733e+02
3.4593e+01, 4.6984e+02
3.4603e+01, 5.1725e+02
3.4612e+01, 5.6814e+02
3.4622e+01, 6.2243e+02
3.4632e+01, 6.7989e+02
3.4651e+01, 8.0303e+02
3.4670e+01, 9.3374e+02
3.4709e+01, 1.1957e+03
3.4728e+01, 1.3130e+03
3.4748e+01, 1.4112e+03
3.4774e+01, 1.5020e+03
3.4787e+01, 1.5254e+03
3.4800e+01, 1.5330e+03
3.4807e+01, 1.5307e+03
3.4828e+01, 1.4949e+03
3.4850e+01, 1.4192e+03
3.4871e+01, 1.3103e+03
3.4893e+01, 1.1780e+03
3.4915e+01, 1.0280e+03
3.4938e+01, 8.7524e+02
3.4960e+01, 7.2888e+02
3.4982e+01, 5.9579e+02
3.5005e+01, 4.7983e+02
3.5016e+01, 4.2889e+02
3.5027e+01, 3.8266e+02
3.5038e+01, 3.4100e+02
3.5049e+01, 3.0374e+02
3.5060e+01, 2.7060e+02
3.5071e+01, 2.4129e+02
3.5083e+01, 2.1548e+02
3.5094e+01, 1.9284e+02
3.5105e+01, 1.7303e+02
3.5116e+01, 1.5574e+02
3.5127e+01, 1.4066e+02
3.5138e+01, 1.2751e+02
3.5149e+01, 1.1604e+02
3.5160e+01, 1.0603e+02
3.5171e+01, 9.7629e+01
3.5182e+01, 9.0223e+01
3.5203e+01, 7.7838e+01
3.5224e+01, 6.7998e+01
3.5246e+01, 6.0065e+01
3.5267e+01, 5.3562e+01
3.5288e+01, 4.8155e+01
3.5309e+01, 4.3599e+01
3.5331e+01, 3.9714e+01
3.5352e+01, 3.6365e+01
3.5373e+01, 3.3454e+01
3.5416e+01, 2.8653e+01
3.5458e+01, 2.4875e+01
3.5501e+01, 2.1842e+01
3.5541e+01, 1.9474e+01
3.5582e+01, 1.7495e+01
3.5622e+01, 1.5824e+01
3.5663e+01, 1.4398e+01
3.5703e+01, 1.3171e+01
3.5744e+01, 1.2106e+01
3.5784e+01, 1.1176e+01
3.5825e+01, 1.0359e+01
3.5906e+01, 8.9988e+00
3.5987e+01, 7.9192e+00
3.6068e+01, 7.0484e+00
3.6149e+01, 6.3369e+00
3.6246e+01, 5.6439e+00
3.6343e+01, 5.0840e+00
3.6441e+01, 4.6234e+00
3.6538e+01, 4.2401e+00
3.6635e+01, 3.9190e+00
3.6732e+01, 3.6484e+00
3.6927e+01, 3.2228e+00
3.7121e+01, 2.9113e+00
3.7316e+01, 2.6823e+00
3.7510e+01, 2.5062e+00
3.7704e+01, 2.3737e+00
3.7964e+01, 2.2491e+00
3.8223e+01, 2.1698e+00
3.8482e+01, 2.1259e+00
3.8742e+01, 2.1111e+00
3.9082e+01, 2.1296e+00
3.9422e+01, 2.1879e+00
3.9762e+01, 2.2862e+00
4.0103e+01, 2.4296e+00
4.0443e+01, 2.6282e+00
4.0783e+01, 2.9014e+00
4.0953e+01, 3.0764e+00
4.1123e+01, 3.2855e+00
4.1294e+01, 3.5361e+00
4.1464e+01, 3.8438e+00
4.1593e+01, 4.1347e+00
4.1723e+01, 4.4902e+00
4.1853e+01, 4.9335e+00
4.1982e+01, 5.5006e+00
4.2112e+01, 6.2497e+00
4.2177e+01, 6.7243e+00
4.2242e+01, 7.2928e+00
4.2306e+01, 7.9851e+00
4.2371e+01, 8.8433e+00
4.2436e+01, 9.9311e+00
4.2501e+01, 1.1349e+01
4.2547e+01, 1.2665e+01
4.2594e+01, 1.4341e+01
4.2617e+01, 1.5363e+01
4.2641e+01, 1.6546e+01
4.2664e+01, 1.7931e+01
4.2687e+01, 1.9574e+01
4.2710e+01, 2.1554e+01
4.2734e+01, 2.3979e+01
4.2757e+01, 2.7001e+01
4.2780e+01, 3.0833e+01
4.2804e+01, 3.5772e+01
4.2815e+01, 3.8774e+01
4.2827e+01, 4.2205e+01
4.2839e+01, 4.6138e+01
4.2850e+01, 5.0643e+01
4.2862e+01, 5.5809e+01
4.2873e+01, 6.1718e+01
4.2888e+01, 7.0066e+01
4.2902e+01, 7.9845e+01
4.2909e+01, 8.5329e+01
4.2916e+01, 9.1240e+01
4.2923e+01, 9.7600e+01
4.2930e+01, 1.0443e+02
4.2944e+01, 1.1958e+02
4.2959e+01, 1.3681e+02
4.2973e+01, 1.5621e+02
4.2987e+01, 1.7780e+02
4.2991e+01, 1.8437e+02
4.3002e+01, 2.0332e+02
4.3013e+01, 2.2351e+02
4.3024e+01, 2.4481e+02
4.3035e+01, 2.6707e+02
4.3058e+01, 3.1363e+02
4.3080e+01, 3.6109e+02
4.3102e+01, 4.0688e+02
4.3125e+01, 4.4804e+02
4.3153e+01, 4.8884e+02
4.3181e+01, 5.1257e+02
4.3200e+01, 5.1727e+02
4.3213e+01, 5.1501e+02
4.3230e+01, 5.0506e+02
4.3248e+01, 4.8769e+02
4.3265e+01, 4.6379e+02
4.3283e+01, 4.3453e+02
4.3309e+01, 3.8341e+02
4.3335e+01, 3.2813e+02
4.3361e+01, 2.7314e+02
4.3388e+01, 2.2200e+02
4.3410e+01, 1.8333e+02
4.3432e+01, 1.4988e+02
4.3455e+01, 1.2183e+02
4.3466e+01, 1.0975e+02
4.3477e+01, 9.8906e+01
4.3488e+01, 8.9206e+01
4.3499e+01, 8.0586e+01
4.3510e+01, 7.2952e+01
4.3522e+01, 6.6213e+01
4.3533e+01, 6.0282e+01
4.3544e+01, 5.5074e+01
4.3555e+01, 5.0507e+01
4.3566e+01, 4.6507e+01
4.3580e+01, 4.2244e+01
4.3594e+01, 3.8623e+01
4.3608e+01, 3.5541e+01
4.3621e+01, 3.2914e+01
4.3635e+01, 3.0661e+01
4.3649e+01, 2.8724e+01
4.3677e+01, 2.5594e+01
4.3704e+01, 2.3207e+01
4.3732e+01, 2.1350e+01
4.3759e+01, 1.9879e+01
4.3787e+01, 1.8698e+01
4.3842e+01, 1.6955e+01
4.3897e+01, 1.5787e+01
4.3952e+01, 1.5010e+01
4.4007e+01, 1.4516e+01
4.4091e+01, 1.4162e+01
4.4168e+01, 1.4160e+01
4.4244e+01, 1.4407e+01
4.4320e+01, 1.4875e+01
4.4396e+01, 1.5557e+01
4.4472e+01, 1.6459e+01
4.4510e+01, 1.6997e+01
4.4548e+01, 1.7600e+01
4.4587e+01, 1.8270e+01
4.4625e+01, 1.9016e+01
4.4663e+01, 1.9843e+01
4.4682e+01, 2.0290e+01
4.4701e+01, 2.0761e+01
4.4718e+01, 2.1204e+01
4.4735e+01, 2.1668e+01
4.4752e+01, 2.2154e+01
4.4769e+01, 2.2664e+01
4.4786e+01, 2.3198e+01
4.4803e+01, 2.3758e+01
4.4820e+01, 2.4346e+01
4.4837e+01, 2.4963e+01
4.4858e+01, 2.5764e+01
4.4873e+01, 2.6345e+01
4.4887e+01, 2.6949e+01
4.4902e+01, 2.7581e+01
4.4916e+01, 2.8239e+01
4.4931e+01, 2.8928e+01
4.4945e+01, 2.9647e+01
4.4959e+01, 3.0399e+01
4.4974e+01, 3.1186e+01
4.4992e+01, 3.2242e+01
4.5011e+01, 3.3362e+01
4.5029e+01, 3.4552e+01
4.5047e+01, 3.5816e+01
4.5066e+01, 3.7164e+01
4.5084e+01, 3.8600e+01
4.5103e+01, 4.0133e+01
4.5121e+01, 4.1773e+01
4.5135e+01, 4.3142e+01
4.5150e+01, 4.4589e+01
4.5164e+01, 4.6119e+01
4.5179e+01, 4.7738e+01
4.5193e+01, 4.9455e+01
4.5208e+01, 5.1277e+01
4.5222e+01, 5.3213e+01
4.5236e+01, 5.5273e+01
4.5251e+01, 5.7470e+01
4.5265e+01, 5.9813e+01
4.5280e+01, 6.2321e+01
4.5294e+01, 6.5005e+01
4.5309e+01, 6.7888e+01
4.5323e+01, 7.0986e+01
4.5338e+01, 7.4324e+01
4.5352e+01, 7.7931e+01
4.5366e+01, 8.1840e+01
4.5381e+01, 8.6083e+01
4.5395e+01, 9.0708e+01
4.5410e+01, 9.5760e+01
4.5424e+01, 1.0131e+02
4.5439e+01, 1.0741e+02
4.5453e+01, 1.1416e+02
4.5468e+01, 1.2167e+02
4.5482e+01, 1.3005e+02
4.5496e+01, 1.3945e+02
4.5511e+01, 1.5006e+02
4.5525e+01, 1.6211e+02
4.5540e+01, 1.7586e+02
4.5554e+01, 1.9162e+02
4.5569e+01, 2.0981e+02
4.5583e+01, 2.3087e+02
4.5594e+01, 2.4947e+02
4.5605e+01, 2.7040e+02
4.5617e+01, 2.9398e+02
4.5628e+01, 3.2058e+02
4.5639e+01, 3.5059e+02
4.5650e+01, 3.8443e+02
4.5661e+01, 4.2257e+02
4.5672e+01, 4.6547e+02
4.5684e+01, 5.1368e+02
4.5695e+01, 5.6762e+02
4.5706e+01, 6.2783e+02
4.5717e+01, 6.9477e+02
4.5728e+01, 7.6888e+02
4.5739e+01, 8.5053e+02
4.5751e+01, 9.4001e+02
4.5762e+01, 1.0375e+03
4.5776e+01, 1.1757e+03
4.5791e+01, 1.3270e+03
4.5820e+01, 1.6653e+03
4.5848e+01, 2.0387e+03
4.5877e+01, 2.4232e+03
4.5902e+01, 2.7416e+03
4.5927e+01, 3.0200e+03
4.5953e+01, 3.2354e+03
4.5978e+01, 3.3679e+03
4.6000e+01, 3.4057e+03
4.6023e+01, 3.3637e+03
4.6045e+01, 3.2441e+03
4.6068e+01, 3.0565e+03
4.6091e+01, 2.8149e+03
4.6137e+01, 2.2264e+03
4.6183e+01, 1.6269e+03
4.6204e+01, 1.3786e+03
4.6225e+01, 1.1558e+03
4.6246e+01, 9.6116e+02
4.6268e+01, 7.9522e+02
4.6289e+01, 6.5647e+02
4.6310e+01, 5.4252e+02
4.6321e+01, 4.9385e+02
4.6331e+01, 4.5015e+02
4.6342e+01, 4.1101e+02
4.6352e+01, 3.7600e+02
4.6372e+01, 3.1921e+02
4.6393e+01, 2.7354e+02
4.6413e+01, 2.3674e+02
4.6433e+01, 2.0696e+02
4.6453e+01, 1.8270e+02
4.6473e+01, 1.6274e+02
4.6494e+01, 1.4617e+02
4.6514e+01, 1.3227e+02
4.6534e+01, 1.2047e+02
4.6554e+01, 1.1035e+02
4.6574e+01, 1.0160e+02
4.6595e+01, 9.3972e+01
4.6635e+01, 8.1322e+01
4.6675e+01, 7.1301e+01
4.6714e+01, 6.3548e+01
4.6752e+01, 5.7122e+01
4.6791e+01, 5.1726e+01
4.6829e+01, 4.7148e+01
4.6868e+01, 4.3226e+01
4.6906e+01, 3.9840e+01
4.6945e+01, 3.6897e+01
4.6983e+01, 3.4323e+01
4.7060e+01, 3.0061e+01
4.7137e+01, 2.6712e+01
4.7214e+01, 2.4045e+01
4.7291e+01, 2.1897e+01
4.7353e+01, 2.0469e+01
4.7414e+01, 1.9250e+01
4.7537e+01, 1.7307e+01
4.7661e+01, 1.5875e+01
4.7784e+01, 1.4832e+01
4.7907e+01, 1.4091e+01
4.8030e+01, 1.3595e+01
4.8153e+01, 1.3304e+01
4.8276e+01, 1.3192e+01
4.8403e+01, 1.3248e+01
4.8530e+01, 1.3472e+01
4.8657e+01, 1.3862e+01
4.8784e+01, 1.4426e+01
4.8911e+01, 1.5177e+01
4.9038e+01, 1.6139e+01
4.9102e+01, 1.6710e+01
4.9165e+01, 1.7350e+01
4.9229e+01, 1.8063e+01
4.9260e+01, 1.8451e+01
4.9292e+01, 1.8859e+01
4.9321e+01, 1.9251e+01
4.9350e+01, 1.9662e+01
4.9379e+01, 2.0094e+01
4.9407e+01, 2.0548e+01
4.9436e+01, 2.1026e+01
4.9465e+01, 2.1528e+01
4.9494e+01, 2.2056e+01
4.9523e+01, 2.2611e+01
4.9538e+01, 2.2919e+01
4.9554e+01, 2.3235e+01
4.9569e+01, 2.3561e+01
4.9584e+01, 2.3895e+01
4.9606e+01, 2.4371e+01
4.9627e+01, 2.4865e+01
4.9648e+01, 2.5379e+01
4.9669e+01, 2.5914e+01
4.9690e+01, 2.6470e+01
4.9711e+01, 2.7049e+01
4.9733e+01, 2.7651e+01
4.9754e+01, 2.8279e+01
4.9769e+01, 2.8752e+01
4.9785e+01, 2.9239e+01
4.9800e+01, 2.9742e+01
4.9815e+01, 3.0260e+01
4.9846e+01, 3.1345e+01
4.9877e+01, 3.2501e+01
4.9908e+01, 3.3734e+01
4.9938e+01, 3.5050e+01
4.9969e+01, 3.6457e+01
5.0000e+01, 3.7962e+01
5.0026e+01, 3.9309e+01
5.0052e+01, 4.0739e+01
5.0078e+01, 4.2258e+01
5.0103e+01, 4.3874e+01
5.0129e+01, 4.5594e+01
5.0155e+01, 4.7428e+01
5.0181e+01, 4.9386e+01
5.0207e+01, 5.1479e+01
5.0233e+01, 5.3721e+01
5.0259e+01, 5.6126e+01
5.0284e+01, 5.8709e+01
5.0310e+01, 6.1490e+01
5.0336e+01, 6.4489e+01
5.0362e+01, 6.7729e+01
5.0388e+01, 7.1238e+01
5.0414e+01, 7.5045e+01
5.0438e+01, 7.8973e+01
5.0463e+01, 8.3238e+01
5.0487e+01, 8.7881e+01
5.0512e+01, 9.2947e+01
5.0537e+01, 9.8494e+01
5.0561e+01, 1.0458e+02
5.0586e+01, 1.1129e+02
5.0610e+01, 1.1871e+02
5.0635e+01, 1.2694e+02
5.0659e+01, 1.3612e+02
5.0684e+01, 1.4640e+02
5.0709e+01, 1.5798e+02
5.0733e+01, 1.7110e+02
5.0758e+01, 1.8608e+02
5.0782e+01, 2.0330e+02
5.0807e+01, 2.2326e+02
5.0835e+01, 2.5071e+02
5.0864e+01, 2.8413e+02
5.0878e+01, 3.0368e+02
5.0892e+01, 3.2549e+02
5.0906e+01, 3.4995e+02
5.0921e+01, 3.7746e+02
5.0935e+01, 4.0856e+02
5.0949e+01, 4.4378e+02
5.0963e+01, 4.8381e+02
5.0977e+01, 5.2941e+02
5.0992e+01, 5.8147e+02
5.1006e+01, 6.4091e+02
5.1020e+01, 7.0880e+02
5.1034e+01, 7.8632e+02
5.1055e+01, 9.1880e+02
5.1076e+01, 1.0781e+03
5.1096e+01, 1.2682e+03
5.1117e+01, 1.4921e+03
5.1138e+01, 1.7527e+03
5.1159e+01, 2.0508e+03
5.1179e+01, 2.3855e+03
5.1200e+01, 2.7529e+03
5.1228e+01, 3.2995e+03
5.1257e+01, 3.8689e+03
5.1285e+01, 4.4249e+03
5.1314e+01, 4.9237e+03
5.1335e+01, 5.2371e+03
5.1357e+01, 5.4744e+03
5.1378e+01, 5.6219e+03
5.1400e+01, 5.6705e+03
5.1430e+01, 5.5717e+03
5.1459e+01, 5.2930e+03
5.1489e+01, 4.8658e+03
5.1519e+01, 4.3348e+03
5.1583e+01, 3.0701e+03
5.1615e+01, 2.4804e+03
5.1647e+01, 1.9648e+03
5.1661e+01, 1.7574e+03
5.1676e+01, 1.5687e+03
5.1691e+01, 1.3986e+03
5.1705e+01, 1.2465e+03
5.1720e+01, 1.1111e+03
5.1735e+01, 9.9134e+02
5.1749e+01, 8.8597e+02
5.1764e+01, 7.9365e+02
5.1778e+01, 7.1286e+02
5.1793e+01, 6.4234e+02
5.1808e+01, 5.8084e+02
5.1822e+01, 5.2724e+02
5.1837e+01, 4.8040e+02
5.1852e+01, 4.3944e+02
5.1866e+01, 4.0353e+02
5.1881e+01, 3.7197e+02
5.1909e+01, 3.2152e+02
5.1937e+01, 2.8123e+02
5.1965e+01, 2.4854e+02
5.1993e+01, 2.2162e+02
5.2021e+01, 1.9913e+02
5.2049e+01, 1.8013e+02
5.2077e+01, 1.6388e+02
5.2105e+01, 1.4986e+02
5.2133e+01, 1.3765e+02
5.2161e+01, 1.2695e+02
5.2217e+01, 1.0914e+02
5.2273e+01, 9.4994e+01
5.2329e+01, 8.3553e+01
5.2382e+01, 7.4569e+01
5.2435e+01, 6.7037e+01
5.2489e+01, 6.0653e+01
5.2542e+01, 5.5190e+01
5.2595e+01, 5.0477e+01
5.2649e+01, 4.6382e+01
5.2702e+01, 4.2804e+01
5.2755e+01, 3.9661e+01
5.2862e+01, 3.4427e+01
5.2968e+01, 3.0283e+01
5.3075e+01, 2.6955e+01
5.3182e+01, 2.4255e+01
5.3267e+01, 2.2455e+01
5.3352e+01, 2.0918e+01
5.3523e+01, 1.8459e+01
5.3693e+01, 1.6626e+01
5.3864e+01, 1.5283e+01
5.4034e+01, 1.4337e+01
5.4205e+01, 1.3727e+01
5.4376e+01, 1.3420e+01
5.4546e+01, 1.3409e+01
5.4706e+01, 1.3678e+01
5.4866e+01, 1.4252e+01
5.5026e+01, 1.5187e+01
5.5186e+01, 1.6570e+01
5.5266e+01, 1.7474e+01
5.5346e+01, 1.8559e+01
5.5426e+01, 1.9862e+01
5.5506e+01, 2.1429e+01
5.5586e+01, 2.3318e+01
5.5665e+01, 2.5607e+01
5.5745e+01, 2.8401e+01
5.5825e+01, 3.1846e+01
5.5908e+01, 3.6311e+01
5.5949e+01, 3.8988e+01
5.5991e+01, 4.2034e+01
5.6032e+01, 4.5523e+01
5.6053e+01, 4.7460e+01
5.6073e+01, 4.9542e+01
5.6094e+01, 5.1787e+01
5.6115e+01, 5.4208e+01
5.6135e+01, 5.6828e+01
5.6156e+01, 5.9668e+01
5.6170e+01, 6.1832e+01
5.6185e+01, 6.4131e+01
5.6200e+01, 6.6576e+01
5.6214e+01, 6.9179e+01
5.6229e+01, 7.1959e+01
5.6244e+01, 7.4929e+01
5.6258e+01, 7.8110e+01
5.6273e+01, 8.1522e+01
5.6286e+01, 8.4846e+01
5.6300e+01, 8.8399e+01
5.6313e+01, 9.2211e+01
5.6326e+01, 9.6303e+01
5.6340e+01, 1.0071e+02
5.6353e+01, 1.0547e+02
5.6366e+01, 1.1062e+02
5.6380e+01, 1.1620e+02
5.6394e+01, 1.2293e+02
5.6409e+01, 1.3033e+02
5.6424e+01, 1.3854e+02
5.6438e+01, 1.4764e+02
5.6453e+01, 1.5782e+02
5.6468e+01, 1.6924e+02
5.6482e+01, 1.8212e+02
5.6497e+01, 1.9668e+02
5.6512e+01, 2.1326e+02
5.6526e+01, 2.3218e+02
5.6541e+01, 2.5386e+02
5.6556e+01, 2.7876e+02
5.6570e+01, 3.0745e+02
5.6585e+01, 3.4052e+02
5.6600e+01, 3.7868e+02
5.6614e+01, 4.2265e+02
5.6629e+01, 4.7329e+02
5.6644e+01, 5.3147e+02
5.6658e+01, 5.9805e+02
5.6673e+01, 6.7389e+02
5.6687e+01, 7.5992e+02
5.6702e+01, 8.5687e+02
5.6717e+01, 9.6535e+02
5.6731e+01, 1.0857e+03
5.6746e+01, 1.2183e+03
5.6761e+01, 1.3629e+03
5.6775e+01, 1.5190e+03
5.6790e+01, 1.6856e+03
5.6819e+01, 2.0446e+03
5.6849e+01, 2.4228e+03
5.6878e+01, 2.7995e+03
5.6908e+01, 3.1420e+03
5.6937e+01, 3.4192e+03
5.6967e+01, 3.6035e+03
5.6983e+01, 3.6584e+03
5.7000e+01, 3.6762e+03
5.7008e+01, 3.6709e+03
5.7036e+01, 3.5866e+03
5.7063e+01, 3.4069e+03
5.7091e+01, 3.1483e+03
5.7118e+01, 2.8329e+03
5.7176e+01, 2.0995e+03
5.7204e+01, 1.7446e+03
5.7233e+01, 1.4222e+03
5.7262e+01, 1.1419e+03
5.7276e+01, 1.0189e+03
5.7290e+01, 9.0749e+02
5.7305e+01, 8.0724e+02
5.7319e+01, 7.1777e+02
5.7333e+01, 6.3831e+02
5.7348e+01, 5.6820e+02
5.7362e+01, 5.0656e+02
5.7376e+01, 4.5263e+02
5.7391e+01, 4.0552e+02
5.7405e+01, 3.6451e+02
5.7419e+01, 3.2880e+02
5.7434e+01, 2.9775e+02
5.7448e+01, 2.7071e+02
5.7462e+01, 2.4713e+02
5.7476e+01, 2.2740e+02
5.7490e+01, 2.1001e+02
5.7517e+01, 1.8100e+02
5.7545e+01, 1.5799e+02
5.7572e+01, 1.3946e+02
5.7599e+01, 1.2429e+02
5.7627e+01, 1.1168e+02
5.7654e+01, 1.0106e+02
5.7682e+01, 9.1999e+01
5.7709e+01, 8.4189e+01
5.7736e+01, 7.7399e+01
5.7791e+01, 6.6196e+01
5.7846e+01, 5.7376e+01
5.7901e+01, 5.0291e+01
5.7953e+01, 4.4751e+01
5.8005e+01, 4.0121e+01
5.8057e+01, 3.6205e+01
5.8109e+01, 3.2860e+01
5.8161e+01, 2.9976e+01
5.8214e+01, 2.7471e+01
5.8266e+01, 2.5279e+01
5.8318e+01, 2.3352e+01
5.8422e+01, 2.0131e+01
5.8527e+01, 1.7564e+01
5.8631e+01, 1.5483e+01
5.8735e+01, 1.3773e+01
5.8839e+01, 1.2351e+01
5.8944e+01, 1.1155e+01
5.9048e+01, 1.0136e+01
5.9152e+01, 9.2565e+00
5.9257e+01, 8.4935e+00
5.9361e+01, 7.8278e+00
5.9570e+01, 6.7284e+00
5.9778e+01, 5.8631e+00
5.9987e+01, 5.1689e+00
6.0196e+01, 4.6025e+00
6.0404e+01, 4.1339e+00
6.0613e+01, 3.7424e+00
6.0822e+01, 3.4144e+00
6.1030e+01, 3.1312e+00
6.1239e+01, 2.8858e+00
6.1448e+01, 2.6725e+00
6.1656e+01, 2.4868e+00
6.2073e+01, 2.1805e+00
6.2491e+01, 1.9419e+00
6.2908e+01, 1.7552e+00
6.3325e+01, 1.6100e+00
6.3743e+01, 1.5009e+00
6.4243e+01, 1.4151e+00
6.4494e+01, 1.3918e+00
6.4744e+01, 1.3838e+00
6.4974e+01, 1.3926e+00
6.5203e+01, 1.4207e+00
6.5433e+01, 1.4719e+00
6.5662e+01, 1.5588e+00
6.5892e+01, 1.6989e+00
6.6006e+01, 1.7969e+00
6.6121e+01, 1.9198e+00
6.6236e+01, 2.0754e+00
6.6351e+01, 2.2754e+00
6.6465e+01, 2.5375e+00
6.6580e+01, 2.8873e+00
6.6653e+01, 3.1731e+00
6.6726e+01, 3.5257e+00
6.6799e+01, 3.9680e+00
6.6872e+01, 4.5339e+00
6.6909e+01, 4.8787e+00
6.6945e+01, 5.2762e+00
6.6982e+01, 5.7383e+00
6.7018e+01, 6.2807e+00
6.7055e+01, 6.9250e+00
6.7091e+01, 7.7011e+00
6.7128e+01, 8.6528e+00
6.7164e+01, 9.8465e+00
6.7201e+01, 1.1386e+01
6.7219e+01, 1.2332e+01
6.7237e+01, 1.3432e+01
6.7256e+01, 1.4721e+01
6.7274e+01, 1.6243e+01
6.7292e+01, 1.8052e+01
6.7310e+01, 2.0215e+01
6.7329e+01, 2.2815e+01
6.7347e+01, 2.5945e+01
6.7365e+01, 2.9721e+01
6.7383e+01, 3.4268e+01
6.7402e+01, 3.9737e+01
6.7420e+01, 4.6279e+01
6.7438e+01, 5.4070e+01
6.7456e+01, 6.3267e+01
6.7477e+01, 7.5720e+01
6.7498e+01, 9.0428e+01
6.7519e+01, 1.0755e+02
6.7540e+01, 1.2713e+02
6.7561e+01, 1.4913e+02
6.7582e+01, 1.7330e+02
6.7602e+01, 1.9929e+02
6.7623e+01, 2.2655e+02
6.7657e+01, 2.7162e+02
6.7691e+01, 3.1420e+02
6.7715e+01, 3.3992e+02
6.7738e+01, 3.6094e+02
6.7771e+01, 3.8024e+02
6.7800e+01, 3.8574e+02
6.7826e+01, 3.8111e+02
6.7846e+01, 3.7143e+02
6.7866e+01, 3.5690e+02
6.7886e+01, 3.3817e+02
6.7907e+01, 3.1605e+02
6.7932e+01, 2.8464e+02
6.7958e+01, 2.5113e+02
6.8009e+01, 1.8463e+02
6.8032e+01, 1.5656e+02
6.8056e+01, 1.3113e+02
6.8079e+01, 1.0872e+02
6.8103e+01, 8.9433e+01
6.8126e+01, 7.3180e+01
6.8138e+01, 6.6132e+01
6.8150e+01, 5.9752e+01
6.8162e+01, 5.3995e+01
6.8173e+01, 4.8827e+01
6.8185e+01, 4.4198e+01
6.8197e+01, 4.0064e+01
6.8219e+01, 3.3620e+01
6.8240e+01, 2.8435e+01
6.8262e+01, 2.4271e+01
6.8283e+01, 2.0932e+01
6.8305e+01, 1.8242e+01
6.8326e+01, 1.6067e+01
6.8348e+01, 1.4293e+01
6.8370e+01, 1.2832e+01
6.8391e+01, 1.1615e+01
6.8413e+01, 1.0591e+01
6.8434e+01, 9.7196e+00
6.8456e+01, 8.9697e+00
6.8499e+01, 7.7461e+00
6.8542e+01, 6.7912e+00
6.8593e+01, 5.9021e+00
6.8644e+01, 5.1978e+00
6.8695e+01, 4.6276e+00
6.8746e+01, 4.1580e+00
6.8797e+01, 3.7656e+00
6.8848e+01, 3.4339e+00
6.8899e+01, 3.1509e+00
6.8950e+01, 2.9072e+00
6.9052e+01, 2.5110e+00
6.9154e+01, 2.2047e+00
6.9257e+01, 1.9618e+00
6.9359e+01, 1.7653e+00
6.9484e+01, 1.5705e+00
6.9610e+01, 1.4146e+00
6.9735e+01, 1.2875e+00
6.9861e+01, 1.1825e+00
6.9986e+01, 1.0946e+00
7.0112e+01, 1.0204e+00
7.0363e+01, 9.0113e-01
7.0614e+01, 8.0911e-01
7.0866e+01, 7.3664e-01
7.1117e+01, 6.7819e-01
7.1368e+01, 6.3054e-01
7.1902e+01, 5.5180e-01
7.2435e+01, 4.9324e-01
7.2969e+01, 4.4801e-01
7.3503e+01, 4.1175e-01
7.4036e+01, 3.8238e-01
7.4570e+01, 3.5756e-01
7.5104e+01, 3.3533e-01
7.5638e+01, 3.1646e-01
7.6705e+01, 2.8475e-01
7.7772e+01, 2.5940e-01
7.8840e+01, 2.3865e-01
7.9907e+01, 2.2144e-01
8.1665e+01, 1.9892e-01
8.3423e+01, 1.8154e-01
8.5182e+01, 1.6802e-01
8.6940e+01, 1.5763e-01
8.8698e+01, 1.4987e-01
9.0456e+01, 1.4445e-01
9.2214e+01, 1.4126e-01
9.3972e+01, 1.4039e-01
9.5479e+01, 1.4196e-01
9.6986e+01, 1.4581e-01
9.8493e+01, 1.5181e-01
1.0000e+02, 1.6209e-01
1.0085e+02, 1.7031e-01
1.0169e+02, 1.8092e-01
1.0254e+02, 1.9470e-01
1.0339e+02, 2.1278e-01
1.0423e+02, 2.3700e-01
1.0466e+02, 2.5224e-01
1.0508e+02, 2.7026e-01
1.0550e+02, 2.9122e-01
1.0593e+02, 3.1717e-01
1.0635e+02, 3.4898e-01
1.0677e+02, 3.8853e-01
1.0710e+02, 4.2638e-01
1.0743e+02, 4.7241e-01
1.0776e+02, 5.2891e-01
1.0809e+02, 5.9906e-01
1.0842e+02, 6.8956e-01
1.0859e+02, 7.4471e-01
1.0875e+02, 8.0816e-01
1.0892e+02, 8.8178e-01
1.0908e+02, 9.6780e-01
1.0924e+02, 1.0693e+00
1.0941e+02, 1.1903e+00
1.0957e+02, 1.3360e+00
1.0974e+02, 1.5136e+00
1.0990e+02, 1.7327e+00
1.1007e+02, 2.0083e+00
1.1015e+02, 2.1743e+00
1.1023e+02, 2.3636e+00
1.1032e+02, 2.5811e+00
1.1040e+02, 2.8328e+00
1.1048e+02, 3.1264e+00
1.1056e+02, 3.4710e+00
1.1064e+02, 3.8801e+00
1.1073e+02, 4.3709e+00
1.1081e+02, 4.9682e+00
1.1089e+02, 5.7046e+00
1.1097e+02, 6.6323e+00
1.1102e+02, 7.1903e+00
1.1106e+02, 7.8263e+00
1.1110e+02, 8.5607e+00
1.1114e+02, 9.4150e+00
1.1118e+02, 1.0420e+01
1.1122e+02, 1.1617e+01
1.1126e+02, 1.3075e+01
1.1130e+02, 1.4879e+01
1.1134e+02, 1.7181e+01
1.1136e+02, 1.8582e+01
1.1139e+02, 2.0189e+01
1.1140e+02, 2.1924e+01
1.1142e+02, 2.3918e+01
1.1144e+02, 2.6233e+01
1.1146e+02, 2.8930e+01
1.1148e+02, 3.2103e+01
1.1150e+02, 3.5806e+01
1.1152e+02, 4.0157e+01
1.1154e+02, 4.5271e+01
1.1156e+02, 5.1314e+01
1.1158e+02, 5.8367e+01
1.1160e+02, 6.6619e+01
1.1161e+02, 7.6239e+01
1.1163e+02, 8.7403e+01
1.1165e+02, 1.0029e+02
1.1167e+02, 1.1508e+02
1.1169e+02, 1.3192e+02
1.1170e+02, 1.4495e+02
1.1172e+02, 1.5898e+02
1.1173e+02, 1.7412e+02
1.1174e+02, 1.9042e+02
1.1176e+02, 2.1198e+02
1.1178e+02, 2.3527e+02
1.1179e+02, 2.6022e+02
1.1181e+02, 2.8657e+02
1.1184e+02, 3.4373e+02
1.1187e+02, 4.0476e+02
1.1194e+02, 5.2922e+02
1.1197e+02, 5.8613e+02
1.1200e+02, 6.3499e+02
1.1204e+02, 6.7472e+02
1.1207e+02, 6.9828e+02
1.1210e+02, 7.0423e+02
1.1211e+02, 7.0380e+02
1.1213e+02, 6.9783e+02
1.1215e+02, 6.8500e+02
1.1219e+02, 6.4057e+02
1.1224e+02, 5.6859e+02
1.1229e+02, 4.8202e+02
1.1237e+02, 3.3066e+02
1.1241e+02, 2.6294e+02
1.1242e+02, 2.3238e+02
1.1244e+02, 2.0446e+02
1.1246e+02, 1.7898e+02
1.1248e+02, 1.5621e+02
1.1250e+02, 1.3584e+02
1.1252e+02, 1.1797e+02
1.1254e+02, 1.0226e+02
1.1256e+02, 8.8690e+01
1.1258e+02, 7.6928e+01
1.1260e+02, 6.6894e+01
1.1262e+02, 5.8289e+01
1.1264e+02, 5.1012e+01
1.1266e+02, 4.4813e+01
1.1268e+02, 3.9593e+01
1.1270e+02, 3.5156e+01
1.1272e+02, 3.1419e+01
1.1274e+02, 2.8250e+01
1.1276e+02, 2.5553e+01
1.1278e+02, 2.3335e+01
1.1280e+02, 2.1430e+01
1.1282e+02, 1.9766e+01
1.1284e+02, 1.8322e+01
1.1288e+02, 1.5925e+01
1.1291e+02, 1.4032e+01
1.1295e+02, 1.2503e+01
1.1299e+02, 1.1241e+01
1.1303e+02, 1.0182e+01
1.1307e+02, 9.2801e+00
1.1310e+02, 8.5031e+00
1.1314e+02, 7.8271e+00
1.1322e+02, 6.7103e+00
1.1329e+02, 5.8293e+00
1.1337e+02, 5.1209e+00
1.1344e+02, 4.5909e+00
1.1351e+02, 4.1444e+00
1.1357e+02, 3.7633e+00
1.1364e+02, 3.4360e+00
1.1371e+02, 3.1518e+00
1.1378e+02, 2.9040e+00
1.1392e+02, 2.4934e+00
1.1405e+02, 2.1699e+00
1.1419e+02, 1.9107e+00
1.1433e+02, 1.6999e+00
1.1447e+02, 1.5264e+00
1.1461e+02, 1.3752e+00
1.1475e+02, 1.2494e+00
1.1490e+02, 1.1432e+00
1.1504e+02, 1.0527e+00
1.1519e+02, 9.7498e-01
1.1533e+02, 9.0809e-01
1.1562e+02, 7.9991e-01
1.1591e+02, 7.1753e-01
1.1620e+02, 6.5404e-01
1.1649e+02, 6.0483e-01
1.1677e+02, 5.6706e-01
1.1724e+02, 5.2361e-01
1.1770e+02, 4.9578e-01
1.1816e+02, 4.8062e-01
1.1862e+02, 4.7599e-01
1.1914e+02, 4.8204e-01
1.1966e+02, 4.9974e-01
1.2018e+02, 5.2994e-01
1.2070e+02, 5.7475e-01
1.2122e+02, 6.3795e-01
1.2174e+02, 7.2528e-01
1.2200e+02, 7.8027e-01
1.2226e+02, 8.4622e-01
1.2252e+02, 9.2521e-01
1.2278e+02, 1.0202e+00
1.2302e+02, 1.1284e+00
1.2327e+02, 1.2595e+00
1.2352e+02, 1.4203e+00
1.2376e+02, 1.6200e+00
1.2401e+02, 1.8714e+00
1.2413e+02, 2.0220e+00
1.2425e+02, 2.1935e+00
1.2437e+02, 2.3907e+00
1.2450e+02, 2.6189e+00
1.2462e+02, 2.8847e+00
1.2474e+02, 3.1964e+00
1.2487e+02, 3.5896e+00
1.2500e+02, 4.0653e+00
1.2513e+02, 4.6486e+00
1.2526e+02, 5.3746e+00
1.2539e+02, 6.2944e+00
1.2546e+02, 6.8503e+00
1.2552e+02, 7.4859e+00
1.2559e+02, 8.2205e+00
1.2565e+02, 9.0738e+00
1.2572e+02, 1.0077e+01
1.2578e+02, 1.1266e+01
1.2583e+02, 1.2355e+01
1.2588e+02, 1.3619e+01
1.2593e+02, 1.5104e+01
1.2598e+02, 1.6871e+01
1.2601e+02, 1.7887e+01
1.2603e+02, 1.9010e+01
1.2606e+02, 2.0256e+01
1.2608e+02, 2.1642e+01
1.2611e+02, 2.3204e+01
1.2612e+02, 2.4057e+01
1.2614e+02, 2.4966e+01
1.2615e+02, 2.5944e+01
1.2616e+02, 2.6983e+01
1.2617e+02, 2.8097e+01
1.2619e+02, 2.9294e+01
1.2620e+02, 3.0309e+01
1.2621e+02, 3.1376e+01
1.2622e+02, 3.2511e+01
1.2623e+02, 3.3718e+01
1.2624e+02, 3.5019e+01
1.2625e+02, 3.6394e+01
1.2626e+02, 3.7863e+01
1.2627e+02, 3.9436e+01
1.2628e+02, 4.1138e+01
1.2628e+02, 4.2947e+01
1.2629e+02, 4.4889e+01
1.2630e+02, 4.6976e+01
1.2631e+02, 4.9246e+01
1.2632e+02, 5.1666e+01
1.2633e+02, 5.4274e+01
1.2634e+02, 5.7086e+01
1.2636e+02, 6.1020e+01
1.2637e+02, 6.5322e+01
1.2638e+02, 7.0066e+01
1.2639e+02, 7.5295e+01
1.2641e+02, 8.1109e+01
1.2642e+02, 8.7468e+01
1.2643e+02, 9.4471e+01
1.2645e+02, 1.0218e+02
1.2647e+02, 1.1593e+02
1.2649e+02, 1.3176e+02
1.2650e+02, 1.5010e+02
1.2652e+02, 1.7100e+02
1.2654e+02, 1.9495e+02
1.2656e+02, 2.2194e+02
1.2658e+02, 2.5245e+02
1.2660e+02, 2.8633e+02
1.2662e+02, 3.2402e+02
1.2664e+02, 3.6516e+02
1.2666e+02, 4.1011e+02
1.2668e+02, 4.5824e+02
1.2672e+02, 5.6367e+02
1.2676e+02, 6.7732e+02
1.2681e+02, 8.2520e+02
1.2686e+02, 9.6172e+02
1.2690e+02, 1.0506e+03
1.2694e+02, 1.1133e+03
1.2697e+02, 1.1385e+03
1.2700e+02, 1.1469e+03
1.2701e+02, 1.1461e+03
1.2703e+02, 1.1355e+03
1.2706e+02, 1.1129e+03
1.2710e+02, 1.0354e+03
1.2713e+02, 9.7174e+02
1.2716e+02, 8.9883e+02
1.2722e+02, 7.3669e+02
1.2726e+02, 6.0441e+02
1.2731e+02, 4.8096e+02
1.2733e+02, 4.2450e+02
1.2735e+02, 3.7261e+02
1.2738e+02, 3.2512e+02
1.2740e+02, 2.8256e+02
1.2742e+02, 2.4753e+02
1.2744e+02, 2.1634e+02
1.2746e+02, 1.8879e+02
1.2748e+02, 1.6465e+02
1.2750e+02, 1.4363e+02
1.2752e+02, 1.2543e+02
1.2754e+02, 1.0977e+02
1.2756e+02, 9.6394e+01
1.2758e+02, 8.4905e+01
1.2761e+02, 7.5107e+01
1.2763e+02, 6.6762e+01
1.2765e+02, 5.9655e+01
1.2767e+02, 5.3596e+01
1.2769e+02, 4.8420e+01
1.2771e+02, 4.3986e+01
1.2773e+02, 4.0188e+01
1.2775e+02, 3.6890e+01
1.2777e+02, 3.4024e+01
1.2781e+02, 2.9320e+01
1.2786e+02, 2.5643e+01
1.2790e+02, 2.2706e+01
1.2794e+02, 2.0299e+01
1.2798e+02, 1.8298e+01
1.2802e+02, 1.6601e+01
1.2806e+02, 1.5151e+01
1.2810e+02, 1.3893e+01
1.2815e+02, 1.2794e+01
1.2823e+02, 1.0973e+01
1.2831e+02, 9.5308e+00
1.2840e+02, 8.3662e+00
1.2847e+02, 7.4899e+00
1.2855e+02, 6.7495e+00
1.2862e+02, 6.1177e+00
1.2870e+02, 5.5735e+00
1.2877e+02, 5.1012e+00
1.2885e+02, 4.6884e+00
1.2900e+02, 4.0049e+00
1.2915e+02, 3.4657e+00
1.2930e+02, 3.0332e+00
1.2945e+02, 2.6807e+00
1.2960e+02, 2.3899e+00
1.2975e+02, 2.1584e+00
1.2989e+02, 1.9619e+00
1.3004e+02, 1.7937e+00
1.3018e+02, 1.6481e+00
1.3032e+02, 1.5211e+00
1.3047e+02, 1.4097e+00
1.3075e+02, 1.2250e+00
1.3104e+02, 1.0796e+00
1.3133e+02, 9.6335e-01
1.3161e+02, 8.6922e-01
1.3190e+02, 7.9224e-01
1.3214e+02, 7.3806e-01
1.3239e+02, 6.9225e-01
1.3287e+02, 6.1887e-01
1.3335e+02, 5.6410e-01
1.3384e+02, 5.2406e-01
1.3432e+02, 4.9567e-01
1.3480e+02, 4.7698e-01
1.3529e+02, 4.6684e-01
1.3577e+02, 4.6480e-01
1.3626e+02, 4.7100e-01
1.3674e+02, 4.8630e-01
1.3722e+02, 5.1244e-01
1.3771e+02, 5.5246e-01
1.3819e+02, 6.1057e-01
1.3843e+02, 6.4891e-01
1.3867e+02, 6.9607e-01
1.3892e+02, 7.5397e-01
1.3916e+02, 8.2547e-01
1.3940e+02, 9.1480e-01
1.3964e+02, 1.0278e+00
1.3982e+02, 1.1329e+00
1.4000e+02, 1.2614e+00
1.4019e+02, 1.4216e+00
1.4037e+02, 1.6245e+00
1.4055e+02, 1.8865e+00
1.4064e+02, 2.0470e+00
1.4073e+02, 2.2328e+00
1.4082e+02, 2.4494e+00
1.4091e+02, 2.7041e+00
1.4100e+02, 3.0066e+00
1.4109e+02, 3.3696e+00
1.4118e+02, 3.8122e+00
1.4127e+02, 4.3605e+00
1.4136e+02, 5.0532e+00
1.4141e+02, 5.4718e+00
1.4145e+02, 5.9503e+00
1.4150e+02, 6.5047e+00
1.4155e+02, 7.1509e+00
1.4159e+02, 7.9173e+00
1.4164e+02, 8.8371e+00
1.4168e+02, 9.9685e+00
1.4173e+02, 1.1389e+01
1.4175e+02, 1.2246e+01
1.4177e+02, 1.3229e+01
1.4179e+02, 1.4364e+01
1.4182e+02, 1.5676e+01
1.4184e+02, 1.7153e+01
1.4186e+02, 1.8871e+01
1.4188e+02, 2.0888e+01
1.4190e+02, 2.3265e+01
1.4193e+02, 2.6089e+01
1.4195e+02, 2.9417e+01
1.4197e+02, 3.3357e+01
1.4199e+02, 3.8018e+01
1.4201e+02, 4.3549e+01
1.4203e+02, 5.0032e+01
1.4206e+02, 5.7632e+01
1.4208e+02, 6.6499e+01
1.4210e+02, 7.6834e+01
1.4212e+02, 8.8690e+01
1.4214e+02, 1.0225e+02
1.4217e+02, 1.1763e+02
1.4218e+02, 1.3184e+02
1.4220e+02, 1.4740e+02
1.4222e+02, 1.6433e+02
1.4224e+02, 1.8251e+02
1.4226e+02, 2.0527e+02
1.4228e+02, 2.2956e+02
1.4231e+02, 2.7251e+02
1.4235e+02, 3.1825e+02
1.4243e+02, 4.3125e+02
1.4247e+02, 4.8101e+02
1.4251e+02, 5.2063e+02
1.4255e+02, 5.4607e+02
1.4259e+02, 5.5659e+02
1.4260e+02, 5.5682e+02
1.4261e+02, 5.5653e+02
1.4263e+02, 5.5246e+02
1.4265e+02, 5.4366e+02
1.4270e+02, 5.1308e+02
1.4275e+02, 4.6111e+02
1.4280e+02, 3.9714e+02
1.4288e+02, 2.8149e+02
1.4292e+02, 2.2784e+02
1.4296e+02, 1.8038e+02
1.4299e+02, 1.5921e+02
1.4301e+02, 1.4001e+02
1.4303e+02, 1.2260e+02
1.4305e+02, 1.0710e+02
1.4307e+02, 9.3286e+01
1.4309e+02, 8.1186e+01
1.4311e+02, 7.0565e+01
1.4313e+02, 6.1388e+01
1.4316e+02, 5.3431e+01
1.4318e+02, 4.6631e+01
1.4320e+02, 4.0790e+01
1.4322e+02, 3.5836e+01
1.4324e+02, 3.1604e+01
1.4326e+02, 2.8029e+01
1.4328e+02, 2.4981e+01
1.4330e+02, 2.2404e+01
1.4332e+02, 2.0298e+01
1.4334e+02, 1.8489e+01
1.4336e+02, 1.6929e+01
1.4338e+02, 1.5579e+01
1.4340e+02, 1.4405e+01
1.4342e+02, 1.3379e+01
1.4346e+02, 1.1683e+01
1.4350e+02, 1.0338e+01
1.4355e+02, 9.2523e+00
1.4359e+02, 8.3539e+00
1.4363e+02, 7.6009e+00
1.4367e+02, 6.9571e+00
1.4371e+02, 6.4016e+00
1.4379e+02, 5.4930e+00
1.4387e+02, 4.7821e+00
1.4395e+02, 4.2131e+00
1.4404e+02, 3.7092e+00
1.4413e+02, 3.2997e+00
1.4421e+02, 2.9615e+00
1.4430e+02, 2.6786e+00
1.4439e+02, 2.4391e+00
1.4448e+02, 2.2350e+00
1.4457e+02, 2.0596e+00
1.4466e+02, 1.9078e+00
1.4483e+02, 1.6597e+00
1.4501e+02, 1.4679e+00
1.4519e+02, 1.3169e+00
1.4536e+02, 1.1957e+00
1.4553e+02, 1.1008e+00
1.4570e+02, 1.0222e+00
1.4587e+02, 9.5688e-01
1.4604e+02, 9.0229e-01
1.4638e+02, 8.1796e-01
1.4672e+02, 7.5838e-01
1.4706e+02, 7.1724e-01
1.4739e+02, 6.8979e-01
1.4773e+02, 6.7216e-01
1.4807e+02, 6.6327e-01
1.4872e+02, 6.6668e-01
1.4936e+02, 6.9338e-01
1.5001e+02, 7.4264e-01
1.5065e+02, 8.1691e-01
1.5098e+02, 8.6498e-01
1.5130e+02, 9.2174e-01
1.5162e+02, 9.8849e-01
1.5195e+02, 1.0670e+00
1.5227e+02, 1.1597e+00
1.5259e+02, 1.2694e+00
1.5291e+02, 1.3986e+00
1.5324e+02, 1.5529e+00
1.5354e+02, 1.7317e+00
1.5385e+02, 1.9489e+00
1.5416e+02, 2.2152e+00
1.5447e+02, 2.5464e+00
1.5478e+02, 2.9651e+00
1.5493e+02, 3.2171e+00
1.5508e+02, 3.5041e+00
1.5524e+02, 3.8330e+00
1.5539e+02, 4.2118e+00
1.5554e+02, 4.6521e+00
1.5570e+02, 5.1691e+00
1.5587e+02, 5.8500e+00
1.5595e+02, 6.2439e+00
1.5604e+02, 6.6797e+00
1.5612e+02, 7.1650e+00
1.5616e+02, 7.4284e+00
1.5621e+02, 7.7071e+00
1.5625e+02, 8.0024e+00
1.5629e+02, 8.3155e+00
1.5633e+02, 8.6479e+00
1.5637e+02, 9.0006e+00
1.5641e+02, 9.3075e+00
1.5644e+02, 9.6299e+00
1.5648e+02, 9.9699e+00
1.5651e+02, 1.0329e+01
1.5654e+02, 1.0644e+01
1.5657e+02, 1.0973e+01
1.5660e+02, 1.1319e+01
1.5663e+02, 1.1681e+01
1.5666e+02, 1.2063e+01
1.5669e+02, 1.2463e+01
1.5671e+02, 1.2884e+01
1.5674e+02, 1.3327e+01
1.5678e+02, 1.3893e+01
1.5681e+02, 1.4495e+01
1.5685e+02, 1.5138e+01
1.5688e+02, 1.5827e+01
1.5692e+02, 1.6566e+01
1.5695e+02, 1.7359e+01
1.5699e+02, 1.8213e+01
1.5702e+02, 1.9134e+01
1.5706e+02, 2.0362e+01
1.5710e+02, 2.1718e+01
1.5715e+02, 2.3220e+01
1.5719e+02, 2.4888e+01
1.5723e+02, 2.6757e+01
1.5727e+02, 2.8859e+01
1.5732e+02, 3.1236e+01
1.5736e+02, 3.3937e+01
1.5740e+02, 3.7044e+01
1.5744e+02, 4.0645e+01
1.5746e+02, 4.2673e+01
1.5749e+02, 4.4863e+01
1.5751e+02, 4.7259e+01
1.5753e+02, 4.9865e+01
1.5755e+02, 5.2735e+01
1.5757e+02, 5.5879e+01
1.5759e+02, 5.9369e+01
1.5761e+02, 6.3221e+01
1.5763e+02, 6.7531e+01
1.5765e+02, 7.2326e+01
1.5768e+02, 7.7731e+01
1.5770e+02, 8.3790e+01
1.5772e+02, 9.0666e+01
1.5774e+02, 9.8419e+01
1.5776e+02, 1.0726e+02
1.5778e+02, 1.1728e+02
1.5780e+02, 1.2874e+02
1.5782e+02, 1.4174e+02
1.5784e+02, 1.5654e+02
1.5787e+02, 1.7340e+02
1.5789e+02, 1.9265e+02
1.5791e+02, 2.1438e+02
1.5793e+02, 2.3909e+02
1.5795e+02, 2.6682e+02
1.5797e+02, 2.9810e+02
1.5799e+02, 3.3289e+02
1.5801e+02, 3.7157e+02
1.5803e+02, 4.1431e+02
1.5806e+02, 4.6593e+02
1.5808e+02, 5.2266e+02
1.5810e+02, 5.8445e+02
1.5813e+02, 6.5083e+02
1.5817e+02, 7.9690e+02
1.5822e+02, 9.5596e+02
1.5830e+02, 1.2541e+03
1.5835e+02, 1.3889e+03
1.5839e+02, 1.5019e+03
1.5844e+02, 1.6032e+03
1.5847e+02, 1.6295e+03
1.5850e+02, 1.6382e+03
1.5854e+02, 1.6207e+03
1.5858e+02, 1.5700e+03
1.5862e+02, 1.4898e+03
1.5865e+02, 1.3852e+03
1.5869e+02, 1.2605e+03
1.5873e+02, 1.1250e+03
1.5881e+02, 8.4904e+02
1.5885e+02, 7.2549e+02
1.5889e+02, 6.1258e+02
1.5892e+02, 5.1171e+02
1.5896e+02, 4.2431e+02
1.5900e+02, 3.4983e+02
1.5903e+02, 2.8791e+02
1.5907e+02, 2.3711e+02
1.5909e+02, 2.1538e+02
1.5911e+02, 1.9598e+02
1.5914e+02, 1.6435e+02
1.5918e+02, 1.3889e+02
1.5922e+02, 1.1843e+02
1.5925e+02, 1.0204e+02
1.5929e+02, 8.8770e+01
1.5932e+02, 7.8028e+01
1.5936e+02, 6.9207e+01
1.5939e+02, 6.1932e+01
1.5943e+02, 5.5832e+01
1.5946e+02, 5.0676e+01
1.5950e+02, 4.6271e+01
1.5954e+02, 4.2479e+01
1.5957e+02, 3.9167e+01
1.5961e+02, 3.6266e+01
1.5968e+02, 3.1408e+01
1.5975e+02, 2.7689e+01
1.5981e+02, 2.4623e+01
1.5988e+02, 2.2059e+01
1.5995e+02, 1.9893e+01
1.6002e+02, 1.8037e+01
1.6008e+02, 1.6436e+01
1.6015e+02, 1.5043e+01
1.6022e+02, 1.3825e+01
1.6035e+02, 1.1798e+01
1.6049e+02, 1.0194e+01
1.6062e+02, 8.9006e+00
1.6076e+02, 7.8427e+00
1.6088e+02, 7.0502e+00
1.6100e+02, 6.3748e+00
1.6112e+02, 5.7943e+00
1.6124e+02, 5.2919e+00
1.6136e+02, 4.8538e+00
1.6148e+02, 4.4690e+00
1.6173e+02, 3.8259e+00
1.6197e+02, 3.3133e+00
1.6221e+02, 2.8994e+00
1.6245e+02, 2.5603e+00
1.6269e+02, 2.2791e+00
1.6292e+02, 2.0560e+00
1.6315e+02, 1.8654e+00
1.6338e+02, 1.7012e+00
1.6360e+02, 1.5588e+00
1.6383e+02, 1.4347e+00
1.6406e+02, 1.3265e+00
1.6451e+02, 1.1456e+00
1.6497e+02, 1.0008e+00
1.6543e+02, 8.8403e-01
1.6588e+02, 7.8869e-01
1.6634e+02, 7.0992e-01
1.6682e+02, 6.4044e-01
1.6730e+02, 5.8255e-01
1.6779e+02, 5.3394e-01
1.6827e+02, 4.9287e-01
1.6875e+02, 4.5861e-01
1.6924e+02, 4.2915e-01
1.7020e+02, 3.8143e-01
1.7117e+02, 3.4651e-01
1.7214e+02, 3.2139e-01
1.7311e+02, 3.0415e-01
1.7407e+02, 2.9369e-01
1.7498e+02, 2.8954e-01
1.7589e+02, 2.9090e-01
1.7681e+02, 2.9824e-01
1.7772e+02, 3.1255e-01
1.7863e+02, 3.3570e-01
1.7954e+02, 3.7032e-01
1.7999e+02, 3.9342e-01
1.8045e+02, 4.2209e-01
1.8090e+02, 4.5735e-01
1.8136e+02, 5.0104e-01
1.8181e+02, 5.5576e-01
1.8227e+02, 6.2519e-01
1.8261e+02, 6.8962e-01
1.8295e+02, 7.6801e-01
1.8329e+02, 8.6606e-01
1.8363e+02, 9.8997e-01
1.8397e+02, 1.1493e+00
1.8415e+02, 1.2466e+00
1.8432e+02, 1.3588e+00
1.8449e+02, 1.4892e+00
1.8466e+02, 1.6418e+00
1.8483e+02, 1.8217e+00
1.8500e+02, 2.0359e+00
1.8516e+02, 2.2712e+00
1.8531e+02, 2.5544e+00
1.8547e+02, 2.8998e+00
1.8562e+02, 3.3264e+00
1.8578e+02, 3.8629e+00
1.8586e+02, 4.1848e+00
1.8594e+02, 4.5508e+00
1.8602e+02, 4.9707e+00
1.8609e+02, 5.4544e+00
1.8617e+02, 6.0168e+00
1.8625e+02, 6.6764e+00
1.8633e+02, 7.4399e+00
1.8640e+02, 8.3524e+00
1.8648e+02, 9.4592e+00
1.8656e+02, 1.0824e+01
1.8659e+02, 1.1636e+01
1.8663e+02, 1.2553e+01
1.8667e+02, 1.3599e+01
1.8671e+02, 1.4806e+01
1.8673e+02, 1.5486e+01
1.8675e+02, 1.6218e+01
1.8677e+02, 1.7014e+01
1.8679e+02, 1.7882e+01
1.8681e+02, 1.8833e+01
1.8682e+02, 1.9877e+01
1.8684e+02, 2.1029e+01
1.8686e+02, 2.2304e+01
1.8688e+02, 2.3350e+01
1.8689e+02, 2.4476e+01
1.8691e+02, 2.5699e+01
1.8692e+02, 2.7029e+01
1.8693e+02, 2.8489e+01
1.8695e+02, 3.0072e+01
1.8696e+02, 3.1803e+01
1.8698e+02, 3.3696e+01
1.8699e+02, 3.5786e+01
1.8700e+02, 3.8063e+01
1.8702e+02, 4.0562e+01
1.8703e+02, 4.3306e+01
1.8705e+02, 4.6342e+01
1.8706e+02, 4.9655e+01
1.8708e+02, 5.3295e+01
1.8709e+02, 5.7291e+01
1.8711e+02, 6.2855e+01
1.8713e+02, 6.9101e+01
1.8714e+02, 7.6101e+01
1.8716e+02, 8.3931e+01
1.8718e+02, 9.2671e+01
1.8720e+02, 1.0240e+02
1.8721e+02, 1.1320e+02
1.8723e+02, 1.2509e+02
1.8725e+02, 1.3967e+02
1.8727e+02, 1.5575e+02
1.8729e+02, 1.7358e+02
1.8731e+02, 1.9305e+02
1.8733e+02, 2.1441e+02
1.8735e+02, 2.3748e+02
1.8737e+02, 2.6248e+02
1.8739e+02, 2.8915e+02
1.8743e+02, 3.4785e+02
1.8747e+02, 4.1230e+02
1.8755e+02, 5.5166e+02
1.8760e+02, 6.5193e+02
1.8766e+02, 7.3994e+02
1.8770e+02, 7.8887e+02
1.8774e+02, 8.2346e+02
1.8777e+02, 8.3892e+02
1.8780e+02, 8.4406e+02
1.8781e+02, 8.4358e+02
1.8784e+02, 8.3524e+02
1.8787e+02, 8.1696e+02
1.8790e+02, 7.8930e+02
1.8793e+02, 7.5352e+02
1.8800e+02, 6.5508e+02
1.8806e+02, 5.4033e+02
1.8813e+02, 4.2405e+02
1.8816e+02, 3.6930e+02
1.8819e+02, 3.1847e+02
1.8822e+02, 2.7196e+02
1.8826e+02, 2.3035e+02
1.8829e+02, 1.9377e+02
1.8832e+02, 1.6224e+02
1.8835e+02, 1.3865e+02
1.8838e+02, 1.1839e+02
1.8841e+02, 1.0102e+02
1.8843e+02, 8.6352e+01
1.8846e+02, 7.3957e+01
1.8849e+02, 6.3618e+01
1.8852e+02, 5.4994e+01
1.8855e+02, 4.7822e+01
1.8857e+02, 4.1844e+01
1.8860e+02, 3.6894e+01
1.8863e+02, 3.2772e+01
1.8866e+02, 2.9327e+01
1.8869e+02, 2.6425e+01
1.8872e+02, 2.3981e+01
1.8874e+02, 2.1902e+01
1.8877e+02, 2.0119e+01
1.8880e+02, 1.8572e+01
1.8883e+02, 1.7229e+01
1.8888e+02, 1.5002e+01
1.8894e+02, 1.3234e+01
1.8900e+02, 1.1798e+01
1.8905e+02, 1.0604e+01
1.8911e+02, 9.5970e+00
1.8917e+02, 8.7370e+00
1.8922e+02, 7.9960e+00
1.8928e+02, 7.3497e+00
1.8933e+02, 6.7827e+00
1.8945e+02, 5.8387e+00
1.8956e+02, 5.0874e+00
1.8967e+02, 4.4788e+00
1.8977e+02, 4.0267e+00
1.8987e+02, 3.6435e+00
1.8997e+02, 3.3158e+00
1.9007e+02, 3.0336e+00
1.9018e+02, 2.7882e+00
1.9028e+02, 2.5735e+00
1.9048e+02, 2.2172e+00
1.9068e+02, 1.9349e+00
1.9088e+02, 1.7081e+00
1.9108e+02, 1.5230e+00
1.9128e+02, 1.3704e+00
1.9150e+02, 1.2362e+00
1.9171e+02, 1.1244e+00
1.9192e+02, 1.0306e+00
1.9214e+02, 9.5124e-01
1.9235e+02, 8.8319e-01
1.9256e+02, 8.2430e-01
1.9299e+02, 7.2893e-01
1.9341e+02, 6.5658e-01
1.9384e+02, 6.0113e-01
1.9427e+02, 5.5845e-01
1.9469e+02, 5.2566e-01
1.9526e+02, 4.9411e-01
1.9583e+02, 4.7408e-01
1.9640e+02, 4.6174e-01
1.9697e+02, 4.5687e-01
1.9773e+02, 4.6077e-01
1.9848e+02, 4.7585e-01
1.9924e+02, 5.0245e-01
2.0000e+02, 5.4180e-01
2.0063e+02, 5.8617e-01
2.0126e+02, 6.4379e-01
2.0189e+02, 7.1802e-01
2.0252e+02, 8.1398e-01
2.0315e+02, 9.3801e-01
2.0347e+02, 1.0139e+00
2.0378e+02, 1.1027e+00
2.0410e+02, 1.2062e+00
2.0441e+02, 1.3277e+00
2.0473e+02, 1.4714e+00
2.0504e+02, 1.6429e+00
2.0534e+02, 1.8357e+00
2.0563e+02, 2.0678e+00
2.0593e+02, 2.3505e+00
2.0622e+02, 2.6980e+00
2.0652e+02, 3.1335e+00
2.0667e+02, 3.3951e+00
2.0682e+02, 3.6927e+00
2.0696e+02, 4.0334e+00
2.0711e+02, 4.4250e+00
2.0726e+02, 4.8786e+00
2.0741e+02, 5.4077e+00
2.0747e+02, 5.6549e+00
2.0753e+02, 5.9197e+00
2.0759e+02, 6.2046e+00
2.0765e+02, 6.5109e+00
2.0771e+02, 6.8419e+00
2.0778e+02, 7.1991e+00
2.0784e+02, 7.5867e+00
2.0787e+02, 7.7927e+00
2.0790e+02, 8.0068e+00
2.0793e+02, 8.2220e+00
2.0796e+02, 8.4455e+00
2.0799e+02, 8.7190e+00
2.0803e+02, 9.0064e+00
2.0806e+02, 9.3087e+00
2.0810e+02, 9.6260e+00
2.0813e+02, 9.9614e+00
2.0817e+02, 1.0315e+01
2.0820e+02, 1.0689e+01
2.0823e+02, 1.1082e+01
2.0827e+02, 1.1562e+01
2.0831e+02, 1.2074e+01
2.0835e+02, 1.2622e+01
2.0839e+02, 1.3209e+01
2.0843e+02, 1.3841e+01
2.0847e+02, 1.4520e+01
2.0851e+02, 1.5252e+01
2.0855e+02, 1.6044e+01
2.0858e+02, 1.6627e+01
2.0860e+02, 1.7243e+01
2.0863e+02, 1.7896e+01
2.0866e+02, 1.8588e+01
2.0871e+02, 2.0106e+01
2.0877e+02, 2.1826e+01
2.0879e+02, 2.2776e+01
2.0882e+02, 2.3795e+01
2.0885e+02, 2.4888e+01
2.0887e+02, 2.6065e+01
2.0890e+02, 2.7334e+01
2.0893e+02, 2.8706e+01
2.0896e+02, 3.0194e+01
2.0898e+02, 3.1806e+01
2.0901e+02, 3.3573e+01
2.0904e+02, 3.5508e+01
2.0906e+02, 3.7637e+01
2.0909e+02, 3.9987e+01
2.0912e+02, 4.2595e+01
2.0915e+02, 4.5502e+01
2.0917e+02, 4.8756e+01
2.0920e+02, 5.2403e+01
2.0923e+02, 5.6539e+01
2.0925e+02, 6.1237e+01
2.0928e+02, 6.6593e+01
2.0931e+02, 7.2725e+01
2.0934e+02, 7.9766e+01
2.0936e+02, 8.7873e+01
2.0939e+02, 9.7224e+01
2.0942e+02, 1.0798e+02
2.0944e+02, 1.1747e+02
2.0946e+02, 1.2803e+02
2.0948e+02, 1.3987e+02
2.0950e+02, 1.5300e+02
2.0952e+02, 1.6769e+02
2.0954e+02, 1.8392e+02
2.0956e+02, 2.0188e+02
2.0958e+02, 2.2172e+02
2.0960e+02, 2.4367e+02
2.0963e+02, 2.6762e+02
2.0965e+02, 2.9377e+02
2.0967e+02, 3.2221e+02
2.0971e+02, 3.8630e+02
2.0975e+02, 4.5963e+02
2.0981e+02, 5.6770e+02
2.0986e+02, 6.8741e+02
2.0997e+02, 9.3749e+02
2.1002e+02, 1.0449e+03
2.1007e+02, 1.1350e+03
2.1012e+02, 1.2004e+03
2.1017e+02, 1.2356e+03
2.1020e+02, 1.2407e+03
2.1025e+02, 1.2265e+03
2.1029e+02, 1.1853e+03
2.1034e+02, 1.1203e+03
2.1038e+02, 1.0361e+03
2.1043e+02, 9.3254e+02
2.1048e+02, 8.2106e+02
2.1058e+02, 5.9884e+02
2.1063e+02, 5.0242e+02
2.1067e+02, 4.1632e+02
2.1072e+02, 3.4155e+02
2.1077e+02, 2.7832e+02
2.1079e+02, 2.5077e+02
2.1081e+02, 2.2597e+02
2.1083e+02, 2.0365e+02
2.1086e+02, 1.8364e+02
2.1088e+02, 1.6577e+02
2.1090e+02, 1.4986e+02
2.1093e+02, 1.3572e+02
2.1095e+02, 1.2319e+02
2.1097e+02, 1.1254e+02
2.1100e+02, 1.0312e+02
2.1104e+02, 8.7279e+01
2.1108e+02, 7.4719e+01
2.1113e+02, 6.4708e+01
2.1117e+02, 5.6661e+01
2.1122e+02, 5.0122e+01
2.1126e+02, 4.4744e+01
2.1130e+02, 4.0266e+01
2.1135e+02, 3.6483e+01
2.1139e+02, 3.3263e+01
2.1144e+02, 3.0488e+01
2.1148e+02, 2.8072e+01
2.1157e+02, 2.4081e+01
2.1166e+02, 2.0926e+01
2.1174e+02, 1.8495e+01
2.1183e+02, 1.6480e+01
2.1191e+02, 1.4789e+01
2.1199e+02, 1.3353e+01
2.1208e+02, 1.2123e+01
2.1216e+02, 1.1058e+01
2.1225e+02, 1.0131e+01
2.1233e+02, 9.3184e+00
2.1250e+02, 7.9657e+00
2.1267e+02, 6.8930e+00
2.1283e+02, 6.0278e+00
2.1300e+02, 5.3196e+00
2.1315e+02, 4.7890e+00
2.1330e+02, 4.3368e+00
2.1345e+02, 3.9481e+00
2.1360e+02, 3.6119e+00
2.1375e+02, 3.3189e+00
2.1390e+02, 3.0616e+00
2.1420e+02, 2.6318e+00
2.1451e+02, 2.2899e+00
2.1481e+02, 2.0145e+00
2.1511e+02, 1.7897e+00
2.1541e+02, 1.6040e+00
2.1573e+02, 1.4408e+00
2.1604e+02, 1.3049e+00
2.1636e+02, 1.1914e+00
2.1668e+02, 1.0963e+00
2.1700e+02, 1.0150e+00
2.1732e+02, 9.4508e-01
2.1764e+02, 8.8542e-01
2.1795e+02, 8.3464e-01
2.1859e+02, 7.5504e-01
2.1923e+02, 6.9962e-01
2.1986e+02, 6.6444e-01
2.2050e+02, 6.4767e-01
2.2103e+02, 6.4769e-01
2.2156e+02, 6.6144e-01
2.2209e+02, 6.9113e-01
2.2262e+02, 7.3997e-01
2.2289e+02, 7.7296e-01
2.2315e+02, 8.1377e-01
2.2342e+02, 8.6387e-01
2.2368e+02, 9.2485e-01
2.2395e+02, 9.9918e-01
2.2421e+02, 1.0901e+00
2.2448e+02, 1.2021e+00
2.2474e+02, 1.3412e+00
2.2497e+02, 1.4900e+00
2.2520e+02, 1.6728e+00
2.2543e+02, 1.9006e+00
2.2566e+02, 2.1904e+00
2.2578e+02, 2.3658e+00
2.2589e+02, 2.5664e+00
2.2601e+02, 2.7975e+00
2.2612e+02, 3.0651e+00
2.2624e+02, 3.3779e+00
2.2635e+02, 3.7458e+00
2.2647e+02, 4.1836e+00
2.2658e+02, 4.7094e+00
2.2669e+02, 5.3233e+00
2.2681e+02, 6.0756e+00
2.2692e+02, 7.0149e+00
2.2697e+02, 7.5766e+00
2.2703e+02, 8.2138e+00
2.2708e+02, 8.9449e+00
2.2714e+02, 9.7898e+00
2.2719e+02, 1.0777e+01
2.2725e+02, 1.1943e+01
2.2730e+02, 1.3348e+01
2.2733e+02, 1.4162e+01
2.2736e+02, 1.5069e+01
2.2739e+02, 1.6088e+01
2.2741e+02, 1.7233e+01
2.2744e+02, 1.8532e+01
2.2747e+02, 2.0016e+01
2.2749e+02, 2.1582e+01
2.2751e+02, 2.2443e+01
2.2752e+02, 2.3365e+01
2.2753e+02, 2.4361e+01
2.2754e+02, 2.5421e+01
2.2756e+02, 2.6559e+01
2.2757e+02, 2.7783e+01
2.2758e+02, 2.9110e+01
2.2760e+02, 3.0528e+01
2.2761e+02, 3.2055e+01
2.2762e+02, 3.3702e+01
2.2763e+02, 3.5479e+01
2.2765e+02, 3.7395e+01
2.2766e+02, 3.9464e+01
2.2767e+02, 4.1697e+01
2.2768e+02, 4.4225e+01
2.2770e+02, 4.6943e+01
2.2771e+02, 4.9654e+01
2.2772e+02, 5.2545e+01
2.2775e+02, 5.9018e+01
2.2777e+02, 6.6482e+01
2.2780e+02, 7.5066e+01
2.2782e+02, 8.4905e+01
2.2784e+02, 9.6136e+01
2.2787e+02, 1.0890e+02
2.2789e+02, 1.2333e+02
2.2792e+02, 1.3962e+02
2.2794e+02, 1.5776e+02
2.2797e+02, 1.7789e+02
2.2799e+02, 2.0007e+02
2.2801e+02, 2.2445e+02
2.2804e+02, 2.5080e+02
2.2806e+02, 2.7917e+02
2.2809e+02, 3.0943e+02
2.2813e+02, 3.6580e+02
2.2817e+02, 4.2583e+02
2.2826e+02, 5.4928e+02
2.2830e+02, 6.1635e+02
2.2835e+02, 6.7467e+02
2.2841e+02, 7.2479e+02
2.2846e+02, 7.5379e+02
2.2850e+02, 7.5984e+02
2.2851e+02, 7.5942e+02
2.2854e+02, 7.5316e+02
2.2857e+02, 7.3967e+02
2.2863e+02, 6.9286e+02
2.2870e+02, 6.1391e+02
2.2877e+02, 5.1844e+02
2.2888e+02, 3.5177e+02
2.2894e+02, 2.7773e+02
2.2897e+02, 2.4450e+02
2.2900e+02, 2.1420e+02
2.2902e+02, 1.8671e+02
2.2905e+02, 1.6212e+02
2.2908e+02, 1.4035e+02
2.2911e+02, 1.2131e+02
2.2914e+02, 1.0468e+02
2.2917e+02, 9.0333e+01
2.2920e+02, 7.8029e+01
2.2923e+02, 6.7576e+01
2.2925e+02, 5.8677e+01
2.2928e+02, 5.1157e+01
2.2931e+02, 4.4821e+01
2.2934e+02, 3.9506e+01
2.2937e+02, 3.5018e+01
2.2940e+02, 3.1250e+01
2.2943e+02, 2.8057e+01
2.2946e+02, 2.5360e+01
2.2948e+02, 2.3153e+01
2.2951e+02, 2.1251e+01
2.2954e+02, 1.9603e+01
2.2957e+02, 1.8171e+01
2.2962e+02, 1.5799e+01
2.2968e+02, 1.3925e+01
2.2973e+02, 1.2408e+01
2.2979e+02, 1.1157e+01
2.2984e+02, 1.0105e+01
2.2990e+02, 9.2085e+00
2.2995e+02, 8.4338e+00
2.3001e+02, 7.7605e+00
2.3011e+02, 6.6470e+00
2.3022e+02, 5.7676e+00
2.3033e+02, 5.0589e+00
2.3043e+02, 4.5289e+00
2.3053e+02, 4.0814e+00
2.3063e+02, 3.6997e+00
2.3073e+02, 3.3715e+00
2.3083e+02, 3.0863e+00
2.3093e+02, 2.8370e+00
2.3113e+02, 2.4239e+00
2.3133e+02, 2.0975e+00
2.3153e+02, 1.8353e+00
2.3173e+02, 1.6213e+00
2.3192e+02, 1.4443e+00
2.3211e+02, 1.3033e+00
2.3230e+02, 1.1832e+00
2.3249e+02, 1.0801e+00
2.3268e+02, 9.9087e-01
2.3287e+02, 9.1288e-01
2.3305e+02, 8.4414e-01
2.3343e+02, 7.2915e-01
2.3381e+02, 6.3761e-01
2.3418e+02, 5.6352e-01
2.3456e+02, 5.0265e-01
2.3494e+02, 4.5197e-01
2.3533e+02, 4.0711e-01
2.3573e+02, 3.6937e-01
2.3613e+02, 3.3754e-01
2.3653e+02, 3.0983e-01
2.3692e+02, 2.8565e-01
2.3732e+02, 2.6449e-01
2.3812e+02, 2.2945e-01
2.3891e+02, 2.0173e-01
2.3971e+02, 1.7933e-01
2.4050e+02, 1.6092e-01
2.4130e+02, 1.4558e-01
2.4238e+02, 1.2867e-01
2.4347e+02, 1.1456e-01
2.4456e+02, 1.0303e-01
2.4565e+02, 9.3430e-02
2.4674e+02, 8.5278e-02
2.4782e+02, 7.8255e-02
2.4837e+02, 7.5100e-02
2.4864e+02, 7.3601e-02
2.4891e+02, 7.3226e-02
2.4898e+02, 7.4598e-02
2.4905e+02, 7.8357e-02
2.4912e+02, 8.7261e-02
2.4918e+02, 1.0658e-01
2.4922e+02, 1.2286e-01
2.4925e+02, 1.4568e-01
2.4929e+02, 1.7717e-01
2.4932e+02, 2.1998e-01
2.4935e+02, 2.7731e-01
2.4939e+02, 3.5295e-01
2.4942e+02, 4.5127e-01
2.4944e+02, 5.1047e-01
2.4946e+02, 5.7681e-01
2.4947e+02, 6.5177e-01
2.4949e+02, 7.3569e-01
2.4951e+02, 8.2930e-01
2.4952e+02, 9.3334e-01
2.4954e+02, 1.0485e+00
2.4956e+02, 1.1756e+00
2.4957e+02, 1.3154e+00
2.4959e+02, 1.4684e+00
2.4963e+02, 1.8169e+00
2.4966e+02, 2.2259e+00
2.4969e+02, 2.6988e+00
2.4973e+02, 3.2378e+00
2.4976e+02, 3.8432e+00
2.4980e+02, 4.5133e+00
2.4983e+02, 5.2444e+00
2.4986e+02, 6.0304e+00
2.4993e+02, 7.7331e+00
2.5000e+02, 9.5337e+00
2.5000e+02, 1.8999e+01
3.0000e+02, 1.6474e+01
3.5000e+02, 1.5106e+01
4.0000e+02, 1.3737e+01
4.5000e+02, 1.2369e+01
5.0000e+02, 1.1000e+01
5.5000e+02, 1.0256e+01
6.0000e+02, 9.5127e+00
6.5000e+02, 9.0246e+00
7.5000e+02, 8.0486e+00
8.0000e+02, 7.5605e+00
9.0000e+02, 6.9444e+00
1.0000e+03, 6.3282e+00
1.5000e+03, 5.4262e+00
2.0000e+03, 4.5242e+00
2.5000e+03, 3.6222e+00
3.0000e+03, 2.7202e+00
3.5000e+03, 2.5206e+00
4.0000e+03, 2.3211e+00
4.5000e+03, 2.1215e+00
5.0000e+03, 1.9220e+00
5.5000e+03, 1.8449e+00
6.0000e+03, 1.7678e+00
6.5000e+03, 1.6907e+00
7.0000e+03, 1.6136e+00
7.5000e+03, 1.5365e+00
8.0000e+03, 1.4594e+00
8.5000e+03, 1.4195e+00
9.0000e+03, 1.3797e+00
9.5000e+03, 1.3399e+00
1.0000e+04, 1.3000e+00
1.5000e+04, 1.1769e+00
2.0000e+04, 1.0538e+00
2.5000e+04, 9.3073e-01
3.0000e+04, 8.0763e-01
3.1000e+04, 8.0025e-01
3.5000e+04, 7.7074e-01
4.0000e+04, 7.3385e-01
4.5000e+04, 6.9696e-01
5.0000e+04, 6.6007e-01
5.5000e+04, 6.4337e-01
6.0000e+04, 6.2666e-01
6.5000e+04, 6.0996e-01
7.0000e+04, 5.9326e-01
7.5000e+04, 5.7656e-01
8.0000e+04, 5.5985e-01
8.5000e+04, 5.5128e-01
9.0000e+04, 5.4271e-01
9.5000e+04, 5.3414e-01
1.0000e+05, 5.2556e-01
1.0264e+05, 5.2220e-01
1.0264e+05, 5.2220e-01
1.5000e+05, 4.6155e-01
2.0000e+05, 3.9752e-01
2.5000e+05, 3.3349e-01
3.0000e+05, 2.6947e-01
3.3157e+05, 2.6458e-01
3.5000e+05, 2.6316e-01
4.0000e+05, 2.5931e-01
4.2500e+05, 2.5738e-01
5.0000e+05, 2.5160e-01
5.5700e+05, 2.5341e-01
6.0000e+05, 2.5478e-01
6.5000e+05, 2.5637e-01
6.7116e+05, 2.5705e-01
7.0000e+05, 2.5984e-01
7.5000e+05, 2.6468e-01
8.0000e+05, 2.6952e-01
8.5000e+05, 2.7649e-01
9.0000e+05, 2.8347e-01
9.0631e+05, 2.8435e-01
9.0631e+05, 2.8435e-01
9.0631e+05, 2.8435e-01
9.5000e+05, 2.7945e-01
1.0000e+06, 2.7384e-01
1.0081e+06, 2.7413e-01
1.0081e+06, 2.7413e-01
1.0939e+06, 2.6833e-01
1.0939e+06, 2.6833e-01
1.1036e+06, 2.6645e-01
1.1036e+06, 2.6645e-01
1.1350e+06, 2.6582e-01
1.1783e+06, 2.6492e-01
1.1783e+06, 2.6492e-01
1.2000e+06, 2.6309e-01
1.2500e+06, 2.5886e-01
1.2943e+06, 2.5511e-01
1.2943e+06, 2.5511e-01
1.3605e+06, 2.5499e-01
1.3605e+06, 2.5499e-01
1.3652e+06, 2.5299e-01
1.3652e+06, 2.5299e-01
1.4000e+06, 2.4870e-01
1.4211e+06, 2.4610e-01
1.4292e+06, 2.4347e-01
1.4388e+06, 2.4132e-01
1.4688e+06, 2.3427e-01
1.4688e+06, 2.3427e-01
1.4782e+06, 2.3304e-01
1.4783e+06, 2.3304e-01
1.5000e+06, 2.3085e-01
1.5093e+06, 2.2990e-01
1.5093e+06, 2.2990e-01
1.5098e+06, 2.2986e-01
1.5157e+06, 2.2806e-01
1.5164e+06, 2.2759e-01
1.6000e+06, 2.1182e-01
1.8000e+06, 1.7412e-01
2.0000e+06, 1.3641e-01
2.5000e+06, 8.6275e-02
3.0000e+06, 3.6140e-02
3.5000e+06, 2.7205e-02
4.0000e+06, 1.8270e-02
4.2296e+06, 1.6483e-02
4.5000e+06, 1.4380e-02
5.0000e+06, 1.0490e-02
5.5000e+06, 8.4900e-03
6.0000e+06, 6.4900e-03
6.4681e+06, 5.4836e-03
6.5000e+06, 5.4150e-03
6.8702e+06, 4.6190e-03
7.0000e+06, 4.3400e-03
7.5000e+06, 3.7600e-03
8.0000e+06, 3.1800e-03
8.5000e+06, 2.8600e-03
9.0000e+06, 2.5400e-03
9.2667e+06, 2.4333e-03
9.3266e+06, 2.4094e-03
9.5000e+06, 2.3400e-03
1.0000e+07, 2.1400e-03
1.0500e+07, 2.0100e-03
1.1000e+07, 1.8800e-03
1.2000e+07, 1.7200e-03
1.3000e+07, 1.6500e-03
1.4000e+07, 1.6300e-03
1.5000e+07, 1.6200e-03
1.6000e+07, 1.6200e-03
1.6529e+07, 1.6200e-03
1.6529e+07, 1.6200e-03
1.6656e+07, 1.6200e-03
1.7000e+07, 1.6200e-03
1.8000e+07, 1.6200e-03
1.9000e+07, 1.6300e-03
2.0000e+07, 1.6400e-03
