ebin, xs
1.0000e-05, 2.3797e+02
1.0625e-05, 2.3086e+02
1.1250e-05, 2.2436e+02
1.1875e-05, 2.1837e+02
1.2500e-05, 2.1284e+02
1.3750e-05, 2.0294e+02
1.5000e-05, 1.9430e+02
1.6250e-05, 1.8668e+02
1.7500e-05, 1.7989e+02
1.8750e-05, 1.7379e+02
2.0000e-05, 1.6827e+02
2.1875e-05, 1.6089e+02
2.3750e-05, 1.5441e+02
2.5625e-05, 1.4866e+02
2.7500e-05, 1.4350e+02
2.9375e-05, 1.3884e+02
3.1250e-05, 1.3461e+02
3.3125e-05, 1.3075e+02
3.5000e-05, 1.2720e+02
3.8750e-05, 1.2089e+02
4.2500e-05, 1.1543e+02
4.6250e-05, 1.1065e+02
5.0000e-05, 1.0642e+02
5.3125e-05, 1.0324e+02
5.6250e-05, 1.0034e+02
5.9375e-05, 9.7659e+01
6.2500e-05, 9.5186e+01
6.8750e-05, 9.0757e+01
7.5000e-05, 8.6893e+01
8.1250e-05, 8.3484e+01
8.7500e-05, 8.0447e+01
9.3750e-05, 7.7719e+01
1.0000e-04, 7.5251e+01
1.0625e-04, 7.3005e+01
1.1250e-04, 7.0948e+01
1.1875e-04, 6.9055e+01
1.2500e-04, 6.7307e+01
1.3750e-04, 6.4175e+01
1.5000e-04, 6.1443e+01
1.6250e-04, 5.9032e+01
1.7500e-04, 5.6885e+01
1.8750e-04, 5.4956e+01
2.0000e-04, 5.3211e+01
2.1875e-04, 5.0879e+01
2.3750e-04, 4.8830e+01
2.5625e-04, 4.7009e+01
2.7500e-04, 4.5378e+01
2.9375e-04, 4.3906e+01
3.1250e-04, 4.2569e+01
3.3125e-04, 4.1346e+01
3.5000e-04, 4.0224e+01
3.8750e-04, 3.8228e+01
4.2500e-04, 3.6502e+01
4.6250e-04, 3.4991e+01
5.0000e-04, 3.3654e+01
5.3125e-04, 3.2649e+01
5.6250e-04, 3.1729e+01
5.9375e-04, 3.0883e+01
6.2500e-04, 3.0101e+01
6.8750e-04, 2.8700e+01
7.5000e-04, 2.7478e+01
8.1250e-04, 2.6400e+01
8.7500e-04, 2.5440e+01
9.3750e-04, 2.4577e+01
1.0000e-03, 2.3797e+01
1.0625e-03, 2.3086e+01
1.1250e-03, 2.2436e+01
1.1875e-03, 2.1837e+01
1.2500e-03, 2.1285e+01
1.3750e-03, 2.0294e+01
1.5000e-03, 1.9430e+01
1.6250e-03, 1.8668e+01
1.7500e-03, 1.7989e+01
1.8750e-03, 1.7379e+01
2.0000e-03, 1.6827e+01
2.1875e-03, 1.6090e+01
2.3750e-03, 1.5442e+01
2.5625e-03, 1.4866e+01
2.7500e-03, 1.4350e+01
2.9375e-03, 1.3885e+01
3.1250e-03, 1.3462e+01
3.3125e-03, 1.3075e+01
3.5000e-03, 1.2720e+01
3.8750e-03, 1.2089e+01
4.2500e-03, 1.1543e+01
4.6250e-03, 1.1066e+01
5.0000e-03, 1.0643e+01
5.3125e-03, 1.0325e+01
5.6250e-03, 1.0034e+01
5.9375e-03, 9.7663e+00
6.2500e-03, 9.5190e+00
6.8750e-03, 9.0760e+00
7.5000e-03, 8.6896e+00
8.1250e-03, 8.3486e+00
8.7500e-03, 8.0449e+00
9.3750e-03, 7.7721e+00
1.0000e-02, 7.5254e+00
1.0625e-02, 7.3007e+00
1.1250e-02, 7.0951e+00
1.1875e-02, 6.9059e+00
1.2500e-02, 6.7311e+00
1.3750e-02, 6.4180e+00
1.5000e-02, 6.1448e+00
1.6250e-02, 5.9037e+00
1.7500e-02, 5.6889e+00
1.8750e-02, 5.4959e+00
2.0000e-02, 5.3213e+00
2.1325e-02, 5.1534e+00
2.2650e-02, 5.0004e+00
2.3975e-02, 4.8604e+00
2.5300e-02, 4.7316e+00
2.6844e-02, 4.5937e+00
2.8387e-02, 4.4673e+00
3.1475e-02, 4.2429e+00
3.4563e-02, 4.0490e+00
3.7650e-02, 3.8793e+00
4.0738e-02, 3.7293e+00
4.3825e-02, 3.5954e+00
4.6913e-02, 3.4751e+00
5.0000e-02, 3.3660e+00
5.3125e-02, 3.2656e+00
5.6250e-02, 3.1737e+00
5.9375e-02, 3.0892e+00
6.2500e-02, 3.0112e+00
6.8750e-02, 2.8714e+00
7.5000e-02, 2.7492e+00
8.1250e-02, 2.6413e+00
8.7500e-02, 2.5452e+00
9.3750e-02, 2.4589e+00
1.0000e-01, 2.3809e+00
1.0625e-01, 2.3098e+00
1.1250e-01, 2.2448e+00
1.1875e-01, 2.1851e+00
1.2500e-01, 2.1301e+00
1.3750e-01, 2.0313e+00
1.5000e-01, 1.9449e+00
1.6250e-01, 1.8686e+00
1.7500e-01, 1.8007e+00
1.8750e-01, 1.7398e+00
2.0000e-01, 1.6848e+00
2.1875e-01, 1.6112e+00
2.3750e-01, 1.5464e+00
2.5625e-01, 1.4889e+00
2.7500e-01, 1.4373e+00
2.9375e-01, 1.3908e+00
3.1250e-01, 1.3486e+00
3.3125e-01, 1.3100e+00
3.5000e-01, 1.2748e+00
3.8750e-01, 1.2120e+00
4.2500e-01, 1.1575e+00
5.0000e-01, 1.0677e+00
6.2500e-01, 9.5576e-01
7.5000e-01, 8.7301e-01
8.7500e-01, 8.0901e-01
1.0000e+00, 7.5747e-01
1.2500e+00, 6.7840e-01
1.5000e+00, 6.2018e-01
1.7500e+00, 5.7513e-01
2.0000e+00, 5.3886e-01
2.3750e+00, 4.9565e-01
2.7500e+00, 4.6177e-01
3.1250e+00, 4.3417e-01
3.5000e+00, 4.1122e-01
4.2500e+00, 3.7496e-01
5.0000e+00, 3.4741e-01
6.2500e+00, 3.1334e-01
7.5000e+00, 2.8846e-01
8.7500e+00, 2.6941e-01
1.0000e+01, 2.5426e-01
1.2500e+01, 2.3160e-01
1.5000e+01, 2.1549e-01
1.7500e+01, 2.0353e-01
2.0000e+01, 1.9441e-01
2.3750e+01, 1.8444e-01
2.7500e+01, 1.7769e-01
3.1250e+01, 1.7333e-01
3.5000e+01, 1.7092e-01
3.8750e+01, 1.7026e-01
4.2500e+01, 1.7129e-01
4.6250e+01, 1.7409e-01
5.0000e+01, 1.7892e-01
5.6761e+01, 1.9445e-01
6.0141e+01, 2.0677e-01
6.3522e+01, 2.2357e-01
6.6902e+01, 2.4684e-01
7.0283e+01, 2.8050e-01
7.1973e+01, 3.0314e-01
7.3663e+01, 3.3106e-01
7.5353e+01, 3.6599e-01
7.7043e+01, 4.1080e-01
7.8823e+01, 4.7379e-01
7.9712e+01, 5.1250e-01
8.0602e+01, 5.5808e-01
8.1491e+01, 6.1314e-01
8.2381e+01, 6.7948e-01
8.3271e+01, 7.6032e-01
8.4160e+01, 8.6043e-01
8.4872e+01, 9.5882e-01
8.5583e+01, 1.0786e+00
8.6295e+01, 1.2265e+00
8.7007e+01, 1.4120e+00
8.7718e+01, 1.6469e+00
8.8074e+01, 1.7890e+00
8.8430e+01, 1.9539e+00
8.8786e+01, 2.1452e+00
8.9142e+01, 2.3685e+00
8.9498e+01, 2.6313e+00
8.9853e+01, 2.9438e+00
9.0187e+01, 3.2937e+00
9.0521e+01, 3.7139e+00
9.0854e+01, 4.2239e+00
9.1188e+01, 4.8488e+00
9.1521e+01, 5.6286e+00
9.1688e+01, 6.0960e+00
9.1855e+01, 6.6272e+00
9.2022e+01, 7.2340e+00
9.2189e+01, 7.9309e+00
9.2355e+01, 8.7370e+00
9.2522e+01, 9.6765e+00
9.2711e+01, 1.0943e+01
9.2900e+01, 1.2482e+01
9.3089e+01, 1.4380e+01
9.3278e+01, 1.6756e+01
9.3373e+01, 1.8175e+01
9.3467e+01, 1.9786e+01
9.3562e+01, 2.1628e+01
9.3656e+01, 2.3747e+01
9.3751e+01, 2.6206e+01
9.3845e+01, 2.9085e+01
9.3940e+01, 3.2486e+01
9.4035e+01, 3.6547e+01
9.4135e+01, 4.1779e+01
9.4235e+01, 4.8283e+01
9.4335e+01, 5.6537e+01
9.4385e+01, 6.1538e+01
9.4435e+01, 6.7285e+01
9.4485e+01, 7.3950e+01
9.4535e+01, 8.1755e+01
9.4585e+01, 9.0993e+01
9.4635e+01, 1.0206e+02
9.4685e+01, 1.1546e+02
9.4735e+01, 1.3190e+02
9.4785e+01, 1.5226e+02
9.4835e+01, 1.7770e+02
9.4862e+01, 1.9365e+02
9.4888e+01, 2.1166e+02
9.4914e+01, 2.3199e+02
9.4941e+01, 2.5493e+02
9.4967e+01, 2.8078e+02
9.4994e+01, 3.0987e+02
9.5020e+01, 3.4251e+02
9.5046e+01, 3.7902e+02
9.5073e+01, 4.1970e+02
9.5099e+01, 4.6483e+02
9.5152e+01, 5.6930e+02
9.5205e+01, 6.9340e+02
9.5258e+01, 8.3658e+02
9.5319e+01, 1.0227e+03
9.5380e+01, 1.2226e+03
9.5441e+01, 1.4238e+03
9.5502e+01, 1.6103e+03
9.5552e+01, 1.7384e+03
9.5601e+01, 1.8369e+03
9.5651e+01, 1.8987e+03
9.5700e+01, 1.9191e+03
9.5754e+01, 1.8920e+03
9.5809e+01, 1.8154e+03
9.5864e+01, 1.6962e+03
9.5918e+01, 1.5447e+03
9.6048e+01, 1.1253e+03
9.6112e+01, 9.2008e+02
9.6177e+01, 7.3585e+02
9.6234e+01, 5.9715e+02
9.6262e+01, 5.3626e+02
9.6291e+01, 4.8100e+02
9.6319e+01, 4.3114e+02
9.6347e+01, 3.8645e+02
9.6376e+01, 3.4660e+02
9.6404e+01, 3.1125e+02
9.6432e+01, 2.7998e+02
9.6461e+01, 2.5240e+02
9.6489e+01, 2.2814e+02
9.6517e+01, 2.0683e+02
9.6546e+01, 1.8811e+02
9.6574e+01, 1.7167e+02
9.6602e+01, 1.5720e+02
9.6631e+01, 1.4446e+02
9.6679e+01, 1.2597e+02
9.6728e+01, 1.1091e+02
9.6777e+01, 9.8518e+01
9.6825e+01, 8.8210e+01
9.6874e+01, 7.9538e+01
9.6922e+01, 7.2168e+01
9.6971e+01, 6.5838e+01
9.7019e+01, 6.0356e+01
9.7068e+01, 5.5567e+01
9.7117e+01, 5.1355e+01
9.7214e+01, 4.4307e+01
9.7311e+01, 3.8664e+01
9.7408e+01, 3.4065e+01
9.7497e+01, 3.0551e+01
9.7586e+01, 2.7564e+01
9.7676e+01, 2.5002e+01
9.7765e+01, 2.2786e+01
9.7854e+01, 2.0856e+01
9.7943e+01, 1.9164e+01
9.8121e+01, 1.6352e+01
9.8299e+01, 1.4123e+01
9.8477e+01, 1.2326e+01
9.8656e+01, 1.0857e+01
9.8834e+01, 9.6400e+00
9.8980e+01, 8.7937e+00
9.9125e+01, 8.0559e+00
9.9271e+01, 7.4076e+00
9.9417e+01, 6.8345e+00
9.9708e+01, 5.8716e+00
1.0000e+02, 5.1007e+00
1.0024e+02, 4.5695e+00
1.0049e+02, 4.1211e+00
1.0073e+02, 3.7365e+00
1.0098e+02, 3.4033e+00
1.0122e+02, 3.1132e+00
1.0146e+02, 2.8597e+00
1.0195e+02, 2.4400e+00
1.0244e+02, 2.1094e+00
1.0293e+02, 1.8443e+00
1.0342e+02, 1.6286e+00
1.0391e+02, 1.4507e+00
1.0439e+02, 1.3025e+00
1.0488e+02, 1.1794e+00
1.0537e+02, 1.0731e+00
1.0586e+02, 9.8169e-01
1.0635e+02, 9.0235e-01
1.0684e+02, 8.3372e-01
1.0781e+02, 7.2066e-01
1.0879e+02, 6.3251e-01
1.0977e+02, 5.6245e-01
1.1074e+02, 5.0582e-01
1.1172e+02, 4.5949e-01
1.1255e+02, 4.2678e-01
1.1338e+02, 3.9935e-01
1.1421e+02, 3.7413e-01
1.1504e+02, 3.5324e-01
1.1670e+02, 3.1812e-01
1.1836e+02, 2.9087e-01
1.2002e+02, 2.6941e-01
1.2168e+02, 2.5235e-01
1.2500e+02, 2.2754e-01
1.2734e+02, 2.1550e-01
1.2969e+02, 2.0621e-01
1.3438e+02, 1.9368e-01
1.3906e+02, 1.8784e-01
1.4375e+02, 1.8490e-01
1.5000e+02, 1.8587e-01
1.5625e+02, 1.9057e-01
1.6250e+02, 1.9843e-01
1.6875e+02, 2.0926e-01
1.7500e+02, 2.2318e-01
1.8125e+02, 2.4055e-01
1.8750e+02, 2.6197e-01
1.9375e+02, 2.8833e-01
2.0000e+02, 3.2089e-01
2.0424e+02, 3.4774e-01
2.0849e+02, 3.7919e-01
2.1273e+02, 4.1488e-01
2.1698e+02, 4.5834e-01
2.2122e+02, 5.1000e-01
2.2334e+02, 5.3978e-01
2.2547e+02, 5.7287e-01
2.2759e+02, 6.0951e-01
2.2971e+02, 6.5006e-01
2.3183e+02, 6.9506e-01
2.3395e+02, 7.4548e-01
2.3657e+02, 8.1664e-01
2.3918e+02, 8.9957e-01
2.4179e+02, 9.9704e-01
2.4440e+02, 1.1127e+00
2.4701e+02, 1.2508e+00
2.4832e+02, 1.3303e+00
2.4963e+02, 1.4185e+00
2.5093e+02, 1.5163e+00
2.5224e+02, 1.6252e+00
2.5354e+02, 1.7469e+00
2.5485e+02, 1.8835e+00
2.5665e+02, 2.1007e+00
2.5844e+02, 2.3591e+00
2.6024e+02, 2.6706e+00
2.6203e+02, 3.0511e+00
2.6293e+02, 3.2730e+00
2.6383e+02, 3.5209e+00
2.6473e+02, 3.7997e+00
2.6562e+02, 4.1128e+00
2.6652e+02, 4.4669e+00
2.6742e+02, 4.8713e+00
2.6832e+02, 5.3331e+00
2.6921e+02, 5.8577e+00
2.7011e+02, 6.4676e+00
2.7101e+02, 7.1843e+00
2.7191e+02, 8.0281e+00
2.7281e+02, 9.0302e+00
2.7370e+02, 1.0232e+01
2.7460e+02, 1.1690e+01
2.7550e+02, 1.3478e+01
2.7640e+02, 1.5704e+01
2.7709e+02, 1.7815e+01
2.7779e+02, 2.0368e+01
2.7848e+02, 2.3490e+01
2.7917e+02, 2.7348e+01
2.7952e+02, 2.9621e+01
2.7987e+02, 3.2162e+01
2.8021e+02, 3.5008e+01
2.8056e+02, 3.8214e+01
2.8091e+02, 4.1850e+01
2.8125e+02, 4.5986e+01
2.8160e+02, 5.0690e+01
2.8195e+02, 5.6041e+01
2.8249e+02, 6.5990e+01
2.8304e+02, 7.8136e+01
2.8358e+02, 9.2776e+01
2.8413e+02, 1.0992e+02
2.8522e+02, 1.4814e+02
2.8576e+02, 1.6471e+02
2.8604e+02, 1.7091e+02
2.8631e+02, 1.7517e+02
2.8670e+02, 1.7729e+02
2.8698e+02, 1.7581e+02
2.8725e+02, 1.7194e+02
2.8753e+02, 1.6598e+02
2.8781e+02, 1.5833e+02
2.8836e+02, 1.3988e+02
2.8892e+02, 1.2007e+02
2.8947e+02, 1.0136e+02
2.9002e+02, 8.5017e+01
2.9058e+02, 7.1332e+01
2.9113e+02, 6.0116e+01
2.9146e+02, 5.4488e+01
2.9179e+02, 4.9514e+01
2.9212e+02, 4.5114e+01
2.9244e+02, 4.1223e+01
2.9277e+02, 3.7777e+01
2.9310e+02, 3.4723e+01
2.9376e+02, 2.9561e+01
2.9441e+02, 2.5390e+01
2.9507e+02, 2.2004e+01
2.9572e+02, 1.9228e+01
2.9638e+02, 1.6931e+01
2.9695e+02, 1.5234e+01
2.9753e+02, 1.3774e+01
2.9810e+02, 1.2511e+01
2.9867e+02, 1.1411e+01
2.9925e+02, 1.0448e+01
2.9982e+02, 9.6001e+00
3.0097e+02, 8.1863e+00
3.0212e+02, 7.0768e+00
3.0327e+02, 6.1669e+00
3.0441e+02, 5.4215e+00
3.0556e+02, 4.8056e+00
3.0654e+02, 4.3595e+00
3.0753e+02, 3.9741e+00
3.0851e+02, 3.6387e+00
3.0950e+02, 3.3458e+00
3.1146e+02, 2.8624e+00
3.1343e+02, 2.4824e+00
3.1540e+02, 2.1801e+00
3.1737e+02, 1.9362e+00
3.1933e+02, 1.7415e+00
3.2130e+02, 1.5772e+00
3.2360e+02, 1.4237e+00
3.2589e+02, 1.3017e+00
3.2819e+02, 1.2050e+00
3.3048e+02, 1.1293e+00
3.3278e+02, 1.0720e+00
3.3507e+02, 1.0314e+00
3.3737e+02, 1.0067e+00
3.3967e+02, 9.9807e-01
3.4262e+02, 1.0120e+00
3.4557e+02, 1.0584e+00
3.4704e+02, 1.0953e+00
3.4852e+02, 1.1459e+00
3.5000e+02, 1.2062e+00
3.5147e+02, 1.2844e+00
3.5295e+02, 1.3846e+00
3.5442e+02, 1.5110e+00
3.5590e+02, 1.6712e+00
3.5737e+02, 1.8757e+00
3.5885e+02, 2.1402e+00
3.5959e+02, 2.3018e+00
3.6032e+02, 2.4864e+00
3.6106e+02, 2.6978e+00
3.6180e+02, 2.9470e+00
3.6254e+02, 3.2403e+00
3.6328e+02, 3.5873e+00
3.6401e+02, 4.0014e+00
3.6475e+02, 4.5004e+00
3.6549e+02, 5.1089e+00
3.6623e+02, 5.8600e+00
3.6697e+02, 6.8008e+00
3.6733e+02, 7.3607e+00
3.6770e+02, 7.9932e+00
3.6807e+02, 8.7127e+00
3.6844e+02, 9.5382e+00
3.6881e+02, 1.0491e+01
3.6918e+02, 1.1598e+01
3.6963e+02, 1.3206e+01
3.7008e+02, 1.5170e+01
3.7053e+02, 1.7596e+01
3.7076e+02, 1.9027e+01
3.7098e+02, 2.0632e+01
3.7121e+02, 2.2439e+01
3.7143e+02, 2.4479e+01
3.7166e+02, 2.6791e+01
3.7188e+02, 2.9416e+01
3.7211e+02, 3.2408e+01
3.7234e+02, 3.5822e+01
3.7256e+02, 3.9724e+01
3.7279e+02, 4.4181e+01
3.7297e+02, 4.8238e+01
3.7315e+02, 5.2737e+01
3.7351e+02, 6.3172e+01
3.7388e+02, 7.5551e+01
3.7424e+02, 8.9501e+01
3.7461e+02, 1.0393e+02
3.7497e+02, 1.1693e+02
3.7515e+02, 1.2213e+02
3.7534e+02, 1.2607e+02
3.7552e+02, 1.2851e+02
3.7570e+02, 1.2928e+02
3.7588e+02, 1.2836e+02
3.7606e+02, 1.2581e+02
3.7624e+02, 1.2180e+02
3.7642e+02, 1.1657e+02
3.7678e+02, 1.0361e+02
3.7714e+02, 8.9272e+01
3.7750e+02, 7.5406e+01
3.7786e+02, 6.3088e+01
3.7823e+02, 5.2687e+01
3.7859e+02, 4.4155e+01
3.7880e+02, 3.9968e+01
3.7900e+02, 3.6271e+01
3.7921e+02, 3.3005e+01
3.7942e+02, 3.0120e+01
3.7963e+02, 2.7566e+01
3.7984e+02, 2.5301e+01
3.8026e+02, 2.1497e+01
3.8068e+02, 1.8459e+01
3.8110e+02, 1.6000e+01
3.8151e+02, 1.3983e+01
3.8193e+02, 1.2315e+01
3.8226e+02, 1.1200e+01
3.8259e+02, 1.0229e+01
3.8292e+02, 9.3772e+00
3.8325e+02, 8.6269e+00
3.8390e+02, 7.3722e+00
3.8456e+02, 6.3727e+00
3.8522e+02, 5.5641e+00
3.8588e+02, 4.9013e+00
3.8653e+02, 4.3520e+00
3.8719e+02, 3.8941e+00
3.8785e+02, 3.5064e+00
3.8850e+02, 3.1726e+00
3.8916e+02, 2.8847e+00
3.8982e+02, 2.6353e+00
3.9048e+02, 2.4178e+00
3.9113e+02, 2.2269e+00
3.9245e+02, 1.9093e+00
3.9376e+02, 1.6573e+00
3.9508e+02, 1.4540e+00
3.9639e+02, 1.2876e+00
3.9771e+02, 1.1495e+00
3.9908e+02, 1.0306e+00
4.0045e+02, 9.2893e-01
4.0183e+02, 8.4272e-01
4.0320e+02, 7.6839e-01
4.0458e+02, 7.0395e-01
4.0595e+02, 6.4822e-01
4.0870e+02, 5.5613e-01
4.1145e+02, 4.8383e-01
4.1420e+02, 4.2576e-01
4.1695e+02, 3.7955e-01
4.1969e+02, 3.3972e-01
4.2280e+02, 3.0324e-01
4.2591e+02, 2.7288e-01
4.2902e+02, 2.4710e-01
4.3212e+02, 2.2503e-01
4.3523e+02, 2.0610e-01
4.3834e+02, 1.8986e-01
4.4455e+02, 1.6323e-01
4.5077e+02, 1.4216e-01
4.5698e+02, 1.2583e-01
4.6319e+02, 1.1189e-01
4.6941e+02, 1.0040e-01
4.7706e+02, 8.8895e-02
4.8470e+02, 7.9468e-02
4.9235e+02, 7.1636e-02
5.0000e+02, 6.5060e-02
5.1438e+02, 5.5294e-02
5.2875e+02, 4.7921e-02
5.4313e+02, 4.2258e-02
5.5032e+02, 3.9853e-02
5.5751e+02, 3.7899e-02
5.6469e+02, 3.6056e-02
5.7188e+02, 3.4599e-02
5.8626e+02, 3.2231e-02
6.0064e+02, 3.0784e-02
6.1501e+02, 3.0419e-02
6.2140e+02, 3.0717e-02
6.2779e+02, 3.1394e-02
6.3418e+02, 3.2557e-02
6.4057e+02, 3.4380e-02
6.4696e+02, 3.7125e-02
6.5016e+02, 3.8975e-02
6.5335e+02, 4.1267e-02
6.5655e+02, 4.4103e-02
6.5974e+02, 4.7641e-02
6.6293e+02, 5.2098e-02
6.6613e+02, 5.7790e-02
6.6853e+02, 6.3162e-02
6.7092e+02, 6.9592e-02
6.7332e+02, 7.7742e-02
6.7571e+02, 8.8040e-02
6.7811e+02, 1.0130e-01
6.7931e+02, 1.0940e-01
6.8051e+02, 1.1875e-01
6.8170e+02, 1.2961e-01
6.8290e+02, 1.4233e-01
6.8410e+02, 1.5733e-01
6.8530e+02, 1.7501e-01
6.8640e+02, 1.9438e-01
6.8749e+02, 2.1775e-01
6.8859e+02, 2.4610e-01
6.8969e+02, 2.8093e-01
6.9079e+02, 3.2436e-01
6.9189e+02, 3.7950e-01
6.9244e+02, 4.1282e-01
6.9299e+02, 4.5097e-01
6.9353e+02, 4.9490e-01
6.9408e+02, 5.4577e-01
6.9468e+02, 6.1093e-01
6.9528e+02, 6.8892e-01
6.9588e+02, 7.8374e-01
6.9648e+02, 9.0062e-01
6.9708e+02, 1.0468e+00
6.9738e+02, 1.1341e+00
6.9768e+02, 1.2330e+00
6.9798e+02, 1.3459e+00
6.9828e+02, 1.4754e+00
6.9858e+02, 1.6251e+00
6.9888e+02, 1.7994e+00
6.9918e+02, 2.0041e+00
6.9948e+02, 2.2466e+00
6.9977e+02, 2.5375e+00
7.0007e+02, 2.8911e+00
7.0034e+02, 3.2678e+00
7.0060e+02, 3.7274e+00
7.0086e+02, 4.2977e+00
7.0112e+02, 5.0199e+00
7.0125e+02, 5.4574e+00
7.0138e+02, 5.9599e+00
7.0152e+02, 6.5432e+00
7.0165e+02, 7.2265e+00
7.0178e+02, 8.0379e+00
7.0191e+02, 9.0124e+00
7.0204e+02, 1.0200e+01
7.0211e+02, 1.0894e+01
7.0217e+02, 1.1667e+01
7.0224e+02, 1.2577e+01
7.0231e+02, 1.3601e+01
7.0238e+02, 1.4762e+01
7.0245e+02, 1.6076e+01
7.0251e+02, 1.7569e+01
7.0258e+02, 1.9265e+01
7.0265e+02, 2.1193e+01
7.0272e+02, 2.3384e+01
7.0279e+02, 2.5878e+01
7.0286e+02, 2.8701e+01
7.0293e+02, 3.1902e+01
7.0299e+02, 3.5508e+01
7.0306e+02, 3.9568e+01
7.0313e+02, 4.4107e+01
7.0320e+02, 4.9165e+01
7.0327e+02, 5.4770e+01
7.0335e+02, 6.2143e+01
7.0343e+02, 7.0325e+01
7.0351e+02, 7.9324e+01
7.0359e+02, 8.9114e+01
7.0376e+02, 1.1081e+02
7.0392e+02, 1.3454e+02
7.0419e+02, 1.7516e+02
7.0433e+02, 1.9320e+02
7.0447e+02, 2.0800e+02
7.0463e+02, 2.2000e+02
7.0480e+02, 2.2413e+02
7.0484e+02, 2.2385e+02
7.0496e+02, 2.2023e+02
7.0508e+02, 2.1264e+02
7.0520e+02, 2.0155e+02
7.0531e+02, 1.8761e+02
7.0547e+02, 1.6654e+02
7.0562e+02, 1.4376e+02
7.0577e+02, 1.2096e+02
7.0592e+02, 9.9482e+01
7.0606e+02, 8.2400e+01
7.0620e+02, 6.7451e+01
7.0633e+02, 5.4759e+01
7.0640e+02, 4.9245e+01
7.0646e+02, 4.4268e+01
7.0653e+02, 3.9784e+01
7.0660e+02, 3.5770e+01
7.0667e+02, 3.2192e+01
7.0673e+02, 2.9012e+01
7.0680e+02, 2.6195e+01
7.0687e+02, 2.3705e+01
7.0694e+02, 2.1508e+01
7.0700e+02, 1.9573e+01
7.0712e+02, 1.6742e+01
7.0724e+02, 1.4463e+01
7.0736e+02, 1.2621e+01
7.0747e+02, 1.1120e+01
7.0759e+02, 9.8868e+00
7.0771e+02, 8.8629e+00
7.0782e+02, 8.0036e+00
7.0794e+02, 7.2750e+00
7.0806e+02, 6.6498e+00
7.0817e+02, 6.1086e+00
7.0829e+02, 5.6361e+00
7.0841e+02, 5.2206e+00
7.0864e+02, 4.5236e+00
7.0888e+02, 3.9641e+00
7.0907e+02, 3.5709e+00
7.0927e+02, 3.2354e+00
7.0947e+02, 2.9464e+00
7.0967e+02, 2.6956e+00
7.0987e+02, 2.4761e+00
7.1006e+02, 2.2830e+00
7.1046e+02, 1.9603e+00
7.1086e+02, 1.7026e+00
7.1125e+02, 1.4937e+00
7.1165e+02, 1.3218e+00
7.1204e+02, 1.1786e+00
7.1244e+02, 1.0579e+00
7.1284e+02, 9.5504e-01
7.1323e+02, 8.6660e-01
7.1363e+02, 7.9003e-01
7.1402e+02, 7.2328e-01
7.1442e+02, 6.6481e-01
7.1521e+02, 5.6765e-01
7.1600e+02, 4.9072e-01
7.1680e+02, 4.2876e-01
7.1759e+02, 3.7813e-01
7.1838e+02, 3.3630e-01
7.1913e+02, 3.0289e-01
7.1989e+02, 2.7436e-01
7.2065e+02, 2.4969e-01
7.2140e+02, 2.2830e-01
7.2216e+02, 2.0966e-01
7.2291e+02, 1.9332e-01
7.2443e+02, 1.6617e-01
7.2594e+02, 1.4466e-01
7.2745e+02, 1.2734e-01
7.2896e+02, 1.1317e-01
7.3047e+02, 1.0153e-01
7.3235e+02, 8.9701e-02
7.3422e+02, 7.9936e-02
7.3609e+02, 7.1851e-02
7.3796e+02, 6.5085e-02
7.3983e+02, 5.9374e-02
7.4170e+02, 5.4515e-02
7.4358e+02, 5.0339e-02
7.4545e+02, 4.6715e-02
7.4919e+02, 4.0766e-02
7.5293e+02, 3.6247e-02
7.5668e+02, 3.2492e-02
7.6042e+02, 2.9474e-02
7.6503e+02, 2.6494e-02
7.6964e+02, 2.4099e-02
7.7424e+02, 2.2140e-02
7.7885e+02, 2.0512e-02
7.8346e+02, 1.9141e-02
7.8806e+02, 1.7976e-02
7.9728e+02, 1.6093e-02
8.0649e+02, 1.4639e-02
8.1571e+02, 1.3484e-02
8.2492e+02, 1.2544e-02
8.3414e+02, 1.1765e-02
8.5487e+02, 1.0417e-02
8.7560e+02, 9.4278e-03
8.9634e+02, 8.6663e-03
9.1707e+02, 8.0636e-03
9.5853e+02, 7.1953e-03
1.0000e+03, 6.6366e-03
1.0172e+03, 6.5156e-03
1.0345e+03, 6.4598e-03
1.0459e+03, 6.5208e-03
1.0574e+03, 6.7496e-03
1.0632e+03, 7.0126e-03
1.0689e+03, 7.5094e-03
1.0718e+03, 7.9349e-03
1.0747e+03, 8.6033e-03
1.0775e+03, 9.7229e-03
1.0804e+03, 1.1732e-02
1.0825e+03, 1.4632e-02
1.0836e+03, 1.7049e-02
1.0847e+03, 2.0615e-02
1.0858e+03, 2.6389e-02
1.0863e+03, 3.0752e-02
1.0869e+03, 3.6765e-02
1.0874e+03, 4.5495e-02
1.0879e+03, 5.9297e-02
1.0882e+03, 6.9957e-02
1.0885e+03, 8.5665e-02
1.0887e+03, 1.1094e-01
1.0889e+03, 1.2985e-01
1.0890e+03, 1.5497e-01
1.0891e+03, 1.8287e-01
1.0892e+03, 2.1853e-01
1.0893e+03, 2.6448e-01
1.0895e+03, 3.2351e-01
1.0896e+03, 3.9966e-01
1.0897e+03, 4.9541e-01
1.0898e+03, 6.1558e-01
1.0899e+03, 7.6470e-01
1.0900e+03, 9.4922e-01
1.0901e+03, 1.1704e+00
1.0902e+03, 1.4336e+00
1.0904e+03, 1.7418e+00
1.0905e+03, 2.0967e+00
1.0906e+03, 2.4980e+00
1.0907e+03, 2.9431e+00
1.0908e+03, 3.4268e+00
1.0911e+03, 4.9136e+00
1.0913e+03, 5.6553e+00
1.0914e+03, 6.3365e+00
1.0916e+03, 6.8334e+00
1.0917e+03, 7.2227e+00
1.0918e+03, 7.4611e+00
1.0919e+03, 7.5829e+00
1.0920e+03, 7.5980e+00
1.0921e+03, 7.5519e+00
1.0922e+03, 7.4182e+00
1.0923e+03, 7.1688e+00
1.0924e+03, 6.8255e+00
1.0925e+03, 6.6066e+00
1.0926e+03, 6.2783e+00
1.0929e+03, 4.8505e+00
1.0932e+03, 3.3787e+00
1.0933e+03, 2.8662e+00
1.0934e+03, 2.3990e+00
1.0936e+03, 1.9830e+00
1.0937e+03, 1.6204e+00
1.0938e+03, 1.3108e+00
1.0939e+03, 1.1751e+00
1.0939e+03, 1.0514e+00
1.0940e+03, 9.3920e-01
1.0940e+03, 8.3786e-01
1.0941e+03, 7.4669e-01
1.0942e+03, 6.6498e-01
1.0943e+03, 5.2711e-01
1.0944e+03, 4.1862e-01
1.0945e+03, 3.3423e-01
1.0946e+03, 2.6920e-01
1.0948e+03, 2.1941e-01
1.0949e+03, 1.8144e-01
1.0950e+03, 1.5249e-01
1.0951e+03, 1.3050e-01
1.0954e+03, 1.0003e-01
1.0956e+03, 8.0984e-02
1.0958e+03, 6.8244e-02
1.0961e+03, 5.9113e-02
1.0966e+03, 4.6695e-02
1.0970e+03, 3.8507e-02
1.0975e+03, 3.2691e-02
1.0980e+03, 2.8384e-02
1.0990e+03, 2.2552e-02
1.0999e+03, 1.8843e-02
1.1009e+03, 1.6305e-02
1.1028e+03, 1.3247e-02
1.1055e+03, 1.1116e-02
1.1081e+03, 1.0074e-02
1.1108e+03, 9.6420e-03
1.1135e+03, 9.6188e-03
1.1175e+03, 1.0323e-02
1.1195e+03, 1.1128e-02
1.1215e+03, 1.2382e-02
1.1238e+03, 1.4973e-02
1.1250e+03, 1.7098e-02
1.1262e+03, 2.0161e-02
1.1273e+03, 2.4807e-02
1.1279e+03, 2.8132e-02
1.1285e+03, 3.2502e-02
1.1291e+03, 3.8391e-02
1.1297e+03, 4.6613e-02
1.1303e+03, 5.8735e-02
1.1306e+03, 6.7209e-02
1.1308e+03, 7.8322e-02
1.1312e+03, 9.5037e-02
1.1315e+03, 1.2091e-01
1.1316e+03, 1.3994e-01
1.1318e+03, 1.6531e-01
1.1319e+03, 2.0022e-01
1.1321e+03, 2.4827e-01
1.1323e+03, 3.1565e-01
1.1323e+03, 3.5842e-01
1.1324e+03, 4.0875e-01
1.1325e+03, 4.6868e-01
1.1326e+03, 5.3801e-01
1.1326e+03, 6.1886e-01
1.1327e+03, 7.1272e-01
1.1328e+03, 8.2268e-01
1.1329e+03, 9.4755e-01
1.1330e+03, 1.0902e+00
1.1330e+03, 1.2522e+00
1.1331e+03, 1.4375e+00
1.1332e+03, 1.6425e+00
1.1333e+03, 1.8706e+00
1.1334e+03, 2.1222e+00
1.1335e+03, 2.4987e+00
1.1336e+03, 2.9135e+00
1.1337e+03, 3.3673e+00
1.1338e+03, 3.8557e+00
1.1342e+03, 5.9955e+00
1.1344e+03, 7.0094e+00
1.1346e+03, 7.8319e+00
1.1347e+03, 8.1634e+00
1.1348e+03, 8.3888e+00
1.1350e+03, 8.5149e+00
1.1351e+03, 8.4662e+00
1.1352e+03, 8.3250e+00
1.1354e+03, 7.9419e+00
1.1355e+03, 7.3884e+00
1.1358e+03, 6.2884e+00
1.1360e+03, 5.0482e+00
1.1363e+03, 3.5622e+00
1.1364e+03, 2.9071e+00
1.1366e+03, 2.3309e+00
1.1367e+03, 2.0746e+00
1.1367e+03, 1.8397e+00
1.1368e+03, 1.6260e+00
1.1369e+03, 1.4329e+00
1.1370e+03, 1.2595e+00
1.1370e+03, 1.1047e+00
1.1371e+03, 9.6747e-01
1.1372e+03, 8.4641e-01
1.1373e+03, 6.8969e-01
1.1374e+03, 5.6272e-01
1.1375e+03, 4.6085e-01
1.1376e+03, 3.7975e-01
1.1377e+03, 3.3010e-01
1.1378e+03, 2.8856e-01
1.1380e+03, 2.2519e-01
1.1381e+03, 1.8055e-01
1.1383e+03, 1.4915e-01
1.1385e+03, 1.2025e-01
1.1388e+03, 1.0068e-01
1.1391e+03, 8.0891e-02
1.1394e+03, 6.7517e-02
1.1398e+03, 5.7766e-02
1.1401e+03, 5.0316e-02
1.1408e+03, 3.9722e-02
1.1415e+03, 3.2622e-02
1.1422e+03, 2.7567e-02
1.1428e+03, 2.3841e-02
1.1442e+03, 1.8860e-02
1.1457e+03, 1.5434e-02
1.1472e+03, 1.3182e-02
1.1488e+03, 1.1656e-02
1.1503e+03, 1.0619e-02
1.1533e+03, 9.1958e-03
1.1564e+03, 8.3404e-03
1.1625e+03, 7.4170e-03
1.1686e+03, 6.9876e-03
1.1747e+03, 6.7293e-03
1.1808e+03, 6.5954e-03
1.1930e+03, 6.4807e-03
1.2083e+03, 6.5249e-03
1.2237e+03, 6.6931e-03
1.2390e+03, 6.9698e-03
1.2544e+03, 7.3711e-03
1.2698e+03, 7.9413e-03
1.2851e+03, 8.7353e-03
1.2928e+03, 9.2874e-03
1.3005e+03, 9.9884e-03
1.3081e+03, 1.0910e-02
1.3158e+03, 1.2173e-02
1.3231e+03, 1.3892e-02
1.3267e+03, 1.5068e-02
1.3303e+03, 1.6567e-02
1.3339e+03, 1.8515e-02
1.3375e+03, 2.1164e-02
1.3411e+03, 2.4959e-02
1.3429e+03, 2.7509e-02
1.3447e+03, 3.0694e-02
1.3462e+03, 3.3915e-02
1.3477e+03, 3.7873e-02
1.3491e+03, 4.2814e-02
1.3506e+03, 4.9216e-02
1.3521e+03, 5.7684e-02
1.3528e+03, 6.2977e-02
1.3535e+03, 6.9201e-02
1.3543e+03, 7.6589e-02
1.3550e+03, 8.5448e-02
1.3557e+03, 9.6185e-02
1.3565e+03, 1.0939e-01
1.3571e+03, 1.2246e-01
1.3577e+03, 1.3837e-01
1.3583e+03, 1.5802e-01
1.3588e+03, 1.8267e-01
1.3594e+03, 2.1427e-01
1.3597e+03, 2.3357e-01
1.3600e+03, 2.5575e-01
1.3603e+03, 2.8163e-01
1.3606e+03, 3.1193e-01
1.3609e+03, 3.4790e-01
1.3612e+03, 3.9121e-01
1.3615e+03, 4.4727e-01
1.3618e+03, 5.1847e-01
1.3620e+03, 5.6206e-01
1.3622e+03, 6.1234e-01
1.3623e+03, 6.7154e-01
1.3625e+03, 7.4244e-01
1.3626e+03, 8.2956e-01
1.3628e+03, 9.3740e-01
1.3629e+03, 1.0743e+00
1.3630e+03, 1.1576e+00
1.3631e+03, 1.2514e+00
1.3632e+03, 1.3602e+00
1.3632e+03, 1.4854e+00
1.3633e+03, 1.6297e+00
1.3634e+03, 1.7940e+00
1.3635e+03, 1.9863e+00
1.3636e+03, 2.2055e+00
1.3636e+03, 2.4621e+00
1.3637e+03, 2.7544e+00
1.3638e+03, 3.1287e+00
1.3639e+03, 3.5651e+00
1.3640e+03, 4.0723e+00
1.3640e+03, 4.6522e+00
1.3641e+03, 5.3283e+00
1.3642e+03, 6.1045e+00
1.3643e+03, 6.9910e+00
1.3644e+03, 7.9851e+00
1.3645e+03, 9.1200e+00
1.3646e+03, 1.0393e+01
1.3646e+03, 1.1812e+01
1.3647e+03, 1.3362e+01
1.3648e+03, 1.5085e+01
1.3649e+03, 1.6939e+01
1.3651e+03, 2.1115e+01
1.3652e+03, 2.4213e+01
1.3653e+03, 2.9247e+01
1.3655e+03, 3.4538e+01
1.3659e+03, 4.4986e+01
1.3660e+03, 4.9576e+01
1.3662e+03, 5.3289e+01
1.3663e+03, 5.5634e+01
1.3665e+03, 5.6985e+01
1.3666e+03, 5.7309e+01
1.3666e+03, 5.7294e+01
1.3667e+03, 5.7056e+01
1.3668e+03, 5.6543e+01
1.3669e+03, 5.4709e+01
1.3671e+03, 5.1860e+01
1.3672e+03, 4.8183e+01
1.3674e+03, 4.3860e+01
1.3675e+03, 3.9179e+01
1.3678e+03, 2.9519e+01
1.3680e+03, 2.5129e+01
1.3681e+03, 2.1092e+01
1.3683e+03, 1.7456e+01
1.3684e+03, 1.4263e+01
1.3686e+03, 1.1526e+01
1.3687e+03, 1.0324e+01
1.3687e+03, 9.2296e+00
1.3688e+03, 8.2374e+00
1.3689e+03, 7.3421e+00
1.3689e+03, 6.5379e+00
1.3690e+03, 5.8187e+00
1.3691e+03, 5.2027e+00
1.3692e+03, 4.6533e+00
1.3692e+03, 4.1646e+00
1.3693e+03, 3.7371e+00
1.3694e+03, 3.3531e+00
1.3694e+03, 3.0142e+00
1.3695e+03, 2.7156e+00
1.3696e+03, 2.4565e+00
1.3696e+03, 2.2253e+00
1.3697e+03, 2.0223e+00
1.3698e+03, 1.8441e+00
1.3699e+03, 1.6897e+00
1.3699e+03, 1.5520e+00
1.3700e+03, 1.4325e+00
1.3701e+03, 1.2324e+00
1.3703e+03, 1.0744e+00
1.3704e+03, 9.4987e-01
1.3705e+03, 8.4959e-01
1.3707e+03, 7.6752e-01
1.3708e+03, 6.9881e-01
1.3710e+03, 6.4123e-01
1.3711e+03, 5.9188e-01
1.3712e+03, 5.4905e-01
1.3715e+03, 4.8435e-01
1.3717e+03, 4.3181e-01
1.3720e+03, 3.8824e-01
1.3722e+03, 3.5167e-01
1.3725e+03, 3.2033e-01
1.3727e+03, 2.9333e-01
1.3730e+03, 2.6985e-01
1.3732e+03, 2.4936e-01
1.3738e+03, 2.1515e-01
1.3743e+03, 1.8805e-01
1.3748e+03, 1.6615e-01
1.3753e+03, 1.4820e-01
1.3758e+03, 1.3251e-01
1.3763e+03, 1.1950e-01
1.3768e+03, 1.0856e-01
1.3774e+03, 9.9263e-02
1.3784e+03, 8.4354e-02
1.3795e+03, 7.3080e-02
1.3805e+03, 6.4358e-02
1.3816e+03, 5.7498e-02
1.3827e+03, 5.2004e-02
1.3837e+03, 4.7563e-02
1.3851e+03, 4.2934e-02
1.3865e+03, 3.9279e-02
1.3879e+03, 3.6353e-02
1.3893e+03, 3.4004e-02
1.3921e+03, 3.0557e-02
1.3949e+03, 2.8278e-02
1.3977e+03, 2.6802e-02
1.4004e+03, 2.5802e-02
1.4032e+03, 2.5198e-02
1.4060e+03, 2.4906e-02
1.4091e+03, 2.4872e-02
1.4122e+03, 2.5088e-02
1.4185e+03, 2.6196e-02
1.4247e+03, 2.7957e-02
1.4310e+03, 3.0460e-02
1.4372e+03, 3.3805e-02
1.4434e+03, 3.8105e-02
1.4497e+03, 4.3758e-02
1.4528e+03, 4.7227e-02
1.4559e+03, 5.1248e-02
1.4585e+03, 5.5068e-02
1.4610e+03, 5.9461e-02
1.4636e+03, 6.4550e-02
1.4662e+03, 7.0557e-02
1.4687e+03, 7.7918e-02
1.4713e+03, 8.7741e-02
1.4726e+03, 9.4242e-02
1.4739e+03, 1.0290e-01
1.4745e+03, 1.0861e-01
1.4751e+03, 1.1584e-01
1.4758e+03, 1.2559e-01
1.4764e+03, 1.4031e-01
1.4768e+03, 1.5485e-01
1.4770e+03, 1.6546e-01
1.4772e+03, 1.7989e-01
1.4774e+03, 2.0023e-01
1.4776e+03, 2.2963e-01
1.4778e+03, 2.7270e-01
1.4780e+03, 3.3593e-01
1.4781e+03, 3.7795e-01
1.4782e+03, 4.2797e-01
1.4783e+03, 4.8846e-01
1.4784e+03, 5.5974e-01
1.4785e+03, 6.4496e-01
1.4786e+03, 7.4408e-01
1.4787e+03, 8.6093e-01
1.4788e+03, 9.9479e-01
1.4789e+03, 1.1500e+00
1.4790e+03, 1.3249e+00
1.4791e+03, 1.5241e+00
1.4792e+03, 1.7442e+00
1.4792e+03, 1.9901e+00
1.4793e+03, 2.2564e+00
1.4795e+03, 2.8557e+00
1.4797e+03, 3.5750e+00
1.4800e+03, 4.3370e+00
1.4802e+03, 5.0889e+00
1.4804e+03, 5.7683e+00
1.4805e+03, 6.1822e+00
1.4807e+03, 6.4997e+00
1.4809e+03, 6.7261e+00
1.4810e+03, 6.7789e+00
1.4810e+03, 6.7727e+00
1.4812e+03, 6.7081e+00
1.4813e+03, 6.5768e+00
1.4814e+03, 6.3352e+00
1.4815e+03, 6.0130e+00
1.4817e+03, 5.5268e+00
1.4819e+03, 4.9704e+00
1.4822e+03, 3.7741e+00
1.4825e+03, 2.8124e+00
1.4826e+03, 2.3808e+00
1.4828e+03, 1.9957e+00
1.4829e+03, 1.6550e+00
1.4830e+03, 1.3641e+00
1.4832e+03, 1.1187e+00
1.4833e+03, 9.1562e-01
1.4835e+03, 7.4942e-01
1.4836e+03, 6.1755e-01
1.4837e+03, 5.1367e-01
1.4839e+03, 4.3295e-01
1.4840e+03, 3.7059e-01
1.4841e+03, 3.2358e-01
1.4843e+03, 2.8813e-01
1.4844e+03, 2.6152e-01
1.4847e+03, 2.2952e-01
1.4849e+03, 2.1025e-01
1.4852e+03, 1.9837e-01
1.4854e+03, 1.9081e-01
1.4859e+03, 1.8237e-01
1.4864e+03, 1.7847e-01
1.4870e+03, 1.7686e-01
1.4876e+03, 1.7718e-01
1.4887e+03, 1.8139e-01
1.4899e+03, 1.8876e-01
1.4910e+03, 1.9845e-01
1.4933e+03, 2.2370e-01
1.4957e+03, 2.5695e-01
1.4973e+03, 2.8651e-01
1.4990e+03, 3.2213e-01
1.5006e+03, 3.6536e-01
1.5023e+03, 4.1838e-01
1.5039e+03, 4.8429e-01
1.5047e+03, 5.2342e-01
1.5056e+03, 5.6749e-01
1.5064e+03, 6.1743e-01
1.5072e+03, 6.7407e-01
1.5080e+03, 7.3901e-01
1.5089e+03, 8.1403e-01
1.5098e+03, 9.1113e-01
1.5107e+03, 1.0268e+00
1.5116e+03, 1.1663e+00
1.5120e+03, 1.2469e+00
1.5125e+03, 1.3363e+00
1.5129e+03, 1.4357e+00
1.5134e+03, 1.5466e+00
1.5139e+03, 1.6709e+00
1.5143e+03, 1.8108e+00
1.5148e+03, 1.9689e+00
1.5152e+03, 2.1484e+00
1.5157e+03, 2.3536e+00
1.5161e+03, 2.5895e+00
1.5166e+03, 2.8627e+00
1.5170e+03, 3.1817e+00
1.5175e+03, 3.5571e+00
1.5179e+03, 4.0028e+00
1.5184e+03, 4.5369e+00
1.5189e+03, 5.1839e+00
1.5193e+03, 5.9764e+00
1.5195e+03, 6.4406e+00
1.5198e+03, 6.9589e+00
1.5202e+03, 8.0057e+00
1.5203e+03, 8.6143e+00
1.5205e+03, 9.2897e+00
1.5207e+03, 1.0040e+01
1.5209e+03, 1.0876e+01
1.5211e+03, 1.1806e+01
1.5213e+03, 1.2842e+01
1.5215e+03, 1.3996e+01
1.5217e+03, 1.5278e+01
1.5219e+03, 1.6700e+01
1.5221e+03, 1.8270e+01
1.5223e+03, 1.9997e+01
1.5225e+03, 2.1882e+01
1.5229e+03, 2.6111e+01
1.5232e+03, 2.9713e+01
1.5235e+03, 3.3509e+01
1.5241e+03, 4.0956e+01
1.5244e+03, 4.4154e+01
1.5247e+03, 4.6653e+01
1.5250e+03, 4.8252e+01
1.5253e+03, 4.8792e+01
1.5255e+03, 4.8433e+01
1.5257e+03, 4.7554e+01
1.5260e+03, 4.6197e+01
1.5264e+03, 4.2301e+01
1.5268e+03, 3.7363e+01
1.5272e+03, 3.2053e+01
1.5276e+03, 2.6921e+01
1.5280e+03, 2.2323e+01
1.5285e+03, 1.8417e+01
1.5287e+03, 1.6732e+01
1.5289e+03, 1.5215e+01
1.5291e+03, 1.3722e+01
1.5293e+03, 1.2410e+01
1.5296e+03, 1.1254e+01
1.5298e+03, 1.0235e+01
1.5300e+03, 9.3367e+00
1.5303e+03, 8.5434e+00
1.5305e+03, 7.8412e+00
1.5307e+03, 7.2181e+00
1.5312e+03, 6.1685e+00
1.5316e+03, 5.3271e+00
1.5321e+03, 4.6442e+00
1.5326e+03, 4.0834e+00
1.5330e+03, 3.6560e+00
1.5334e+03, 3.2929e+00
1.5338e+03, 2.9804e+00
1.5342e+03, 2.7106e+00
1.5347e+03, 2.4750e+00
1.5351e+03, 2.2690e+00
1.5359e+03, 1.9267e+00
1.5367e+03, 1.6559e+00
1.5376e+03, 1.4386e+00
1.5384e+03, 1.2612e+00
1.5393e+03, 1.1148e+00
1.5400e+03, 1.0038e+00
1.5408e+03, 9.0870e-01
1.5415e+03, 8.2672e-01
1.5423e+03, 7.5553e-01
1.5430e+03, 6.9311e-01
1.5438e+03, 6.3796e-01
1.5453e+03, 5.4550e-01
1.5468e+03, 4.7177e-01
1.5483e+03, 4.1208e-01
1.5498e+03, 3.6307e-01
1.5513e+03, 3.2237e-01
1.5528e+03, 2.8816e-01
1.5543e+03, 2.5915e-01
1.5558e+03, 2.3441e-01
1.5573e+03, 2.1332e-01
1.5588e+03, 1.9481e-01
1.5603e+03, 1.7853e-01
1.5618e+03, 1.6420e-01
1.5634e+03, 1.5158e-01
1.5664e+03, 1.3035e-01
1.5694e+03, 1.1333e-01
1.5724e+03, 9.9487e-02
1.5754e+03, 8.8076e-02
1.5781e+03, 7.9532e-02
1.5808e+03, 7.2202e-02
1.5834e+03, 6.5864e-02
1.5861e+03, 6.0346e-02
1.5888e+03, 5.5515e-02
1.5915e+03, 5.1292e-02
1.5968e+03, 4.4198e-02
1.6022e+03, 3.8505e-02
1.6075e+03, 3.3892e-02
1.6129e+03, 3.0102e-02
1.6182e+03, 2.6952e-02
1.6239e+03, 2.4153e-02
1.6296e+03, 2.1803e-02
1.6353e+03, 1.9811e-02
1.6410e+03, 1.8107e-02
1.6467e+03, 1.6663e-02
1.6524e+03, 1.5412e-02
1.6581e+03, 1.4276e-02
1.6637e+03, 1.3302e-02
1.6751e+03, 1.1663e-02
1.6865e+03, 1.0368e-02
1.6979e+03, 9.3309e-03
1.7093e+03, 8.4906e-03
1.7213e+03, 7.7692e-03
1.7333e+03, 7.1839e-03
1.7454e+03, 6.7068e-03
1.7574e+03, 6.3208e-03
1.7815e+03, 5.7895e-03
1.7936e+03, 5.6241e-03
1.8056e+03, 5.5505e-03
1.8197e+03, 5.6182e-03
1.8337e+03, 5.9342e-03
1.8408e+03, 6.3248e-03
1.8478e+03, 7.0866e-03
1.8513e+03, 7.8365e-03
1.8548e+03, 8.9479e-03
1.8583e+03, 1.1287e-02
1.8601e+03, 1.3430e-02
1.8618e+03, 1.7283e-02
1.8632e+03, 2.2689e-02
1.8639e+03, 2.7024e-02
1.8645e+03, 3.3575e-02
1.8650e+03, 4.1497e-02
1.8655e+03, 5.5768e-02
1.8658e+03, 6.8090e-02
1.8660e+03, 8.7033e-02
1.8663e+03, 1.1685e-01
1.8665e+03, 1.6403e-01
1.8667e+03, 1.9709e-01
1.8668e+03, 2.3796e-01
1.8669e+03, 2.8899e-01
1.8670e+03, 3.5122e-01
1.8672e+03, 4.2767e-01
1.8673e+03, 5.1925e-01
1.8674e+03, 6.2959e-01
1.8675e+03, 7.5901e-01
1.8677e+03, 9.1150e-01
1.8678e+03, 1.0862e+00
1.8679e+03, 1.2870e+00
1.8680e+03, 1.5111e+00
1.8682e+03, 1.7618e+00
1.8683e+03, 2.0338e+00
1.8685e+03, 2.6395e+00
1.8690e+03, 3.7935e+00
1.8692e+03, 4.3395e+00
1.8694e+03, 4.8057e+00
1.8696e+03, 5.0696e+00
1.8697e+03, 5.2590e+00
1.8700e+03, 5.3867e+00
1.8700e+03, 5.3904e+00
1.8702e+03, 5.3286e+00
1.8704e+03, 5.1182e+00
1.8706e+03, 4.6915e+00
1.8709e+03, 4.1250e+00
1.8710e+03, 3.9776e+00
1.8712e+03, 3.3645e+00
1.8715e+03, 2.4843e+00
1.8717e+03, 2.0804e+00
1.8719e+03, 1.7135e+00
1.8720e+03, 1.3876e+00
1.8722e+03, 1.1089e+00
1.8724e+03, 8.7480e-01
1.8725e+03, 6.8261e-01
1.8727e+03, 5.2735e-01
1.8729e+03, 4.0587e-01
1.8730e+03, 3.1190e-01
1.8732e+03, 2.4040e-01
1.8734e+03, 1.8648e-01
1.8736e+03, 1.4673e-01
1.8737e+03, 1.1746e-01
1.8739e+03, 9.5985e-02
1.8741e+03, 7.5162e-02
1.8744e+03, 6.1464e-02
1.8748e+03, 4.5519e-02
1.8756e+03, 3.3135e-02
1.8764e+03, 2.6570e-02
1.8771e+03, 2.2430e-02
1.8779e+03, 1.9627e-02
1.8794e+03, 1.6156e-02
1.8810e+03, 1.4182e-02
1.8840e+03, 1.2372e-02
1.8871e+03, 1.1898e-02
1.8923e+03, 1.2543e-02
1.8974e+03, 1.4546e-02
1.9000e+03, 1.6142e-02
1.9026e+03, 1.8289e-02
1.9052e+03, 2.1197e-02
1.9078e+03, 2.5213e-02
1.9106e+03, 3.1509e-02
1.9120e+03, 3.5835e-02
1.9134e+03, 4.1309e-02
1.9149e+03, 4.8366e-02
1.9163e+03, 5.7661e-02
1.9177e+03, 7.0256e-02
1.9184e+03, 7.8280e-02
1.9191e+03, 8.7868e-02
1.9197e+03, 9.8436e-02
1.9204e+03, 1.1117e-01
1.9210e+03, 1.2677e-01
1.9217e+03, 1.4610e-01
1.9223e+03, 1.7058e-01
1.9230e+03, 2.0214e-01
1.9233e+03, 2.2155e-01
1.9236e+03, 2.4408e-01
1.9240e+03, 2.7048e-01
1.9243e+03, 3.0167e-01
1.9247e+03, 3.4692e-01
1.9250e+03, 4.0463e-01
1.9252e+03, 4.4001e-01
1.9254e+03, 4.8090e-01
1.9256e+03, 5.2901e-01
1.9258e+03, 5.8648e-01
1.9260e+03, 6.5668e-01
1.9262e+03, 7.4306e-01
1.9264e+03, 8.5168e-01
1.9266e+03, 9.9046e-01
1.9267e+03, 1.0748e+00
1.9268e+03, 1.1711e+00
1.9269e+03, 1.2813e+00
1.9270e+03, 1.4060e+00
1.9271e+03, 1.5504e+00
1.9271e+03, 1.7141e+00
1.9272e+03, 1.9035e+00
1.9273e+03, 2.1181e+00
1.9274e+03, 2.3466e+00
1.9275e+03, 2.6018e+00
1.9276e+03, 2.8893e+00
1.9277e+03, 3.2123e+00
1.9278e+03, 3.5785e+00
1.9279e+03, 3.9832e+00
1.9280e+03, 4.4336e+00
1.9280e+03, 4.9330e+00
1.9282e+03, 5.9906e+00
1.9284e+03, 7.2408e+00
1.9285e+03, 8.6944e+00
1.9287e+03, 1.0354e+01
1.9289e+03, 1.2212e+01
1.9290e+03, 1.4249e+01
1.9292e+03, 1.6431e+01
1.9293e+03, 1.8709e+01
1.9297e+03, 2.3298e+01
1.9300e+03, 2.7397e+01
1.9302e+03, 2.9205e+01
1.9303e+03, 3.0571e+01
1.9305e+03, 3.1445e+01
1.9307e+03, 3.1738e+01
1.9307e+03, 3.1724e+01
1.9308e+03, 3.1538e+01
1.9310e+03, 3.1141e+01
1.9312e+03, 2.9751e+01
1.9315e+03, 2.6861e+01
1.9317e+03, 2.3154e+01
1.9322e+03, 1.6955e+01
1.9324e+03, 1.4001e+01
1.9326e+03, 1.1329e+01
1.9328e+03, 9.1469e+00
1.9330e+03, 7.2940e+00
1.9331e+03, 6.4868e+00
1.9332e+03, 5.7566e+00
1.9333e+03, 5.1001e+00
1.9334e+03, 4.5132e+00
1.9335e+03, 3.9915e+00
1.9336e+03, 3.5300e+00
1.9337e+03, 3.1235e+00
1.9338e+03, 2.7671e+00
1.9339e+03, 2.4556e+00
1.9340e+03, 2.1841e+00
1.9341e+03, 1.9483e+00
1.9342e+03, 1.7436e+00
1.9343e+03, 1.5794e+00
1.9344e+03, 1.4355e+00
1.9345e+03, 1.3095e+00
1.9346e+03, 1.2001e+00
1.9347e+03, 1.1030e+00
1.9348e+03, 1.0176e+00
1.9350e+03, 8.7651e-01
1.9352e+03, 7.6499e-01
1.9353e+03, 6.7654e-01
1.9355e+03, 6.0482e-01
1.9357e+03, 5.4572e-01
1.9359e+03, 4.9598e-01
1.9361e+03, 4.5395e-01
1.9365e+03, 3.8627e-01
1.9368e+03, 3.3392e-01
1.9372e+03, 2.9240e-01
1.9376e+03, 2.5997e-01
1.9379e+03, 2.3293e-01
1.9383e+03, 2.1009e-01
1.9386e+03, 1.9065e-01
1.9393e+03, 1.5925e-01
1.9400e+03, 1.3529e-01
1.9407e+03, 1.1650e-01
1.9414e+03, 1.0152e-01
1.9422e+03, 8.9361e-02
1.9429e+03, 7.9372e-02
1.9442e+03, 6.4663e-02
1.9456e+03, 5.3871e-02
1.9469e+03, 4.5688e-02
1.9483e+03, 3.9351e-02
1.9496e+03, 3.4341e-02
1.9509e+03, 3.0316e-02
1.9536e+03, 2.4319e-02
1.9567e+03, 1.9638e-02
1.9598e+03, 1.6344e-02
1.9629e+03, 1.3959e-02
1.9660e+03, 1.2178e-02
1.9722e+03, 9.7428e-03
1.9784e+03, 8.2087e-03
1.9838e+03, 7.2797e-03
1.9892e+03, 6.5988e-03
2.0000e+03, 5.6888e-03
2.0093e+03, 5.2000e-03
2.0186e+03, 4.8821e-03
2.0372e+03, 4.4771e-03
2.0558e+03, 4.3096e-03
2.0744e+03, 4.2640e-03
2.0961e+03, 4.3404e-03
2.1178e+03, 4.5275e-03
2.1395e+03, 4.8297e-03
2.1613e+03, 5.2429e-03
2.1830e+03, 5.8555e-03
2.2047e+03, 6.7178e-03
2.2155e+03, 7.2756e-03
2.2264e+03, 7.9441e-03
2.2372e+03, 8.7521e-03
2.2481e+03, 9.7447e-03
2.2574e+03, 1.0810e-02
2.2667e+03, 1.2055e-02
2.2760e+03, 1.3634e-02
2.2853e+03, 1.5595e-02
2.2946e+03, 1.8121e-02
2.3039e+03, 2.1380e-02
2.3086e+03, 2.3413e-02
2.3132e+03, 2.5785e-02
2.3179e+03, 2.8540e-02
2.3225e+03, 3.1786e-02
2.3272e+03, 3.5718e-02
2.3318e+03, 4.0353e-02
2.3365e+03, 4.6131e-02
2.3411e+03, 5.3309e-02
2.3458e+03, 6.2396e-02
2.3481e+03, 6.7867e-02
2.3504e+03, 7.4111e-02
2.3527e+03, 8.1294e-02
2.3551e+03, 8.9606e-02
2.3574e+03, 9.9289e-02
2.3597e+03, 1.1066e-01
2.3620e+03, 1.2407e-01
2.3644e+03, 1.3999e-01
2.3667e+03, 1.5947e-01
2.3690e+03, 1.8339e-01
2.3713e+03, 2.1322e-01
2.3725e+03, 2.3096e-01
2.3737e+03, 2.5103e-01
2.3748e+03, 2.7385e-01
2.3760e+03, 2.9995e-01
2.3772e+03, 3.2996e-01
2.3783e+03, 3.6462e-01
2.3795e+03, 4.0494e-01
2.3807e+03, 4.5229e-01
2.3818e+03, 5.0861e-01
2.3830e+03, 5.7626e-01
2.3841e+03, 6.5833e-01
2.3847e+03, 7.0608e-01
2.3853e+03, 7.5908e-01
2.3859e+03, 8.1832e-01
2.3865e+03, 8.8456e-01
2.3870e+03, 9.5904e-01
2.3876e+03, 1.0432e+00
2.3884e+03, 1.1646e+00
2.3891e+03, 1.3077e+00
2.3898e+03, 1.4780e+00
2.3905e+03, 1.6822e+00
2.3913e+03, 1.9298e+00
2.3916e+03, 2.0737e+00
2.3920e+03, 2.2330e+00
2.3924e+03, 2.4106e+00
2.3927e+03, 2.6079e+00
2.3931e+03, 2.8282e+00
2.3934e+03, 3.0745e+00
2.3940e+03, 3.5034e+00
2.3945e+03, 4.0125e+00
2.3951e+03, 4.6156e+00
2.3956e+03, 5.3240e+00
2.3962e+03, 6.1483e+00
2.3967e+03, 7.0842e+00
2.3973e+03, 8.1176e+00
2.3978e+03, 9.2052e+00
2.3985e+03, 1.0516e+01
2.3992e+03, 1.1647e+01
2.3998e+03, 1.2421e+01
2.4002e+03, 1.2626e+01
2.4005e+03, 1.2693e+01
2.4009e+03, 1.2565e+01
2.4016e+03, 1.1994e+01
2.4022e+03, 1.1057e+01
2.4028e+03, 9.8935e+00
2.4034e+03, 8.6483e+00
2.4041e+03, 7.4375e+00
2.4047e+03, 6.3357e+00
2.4053e+03, 5.3779e+00
2.4059e+03, 4.5694e+00
2.4064e+03, 4.0778e+00
2.4068e+03, 3.6504e+00
2.4073e+03, 3.2785e+00
2.4077e+03, 2.9547e+00
2.4082e+03, 2.6724e+00
2.4086e+03, 2.4255e+00
2.4090e+03, 2.2091e+00
2.4095e+03, 2.0186e+00
2.4099e+03, 1.8506e+00
2.4104e+03, 1.7017e+00
2.4113e+03, 1.4516e+00
2.4122e+03, 1.2514e+00
2.4130e+03, 1.0891e+00
2.4138e+03, 9.7526e-01
2.4145e+03, 8.7815e-01
2.4153e+03, 7.9470e-01
2.4160e+03, 7.2255e-01
2.4168e+03, 6.5982e-01
2.4175e+03, 6.0497e-01
2.4190e+03, 5.1388e-01
2.4205e+03, 4.4150e-01
2.4220e+03, 3.8327e-01
2.4235e+03, 3.3578e-01
2.4250e+03, 2.9662e-01
2.4263e+03, 2.6769e-01
2.4276e+03, 2.4281e-01
2.4289e+03, 2.2124e-01
2.4302e+03, 2.0245e-01
2.4316e+03, 1.8595e-01
2.4329e+03, 1.7139e-01
2.4355e+03, 1.4704e-01
2.4381e+03, 1.2775e-01
2.4407e+03, 1.1191e-01
2.4433e+03, 9.8834e-02
2.4459e+03, 8.7951e-02
2.4486e+03, 7.8794e-02
2.4512e+03, 7.1023e-02
2.4538e+03, 6.4366e-02
2.4564e+03, 5.8625e-02
2.4590e+03, 5.3635e-02
2.4617e+03, 4.9276e-02
2.4669e+03, 4.2057e-02
2.4721e+03, 3.6472e-02
2.4774e+03, 3.1871e-02
2.4826e+03, 2.8133e-02
2.4878e+03, 2.5063e-02
2.4931e+03, 2.2510e-02
2.4983e+03, 2.0363e-02
2.5035e+03, 1.8539e-02
2.5088e+03, 1.6975e-02
2.5192e+03, 1.4454e-02
2.5297e+03, 1.2543e-02
2.5402e+03, 1.1107e-02
2.5506e+03, 9.9363e-03
2.5611e+03, 9.0133e-03
2.5716e+03, 8.2877e-03
2.5865e+03, 7.5205e-03
2.6015e+03, 6.9910e-03
2.6165e+03, 6.6552e-03
2.6314e+03, 6.5027e-03
2.6426e+03, 6.5170e-03
2.6538e+03, 6.6511e-03
2.6651e+03, 6.9288e-03
2.6763e+03, 7.3912e-03
2.6875e+03, 8.0796e-03
2.6987e+03, 9.1476e-03
2.7099e+03, 1.0787e-02
2.7155e+03, 1.1934e-02
2.7211e+03, 1.3386e-02
2.7294e+03, 1.6356e-02
2.7335e+03, 1.8391e-02
2.7376e+03, 2.0955e-02
2.7417e+03, 2.4246e-02
2.7458e+03, 2.8564e-02
2.7499e+03, 3.4383e-02
2.7541e+03, 4.2418e-02
2.7560e+03, 4.7384e-02
2.7580e+03, 5.3419e-02
2.7599e+03, 6.0798e-02
2.7619e+03, 6.9946e-02
2.7639e+03, 8.1477e-02
2.7658e+03, 9.6301e-02
2.7678e+03, 1.1576e-01
2.7688e+03, 1.2784e-01
2.7698e+03, 1.4197e-01
2.7708e+03, 1.5962e-01
2.7718e+03, 1.8094e-01
2.7728e+03, 2.0701e-01
2.7739e+03, 2.3935e-01
2.7749e+03, 2.8025e-01
2.7754e+03, 3.0484e-01
2.7759e+03, 3.3290e-01
2.7764e+03, 3.6514e-01
2.7770e+03, 4.0243e-01
2.7775e+03, 4.4590e-01
2.7780e+03, 4.9707e-01
2.7784e+03, 5.4026e-01
2.7787e+03, 5.8959e-01
2.7791e+03, 6.4632e-01
2.7795e+03, 7.1212e-01
2.7799e+03, 8.1058e-01
2.7804e+03, 9.3227e-01
2.7809e+03, 1.0865e+00
2.7811e+03, 1.1799e+00
2.7813e+03, 1.2865e+00
2.7816e+03, 1.4105e+00
2.7818e+03, 1.5554e+00
2.7820e+03, 1.7265e+00
2.7823e+03, 1.9295e+00
2.7825e+03, 2.1747e+00
2.7827e+03, 2.4710e+00
2.7829e+03, 2.6435e+00
2.7830e+03, 2.8346e+00
2.7831e+03, 3.0465e+00
2.7832e+03, 3.2794e+00
2.7833e+03, 3.5683e+00
2.7835e+03, 3.8899e+00
2.7836e+03, 4.2531e+00
2.7837e+03, 4.6568e+00
2.7839e+03, 5.1117e+00
2.7840e+03, 5.6155e+00
2.7841e+03, 6.1807e+00
2.7842e+03, 6.8031e+00
2.7844e+03, 7.4968e+00
2.7845e+03, 8.2550e+00
2.7846e+03, 9.0929e+00
2.7848e+03, 1.0000e+01
2.7849e+03, 1.0992e+01
2.7850e+03, 1.2054e+01
2.7853e+03, 1.4414e+01
2.7855e+03, 1.7061e+01
2.7858e+03, 1.9913e+01
2.7863e+03, 2.5856e+01
2.7866e+03, 2.8923e+01
2.7869e+03, 3.1590e+01
2.7871e+03, 3.3666e+01
2.7874e+03, 3.4983e+01
2.7877e+03, 3.5431e+01
2.7878e+03, 3.5378e+01
2.7881e+03, 3.4691e+01
2.7883e+03, 3.3259e+01
2.7886e+03, 3.1187e+01
2.7888e+03, 2.8633e+01
2.7892e+03, 2.4885e+01
2.7895e+03, 2.0974e+01
2.7899e+03, 1.7185e+01
2.7902e+03, 1.3768e+01
2.7905e+03, 1.1152e+01
2.7906e+03, 9.9999e+00
2.7908e+03, 8.9517e+00
2.7909e+03, 8.0052e+00
2.7911e+03, 7.1559e+00
2.7912e+03, 6.3984e+00
2.7914e+03, 5.7302e+00
2.7915e+03, 5.1355e+00
2.7917e+03, 4.6117e+00
2.7918e+03, 4.1516e+00
2.7920e+03, 3.7482e+00
2.7921e+03, 3.3949e+00
2.7923e+03, 3.0855e+00
2.7924e+03, 2.8144e+00
2.7926e+03, 2.5782e+00
2.7928e+03, 2.2308e+00
2.7931e+03, 1.9519e+00
2.7934e+03, 1.7248e+00
2.7936e+03, 1.5377e+00
2.7939e+03, 1.3817e+00
2.7941e+03, 1.2502e+00
2.7944e+03, 1.1379e+00
2.7946e+03, 1.0412e+00
2.7949e+03, 9.5719e-01
2.7952e+03, 8.8355e-01
2.7957e+03, 7.6088e-01
2.7962e+03, 6.6313e-01
2.7967e+03, 5.8372e-01
2.7971e+03, 5.2746e-01
2.7976e+03, 4.7918e-01
2.7980e+03, 4.3740e-01
2.7985e+03, 4.0107e-01
2.7989e+03, 3.6913e-01
2.7993e+03, 3.4095e-01
2.8002e+03, 2.9374e-01
2.8011e+03, 2.5590e-01
2.8019e+03, 2.2515e-01
2.8028e+03, 1.9981e-01
2.8037e+03, 1.7867e-01
2.8046e+03, 1.5935e-01
2.8056e+03, 1.4308e-01
2.8066e+03, 1.2926e-01
2.8075e+03, 1.1743e-01
2.8094e+03, 9.8362e-02
2.8113e+03, 8.3853e-02
2.8132e+03, 7.2563e-02
2.8151e+03, 6.3651e-02
2.8170e+03, 5.6542e-02
2.8189e+03, 5.0740e-02
2.8215e+03, 4.4548e-02
2.8240e+03, 3.9757e-02
2.8266e+03, 3.6045e-02
2.8291e+03, 3.3193e-02
2.8316e+03, 3.1054e-02
2.8342e+03, 2.9541e-02
2.8367e+03, 2.8615e-02
2.8393e+03, 2.8278e-02
2.8436e+03, 2.9243e-02
2.8457e+03, 3.0632e-02
2.8478e+03, 3.2836e-02
2.8500e+03, 3.6245e-02
2.8521e+03, 4.1411e-02
2.8543e+03, 4.9298e-02
2.8553e+03, 5.4776e-02
2.8564e+03, 6.1744e-02
2.8581e+03, 7.7055e-02
2.8589e+03, 8.7746e-02
2.8597e+03, 1.0145e-01
2.8606e+03, 1.1946e-01
2.8614e+03, 1.4382e-01
2.8623e+03, 1.7812e-01
2.8627e+03, 2.0099e-01
2.8631e+03, 2.2950e-01
2.8635e+03, 2.6847e-01
2.8640e+03, 3.2214e-01
2.8642e+03, 3.5764e-01
2.8644e+03, 4.0138e-01
2.8646e+03, 4.5656e-01
2.8648e+03, 5.2747e-01
2.8651e+03, 6.2050e-01
2.8653e+03, 7.4283e-01
2.8655e+03, 9.0544e-01
2.8656e+03, 1.0060e+00
2.8657e+03, 1.1220e+00
2.8658e+03, 1.2570e+00
2.8659e+03, 1.4111e+00
2.8660e+03, 1.5882e+00
2.8661e+03, 1.7910e+00
2.8662e+03, 2.0228e+00
2.8664e+03, 2.2867e+00
2.8665e+03, 2.5863e+00
2.8666e+03, 2.9248e+00
2.8667e+03, 3.2911e+00
2.8668e+03, 3.6957e+00
2.8669e+03, 4.1448e+00
2.8670e+03, 4.6409e+00
2.8672e+03, 5.7892e+00
2.8674e+03, 7.1427e+00
2.8676e+03, 8.7181e+00
2.8678e+03, 1.0492e+01
2.8680e+03, 1.2456e+01
2.8682e+03, 1.4552e+01
2.8685e+03, 1.7036e+01
2.8688e+03, 2.0546e+01
2.8692e+03, 2.3663e+01
2.8694e+03, 2.5167e+01
2.8696e+03, 2.6332e+01
2.8698e+03, 2.7175e+01
2.8700e+03, 2.7442e+01
2.8700e+03, 2.7437e+01
2.8701e+03, 2.7356e+01
2.8702e+03, 2.7181e+01
2.8704e+03, 2.6557e+01
2.8706e+03, 2.5356e+01
2.8708e+03, 2.3734e+01
2.8712e+03, 2.0492e+01
2.8715e+03, 1.6844e+01
2.8719e+03, 1.3499e+01
2.8722e+03, 1.0421e+01
2.8723e+03, 9.0370e+00
2.8725e+03, 7.7744e+00
2.8727e+03, 6.6389e+00
2.8728e+03, 5.6375e+00
2.8730e+03, 4.7547e+00
2.8731e+03, 3.9910e+00
2.8733e+03, 3.3379e+00
2.8735e+03, 2.7852e+00
2.8736e+03, 2.3222e+00
2.8738e+03, 1.9376e+00
2.8739e+03, 1.6206e+00
2.8741e+03, 1.3626e+00
2.8743e+03, 1.1510e+00
2.8744e+03, 9.7939e-01
2.8746e+03, 8.4039e-01
2.8748e+03, 7.2789e-01
2.8749e+03, 6.3667e-01
2.8751e+03, 5.6244e-01
2.8752e+03, 5.0170e-01
2.8754e+03, 4.5192e-01
2.8757e+03, 3.8112e-01
2.8760e+03, 3.2896e-01
2.8763e+03, 2.8887e-01
2.8766e+03, 2.5722e-01
2.8772e+03, 2.0986e-01
2.8777e+03, 1.7586e-01
2.8783e+03, 1.5020e-01
2.8789e+03, 1.3020e-01
2.8795e+03, 1.1423e-01
2.8801e+03, 1.0126e-01
2.8813e+03, 8.0768e-02
2.8825e+03, 6.6341e-02
2.8838e+03, 5.5735e-02
2.8850e+03, 4.7712e-02
2.8862e+03, 4.1480e-02
2.8874e+03, 3.6544e-02
2.8899e+03, 2.9301e-02
2.8931e+03, 2.3177e-02
2.8962e+03, 1.9069e-02
2.8994e+03, 1.6178e-02
2.9025e+03, 1.4062e-02
2.9089e+03, 1.1217e-02
2.9152e+03, 9.3893e-03
2.9245e+03, 7.6805e-03
2.9339e+03, 6.6243e-03
2.9433e+03, 5.8900e-03
2.9526e+03, 5.3727e-03
2.9713e+03, 4.7299e-03
2.9901e+03, 4.3898e-03
3.0050e+03, 4.2603e-03
3.0200e+03, 4.2349e-03
3.0397e+03, 4.3767e-03
3.0593e+03, 4.7778e-03
3.0691e+03, 5.2178e-03
3.0790e+03, 6.0510e-03
3.0839e+03, 6.8806e-03
3.0888e+03, 8.1053e-03
3.0937e+03, 1.0728e-02
3.0962e+03, 1.3135e-02
3.0986e+03, 1.7487e-02
3.1005e+03, 2.3574e-02
3.1014e+03, 2.8400e-02
3.1024e+03, 3.5511e-02
3.1031e+03, 4.3648e-02
3.1038e+03, 5.7153e-02
3.1041e+03, 6.8258e-02
3.1045e+03, 8.5209e-02
3.1048e+03, 1.1245e-01
3.1052e+03, 1.5759e-01
3.1054e+03, 1.9058e-01
3.1055e+03, 2.3286e-01
3.1057e+03, 2.8744e-01
3.1059e+03, 3.5663e-01
3.1061e+03, 4.4463e-01
3.1062e+03, 5.5422e-01
3.1064e+03, 6.9079e-01
3.1066e+03, 8.5707e-01
3.1068e+03, 1.0593e+00
3.1069e+03, 1.2991e+00
3.1071e+03, 1.5827e+00
3.1073e+03, 1.9094e+00
3.1075e+03, 2.2842e+00
3.1076e+03, 2.7022e+00
3.1078e+03, 3.1657e+00
3.1080e+03, 3.6646e+00
3.1086e+03, 5.4959e+00
3.1089e+03, 6.4025e+00
3.1092e+03, 7.2036e+00
3.1094e+03, 7.6950e+00
3.1096e+03, 8.0577e+00
3.1098e+03, 8.2819e+00
3.1100e+03, 8.3313e+00
3.1102e+03, 8.2408e+00
3.1105e+03, 7.9249e+00
3.1108e+03, 7.3054e+00
3.1111e+03, 6.4844e+00
3.1117e+03, 4.7706e+00
3.1119e+03, 3.9163e+00
3.1122e+03, 3.1285e+00
3.1125e+03, 2.4311e+00
3.1126e+03, 2.1226e+00
3.1127e+03, 1.8442e+00
3.1129e+03, 1.5915e+00
3.1130e+03, 1.3662e+00
3.1132e+03, 1.1671e+00
3.1133e+03, 9.9386e-01
3.1135e+03, 8.0397e-01
3.1136e+03, 6.4741e-01
3.1138e+03, 5.1993e-01
3.1140e+03, 4.1728e-01
3.1142e+03, 3.3550e-01
3.1143e+03, 2.7093e-01
3.1145e+03, 2.1731e-01
3.1147e+03, 1.7647e-01
3.1151e+03, 1.2154e-01
3.1155e+03, 8.9473e-02
3.1158e+03, 7.0229e-02
3.1166e+03, 4.9753e-02
3.1173e+03, 3.9076e-02
3.1188e+03, 2.7463e-02
3.1203e+03, 2.1184e-02
3.1218e+03, 1.7382e-02
3.1233e+03, 1.4881e-02
3.1263e+03, 1.1858e-02
3.1292e+03, 1.0338e-02
3.1322e+03, 9.3426e-03
3.1382e+03, 8.4333e-03
3.1438e+03, 8.2204e-03
3.1550e+03, 8.7109e-03
3.1606e+03, 9.3348e-03
3.1662e+03, 1.0295e-02
3.1718e+03, 1.1809e-02
3.1774e+03, 1.4343e-02
3.1802e+03, 1.6384e-02
3.1830e+03, 1.9509e-02
3.1858e+03, 2.4508e-02
3.1872e+03, 2.8327e-02
3.1886e+03, 3.3766e-02
3.1900e+03, 4.1886e-02
3.1914e+03, 5.4829e-02
3.1922e+03, 6.5639e-02
3.1929e+03, 8.1450e-02
3.1937e+03, 1.0773e-01
3.1941e+03, 1.2925e-01
3.1945e+03, 1.6198e-01
3.1948e+03, 2.1463e-01
3.1950e+03, 2.5270e-01
3.1952e+03, 3.0161e-01
3.1954e+03, 3.6512e-01
3.1956e+03, 4.4649e-01
3.1958e+03, 5.5128e-01
3.1960e+03, 6.8382e-01
3.1962e+03, 8.5161e-01
3.1964e+03, 1.0595e+00
3.1966e+03, 1.3165e+00
3.1968e+03, 1.6266e+00
3.1970e+03, 1.9991e+00
3.1971e+03, 2.4350e+00
3.1973e+03, 2.9417e+00
3.1975e+03, 3.5142e+00
3.1977e+03, 4.0963e+00
3.1979e+03, 4.7283e+00
3.1982e+03, 6.1075e+00
3.1989e+03, 8.9310e+00
3.1992e+03, 9.8251e+00
3.1995e+03, 1.0524e+01
3.1998e+03, 1.1029e+01
3.2000e+03, 1.1153e+01
3.2003e+03, 1.0945e+01
3.2005e+03, 1.0665e+01
3.2006e+03, 1.0278e+01
3.2010e+03, 9.2364e+00
3.2013e+03, 7.9488e+00
3.2018e+03, 6.0917e+00
3.2020e+03, 5.1916e+00
3.2022e+03, 4.3488e+00
3.2025e+03, 3.5802e+00
3.2027e+03, 2.9049e+00
3.2029e+03, 2.3243e+00
3.2030e+03, 2.0682e+00
3.2031e+03, 1.8371e+00
3.2033e+03, 1.6065e+00
3.2034e+03, 1.4028e+00
3.2035e+03, 1.2224e+00
3.2036e+03, 1.0635e+00
3.2037e+03, 9.2334e-01
3.2039e+03, 8.0231e-01
3.2040e+03, 6.9741e-01
3.2041e+03, 6.0691e-01
3.2044e+03, 4.6208e-01
3.2046e+03, 3.5704e-01
3.2049e+03, 2.8119e-01
3.2051e+03, 2.2659e-01
3.2053e+03, 1.8705e-01
3.2056e+03, 1.5837e-01
3.2061e+03, 1.2098e-01
3.2066e+03, 9.8519e-02
3.2071e+03, 8.3598e-02
3.2081e+03, 6.4542e-02
3.2090e+03, 5.2763e-02
3.2100e+03, 4.4815e-02
3.2110e+03, 3.9150e-02
3.2128e+03, 3.2275e-02
3.2146e+03, 2.8121e-02
3.2182e+03, 2.3685e-02
3.2218e+03, 2.1703e-02
3.2254e+03, 2.1018e-02
3.2304e+03, 2.1244e-02
3.2353e+03, 2.2339e-02
3.2403e+03, 2.4119e-02
3.2452e+03, 2.6564e-02
3.2502e+03, 2.9748e-02
3.2552e+03, 3.3840e-02
3.2601e+03, 3.9106e-02
3.2651e+03, 4.5960e-02
3.2675e+03, 5.0176e-02
3.2700e+03, 5.5060e-02
3.2725e+03, 6.0745e-02
3.2750e+03, 6.7380e-02
3.2775e+03, 7.5168e-02
3.2799e+03, 8.4574e-02
3.2824e+03, 9.5967e-02
3.2849e+03, 1.0991e-01
3.2869e+03, 1.2378e-01
3.2889e+03, 1.4053e-01
3.2910e+03, 1.6100e-01
3.2930e+03, 1.8638e-01
3.2950e+03, 2.1833e-01
3.2960e+03, 2.3746e-01
3.2971e+03, 2.5915e-01
3.2981e+03, 2.8399e-01
3.2991e+03, 3.1263e-01
3.3001e+03, 3.4597e-01
3.3011e+03, 3.8497e-01
3.3021e+03, 4.3103e-01
3.3031e+03, 4.8585e-01
3.3041e+03, 5.5177e-01
3.3052e+03, 6.3178e-01
3.3057e+03, 6.7840e-01
3.3062e+03, 7.3028e-01
3.3067e+03, 7.8820e-01
3.3072e+03, 8.5302e-01
3.3077e+03, 9.2614e-01
3.3082e+03, 1.0088e+00
3.3087e+03, 1.1028e+00
3.3092e+03, 1.2099e+00
3.3098e+03, 1.3627e+00
3.3105e+03, 1.5442e+00
3.3111e+03, 1.7619e+00
3.3117e+03, 2.0235e+00
3.3123e+03, 2.3399e+00
3.3129e+03, 2.7217e+00
3.3132e+03, 2.9414e+00
3.3136e+03, 3.1818e+00
3.3142e+03, 3.7284e+00
3.3148e+03, 4.3639e+00
3.3154e+03, 5.0814e+00
3.3160e+03, 5.8576e+00
3.3166e+03, 6.6475e+00
3.3173e+03, 7.3866e+00
3.3179e+03, 7.9943e+00
3.3185e+03, 8.3957e+00
3.3191e+03, 8.5350e+00
3.3195e+03, 8.4584e+00
3.3202e+03, 8.1192e+00
3.3208e+03, 7.5563e+00
3.3214e+03, 6.8424e+00
3.3220e+03, 6.0572e+00
3.3233e+03, 4.5342e+00
3.3239e+03, 3.8766e+00
3.3245e+03, 3.3093e+00
3.3249e+03, 2.9674e+00
3.3253e+03, 2.6657e+00
3.3258e+03, 2.4006e+00
3.3262e+03, 2.1685e+00
3.3266e+03, 1.9645e+00
3.3271e+03, 1.7853e+00
3.3275e+03, 1.6277e+00
3.3279e+03, 1.4890e+00
3.3283e+03, 1.3660e+00
3.3288e+03, 1.2570e+00
3.3296e+03, 1.0735e+00
3.3305e+03, 9.2643e-01
3.3313e+03, 8.0705e-01
3.3321e+03, 7.2326e-01
3.3328e+03, 6.5174e-01
3.3335e+03, 5.9026e-01
3.3342e+03, 5.3708e-01
3.3350e+03, 4.9081e-01
3.3357e+03, 4.5030e-01
3.3371e+03, 3.8301e-01
3.3386e+03, 3.2964e-01
3.3400e+03, 2.8666e-01
3.3415e+03, 2.5161e-01
3.3429e+03, 2.2269e-01
3.3442e+03, 2.0134e-01
3.3454e+03, 1.8299e-01
3.3467e+03, 1.6709e-01
3.3479e+03, 1.5324e-01
3.3492e+03, 1.4109e-01
3.3505e+03, 1.3039e-01
3.3530e+03, 1.1253e-01
3.3555e+03, 9.8415e-02
3.3581e+03, 8.6931e-02
3.3606e+03, 7.7519e-02
3.3631e+03, 6.9779e-02
3.3660e+03, 6.2559e-02
3.3689e+03, 5.6734e-02
3.3718e+03, 5.2052e-02
3.3747e+03, 4.8343e-02
3.3776e+03, 4.5499e-02
3.3804e+03, 4.3468e-02
3.3833e+03, 4.2264e-02
3.3862e+03, 4.1971e-02
3.3904e+03, 4.3564e-02
3.3924e+03, 4.5535e-02
3.3945e+03, 4.8716e-02
3.3966e+03, 5.3638e-02
3.3987e+03, 6.1134e-02
3.4007e+03, 7.2724e-02
3.4018e+03, 8.0935e-02
3.4028e+03, 9.1566e-02
3.4036e+03, 1.0223e-01
3.4044e+03, 1.1567e-01
3.4053e+03, 1.3296e-01
3.4061e+03, 1.5574e-01
3.4069e+03, 1.8677e-01
3.4073e+03, 2.0677e-01
3.4077e+03, 2.3102e-01
3.4081e+03, 2.6111e-01
3.4085e+03, 2.9957e-01
3.4089e+03, 3.5077e-01
3.4093e+03, 4.2236e-01
3.4095e+03, 4.6688e-01
3.4097e+03, 5.2095e-01
3.4099e+03, 5.8727e-01
3.4101e+03, 6.6927e-01
3.4103e+03, 7.7128e-01
3.4105e+03, 8.9866e-01
3.4107e+03, 1.0579e+00
3.4109e+03, 1.2557e+00
3.4110e+03, 1.5031e+00
3.4112e+03, 1.8096e+00
3.4114e+03, 2.1866e+00
3.4116e+03, 2.6436e+00
3.4118e+03, 3.1979e+00
3.4120e+03, 3.8595e+00
3.4122e+03, 4.6393e+00
3.4124e+03, 5.5412e+00
3.4126e+03, 6.5167e+00
3.4127e+03, 7.6045e+00
3.4129e+03, 8.8133e+00
3.4131e+03, 1.0121e+01
3.4134e+03, 1.2257e+01
3.4137e+03, 1.4526e+01
3.4142e+03, 1.9031e+01
3.4145e+03, 2.1164e+01
3.4148e+03, 2.2865e+01
3.4150e+03, 2.3813e+01
3.4152e+03, 2.4337e+01
3.4154e+03, 2.4434e+01
3.4154e+03, 2.4428e+01
3.4156e+03, 2.4320e+01
3.4157e+03, 2.4084e+01
3.4159e+03, 2.3248e+01
3.4162e+03, 2.1942e+01
3.4164e+03, 2.0264e+01
3.4167e+03, 1.8318e+01
3.4169e+03, 1.6216e+01
3.4175e+03, 1.1961e+01
3.4177e+03, 1.0067e+01
3.4179e+03, 8.3455e+00
3.4182e+03, 6.8131e+00
3.4184e+03, 5.4961e+00
3.4185e+03, 4.9138e+00
3.4187e+03, 4.3828e+00
3.4188e+03, 3.9013e+00
3.4189e+03, 3.4704e+00
3.4190e+03, 3.0803e+00
3.4191e+03, 2.7346e+00
3.4193e+03, 2.4244e+00
3.4194e+03, 2.1519e+00
3.4195e+03, 1.9207e+00
3.4196e+03, 1.7161e+00
3.4197e+03, 1.5356e+00
3.4198e+03, 1.3767e+00
3.4200e+03, 1.2372e+00
3.4201e+03, 1.1148e+00
3.4203e+03, 9.1388e-01
3.4205e+03, 7.6004e-01
3.4208e+03, 6.4205e-01
3.4210e+03, 5.5102e-01
3.4212e+03, 4.8010e-01
3.4215e+03, 4.2410e-01
3.4217e+03, 3.7920e-01
3.4221e+03, 3.1217e-01
3.4226e+03, 2.6460e-01
3.4231e+03, 2.2895e-01
3.4235e+03, 2.0101e-01
3.4240e+03, 1.7850e-01
3.4249e+03, 1.4454e-01
3.4258e+03, 1.2020e-01
3.4267e+03, 1.0208e-01
3.4277e+03, 8.8143e-02
3.4286e+03, 7.7194e-02
3.4304e+03, 6.1249e-02
3.4326e+03, 4.8614e-02
3.4348e+03, 4.0034e-02
3.4370e+03, 3.3897e-02
3.4392e+03, 2.9348e-02
3.4437e+03, 2.3171e-02
3.4481e+03, 1.9159e-02
3.4529e+03, 1.6196e-02
3.4576e+03, 1.4100e-02
3.4624e+03, 1.2565e-02
3.4672e+03, 1.1423e-02
3.4768e+03, 9.9141e-03
3.4863e+03, 9.4265e-03
3.4907e+03, 9.8258e-03
3.4952e+03, 1.1236e-02
3.4974e+03, 1.2836e-02
3.4996e+03, 1.5788e-02
3.5018e+03, 2.1960e-02
3.5029e+03, 2.8553e-02
3.5034e+03, 3.4487e-02
3.5040e+03, 4.5023e-02
3.5046e+03, 6.7762e-02
3.5048e+03, 8.8197e-02
3.5051e+03, 1.1882e-01
3.5054e+03, 1.6466e-01
3.5057e+03, 2.3171e-01
3.5060e+03, 3.2797e-01
3.5063e+03, 4.6260e-01
3.5064e+03, 5.4769e-01
3.5066e+03, 6.4614e-01
3.5067e+03, 7.5910e-01
3.5069e+03, 8.8665e-01
3.5070e+03, 1.0314e+00
3.5071e+03, 1.1931e+00
3.5073e+03, 1.3719e+00
3.5074e+03, 1.5664e+00
3.5077e+03, 2.0063e+00
3.5080e+03, 2.4989e+00
3.5086e+03, 3.5606e+00
3.5090e+03, 4.3458e+00
3.5093e+03, 4.6652e+00
3.5095e+03, 4.9122e+00
3.5098e+03, 5.1029e+00
3.5100e+03, 5.1395e+00
3.5102e+03, 5.1019e+00
3.5105e+03, 4.9318e+00
3.5107e+03, 4.7024e+00
3.5109e+03, 4.4036e+00
3.5114e+03, 3.6623e+00
3.5116e+03, 3.1547e+00
3.5118e+03, 2.9009e+00
3.5120e+03, 2.4044e+00
3.5122e+03, 2.0539e+00
3.5125e+03, 1.7303e+00
3.5127e+03, 1.4384e+00
3.5129e+03, 1.1805e+00
3.5130e+03, 1.0276e+00
3.5131e+03, 8.9092e-01
3.5133e+03, 7.6798e-01
3.5134e+03, 6.5990e-01
3.5137e+03, 4.8138e-01
3.5140e+03, 3.4743e-01
3.5142e+03, 2.4960e-01
3.5145e+03, 1.7986e-01
3.5147e+03, 1.3613e-01
3.5150e+03, 1.0474e-01
3.5155e+03, 6.6297e-02
3.5159e+03, 4.6620e-02
3.5164e+03, 3.6054e-02
3.5174e+03, 2.5702e-02
3.5183e+03, 2.0434e-02
3.5202e+03, 1.4780e-02
3.5222e+03, 1.1779e-02
3.5260e+03, 8.8016e-03
3.5298e+03, 7.2545e-03
3.5374e+03, 5.7788e-03
3.5451e+03, 5.0449e-03
3.5582e+03, 4.3430e-03
3.5713e+03, 3.8955e-03
3.5975e+03, 3.3444e-03
3.6238e+03, 3.0162e-03
3.6500e+03, 2.8108e-03
3.6850e+03, 2.7104e-03
3.7068e+03, 2.7656e-03
3.7287e+03, 2.9541e-03
3.7505e+03, 3.5091e-03
3.7615e+03, 4.2281e-03
3.7669e+03, 4.9450e-03
3.7724e+03, 6.3592e-03
3.7754e+03, 7.8331e-03
3.7784e+03, 1.0526e-02
3.7799e+03, 1.3027e-02
3.7814e+03, 1.7185e-02
3.7829e+03, 2.5652e-02
3.7837e+03, 3.5712e-02
3.7840e+03, 4.5187e-02
3.7844e+03, 6.0713e-02
3.7847e+03, 7.8324e-02
3.7850e+03, 1.0386e-01
3.7852e+03, 1.4073e-01
3.7855e+03, 1.9324e-01
3.7858e+03, 2.6669e-01
3.7860e+03, 3.6724e-01
3.7863e+03, 5.0161e-01
3.7866e+03, 6.7645e-01
3.7869e+03, 8.9846e-01
3.7871e+03, 1.1699e+00
3.7874e+03, 1.4921e+00
3.7877e+03, 1.8617e+00
3.7888e+03, 3.5614e+00
3.7892e+03, 4.0839e+00
3.7894e+03, 4.2879e+00
3.7896e+03, 4.4438e+00
3.7898e+03, 4.5651e+00
3.7900e+03, 4.5905e+00
3.7902e+03, 4.5612e+00
3.7905e+03, 4.4182e+00
3.7907e+03, 4.2230e+00
3.7909e+03, 3.9683e+00
3.7914e+03, 3.3294e+00
3.7921e+03, 2.1492e+00
3.7924e+03, 1.7846e+00
3.7926e+03, 1.4553e+00
3.7929e+03, 1.1645e+00
3.7931e+03, 9.1698e-01
3.7934e+03, 7.1017e-01
3.7936e+03, 5.4308e-01
3.7939e+03, 4.1021e-01
3.7941e+03, 3.0773e-01
3.7944e+03, 2.2969e-01
3.7946e+03, 1.7165e-01
3.7949e+03, 1.2919e-01
3.7951e+03, 9.8670e-02
3.7956e+03, 6.1266e-02
3.7961e+03, 4.2322e-02
3.7966e+03, 3.2362e-02
3.7971e+03, 2.6651e-02
3.7981e+03, 2.0411e-02
3.8001e+03, 1.4645e-02
3.8021e+03, 1.1928e-02
3.8060e+03, 9.7600e-03
3.8100e+03, 9.3490e-03
3.8155e+03, 1.0119e-02
3.8209e+03, 1.2166e-02
3.8264e+03, 1.6022e-02
3.8291e+03, 1.9085e-02
3.8319e+03, 2.3391e-02
3.8346e+03, 2.9726e-02
3.8373e+03, 3.9594e-02
3.8387e+03, 4.6719e-02
3.8401e+03, 5.6148e-02
3.8414e+03, 6.8994e-02
3.8428e+03, 8.7181e-02
3.8435e+03, 9.9335e-02
3.8442e+03, 1.1442e-01
3.8449e+03, 1.3357e-01
3.8455e+03, 1.5848e-01
3.8462e+03, 1.9214e-01
3.8469e+03, 2.4003e-01
3.8473e+03, 2.7264e-01
3.8476e+03, 3.1398e-01
3.8479e+03, 3.6811e-01
3.8483e+03, 4.4046e-01
3.8486e+03, 5.3987e-01
3.8488e+03, 6.0326e-01
3.8490e+03, 6.7823e-01
3.8491e+03, 7.6699e-01
3.8493e+03, 8.7207e-01
3.8495e+03, 9.9633e-01
3.8496e+03, 1.1420e+00
3.8498e+03, 1.3142e+00
3.8500e+03, 1.5157e+00
3.8502e+03, 1.7504e+00
3.8503e+03, 2.0220e+00
3.8505e+03, 2.3342e+00
3.8507e+03, 2.6903e+00
3.8508e+03, 3.0931e+00
3.8510e+03, 3.5419e+00
3.8512e+03, 4.0924e+00
3.8514e+03, 4.6986e+00
3.8516e+03, 5.3646e+00
3.8518e+03, 6.0786e+00
3.8521e+03, 7.6324e+00
3.8525e+03, 9.2640e+00
3.8529e+03, 1.0853e+01
3.8533e+03, 1.2239e+01
3.8536e+03, 1.3191e+01
3.8539e+03, 1.3770e+01
3.8542e+03, 1.3927e+01
3.8543e+03, 1.3920e+01
3.8545e+03, 1.3799e+01
3.8546e+03, 1.3530e+01
3.8550e+03, 1.2591e+01
3.8555e+03, 1.1089e+01
3.8559e+03, 9.3026e+00
3.8563e+03, 7.4468e+00
3.8567e+03, 5.7161e+00
3.8569e+03, 4.9352e+00
3.8572e+03, 4.2284e+00
3.8574e+03, 3.5934e+00
3.8576e+03, 3.0374e+00
3.8578e+03, 2.6150e+00
3.8579e+03, 2.2454e+00
3.8581e+03, 1.9250e+00
3.8583e+03, 1.6511e+00
3.8585e+03, 1.4160e+00
3.8587e+03, 1.2168e+00
3.8589e+03, 1.0489e+00
3.8590e+03, 9.0875e-01
3.8592e+03, 7.9080e-01
3.8594e+03, 6.9231e-01
3.8596e+03, 6.1011e-01
3.8598e+03, 5.4176e-01
3.8601e+03, 4.3573e-01
3.8605e+03, 3.6019e-01
3.8609e+03, 3.0466e-01
3.8612e+03, 2.6284e-01
3.8616e+03, 2.3020e-01
3.8620e+03, 2.0414e-01
3.8627e+03, 1.6490e-01
3.8634e+03, 1.3675e-01
3.8642e+03, 1.1561e-01
3.8649e+03, 9.9239e-02
3.8663e+03, 7.5758e-02
3.8677e+03, 6.1394e-02
3.8690e+03, 5.0916e-02
3.8703e+03, 4.3022e-02
3.8716e+03, 3.6905e-02
3.8742e+03, 2.8159e-02
3.8768e+03, 2.2335e-02
3.8796e+03, 1.8066e-02
3.8824e+03, 1.5028e-02
3.8879e+03, 1.1044e-02
3.8934e+03, 8.6313e-03
3.8990e+03, 7.0651e-03
3.9070e+03, 5.6322e-03
3.9150e+03, 4.7181e-03
3.9310e+03, 3.6864e-03
3.9470e+03, 3.1627e-03
3.9630e+03, 2.8611e-03
3.9876e+03, 2.6392e-03
4.0122e+03, 2.5537e-03
4.0418e+03, 2.5930e-03
4.0713e+03, 2.7644e-03
4.1009e+03, 3.2220e-03
4.1156e+03, 3.7309e-03
4.1304e+03, 4.8507e-03
4.1363e+03, 5.7210e-03
4.1421e+03, 7.1918e-03
4.1480e+03, 9.9863e-03
4.1509e+03, 1.2429e-02
4.1538e+03, 1.6385e-02
4.1563e+03, 2.2017e-02
4.1587e+03, 3.2132e-02
4.1600e+03, 4.0621e-02
4.1612e+03, 5.3829e-02
4.1618e+03, 6.3656e-02
4.1624e+03, 7.7520e-02
4.1630e+03, 9.9276e-02
4.1637e+03, 1.3813e-01
4.1639e+03, 1.6431e-01
4.1642e+03, 1.9995e-01
4.1644e+03, 2.4880e-01
4.1647e+03, 3.1561e-01
4.1650e+03, 4.0736e-01
4.1652e+03, 5.3196e-01
4.1655e+03, 6.9919e-01
4.1657e+03, 9.1932e-01
4.1659e+03, 1.0538e+00
4.1660e+03, 1.2063e+00
4.1661e+03, 1.3786e+00
4.1663e+03, 1.5721e+00
4.1664e+03, 1.7882e+00
4.1665e+03, 2.0283e+00
4.1666e+03, 2.2934e+00
4.1668e+03, 2.5821e+00
4.1670e+03, 3.2432e+00
4.1673e+03, 4.0061e+00
4.1676e+03, 4.8688e+00
4.1678e+03, 5.8083e+00
4.1681e+03, 6.9936e+00
4.1684e+03, 8.1967e+00
4.1687e+03, 9.3452e+00
4.1690e+03, 1.0357e+01
4.1691e+03, 1.0581e+01
4.1693e+03, 1.1142e+01
4.1696e+03, 1.1558e+01
4.1698e+03, 1.1806e+01
4.1700e+03, 1.1899e+01
4.1700e+03, 1.1895e+01
4.1702e+03, 1.1827e+01
4.1704e+03, 1.1679e+01
4.1707e+03, 1.0997e+01
4.1711e+03, 9.7593e+00
4.1716e+03, 8.2109e+00
4.1720e+03, 6.4520e+00
4.1725e+03, 4.7925e+00
4.1727e+03, 4.0443e+00
4.1729e+03, 3.3719e+00
4.1731e+03, 2.7776e+00
4.1734e+03, 2.2626e+00
4.1735e+03, 1.9813e+00
4.1736e+03, 1.7305e+00
4.1738e+03, 1.5067e+00
4.1739e+03, 1.3083e+00
4.1741e+03, 1.1322e+00
4.1742e+03, 9.7915e-01
4.1743e+03, 8.4578e-01
4.1745e+03, 7.3020e-01
4.1748e+03, 5.4438e-01
4.1750e+03, 4.0907e-01
4.1753e+03, 3.1147e-01
4.1756e+03, 2.4172e-01
4.1759e+03, 1.9189e-01
4.1762e+03, 1.5644e-01
4.1767e+03, 1.1207e-01
4.1773e+03, 8.7026e-02
4.1778e+03, 7.1316e-02
4.1786e+03, 5.6591e-02
4.1794e+03, 4.6610e-02
4.1810e+03, 3.3793e-02
4.1826e+03, 2.6036e-02
4.1842e+03, 2.0955e-02
4.1874e+03, 1.4852e-02
4.1905e+03, 1.1447e-02
4.1948e+03, 8.8568e-03
4.1990e+03, 7.3771e-03
4.2075e+03, 5.8328e-03
4.2160e+03, 5.1463e-03
4.2245e+03, 4.8411e-03
4.2380e+03, 4.7244e-03
4.2567e+03, 4.9947e-03
4.2754e+03, 5.6625e-03
4.2940e+03, 6.8648e-03
4.3033e+03, 7.7947e-03
4.3127e+03, 9.0796e-03
4.3224e+03, 1.1017e-02
4.3322e+03, 1.4047e-02
4.3371e+03, 1.6237e-02
4.3419e+03, 1.9144e-02
4.3468e+03, 2.3119e-02
4.3517e+03, 2.8704e-02
4.3564e+03, 3.6638e-02
4.3587e+03, 4.2079e-02
4.3610e+03, 4.8968e-02
4.3634e+03, 5.7878e-02
4.3657e+03, 6.9684e-02
4.3680e+03, 8.5809e-02
4.3692e+03, 9.6172e-02
4.3703e+03, 1.0860e-01
4.3720e+03, 1.3166e-01
4.3729e+03, 1.4618e-01
4.3737e+03, 1.6339e-01
4.3746e+03, 1.8400e-01
4.3754e+03, 2.0896e-01
4.3763e+03, 2.3960e-01
4.3771e+03, 2.7780e-01
4.3778e+03, 3.1635e-01
4.3785e+03, 3.6387e-01
4.3792e+03, 4.2361e-01
4.3795e+03, 4.5954e-01
4.3799e+03, 5.0041e-01
4.3802e+03, 5.4750e-01
4.3806e+03, 6.0183e-01
4.3809e+03, 6.6542e-01
4.3813e+03, 7.4006e-01
4.3816e+03, 8.2894e-01
4.3820e+03, 9.3509e-01
4.3823e+03, 1.0636e+00
4.3825e+03, 1.1376e+00
4.3826e+03, 1.2192e+00
4.3829e+03, 1.3778e+00
4.3832e+03, 1.5651e+00
4.3835e+03, 1.7876e+00
4.3838e+03, 2.0493e+00
4.3841e+03, 2.3578e+00
4.3844e+03, 2.7163e+00
4.3847e+03, 3.1315e+00
4.3850e+03, 3.6033e+00
4.3853e+03, 4.1354e+00
4.3856e+03, 4.7212e+00
4.3859e+03, 5.3578e+00
4.3861e+03, 6.0298e+00
4.3867e+03, 7.4210e+00
4.3873e+03, 8.7211e+00
4.3877e+03, 9.3679e+00
4.3880e+03, 9.8639e+00
4.3884e+03, 1.0177e+01
4.3887e+03, 1.0283e+01
4.3889e+03, 1.0256e+01
4.3894e+03, 9.8994e+00
4.3898e+03, 9.1809e+00
4.3903e+03, 8.1944e+00
4.3908e+03, 7.0641e+00
4.3914e+03, 5.5929e+00
4.3918e+03, 4.9029e+00
4.3921e+03, 4.2649e+00
4.3924e+03, 3.6865e+00
4.3927e+03, 3.1759e+00
4.3930e+03, 2.7311e+00
4.3933e+03, 2.3491e+00
4.3936e+03, 2.0595e+00
4.3939e+03, 1.8106e+00
4.3941e+03, 1.5974e+00
4.3944e+03, 1.4161e+00
4.3947e+03, 1.2609e+00
4.3949e+03, 1.1284e+00
4.3952e+03, 1.0151e+00
4.3955e+03, 9.1825e-01
4.3958e+03, 8.3442e-01
4.3960e+03, 7.6181e-01
4.3966e+03, 6.4342e-01
4.3971e+03, 5.5148e-01
4.3977e+03, 4.7882e-01
4.3982e+03, 4.2724e-01
4.3986e+03, 3.8396e-01
4.3991e+03, 3.4711e-01
4.3996e+03, 3.1557e-01
4.4005e+03, 2.6446e-01
4.4015e+03, 2.2520e-01
4.4024e+03, 1.9434e-01
4.4034e+03, 1.6961e-01
4.4043e+03, 1.4946e-01
4.4053e+03, 1.3280e-01
4.4072e+03, 1.0706e-01
4.4091e+03, 8.8353e-02
4.4110e+03, 7.4344e-02
4.4129e+03, 6.3583e-02
4.4148e+03, 5.5154e-02
4.4167e+03, 4.8435e-02
4.4205e+03, 3.8430e-02
4.4248e+03, 3.0599e-02
4.4292e+03, 2.5214e-02
4.4336e+03, 2.1361e-02
4.4380e+03, 1.8550e-02
4.4467e+03, 1.4724e-02
4.4555e+03, 1.2373e-02
4.4625e+03, 1.1118e-02
4.4695e+03, 1.0220e-02
4.4835e+03, 9.1226e-03
4.4975e+03, 8.5893e-03
4.5116e+03, 8.3981e-03
4.5262e+03, 8.5042e-03
4.5408e+03, 8.7851e-03
4.5554e+03, 9.3050e-03
4.5700e+03, 1.0032e-02
4.5846e+03, 1.1055e-02
4.5992e+03, 1.2477e-02
4.6138e+03, 1.4490e-02
4.6284e+03, 1.7569e-02
4.6377e+03, 2.0628e-02
4.6424e+03, 2.2714e-02
4.6470e+03, 2.5386e-02
4.6517e+03, 2.8883e-02
4.6564e+03, 3.3730e-02
4.6611e+03, 4.0900e-02
4.6634e+03, 4.5868e-02
4.6657e+03, 5.2222e-02
4.6689e+03, 6.4555e-02
4.6705e+03, 7.3141e-02
4.6721e+03, 8.4175e-02
4.6738e+03, 9.8731e-02
4.6754e+03, 1.1856e-01
4.6770e+03, 1.4664e-01
4.6778e+03, 1.6534e-01
4.6786e+03, 1.8849e-01
4.6793e+03, 2.1481e-01
4.6800e+03, 2.4810e-01
4.6804e+03, 2.6821e-01
4.6808e+03, 2.9129e-01
4.6811e+03, 3.1803e-01
4.6815e+03, 3.4931e-01
4.6819e+03, 3.9456e-01
4.6821e+03, 4.2117e-01
4.6824e+03, 4.5105e-01
4.6826e+03, 4.8479e-01
4.6828e+03, 5.2308e-01
4.6830e+03, 5.6677e-01
4.6832e+03, 6.1690e-01
4.6835e+03, 6.7468e-01
4.6837e+03, 7.4156e-01
4.6839e+03, 8.1925e-01
4.6841e+03, 9.0972e-01
4.6843e+03, 1.0152e+00
4.6846e+03, 1.1384e+00
4.6848e+03, 1.2819e+00
4.6850e+03, 1.4490e+00
4.6852e+03, 1.6257e+00
4.6854e+03, 1.8274e+00
4.6856e+03, 2.0565e+00
4.6858e+03, 2.3141e+00
4.6860e+03, 2.6047e+00
4.6862e+03, 2.9286e+00
4.6864e+03, 3.2867e+00
4.6866e+03, 3.6772e+00
4.6868e+03, 4.1032e+00
4.6870e+03, 4.5608e+00
4.6874e+03, 5.5545e+00
4.6878e+03, 6.6218e+00
4.6882e+03, 7.6957e+00
4.6885e+03, 8.5414e+00
4.6889e+03, 9.2880e+00
4.6892e+03, 9.8921e+00
4.6895e+03, 1.0309e+01
4.6898e+03, 1.0472e+01
4.6900e+03, 1.0526e+01
4.6901e+03, 1.0512e+01
4.6904e+03, 1.0328e+01
4.6908e+03, 9.9428e+00
4.6911e+03, 9.3817e+00
4.6914e+03, 8.6833e+00
4.6919e+03, 7.5340e+00
4.6923e+03, 6.3125e+00
4.6928e+03, 5.1276e+00
4.6932e+03, 4.0612e+00
4.6936e+03, 3.2836e+00
4.6938e+03, 2.9416e+00
4.6940e+03, 2.6323e+00
4.6942e+03, 2.3518e+00
4.6944e+03, 2.1016e+00
4.6946e+03, 1.8776e+00
4.6948e+03, 1.6800e+00
4.6949e+03, 1.5048e+00
4.6951e+03, 1.3514e+00
4.6953e+03, 1.2163e+00
4.6955e+03, 1.0986e+00
4.6957e+03, 9.9526e-01
4.6959e+03, 9.0540e-01
4.6963e+03, 7.5771e-01
4.6967e+03, 6.4390e-01
4.6970e+03, 5.5570e-01
4.6974e+03, 4.8617e-01
4.6978e+03, 4.3047e-01
4.6982e+03, 3.8511e-01
4.6986e+03, 3.4759e-01
4.6993e+03, 2.8938e-01
4.7001e+03, 2.4653e-01
4.7009e+03, 2.1386e-01
4.7016e+03, 1.8829e-01
4.7024e+03, 1.6786e-01
4.7032e+03, 1.5032e-01
4.7040e+03, 1.3607e-01
4.7057e+03, 1.1456e-01
4.7073e+03, 9.9392e-02
4.7089e+03, 8.8321e-02
4.7106e+03, 8.0056e-02
4.7122e+03, 7.3811e-02
4.7154e+03, 6.5483e-02
4.7177e+03, 6.1832e-02
4.7200e+03, 5.9383e-02
4.7246e+03, 5.7134e-02
4.7288e+03, 5.7321e-02
4.7331e+03, 5.9163e-02
4.7373e+03, 6.2497e-02
4.7415e+03, 6.7374e-02
4.7457e+03, 7.4030e-02
4.7499e+03, 8.2932e-02
4.7541e+03, 9.4884e-02
4.7562e+03, 1.0240e-01
4.7583e+03, 1.1124e-01
4.7610e+03, 1.2487e-01
4.7624e+03, 1.3294e-01
4.7637e+03, 1.4211e-01
4.7650e+03, 1.5259e-01
4.7664e+03, 1.6465e-01
4.7671e+03, 1.7139e-01
4.7677e+03, 1.7864e-01
4.7684e+03, 1.8648e-01
4.7691e+03, 1.9497e-01
4.7699e+03, 2.0628e-01
4.7707e+03, 2.1882e-01
4.7715e+03, 2.3281e-01
4.7723e+03, 2.4846e-01
4.7727e+03, 2.5700e-01
4.7731e+03, 2.6608e-01
4.7735e+03, 2.7573e-01
4.7740e+03, 2.8602e-01
4.7744e+03, 2.9700e-01
4.7748e+03, 3.0873e-01
4.7752e+03, 3.2129e-01
4.7756e+03, 3.3477e-01
4.7761e+03, 3.5374e-01
4.7766e+03, 3.7462e-01
4.7772e+03, 3.9771e-01
4.7777e+03, 4.2327e-01
4.7782e+03, 4.5179e-01
4.7787e+03, 4.8369e-01
4.7793e+03, 5.1953e-01
4.7798e+03, 5.5993e-01
4.7803e+03, 6.0586e-01
4.7809e+03, 6.5830e-01
4.7814e+03, 7.1851e-01
4.7819e+03, 7.8809e-01
4.7824e+03, 8.6902e-01
4.7830e+03, 9.6378e-01
4.7835e+03, 1.0754e+00
4.7837e+03, 1.1387e+00
4.7840e+03, 1.2076e+00
4.7843e+03, 1.2831e+00
4.7845e+03, 1.3652e+00
4.7848e+03, 1.4554e+00
4.7851e+03, 1.5537e+00
4.7853e+03, 1.6615e+00
4.7856e+03, 1.7790e+00
4.7859e+03, 1.9073e+00
4.7861e+03, 2.0471e+00
4.7864e+03, 2.1998e+00
4.7866e+03, 2.3649e+00
4.7872e+03, 2.7352e+00
4.7877e+03, 3.1601e+00
4.7882e+03, 3.6331e+00
4.7887e+03, 4.0891e+00
4.7892e+03, 4.5598e+00
4.7901e+03, 5.4593e+00
4.7906e+03, 5.8360e+00
4.7911e+03, 6.1284e+00
4.7915e+03, 6.3143e+00
4.7920e+03, 6.3787e+00
4.7924e+03, 6.3390e+00
4.7929e+03, 6.1448e+00
4.7935e+03, 5.8095e+00
4.7940e+03, 5.3660e+00
4.7945e+03, 4.8564e+00
4.7956e+03, 3.7913e+00
4.7962e+03, 3.2963e+00
4.7967e+03, 2.8518e+00
4.7974e+03, 2.3459e+00
4.7978e+03, 2.1307e+00
4.7982e+03, 1.9397e+00
4.7985e+03, 1.7700e+00
4.7989e+03, 1.6206e+00
4.7993e+03, 1.4885e+00
4.7996e+03, 1.3723e+00
4.8003e+03, 1.1791e+00
4.8011e+03, 1.0279e+00
4.8018e+03, 9.0849e-01
4.8025e+03, 8.1336e-01
4.8032e+03, 7.4505e-01
4.8038e+03, 6.8838e-01
4.8044e+03, 6.4114e-01
4.8051e+03, 6.0168e-01
4.8064e+03, 5.4067e-01
4.8076e+03, 4.9772e-01
4.8089e+03, 4.6791e-01
4.8102e+03, 4.4822e-01
4.8115e+03, 4.3666e-01
4.8128e+03, 4.3191e-01
4.8141e+03, 4.3340e-01
4.8160e+03, 4.4551e-01
4.8179e+03, 4.6888e-01
4.8197e+03, 5.0405e-01
4.8216e+03, 5.5252e-01
4.8235e+03, 6.1696e-01
4.8254e+03, 7.0130e-01
4.8263e+03, 7.5278e-01
4.8273e+03, 8.1159e-01
4.8282e+03, 8.7897e-01
4.8291e+03, 9.5630e-01
4.8303e+03, 1.0717e+00
4.8315e+03, 1.2101e+00
4.8327e+03, 1.3765e+00
4.8339e+03, 1.5774e+00
4.8351e+03, 1.8206e+00
4.8363e+03, 2.1140e+00
4.8375e+03, 2.4646e+00
4.8387e+03, 2.8755e+00
4.8396e+03, 3.2282e+00
4.8405e+03, 3.6055e+00
4.8423e+03, 4.3697e+00
4.8433e+03, 4.7082e+00
4.8442e+03, 4.9788e+00
4.8451e+03, 5.1536e+00
4.8460e+03, 5.2129e+00
4.8469e+03, 5.1495e+00
4.8477e+03, 5.0086e+00
4.8484e+03, 4.7996e+00
4.8499e+03, 4.2384e+00
4.8530e+03, 2.9823e+00
4.8545e+03, 2.4481e+00
4.8553e+03, 2.2170e+00
4.8560e+03, 2.0098e+00
4.8568e+03, 1.8245e+00
4.8575e+03, 1.6599e+00
4.8583e+03, 1.5136e+00
4.8591e+03, 1.3836e+00
4.8598e+03, 1.2639e+00
4.8606e+03, 1.1578e+00
4.8622e+03, 9.7986e-01
4.8638e+03, 8.3834e-01
4.8654e+03, 7.2460e-01
4.8669e+03, 6.3208e-01
4.8685e+03, 5.5612e-01
4.8701e+03, 4.9312e-01
4.8717e+03, 4.4052e-01
4.8732e+03, 3.9602e-01
4.8748e+03, 3.5796e-01
4.8764e+03, 3.2518e-01
4.8780e+03, 2.9684e-01
4.8795e+03, 2.7219e-01
4.8811e+03, 2.5064e-01
4.8843e+03, 2.1496e-01
4.8874e+03, 1.8687e-01
4.8906e+03, 1.6441e-01
4.8937e+03, 1.4620e-01
4.8969e+03, 1.3127e-01
4.8999e+03, 1.1953e-01
4.9029e+03, 1.0958e-01
4.9059e+03, 1.0106e-01
4.9089e+03, 9.3793e-02
4.9119e+03, 8.7584e-02
4.9149e+03, 8.2253e-02
4.9209e+03, 7.3728e-02
4.9269e+03, 6.7450e-02
4.9330e+03, 6.2919e-02
4.9390e+03, 5.9801e-02
4.9450e+03, 5.7889e-02
4.9496e+03, 5.7169e-02
4.9542e+03, 5.7058e-02
4.9599e+03, 5.7779e-02
4.9656e+03, 5.9503e-02
4.9714e+03, 6.2339e-02
4.9771e+03, 6.6481e-02
4.9828e+03, 7.2229e-02
4.9885e+03, 8.0025e-02
4.9943e+03, 9.0543e-02
4.9971e+03, 9.7132e-02
5.0000e+03, 1.0474e-01
5.0046e+03, 1.2006e-01
5.0070e+03, 1.2948e-01
5.0093e+03, 1.4032e-01
5.0118e+03, 1.5402e-01
5.0143e+03, 1.7014e-01
5.0168e+03, 1.8923e-01
5.0193e+03, 2.1228e-01
5.0206e+03, 2.2561e-01
5.0218e+03, 2.4035e-01
5.0231e+03, 2.5670e-01
5.0243e+03, 2.7487e-01
5.0256e+03, 2.9516e-01
5.0269e+03, 3.1788e-01
5.0281e+03, 3.4344e-01
5.0294e+03, 3.7228e-01
5.0307e+03, 4.0772e-01
5.0321e+03, 4.4845e-01
5.0334e+03, 4.9561e-01
5.0348e+03, 5.5053e-01
5.0361e+03, 6.1510e-01
5.0375e+03, 6.9150e-01
5.0388e+03, 7.8258e-01
5.0395e+03, 8.3471e-01
5.0402e+03, 8.9194e-01
5.0412e+03, 9.9375e-01
5.0423e+03, 1.1125e+00
5.0434e+03, 1.2516e+00
5.0444e+03, 1.4147e+00
5.0455e+03, 1.6067e+00
5.0466e+03, 1.8319e+00
5.0476e+03, 2.0953e+00
5.0487e+03, 2.3996e+00
5.0497e+03, 2.7375e+00
5.0508e+03, 3.1101e+00
5.0528e+03, 3.9017e+00
5.0539e+03, 4.2684e+00
5.0549e+03, 4.5687e+00
5.0560e+03, 4.7664e+00
5.0570e+03, 4.8346e+00
5.0579e+03, 4.7760e+00
5.0586e+03, 4.6684e+00
5.0593e+03, 4.5129e+00
5.0606e+03, 4.0930e+00
5.0619e+03, 3.5937e+00
5.0633e+03, 3.0851e+00
5.0646e+03, 2.6144e+00
5.0659e+03, 2.2046e+00
5.0673e+03, 1.8606e+00
5.0686e+03, 1.5774e+00
5.0695e+03, 1.4217e+00
5.0703e+03, 1.2854e+00
5.0712e+03, 1.1660e+00
5.0721e+03, 1.0613e+00
5.0729e+03, 9.6905e-01
5.0738e+03, 8.8768e-01
5.0755e+03, 7.5130e-01
5.0773e+03, 6.4269e-01
5.0790e+03, 5.5538e-01
5.0807e+03, 4.8437e-01
5.0825e+03, 4.2598e-01
5.0840e+03, 3.8270e-01
5.0855e+03, 3.4570e-01
5.0870e+03, 3.1379e-01
5.0886e+03, 2.8613e-01
5.0901e+03, 2.6198e-01
5.0916e+03, 2.4085e-01
5.0947e+03, 2.0586e-01
5.0977e+03, 1.7802e-01
5.1008e+03, 1.5546e-01
5.1038e+03, 1.3704e-01
5.1069e+03, 1.2181e-01
5.1100e+03, 1.0908e-01
5.1130e+03, 9.8335e-02
5.1161e+03, 8.9181e-02
5.1191e+03, 8.1319e-02
5.1222e+03, 7.4518e-02
5.1252e+03, 6.8595e-02
5.1313e+03, 5.8952e-02
5.1375e+03, 5.1284e-02
5.1436e+03, 4.5153e-02
5.1497e+03, 4.0188e-02
5.1558e+03, 3.6115e-02
5.1623e+03, 3.2529e-02
5.1688e+03, 2.9556e-02
5.1819e+03, 2.4967e-02
5.1949e+03, 2.1670e-02
5.2079e+03, 1.9247e-02
5.2210e+03, 1.7439e-02
5.2340e+03, 1.6099e-02
5.2470e+03, 1.5125e-02
5.2601e+03, 1.4448e-02
5.2731e+03, 1.4025e-02
5.2861e+03, 1.3830e-02
5.3008e+03, 1.3873e-02
5.3155e+03, 1.4201e-02
5.3301e+03, 1.4837e-02
5.3448e+03, 1.5835e-02
5.3595e+03, 1.7288e-02
5.3741e+03, 1.9352e-02
5.3888e+03, 2.2264e-02
5.3961e+03, 2.4214e-02
5.4034e+03, 2.6606e-02
5.4096e+03, 2.9039e-02
5.4157e+03, 3.1999e-02
5.4218e+03, 3.5667e-02
5.4279e+03, 4.0298e-02
5.4340e+03, 4.6239e-02
5.4401e+03, 5.4383e-02
5.4432e+03, 5.9632e-02
5.4462e+03, 6.5995e-02
5.4493e+03, 7.3846e-02
5.4523e+03, 8.3689e-02
5.4560e+03, 9.9659e-02
5.4578e+03, 1.0999e-01
5.4597e+03, 1.2242e-01
5.4615e+03, 1.3787e-01
5.4633e+03, 1.5748e-01
5.4652e+03, 1.8284e-01
5.4670e+03, 2.1657e-01
5.4681e+03, 2.4181e-01
5.4691e+03, 2.7274e-01
5.4702e+03, 3.1135e-01
5.4713e+03, 3.6036e-01
5.4723e+03, 4.2410e-01
5.4729e+03, 4.6343e-01
5.4734e+03, 5.0913e-01
5.4739e+03, 5.6286e-01
5.4745e+03, 6.2642e-01
5.4750e+03, 7.0260e-01
5.4756e+03, 7.9448e-01
5.4761e+03, 9.0678e-01
5.4766e+03, 1.0449e+00
5.4769e+03, 1.1259e+00
5.4772e+03, 1.2158e+00
5.4774e+03, 1.3158e+00
5.4777e+03, 1.4272e+00
5.4780e+03, 1.5514e+00
5.4782e+03, 1.6888e+00
5.4785e+03, 1.8408e+00
5.4788e+03, 2.0085e+00
5.4790e+03, 2.1932e+00
5.4793e+03, 2.3941e+00
5.4796e+03, 2.6120e+00
5.4798e+03, 2.8466e+00
5.4801e+03, 3.1319e+00
5.4804e+03, 3.4340e+00
5.4810e+03, 4.0766e+00
5.4822e+03, 5.3433e+00
5.4827e+03, 5.7192e+00
5.4831e+03, 6.0095e+00
5.4836e+03, 6.1929e+00
5.4840e+03, 6.2557e+00
5.4843e+03, 6.2278e+00
5.4847e+03, 6.0855e+00
5.4852e+03, 5.8337e+00
5.4856e+03, 5.4895e+00
5.4860e+03, 5.0779e+00
5.4869e+03, 4.1516e+00
5.4878e+03, 3.2395e+00
5.4883e+03, 2.7393e+00
5.4888e+03, 2.3040e+00
5.4894e+03, 1.9368e+00
5.4899e+03, 1.6343e+00
5.4904e+03, 1.3879e+00
5.4910e+03, 1.1896e+00
5.4915e+03, 1.0296e+00
5.4921e+03, 9.0069e-01
5.4926e+03, 7.8956e-01
5.4932e+03, 6.9995e-01
5.4938e+03, 6.2671e-01
5.4943e+03, 5.6646e-01
5.4949e+03, 5.1623e-01
5.4955e+03, 4.7412e-01
5.4961e+03, 4.3846e-01
5.4966e+03, 4.0803e-01
5.4978e+03, 3.5931e-01
5.4989e+03, 3.2266e-01
5.5001e+03, 2.9471e-01
5.5012e+03, 2.7325e-01
5.5022e+03, 2.5856e-01
5.5032e+03, 2.4693e-01
5.5052e+03, 2.3073e-01
5.5072e+03, 2.2146e-01
5.5092e+03, 2.1734e-01
5.5108e+03, 2.1707e-01
5.5123e+03, 2.1908e-01
5.5155e+03, 2.2932e-01
5.5186e+03, 2.4754e-01
5.5218e+03, 2.7439e-01
5.5249e+03, 3.1160e-01
5.5265e+03, 3.3497e-01
5.5280e+03, 3.6221e-01
5.5296e+03, 3.9403e-01
5.5312e+03, 4.3127e-01
5.5328e+03, 4.7499e-01
5.5343e+03, 5.2664e-01
5.5359e+03, 5.8839e-01
5.5375e+03, 6.6302e-01
5.5390e+03, 7.5420e-01
5.5406e+03, 8.6694e-01
5.5422e+03, 1.0084e+00
5.5430e+03, 1.0931e+00
5.5438e+03, 1.1891e+00
5.5445e+03, 1.2989e+00
5.5453e+03, 1.4249e+00
5.5461e+03, 1.5706e+00
5.5469e+03, 1.7402e+00
5.5478e+03, 1.9594e+00
5.5486e+03, 2.2238e+00
5.5495e+03, 2.5472e+00
5.5503e+03, 2.9484e+00
5.5512e+03, 3.4548e+00
5.5516e+03, 3.7595e+00
5.5520e+03, 4.1058e+00
5.5525e+03, 4.5036e+00
5.5529e+03, 4.9605e+00
5.5533e+03, 5.4910e+00
5.5538e+03, 6.1069e+00
5.5541e+03, 6.6996e+00
5.5545e+03, 7.3766e+00
5.5548e+03, 8.1514e+00
5.5552e+03, 9.0391e+00
5.5555e+03, 1.0056e+01
5.5559e+03, 1.1218e+01
5.5563e+03, 1.2543e+01
5.5566e+03, 1.4046e+01
5.5570e+03, 1.5939e+01
5.5574e+03, 1.8074e+01
5.5578e+03, 2.0447e+01
5.5582e+03, 2.3029e+01
5.5586e+03, 2.5795e+01
5.5590e+03, 2.8668e+01
5.5594e+03, 3.1576e+01
5.5598e+03, 3.4402e+01
5.5603e+03, 3.8004e+01
5.5609e+03, 4.0885e+01
5.5614e+03, 4.2753e+01
5.5620e+03, 4.3397e+01
5.5626e+03, 4.2545e+01
5.5633e+03, 4.0132e+01
5.5637e+03, 3.7942e+01
5.5641e+03, 3.5379e+01
5.5649e+03, 2.9655e+01
5.5657e+03, 2.3895e+01
5.5665e+03, 1.8758e+01
5.5671e+03, 1.5226e+01
5.5675e+03, 1.3711e+01
5.5678e+03, 1.2355e+01
5.5681e+03, 1.1148e+01
5.5684e+03, 1.0078e+01
5.5688e+03, 9.1324e+00
5.5691e+03, 8.2980e+00
5.5694e+03, 7.5597e+00
5.5698e+03, 6.9101e+00
5.5701e+03, 6.3359e+00
5.5704e+03, 5.8272e+00
5.5711e+03, 4.9732e+00
5.5717e+03, 4.2918e+00
5.5723e+03, 3.7938e+00
5.5729e+03, 3.3781e+00
5.5735e+03, 3.0277e+00
5.5741e+03, 2.7298e+00
5.5747e+03, 2.4742e+00
5.5753e+03, 2.2534e+00
5.5759e+03, 2.0611e+00
5.5764e+03, 1.8928e+00
5.5776e+03, 1.6126e+00
5.5788e+03, 1.3906e+00
5.5800e+03, 1.2116e+00
5.5812e+03, 1.0654e+00
5.5822e+03, 9.5734e-01
5.5832e+03, 8.6512e-01
5.5843e+03, 7.8572e-01
5.5853e+03, 7.1688e-01
5.5864e+03, 6.5682e-01
5.5874e+03, 6.0415e-01
5.5895e+03, 5.1651e-01
5.5915e+03, 4.4671e-01
5.5936e+03, 3.9011e-01
5.5957e+03, 3.4396e-01
5.5978e+03, 3.0832e-01
5.5989e+03, 2.9501e-01
5.6000e+03, 2.8634e-01
5.6000e+03, 2.7938e-01
7.5000e+03, 2.3000e-01
9.0000e+03, 2.0180e-01
1.0000e+04, 1.9084e-01
5.0000e+04, 7.9456e-02
1.0000e+05, 5.3672e-02
3.9555e+05, 3.2548e-02
4.9423e+05, 2.7528e-02
4.9423e+05, 2.7528e-02
5.1877e+05, 2.5080e-02
5.1877e+05, 2.5080e-02
6.0000e+05, 2.1083e-02
7.0000e+05, 1.9079e-02
8.0000e+05, 1.6219e-02
9.2304e+05, 1.4315e-02
9.2304e+05, 1.4315e-02
9.7842e+05, 1.3399e-02
1.1231e+06, 1.2051e-02
1.1232e+06, 1.2050e-02
1.1251e+06, 1.2028e-02
1.2000e+06, 1.1097e-02
1.3000e+06, 1.0178e-02
1.4148e+06, 9.5124e-03
1.4148e+06, 9.5121e-03
1.4969e+06, 8.9491e-03
1.5149e+06, 8.5366e-03
1.5149e+06, 8.5364e-03
1.8000e+06, 7.2761e-03
2.0625e+06, 6.1668e-03
2.5000e+06, 5.1047e-03
3.0000e+06, 4.2471e-03
3.5000e+06, 3.4496e-03
4.0000e+06, 2.6198e-03
4.5000e+06, 2.0055e-03
5.0000e+06, 1.5421e-03
5.3360e+06, 1.2933e-03
5.5000e+06, 1.1876e-03
5.7230e+06, 1.0681e-03
6.0000e+06, 9.3676e-04
6.5000e+06, 7.4422e-04
7.0000e+06, 6.0234e-04
7.5000e+06, 5.0120e-04
7.9792e+06, 4.3529e-04
8.0000e+06, 4.3243e-04
8.7230e+06, 3.7909e-04
9.0000e+06, 3.7009e-04
9.4377e+06, 3.6609e-04
9.4377e+06, 3.6609e-04
9.8000e+06, 3.7057e-04
1.0000e+07, 3.7558e-04
1.1000e+07, 5.1658e-04
1.1418e+07, 6.3756e-04
1.2000e+07, 8.1673e-04
1.3000e+07, 9.4070e-04
1.3445e+07, 9.7658e-04
1.4000e+07, 1.0307e-03
1.5000e+07, 9.6520e-04
1.6000e+07, 8.9061e-04
1.7200e+07, 8.0392e-04
1.7200e+07, 8.0391e-04
1.8000e+07, 7.5283e-04
1.9000e+07, 7.3256e-04
2.0000e+07, 6.9349e-04
