ebin, xs
1.0000e-05, 1.5356e+02
1.0625e-05, 1.4897e+02
1.1250e-05, 1.4478e+02
1.1875e-05, 1.4091e+02
1.2500e-05, 1.3735e+02
1.3750e-05, 1.3096e+02
1.5000e-05, 1.2538e+02
1.6250e-05, 1.2046e+02
1.7500e-05, 1.1608e+02
1.8750e-05, 1.1214e+02
2.0000e-05, 1.0858e+02
2.1875e-05, 1.0382e+02
2.3750e-05, 9.9642e+01
2.5625e-05, 9.5927e+01
2.7500e-05, 9.2599e+01
2.9375e-05, 8.9595e+01
3.1250e-05, 8.6866e+01
3.3125e-05, 8.4371e+01
3.5000e-05, 8.2080e+01
3.8750e-05, 7.8008e+01
4.2500e-05, 7.4487e+01
4.6250e-05, 7.1403e+01
5.0000e-05, 6.8673e+01
5.3125e-05, 6.6623e+01
5.6250e-05, 6.4746e+01
5.9375e-05, 6.3019e+01
6.2500e-05, 6.1423e+01
6.8750e-05, 5.8565e+01
7.5000e-05, 5.6072e+01
8.1250e-05, 5.3872e+01
8.7500e-05, 5.1912e+01
9.3750e-05, 5.0152e+01
1.0000e-04, 4.8559e+01
1.0625e-04, 4.7110e+01
1.1250e-04, 4.5782e+01
1.1875e-04, 4.4561e+01
1.2500e-04, 4.3433e+01
1.3750e-04, 4.1412e+01
1.5000e-04, 3.9649e+01
1.6250e-04, 3.8093e+01
1.7500e-04, 3.6707e+01
1.8750e-04, 3.5463e+01
2.0000e-04, 3.4337e+01
2.1875e-04, 3.2832e+01
2.3750e-04, 3.1509e+01
2.5625e-04, 3.0335e+01
2.7500e-04, 2.9282e+01
2.9375e-04, 2.8332e+01
3.1250e-04, 2.7469e+01
3.3125e-04, 2.6681e+01
3.5000e-04, 2.5956e+01
3.8750e-04, 2.4668e+01
4.2500e-04, 2.3555e+01
4.6250e-04, 2.2580e+01
5.0000e-04, 2.1716e+01
5.3125e-04, 2.1068e+01
5.6250e-04, 2.0474e+01
5.9375e-04, 1.9928e+01
6.2500e-04, 1.9424e+01
6.8750e-04, 1.8520e+01
7.5000e-04, 1.7731e+01
8.1250e-04, 1.7036e+01
8.7500e-04, 1.6416e+01
9.3750e-04, 1.5859e+01
1.0000e-03, 1.5356e+01
1.0625e-03, 1.4897e+01
1.1250e-03, 1.4478e+01
1.1875e-03, 1.4091e+01
1.2500e-03, 1.3735e+01
1.3750e-03, 1.3095e+01
1.5000e-03, 1.2538e+01
1.6250e-03, 1.2046e+01
1.7500e-03, 1.1608e+01
1.8750e-03, 1.1214e+01
2.0000e-03, 1.0858e+01
2.1875e-03, 1.0382e+01
2.3750e-03, 9.9642e+00
2.5625e-03, 9.5927e+00
2.7500e-03, 9.2599e+00
2.9375e-03, 8.9595e+00
3.1250e-03, 8.6866e+00
3.3125e-03, 8.4372e+00
3.5000e-03, 8.2080e+00
3.8750e-03, 7.8008e+00
4.2500e-03, 7.4487e+00
4.6250e-03, 7.1403e+00
5.0000e-03, 6.8673e+00
5.3125e-03, 6.6622e+00
5.6250e-03, 6.4745e+00
5.9375e-03, 6.3018e+00
6.2500e-03, 6.1422e+00
6.8750e-03, 5.8563e+00
7.5000e-03, 5.6069e+00
8.1250e-03, 5.3869e+00
8.7500e-03, 5.1909e+00
9.3750e-03, 5.0149e+00
1.0000e-02, 4.8556e+00
1.0625e-02, 4.7106e+00
1.1250e-02, 4.5779e+00
1.1875e-02, 4.4558e+00
1.2500e-02, 4.3430e+00
1.3750e-02, 4.1409e+00
1.5000e-02, 3.9646e+00
1.6250e-02, 3.8090e+00
1.7500e-02, 3.6704e+00
1.8750e-02, 3.5458e+00
2.0000e-02, 3.4331e+00
2.1325e-02, 3.3247e+00
2.2650e-02, 3.2260e+00
2.3975e-02, 3.1356e+00
2.5300e-02, 3.0525e+00
2.6844e-02, 2.9635e+00
2.8387e-02, 2.8819e+00
3.1475e-02, 2.7370e+00
3.4563e-02, 2.6119e+00
3.7650e-02, 2.5024e+00
4.0738e-02, 2.4055e+00
4.3825e-02, 2.3191e+00
4.6913e-02, 2.2414e+00
5.0000e-02, 2.1710e+00
5.3125e-02, 2.1061e+00
5.6250e-02, 2.0468e+00
5.9375e-02, 1.9923e+00
6.2500e-02, 1.9419e+00
6.8750e-02, 1.8516e+00
7.5000e-02, 1.7727e+00
8.1250e-02, 1.7031e+00
8.7500e-02, 1.6410e+00
9.3750e-02, 1.5852e+00
1.0000e-01, 1.5348e+00
1.0625e-01, 1.4889e+00
1.1250e-01, 1.4469e+00
1.1875e-01, 1.4084e+00
1.2500e-01, 1.3728e+00
1.3750e-01, 1.3090e+00
1.5000e-01, 1.2532e+00
1.6250e-01, 1.2039e+00
1.7500e-01, 1.1600e+00
1.8750e-01, 1.1206e+00
2.0000e-01, 1.0850e+00
2.1875e-01, 1.0374e+00
2.3750e-01, 9.9553e-01
2.5625e-01, 9.5829e-01
2.7500e-01, 9.2494e-01
2.9375e-01, 8.9484e-01
3.1250e-01, 8.6749e-01
3.3125e-01, 8.4253e-01
3.5000e-01, 8.1974e-01
3.8750e-01, 7.7907e-01
4.2500e-01, 7.4373e-01
5.0000e-01, 6.8556e-01
6.2500e-01, 6.1289e-01
7.5000e-01, 5.5912e-01
8.7500e-01, 5.1748e-01
1.0000e+00, 4.8390e-01
1.2500e+00, 4.3229e-01
1.5000e+00, 3.9419e-01
1.7500e+00, 3.6463e-01
2.0000e+00, 3.4076e-01
2.3750e+00, 3.1224e-01
2.7500e+00, 2.8978e-01
3.1250e+00, 2.7142e-01
3.5000e+00, 2.5607e-01
4.2500e+00, 2.3169e-01
5.0000e+00, 2.1299e-01
6.2500e+00, 1.8959e-01
7.5000e+00, 1.7223e-01
8.7500e+00, 1.5871e-01
1.0000e+01, 1.4776e-01
1.2500e+01, 1.3090e-01
1.5000e+01, 1.1837e-01
1.7500e+01, 1.0857e-01
2.0000e+01, 1.0062e-01
2.3750e+01, 9.1061e-02
2.7500e+01, 8.3473e-02
3.1250e+01, 7.7242e-02
3.5000e+01, 7.2005e-02
4.2500e+01, 6.3621e-02
5.0000e+01, 5.7137e-02
5.6250e+01, 5.2723e-02
6.2500e+01, 4.8967e-02
7.5000e+01, 4.2879e-02
8.7500e+01, 3.8127e-02
1.0000e+02, 3.4291e-02
1.1250e+02, 3.1117e-02
1.2500e+02, 2.8442e-02
1.3750e+02, 2.6155e-02
1.5000e+02, 2.4176e-02
1.7500e+02, 2.0924e-02
2.0000e+02, 1.8366e-02
2.1875e+02, 1.6782e-02
2.3750e+02, 1.5424e-02
2.5625e+02, 1.4248e-02
2.7500e+02, 1.3223e-02
3.1250e+02, 1.1535e-02
3.5000e+02, 1.0216e-02
3.8750e+02, 9.1760e-03
4.2500e+02, 8.3521e-03
4.6250e+02, 7.7025e-03
5.0000e+02, 7.1984e-03
5.3125e+02, 6.8756e-03
5.6250e+02, 6.6342e-03
5.9375e+02, 6.4710e-03
6.2500e+02, 6.3864e-03
6.5625e+02, 6.3849e-03
6.8750e+02, 6.4756e-03
7.1875e+02, 6.6741e-03
7.5000e+02, 7.0053e-03
7.8125e+02, 7.5083e-03
8.1250e+02, 8.2434e-03
8.2812e+02, 8.7270e-03
8.4375e+02, 9.3113e-03
8.5938e+02, 1.0019e-02
8.7500e+02, 1.0882e-02
8.8965e+02, 1.1871e-02
9.0430e+02, 1.3086e-02
9.1895e+02, 1.4592e-02
9.3359e+02, 1.6484e-02
9.4092e+02, 1.7570e-02
9.4824e+02, 1.8839e-02
9.5557e+02, 2.0284e-02
9.6289e+02, 2.1938e-02
9.7021e+02, 2.3844e-02
9.7754e+02, 2.6054e-02
9.8486e+02, 2.8638e-02
9.9219e+02, 3.1689e-02
1.0000e+03, 3.5575e-02
1.0001e+03, 3.5636e-02
1.0006e+03, 3.5872e-02
1.0010e+03, 3.6114e-02
1.0019e+03, 3.6611e-02
1.0036e+03, 3.7648e-02
1.0099e+03, 4.1900e-02
1.0163e+03, 4.6843e-02
1.0226e+03, 5.2772e-02
1.0289e+03, 5.9979e-02
1.0352e+03, 6.8944e-02
1.0416e+03, 8.0249e-02
1.0447e+03, 8.7015e-02
1.0479e+03, 9.4700e-02
1.0510e+03, 1.0349e-01
1.0542e+03, 1.1362e-01
1.0578e+03, 1.2721e-01
1.0614e+03, 1.4339e-01
1.0628e+03, 1.5055e-01
1.0642e+03, 1.5833e-01
1.0657e+03, 1.6672e-01
1.0671e+03, 1.7583e-01
1.0678e+03, 1.8069e-01
1.0685e+03, 1.8575e-01
1.0692e+03, 1.9104e-01
1.0699e+03, 1.9655e-01
1.0706e+03, 2.0231e-01
1.0713e+03, 2.0833e-01
1.0720e+03, 2.1463e-01
1.0727e+03, 2.2120e-01
1.0732e+03, 2.2559e-01
1.0734e+03, 2.2783e-01
1.0736e+03, 2.3011e-01
1.0740e+03, 2.3418e-01
1.0744e+03, 2.3836e-01
1.0748e+03, 2.4265e-01
1.0752e+03, 2.4707e-01
1.0760e+03, 2.5626e-01
1.0764e+03, 2.6106e-01
1.0768e+03, 2.6599e-01
1.0774e+03, 2.7403e-01
1.0780e+03, 2.8245e-01
1.0786e+03, 2.9127e-01
1.0793e+03, 3.0052e-01
1.0799e+03, 3.1022e-01
1.0805e+03, 3.2040e-01
1.0811e+03, 3.3110e-01
1.0817e+03, 3.4235e-01
1.0823e+03, 3.5256e-01
1.0828e+03, 3.6323e-01
1.0834e+03, 3.7440e-01
1.0839e+03, 3.8609e-01
1.0844e+03, 3.9836e-01
1.0850e+03, 4.1120e-01
1.0855e+03, 4.2467e-01
1.0860e+03, 4.3882e-01
1.0866e+03, 4.5373e-01
1.0871e+03, 4.6938e-01
1.0876e+03, 4.8587e-01
1.0882e+03, 5.0324e-01
1.0893e+03, 5.4098e-01
1.0903e+03, 5.8311e-01
1.0910e+03, 6.0982e-01
1.0916e+03, 6.3843e-01
1.0922e+03, 6.6911e-01
1.0928e+03, 7.0206e-01
1.0934e+03, 7.3753e-01
1.0941e+03, 7.7577e-01
1.0947e+03, 8.1708e-01
1.0953e+03, 8.6180e-01
1.0959e+03, 9.1030e-01
1.0965e+03, 9.6303e-01
1.0972e+03, 1.0205e+00
1.0978e+03, 1.0833e+00
1.0984e+03, 1.1521e+00
1.0990e+03, 1.2276e+00
1.0996e+03, 1.3109e+00
1.1003e+03, 1.4029e+00
1.1011e+03, 1.5449e+00
1.1020e+03, 1.7096e+00
1.1028e+03, 1.9018e+00
1.1037e+03, 2.1276e+00
1.1045e+03, 2.3960e+00
1.1053e+03, 2.7190e+00
1.1058e+03, 2.9059e+00
1.1062e+03, 3.1122e+00
1.1066e+03, 3.3412e+00
1.1070e+03, 3.5961e+00
1.1077e+03, 4.0262e+00
1.1083e+03, 4.5373e+00
1.1089e+03, 5.1507e+00
1.1095e+03, 5.8949e+00
1.1098e+03, 6.3284e+00
1.1101e+03, 6.8087e+00
1.1105e+03, 7.3461e+00
1.1108e+03, 7.9456e+00
1.1111e+03, 8.6212e+00
1.1114e+03, 9.3804e+00
1.1117e+03, 1.0239e+01
1.1120e+03, 1.1215e+01
1.1124e+03, 1.2662e+01
1.1128e+03, 1.4379e+01
1.1132e+03, 1.6431e+01
1.1136e+03, 1.8894e+01
1.1140e+03, 2.1867e+01
1.1144e+03, 2.5427e+01
1.1148e+03, 2.9666e+01
1.1152e+03, 3.4632e+01
1.1155e+03, 3.9681e+01
1.1159e+03, 4.5188e+01
1.1166e+03, 5.6603e+01
1.1169e+03, 6.1745e+01
1.1173e+03, 6.5881e+01
1.1176e+03, 6.8563e+01
1.1180e+03, 6.9473e+01
1.1182e+03, 6.9036e+01
1.1185e+03, 6.7789e+01
1.1187e+03, 6.5798e+01
1.1189e+03, 6.3168e+01
1.1194e+03, 5.6521e+01
1.1199e+03, 4.8961e+01
1.1203e+03, 4.1456e+01
1.1208e+03, 3.4642e+01
1.1213e+03, 2.8809e+01
1.1218e+03, 2.3993e+01
1.1222e+03, 2.0056e+01
1.1227e+03, 1.6906e+01
1.1232e+03, 1.4374e+01
1.1237e+03, 1.2337e+01
1.1241e+03, 1.0680e+01
1.1246e+03, 9.3242e+00
1.1251e+03, 8.2036e+00
1.1256e+03, 7.2689e+00
1.1260e+03, 6.5145e+00
1.1265e+03, 5.8695e+00
1.1269e+03, 5.3136e+00
1.1274e+03, 4.8322e+00
1.1278e+03, 4.4110e+00
1.1283e+03, 4.0417e+00
1.1287e+03, 3.7162e+00
1.1292e+03, 3.4286e+00
1.1301e+03, 2.9435e+00
1.1310e+03, 2.5542e+00
1.1319e+03, 2.2368e+00
1.1328e+03, 1.9750e+00
1.1337e+03, 1.7663e+00
1.1345e+03, 1.5898e+00
1.1354e+03, 1.4380e+00
1.1362e+03, 1.3063e+00
1.1371e+03, 1.1915e+00
1.1380e+03, 1.0912e+00
1.1388e+03, 1.0031e+00
1.1397e+03, 9.2513e-01
1.1414e+03, 7.9412e-01
1.1431e+03, 6.8909e-01
1.1449e+03, 6.0353e-01
1.1466e+03, 5.3298e-01
1.1487e+03, 4.6347e-01
1.1507e+03, 4.0714e-01
1.1526e+03, 3.6427e-01
1.1545e+03, 3.2733e-01
1.1564e+03, 2.9568e-01
1.1583e+03, 2.6852e-01
1.1602e+03, 2.4492e-01
1.1621e+03, 2.2424e-01
1.1640e+03, 2.0615e-01
1.1659e+03, 1.9017e-01
1.1697e+03, 1.6328e-01
1.1735e+03, 1.4176e-01
1.1773e+03, 1.2426e-01
1.1811e+03, 1.0982e-01
1.1845e+03, 9.8799e-02
1.1880e+03, 8.9568e-02
1.1914e+03, 8.1382e-02
1.1949e+03, 7.4417e-02
1.1983e+03, 6.8138e-02
1.2018e+03, 6.2772e-02
1.2087e+03, 5.3707e-02
1.2156e+03, 4.6585e-02
1.2225e+03, 4.0839e-02
1.2294e+03, 3.6114e-02
1.2363e+03, 3.2207e-02
1.2428e+03, 2.9112e-02
1.2494e+03, 2.6487e-02
1.2625e+03, 2.2319e-02
1.2756e+03, 1.9171e-02
1.2887e+03, 1.6824e-02
1.3018e+03, 1.5034e-02
1.3084e+03, 1.4284e-02
1.3149e+03, 1.3683e-02
1.3280e+03, 1.2702e-02
1.3411e+03, 1.2063e-02
1.3522e+03, 1.1799e-02
1.3608e+03, 1.1790e-02
1.3694e+03, 1.1973e-02
1.3780e+03, 1.2334e-02
1.3867e+03, 1.3030e-02
1.3953e+03, 1.4137e-02
1.3996e+03, 1.4914e-02
1.4039e+03, 1.5868e-02
1.4082e+03, 1.7042e-02
1.4125e+03, 1.8516e-02
1.4168e+03, 2.0408e-02
1.4211e+03, 2.2734e-02
1.4239e+03, 2.4612e-02
1.4267e+03, 2.6844e-02
1.4294e+03, 2.9523e-02
1.4322e+03, 3.2768e-02
1.4349e+03, 3.6748e-02
1.4377e+03, 4.1692e-02
1.4405e+03, 4.7933e-02
1.4432e+03, 5.5875e-02
1.4450e+03, 6.2362e-02
1.4468e+03, 7.0273e-02
1.4487e+03, 7.9966e-02
1.4505e+03, 9.2005e-02
1.4523e+03, 1.0723e-01
1.4532e+03, 1.1640e-01
1.4541e+03, 1.2685e-01
1.4550e+03, 1.3887e-01
1.4559e+03, 1.5271e-01
1.4568e+03, 1.6874e-01
1.4577e+03, 1.8755e-01
1.4587e+03, 2.1109e-01
1.4596e+03, 2.3957e-01
1.4606e+03, 2.7450e-01
1.4615e+03, 3.1788e-01
1.4625e+03, 3.7282e-01
1.4629e+03, 4.0588e-01
1.4634e+03, 4.4365e-01
1.4639e+03, 4.8714e-01
1.4643e+03, 5.3734e-01
1.4648e+03, 5.9588e-01
1.4653e+03, 6.6476e-01
1.4657e+03, 7.2689e-01
1.4660e+03, 7.9824e-01
1.4664e+03, 8.8127e-01
1.4668e+03, 9.7816e-01
1.4669e+03, 1.0333e+00
1.4671e+03, 1.0930e+00
1.4673e+03, 1.1582e+00
1.4675e+03, 1.2298e+00
1.4677e+03, 1.3090e+00
1.4679e+03, 1.3959e+00
1.4680e+03, 1.4923e+00
1.4682e+03, 1.5997e+00
1.4683e+03, 1.6617e+00
1.4684e+03, 1.7276e+00
1.4685e+03, 1.7977e+00
1.4686e+03, 1.8726e+00
1.4687e+03, 1.9672e+00
1.4688e+03, 2.0689e+00
1.4690e+03, 2.1795e+00
1.4691e+03, 2.3001e+00
1.4692e+03, 2.4334e+00
1.4693e+03, 2.5787e+00
1.4694e+03, 2.7391e+00
1.4695e+03, 2.9171e+00
1.4696e+03, 3.0198e+00
1.4696e+03, 3.1268e+00
1.4698e+03, 3.3611e+00
1.4698e+03, 3.4919e+00
1.4699e+03, 3.6291e+00
1.4699e+03, 3.7757e+00
1.4700e+03, 3.9324e+00
1.4701e+03, 4.1031e+00
1.4701e+03, 4.2833e+00
1.4702e+03, 4.4769e+00
1.4702e+03, 4.6850e+00
1.4703e+03, 4.9131e+00
1.4704e+03, 5.1550e+00
1.4704e+03, 5.4161e+00
1.4705e+03, 5.6981e+00
1.4705e+03, 6.0084e+00
1.4706e+03, 6.3387e+00
1.4707e+03, 6.6963e+00
1.4707e+03, 7.0836e+00
1.4708e+03, 7.5107e+00
1.4708e+03, 7.9660e+00
1.4709e+03, 8.9938e+00
1.4711e+03, 1.0211e+01
1.4712e+03, 1.1624e+01
1.4713e+03, 1.3287e+01
1.4714e+03, 1.5204e+01
1.4715e+03, 1.7437e+01
1.4717e+03, 2.0001e+01
1.4718e+03, 2.2923e+01
1.4719e+03, 2.6193e+01
1.4720e+03, 2.9880e+01
1.4721e+03, 3.3924e+01
1.4723e+03, 3.8383e+01
1.4724e+03, 4.3158e+01
1.4726e+03, 5.1205e+01
1.4727e+03, 5.9723e+01
1.4731e+03, 7.6901e+01
1.4733e+03, 8.6786e+01
1.4736e+03, 9.4473e+01
1.4738e+03, 9.8840e+01
1.4740e+03, 1.0033e+02
1.4741e+03, 1.0023e+02
1.4742e+03, 9.8729e+01
1.4744e+03, 9.5550e+01
1.4745e+03, 9.0867e+01
1.4747e+03, 8.4939e+01
1.4749e+03, 7.7187e+01
1.4751e+03, 6.8731e+01
1.4754e+03, 5.1556e+01
1.4756e+03, 4.4715e+01
1.4757e+03, 3.8421e+01
1.4759e+03, 3.2688e+01
1.4761e+03, 2.7640e+01
1.4762e+03, 2.3222e+01
1.4764e+03, 1.9468e+01
1.4765e+03, 1.6284e+01
1.4767e+03, 1.3651e+01
1.4768e+03, 1.1468e+01
1.4770e+03, 9.6855e+00
1.4771e+03, 8.2371e+00
1.4773e+03, 7.0702e+00
1.4774e+03, 6.1174e+00
1.4776e+03, 5.3474e+00
1.4778e+03, 4.7136e+00
1.4779e+03, 4.1949e+00
1.4781e+03, 3.7612e+00
1.4782e+03, 3.3974e+00
1.4784e+03, 3.0892e+00
1.4785e+03, 2.8271e+00
1.4787e+03, 2.5990e+00
1.4788e+03, 2.4013e+00
1.4791e+03, 2.0724e+00
1.4794e+03, 1.8210e+00
1.4797e+03, 1.6159e+00
1.4800e+03, 1.4452e+00
1.4803e+03, 1.3012e+00
1.4806e+03, 1.1784e+00
1.4809e+03, 1.0727e+00
1.4812e+03, 9.8094e-01
1.4815e+03, 9.0072e-01
1.4821e+03, 7.6775e-01
1.4827e+03, 6.6269e-01
1.4833e+03, 5.7816e-01
1.4839e+03, 5.0912e-01
1.4844e+03, 4.5697e-01
1.4849e+03, 4.1263e-01
1.4855e+03, 3.7457e-01
1.4860e+03, 3.4162e-01
1.4865e+03, 3.1286e-01
1.4871e+03, 2.8760e-01
1.4881e+03, 2.4552e-01
1.4892e+03, 2.1216e-01
1.4903e+03, 1.8526e-01
1.4913e+03, 1.6326e-01
1.4924e+03, 1.4503e-01
1.4933e+03, 1.3199e-01
1.4942e+03, 1.2069e-01
1.4951e+03, 1.1084e-01
1.4960e+03, 1.0222e-01
1.4972e+03, 9.1967e-02
1.4985e+03, 8.3168e-02
1.4997e+03, 7.5596e-02
1.5010e+03, 6.9054e-02
1.5022e+03, 6.3355e-02
1.5034e+03, 5.8368e-02
1.5059e+03, 5.0080e-02
1.5084e+03, 4.3519e-02
1.5108e+03, 3.8238e-02
1.5133e+03, 3.3922e-02
1.5158e+03, 3.0349e-02
1.5176e+03, 2.8144e-02
1.5203e+03, 2.5304e-02
1.5230e+03, 2.2886e-02
1.5257e+03, 2.0825e-02
1.5284e+03, 1.9064e-02
1.5338e+03, 1.6234e-02
1.5392e+03, 1.4058e-02
1.5446e+03, 1.2360e-02
1.5500e+03, 1.0998e-02
1.5554e+03, 9.9125e-03
1.5608e+03, 8.9863e-03
1.5680e+03, 7.9925e-03
1.5752e+03, 7.1933e-03
1.5823e+03, 6.5391e-03
1.5895e+03, 5.9955e-03
1.6039e+03, 5.1483e-03
1.6183e+03, 4.5206e-03
1.6327e+03, 4.0369e-03
1.6471e+03, 3.6547e-03
1.6759e+03, 3.0900e-03
1.6957e+03, 2.8071e-03
1.7154e+03, 2.5851e-03
1.7352e+03, 2.3907e-03
1.7550e+03, 2.2419e-03
1.7946e+03, 2.0172e-03
1.8342e+03, 1.9110e-03
1.8548e+03, 1.9485e-03
1.8755e+03, 2.1283e-03
1.8859e+03, 2.3695e-03
1.8962e+03, 2.8738e-03
1.9014e+03, 3.3446e-03
1.9066e+03, 4.0306e-03
1.9117e+03, 5.3180e-03
1.9143e+03, 6.3756e-03
1.9169e+03, 7.8662e-03
1.9191e+03, 9.8366e-03
1.9214e+03, 1.2955e-02
1.9236e+03, 1.8231e-02
1.9248e+03, 2.2310e-02
1.9259e+03, 2.8042e-02
1.9267e+03, 3.3657e-02
1.9275e+03, 4.1393e-02
1.9283e+03, 5.2477e-02
1.9290e+03, 6.9403e-02
1.9294e+03, 8.1827e-02
1.9298e+03, 9.9195e-02
1.9302e+03, 1.2618e-01
1.9304e+03, 1.4622e-01
1.9306e+03, 1.7339e-01
1.9308e+03, 2.1150e-01
1.9310e+03, 2.6567e-01
1.9312e+03, 3.4331e-01
1.9314e+03, 4.5397e-01
1.9315e+03, 5.2664e-01
1.9316e+03, 6.1227e-01
1.9317e+03, 7.1379e-01
1.9318e+03, 8.3366e-01
1.9319e+03, 9.7612e-01
1.9320e+03, 1.1412e+00
1.9321e+03, 1.3332e+00
1.9322e+03, 1.5554e+00
1.9323e+03, 1.8136e+00
1.9324e+03, 2.1059e+00
1.9325e+03, 2.4412e+00
1.9326e+03, 2.8156e+00
1.9327e+03, 3.2391e+00
1.9328e+03, 3.7050e+00
1.9329e+03, 4.2186e+00
1.9330e+03, 4.7804e+00
1.9332e+03, 6.0522e+00
1.9334e+03, 7.4982e+00
1.9338e+03, 1.0735e+01
1.9341e+03, 1.3201e+01
1.9344e+03, 1.5363e+01
1.9345e+03, 1.6269e+01
1.9347e+03, 1.6959e+01
1.9348e+03, 1.7463e+01
1.9350e+03, 1.7602e+01
1.9352e+03, 1.7418e+01
1.9354e+03, 1.6837e+01
1.9355e+03, 1.5985e+01
1.9357e+03, 1.4886e+01
1.9361e+03, 1.2307e+01
1.9364e+03, 9.4986e+00
1.9366e+03, 7.6942e+00
1.9368e+03, 6.0551e+00
1.9369e+03, 5.3160e+00
1.9370e+03, 4.6362e+00
1.9372e+03, 4.0177e+00
1.9373e+03, 3.4655e+00
1.9374e+03, 2.9685e+00
1.9375e+03, 2.5295e+00
1.9376e+03, 2.1453e+00
1.9377e+03, 1.8121e+00
1.9378e+03, 1.5255e+00
1.9379e+03, 1.2811e+00
1.9380e+03, 1.0741e+00
1.9382e+03, 9.0148e-01
1.9383e+03, 7.3706e-01
1.9384e+03, 6.0429e-01
1.9385e+03, 4.9778e-01
1.9387e+03, 4.1341e-01
1.9388e+03, 3.4576e-01
1.9389e+03, 2.9213e-01
1.9390e+03, 2.4963e-01
1.9392e+03, 2.1613e-01
1.9394e+03, 1.7773e-01
1.9396e+03, 1.5014e-01
1.9399e+03, 1.1428e-01
1.9403e+03, 9.2427e-02
1.9407e+03, 7.7553e-02
1.9415e+03, 5.8003e-02
1.9422e+03, 4.5515e-02
1.9430e+03, 3.6839e-02
1.9437e+03, 3.0540e-02
1.9453e+03, 2.2207e-02
1.9468e+03, 1.7053e-02
1.9483e+03, 1.3558e-02
1.9498e+03, 1.1110e-02
1.9513e+03, 9.3728e-03
1.9544e+03, 7.0706e-03
1.9574e+03, 5.5714e-03
1.9635e+03, 3.9015e-03
1.9696e+03, 3.0746e-03
1.9757e+03, 2.5484e-03
1.9878e+03, 2.0014e-03
2.0000e+03, 1.7112e-03
2.0181e+03, 1.4813e-03
2.0362e+03, 1.3485e-03
2.0791e+03, 1.1754e-03
2.1220e+03, 1.0722e-03
2.2079e+03, 9.4038e-04
2.2937e+03, 8.5035e-04
2.3796e+03, 7.8523e-04
2.5513e+03, 6.9604e-04
2.7231e+03, 6.4513e-04
2.8677e+03, 6.3126e-04
2.9338e+03, 6.3990e-04
3.0000e+03, 6.9290e-04
3.0319e+03, 1.6440e-03
3.0637e+03, 2.6842e-03
3.0797e+03, 3.2263e-03
3.0956e+03, 3.8841e-03
3.1115e+03, 4.7898e-03
3.1195e+03, 5.4896e-03
3.1275e+03, 6.5681e-03
3.1324e+03, 7.7288e-03
3.1373e+03, 9.7319e-03
3.1413e+03, 1.2878e-02
3.1433e+03, 1.5637e-02
3.1452e+03, 1.9974e-02
3.1472e+03, 2.7351e-02
3.1482e+03, 3.3356e-02
3.1492e+03, 4.2418e-02
3.1502e+03, 5.7933e-02
3.1507e+03, 7.1634e-02
3.1512e+03, 9.5551e-02
3.1515e+03, 1.1496e-01
3.1517e+03, 1.4285e-01
3.1520e+03, 1.8344e-01
3.1522e+03, 2.4270e-01
3.1525e+03, 3.2885e-01
3.1527e+03, 4.5274e-01
3.1528e+03, 5.3336e-01
3.1530e+03, 6.2808e-01
3.1531e+03, 7.3961e-01
3.1532e+03, 8.7024e-01
3.1534e+03, 1.0626e+00
3.1535e+03, 1.2912e+00
3.1537e+03, 1.5617e+00
3.1538e+03, 1.8785e+00
3.1540e+03, 2.2482e+00
3.1541e+03, 2.6693e+00
3.1543e+03, 3.1462e+00
3.1544e+03, 3.6798e+00
3.1546e+03, 4.2737e+00
3.1547e+03, 4.9174e+00
3.1551e+03, 6.3447e+00
3.1557e+03, 9.4879e+00
3.1560e+03, 1.1155e+01
3.1564e+03, 1.2505e+01
3.1567e+03, 1.3326e+01
3.1569e+03, 1.3573e+01
3.1570e+03, 1.3607e+01
3.1572e+03, 1.3519e+01
3.1574e+03, 1.3224e+01
3.1576e+03, 1.2734e+01
3.1578e+03, 1.2074e+01
3.1580e+03, 1.0978e+01
3.1583e+03, 9.7104e+00
3.1588e+03, 7.0057e+00
3.1591e+03, 5.5646e+00
3.1594e+03, 4.2797e+00
3.1596e+03, 3.7079e+00
3.1597e+03, 3.1918e+00
3.1598e+03, 2.7281e+00
3.1600e+03, 2.3160e+00
3.1601e+03, 1.9909e+00
3.1603e+03, 1.7034e+00
3.1604e+03, 1.4512e+00
3.1605e+03, 1.2317e+00
3.1606e+03, 1.0421e+00
3.1608e+03, 8.7945e-01
3.1610e+03, 6.7215e-01
3.1612e+03, 5.1327e-01
3.1614e+03, 3.9319e-01
3.1616e+03, 3.0390e-01
3.1618e+03, 2.3749e-01
3.1620e+03, 1.8890e-01
3.1622e+03, 1.5311e-01
3.1624e+03, 1.2698e-01
3.1628e+03, 9.3103e-02
3.1632e+03, 7.3646e-02
3.1641e+03, 5.3004e-02
3.1649e+03, 4.1765e-02
3.1657e+03, 3.4396e-02
3.1673e+03, 2.5304e-02
3.1690e+03, 2.0046e-02
3.1706e+03, 1.6663e-02
3.1739e+03, 1.2775e-02
3.1781e+03, 1.0319e-02
3.1823e+03, 9.0346e-03
3.1885e+03, 8.1202e-03
3.1948e+03, 7.6523e-03
3.2074e+03, 7.3799e-03
3.2247e+03, 7.5327e-03
3.2420e+03, 7.9046e-03
3.2765e+03, 8.7473e-03
3.3457e+03, 1.0668e-02
3.4840e+03, 1.4670e-02
3.7605e+03, 2.2866e-02
3.9282e+03, 2.8068e-02
4.0120e+03, 3.0872e-02
4.0958e+03, 3.4032e-02
4.1377e+03, 3.5969e-02
4.1796e+03, 3.8639e-02
4.1890e+03, 3.9572e-02
4.1985e+03, 4.0928e-02
4.2032e+03, 4.1957e-02
4.2079e+03, 4.3518e-02
4.2126e+03, 4.6306e-02
4.2150e+03, 4.8708e-02
4.2173e+03, 5.2372e-02
4.2193e+03, 5.7634e-02
4.2212e+03, 6.7642e-02
4.2222e+03, 7.7341e-02
4.2227e+03, 8.5475e-02
4.2232e+03, 9.8709e-02
4.2237e+03, 1.2245e-01
4.2242e+03, 1.6767e-01
4.2244e+03, 2.0434e-01
4.2247e+03, 2.5494e-01
4.2249e+03, 3.2477e-01
4.2252e+03, 4.1925e-01
4.2254e+03, 5.2262e-01
4.2256e+03, 6.5321e-01
4.2258e+03, 8.1622e-01
4.2260e+03, 1.0160e+00
4.2262e+03, 1.2601e+00
4.2264e+03, 1.5512e+00
4.2266e+03, 1.8966e+00
4.2268e+03, 2.2963e+00
4.2270e+03, 2.7560e+00
4.2272e+03, 3.2710e+00
4.2274e+03, 3.8433e+00
4.2276e+03, 4.4618e+00
4.2284e+03, 7.2116e+00
4.2289e+03, 8.7101e+00
4.2292e+03, 9.3340e+00
4.2294e+03, 9.8313e+00
4.2297e+03, 1.0257e+01
4.2299e+03, 1.0370e+01
4.2300e+03, 1.0390e+01
4.2302e+03, 1.0330e+01
4.2304e+03, 1.0122e+01
4.2307e+03, 9.7141e+00
4.2309e+03, 9.1464e+00
4.2314e+03, 7.8593e+00
4.2318e+03, 6.3775e+00
4.2322e+03, 4.8885e+00
4.2325e+03, 4.1941e+00
4.2327e+03, 3.5511e+00
4.2328e+03, 3.1184e+00
4.2330e+03, 2.7227e+00
4.2332e+03, 2.3624e+00
4.2333e+03, 2.0375e+00
4.2335e+03, 1.7459e+00
4.2336e+03, 1.4897e+00
4.2338e+03, 1.2653e+00
4.2340e+03, 1.0705e+00
4.2341e+03, 9.0194e-01
4.2343e+03, 7.5901e-01
4.2344e+03, 6.3800e-01
4.2346e+03, 5.3633e-01
4.2348e+03, 4.5104e-01
4.2349e+03, 3.8086e-01
4.2352e+03, 2.7580e-01
4.2356e+03, 2.0586e-01
4.2359e+03, 1.6027e-01
4.2362e+03, 1.3055e-01
4.2365e+03, 1.1120e-01
4.2372e+03, 8.9460e-02
4.2378e+03, 7.8410e-02
4.2391e+03, 6.7072e-02
4.2404e+03, 6.0903e-02
4.2429e+03, 5.4326e-02
4.2455e+03, 5.1088e-02
4.2493e+03, 4.8774e-02
4.2532e+03, 4.7686e-02
4.2609e+03, 4.7255e-02
4.2750e+03, 4.8695e-02
4.2891e+03, 5.1612e-02
4.3032e+03, 5.6111e-02
4.3102e+03, 5.9215e-02
4.3173e+03, 6.3145e-02
4.3250e+03, 6.8784e-02
4.3327e+03, 7.6440e-02
4.3388e+03, 8.4712e-02
4.3418e+03, 8.9916e-02
4.3449e+03, 9.6042e-02
4.3479e+03, 1.0333e-01
4.3509e+03, 1.1209e-01
4.3525e+03, 1.1713e-01
4.3540e+03, 1.2270e-01
4.3555e+03, 1.2890e-01
4.3570e+03, 1.3584e-01
4.3583e+03, 1.4233e-01
4.3596e+03, 1.4948e-01
4.3609e+03, 1.5741e-01
4.3615e+03, 1.6170e-01
4.3622e+03, 1.6622e-01
4.3630e+03, 1.7288e-01
4.3639e+03, 1.8006e-01
4.3648e+03, 1.8785e-01
4.3657e+03, 1.9631e-01
4.3666e+03, 2.0552e-01
4.3674e+03, 2.1555e-01
4.3683e+03, 2.2652e-01
4.3692e+03, 2.3855e-01
4.3701e+03, 2.5180e-01
4.3705e+03, 2.5893e-01
4.3710e+03, 2.6641e-01
4.3714e+03, 2.7429e-01
4.3719e+03, 2.8259e-01
4.3723e+03, 2.9135e-01
4.3727e+03, 3.0056e-01
4.3732e+03, 3.1032e-01
4.3736e+03, 3.2063e-01
4.3741e+03, 3.3155e-01
4.3745e+03, 3.4308e-01
4.3749e+03, 3.5535e-01
4.3754e+03, 3.6835e-01
4.3763e+03, 3.9692e-01
4.3771e+03, 4.2943e-01
4.3780e+03, 4.6656e-01
4.3789e+03, 5.0932e-01
4.3793e+03, 5.3317e-01
4.3798e+03, 5.5882e-01
4.3802e+03, 5.8659e-01
4.3807e+03, 6.1666e-01
4.3811e+03, 6.4929e-01
4.3816e+03, 6.8469e-01
4.3820e+03, 7.2337e-01
4.3824e+03, 7.6554e-01
4.3829e+03, 8.1186e-01
4.3833e+03, 8.6264e-01
4.3841e+03, 9.6326e-01
4.3845e+03, 1.0206e+00
4.3848e+03, 1.0833e+00
4.3852e+03, 1.1524e+00
4.3856e+03, 1.2284e+00
4.3860e+03, 1.3125e+00
4.3864e+03, 1.4057e+00
4.3867e+03, 1.5096e+00
4.3871e+03, 1.6256e+00
4.3875e+03, 1.7558e+00
4.3879e+03, 1.9019e+00
4.3883e+03, 2.0675e+00
4.3886e+03, 2.2548e+00
4.3890e+03, 2.4687e+00
4.3894e+03, 2.7125e+00
4.3898e+03, 3.0402e+00
4.3903e+03, 3.4250e+00
4.3907e+03, 3.8770e+00
4.3912e+03, 4.4058e+00
4.3916e+03, 5.0246e+00
4.3920e+03, 5.7396e+00
4.3925e+03, 6.5596e+00
4.3929e+03, 7.4803e+00
4.3934e+03, 8.6608e+00
4.3939e+03, 9.9326e+00
4.3950e+03, 1.2505e+01
4.3955e+03, 1.3634e+01
4.3960e+03, 1.4529e+01
4.3965e+03, 1.5105e+01
4.3970e+03, 1.5303e+01
4.3973e+03, 1.5207e+01
4.3978e+03, 1.4767e+01
4.3983e+03, 1.4011e+01
4.3988e+03, 1.3005e+01
4.3993e+03, 1.1839e+01
4.4003e+03, 9.3468e+00
4.4008e+03, 8.1603e+00
4.4013e+03, 7.0729e+00
4.4019e+03, 5.8616e+00
4.4025e+03, 4.8566e+00
4.4028e+03, 4.4264e+00
4.4031e+03, 4.0421e+00
4.4037e+03, 3.3905e+00
4.4044e+03, 2.8712e+00
4.4050e+03, 2.4561e+00
4.4056e+03, 2.1221e+00
4.4062e+03, 1.8513e+00
4.4068e+03, 1.6527e+00
4.4073e+03, 1.4850e+00
4.4079e+03, 1.3417e+00
4.4084e+03, 1.2189e+00
4.4090e+03, 1.1125e+00
4.4095e+03, 1.0201e+00
4.4101e+03, 9.3903e-01
4.4106e+03, 8.6780e-01
4.4117e+03, 7.4853e-01
4.4128e+03, 6.5325e-01
4.4139e+03, 5.7592e-01
4.4150e+03, 5.1234e-01
4.4160e+03, 4.6595e-01
4.4169e+03, 4.2615e-01
4.4179e+03, 3.9167e-01
4.4188e+03, 3.6167e-01
4.4207e+03, 3.1218e-01
4.4227e+03, 2.7338e-01
4.4246e+03, 2.4248e-01
4.4265e+03, 2.1748e-01
4.4284e+03, 1.9685e-01
4.4303e+03, 1.7961e-01
4.4335e+03, 1.5635e-01
4.4367e+03, 1.3857e-01
4.4399e+03, 1.2468e-01
4.4432e+03, 1.1363e-01
4.4464e+03, 1.0470e-01
4.4496e+03, 9.7373e-02
4.4528e+03, 9.1303e-02
4.4561e+03, 8.6258e-02
4.4602e+03, 8.0935e-02
4.4643e+03, 7.6536e-02
4.4725e+03, 6.9854e-02
4.4807e+03, 6.5113e-02
4.4889e+03, 6.1651e-02
4.5006e+03, 5.8161e-02
4.5123e+03, 5.5790e-02
4.5334e+03, 5.3175e-02
4.5545e+03, 5.1771e-02
4.5756e+03, 5.1043e-02
4.5967e+03, 5.0726e-02
4.6284e+03, 5.0721e-02
4.6600e+03, 5.1038e-02
4.7233e+03, 5.2203e-02
4.8499e+03, 5.5459e-02
5.0000e+03, 6.0058e-02
5.0736e+03, 6.3309e-02
5.1471e+03, 6.6834e-02
5.1839e+03, 6.8748e-02
5.2207e+03, 7.0814e-02
5.2574e+03, 7.3100e-02
5.2942e+03, 7.5712e-02
5.3402e+03, 7.9752e-02
5.3862e+03, 8.5304e-02
5.3999e+03, 8.7503e-02
5.4068e+03, 8.8733e-02
5.4137e+03, 9.0061e-02
5.4180e+03, 9.0954e-02
5.4224e+03, 9.1902e-02
5.4267e+03, 9.2909e-02
5.4310e+03, 9.3978e-02
5.4353e+03, 9.5115e-02
5.4396e+03, 9.6326e-02
5.4417e+03, 9.6965e-02
5.4439e+03, 9.7626e-02
5.4461e+03, 9.8311e-02
5.4482e+03, 9.9021e-02
5.4498e+03, 9.9558e-02
5.4514e+03, 1.0011e-01
5.4545e+03, 1.0126e-01
5.4577e+03, 1.0248e-01
5.4609e+03, 1.0377e-01
5.4640e+03, 1.0514e-01
5.4672e+03, 1.0659e-01
5.4688e+03, 1.0736e-01
5.4703e+03, 1.0814e-01
5.4719e+03, 1.0896e-01
5.4735e+03, 1.0980e-01
5.4751e+03, 1.1067e-01
5.4767e+03, 1.1157e-01
5.4782e+03, 1.1250e-01
5.4798e+03, 1.1346e-01
5.4814e+03, 1.1446e-01
5.4830e+03, 1.1550e-01
5.4861e+03, 1.1768e-01
5.4893e+03, 1.2004e-01
5.4925e+03, 1.2259e-01
5.4956e+03, 1.2535e-01
5.4988e+03, 1.2835e-01
5.5019e+03, 1.3162e-01
5.5051e+03, 1.3518e-01
5.5083e+03, 1.3909e-01
5.5114e+03, 1.4338e-01
5.5146e+03, 1.4811e-01
5.5177e+03, 1.5334e-01
5.5209e+03, 1.5915e-01
5.5241e+03, 1.6563e-01
5.5272e+03, 1.7288e-01
5.5304e+03, 1.8104e-01
5.5335e+03, 1.9026e-01
5.5367e+03, 2.0073e-01
5.5399e+03, 2.1270e-01
5.5430e+03, 2.2646e-01
5.5462e+03, 2.4237e-01
5.5493e+03, 2.6091e-01
5.5525e+03, 2.8268e-01
5.5557e+03, 3.0844e-01
5.5588e+03, 3.3921e-01
5.5604e+03, 3.5686e-01
5.5620e+03, 3.7629e-01
5.5636e+03, 3.9775e-01
5.5651e+03, 4.2149e-01
5.5667e+03, 4.4782e-01
5.5683e+03, 4.7712e-01
5.5699e+03, 5.0982e-01
5.5715e+03, 5.4642e-01
5.5730e+03, 5.8749e-01
5.5746e+03, 6.3371e-01
5.5762e+03, 6.8467e-01
5.5777e+03, 7.4211e-01
5.5793e+03, 8.0704e-01
5.5808e+03, 8.8045e-01
5.5824e+03, 9.6356e-01
5.5839e+03, 1.0575e+00
5.5854e+03, 1.1633e+00
5.5870e+03, 1.2821e+00
5.5885e+03, 1.4144e+00
5.5901e+03, 1.5601e+00
5.5932e+03, 1.8857e+00
5.5963e+03, 2.2233e+00
5.5978e+03, 2.3756e+00
5.5994e+03, 2.5022e+00
5.6012e+03, 2.6029e+00
5.6030e+03, 2.6374e+00
5.6048e+03, 2.6006e+00
5.6063e+03, 2.5196e+00
5.6078e+03, 2.4014e+00
5.6109e+03, 2.0954e+00
5.6139e+03, 1.7630e+00
5.6169e+03, 1.4587e+00
5.6199e+03, 1.2041e+00
5.6214e+03, 1.0959e+00
5.6230e+03, 9.9967e-01
5.6245e+03, 9.1419e-01
5.6260e+03, 8.3850e-01
5.6290e+03, 7.1200e-01
5.6321e+03, 6.0877e-01
5.6353e+03, 5.2744e-01
5.6384e+03, 4.6268e-01
5.6416e+03, 4.1056e-01
5.6447e+03, 3.6811e-01
5.6479e+03, 3.3321e-01
5.6510e+03, 3.0422e-01
5.6541e+03, 2.8009e-01
5.6573e+03, 2.5971e-01
5.6604e+03, 2.4214e-01
5.6667e+03, 2.1402e-01
5.6730e+03, 1.9280e-01
5.6793e+03, 1.7644e-01
5.6856e+03, 1.6359e-01
5.6918e+03, 1.5334e-01
5.6981e+03, 1.4504e-01
5.7044e+03, 1.3824e-01
5.7090e+03, 1.3409e-01
5.7215e+03, 1.2507e-01
5.7341e+03, 1.1854e-01
5.7467e+03, 1.1374e-01
5.7592e+03, 1.1020e-01
5.7718e+03, 1.0748e-01
5.7844e+03, 1.0543e-01
5.8095e+03, 1.0263e-01
5.8186e+03, 1.0193e-01
5.8369e+03, 1.0090e-01
5.8552e+03, 1.0023e-01
5.8918e+03, 9.9640e-02
5.9260e+03, 9.9689e-02
5.9603e+03, 1.0010e-01
5.9946e+03, 1.0076e-01
6.0289e+03, 1.0159e-01
6.0974e+03, 1.0357e-01
6.1659e+03, 1.0585e-01
6.3305e+03, 1.1212e-01
6.4127e+03, 1.1567e-01
6.4950e+03, 1.1976e-01
6.5407e+03, 1.2254e-01
6.5635e+03, 1.2417e-01
6.5864e+03, 1.2606e-01
6.6115e+03, 1.2862e-01
6.6366e+03, 1.3200e-01
6.6492e+03, 1.3418e-01
6.6618e+03, 1.3688e-01
6.6743e+03, 1.4029e-01
6.6869e+03, 1.4477e-01
6.6960e+03, 1.4901e-01
6.7035e+03, 1.5333e-01
6.7072e+03, 1.5590e-01
6.7109e+03, 1.5877e-01
6.7127e+03, 1.6035e-01
6.7146e+03, 1.6203e-01
6.7164e+03, 1.6384e-01
6.7183e+03, 1.6577e-01
6.7202e+03, 1.6784e-01
6.7220e+03, 1.7006e-01
6.7239e+03, 1.7244e-01
6.7248e+03, 1.7370e-01
6.7257e+03, 1.7501e-01
6.7266e+03, 1.7626e-01
6.7274e+03, 1.7757e-01
6.7288e+03, 1.7973e-01
6.7302e+03, 1.8203e-01
6.7315e+03, 1.8447e-01
6.7329e+03, 1.8707e-01
6.7342e+03, 1.8983e-01
6.7356e+03, 1.9278e-01
6.7369e+03, 1.9593e-01
6.7383e+03, 1.9930e-01
6.7399e+03, 2.0352e-01
6.7407e+03, 2.0576e-01
6.7414e+03, 2.0809e-01
6.7422e+03, 2.1053e-01
6.7430e+03, 2.1307e-01
6.7438e+03, 2.1572e-01
6.7446e+03, 2.1850e-01
6.7454e+03, 2.2141e-01
6.7462e+03, 2.2445e-01
6.7477e+03, 2.3098e-01
6.7493e+03, 2.3818e-01
6.7509e+03, 2.4612e-01
6.7524e+03, 2.5492e-01
6.7540e+03, 2.6472e-01
6.7556e+03, 2.7566e-01
6.7571e+03, 2.8793e-01
6.7587e+03, 3.0175e-01
6.7603e+03, 3.1738e-01
6.7619e+03, 3.3518e-01
6.7634e+03, 3.5553e-01
6.7650e+03, 3.7895e-01
6.7666e+03, 4.0607e-01
6.7681e+03, 4.3770e-01
6.7697e+03, 4.7483e-01
6.7705e+03, 4.9590e-01
6.7713e+03, 5.1885e-01
6.7721e+03, 5.4396e-01
6.7729e+03, 5.7144e-01
6.7736e+03, 6.0165e-01
6.7744e+03, 6.3486e-01
6.7752e+03, 6.7151e-01
6.7760e+03, 7.1205e-01
6.7768e+03, 7.5635e-01
6.7775e+03, 8.0547e-01
6.7783e+03, 8.6012e-01
6.7791e+03, 9.2107e-01
6.7799e+03, 9.8930e-01
6.7806e+03, 1.0656e+00
6.7814e+03, 1.1512e+00
6.7822e+03, 1.2473e+00
6.7830e+03, 1.3553e+00
6.7837e+03, 1.4763e+00
6.7845e+03, 1.6119e+00
6.7853e+03, 1.7630e+00
6.7860e+03, 1.9306e+00
6.7868e+03, 2.1149e+00
6.7876e+03, 2.3151e+00
6.7884e+03, 2.5293e+00
6.7900e+03, 3.0157e+00
6.7917e+03, 3.4795e+00
6.7925e+03, 3.6725e+00
6.7933e+03, 3.8218e+00
6.7942e+03, 3.9163e+00
6.7950e+03, 3.9483e+00
6.7959e+03, 3.9051e+00
6.7973e+03, 3.7153e+00
6.7986e+03, 3.4093e+00
6.7999e+03, 3.0381e+00
6.8012e+03, 2.6508e+00
6.8025e+03, 2.2836e+00
6.8038e+03, 1.9569e+00
6.8051e+03, 1.6779e+00
6.8064e+03, 1.4453e+00
6.8074e+03, 1.3075e+00
6.8083e+03, 1.1874e+00
6.8092e+03, 1.0828e+00
6.8101e+03, 9.9156e-01
6.8110e+03, 9.1166e-01
6.8119e+03, 8.4152e-01
6.8138e+03, 7.2531e-01
6.8156e+03, 6.3410e-01
6.8174e+03, 5.6168e-01
6.8193e+03, 5.0337e-01
6.8211e+03, 4.5588e-01
6.8226e+03, 4.2243e-01
6.8242e+03, 3.9380e-01
6.8273e+03, 3.4774e-01
6.8303e+03, 3.1281e-01
6.8334e+03, 2.8566e-01
6.8365e+03, 2.6401e-01
6.8396e+03, 2.4658e-01
6.8427e+03, 2.3236e-01
6.8458e+03, 2.2062e-01
6.8512e+03, 2.0451e-01
6.8566e+03, 1.9244e-01
6.8620e+03, 1.8319e-01
6.8674e+03, 1.7597e-01
6.8728e+03, 1.7029e-01
6.8782e+03, 1.6565e-01
6.8890e+03, 1.5872e-01
6.9013e+03, 1.5339e-01
6.9136e+03, 1.4977e-01
6.9260e+03, 1.4726e-01
6.9383e+03, 1.4549e-01
6.9537e+03, 1.4399e-01
6.9692e+03, 1.4301e-01
7.0000e+03, 1.4204e-01
7.0156e+03, 1.4189e-01
7.0430e+03, 1.4195e-01
7.0703e+03, 1.4230e-01
7.1250e+03, 1.4350e-01
7.1875e+03, 1.4531e-01
7.2500e+03, 1.4738e-01
7.3750e+03, 1.5186e-01
7.5000e+03, 1.5655e-01
7.8115e+03, 1.5818e-01
7.9672e+03, 1.5924e-01
8.0451e+03, 1.5987e-01
8.1229e+03, 1.6061e-01
8.1816e+03, 1.6130e-01
8.2403e+03, 1.6214e-01
8.2990e+03, 1.6325e-01
8.3577e+03, 1.6481e-01
8.4017e+03, 1.6649e-01
8.4237e+03, 1.6761e-01
8.4347e+03, 1.6825e-01
8.4457e+03, 1.6897e-01
8.4521e+03, 1.6943e-01
8.4585e+03, 1.6993e-01
8.4649e+03, 1.7047e-01
8.4714e+03, 1.7104e-01
8.4778e+03, 1.7167e-01
8.4842e+03, 1.7234e-01
8.4874e+03, 1.7270e-01
8.4906e+03, 1.7308e-01
8.4938e+03, 1.7347e-01
8.4970e+03, 1.7388e-01
8.5021e+03, 1.7455e-01
8.5071e+03, 1.7528e-01
8.5122e+03, 1.7607e-01
8.5147e+03, 1.7648e-01
8.5172e+03, 1.7692e-01
8.5197e+03, 1.7736e-01
8.5223e+03, 1.7783e-01
8.5248e+03, 1.7831e-01
8.5273e+03, 1.7882e-01
8.5298e+03, 1.7935e-01
8.5323e+03, 1.7989e-01
8.5349e+03, 1.8047e-01
8.5374e+03, 1.8106e-01
8.5399e+03, 1.8169e-01
8.5424e+03, 1.8234e-01
8.5449e+03, 1.8302e-01
8.5475e+03, 1.8374e-01
8.5500e+03, 1.8449e-01
8.5525e+03, 1.8527e-01
8.5550e+03, 1.8609e-01
8.5576e+03, 1.8696e-01
8.5601e+03, 1.8786e-01
8.5626e+03, 1.8882e-01
8.5676e+03, 1.9088e-01
8.5727e+03, 1.9318e-01
8.5777e+03, 1.9575e-01
8.5828e+03, 1.9862e-01
8.5878e+03, 2.0187e-01
8.5929e+03, 2.0554e-01
8.5979e+03, 2.0971e-01
8.6029e+03, 2.1449e-01
8.6080e+03, 2.2000e-01
8.6130e+03, 2.2638e-01
8.6181e+03, 2.3383e-01
8.6206e+03, 2.3803e-01
8.6231e+03, 2.4259e-01
8.6256e+03, 2.4756e-01
8.6282e+03, 2.5298e-01
8.6307e+03, 2.5892e-01
8.6332e+03, 2.6543e-01
8.6357e+03, 2.7259e-01
8.6382e+03, 2.8048e-01
8.6408e+03, 2.8921e-01
8.6433e+03, 2.9887e-01
8.6458e+03, 3.0962e-01
8.6483e+03, 3.2160e-01
8.6509e+03, 3.3501e-01
8.6534e+03, 3.5004e-01
8.6559e+03, 3.6696e-01
8.6584e+03, 3.8604e-01
8.6615e+03, 4.1301e-01
8.6646e+03, 4.4439e-01
8.6677e+03, 4.8108e-01
8.6708e+03, 5.2431e-01
8.6739e+03, 5.7516e-01
8.6770e+03, 6.3466e-01
8.6801e+03, 7.0379e-01
8.6832e+03, 7.8264e-01
8.6857e+03, 8.5173e-01
8.6882e+03, 9.2488e-01
8.6931e+03, 1.0713e+00
8.6956e+03, 1.1361e+00
8.6981e+03, 1.1881e+00
8.7005e+03, 1.2217e+00
8.7030e+03, 1.2331e+00
8.7058e+03, 1.2172e+00
8.7078e+03, 1.1890e+00
8.7098e+03, 1.1489e+00
8.7137e+03, 1.0445e+00
8.7216e+03, 8.1096e-01
8.7256e+03, 7.0822e-01
8.7295e+03, 6.2119e-01
8.7335e+03, 5.4933e-01
8.7374e+03, 4.9065e-01
8.7402e+03, 4.5565e-01
8.7430e+03, 4.2548e-01
8.7487e+03, 3.7675e-01
8.7543e+03, 3.3931e-01
8.7599e+03, 3.1042e-01
8.7655e+03, 2.8780e-01
8.7712e+03, 2.6984e-01
8.7768e+03, 2.5537e-01
8.7824e+03, 2.4358e-01
8.7871e+03, 2.3527e-01
8.7919e+03, 2.2816e-01
8.8014e+03, 2.1671e-01
8.8108e+03, 2.0804e-01
8.8203e+03, 2.0130e-01
8.8298e+03, 1.9592e-01
8.8392e+03, 1.9160e-01
8.8487e+03, 1.8808e-01
8.8582e+03, 1.8519e-01
8.8724e+03, 1.8172e-01
8.8866e+03, 1.7903e-01
8.9008e+03, 1.7691e-01
8.9150e+03, 1.7521e-01
8.9387e+03, 1.7308e-01
8.9624e+03, 1.7153e-01
8.9860e+03, 1.7038e-01
9.0097e+03, 1.6951e-01
9.0334e+03, 1.6887e-01
9.0571e+03, 1.6839e-01
9.1044e+03, 1.6775e-01
9.1423e+03, 1.6747e-01
9.1944e+03, 1.6732e-01
9.2465e+03, 1.6734e-01
9.2986e+03, 1.6750e-01
9.3507e+03, 1.6779e-01
9.5591e+03, 1.7047e-01
9.6159e+03, 1.7198e-01
9.6443e+03, 1.7301e-01
9.6585e+03, 1.7361e-01
9.6727e+03, 1.7428e-01
9.6810e+03, 1.7472e-01
9.6893e+03, 1.7520e-01
9.6976e+03, 1.7571e-01
9.7059e+03, 1.7627e-01
9.7100e+03, 1.7657e-01
9.7142e+03, 1.7688e-01
9.7183e+03, 1.7721e-01
9.7224e+03, 1.7755e-01
9.7266e+03, 1.7791e-01
9.7307e+03, 1.7829e-01
9.7349e+03, 1.7868e-01
9.7390e+03, 1.7910e-01
9.7438e+03, 1.7960e-01
9.7485e+03, 1.8013e-01
9.7532e+03, 1.8070e-01
9.7580e+03, 1.8130e-01
9.7627e+03, 1.8195e-01
9.7674e+03, 1.8263e-01
9.7698e+03, 1.8299e-01
9.7722e+03, 1.8336e-01
9.7745e+03, 1.8375e-01
9.7769e+03, 1.8415e-01
9.7793e+03, 1.8457e-01
9.7816e+03, 1.8500e-01
9.7843e+03, 1.8550e-01
9.7870e+03, 1.8602e-01
9.7896e+03, 1.8657e-01
9.7923e+03, 1.8715e-01
9.7950e+03, 1.8774e-01
9.7976e+03, 1.8837e-01
9.8003e+03, 1.8902e-01
9.8030e+03, 1.8970e-01
9.8056e+03, 1.9042e-01
9.8083e+03, 1.9117e-01
9.8136e+03, 1.9279e-01
9.8189e+03, 1.9458e-01
9.8243e+03, 1.9656e-01
9.8275e+03, 1.9788e-01
9.8308e+03, 1.9929e-01
9.8340e+03, 2.0080e-01
9.8373e+03, 2.0243e-01
9.8405e+03, 2.0417e-01
9.8438e+03, 2.0606e-01
9.8471e+03, 2.0808e-01
9.8503e+03, 2.1028e-01
9.8536e+03, 2.1266e-01
9.8568e+03, 2.1524e-01
9.8601e+03, 2.1805e-01
9.8633e+03, 2.2111e-01
9.8666e+03, 2.2446e-01
9.8698e+03, 2.2813e-01
9.8731e+03, 2.3217e-01
9.8764e+03, 2.3662e-01
9.8814e+03, 2.4445e-01
9.8864e+03, 2.5367e-01
9.8915e+03, 2.6462e-01
9.8965e+03, 2.7772e-01
9.8990e+03, 2.8525e-01
9.9015e+03, 2.9352e-01
9.9040e+03, 3.0262e-01
9.9065e+03, 3.1267e-01
9.9091e+03, 3.2386e-01
9.9116e+03, 3.3635e-01
9.9141e+03, 3.5029e-01
9.9166e+03, 3.6587e-01
9.9201e+03, 3.9031e-01
9.9235e+03, 4.1895e-01
9.9270e+03, 4.5258e-01
9.9304e+03, 4.9205e-01
9.9338e+03, 5.3826e-01
9.9373e+03, 5.9194e-01
9.9407e+03, 6.5335e-01
9.9442e+03, 7.2177e-01
9.9536e+03, 9.1718e-01
9.9583e+03, 9.8850e-01
9.9606e+03, 1.0083e+00
9.9630e+03, 1.0149e+00
9.9661e+03, 1.0025e+00
9.9683e+03, 9.8116e-01
9.9704e+03, 9.5109e-01
9.9746e+03, 8.7265e-01
9.9831e+03, 6.9469e-01
9.9873e+03, 6.1501e-01
9.9915e+03, 5.4676e-01
9.9958e+03, 4.8981e-01
1.0000e+04, 4.4285e-01
1.0003e+04, 4.1482e-01
1.0006e+04, 3.9044e-01
1.0009e+04, 3.6929e-01
1.0012e+04, 3.5093e-01
1.0018e+04, 3.2046e-01
1.0024e+04, 2.9673e-01
1.0030e+04, 2.7801e-01
1.0036e+04, 2.6311e-01
1.0042e+04, 2.5105e-01
1.0048e+04, 2.4123e-01
1.0053e+04, 2.3352e-01
1.0059e+04, 2.2704e-01
1.0065e+04, 2.2156e-01
1.0070e+04, 2.1689e-01
1.0082e+04, 2.0954e-01
1.0093e+04, 2.0393e-01
1.0104e+04, 1.9970e-01
1.0116e+04, 1.9652e-01
1.0127e+04, 1.9416e-01
1.0138e+04, 1.9246e-01
1.0149e+04, 1.9139e-01
1.0159e+04, 1.9077e-01
1.0168e+04, 1.9059e-01
1.0177e+04, 1.9070e-01
1.0185e+04, 1.9111e-01
1.0194e+04, 1.9179e-01
1.0202e+04, 1.9285e-01
1.0207e+04, 1.9352e-01
1.0211e+04, 1.9430e-01
1.0215e+04, 1.9519e-01
1.0220e+04, 1.9620e-01
1.0224e+04, 1.9734e-01
1.0228e+04, 1.9863e-01
1.0230e+04, 1.9928e-01
1.0232e+04, 1.9997e-01
1.0234e+04, 2.0069e-01
1.0236e+04, 2.0145e-01
1.0238e+04, 2.0226e-01
1.0240e+04, 2.0310e-01
1.0242e+04, 2.0400e-01
1.0244e+04, 2.0494e-01
1.0246e+04, 2.0594e-01
1.0248e+04, 2.0698e-01
1.0250e+04, 2.0809e-01
1.0252e+04, 2.0926e-01
1.0254e+04, 2.1050e-01
1.0256e+04, 2.1180e-01
1.0258e+04, 2.1317e-01
1.0260e+04, 2.1462e-01
1.0262e+04, 2.1603e-01
1.0264e+04, 2.1751e-01
1.0266e+04, 2.1907e-01
1.0268e+04, 2.2070e-01
1.0269e+04, 2.2242e-01
1.0271e+04, 2.2423e-01
1.0273e+04, 2.2615e-01
1.0275e+04, 2.2817e-01
1.0277e+04, 2.3030e-01
1.0279e+04, 2.3255e-01
1.0280e+04, 2.3493e-01
1.0282e+04, 2.3744e-01
1.0284e+04, 2.4011e-01
1.0286e+04, 2.4292e-01
1.0289e+04, 2.4906e-01
1.0293e+04, 2.5598e-01
1.0297e+04, 2.6380e-01
1.0300e+04, 2.7264e-01
1.0304e+04, 2.8270e-01
1.0308e+04, 2.9415e-01
1.0311e+04, 3.0726e-01
1.0315e+04, 3.2228e-01
1.0319e+04, 3.3957e-01
1.0321e+04, 3.5035e-01
1.0323e+04, 3.6196e-01
1.0325e+04, 3.7461e-01
1.0327e+04, 3.8825e-01
1.0329e+04, 4.0309e-01
1.0331e+04, 4.1908e-01
1.0333e+04, 4.3637e-01
1.0335e+04, 4.5504e-01
1.0337e+04, 4.7528e-01
1.0339e+04, 4.9695e-01
1.0343e+04, 5.4478e-01
1.0347e+04, 5.9822e-01
1.0351e+04, 6.5547e-01
1.0356e+04, 7.2248e-01
1.0361e+04, 7.8201e-01
1.0365e+04, 8.2377e-01
1.0368e+04, 8.3491e-01
1.0370e+04, 8.3848e-01
1.0374e+04, 8.2800e-01
1.0378e+04, 7.9937e-01
1.0381e+04, 7.6013e-01
1.0385e+04, 7.1335e-01
1.0392e+04, 6.1307e-01
1.0399e+04, 5.2110e-01
1.0406e+04, 4.4659e-01
1.0413e+04, 3.8834e-01
1.0420e+04, 3.4390e-01
1.0426e+04, 3.0992e-01
1.0433e+04, 2.8372e-01
1.0442e+04, 2.5983e-01
1.0450e+04, 2.4174e-01
1.0459e+04, 2.2776e-01
1.0467e+04, 2.1674e-01
1.0475e+04, 2.0792e-01
1.0484e+04, 2.0076e-01
1.0500e+04, 1.8999e-01
1.0516e+04, 1.8283e-01
1.0531e+04, 1.7737e-01
1.0546e+04, 1.7310e-01
1.0561e+04, 1.6969e-01
1.0577e+04, 1.6688e-01
1.0592e+04, 1.6453e-01
1.0623e+04, 1.6078e-01
1.0650e+04, 1.5813e-01
1.0678e+04, 1.5594e-01
1.0706e+04, 1.5406e-01
1.0734e+04, 1.5241e-01
1.0789e+04, 1.4960e-01
1.0845e+04, 1.4718e-01
1.0906e+04, 1.4481e-01
1.0967e+04, 1.4262e-01
1.1029e+04, 1.4056e-01
1.1090e+04, 1.3861e-01
1.1212e+04, 1.3490e-01
1.1334e+04, 1.3146e-01
1.1423e+04, 1.2919e-01
1.1501e+04, 1.2752e-01
1.1540e+04, 1.2689e-01
1.1579e+04, 1.2650e-01
1.1601e+04, 1.2647e-01
1.1629e+04, 1.2672e-01
1.1657e+04, 1.2750e-01
1.1671e+04, 1.2821e-01
1.1685e+04, 1.2925e-01
1.1699e+04, 1.3074e-01
1.1713e+04, 1.3288e-01
1.1726e+04, 1.3589e-01
1.1739e+04, 1.4049e-01
1.1752e+04, 1.4729e-01
1.1756e+04, 1.4959e-01
1.1759e+04, 1.5222e-01
1.1762e+04, 1.5521e-01
1.1764e+04, 1.5687e-01
1.1766e+04, 1.5864e-01
1.1767e+04, 1.6087e-01
1.1769e+04, 1.6328e-01
1.1771e+04, 1.6590e-01
1.1772e+04, 1.6732e-01
1.1773e+04, 1.6878e-01
1.1775e+04, 1.7120e-01
1.1776e+04, 1.7380e-01
1.1778e+04, 1.7659e-01
1.1779e+04, 1.7959e-01
1.1781e+04, 1.8285e-01
1.1782e+04, 1.8638e-01
1.1784e+04, 1.9020e-01
1.1785e+04, 1.9432e-01
1.1786e+04, 1.9721e-01
1.1787e+04, 2.0026e-01
1.1788e+04, 2.0349e-01
1.1789e+04, 2.0688e-01
1.1790e+04, 2.1051e-01
1.1791e+04, 2.1432e-01
1.1792e+04, 2.1842e-01
1.1793e+04, 2.2273e-01
1.1794e+04, 2.2737e-01
1.1795e+04, 2.3227e-01
1.1796e+04, 2.3756e-01
1.1796e+04, 2.4315e-01
1.1797e+04, 2.4920e-01
1.1798e+04, 2.5562e-01
1.1799e+04, 2.6258e-01
1.1800e+04, 2.6999e-01
1.1801e+04, 2.7805e-01
1.1802e+04, 2.8674e-01
1.1803e+04, 2.9614e-01
1.1804e+04, 3.0620e-01
1.1805e+04, 3.1721e-01
1.1806e+04, 3.2904e-01
1.1807e+04, 3.4205e-01
1.1808e+04, 3.5606e-01
1.1809e+04, 3.7152e-01
1.1810e+04, 3.8824e-01
1.1811e+04, 4.0674e-01
1.1812e+04, 4.2682e-01
1.1813e+04, 4.4912e-01
1.1814e+04, 4.7339e-01
1.1815e+04, 5.0042e-01
1.1816e+04, 5.2991e-01
1.1817e+04, 5.6280e-01
1.1817e+04, 5.9873e-01
1.1818e+04, 6.3878e-01
1.1819e+04, 6.8248e-01
1.1820e+04, 7.3105e-01
1.1821e+04, 7.8376e-01
1.1822e+04, 8.4190e-01
1.1823e+04, 9.0430e-01
1.1824e+04, 9.7212e-01
1.1825e+04, 1.0435e+00
1.1827e+04, 1.1965e+00
1.1829e+04, 1.3519e+00
1.1831e+04, 1.4917e+00
1.1833e+04, 1.6002e+00
1.1834e+04, 1.6295e+00
1.1835e+04, 1.6393e+00
1.1836e+04, 1.6212e+00
1.1837e+04, 1.5866e+00
1.1838e+04, 1.5363e+00
1.1840e+04, 1.4008e+00
1.1842e+04, 1.2399e+00
1.1844e+04, 1.0766e+00
1.1846e+04, 9.2561e-01
1.1848e+04, 7.9559e-01
1.1850e+04, 6.8704e-01
1.1852e+04, 5.9810e-01
1.1855e+04, 5.1340e-01
1.1857e+04, 4.4745e-01
1.1860e+04, 3.9537e-01
1.1862e+04, 3.5420e-01
1.1864e+04, 3.2094e-01
1.1867e+04, 2.9394e-01
1.1869e+04, 2.7162e-01
1.1872e+04, 2.5316e-01
1.1875e+04, 2.2950e-01
1.1879e+04, 2.1133e-01
1.1883e+04, 1.9706e-01
1.1887e+04, 1.8565e-01
1.1891e+04, 1.7640e-01
1.1895e+04, 1.6880e-01
1.1902e+04, 1.5720e-01
1.1909e+04, 1.4935e-01
1.1916e+04, 1.4337e-01
1.1923e+04, 1.3869e-01
1.1930e+04, 1.3496e-01
1.1944e+04, 1.2940e-01
1.1958e+04, 1.2550e-01
1.1970e+04, 1.2308e-01
1.1981e+04, 1.2112e-01
1.2004e+04, 1.1814e-01
1.2027e+04, 1.1595e-01
1.2050e+04, 1.1423e-01
1.2091e+04, 1.1184e-01
1.2132e+04, 1.0993e-01
1.2173e+04, 1.0828e-01
1.2214e+04, 1.0681e-01
1.2285e+04, 1.0445e-01
1.2357e+04, 1.0228e-01
1.2500e+04, 9.8233e-02
1.2638e+04, 9.2358e-02
1.2708e+04, 8.9613e-02
1.2777e+04, 8.7059e-02
1.2823e+04, 8.5537e-02
1.2869e+04, 8.4230e-02
1.2961e+04, 8.2767e-02
1.2984e+04, 8.2813e-02
1.2993e+04, 8.2896e-02
1.3002e+04, 8.3026e-02
1.3010e+04, 8.3196e-02
1.3015e+04, 8.3304e-02
1.3019e+04, 8.3426e-02
1.3023e+04, 8.3564e-02
1.3028e+04, 8.3718e-02
1.3032e+04, 8.3890e-02
1.3036e+04, 8.4080e-02
1.3041e+04, 8.4290e-02
1.3045e+04, 8.4521e-02
1.3049e+04, 8.4772e-02
1.3054e+04, 8.5049e-02
1.3057e+04, 8.5326e-02
1.3061e+04, 8.5626e-02
1.3065e+04, 8.5951e-02
1.3069e+04, 8.6302e-02
1.3073e+04, 8.6682e-02
1.3077e+04, 8.7091e-02
1.3081e+04, 8.7533e-02
1.3085e+04, 8.8010e-02
1.3089e+04, 8.8524e-02
1.3093e+04, 8.9078e-02
1.3097e+04, 8.9676e-02
1.3101e+04, 9.0319e-02
1.3105e+04, 9.1014e-02
1.3109e+04, 9.1762e-02
1.3113e+04, 9.2568e-02
1.3117e+04, 9.3437e-02
1.3120e+04, 9.4202e-02
1.3123e+04, 9.5014e-02
1.3127e+04, 9.5884e-02
1.3130e+04, 9.6811e-02
1.3133e+04, 9.7800e-02
1.3136e+04, 9.8850e-02
1.3140e+04, 9.9969e-02
1.3143e+04, 1.0116e-01
1.3146e+04, 1.0244e-01
1.3149e+04, 1.0381e-01
1.3153e+04, 1.0527e-01
1.3156e+04, 1.0683e-01
1.3159e+04, 1.0851e-01
1.3162e+04, 1.1031e-01
1.3166e+04, 1.1223e-01
1.3169e+04, 1.1430e-01
1.3173e+04, 1.1705e-01
1.3177e+04, 1.2004e-01
1.3181e+04, 1.2333e-01
1.3185e+04, 1.2693e-01
1.3189e+04, 1.3089e-01
1.3193e+04, 1.3523e-01
1.3197e+04, 1.4001e-01
1.3201e+04, 1.4528e-01
1.3204e+04, 1.5111e-01
1.3208e+04, 1.5753e-01
1.3212e+04, 1.6464e-01
1.3216e+04, 1.7248e-01
1.3220e+04, 1.8117e-01
1.3224e+04, 1.9074e-01
1.3228e+04, 2.0129e-01
1.3232e+04, 2.1290e-01
1.3236e+04, 2.2362e-01
1.3239e+04, 2.3517e-01
1.3246e+04, 2.6068e-01
1.3252e+04, 2.8904e-01
1.3259e+04, 3.1907e-01
1.3266e+04, 3.4845e-01
1.3273e+04, 3.7378e-01
1.3279e+04, 3.9103e-01
1.3286e+04, 3.9684e-01
1.3292e+04, 3.9125e-01
1.3298e+04, 3.7638e-01
1.3302e+04, 3.6158e-01
1.3306e+04, 3.4438e-01
1.3315e+04, 3.0663e-01
1.3323e+04, 2.6877e-01
1.3332e+04, 2.3486e-01
1.3340e+04, 2.0595e-01
1.3348e+04, 1.8208e-01
1.3357e+04, 1.6254e-01
1.3365e+04, 1.4660e-01
1.3377e+04, 1.2906e-01
1.3389e+04, 1.1574e-01
1.3400e+04, 1.0528e-01
1.3412e+04, 9.6977e-02
1.3424e+04, 9.0281e-02
1.3435e+04, 8.4803e-02
1.3447e+04, 8.0246e-02
1.3459e+04, 7.6408e-02
1.3474e+04, 7.2142e-02
1.3490e+04, 6.8595e-02
1.3506e+04, 6.5603e-02
1.3521e+04, 6.3028e-02
1.3550e+04, 5.9107e-02
1.3579e+04, 5.5859e-02
1.3607e+04, 5.3091e-02
1.3636e+04, 5.0672e-02
1.3664e+04, 4.8478e-02
1.3693e+04, 4.6468e-02
1.3750e+04, 4.2807e-02
1.3792e+04, 4.0356e-02
1.3844e+04, 3.7461e-02
1.3896e+04, 3.4687e-02
1.3948e+04, 3.1999e-02
1.3974e+04, 3.0682e-02
1.3987e+04, 3.0031e-02
1.3993e+04, 3.2078e-02
1.3995e+04, 3.6797e-02
1.3997e+04, 4.6856e-02
1.3998e+04, 6.3648e-02
1.4000e+04, 8.5152e-02
1.4000e+04, 1.4107e-01
1.5000e+04, 1.3582e-01
1.7000e+04, 1.2664e-01
2.0000e+04, 1.1540e-01
2.5000e+04, 1.0119e-01
3.0000e+04, 9.0681e-02
3.5000e+04, 8.2587e-02
4.0000e+04, 7.6175e-02
5.0000e+04, 6.7173e-02
6.0000e+04, 6.1011e-02
7.0000e+04, 5.6630e-02
7.2000e+04, 5.5754e-02
8.5000e+04, 5.1650e-02
1.0000e+05, 4.8153e-02
1.2500e+05, 4.3938e-02
1.5000e+05, 4.0906e-02
1.7000e+05, 3.9348e-02
2.0000e+05, 3.7583e-02
2.5000e+05, 3.5070e-02
3.0000e+05, 3.3341e-02
3.5000e+05, 3.2144e-02
4.0000e+05, 3.1333e-02
4.5000e+05, 3.0564e-02
5.0000e+05, 3.0022e-02
5.5000e+05, 2.9660e-02
6.0000e+05, 2.9445e-02
6.5000e+05, 3.0102e-02
7.0000e+05, 3.0861e-02
7.5000e+05, 3.1709e-02
8.0000e+05, 3.2633e-02
8.5000e+05, 3.3375e-02
8.8559e+05, 3.3946e-02
9.0000e+05, 3.4178e-02
9.5000e+05, 3.5035e-02
1.0000e+06, 3.5943e-02
1.0500e+06, 3.5221e-02
1.0540e+06, 3.5165e-02
1.0540e+06, 3.5573e-02
1.0542e+06, 3.5557e-02
1.0542e+06, 3.5557e-02
1.2000e+06, 2.3458e-02
1.2329e+06, 2.2790e-02
1.2329e+06, 2.2790e-02
1.4000e+06, 1.9405e-02
1.4011e+06, 1.9401e-02
1.4011e+06, 1.9401e-02
1.5461e+06, 1.8834e-02
1.5461e+06, 1.8834e-02
1.5865e+06, 1.8676e-02
1.6000e+06, 1.8623e-02
1.7325e+06, 1.7876e-02
1.7774e+06, 1.7624e-02
1.7774e+06, 1.7623e-02
1.8000e+06, 1.7496e-02
1.8954e+06, 1.7036e-02
1.8955e+06, 1.7036e-02
1.9027e+06, 1.7001e-02
1.9094e+06, 1.6969e-02
1.9094e+06, 1.6969e-02
1.9096e+06, 1.6968e-02
1.9096e+06, 1.6968e-02
1.9151e+06, 1.6941e-02
1.9151e+06, 1.6941e-02
1.9243e+06, 1.6897e-02
1.9243e+06, 1.6897e-02
1.9347e+06, 1.6847e-02
1.9347e+06, 1.6847e-02
1.9876e+06, 1.6592e-02
1.9876e+06, 1.6592e-02
2.0000e+06, 1.6532e-02
2.0030e+06, 1.6528e-02
2.0030e+06, 1.6528e-02
2.0374e+06, 1.6475e-02
2.0374e+06, 1.6475e-02
2.0424e+06, 1.6467e-02
2.0424e+06, 1.6467e-02
2.0832e+06, 1.6405e-02
2.0832e+06, 1.6405e-02
2.1068e+06, 1.6369e-02
2.1379e+06, 1.6321e-02
2.1379e+06, 1.6321e-02
2.1846e+06, 1.6249e-02
2.1846e+06, 1.6249e-02
2.1885e+06, 1.6243e-02
2.1885e+06, 1.6243e-02
2.2000e+06, 1.6226e-02
2.3402e+06, 1.4838e-02
2.4000e+06, 1.4245e-02
2.4869e+06, 1.3885e-02
2.4869e+06, 1.3885e-02
2.5723e+06, 1.3532e-02
2.5984e+06, 1.3424e-02
2.6000e+06, 1.3417e-02
2.8000e+06, 1.2041e-02
2.8472e+06, 1.1949e-02
2.9295e+06, 1.1788e-02
2.9877e+06, 1.1674e-02
3.0000e+06, 1.1650e-02
3.0908e+06, 1.1408e-02
3.0908e+06, 1.1408e-02
3.1030e+06, 1.1375e-02
3.1518e+06, 1.1245e-02
3.2000e+06, 1.1116e-02
3.2263e+06, 1.0992e-02
3.2403e+06, 1.0926e-02
3.2888e+06, 1.0697e-02
3.3436e+06, 1.0438e-02
3.3449e+06, 1.0432e-02
3.3449e+06, 1.0432e-02
3.3617e+06, 1.0353e-02
3.3617e+06, 1.0353e-02
3.3827e+06, 1.0254e-02
3.3827e+06, 1.0254e-02
3.3932e+06, 1.0204e-02
3.3933e+06, 1.0204e-02
3.3993e+06, 1.0175e-02
3.4205e+06, 1.0075e-02
3.4205e+06, 1.0075e-02
3.4659e+06, 9.8610e-03
3.4724e+06, 9.8303e-03
3.4774e+06, 9.8064e-03
3.4815e+06, 9.7872e-03
3.5000e+06, 9.6999e-03
3.5058e+06, 9.6653e-03
3.5059e+06, 9.6653e-03
3.5325e+06, 9.5075e-03
3.5325e+06, 9.5075e-03
3.5397e+06, 9.4649e-03
3.6141e+06, 9.0252e-03
3.6141e+06, 9.0252e-03
3.6195e+06, 8.9934e-03
3.6328e+06, 8.9148e-03
3.6421e+06, 8.8596e-03
3.6421e+06, 8.8596e-03
3.6836e+06, 8.6143e-03
3.6836e+06, 8.6143e-03
3.6895e+06, 8.5794e-03
3.7000e+06, 8.5171e-03
3.7200e+06, 8.4153e-03
4.0000e+06, 6.9887e-03
4.1479e+06, 6.3006e-03
4.1479e+06, 6.3006e-03
4.5000e+06, 4.6628e-03
5.0000e+06, 3.5088e-03
6.0000e+06, 2.8924e-03
6.0344e+06, 2.8599e-03
7.0000e+06, 1.9477e-03
8.0000e+06, 1.4061e-03
8.6514e+06, 1.1710e-03
8.6514e+06, 1.1710e-03
9.0000e+06, 1.0452e-03
1.0000e+07, 8.2920e-04
1.1000e+07, 7.1135e-04
1.1704e+07, 6.8110e-04
1.1704e+07, 6.8110e-04
1.2000e+07, 6.6841e-04
1.3000e+07, 6.5262e-04
1.3202e+07, 6.4792e-04
1.4000e+07, 6.2940e-04
1.5000e+07, 5.8739e-04
1.5367e+07, 5.6798e-04
1.5367e+07, 5.6798e-04
1.6000e+07, 5.3454e-04
1.7000e+07, 4.4980e-04
1.8000e+07, 3.5772e-04
1.9000e+07, 2.7233e-04
2.0000e+07, 2.0239e-04
