ebin, xs
1.0000e-05, 1.0713e+03
1.0625e-05, 1.0393e+03
1.1250e-05, 1.0100e+03
1.1875e-05, 9.8306e+02
1.2500e-05, 9.5817e+02
1.3750e-05, 9.1358e+02
1.5000e-05, 8.7469e+02
1.6250e-05, 8.4037e+02
1.7500e-05, 8.0980e+02
1.8750e-05, 7.8234e+02
2.0000e-05, 7.5750e+02
2.1875e-05, 7.2431e+02
2.3750e-05, 6.9513e+02
2.5625e-05, 6.6922e+02
2.7500e-05, 6.4600e+02
2.9375e-05, 6.2504e+02
3.1250e-05, 6.0600e+02
3.3125e-05, 5.8860e+02
3.5000e-05, 5.7262e+02
3.8750e-05, 5.4421e+02
4.2500e-05, 5.1964e+02
4.6250e-05, 4.9813e+02
5.0000e-05, 4.7909e+02
5.3125e-05, 4.6479e+02
5.6250e-05, 4.5169e+02
5.9375e-05, 4.3964e+02
6.2500e-05, 4.2851e+02
6.8750e-05, 4.0857e+02
7.5000e-05, 3.9118e+02
8.1250e-05, 3.7583e+02
8.7500e-05, 3.6216e+02
9.3750e-05, 3.4988e+02
1.0000e-04, 3.3877e+02
1.0625e-04, 3.2866e+02
1.1250e-04, 3.1940e+02
1.1875e-04, 3.1088e+02
1.2500e-04, 3.0301e+02
1.3750e-04, 2.8891e+02
1.5000e-04, 2.7661e+02
1.6250e-04, 2.6576e+02
1.7500e-04, 2.5609e+02
1.8750e-04, 2.4741e+02
2.0000e-04, 2.3955e+02
2.1875e-04, 2.2906e+02
2.3750e-04, 2.1983e+02
2.5625e-04, 2.1163e+02
2.7500e-04, 2.0429e+02
2.9375e-04, 1.9767e+02
3.1250e-04, 1.9164e+02
3.3125e-04, 1.8614e+02
3.5000e-04, 1.8109e+02
3.8750e-04, 1.7210e+02
4.2500e-04, 1.6434e+02
4.6250e-04, 1.5753e+02
5.0000e-04, 1.5151e+02
5.3125e-04, 1.4699e+02
5.6250e-04, 1.4285e+02
5.9375e-04, 1.3904e+02
6.2500e-04, 1.3552e+02
6.8750e-04, 1.2921e+02
7.5000e-04, 1.2371e+02
8.1250e-04, 1.1886e+02
8.7500e-04, 1.1454e+02
9.3750e-04, 1.1066e+02
1.0000e-03, 1.0714e+02
1.0625e-03, 1.0395e+02
1.1250e-03, 1.0102e+02
1.1875e-03, 9.8325e+01
1.2500e-03, 9.5836e+01
1.3750e-03, 9.1378e+01
1.5000e-03, 8.7490e+01
1.6250e-03, 8.4059e+01
1.7500e-03, 8.1003e+01
1.8750e-03, 7.8258e+01
2.0000e-03, 7.5775e+01
2.1875e-03, 7.2457e+01
2.3750e-03, 6.9540e+01
2.5625e-03, 6.6950e+01
2.7500e-03, 6.4629e+01
2.9375e-03, 6.2535e+01
3.1250e-03, 6.0632e+01
3.3125e-03, 5.8893e+01
3.5000e-03, 5.7296e+01
3.8750e-03, 5.4456e+01
4.2500e-03, 5.2001e+01
4.6250e-03, 4.9851e+01
5.0000e-03, 4.7948e+01
5.3125e-03, 4.6518e+01
5.6250e-03, 4.5210e+01
5.9375e-03, 4.4007e+01
6.2500e-03, 4.2895e+01
6.8750e-03, 4.0903e+01
7.5000e-03, 3.9165e+01
8.1250e-03, 3.7632e+01
8.7500e-03, 3.6266e+01
9.3750e-03, 3.5039e+01
1.0000e-02, 3.3929e+01
1.0625e-02, 3.2920e+01
1.1250e-02, 3.1996e+01
1.1875e-02, 3.1147e+01
1.2500e-02, 3.0362e+01
1.3750e-02, 2.8956e+01
1.5000e-02, 2.7729e+01
1.6250e-02, 2.6646e+01
1.7500e-02, 2.5681e+01
1.8750e-02, 2.4814e+01
2.0000e-02, 2.4030e+01
2.1325e-02, 2.3276e+01
2.2650e-02, 2.2590e+01
2.3975e-02, 2.1962e+01
2.5300e-02, 2.1384e+01
2.6844e-02, 2.0767e+01
2.8387e-02, 2.0201e+01
3.1475e-02, 1.9197e+01
3.4563e-02, 1.8328e+01
3.7650e-02, 1.7568e+01
4.0738e-02, 1.6897e+01
4.3825e-02, 1.6298e+01
4.6913e-02, 1.5760e+01
5.0000e-02, 1.5273e+01
5.3125e-02, 1.4824e+01
5.6250e-02, 1.4414e+01
5.9375e-02, 1.4038e+01
6.2500e-02, 1.3691e+01
6.8750e-02, 1.3069e+01
7.5000e-02, 1.2525e+01
8.1250e-02, 1.2045e+01
8.7500e-02, 1.1618e+01
9.3750e-02, 1.1236e+01
1.0000e-01, 1.0890e+01
1.0625e-01, 1.0576e+01
1.1250e-01, 1.0288e+01
1.1875e-01, 1.0025e+01
1.2500e-01, 9.7824e+00
1.3750e-01, 9.3481e+00
1.5000e-01, 8.9684e+00
1.6250e-01, 8.6344e+00
1.7500e-01, 8.3376e+00
1.8750e-01, 8.0719e+00
2.0000e-01, 7.8330e+00
2.1875e-01, 7.5146e+00
2.3750e-01, 7.2348e+00
2.5625e-01, 6.9875e+00
2.7500e-01, 6.7670e+00
2.9375e-01, 6.5688e+00
3.1250e-01, 6.3897e+00
3.3125e-01, 6.2268e+00
3.5000e-01, 6.0789e+00
3.8750e-01, 5.8171e+00
4.2500e-01, 5.5920e+00
5.0000e-01, 5.2274e+00
6.2500e-01, 4.7871e+00
7.5000e-01, 4.4773e+00
8.7500e-01, 4.2510e+00
1.0000e+00, 4.0814e+00
1.2500e+00, 3.8542e+00
1.5000e+00, 3.7282e+00
1.7500e+00, 3.6717e+00
2.0000e+00, 3.6682e+00
2.3750e+00, 3.7462e+00
2.7500e+00, 3.9172e+00
3.1250e+00, 4.1853e+00
3.5000e+00, 4.5683e+00
3.8750e+00, 5.0960e+00
4.0625e+00, 5.4290e+00
4.2500e+00, 5.8221e+00
4.4375e+00, 6.2857e+00
4.6250e+00, 6.8356e+00
4.8125e+00, 7.4923e+00
5.0000e+00, 8.2832e+00
5.1783e+00, 9.1941e+00
5.3566e+00, 1.0305e+01
5.5350e+00, 1.1678e+01
5.7133e+00, 1.3399e+01
5.8916e+00, 1.5582e+01
5.9808e+00, 1.6900e+01
6.0699e+00, 1.8429e+01
6.1591e+00, 2.0199e+01
6.2482e+00, 2.2262e+01
6.3374e+00, 2.4686e+01
6.4265e+00, 2.7545e+01
6.4906e+00, 2.9939e+01
6.5227e+00, 3.1268e+01
6.5547e+00, 3.2693e+01
6.5868e+00, 3.4222e+01
6.6028e+00, 3.5030e+01
6.6188e+00, 3.5869e+01
6.6348e+00, 3.6740e+01
6.6508e+00, 3.7645e+01
6.6669e+00, 3.8587e+01
6.6749e+00, 3.9071e+01
6.6829e+00, 3.9565e+01
6.6975e+00, 4.0493e+01
6.7121e+00, 4.1456e+01
6.7195e+00, 4.1951e+01
6.7268e+00, 4.2456e+01
6.7341e+00, 4.2970e+01
6.7414e+00, 4.3494e+01
6.7484e+00, 4.4002e+01
6.7553e+00, 4.4519e+01
6.7637e+00, 4.5153e+01
6.7720e+00, 4.5801e+01
6.7804e+00, 4.6464e+01
6.7888e+00, 4.7142e+01
6.7978e+00, 4.7894e+01
6.8069e+00, 4.8664e+01
6.8159e+00, 4.9455e+01
6.8250e+00, 5.0265e+01
6.8340e+00, 5.1097e+01
6.8431e+00, 5.1950e+01
6.8521e+00, 5.2825e+01
6.8612e+00, 5.3724e+01
6.8689e+00, 5.4503e+01
6.8765e+00, 5.5300e+01
6.8919e+00, 5.6949e+01
6.9072e+00, 5.8675e+01
6.9225e+00, 6.0485e+01
6.9378e+00, 6.2383e+01
6.9531e+00, 6.4375e+01
6.9685e+00, 6.6468e+01
6.9838e+00, 6.8669e+01
6.9991e+00, 7.0984e+01
7.0144e+00, 7.3422e+01
7.0298e+00, 7.5992e+01
7.0451e+00, 7.8702e+01
7.0604e+00, 8.1565e+01
7.0757e+00, 8.4591e+01
7.0911e+00, 8.7793e+01
7.1064e+00, 9.1186e+01
7.1217e+00, 9.4786e+01
7.1370e+00, 9.8609e+01
7.1524e+00, 1.0268e+02
7.1677e+00, 1.0700e+02
7.1830e+00, 1.1162e+02
7.1983e+00, 1.1655e+02
7.2137e+00, 1.2183e+02
7.2290e+00, 1.2747e+02
7.2443e+00, 1.3354e+02
7.2596e+00, 1.4005e+02
7.2750e+00, 1.4707e+02
7.2903e+00, 1.5464e+02
7.3056e+00, 1.6283e+02
7.3209e+00, 1.7170e+02
7.3363e+00, 1.8133e+02
7.3516e+00, 1.9181e+02
7.3669e+00, 2.0326e+02
7.3822e+00, 2.1579e+02
7.3976e+00, 2.2954e+02
7.4129e+00, 2.4468e+02
7.4282e+00, 2.6140e+02
7.4435e+00, 2.7994e+02
7.4588e+00, 3.0057e+02
7.4742e+00, 3.2362e+02
7.4937e+00, 3.5708e+02
7.5132e+00, 3.9615e+02
7.5327e+00, 4.4219e+02
7.5522e+00, 4.9703e+02
7.5717e+00, 5.6316e+02
7.5814e+00, 6.0148e+02
7.5912e+00, 6.4401e+02
7.6009e+00, 6.9142e+02
7.6107e+00, 7.4450e+02
7.6205e+00, 8.0423e+02
7.6302e+00, 8.7182e+02
7.6379e+00, 9.3142e+02
7.6455e+00, 9.9768e+02
7.6532e+00, 1.0717e+03
7.6609e+00, 1.1548e+03
7.6685e+00, 1.2486e+03
7.6762e+00, 1.3550e+03
7.6838e+00, 1.4766e+03
7.6915e+00, 1.6163e+03
7.6992e+00, 1.7779e+03
7.7068e+00, 1.9660e+03
7.7145e+00, 2.1861e+03
7.7221e+00, 2.4451e+03
7.7298e+00, 2.7510e+03
7.7375e+00, 3.1131e+03
7.7451e+00, 3.5420e+03
7.7528e+00, 4.0495e+03
7.7605e+00, 4.6480e+03
7.7681e+00, 5.3493e+03
7.7758e+00, 6.1648e+03
7.7834e+00, 7.1032e+03
7.7911e+00, 8.1692e+03
7.7988e+00, 9.3622e+03
7.8064e+00, 1.0674e+04
7.8141e+00, 1.2089e+04
7.8448e+00, 1.8130e+04
7.8602e+00, 2.0683e+04
7.8679e+00, 2.1649e+04
7.8756e+00, 2.2343e+04
7.8823e+00, 2.2701e+04
7.8891e+00, 2.2810e+04
7.8956e+00, 2.2673e+04
7.9022e+00, 2.2305e+04
7.9152e+00, 2.0933e+04
7.9283e+00, 1.8887e+04
7.9413e+00, 1.6427e+04
7.9575e+00, 1.3205e+04
7.9737e+00, 1.0196e+04
7.9818e+00, 8.8594e+03
7.9899e+00, 7.6593e+03
7.9980e+00, 6.6008e+03
8.0062e+00, 5.6812e+03
8.0122e+00, 5.0780e+03
8.0183e+00, 4.5436e+03
8.0244e+00, 4.0723e+03
8.0305e+00, 3.6581e+03
8.0365e+00, 3.2951e+03
8.0426e+00, 2.9774e+03
8.0487e+00, 2.6995e+03
8.0548e+00, 2.4562e+03
8.0609e+00, 2.2430e+03
8.0669e+00, 2.0557e+03
8.0730e+00, 1.8907e+03
8.0791e+00, 1.7451e+03
8.0913e+00, 1.5009e+03
8.1034e+00, 1.3062e+03
8.1146e+00, 1.1603e+03
8.1257e+00, 1.0384e+03
8.1368e+00, 9.3552e+02
8.1480e+00, 8.4766e+02
8.1591e+00, 7.7197e+02
8.1703e+00, 7.0624e+02
8.1814e+00, 6.4874e+02
8.1926e+00, 5.9813e+02
8.2149e+00, 5.1346e+02
8.2371e+00, 4.4584e+02
8.2594e+00, 3.9092e+02
8.2817e+00, 3.4568e+02
8.3040e+00, 3.0793e+02
8.3263e+00, 2.7606e+02
8.3486e+00, 2.4888e+02
8.3709e+00, 2.2551e+02
8.3932e+00, 2.0527e+02
8.4155e+00, 1.8763e+02
8.4377e+00, 1.7217e+02
8.4600e+00, 1.5854e+02
8.5046e+00, 1.3570e+02
8.5492e+00, 1.1746e+02
8.5938e+00, 1.0265e+02
8.6383e+00, 9.0473e+01
8.6789e+00, 8.1206e+01
8.7194e+00, 7.3306e+01
8.7599e+00, 6.6491e+01
8.8004e+00, 6.0557e+01
8.8410e+00, 5.5365e+01
8.8815e+00, 5.0806e+01
8.9626e+00, 4.3216e+01
9.0436e+00, 3.7195e+01
9.1247e+00, 3.2341e+01
9.2057e+00, 2.8371e+01
9.2868e+00, 2.5083e+01
9.3759e+00, 2.2081e+01
9.4651e+00, 1.9597e+01
9.5542e+00, 1.7521e+01
9.6434e+00, 1.5732e+01
9.7325e+00, 1.4200e+01
9.8217e+00, 1.2882e+01
9.9108e+00, 1.1736e+01
1.0000e+01, 1.0739e+01
1.0107e+01, 9.7001e+00
1.0215e+01, 8.7986e+00
1.0322e+01, 8.0156e+00
1.0430e+01, 7.3347e+00
1.0537e+01, 6.7364e+00
1.0645e+01, 6.2074e+00
1.0859e+01, 5.3232e+00
1.1074e+01, 4.6153e+00
1.1289e+01, 4.0416e+00
1.1504e+01, 3.5702e+00
1.1719e+01, 3.1779e+00
1.1914e+01, 2.8800e+00
1.2109e+01, 2.6230e+00
1.2305e+01, 2.3982e+00
1.2500e+01, 2.1993e+00
1.2812e+01, 1.9346e+00
1.3125e+01, 1.7176e+00
1.3438e+01, 1.5378e+00
1.3750e+01, 1.3871e+00
1.4062e+01, 1.2597e+00
1.4375e+01, 1.1511e+00
1.4688e+01, 1.0579e+00
1.5000e+01, 9.7774e-01
1.5625e+01, 8.4675e-01
1.6250e+01, 7.4536e-01
1.6875e+01, 6.6583e-01
1.7500e+01, 6.0260e-01
1.8125e+01, 5.5175e-01
1.8750e+01, 5.1050e-01
1.9375e+01, 4.7685e-01
2.0000e+01, 4.4934e-01
2.1321e+01, 4.0707e-01
2.2642e+01, 3.7900e-01
2.3962e+01, 3.6321e-01
2.5283e+01, 3.5581e-01
2.6714e+01, 3.5765e-01
2.8145e+01, 3.6786e-01
2.9575e+01, 3.8509e-01
3.1006e+01, 4.1423e-01
3.2437e+01, 4.5541e-01
3.3152e+01, 4.8194e-01
3.3868e+01, 5.1379e-01
3.4583e+01, 5.5145e-01
3.5299e+01, 5.9581e-01
3.6014e+01, 6.4820e-01
3.6730e+01, 7.1099e-01
3.7417e+01, 7.8539e-01
3.8105e+01, 8.7619e-01
3.8793e+01, 9.8260e-01
3.9481e+01, 1.1188e+00
4.0169e+01, 1.2911e+00
4.0513e+01, 1.3954e+00
4.0857e+01, 1.5141e+00
4.1201e+01, 1.6499e+00
4.1545e+01, 1.8072e+00
4.1889e+01, 1.9914e+00
4.2233e+01, 2.2036e+00
4.2480e+01, 2.3820e+00
4.2604e+01, 2.4800e+00
4.2728e+01, 2.5849e+00
4.2852e+01, 2.6970e+00
4.2914e+01, 2.7560e+00
4.2976e+01, 2.8170e+00
4.3037e+01, 2.8802e+00
4.3099e+01, 2.9457e+00
4.3161e+01, 3.0137e+00
4.3223e+01, 3.0841e+00
4.3260e+01, 3.1274e+00
4.3297e+01, 3.1717e+00
4.3334e+01, 3.2170e+00
4.3371e+01, 3.2633e+00
4.3408e+01, 3.3106e+00
4.3445e+01, 3.3590e+00
4.3482e+01, 3.4086e+00
4.3519e+01, 3.4593e+00
4.3547e+01, 3.4991e+00
4.3576e+01, 3.5395e+00
4.3632e+01, 3.6227e+00
4.3689e+01, 3.7089e+00
4.3746e+01, 3.7985e+00
4.3791e+01, 3.8714e+00
4.3835e+01, 3.9466e+00
4.3880e+01, 4.0240e+00
4.3925e+01, 4.1039e+00
4.3970e+01, 4.1863e+00
4.4014e+01, 4.2713e+00
4.4059e+01, 4.3590e+00
4.4104e+01, 4.4495e+00
4.4142e+01, 4.5284e+00
4.4179e+01, 4.6095e+00
4.4255e+01, 4.7786e+00
4.4331e+01, 4.9576e+00
4.4406e+01, 5.1472e+00
4.4482e+01, 5.3482e+00
4.4558e+01, 5.5617e+00
4.4633e+01, 5.7887e+00
4.4709e+01, 6.0304e+00
4.4774e+01, 6.2521e+00
4.4840e+01, 6.4869e+00
4.4905e+01, 6.7356e+00
4.4970e+01, 6.9992e+00
4.5036e+01, 7.2788e+00
4.5101e+01, 7.5758e+00
4.5166e+01, 7.8918e+00
4.5232e+01, 8.2285e+00
4.5297e+01, 8.5877e+00
4.5363e+01, 8.9716e+00
4.5428e+01, 9.3824e+00
4.5493e+01, 9.8229e+00
4.5559e+01, 1.0296e+01
4.5624e+01, 1.0805e+01
4.5689e+01, 1.1353e+01
4.5755e+01, 1.1945e+01
4.5865e+01, 1.3054e+01
4.5975e+01, 1.4329e+01
4.6085e+01, 1.5804e+01
4.6195e+01, 1.7521e+01
4.6305e+01, 1.9535e+01
4.6360e+01, 2.0676e+01
4.6415e+01, 2.1924e+01
4.6470e+01, 2.3292e+01
4.6525e+01, 2.4796e+01
4.6580e+01, 2.6453e+01
4.6635e+01, 2.8285e+01
4.6711e+01, 3.1137e+01
4.6786e+01, 3.4451e+01
4.6862e+01, 3.8334e+01
4.6938e+01, 4.2923e+01
4.7013e+01, 4.8406e+01
4.7089e+01, 5.5032e+01
4.7127e+01, 5.8877e+01
4.7165e+01, 6.3146e+01
4.7203e+01, 6.7907e+01
4.7240e+01, 7.3237e+01
4.7296e+01, 8.2211e+01
4.7351e+01, 9.2976e+01
4.7406e+01, 1.0605e+02
4.7461e+01, 1.2218e+02
4.7488e+01, 1.3171e+02
4.7516e+01, 1.4243e+02
4.7543e+01, 1.5458e+02
4.7571e+01, 1.6842e+02
4.7598e+01, 1.8431e+02
4.7626e+01, 2.0269e+02
4.7653e+01, 2.2415e+02
4.7681e+01, 2.4944e+02
4.7715e+01, 2.8809e+02
4.7732e+01, 3.1115e+02
4.7750e+01, 3.3730e+02
4.7767e+01, 3.6716e+02
4.7784e+01, 4.0146e+02
4.7801e+01, 4.4108e+02
4.7818e+01, 4.8709e+02
4.7836e+01, 5.4085e+02
4.7853e+01, 6.0390e+02
4.7870e+01, 6.7809e+02
4.7887e+01, 7.6549e+02
4.7904e+01, 8.6859e+02
4.7921e+01, 9.8997e+02
4.7939e+01, 1.1324e+03
4.7956e+01, 1.2985e+03
4.7975e+01, 1.5120e+03
4.7994e+01, 1.7603e+03
4.8013e+01, 2.0455e+03
4.8032e+01, 2.3676e+03
4.8050e+01, 2.7252e+03
4.8069e+01, 3.1141e+03
4.8107e+01, 3.9543e+03
4.8141e+01, 4.7218e+03
4.8176e+01, 5.4018e+03
4.8193e+01, 5.6782e+03
4.8210e+01, 5.8971e+03
4.8227e+01, 6.0496e+03
4.8244e+01, 6.1291e+03
4.8254e+01, 6.1403e+03
4.8270e+01, 6.1035e+03
4.8287e+01, 5.9987e+03
4.8319e+01, 5.6043e+03
4.8352e+01, 5.0155e+03
4.8384e+01, 4.3120e+03
4.8420e+01, 3.5024e+03
4.8456e+01, 2.7443e+03
4.8474e+01, 2.4037e+03
4.8492e+01, 2.0944e+03
4.8510e+01, 1.8181e+03
4.8527e+01, 1.5750e+03
4.8545e+01, 1.3724e+03
4.8562e+01, 1.1969e+03
4.8579e+01, 1.0458e+03
4.8596e+01, 9.1670e+02
4.8613e+01, 8.0665e+02
4.8630e+01, 7.1319e+02
4.8647e+01, 6.3382e+02
4.8664e+01, 5.6633e+02
4.8681e+01, 5.0879e+02
4.8699e+01, 4.5960e+02
4.8716e+01, 4.1730e+02
4.8733e+01, 3.8079e+02
4.8750e+01, 3.4906e+02
4.8767e+01, 3.2134e+02
4.8801e+01, 2.7543e+02
4.8830e+01, 2.4386e+02
4.8860e+01, 2.1768e+02
4.8889e+01, 1.9568e+02
4.8918e+01, 1.7699e+02
4.8948e+01, 1.6095e+02
4.8977e+01, 1.4706e+02
4.9006e+01, 1.3494e+02
4.9036e+01, 1.2429e+02
4.9094e+01, 1.0651e+02
4.9153e+01, 9.2344e+01
4.9212e+01, 8.0858e+01
4.9270e+01, 7.1415e+01
4.9316e+01, 6.5184e+01
4.9361e+01, 5.9747e+01
4.9407e+01, 5.4975e+01
4.9453e+01, 5.0762e+01
4.9544e+01, 4.3687e+01
4.9635e+01, 3.7999e+01
4.9726e+01, 3.3351e+01
4.9818e+01, 2.9508e+01
4.9909e+01, 2.6297e+01
5.0000e+01, 2.3588e+01
5.0089e+01, 2.1334e+01
5.0178e+01, 1.9393e+01
5.0267e+01, 1.7710e+01
5.0356e+01, 1.6242e+01
5.0445e+01, 1.4953e+01
5.0534e+01, 1.3817e+01
5.0712e+01, 1.1917e+01
5.0890e+01, 1.0413e+01
5.1068e+01, 9.1927e+00
5.1246e+01, 8.1969e+00
5.1423e+01, 7.3870e+00
5.1627e+01, 6.6520e+00
5.1830e+01, 6.0979e+00
5.2034e+01, 5.7212e+00
5.2135e+01, 5.6112e+00
5.2237e+01, 5.5706e+00
5.2316e+01, 5.6004e+00
5.2396e+01, 5.7013e+00
5.2475e+01, 5.9005e+00
5.2555e+01, 6.2463e+00
5.2594e+01, 6.5001e+00
5.2634e+01, 6.8309e+00
5.2674e+01, 7.2676e+00
5.2714e+01, 7.8578e+00
5.2753e+01, 8.6876e+00
5.2773e+01, 9.2386e+00
5.2793e+01, 9.9207e+00
5.2813e+01, 1.0780e+01
5.2833e+01, 1.1879e+01
5.2853e+01, 1.3306e+01
5.2872e+01, 1.5179e+01
5.2885e+01, 1.6683e+01
5.2898e+01, 1.8483e+01
5.2911e+01, 2.0638e+01
5.2923e+01, 2.3214e+01
5.2936e+01, 2.6286e+01
5.2949e+01, 2.9939e+01
5.2961e+01, 3.4261e+01
5.2974e+01, 3.9349e+01
5.2987e+01, 4.5298e+01
5.3000e+01, 5.2209e+01
5.3012e+01, 6.0172e+01
5.3025e+01, 6.9271e+01
5.3038e+01, 7.9574e+01
5.3050e+01, 9.1128e+01
5.3063e+01, 1.0395e+02
5.3076e+01, 1.1803e+02
5.3101e+01, 1.4969e+02
5.3127e+01, 1.8511e+02
5.3152e+01, 2.2254e+02
5.3177e+01, 2.5952e+02
5.3203e+01, 2.9310e+02
5.3228e+01, 3.2025e+02
5.3254e+01, 3.3826e+02
5.3278e+01, 3.4525e+02
5.3282e+01, 3.4533e+02
5.3296e+01, 3.4339e+02
5.3315e+01, 3.3520e+02
5.3334e+01, 3.2106e+02
5.3363e+01, 2.9012e+02
5.3392e+01, 2.5132e+02
5.3419e+01, 2.1155e+02
5.3446e+01, 1.7214e+02
5.3473e+01, 1.3577e+02
5.3486e+01, 1.1933e+02
5.3500e+01, 1.0423e+02
5.3513e+01, 9.0540e+01
5.3527e+01, 7.8290e+01
5.3541e+01, 6.7448e+01
5.3554e+01, 5.7954e+01
5.3568e+01, 4.9717e+01
5.3581e+01, 4.2648e+01
5.3595e+01, 3.6627e+01
5.3608e+01, 3.1536e+01
5.3622e+01, 2.7256e+01
5.3635e+01, 2.3682e+01
5.3649e+01, 2.0709e+01
5.3662e+01, 1.8241e+01
5.3676e+01, 1.6196e+01
5.3689e+01, 1.4501e+01
5.3703e+01, 1.3094e+01
5.3717e+01, 1.1922e+01
5.3734e+01, 1.0667e+01
5.3752e+01, 9.6638e+00
5.3770e+01, 8.8504e+00
5.3788e+01, 8.1820e+00
5.3805e+01, 7.6237e+00
5.3823e+01, 7.1510e+00
5.3859e+01, 6.3916e+00
5.3894e+01, 5.8051e+00
5.3930e+01, 5.3356e+00
5.3965e+01, 4.9497e+00
5.4001e+01, 4.6265e+00
5.4072e+01, 4.1144e+00
5.4143e+01, 3.7270e+00
5.4214e+01, 3.4232e+00
5.4285e+01, 3.1779e+00
5.4363e+01, 2.9571e+00
5.4441e+01, 2.7737e+00
5.4597e+01, 2.4863e+00
5.4753e+01, 2.2686e+00
5.4908e+01, 2.0938e+00
5.5064e+01, 1.9497e+00
5.5220e+01, 1.8285e+00
5.5531e+01, 1.6337e+00
5.5843e+01, 1.4827e+00
5.6154e+01, 1.3626e+00
5.6466e+01, 1.2605e+00
5.6777e+01, 1.1751e+00
5.7210e+01, 1.0778e+00
5.7644e+01, 1.0001e+00
5.8077e+01, 9.3805e-01
5.8511e+01, 8.8930e-01
5.8944e+01, 8.5222e-01
5.9377e+01, 8.2588e-01
5.9811e+01, 8.0989e-01
6.0244e+01, 8.0440e-01
6.0704e+01, 8.1090e-01
6.1165e+01, 8.3180e-01
6.1625e+01, 8.7005e-01
6.2086e+01, 9.3034e-01
6.2546e+01, 1.0202e+00
6.2776e+01, 1.0784e+00
6.3007e+01, 1.1482e+00
6.3237e+01, 1.2344e+00
6.3467e+01, 1.3396e+00
6.3697e+01, 1.4685e+00
6.3927e+01, 1.6280e+00
6.4131e+01, 1.8015e+00
6.4334e+01, 2.0151e+00
6.4537e+01, 2.2814e+00
6.4740e+01, 2.6163e+00
6.4841e+01, 2.8167e+00
6.4943e+01, 3.0461e+00
6.5045e+01, 3.3104e+00
6.5146e+01, 3.6162e+00
6.5248e+01, 3.9721e+00
6.5349e+01, 4.3895e+00
6.5451e+01, 4.8834e+00
6.5552e+01, 5.4735e+00
6.5644e+01, 6.1083e+00
6.5735e+01, 6.8676e+00
6.5827e+01, 7.7863e+00
6.5918e+01, 8.9143e+00
6.6009e+01, 1.0324e+01
6.6055e+01, 1.1165e+01
6.6101e+01, 1.2119e+01
6.6147e+01, 1.3206e+01
6.6192e+01, 1.4455e+01
6.6238e+01, 1.5899e+01
6.6261e+01, 1.6708e+01
6.6284e+01, 1.7583e+01
6.6300e+01, 1.8243e+01
6.6316e+01, 1.8943e+01
6.6332e+01, 1.9686e+01
6.6348e+01, 2.0477e+01
6.6364e+01, 2.1319e+01
6.6380e+01, 2.2217e+01
6.6396e+01, 2.3177e+01
6.6412e+01, 2.4204e+01
6.6429e+01, 2.5367e+01
6.6438e+01, 2.5983e+01
6.6446e+01, 2.6623e+01
6.6456e+01, 2.7356e+01
6.6465e+01, 2.8123e+01
6.6474e+01, 2.8925e+01
6.6483e+01, 2.9765e+01
6.6493e+01, 3.0645e+01
6.6502e+01, 3.1569e+01
6.6511e+01, 3.2539e+01
6.6521e+01, 3.3560e+01
6.6532e+01, 3.4838e+01
6.6543e+01, 3.6197e+01
6.6554e+01, 3.7650e+01
6.6565e+01, 3.9203e+01
6.6576e+01, 4.0870e+01
6.6587e+01, 4.2662e+01
6.6598e+01, 4.4594e+01
6.6609e+01, 4.6684e+01
6.6618e+01, 4.8592e+01
6.6627e+01, 5.0641e+01
6.6637e+01, 5.2849e+01
6.6646e+01, 5.5232e+01
6.6655e+01, 5.7814e+01
6.6665e+01, 6.0617e+01
6.6674e+01, 6.3668e+01
6.6683e+01, 6.7000e+01
6.6693e+01, 7.0647e+01
6.6702e+01, 7.4649e+01
6.6711e+01, 7.9053e+01
6.6720e+01, 8.3908e+01
6.6730e+01, 8.9274e+01
6.6739e+01, 9.5214e+01
6.6748e+01, 1.0180e+02
6.6758e+01, 1.0912e+02
6.6767e+01, 1.1725e+02
6.6776e+01, 1.2630e+02
6.6786e+01, 1.3637e+02
6.6795e+01, 1.4758e+02
6.6804e+01, 1.6006e+02
6.6814e+01, 1.7395e+02
6.6823e+01, 1.8940e+02
6.6832e+01, 2.0655e+02
6.6841e+01, 2.2558e+02
6.6851e+01, 2.4666e+02
6.6860e+01, 2.6996e+02
6.6869e+01, 2.9566e+02
6.6879e+01, 3.2395e+02
6.6888e+01, 3.5501e+02
6.6897e+01, 3.8901e+02
6.6907e+01, 4.2612e+02
6.6924e+01, 5.0207e+02
6.6941e+01, 5.8959e+02
6.6957e+01, 6.8920e+02
6.6974e+01, 8.0103e+02
6.6991e+01, 9.2476e+02
6.7008e+01, 1.0595e+03
6.7042e+01, 1.3554e+03
6.7117e+01, 2.0289e+03
6.7152e+01, 2.2845e+03
6.7170e+01, 2.3793e+03
6.7188e+01, 2.4467e+03
6.7218e+01, 2.4917e+03
6.7246e+01, 2.4507e+03
6.7274e+01, 2.3341e+03
6.7294e+01, 2.2120e+03
6.7314e+01, 2.0636e+03
6.7354e+01, 1.7157e+03
6.7418e+01, 1.1343e+03
6.7450e+01, 8.7904e+02
6.7466e+01, 7.6611e+02
6.7482e+01, 6.6394e+02
6.7496e+01, 5.8340e+02
6.7510e+01, 5.1106e+02
6.7524e+01, 4.4663e+02
6.7538e+01, 3.8969e+02
6.7552e+01, 3.3974e+02
6.7566e+01, 2.9621e+02
6.7580e+01, 2.5849e+02
6.7594e+01, 2.2600e+02
6.7608e+01, 1.9809e+02
6.7622e+01, 1.7421e+02
6.7636e+01, 1.5384e+02
6.7650e+01, 1.3648e+02
6.7664e+01, 1.2170e+02
6.7678e+01, 1.0911e+02
6.7692e+01, 9.8360e+01
6.7706e+01, 8.9173e+01
6.7730e+01, 7.6316e+01
6.7754e+01, 6.6291e+01
6.7778e+01, 5.8344e+01
6.7802e+01, 5.1931e+01
6.7826e+01, 4.6665e+01
6.7850e+01, 4.2267e+01
6.7874e+01, 3.8538e+01
6.7898e+01, 3.5337e+01
6.7922e+01, 3.2556e+01
6.7946e+01, 3.0119e+01
6.7994e+01, 2.6050e+01
6.8042e+01, 2.2795e+01
6.8090e+01, 2.0140e+01
6.8134e+01, 1.8108e+01
6.8178e+01, 1.6379e+01
6.8222e+01, 1.4893e+01
6.8266e+01, 1.3605e+01
6.8310e+01, 1.2482e+01
6.8354e+01, 1.1495e+01
6.8442e+01, 9.8507e+00
6.8529e+01, 8.5432e+00
6.8617e+01, 7.4862e+00
6.8705e+01, 6.6195e+00
6.8793e+01, 5.9000e+00
6.8881e+01, 5.2949e+00
6.8969e+01, 4.7803e+00
6.9057e+01, 4.3384e+00
6.9145e+01, 3.9563e+00
6.9233e+01, 3.6240e+00
6.9321e+01, 3.3333e+00
6.9497e+01, 2.8512e+00
6.9673e+01, 2.4702e+00
6.9848e+01, 2.1639e+00
7.0024e+01, 1.9138e+00
7.0200e+01, 1.7073e+00
7.0368e+01, 1.5427e+00
7.0536e+01, 1.4020e+00
7.0704e+01, 1.2803e+00
7.0872e+01, 1.1747e+00
7.1039e+01, 1.0826e+00
7.1207e+01, 1.0019e+00
7.1543e+01, 8.6754e-01
7.1879e+01, 7.6084e-01
7.2215e+01, 6.7460e-01
7.2550e+01, 6.0382e-01
7.2886e+01, 5.4540e-01
7.3302e+01, 4.8571e-01
7.3717e+01, 4.3619e-01
7.4133e+01, 3.9487e-01
7.4549e+01, 3.6001e-01
7.4964e+01, 3.3037e-01
7.5380e+01, 3.0498e-01
7.6211e+01, 2.6373e-01
7.7043e+01, 2.3173e-01
7.7874e+01, 2.0701e-01
7.8705e+01, 1.8618e-01
7.9537e+01, 1.6918e-01
8.0560e+01, 1.5214e-01
8.1583e+01, 1.3824e-01
8.2606e+01, 1.2674e-01
8.3629e+01, 1.1709e-01
8.4652e+01, 1.0892e-01
8.5676e+01, 1.0196e-01
8.7722e+01, 9.0784e-02
8.9768e+01, 8.2357e-02
9.1815e+01, 7.6002e-02
9.3861e+01, 7.1275e-02
9.5907e+01, 6.7910e-02
9.7954e+01, 6.5767e-02
1.0000e+02, 6.4808e-02
1.0169e+02, 6.4977e-02
1.0338e+02, 6.6146e-02
1.0507e+02, 6.8498e-02
1.0676e+02, 7.2364e-02
1.0761e+02, 7.4896e-02
1.0845e+02, 7.8288e-02
1.0930e+02, 8.2233e-02
1.1014e+02, 8.7171e-02
1.1099e+02, 9.2990e-02
1.1183e+02, 1.0044e-01
1.1268e+02, 1.0976e-01
1.1352e+02, 1.2156e-01
1.1418e+02, 1.3303e-01
1.1483e+02, 1.4715e-01
1.1549e+02, 1.6475e-01
1.1615e+02, 1.8640e-01
1.1681e+02, 2.1479e-01
1.1714e+02, 2.3214e-01
1.1746e+02, 2.5216e-01
1.1779e+02, 2.7543e-01
1.1812e+02, 3.0269e-01
1.1845e+02, 3.3490e-01
1.1878e+02, 3.7333e-01
1.1908e+02, 4.1609e-01
1.1939e+02, 4.6727e-01
1.1969e+02, 5.2903e-01
1.2000e+02, 6.0585e-01
1.2030e+02, 7.0246e-01
1.2046e+02, 7.6027e-01
1.2061e+02, 8.2593e-01
1.2076e+02, 9.0103e-01
1.2091e+02, 9.8736e-01
1.2107e+02, 1.0874e+00
1.2122e+02, 1.2042e+00
1.2138e+02, 1.3533e+00
1.2155e+02, 1.5326e+00
1.2171e+02, 1.7508e+00
1.2188e+02, 2.0206e+00
1.2204e+02, 2.3613e+00
1.2212e+02, 2.5664e+00
1.2221e+02, 2.8002e+00
1.2229e+02, 3.0689e+00
1.2237e+02, 3.3790e+00
1.2245e+02, 3.7406e+00
1.2253e+02, 4.1647e+00
1.2260e+02, 4.5909e+00
1.2267e+02, 5.0872e+00
1.2275e+02, 5.6711e+00
1.2282e+02, 6.3654e+00
1.2289e+02, 7.2028e+00
1.2292e+02, 7.6874e+00
1.2296e+02, 8.2253e+00
1.2299e+02, 8.8254e+00
1.2303e+02, 9.4984e+00
1.2304e+02, 9.8664e+00
1.2306e+02, 1.0258e+01
1.2308e+02, 1.0675e+01
1.2310e+02, 1.1121e+01
1.2311e+02, 1.1478e+01
1.2312e+02, 1.1852e+01
1.2314e+02, 1.2247e+01
1.2315e+02, 1.2664e+01
1.2316e+02, 1.3106e+01
1.2318e+02, 1.3575e+01
1.2319e+02, 1.4073e+01
1.2320e+02, 1.4603e+01
1.2322e+02, 1.5304e+01
1.2324e+02, 1.6061e+01
1.2325e+02, 1.6887e+01
1.2327e+02, 1.7793e+01
1.2328e+02, 1.8798e+01
1.2330e+02, 1.9903e+01
1.2332e+02, 2.1133e+01
1.2333e+02, 2.2509e+01
1.2335e+02, 2.4066e+01
1.2336e+02, 2.5815e+01
1.2338e+02, 2.7815e+01
1.2340e+02, 3.0083e+01
1.2341e+02, 3.2699e+01
1.2343e+02, 3.5689e+01
1.2344e+02, 3.9138e+01
1.2346e+02, 4.3125e+01
1.2348e+02, 4.7773e+01
1.2349e+02, 5.3128e+01
1.2351e+02, 5.9376e+01
1.2353e+02, 6.6573e+01
1.2354e+02, 7.4954e+01
1.2356e+02, 8.4577e+01
1.2357e+02, 9.5659e+01
1.2359e+02, 1.0838e+02
1.2361e+02, 1.2303e+02
1.2362e+02, 1.3962e+02
1.2364e+02, 1.5856e+02
1.2365e+02, 1.7979e+02
1.2367e+02, 2.0376e+02
1.2369e+02, 2.3034e+02
1.2370e+02, 2.5999e+02
1.2372e+02, 2.9244e+02
1.2374e+02, 3.2814e+02
1.2375e+02, 3.6665e+02
1.2378e+02, 4.5243e+02
1.2382e+02, 5.4896e+02
1.2385e+02, 6.5304e+02
1.2390e+02, 8.3040e+02
1.2395e+02, 9.9467e+02
1.2399e+02, 1.0775e+03
1.2402e+02, 1.1399e+03
1.2405e+02, 1.1762e+03
1.2408e+02, 1.1884e+03
1.2411e+02, 1.1714e+03
1.2415e+02, 1.1229e+03
1.2418e+02, 1.0452e+03
1.2422e+02, 9.4567e+02
1.2436e+02, 5.0504e+02
1.2439e+02, 4.1282e+02
1.2442e+02, 3.3211e+02
1.2444e+02, 2.9616e+02
1.2445e+02, 2.6326e+02
1.2447e+02, 2.3336e+02
1.2449e+02, 2.0654e+02
1.2450e+02, 1.8232e+02
1.2452e+02, 1.6072e+02
1.2453e+02, 1.4158e+02
1.2455e+02, 1.2478e+02
1.2457e+02, 1.0994e+02
1.2458e+02, 9.7041e+01
1.2460e+02, 8.5730e+01
1.2461e+02, 7.5966e+01
1.2463e+02, 6.7847e+01
1.2465e+02, 6.0823e+01
1.2466e+02, 5.4673e+01
1.2468e+02, 4.9363e+01
1.2469e+02, 4.4717e+01
1.2471e+02, 4.0704e+01
1.2472e+02, 3.7187e+01
1.2474e+02, 3.4140e+01
1.2475e+02, 3.1458e+01
1.2477e+02, 2.9122e+01
1.2480e+02, 2.5238e+01
1.2483e+02, 2.2182e+01
1.2486e+02, 1.9734e+01
1.2489e+02, 1.7736e+01
1.2492e+02, 1.6075e+01
1.2495e+02, 1.4671e+01
1.2498e+02, 1.3468e+01
1.2501e+02, 1.2424e+01
1.2504e+02, 1.1509e+01
1.2511e+02, 9.9788e+00
1.2516e+02, 8.8681e+00
1.2522e+02, 7.9434e+00
1.2527e+02, 7.1607e+00
1.2533e+02, 6.4936e+00
1.2538e+02, 5.9176e+00
1.2544e+02, 5.4181e+00
1.2549e+02, 4.9801e+00
1.2555e+02, 4.5950e+00
1.2566e+02, 3.9491e+00
1.2577e+02, 3.4323e+00
1.2588e+02, 3.0121e+00
1.2598e+02, 2.6658e+00
1.2609e+02, 2.3924e+00
1.2619e+02, 2.1599e+00
1.2630e+02, 1.9602e+00
1.2640e+02, 1.7878e+00
1.2650e+02, 1.6377e+00
1.2661e+02, 1.5065e+00
1.2681e+02, 1.2881e+00
1.2702e+02, 1.1142e+00
1.2723e+02, 9.7383e-01
1.2743e+02, 8.5897e-01
1.2764e+02, 7.6391e-01
1.2783e+02, 6.8885e-01
1.2803e+02, 6.2475e-01
1.2822e+02, 5.6953e-01
1.2842e+02, 5.2167e-01
1.2861e+02, 4.7987e-01
1.2880e+02, 4.4323e-01
1.2919e+02, 3.8266e-01
1.2958e+02, 3.3419e-01
1.2997e+02, 2.9487e-01
1.3035e+02, 2.6269e-01
1.3074e+02, 2.3604e-01
1.3116e+02, 2.1234e-01
1.3157e+02, 1.9252e-01
1.3198e+02, 1.7577e-01
1.3240e+02, 1.6150e-01
1.3281e+02, 1.4924e-01
1.3323e+02, 1.3874e-01
1.3405e+02, 1.2152e-01
1.3488e+02, 1.0810e-01
1.3571e+02, 9.7553e-02
1.3653e+02, 8.9142e-02
1.3736e+02, 8.2362e-02
1.3860e+02, 7.4507e-02
1.3984e+02, 6.8895e-02
1.4109e+02, 6.4408e-02
1.4233e+02, 6.1104e-02
1.4357e+02, 5.8850e-02
1.4481e+02, 5.7294e-02
1.4729e+02, 5.5887e-02
1.4926e+02, 5.6369e-02
1.5122e+02, 5.8139e-02
1.5319e+02, 6.1264e-02
1.5515e+02, 6.5981e-02
1.5712e+02, 7.2760e-02
1.5908e+02, 8.2522e-02
1.6007e+02, 8.8946e-02
1.6105e+02, 9.6296e-02
1.6203e+02, 1.0546e-01
1.6301e+02, 1.1669e-01
1.6389e+02, 1.2899e-01
1.6477e+02, 1.4404e-01
1.6565e+02, 1.6273e-01
1.6653e+02, 1.8628e-01
1.6697e+02, 2.0035e-01
1.6741e+02, 2.1653e-01
1.6785e+02, 2.3467e-01
1.6829e+02, 2.5542e-01
1.6873e+02, 2.7991e-01
1.6917e+02, 3.0857e-01
1.6961e+02, 3.4240e-01
1.7005e+02, 3.8269e-01
1.7046e+02, 4.2813e-01
1.7087e+02, 4.8287e-01
1.7129e+02, 5.4964e-01
1.7170e+02, 6.3225e-01
1.7212e+02, 7.3529e-01
1.7232e+02, 7.9689e-01
1.7253e+02, 8.6735e-01
1.7274e+02, 9.4827e-01
1.7294e+02, 1.0415e+00
1.7315e+02, 1.1499e+00
1.7336e+02, 1.2766e+00
1.7354e+02, 1.4061e+00
1.7372e+02, 1.5570e+00
1.7390e+02, 1.7343e+00
1.7408e+02, 1.9442e+00
1.7426e+02, 2.1949e+00
1.7444e+02, 2.4982e+00
1.7453e+02, 2.6746e+00
1.7462e+02, 2.8711e+00
1.7467e+02, 2.9779e+00
1.7471e+02, 3.0908e+00
1.7476e+02, 3.2106e+00
1.7480e+02, 3.3375e+00
1.7487e+02, 3.5280e+00
1.7493e+02, 3.7354e+00
1.7499e+02, 3.9625e+00
1.7503e+02, 4.0838e+00
1.7506e+02, 4.2110e+00
1.7510e+02, 4.4120e+00
1.7515e+02, 4.6276e+00
1.7520e+02, 4.8603e+00
1.7524e+02, 5.1110e+00
1.7528e+02, 5.3152e+00
1.7532e+02, 5.5316e+00
1.7535e+02, 5.7626e+00
1.7539e+02, 6.0081e+00
1.7542e+02, 6.2708e+00
1.7546e+02, 6.5509e+00
1.7549e+02, 6.8516e+00
1.7553e+02, 7.1733e+00
1.7557e+02, 7.5524e+00
1.7561e+02, 7.9634e+00
1.7565e+02, 8.4103e+00
1.7568e+02, 8.8973e+00
1.7572e+02, 9.4297e+00
1.7576e+02, 1.0014e+01
1.7580e+02, 1.0656e+01
1.7584e+02, 1.1364e+01
1.7587e+02, 1.1913e+01
1.7589e+02, 1.2505e+01
1.7592e+02, 1.3146e+01
1.7595e+02, 1.3838e+01
1.7598e+02, 1.4594e+01
1.7600e+02, 1.5419e+01
1.7603e+02, 1.6324e+01
1.7606e+02, 1.7316e+01
1.7609e+02, 1.8417e+01
1.7611e+02, 1.9642e+01
1.7614e+02, 2.1012e+01
1.7617e+02, 2.2551e+01
1.7620e+02, 2.4304e+01
1.7622e+02, 2.6310e+01
1.7625e+02, 2.8625e+01
1.7628e+02, 3.1308e+01
1.7630e+02, 3.3294e+01
1.7631e+02, 3.5504e+01
1.7633e+02, 3.7972e+01
1.7635e+02, 4.0719e+01
1.7637e+02, 4.3820e+01
1.7639e+02, 4.7309e+01
1.7640e+02, 5.1244e+01
1.7642e+02, 5.5661e+01
1.7644e+02, 6.0681e+01
1.7646e+02, 6.6358e+01
1.7647e+02, 7.2780e+01
1.7649e+02, 7.9998e+01
1.7651e+02, 8.8195e+01
1.7653e+02, 9.7443e+01
1.7655e+02, 1.0786e+02
1.7656e+02, 1.1949e+02
1.7658e+02, 1.3136e+02
1.7660e+02, 1.4449e+02
1.7661e+02, 1.5898e+02
1.7663e+02, 1.7482e+02
1.7664e+02, 1.9228e+02
1.7666e+02, 2.1125e+02
1.7669e+02, 2.5439e+02
1.7672e+02, 3.0480e+02
1.7676e+02, 3.6229e+02
1.7679e+02, 4.2675e+02
1.7682e+02, 4.9749e+02
1.7689e+02, 6.6851e+02
1.7696e+02, 8.4175e+02
1.7702e+02, 9.5839e+02
1.7707e+02, 1.0439e+03
1.7711e+02, 1.0787e+03
1.7715e+02, 1.0905e+03
1.7718e+02, 1.0834e+03
1.7721e+02, 1.0629e+03
1.7724e+02, 1.0298e+03
1.7727e+02, 9.8556e+02
1.7733e+02, 8.6226e+02
1.7739e+02, 7.1550e+02
1.7745e+02, 5.7178e+02
1.7750e+02, 4.3872e+02
1.7753e+02, 3.7919e+02
1.7756e+02, 3.2523e+02
1.7759e+02, 2.7712e+02
1.7762e+02, 2.3489e+02
1.7765e+02, 1.9985e+02
1.7768e+02, 1.6977e+02
1.7771e+02, 1.4412e+02
1.7773e+02, 1.2245e+02
1.7776e+02, 1.0429e+02
1.7779e+02, 8.9153e+01
1.7782e+02, 7.6608e+01
1.7784e+02, 6.6240e+01
1.7787e+02, 5.7682e+01
1.7790e+02, 5.0616e+01
1.7793e+02, 4.4767e+01
1.7796e+02, 3.9907e+01
1.7798e+02, 3.5846e+01
1.7801e+02, 3.2430e+01
1.7804e+02, 2.9533e+01
1.7807e+02, 2.7057e+01
1.7809e+02, 2.5015e+01
1.7812e+02, 2.3234e+01
1.7817e+02, 2.0267e+01
1.7822e+02, 1.7892e+01
1.7828e+02, 1.5954e+01
1.7833e+02, 1.4336e+01
1.7838e+02, 1.2970e+01
1.7844e+02, 1.1801e+01
1.7849e+02, 1.0790e+01
1.7854e+02, 9.9074e+00
1.7859e+02, 9.1336e+00
1.7870e+02, 7.8420e+00
1.7881e+02, 6.8115e+00
1.7891e+02, 5.9765e+00
1.7901e+02, 5.3550e+00
1.7910e+02, 4.8282e+00
1.7920e+02, 4.3768e+00
1.7929e+02, 3.9878e+00
1.7938e+02, 3.6492e+00
1.7948e+02, 3.3530e+00
1.7967e+02, 2.8602e+00
1.7986e+02, 2.4693e+00
1.8005e+02, 2.1542e+00
1.8024e+02, 1.8967e+00
1.8042e+02, 1.6838e+00
1.8060e+02, 1.5150e+00
1.8078e+02, 1.3710e+00
1.8096e+02, 1.2471e+00
1.8114e+02, 1.1399e+00
1.8131e+02, 1.0465e+00
1.8149e+02, 9.6498e-01
1.8185e+02, 8.2890e-01
1.8220e+02, 7.2016e-01
1.8256e+02, 6.3251e-01
1.8292e+02, 5.6092e-01
1.8327e+02, 5.0174e-01
1.8365e+02, 4.4948e-01
1.8403e+02, 4.0588e-01
1.8441e+02, 3.6917e-01
1.8478e+02, 3.3810e-01
1.8516e+02, 3.1198e-01
1.8554e+02, 2.8939e-01
1.8592e+02, 2.6955e-01
1.8630e+02, 2.5251e-01
1.8705e+02, 2.2483e-01
1.8781e+02, 2.0405e-01
1.8857e+02, 1.8864e-01
1.8932e+02, 1.7760e-01
1.8986e+02, 1.7213e-01
1.9039e+02, 1.6841e-01
1.9092e+02, 1.6636e-01
1.9146e+02, 1.6602e-01
1.9213e+02, 1.6816e-01
1.9279e+02, 1.7346e-01
1.9346e+02, 1.8254e-01
1.9413e+02, 1.9631e-01
1.9479e+02, 2.1605e-01
1.9513e+02, 2.2921e-01
1.9546e+02, 2.4502e-01
1.9580e+02, 2.6410e-01
1.9613e+02, 2.8724e-01
1.9646e+02, 3.1550e-01
1.9680e+02, 3.5033e-01
1.9709e+02, 3.8737e-01
1.9738e+02, 4.3243e-01
1.9766e+02, 4.8797e-01
1.9795e+02, 5.5811e-01
1.9824e+02, 6.4813e-01
1.9839e+02, 7.0288e-01
1.9853e+02, 7.6585e-01
1.9868e+02, 8.3875e-01
1.9882e+02, 9.2380e-01
1.9897e+02, 1.0238e+00
1.9911e+02, 1.1423e+00
1.9922e+02, 1.2493e+00
1.9933e+02, 1.3730e+00
1.9944e+02, 1.5172e+00
1.9956e+02, 1.6872e+00
1.9967e+02, 1.8897e+00
1.9978e+02, 2.1337e+00
1.9989e+02, 2.4318e+00
2.0000e+02, 2.8013e+00
2.0008e+02, 3.1346e+00
2.0016e+02, 3.5346e+00
2.0025e+02, 4.0227e+00
2.0033e+02, 4.6295e+00
2.0037e+02, 4.9916e+00
2.0041e+02, 5.4037e+00
2.0045e+02, 5.8776e+00
2.0047e+02, 6.1425e+00
2.0049e+02, 6.4294e+00
2.0051e+02, 6.7412e+00
2.0053e+02, 7.0816e+00
2.0055e+02, 7.4551e+00
2.0057e+02, 7.8668e+00
2.0059e+02, 8.3234e+00
2.0062e+02, 8.8325e+00
2.0064e+02, 9.4035e+00
2.0065e+02, 9.7173e+00
2.0066e+02, 1.0048e+01
2.0067e+02, 1.0501e+01
2.0068e+02, 1.0988e+01
2.0069e+02, 1.1519e+01
2.0071e+02, 1.2097e+01
2.0072e+02, 1.2729e+01
2.0073e+02, 1.3421e+01
2.0075e+02, 1.4179e+01
2.0076e+02, 1.5011e+01
2.0077e+02, 1.6046e+01
2.0079e+02, 1.7190e+01
2.0080e+02, 1.8466e+01
2.0082e+02, 1.9889e+01
2.0083e+02, 2.1477e+01
2.0085e+02, 2.3251e+01
2.0086e+02, 2.5231e+01
2.0087e+02, 2.7442e+01
2.0089e+02, 3.0346e+01
2.0091e+02, 3.3622e+01
2.0092e+02, 3.7332e+01
2.0094e+02, 4.1527e+01
2.0096e+02, 4.6260e+01
2.0097e+02, 5.1587e+01
2.0099e+02, 5.7565e+01
2.0101e+02, 6.4256e+01
2.0103e+02, 7.1719e+01
2.0104e+02, 8.0014e+01
2.0106e+02, 8.9201e+01
2.0108e+02, 9.9336e+01
2.0109e+02, 1.1047e+02
2.0111e+02, 1.2265e+02
2.0113e+02, 1.3592e+02
2.0114e+02, 1.5030e+02
2.0118e+02, 1.8257e+02
2.0121e+02, 2.1925e+02
2.0124e+02, 2.6016e+02
2.0128e+02, 3.0472e+02
2.0141e+02, 4.9685e+02
2.0145e+02, 5.5152e+02
2.0149e+02, 5.9646e+02
2.0153e+02, 6.2267e+02
2.0156e+02, 6.3964e+02
2.0160e+02, 6.4680e+02
2.0163e+02, 6.4165e+02
2.0167e+02, 6.2673e+02
2.0171e+02, 5.9560e+02
2.0175e+02, 5.5282e+02
2.0181e+02, 4.7297e+02
2.0187e+02, 3.8457e+02
2.0192e+02, 3.0470e+02
2.0198e+02, 2.3248e+02
2.0201e+02, 2.0037e+02
2.0204e+02, 1.7133e+02
2.0206e+02, 1.4545e+02
2.0209e+02, 1.2278e+02
2.0212e+02, 1.0303e+02
2.0215e+02, 8.6112e+01
2.0217e+02, 7.1775e+01
2.0220e+02, 5.9793e+01
2.0223e+02, 4.9801e+01
2.0226e+02, 4.1569e+01
2.0229e+02, 3.4835e+01
2.0231e+02, 2.9374e+01
2.0234e+02, 2.4932e+01
2.0237e+02, 2.1340e+01
2.0240e+02, 1.8437e+01
2.0243e+02, 1.6095e+01
2.0245e+02, 1.4183e+01
2.0248e+02, 1.2621e+01
2.0251e+02, 1.1335e+01
2.0254e+02, 1.0269e+01
2.0256e+02, 9.4460e+00
2.0259e+02, 8.7403e+00
2.0264e+02, 7.5882e+00
2.0269e+02, 6.6893e+00
2.0274e+02, 5.9663e+00
2.0279e+02, 5.3699e+00
2.0284e+02, 4.8683e+00
2.0289e+02, 4.4400e+00
2.0294e+02, 4.0706e+00
2.0299e+02, 3.7476e+00
2.0304e+02, 3.4637e+00
2.0315e+02, 2.9892e+00
2.0325e+02, 2.6093e+00
2.0335e+02, 2.3004e+00
2.0344e+02, 2.0569e+00
2.0354e+02, 1.8516e+00
2.0364e+02, 1.6767e+00
2.0373e+02, 1.5263e+00
2.0383e+02, 1.3959e+00
2.0393e+02, 1.2821e+00
2.0412e+02, 1.0937e+00
2.0431e+02, 9.4522e-01
2.0450e+02, 8.2622e-01
2.0470e+02, 7.2933e-01
2.0489e+02, 6.4937e-01
2.0507e+02, 5.8582e-01
2.0525e+02, 5.3179e-01
2.0544e+02, 4.8554e-01
2.0562e+02, 4.4564e-01
2.0580e+02, 4.1079e-01
2.0598e+02, 3.8015e-01
2.0635e+02, 3.2903e-01
2.0671e+02, 2.8854e-01
2.0708e+02, 2.5592e-01
2.0744e+02, 2.2926e-01
2.0781e+02, 2.0717e-01
2.0823e+02, 1.8589e-01
2.0866e+02, 1.6843e-01
2.0909e+02, 1.5404e-01
2.0951e+02, 1.4166e-01
2.0994e+02, 1.3115e-01
2.1036e+02, 1.2215e-01
2.1121e+02, 1.0762e-01
2.1207e+02, 9.6557e-02
2.1292e+02, 8.7984e-02
2.1377e+02, 8.1451e-02
2.1462e+02, 7.5949e-02
2.1559e+02, 7.1145e-02
2.1657e+02, 6.7388e-02
2.1754e+02, 6.4430e-02
2.1851e+02, 6.2190e-02
2.2046e+02, 5.9472e-02
2.2240e+02, 5.8491e-02
2.2395e+02, 5.8879e-02
2.2549e+02, 6.0254e-02
2.2703e+02, 6.2680e-02
2.2857e+02, 6.6341e-02
2.3011e+02, 7.1611e-02
2.3165e+02, 7.9175e-02
2.3319e+02, 8.9935e-02
2.3396e+02, 9.7246e-02
2.3473e+02, 1.0637e-01
2.3534e+02, 1.1530e-01
2.3595e+02, 1.2627e-01
2.3655e+02, 1.4004e-01
2.3716e+02, 1.5759e-01
2.3747e+02, 1.6815e-01
2.3777e+02, 1.8050e-01
2.3808e+02, 1.9503e-01
2.3838e+02, 2.1221e-01
2.3868e+02, 2.3278e-01
2.3899e+02, 2.5771e-01
2.3929e+02, 2.8838e-01
2.3960e+02, 3.2664e-01
2.3982e+02, 3.6135e-01
2.4004e+02, 4.0371e-01
2.4026e+02, 4.5618e-01
2.4049e+02, 5.2230e-01
2.4071e+02, 6.0743e-01
2.4082e+02, 6.5956e-01
2.4093e+02, 7.1988e-01
2.4105e+02, 7.9023e-01
2.4116e+02, 8.7307e-01
2.4127e+02, 9.7167e-01
2.4138e+02, 1.0906e+00
2.4149e+02, 1.2290e+00
2.4159e+02, 1.3995e+00
2.4170e+02, 1.6142e+00
2.4175e+02, 1.7432e+00
2.4181e+02, 1.8907e+00
2.4186e+02, 2.0616e+00
2.4191e+02, 2.2612e+00
2.4197e+02, 2.4988e+00
2.4202e+02, 2.7879e+00
2.4207e+02, 3.1501e+00
2.4212e+02, 3.6199e+00
2.4215e+02, 3.9116e+00
2.4218e+02, 4.2537e+00
2.4220e+02, 4.6585e+00
2.4223e+02, 5.1420e+00
2.4225e+02, 5.6058e+00
2.4227e+02, 6.1444e+00
2.4230e+02, 6.7778e+00
2.4232e+02, 7.5179e+00
2.4234e+02, 8.3921e+00
2.4236e+02, 9.4162e+00
2.4238e+02, 1.0621e+01
2.4240e+02, 1.2038e+01
2.4243e+02, 1.3709e+01
2.4245e+02, 1.5659e+01
2.4247e+02, 1.7950e+01
2.4249e+02, 2.0605e+01
2.4251e+02, 2.3702e+01
2.4253e+02, 2.7265e+01
2.4255e+02, 3.1363e+01
2.4258e+02, 3.6051e+01
2.4259e+02, 3.9754e+01
2.4261e+02, 4.3799e+01
2.4262e+02, 4.8208e+01
2.4264e+02, 5.2996e+01
2.4266e+02, 6.0965e+01
2.4268e+02, 6.9843e+01
2.4271e+02, 7.9698e+01
2.4273e+02, 9.0552e+01
2.4276e+02, 1.0520e+02
2.4278e+02, 1.2124e+02
2.4281e+02, 1.3871e+02
2.4284e+02, 1.5732e+02
2.4290e+02, 1.9739e+02
2.4295e+02, 2.3891e+02
2.4301e+02, 2.7859e+02
2.4306e+02, 3.1264e+02
2.4312e+02, 3.3757e+02
2.4317e+02, 3.5046e+02
2.4320e+02, 3.5207e+02
2.4320e+02, 3.5202e+02
2.4322e+02, 3.5118e+02
2.4323e+02, 3.4933e+02
2.4327e+02, 3.4271e+02
2.4330e+02, 3.3190e+02
2.4333e+02, 3.1749e+02
2.4339e+02, 2.8004e+02
2.4345e+02, 2.3537e+02
2.4351e+02, 1.9081e+02
2.4357e+02, 1.4853e+02
2.4360e+02, 1.2910e+02
2.4363e+02, 1.1119e+02
2.4366e+02, 9.4918e+01
2.4369e+02, 8.0418e+01
2.4372e+02, 6.8150e+01
2.4375e+02, 5.7441e+01
2.4378e+02, 4.8136e+01
2.4381e+02, 4.0196e+01
2.4384e+02, 3.3445e+01
2.4386e+02, 2.7800e+01
2.4389e+02, 2.3103e+01
2.4392e+02, 1.9227e+01
2.4395e+02, 1.6040e+01
2.4398e+02, 1.3455e+01
2.4401e+02, 1.1353e+01
2.4404e+02, 9.6607e+00
2.4406e+02, 8.2915e+00
2.4409e+02, 7.1913e+00
2.4412e+02, 6.3021e+00
2.4415e+02, 5.5806e+00
2.4418e+02, 5.0447e+00
2.4420e+02, 4.5958e+00
2.4423e+02, 4.2170e+00
2.4425e+02, 3.8949e+00
2.4428e+02, 3.6185e+00
2.4430e+02, 3.3791e+00
2.4436e+02, 2.9856e+00
2.4441e+02, 2.6747e+00
2.4446e+02, 2.4217e+00
2.4451e+02, 2.2107e+00
2.4456e+02, 2.0319e+00
2.4461e+02, 1.8775e+00
2.4466e+02, 1.7430e+00
2.4477e+02, 1.5206e+00
2.4487e+02, 1.3444e+00
2.4497e+02, 1.2024e+00
2.4509e+02, 1.0688e+00
2.4521e+02, 9.6124e-01
2.4533e+02, 8.7343e-01
2.4545e+02, 8.0092e-01
2.4557e+02, 7.4033e-01
2.4569e+02, 6.8934e-01
2.4581e+02, 6.4618e-01
2.4593e+02, 6.0953e-01
2.4617e+02, 5.5157e-01
2.4641e+02, 5.0941e-01
2.4665e+02, 4.7890e-01
2.4689e+02, 4.5704e-01
2.4726e+02, 4.3647e-01
2.4762e+02, 4.2829e-01
2.4808e+02, 4.3230e-01
2.4853e+02, 4.5046e-01
2.4899e+02, 4.8281e-01
2.4945e+02, 5.3119e-01
2.4968e+02, 5.6250e-01
2.4990e+02, 5.9942e-01
2.5013e+02, 6.4289e-01
2.5036e+02, 6.9406e-01
2.5059e+02, 7.5431e-01
2.5082e+02, 8.2534e-01
2.5105e+02, 9.0987e-01
2.5127e+02, 1.0118e+00
2.5145e+02, 1.1059e+00
2.5163e+02, 1.2161e+00
2.5180e+02, 1.3460e+00
2.5198e+02, 1.5004e+00
2.5216e+02, 1.6858e+00
2.5234e+02, 1.9108e+00
2.5242e+02, 2.0419e+00
2.5251e+02, 2.1882e+00
2.5260e+02, 2.3520e+00
2.5265e+02, 2.4413e+00
2.5269e+02, 2.5361e+00
2.5276e+02, 2.7021e+00
2.5283e+02, 2.8859e+00
2.5287e+02, 2.9854e+00
2.5290e+02, 3.0906e+00
2.5294e+02, 3.2017e+00
2.5297e+02, 3.3189e+00
2.5299e+02, 3.3578e+00
2.5301e+02, 3.4484e+00
2.5304e+02, 3.5429e+00
2.5309e+02, 3.7446e+00
2.5314e+02, 3.9650e+00
2.5319e+02, 4.2062e+00
2.5324e+02, 4.4412e+00
2.5328e+02, 4.6977e+00
2.5331e+02, 4.8351e+00
2.5333e+02, 4.9784e+00
2.5335e+02, 5.1286e+00
2.5337e+02, 5.2862e+00
2.5340e+02, 5.4523e+00
2.5342e+02, 5.6261e+00
2.5347e+02, 6.0016e+00
2.5351e+02, 6.4200e+00
2.5356e+02, 6.8867e+00
2.5359e+02, 7.2411e+00
2.5362e+02, 7.6265e+00
2.5365e+02, 8.0471e+00
2.5368e+02, 8.5080e+00
2.5371e+02, 9.0153e+00
2.5375e+02, 9.5767e+00
2.5378e+02, 1.0201e+01
2.5381e+02, 1.0901e+01
2.5384e+02, 1.1691e+01
2.5387e+02, 1.2588e+01
2.5390e+02, 1.3617e+01
2.5393e+02, 1.4806e+01
2.5397e+02, 1.6194e+01
2.5400e+02, 1.7825e+01
2.5403e+02, 1.9759e+01
2.5406e+02, 2.2067e+01
2.5408e+02, 2.3908e+01
2.5410e+02, 2.5988e+01
2.5412e+02, 2.8353e+01
2.5415e+02, 3.1045e+01
2.5417e+02, 3.4109e+01
2.5419e+02, 3.7600e+01
2.5421e+02, 4.1572e+01
2.5423e+02, 4.6089e+01
2.5425e+02, 5.1218e+01
2.5427e+02, 5.7030e+01
2.5429e+02, 6.3599e+01
2.5432e+02, 7.1004e+01
2.5434e+02, 7.9324e+01
2.5436e+02, 8.8638e+01
2.5438e+02, 9.9024e+01
2.5440e+02, 1.1055e+02
2.5443e+02, 1.2968e+02
2.5446e+02, 1.5159e+02
2.5450e+02, 1.7638e+02
2.5453e+02, 2.0409e+02
2.5456e+02, 2.3466e+02
2.5459e+02, 2.6787e+02
2.5465e+02, 3.4069e+02
2.5480e+02, 5.2078e+02
2.5486e+02, 5.8279e+02
2.5493e+02, 6.2539e+02
2.5496e+02, 6.3901e+02
2.5500e+02, 6.4356e+02
2.5505e+02, 6.3420e+02
2.5510e+02, 6.0728e+02
2.5517e+02, 5.4950e+02
2.5524e+02, 4.7403e+02
2.5535e+02, 3.3511e+02
2.5541e+02, 2.6980e+02
2.5546e+02, 2.1194e+02
2.5551e+02, 1.6898e+02
2.5554e+02, 1.5013e+02
2.5556e+02, 1.3303e+02
2.5559e+02, 1.1761e+02
2.5561e+02, 1.0381e+02
2.5563e+02, 9.1522e+01
2.5566e+02, 8.0655e+01
2.5568e+02, 7.1091e+01
2.5571e+02, 6.2713e+01
2.5573e+02, 5.5406e+01
2.5576e+02, 4.9054e+01
2.5578e+02, 4.3550e+01
2.5581e+02, 3.8791e+01
2.5583e+02, 3.4682e+01
2.5585e+02, 3.1138e+01
2.5587e+02, 2.8516e+01
2.5590e+02, 2.6212e+01
2.5594e+02, 2.2365e+01
2.5598e+02, 1.9341e+01
2.5602e+02, 1.6940e+01
2.5606e+02, 1.5010e+01
2.5610e+02, 1.3437e+01
2.5614e+02, 1.2136e+01
2.5618e+02, 1.1043e+01
2.5623e+02, 1.0114e+01
2.5627e+02, 9.3130e+00
2.5635e+02, 8.0019e+00
2.5643e+02, 6.9727e+00
2.5651e+02, 6.1436e+00
2.5660e+02, 5.4617e+00
2.5668e+02, 4.8935e+00
2.5676e+02, 4.4134e+00
2.5685e+02, 4.0034e+00
2.5693e+02, 3.6500e+00
2.5701e+02, 3.3431e+00
2.5709e+02, 3.0747e+00
2.5718e+02, 2.8384e+00
2.5734e+02, 2.4435e+00
2.5751e+02, 2.1285e+00
2.5767e+02, 1.8732e+00
2.5784e+02, 1.6633e+00
2.5799e+02, 1.4959e+00
2.5815e+02, 1.3539e+00
2.5831e+02, 1.2321e+00
2.5847e+02, 1.1268e+00
2.5863e+02, 1.0352e+00
2.5878e+02, 9.5515e-01
2.5910e+02, 8.2254e-01
2.5941e+02, 7.1806e-01
2.5973e+02, 6.3433e-01
2.6004e+02, 5.6635e-01
2.6036e+02, 5.1071e-01
2.6075e+02, 4.5450e-01
2.6114e+02, 4.0865e-01
2.6153e+02, 3.7114e-01
2.6192e+02, 3.4021e-01
2.6231e+02, 3.1451e-01
2.6270e+02, 2.9302e-01
2.6309e+02, 2.7497e-01
2.6348e+02, 2.5976e-01
2.6426e+02, 2.3612e-01
2.6505e+02, 2.1992e-01
2.6583e+02, 2.0835e-01
2.6661e+02, 2.0102e-01
2.6757e+02, 1.9676e-01
2.6871e+02, 1.9757e-01
2.6985e+02, 2.0429e-01
2.7099e+02, 2.1702e-01
2.7213e+02, 2.3656e-01
2.7328e+02, 2.6460e-01
2.7385e+02, 2.8279e-01
2.7442e+02, 3.0399e-01
2.7499e+02, 3.2917e-01
2.7556e+02, 3.5834e-01
2.7613e+02, 3.9386e-01
2.7670e+02, 4.3662e-01
2.7717e+02, 4.7814e-01
2.7763e+02, 5.2705e-01
2.7810e+02, 5.8515e-01
2.7856e+02, 6.5481e-01
2.7903e+02, 7.3916e-01
2.7949e+02, 8.4198e-01
2.7973e+02, 9.0197e-01
2.7996e+02, 9.6925e-01
2.8008e+02, 1.0060e+00
2.8019e+02, 1.0451e+00
2.8031e+02, 1.0867e+00
2.8043e+02, 1.1309e+00
2.8051e+02, 1.1633e+00
2.8059e+02, 1.1972e+00
2.8067e+02, 1.2326e+00
2.8075e+02, 1.2697e+00
2.8083e+02, 1.3086e+00
2.8091e+02, 1.3494e+00
2.8099e+02, 1.3921e+00
2.8107e+02, 1.4371e+00
2.8118e+02, 1.5014e+00
2.8129e+02, 1.5703e+00
2.8134e+02, 1.6066e+00
2.8140e+02, 1.6442e+00
2.8145e+02, 1.6831e+00
2.8151e+02, 1.7236e+00
2.8159e+02, 1.7879e+00
2.8167e+02, 1.8560e+00
2.8175e+02, 1.9281e+00
2.8184e+02, 2.0047e+00
2.8192e+02, 2.0861e+00
2.8200e+02, 2.1726e+00
2.8208e+02, 2.2648e+00
2.8217e+02, 2.3632e+00
2.8227e+02, 2.4882e+00
2.8236e+02, 2.6237e+00
2.8246e+02, 2.7708e+00
2.8256e+02, 2.9310e+00
2.8266e+02, 3.1058e+00
2.8275e+02, 3.2972e+00
2.8285e+02, 3.5071e+00
2.8295e+02, 3.7383e+00
2.8302e+02, 3.9123e+00
2.8308e+02, 4.0989e+00
2.8315e+02, 4.2995e+00
2.8322e+02, 4.5155e+00
2.8329e+02, 4.7485e+00
2.8335e+02, 5.0004e+00
2.8342e+02, 5.2732e+00
2.8349e+02, 5.5689e+00
2.8356e+02, 5.8913e+00
2.8362e+02, 6.2431e+00
2.8369e+02, 6.6281e+00
2.8376e+02, 7.0509e+00
2.8383e+02, 7.5166e+00
2.8389e+02, 8.0314e+00
2.8396e+02, 8.6028e+00
2.8403e+02, 9.2386e+00
2.8411e+02, 1.0121e+01
2.8419e+02, 1.1141e+01
2.8428e+02, 1.2332e+01
2.8436e+02, 1.3733e+01
2.8444e+02, 1.5402e+01
2.8453e+02, 1.7416e+01
2.8457e+02, 1.8585e+01
2.8461e+02, 1.9885e+01
2.8465e+02, 2.1338e+01
2.8469e+02, 2.2971e+01
2.8473e+02, 2.4640e+01
2.8477e+02, 2.6511e+01
2.8480e+02, 2.8630e+01
2.8484e+02, 3.1029e+01
2.8488e+02, 3.3777e+01
2.8492e+02, 3.6923e+01
2.8495e+02, 4.0564e+01
2.8499e+02, 4.4775e+01
2.8503e+02, 4.9689e+01
2.8507e+02, 5.5409e+01
2.8510e+02, 6.2117e+01
2.8514e+02, 6.9944e+01
2.8518e+02, 7.9119e+01
2.8522e+02, 8.9792e+01
2.8525e+02, 1.0223e+02
2.8529e+02, 1.1657e+02
2.8533e+02, 1.3482e+02
2.8537e+02, 1.5587e+02
2.8542e+02, 1.7987e+02
2.8546e+02, 2.0685e+02
2.8550e+02, 2.3674e+02
2.8554e+02, 2.6930e+02
2.8562e+02, 3.4051e+02
2.8577e+02, 4.6960e+02
2.8584e+02, 5.2238e+02
2.8592e+02, 5.5853e+02
2.8596e+02, 5.6982e+02
2.8600e+02, 5.7358e+02
2.8606e+02, 5.6564e+02
2.8612e+02, 5.4284e+02
2.8618e+02, 5.0725e+02
2.8624e+02, 4.6201e+02
2.8638e+02, 3.3590e+02
2.8645e+02, 2.7423e+02
2.8653e+02, 2.1901e+02
2.8659e+02, 1.7743e+02
2.8662e+02, 1.5921e+02
2.8665e+02, 1.4273e+02
2.8668e+02, 1.2784e+02
2.8671e+02, 1.1451e+02
2.8674e+02, 1.0264e+02
2.8678e+02, 9.2143e+01
2.8681e+02, 8.2846e+01
2.8684e+02, 7.4658e+01
2.8687e+02, 6.7463e+01
2.8690e+02, 6.1165e+01
2.8693e+02, 5.5620e+01
2.8696e+02, 5.0768e+01
2.8699e+02, 4.6489e+01
2.8703e+02, 4.2733e+01
2.8708e+02, 3.7275e+01
2.8713e+02, 3.2831e+01
2.8719e+02, 2.9173e+01
2.8724e+02, 2.6130e+01
2.8729e+02, 2.3570e+01
2.8735e+02, 2.1393e+01
2.8740e+02, 1.9523e+01
2.8745e+02, 1.7902e+01
2.8751e+02, 1.6486e+01
2.8756e+02, 1.5240e+01
2.8767e+02, 1.3154e+01
2.8778e+02, 1.1483e+01
2.8788e+02, 1.0121e+01
2.8798e+02, 9.0796e+00
2.8808e+02, 8.1942e+00
2.8818e+02, 7.4345e+00
2.8828e+02, 6.7780e+00
2.8837e+02, 6.2054e+00
2.8847e+02, 5.7036e+00
2.8867e+02, 4.8693e+00
2.8887e+02, 4.2077e+00
2.8906e+02, 3.6744e+00
2.8926e+02, 3.2382e+00
2.8946e+02, 2.8770e+00
2.8964e+02, 2.5869e+00
2.8983e+02, 2.3394e+00
2.9002e+02, 2.1260e+00
2.9021e+02, 1.9406e+00
2.9039e+02, 1.7788e+00
2.9058e+02, 1.6368e+00
2.9096e+02, 1.4004e+00
2.9133e+02, 1.2131e+00
2.9171e+02, 1.0621e+00
2.9208e+02, 9.3875e-01
2.9246e+02, 8.3671e-01
2.9281e+02, 7.5538e-01
2.9317e+02, 6.8673e-01
2.9353e+02, 6.2759e-01
2.9389e+02, 5.7629e-01
2.9424e+02, 5.3181e-01
2.9460e+02, 4.9318e-01
2.9532e+02, 4.3005e-01
2.9603e+02, 3.8187e-01
2.9675e+02, 3.4544e-01
2.9746e+02, 3.1886e-01
2.9817e+02, 3.0135e-01
2.9875e+02, 2.9407e-01
2.9932e+02, 2.9371e-01
2.9968e+02, 2.9765e-01
3.0003e+02, 3.0556e-01
3.0039e+02, 3.1903e-01
3.0075e+02, 3.3997e-01
3.0111e+02, 3.7126e-01
3.0128e+02, 3.9218e-01
3.0146e+02, 4.1769e-01
3.0164e+02, 4.4910e-01
3.0182e+02, 4.8813e-01
3.0200e+02, 5.3730e-01
3.0218e+02, 6.0004e-01
3.0232e+02, 6.6343e-01
3.0246e+02, 7.4253e-01
3.0261e+02, 8.4308e-01
3.0275e+02, 9.7359e-01
3.0282e+02, 1.0543e+00
3.0289e+02, 1.1484e+00
3.0296e+02, 1.2597e+00
3.0303e+02, 1.3930e+00
3.0311e+02, 1.5569e+00
3.0318e+02, 1.7641e+00
3.0321e+02, 1.8911e+00
3.0325e+02, 2.0385e+00
3.0328e+02, 2.2125e+00
3.0332e+02, 2.4212e+00
3.0335e+02, 2.6586e+00
3.0339e+02, 2.9470e+00
3.0342e+02, 3.3021e+00
3.0345e+02, 3.7437e+00
3.0349e+02, 4.2969e+00
3.0352e+02, 4.9935e+00
3.0356e+02, 5.8731e+00
3.0357e+02, 6.3978e+00
3.0359e+02, 6.9839e+00
3.0361e+02, 7.6460e+00
3.0362e+02, 8.3843e+00
3.0364e+02, 9.2169e+00
3.0366e+02, 1.0143e+01
3.0367e+02, 1.1185e+01
3.0369e+02, 1.2340e+01
3.0371e+02, 1.3635e+01
3.0372e+02, 1.5065e+01
3.0374e+02, 1.6661e+01
3.0376e+02, 1.8418e+01
3.0379e+02, 2.2503e+01
3.0382e+02, 2.7432e+01
3.0386e+02, 3.3311e+01
3.0388e+02, 3.7002e+01
3.0389e+02, 4.1006e+01
3.0393e+02, 5.0086e+01
3.0397e+02, 6.0629e+01
3.0400e+02, 7.2624e+01
3.0404e+02, 8.6099e+01
3.0408e+02, 1.0087e+02
3.0411e+02, 1.1681e+02
3.0415e+02, 1.3355e+02
3.0421e+02, 1.5866e+02
3.0425e+02, 1.8132e+02
3.0430e+02, 2.0235e+02
3.0435e+02, 2.2048e+02
3.0440e+02, 2.3441e+02
3.0445e+02, 2.4320e+02
3.0450e+02, 2.4619e+02
3.0450e+02, 2.4616e+02
3.0452e+02, 2.4573e+02
3.0453e+02, 2.4478e+02
3.0456e+02, 2.4137e+02
3.0460e+02, 2.3488e+02
3.0463e+02, 2.2593e+02
3.0469e+02, 2.0606e+02
3.0474e+02, 1.8195e+02
3.0486e+02, 1.2889e+02
3.0492e+02, 1.0362e+02
3.0497e+02, 8.0940e+01
3.0500e+02, 7.1234e+01
3.0503e+02, 6.2325e+01
3.0505e+02, 5.4228e+01
3.0508e+02, 4.6966e+01
3.0511e+02, 4.0463e+01
3.0514e+02, 3.4714e+01
3.0516e+02, 2.9674e+01
3.0519e+02, 2.5305e+01
3.0522e+02, 2.1520e+01
3.0525e+02, 1.8277e+01
3.0527e+02, 1.5517e+01
3.0530e+02, 1.3190e+01
3.0533e+02, 1.1225e+01
3.0535e+02, 9.5802e+00
3.0538e+02, 8.2095e+00
3.0541e+02, 7.0749e+00
3.0543e+02, 6.2134e+00
3.0546e+02, 5.4877e+00
3.0548e+02, 4.8765e+00
3.0551e+02, 4.3635e+00
3.0553e+02, 3.9287e+00
3.0556e+02, 3.5609e+00
3.0558e+02, 3.2488e+00
3.0561e+02, 2.9838e+00
3.0563e+02, 2.7558e+00
3.0566e+02, 2.5593e+00
3.0570e+02, 2.2406e+00
3.0575e+02, 1.9935e+00
3.0580e+02, 1.7971e+00
3.0585e+02, 1.6361e+00
3.0590e+02, 1.5016e+00
3.0595e+02, 1.3867e+00
3.0600e+02, 1.2872e+00
3.0610e+02, 1.1227e+00
3.0620e+02, 9.9220e-01
3.0630e+02, 8.8094e-01
3.0641e+02, 7.8976e-01
3.0651e+02, 7.1389e-01
3.0661e+02, 6.4994e-01
3.0672e+02, 5.9543e-01
3.0682e+02, 5.4853e-01
3.0693e+02, 5.0785e-01
3.0703e+02, 4.7234e-01
3.0724e+02, 4.1345e-01
3.0744e+02, 3.6698e-01
3.0765e+02, 3.2960e-01
3.0786e+02, 2.9907e-01
3.0815e+02, 2.6472e-01
3.0844e+02, 2.3746e-01
3.0873e+02, 2.1543e-01
3.0902e+02, 1.9737e-01
3.0931e+02, 1.8235e-01
3.0961e+02, 1.6969e-01
3.1019e+02, 1.4965e-01
3.1077e+02, 1.3470e-01
3.1135e+02, 1.2292e-01
3.1193e+02, 1.1349e-01
3.1251e+02, 1.0583e-01
3.1310e+02, 9.9518e-02
3.1368e+02, 9.4269e-02
3.1484e+02, 8.6174e-02
3.1601e+02, 8.0106e-02
3.1717e+02, 7.5625e-02
3.1833e+02, 7.2352e-02
3.1950e+02, 7.0058e-02
3.2066e+02, 6.8605e-02
3.2182e+02, 6.7912e-02
3.2340e+02, 6.8131e-02
3.2498e+02, 6.9699e-02
3.2656e+02, 7.2732e-02
3.2814e+02, 7.7497e-02
3.2972e+02, 8.4487e-02
3.3130e+02, 9.4524e-02
3.3209e+02, 1.0104e-01
3.3288e+02, 1.0858e-01
3.3367e+02, 1.1786e-01
3.3446e+02, 1.2910e-01
3.3520e+02, 1.4201e-01
3.3595e+02, 1.5773e-01
3.3670e+02, 1.7707e-01
3.3745e+02, 2.0120e-01
3.3820e+02, 2.3177e-01
3.3894e+02, 2.7101e-01
3.3932e+02, 2.9478e-01
3.3969e+02, 3.2245e-01
3.4007e+02, 3.5477e-01
3.4044e+02, 3.9268e-01
3.4083e+02, 4.4030e-01
3.4123e+02, 4.9783e-01
3.4162e+02, 5.6822e-01
3.4202e+02, 6.5559e-01
3.4241e+02, 7.6592e-01
3.4261e+02, 8.3221e-01
3.4281e+02, 9.0765e-01
3.4301e+02, 9.9401e-01
3.4320e+02, 1.0937e+00
3.4340e+02, 1.2099e+00
3.4360e+02, 1.3463e+00
3.4383e+02, 1.5412e+00
3.4395e+02, 1.6554e+00
3.4406e+02, 1.7831e+00
3.4412e+02, 1.8528e+00
3.4418e+02, 1.9266e+00
3.4424e+02, 2.0053e+00
3.4430e+02, 2.0888e+00
3.4436e+02, 2.1780e+00
3.4442e+02, 2.2731e+00
3.4447e+02, 2.3747e+00
3.4453e+02, 2.4834e+00
3.4458e+02, 2.5869e+00
3.4462e+02, 2.6661e+00
3.4466e+02, 2.7489e+00
3.4470e+02, 2.8359e+00
3.4474e+02, 2.9271e+00
3.4477e+02, 3.0231e+00
3.4481e+02, 3.1238e+00
3.4485e+02, 3.2300e+00
3.4489e+02, 3.3417e+00
3.4494e+02, 3.5233e+00
3.4497e+02, 3.6199e+00
3.4500e+02, 3.7204e+00
3.4503e+02, 3.8256e+00
3.4506e+02, 3.9355e+00
3.4511e+02, 4.1701e+00
3.4517e+02, 4.4277e+00
3.4523e+02, 4.7105e+00
3.4529e+02, 5.0226e+00
3.4534e+02, 5.3684e+00
3.4540e+02, 5.7541e+00
3.4546e+02, 6.1849e+00
3.4551e+02, 6.6704e+00
3.4557e+02, 7.2193e+00
3.4563e+02, 7.8467e+00
3.4569e+02, 8.5677e+00
3.4571e+02, 8.9713e+00
3.4574e+02, 9.4062e+00
3.4577e+02, 9.8798e+00
3.4580e+02, 1.0393e+01
3.4583e+02, 1.0956e+01
3.4586e+02, 1.1574e+01
3.4589e+02, 1.2254e+01
3.4591e+02, 1.3003e+01
3.4594e+02, 1.3838e+01
3.4597e+02, 1.4768e+01
3.4600e+02, 1.5810e+01
3.4603e+02, 1.6978e+01
3.4606e+02, 1.8300e+01
3.4609e+02, 1.9797e+01
3.4611e+02, 2.1499e+01
3.4614e+02, 2.3430e+01
3.4617e+02, 2.5641e+01
3.4620e+02, 2.8160e+01
3.4623e+02, 3.1052e+01
3.4626e+02, 3.4349e+01
3.4628e+02, 3.7767e+01
3.4631e+02, 4.1626e+01
3.4633e+02, 4.5976e+01
3.4636e+02, 5.0851e+01
3.4639e+02, 5.6342e+01
3.4641e+02, 6.2488e+01
3.4644e+02, 6.9345e+01
3.4646e+02, 7.6937e+01
3.4649e+02, 8.5373e+01
3.4652e+02, 9.4671e+01
3.4654e+02, 1.0487e+02
3.4657e+02, 1.1596e+02
3.4662e+02, 1.4103e+02
3.4667e+02, 1.6985e+02
3.4673e+02, 2.0561e+02
3.4679e+02, 2.4461e+02
3.4690e+02, 3.2659e+02
3.4698e+02, 3.8166e+02
3.4707e+02, 4.2472e+02
3.4713e+02, 4.4608e+02
3.4720e+02, 4.5339e+02
3.4724e+02, 4.5043e+02
3.4728e+02, 4.4178e+02
3.4732e+02, 4.2778e+02
3.4737e+02, 4.0907e+02
3.4742e+02, 3.7717e+02
3.4748e+02, 3.4005e+02
3.4759e+02, 2.5928e+02
3.4768e+02, 1.9673e+02
3.4773e+02, 1.6855e+02
3.4777e+02, 1.4314e+02
3.4782e+02, 1.2058e+02
3.4787e+02, 1.0101e+02
3.4791e+02, 8.4281e+01
3.4796e+02, 7.0190e+01
3.4800e+02, 5.9721e+01
3.4804e+02, 5.0905e+01
3.4808e+02, 4.3535e+01
3.4812e+02, 3.7420e+01
3.4816e+02, 3.2340e+01
3.4820e+02, 2.8148e+01
3.4824e+02, 2.4673e+01
3.4828e+02, 2.1799e+01
3.4832e+02, 1.9404e+01
3.4836e+02, 1.7401e+01
3.4840e+02, 1.5716e+01
3.4844e+02, 1.4292e+01
3.4848e+02, 1.3071e+01
3.4852e+02, 1.2021e+01
3.4856e+02, 1.1106e+01
3.4860e+02, 1.0306e+01
3.4867e+02, 9.1297e+00
3.4874e+02, 8.1627e+00
3.4881e+02, 7.3538e+00
3.4888e+02, 6.6685e+00
3.4895e+02, 6.0796e+00
3.4902e+02, 5.5693e+00
3.4909e+02, 5.1236e+00
3.4916e+02, 4.7321e+00
3.4930e+02, 4.0761e+00
3.4944e+02, 3.5518e+00
3.4958e+02, 3.1249e+00
3.4972e+02, 2.7721e+00
3.4985e+02, 2.4976e+00
3.4998e+02, 2.2625e+00
3.5011e+02, 2.0595e+00
3.5024e+02, 1.8832e+00
3.5037e+02, 1.7289e+00
3.5050e+02, 1.5930e+00
3.5076e+02, 1.3661e+00
3.5101e+02, 1.1852e+00
3.5127e+02, 1.0389e+00
3.5153e+02, 9.1873e-01
3.5179e+02, 8.1861e-01
3.5203e+02, 7.4054e-01
3.5226e+02, 6.7324e-01
3.5250e+02, 6.1486e-01
3.5274e+02, 5.6392e-01
3.5297e+02, 5.1921e-01
3.5321e+02, 4.7976e-01
3.5368e+02, 4.1358e-01
3.5416e+02, 3.6058e-01
3.5463e+02, 3.1748e-01
3.5511e+02, 2.8197e-01
3.5558e+02, 2.5256e-01
3.5610e+02, 2.2571e-01
3.5661e+02, 2.0294e-01
3.5713e+02, 1.8363e-01
3.5765e+02, 1.6714e-01
3.5816e+02, 1.5294e-01
3.5868e+02, 1.4062e-01
3.5920e+02, 1.2986e-01
3.5971e+02, 1.2041e-01
3.6075e+02, 1.0468e-01
3.6178e+02, 9.2180e-02
3.6281e+02, 8.2263e-02
3.6385e+02, 7.3950e-02
3.6505e+02, 6.6070e-02
3.6626e+02, 5.9659e-02
3.6746e+02, 5.4372e-02
3.6867e+02, 4.9962e-02
3.6987e+02, 4.6252e-02
3.7108e+02, 4.3112e-02
3.7349e+02, 3.8164e-02
3.7470e+02, 3.6220e-02
3.7590e+02, 3.4641e-02
3.7831e+02, 3.1902e-02
3.8072e+02, 2.9889e-02
3.8313e+02, 2.8456e-02
3.8520e+02, 2.7630e-02
3.8727e+02, 2.7085e-02
3.9140e+02, 2.6732e-02
3.9433e+02, 2.7123e-02
3.9726e+02, 2.8051e-02
4.0019e+02, 2.9587e-02
4.0311e+02, 3.1861e-02
4.0604e+02, 3.5090e-02
4.0750e+02, 3.7096e-02
4.0897e+02, 3.9475e-02
4.1043e+02, 4.2359e-02
4.1190e+02, 4.5804e-02
4.1336e+02, 4.9946e-02
4.1482e+02, 5.4971e-02
4.1620e+02, 6.0734e-02
4.1758e+02, 6.7797e-02
4.1896e+02, 7.6577e-02
4.2034e+02, 8.7682e-02
4.2171e+02, 1.0189e-01
4.2240e+02, 1.1055e-01
4.2309e+02, 1.2068e-01
4.2378e+02, 1.3252e-01
4.2447e+02, 1.4648e-01
4.2516e+02, 1.6312e-01
4.2585e+02, 1.8319e-01
4.2645e+02, 2.0438e-01
4.2705e+02, 2.2997e-01
4.2765e+02, 2.6117e-01
4.2826e+02, 2.9965e-01
4.2886e+02, 3.4886e-01
4.2916e+02, 3.7868e-01
4.2946e+02, 4.1288e-01
4.2976e+02, 4.5239e-01
4.3007e+02, 4.9841e-01
4.3037e+02, 5.5248e-01
4.3067e+02, 6.1665e-01
4.3089e+02, 6.7306e-01
4.3112e+02, 7.3811e-01
4.3135e+02, 8.1367e-01
4.3157e+02, 9.0207e-01
4.3180e+02, 1.0067e+00
4.3191e+02, 1.0666e+00
4.3203e+02, 1.1323e+00
4.3214e+02, 1.2050e+00
4.3225e+02, 1.2853e+00
4.3236e+02, 1.3746e+00
4.3248e+02, 1.4742e+00
4.3258e+02, 1.5719e+00
4.3268e+02, 1.6803e+00
4.3268e+02, 1.6865e+00
4.3270e+02, 1.7086e+00
4.3272e+02, 1.7310e+00
4.3276e+02, 1.7772e+00
4.3282e+02, 1.8649e+00
4.3289e+02, 1.9597e+00
4.3296e+02, 2.0623e+00
4.3303e+02, 2.1736e+00
4.3309e+02, 2.2950e+00
4.3316e+02, 2.4274e+00
4.3323e+02, 2.5725e+00
4.3326e+02, 2.6502e+00
4.3330e+02, 2.7316e+00
4.3335e+02, 2.8853e+00
4.3341e+02, 3.0532e+00
4.3347e+02, 3.2373e+00
4.3353e+02, 3.4400e+00
4.3359e+02, 3.6640e+00
4.3365e+02, 3.9126e+00
4.3371e+02, 4.1898e+00
4.3377e+02, 4.5009e+00
4.3383e+02, 4.8529e+00
4.3389e+02, 5.2529e+00
4.3395e+02, 5.7122e+00
4.3401e+02, 6.2455e+00
4.3404e+02, 6.5457e+00
4.3406e+02, 6.8722e+00
4.3409e+02, 7.2286e+00
4.3412e+02, 7.6191e+00
4.3415e+02, 8.0487e+00
4.3418e+02, 8.5232e+00
4.3421e+02, 9.0493e+00
4.3424e+02, 9.6352e+00
4.3427e+02, 1.0290e+01
4.3430e+02, 1.1025e+01
4.3433e+02, 1.1853e+01
4.3436e+02, 1.2788e+01
4.3439e+02, 1.3847e+01
4.3442e+02, 1.5050e+01
4.3445e+02, 1.6419e+01
4.3448e+02, 1.7978e+01
4.3451e+02, 1.9756e+01
4.3454e+02, 2.1783e+01
4.3457e+02, 2.4093e+01
4.3460e+02, 2.6724e+01
4.3463e+02, 2.9714e+01
4.3466e+02, 3.3107e+01
4.3469e+02, 3.6947e+01
4.3472e+02, 4.1263e+01
4.3474e+02, 4.5217e+01
4.3476e+02, 4.9539e+01
4.3481e+02, 5.9430e+01
4.3486e+02, 7.1150e+01
4.3491e+02, 8.4781e+01
4.3496e+02, 1.0045e+02
4.3501e+02, 1.1808e+02
4.3506e+02, 1.3757e+02
4.3510e+02, 1.5868e+02
4.3522e+02, 2.1456e+02
4.3534e+02, 2.6904e+02
4.3541e+02, 2.9605e+02
4.3548e+02, 3.1631e+02
4.3554e+02, 3.2693e+02
4.3560e+02, 3.3051e+02
4.3564e+02, 3.2844e+02
4.3569e+02, 3.2237e+02
4.3573e+02, 3.1254e+02
4.3578e+02, 2.9934e+02
4.3588e+02, 2.6187e+02
4.3597e+02, 2.1715e+02
4.3606e+02, 1.7326e+02
4.3616e+02, 1.3265e+02
4.3620e+02, 1.1448e+02
4.3625e+02, 9.8071e+01
4.3629e+02, 8.3459e+01
4.3634e+02, 7.0651e+01
4.3638e+02, 6.0050e+01
4.3643e+02, 5.0955e+01
4.3647e+02, 4.3199e+01
4.3652e+02, 3.6675e+01
4.3656e+02, 3.1206e+01
4.3660e+02, 2.6672e+01
4.3665e+02, 2.2913e+01
4.3669e+02, 1.9821e+01
4.3674e+02, 1.7269e+01
4.3678e+02, 1.5172e+01
4.3682e+02, 1.3436e+01
4.3687e+02, 1.1999e+01
4.3691e+02, 1.0798e+01
4.3695e+02, 9.7910e+00
4.3700e+02, 8.9386e+00
4.3704e+02, 8.2105e+00
4.3713e+02, 7.0883e+00
4.3721e+02, 6.2169e+00
4.3729e+02, 5.5216e+00
4.3738e+02, 4.9541e+00
4.3746e+02, 4.4822e+00
4.3754e+02, 4.0841e+00
4.3762e+02, 3.7443e+00
4.3771e+02, 3.4515e+00
4.3779e+02, 3.1973e+00
4.3787e+02, 2.9750e+00
4.3804e+02, 2.6070e+00
4.3821e+02, 2.3175e+00
4.3837e+02, 2.0869e+00
4.3860e+02, 1.8424e+00
4.3883e+02, 1.6592e+00
4.3906e+02, 1.5214e+00
4.3929e+02, 1.4190e+00
4.3951e+02, 1.3449e+00
4.3974e+02, 1.2950e+00
4.3997e+02, 1.2666e+00
4.4020e+02, 1.2580e+00
4.4048e+02, 1.2742e+00
4.4076e+02, 1.3210e+00
4.4104e+02, 1.4024e+00
4.4132e+02, 1.5250e+00
4.4160e+02, 1.7009e+00
4.4174e+02, 1.8146e+00
4.4188e+02, 1.9499e+00
4.4202e+02, 2.1115e+00
4.4216e+02, 2.3052e+00
4.4230e+02, 2.5391e+00
4.4237e+02, 2.6745e+00
4.4244e+02, 2.8241e+00
4.4251e+02, 2.9740e+00
4.4257e+02, 3.1393e+00
4.4263e+02, 3.3222e+00
4.4267e+02, 3.4210e+00
4.4270e+02, 3.5252e+00
4.4273e+02, 3.6352e+00
4.4276e+02, 3.7515e+00
4.4279e+02, 3.8745e+00
4.4282e+02, 4.0049e+00
4.4286e+02, 4.1432e+00
4.4289e+02, 4.2902e+00
4.4292e+02, 4.4466e+00
4.4295e+02, 4.6129e+00
4.4299e+02, 4.8489e+00
4.4301e+02, 4.9748e+00
4.4304e+02, 5.1065e+00
4.4306e+02, 5.2453e+00
4.4308e+02, 5.3901e+00
4.4310e+02, 5.5423e+00
4.4312e+02, 5.7023e+00
4.4314e+02, 5.8716e+00
4.4316e+02, 6.0493e+00
4.4318e+02, 6.2369e+00
4.4320e+02, 6.4353e+00
4.4322e+02, 6.6454e+00
4.4324e+02, 6.8683e+00
4.4326e+02, 7.1052e+00
4.4329e+02, 7.3573e+00
4.4331e+02, 7.6718e+00
4.4333e+02, 8.0102e+00
4.4336e+02, 8.3767e+00
4.4338e+02, 8.7745e+00
4.4341e+02, 9.2094e+00
4.4343e+02, 9.6822e+00
4.4345e+02, 1.0199e+01
4.4348e+02, 1.0767e+01
4.4350e+02, 1.1393e+01
4.4353e+02, 1.2080e+01
4.4355e+02, 1.2838e+01
4.4357e+02, 1.3676e+01
4.4360e+02, 1.4605e+01
4.4362e+02, 1.5634e+01
4.4365e+02, 1.6776e+01
4.4367e+02, 1.8044e+01
4.4370e+02, 1.9459e+01
4.4372e+02, 2.1025e+01
4.4374e+02, 2.2765e+01
4.4377e+02, 2.4696e+01
4.4379e+02, 2.6839e+01
4.4382e+02, 2.9213e+01
4.4384e+02, 3.1840e+01
4.4386e+02, 3.4743e+01
4.4389e+02, 3.7957e+01
4.4391e+02, 4.1481e+01
4.4394e+02, 4.5349e+01
4.4396e+02, 4.9584e+01
4.4398e+02, 5.4208e+01
4.4401e+02, 5.9242e+01
4.4406e+02, 7.0611e+01
4.4410e+02, 8.1287e+01
4.4414e+02, 9.3228e+01
4.4418e+02, 1.0644e+02
4.4421e+02, 1.2084e+02
4.4425e+02, 1.3641e+02
4.4429e+02, 1.5296e+02
4.4437e+02, 1.8827e+02
4.4447e+02, 2.3260e+02
4.4457e+02, 2.7309e+02
4.4461e+02, 2.9006e+02
4.4466e+02, 3.0390e+02
4.4471e+02, 3.1408e+02
4.4476e+02, 3.2010e+02
4.4480e+02, 3.2178e+02
4.4484e+02, 3.2008e+02
4.4488e+02, 3.1513e+02
4.4497e+02, 2.9618e+02
4.4506e+02, 2.6282e+02
4.4515e+02, 2.2181e+02
4.4530e+02, 1.5456e+02
4.4538e+02, 1.2416e+02
4.4545e+02, 9.7668e+01
4.4549e+02, 8.6037e+01
4.4552e+02, 7.5519e+01
4.4556e+02, 6.6095e+01
4.4560e+02, 5.7725e+01
4.4563e+02, 5.0349e+01
4.4567e+02, 4.3897e+01
4.4571e+02, 3.8290e+01
4.4575e+02, 3.3457e+01
4.4578e+02, 2.9288e+01
4.4582e+02, 2.5719e+01
4.4586e+02, 2.2671e+01
4.4589e+02, 2.0074e+01
4.4593e+02, 1.7863e+01
4.4597e+02, 1.5981e+01
4.4600e+02, 1.4377e+01
4.4604e+02, 1.3010e+01
4.4608e+02, 1.1883e+01
4.4611e+02, 1.0909e+01
4.4615e+02, 1.0062e+01
4.4618e+02, 9.3215e+00
4.4625e+02, 8.0956e+00
4.4632e+02, 7.1279e+00
4.4639e+02, 6.3471e+00
4.4647e+02, 5.7043e+00
4.4654e+02, 5.1659e+00
4.4661e+02, 4.7081e+00
4.4668e+02, 4.3141e+00
4.4675e+02, 3.9716e+00
4.4689e+02, 3.4061e+00
4.4703e+02, 2.9599e+00
4.4717e+02, 2.6005e+00
4.4731e+02, 2.3058e+00
4.4745e+02, 2.0610e+00
4.4760e+02, 1.8549e+00
4.4774e+02, 1.6794e+00
4.4788e+02, 1.5286e+00
4.4802e+02, 1.3981e+00
4.4816e+02, 1.2843e+00
4.4830e+02, 1.1844e+00
4.4858e+02, 1.0181e+00
4.4887e+02, 8.8604e-01
4.4915e+02, 7.7929e-01
4.4943e+02, 6.9183e-01
4.4971e+02, 6.1921e-01
4.5000e+02, 5.5804e-01
4.5028e+02, 5.0580e-01
4.5056e+02, 4.6086e-01
4.5084e+02, 4.2194e-01
4.5113e+02, 3.8805e-01
4.5169e+02, 3.3212e-01
4.5226e+02, 2.8813e-01
4.5282e+02, 2.5285e-01
4.5339e+02, 2.2408e-01
4.5395e+02, 2.0031e-01
4.5451e+02, 1.8060e-01
4.5508e+02, 1.6380e-01
4.5564e+02, 1.4931e-01
4.5621e+02, 1.3681e-01
4.5677e+02, 1.2595e-01
4.5734e+02, 1.1646e-01
4.5847e+02, 1.0070e-01
4.5960e+02, 8.8218e-02
4.6073e+02, 7.8166e-02
4.6186e+02, 6.9934e-02
4.6299e+02, 6.3104e-02
4.6423e+02, 5.6975e-02
4.6546e+02, 5.1749e-02
4.6670e+02, 4.7388e-02
4.6794e+02, 4.3634e-02
4.6917e+02, 4.0392e-02
4.7041e+02, 3.7630e-02
4.7289e+02, 3.3120e-02
4.7536e+02, 2.9657e-02
4.7784e+02, 2.6947e-02
4.8031e+02, 2.4886e-02
4.8279e+02, 2.3161e-02
4.8709e+02, 2.1071e-02
4.8924e+02, 2.0305e-02
4.9139e+02, 1.9743e-02
4.9570e+02, 1.8992e-02
5.0000e+02, 1.8748e-02
5.0378e+02, 1.8944e-02
5.0756e+02, 1.9524e-02
5.1134e+02, 2.0537e-02
5.1512e+02, 2.2073e-02
5.1889e+02, 2.4290e-02
5.2078e+02, 2.5677e-02
5.2267e+02, 2.7336e-02
5.2456e+02, 2.9363e-02
5.2645e+02, 3.1802e-02
5.2834e+02, 3.4762e-02
5.3023e+02, 3.8389e-02
5.3190e+02, 4.2303e-02
5.3357e+02, 4.7090e-02
5.3523e+02, 5.3024e-02
5.3690e+02, 6.0488e-02
5.3773e+02, 6.4823e-02
5.3857e+02, 6.9876e-02
5.3940e+02, 7.5669e-02
5.4024e+02, 8.2340e-02
5.4107e+02, 9.0075e-02
5.4190e+02, 9.9115e-02
5.4274e+02, 1.0977e-01
5.4357e+02, 1.2246e-01
5.4435e+02, 1.3662e-01
5.4513e+02, 1.5363e-01
5.4590e+02, 1.7424e-01
5.4668e+02, 1.9937e-01
5.4746e+02, 2.3115e-01
5.4785e+02, 2.5017e-01
5.4824e+02, 2.7175e-01
5.4863e+02, 2.9640e-01
5.4902e+02, 3.2473e-01
5.4940e+02, 3.5750e-01
5.4979e+02, 3.9570e-01
5.5011e+02, 4.3203e-01
5.5043e+02, 4.7375e-01
5.5075e+02, 5.2191e-01
5.5107e+02, 5.7783e-01
5.5139e+02, 6.4350e-01
5.5155e+02, 6.8077e-01
5.5171e+02, 7.2149e-01
5.5187e+02, 7.6612e-01
5.5203e+02, 8.1517e-01
5.5219e+02, 8.6923e-01
5.5235e+02, 9.2896e-01
5.5243e+02, 9.6199e-01
5.5251e+02, 9.9682e-01
5.5260e+02, 1.0336e+00
5.5268e+02, 1.0725e+00
5.5276e+02, 1.1156e+00
5.5285e+02, 1.1613e+00
5.5293e+02, 1.2100e+00
5.5302e+02, 1.2619e+00
5.5311e+02, 1.3207e+00
5.5320e+02, 1.3838e+00
5.5329e+02, 1.4517e+00
5.5338e+02, 1.5249e+00
5.5347e+02, 1.6038e+00
5.5356e+02, 1.6891e+00
5.5365e+02, 1.7817e+00
5.5374e+02, 1.8823e+00
5.5382e+02, 1.9745e+00
5.5389e+02, 2.0737e+00
5.5397e+02, 2.1808e+00
5.5405e+02, 2.2966e+00
5.5412e+02, 2.4222e+00
5.5420e+02, 2.5587e+00
5.5427e+02, 2.7074e+00
5.5435e+02, 2.8698e+00
5.5441e+02, 2.9977e+00
5.5446e+02, 3.1347e+00
5.5452e+02, 3.2816e+00
5.5457e+02, 3.4391e+00
5.5463e+02, 3.6091e+00
5.5468e+02, 3.7925e+00
5.5474e+02, 3.9909e+00
5.5480e+02, 4.2057e+00
5.5485e+02, 4.4398e+00
5.5491e+02, 4.6951e+00
5.5496e+02, 4.9745e+00
5.5502e+02, 5.2809e+00
5.5507e+02, 5.6194e+00
5.5513e+02, 5.9936e+00
5.5518e+02, 6.4109e+00
5.5524e+02, 6.8771e+00
5.5532e+02, 7.6177e+00
5.5539e+02, 8.4992e+00
5.5543e+02, 9.0056e+00
5.5547e+02, 9.5640e+00
5.5551e+02, 1.0182e+01
5.5555e+02, 1.0869e+01
5.5558e+02, 1.1634e+01
5.5562e+02, 1.2489e+01
5.5566e+02, 1.3450e+01
5.5570e+02, 1.4530e+01
5.5574e+02, 1.5749e+01
5.5577e+02, 1.7126e+01
5.5581e+02, 1.8685e+01
5.5585e+02, 2.0451e+01
5.5589e+02, 2.2359e+01
5.5592e+02, 2.4509e+01
5.5596e+02, 2.6929e+01
5.5600e+02, 2.9644e+01
5.5603e+02, 3.2699e+01
5.5607e+02, 3.6120e+01
5.5611e+02, 3.9939e+01
5.5614e+02, 4.4175e+01
5.5618e+02, 4.8881e+01
5.5622e+02, 5.4073e+01
5.5625e+02, 5.9771e+01
5.5629e+02, 6.5974e+01
5.5636e+02, 8.0000e+01
5.5643e+02, 9.6056e+01
5.5651e+02, 1.1481e+02
5.5659e+02, 1.3500e+02
5.5674e+02, 1.7617e+02
5.5682e+02, 1.9522e+02
5.5690e+02, 2.1118e+02
5.5697e+02, 2.2287e+02
5.5705e+02, 2.2932e+02
5.5710e+02, 2.3043e+02
5.5718e+02, 2.2712e+02
5.5726e+02, 2.1754e+02
5.5735e+02, 2.0260e+02
5.5743e+02, 1.8364e+02
5.5762e+02, 1.3357e+02
5.5771e+02, 1.0908e+02
5.5780e+02, 8.7009e+01
5.5789e+02, 7.0518e+01
5.5793e+02, 6.3253e+01
5.5797e+02, 5.6638e+01
5.5801e+02, 5.0654e+01
5.5805e+02, 4.5277e+01
5.5809e+02, 4.0472e+01
5.5813e+02, 3.6201e+01
5.5817e+02, 3.2410e+01
5.5821e+02, 2.9076e+01
5.5825e+02, 2.6145e+01
5.5829e+02, 2.3572e+01
5.5833e+02, 2.1317e+01
5.5837e+02, 1.9343e+01
5.5841e+02, 1.7613e+01
5.5845e+02, 1.6097e+01
5.5853e+02, 1.3829e+01
5.5860e+02, 1.2019e+01
5.5867e+02, 1.0560e+01
5.5874e+02, 9.3695e+00
5.5882e+02, 8.3854e+00
5.5889e+02, 7.5617e+00
5.5896e+02, 6.8638e+00
5.5903e+02, 6.2665e+00
5.5911e+02, 5.7489e+00
5.5918e+02, 5.2971e+00
5.5932e+02, 4.5474e+00
5.5947e+02, 3.9526e+00
5.5961e+02, 3.4715e+00
5.5976e+02, 3.0756e+00
5.5990e+02, 2.7456e+00
5.6005e+02, 2.4674e+00
5.6019e+02, 2.2308e+00
5.6034e+02, 2.0273e+00
5.6048e+02, 1.8511e+00
5.6063e+02, 1.6972e+00
5.6077e+02, 1.5622e+00
5.6106e+02, 1.3366e+00
5.6135e+02, 1.1571e+00
5.6164e+02, 1.0119e+00
5.6193e+02, 8.9297e-01
5.6219e+02, 8.0487e-01
5.6244e+02, 7.2947e-01
5.6270e+02, 6.6439e-01
5.6296e+02, 6.0787e-01
5.6321e+02, 5.5845e-01
5.6347e+02, 5.1508e-01
5.6398e+02, 4.4284e-01
5.6449e+02, 3.8516e-01
5.6500e+02, 3.3822e-01
5.6551e+02, 2.9968e-01
5.6603e+02, 2.6768e-01
5.6657e+02, 2.3919e-01
5.6712e+02, 2.1530e-01
5.6766e+02, 1.9508e-01
5.6821e+02, 1.7783e-01
5.6875e+02, 1.6301e-01
5.6930e+02, 1.5030e-01
5.7039e+02, 1.2943e-01
5.7148e+02, 1.1310e-01
5.7258e+02, 1.0025e-01
5.7367e+02, 8.9998e-02
5.7476e+02, 8.1720e-02
5.7640e+02, 7.2088e-02
5.7803e+02, 6.4912e-02
5.7967e+02, 5.9693e-02
5.8131e+02, 5.5648e-02
5.8295e+02, 5.2784e-02
5.8458e+02, 5.0778e-02
5.8622e+02, 4.9465e-02
5.8786e+02, 4.8818e-02
5.9031e+02, 4.9016e-02
5.9277e+02, 5.0521e-02
5.9523e+02, 5.3387e-02
5.9768e+02, 5.7800e-02
5.9891e+02, 6.0620e-02
6.0014e+02, 6.4122e-02
6.0137e+02, 6.8150e-02
6.0259e+02, 7.2952e-02
6.0382e+02, 7.8458e-02
6.0505e+02, 8.5166e-02
6.0628e+02, 9.3170e-02
6.0751e+02, 1.0278e-01
6.0873e+02, 1.1442e-01
6.0996e+02, 1.2867e-01
6.1119e+02, 1.4633e-01
6.1242e+02, 1.6853e-01
6.1303e+02, 1.8180e-01
6.1365e+02, 1.9694e-01
6.1426e+02, 2.1422e-01
6.1487e+02, 2.3395e-01
6.1549e+02, 2.5651e-01
6.1610e+02, 2.8315e-01
6.1672e+02, 3.1459e-01
6.1733e+02, 3.5187e-01
6.1794e+02, 3.9642e-01
6.1825e+02, 4.2208e-01
6.1856e+02, 4.5049e-01
6.1871e+02, 4.6584e-01
6.1887e+02, 4.8201e-01
6.1902e+02, 4.9908e-01
6.1917e+02, 5.1711e-01
6.1933e+02, 5.3617e-01
6.1948e+02, 5.5635e-01
6.1963e+02, 5.7774e-01
6.1979e+02, 6.0042e-01
6.1997e+02, 6.2870e-01
6.2015e+02, 6.5907e-01
6.2033e+02, 6.9260e-01
6.2042e+02, 7.1036e-01
6.2051e+02, 7.2881e-01
6.2060e+02, 7.4803e-01
6.2070e+02, 7.6801e-01
6.2079e+02, 7.8886e-01
6.2088e+02, 8.1056e-01
6.2097e+02, 8.3377e-01
6.2107e+02, 8.5799e-01
6.2116e+02, 8.8331e-01
6.2125e+02, 9.0978e-01
6.2135e+02, 9.3750e-01
6.2144e+02, 9.6653e-01
6.2154e+02, 9.9697e-01
6.2163e+02, 1.0289e+00
6.2172e+02, 1.0624e+00
6.2182e+02, 1.0977e+00
6.2191e+02, 1.1347e+00
6.2200e+02, 1.1737e+00
6.2210e+02, 1.2148e+00
6.2219e+02, 1.2581e+00
6.2229e+02, 1.3038e+00
6.2238e+02, 1.3521e+00
6.2247e+02, 1.4033e+00
6.2257e+02, 1.4574e+00
6.2266e+02, 1.5148e+00
6.2275e+02, 1.5757e+00
6.2285e+02, 1.6405e+00
6.2294e+02, 1.7093e+00
6.2304e+02, 1.7827e+00
6.2313e+02, 1.8611e+00
6.2322e+02, 1.9448e+00
6.2332e+02, 2.0344e+00
6.2341e+02, 2.1305e+00
6.2351e+02, 2.2336e+00
6.2360e+02, 2.3446e+00
6.2369e+02, 2.4643e+00
6.2379e+02, 2.5936e+00
6.2388e+02, 2.7335e+00
6.2397e+02, 2.8855e+00
6.2407e+02, 3.0507e+00
6.2416e+02, 3.2308e+00
6.2426e+02, 3.4277e+00
6.2435e+02, 3.6436e+00
6.2444e+02, 3.8810e+00
6.2454e+02, 4.1431e+00
6.2463e+02, 4.4335e+00
6.2472e+02, 4.7566e+00
6.2482e+02, 5.1172e+00
6.2491e+02, 5.5216e+00
6.2501e+02, 5.9777e+00
6.2510e+02, 6.4950e+00
6.2519e+02, 7.0853e+00
6.2529e+02, 7.7638e+00
6.2538e+02, 8.5499e+00
6.2548e+02, 9.5604e+00
6.2559e+02, 1.0771e+01
6.2569e+02, 1.2242e+01
6.2574e+02, 1.3098e+01
6.2579e+02, 1.4049e+01
6.2584e+02, 1.5111e+01
6.2589e+02, 1.6301e+01
6.2594e+02, 1.7635e+01
6.2600e+02, 1.9133e+01
6.2605e+02, 2.0824e+01
6.2610e+02, 2.2728e+01
6.2615e+02, 2.4882e+01
6.2620e+02, 2.7309e+01
6.2624e+02, 2.9574e+01
6.2629e+02, 3.2070e+01
6.2633e+02, 3.4828e+01
6.2637e+02, 3.7857e+01
6.2646e+02, 4.4829e+01
6.2654e+02, 5.3102e+01
6.2663e+02, 6.2771e+01
6.2671e+02, 7.3809e+01
6.2680e+02, 8.6082e+01
6.2688e+02, 9.9289e+01
6.2710e+02, 1.3466e+02
6.2722e+02, 1.4993e+02
6.2733e+02, 1.6140e+02
6.2741e+02, 1.6676e+02
6.2750e+02, 1.6858e+02
6.2757e+02, 1.6728e+02
6.2764e+02, 1.6346e+02
6.2772e+02, 1.5735e+02
6.2779e+02, 1.4927e+02
6.2793e+02, 1.2884e+02
6.2808e+02, 1.0578e+02
6.2823e+02, 8.1256e+01
6.2831e+02, 7.0238e+01
6.2839e+02, 6.0333e+01
6.2847e+02, 5.1622e+01
6.2855e+02, 4.4098e+01
6.2863e+02, 3.7697e+01
6.2871e+02, 3.2313e+01
6.2879e+02, 2.8002e+01
6.2886e+02, 2.4397e+01
6.2894e+02, 2.1384e+01
6.2901e+02, 1.8863e+01
6.2909e+02, 1.6749e+01
6.2916e+02, 1.4967e+01
6.2924e+02, 1.3457e+01
6.2932e+02, 1.2169e+01
6.2939e+02, 1.1062e+01
6.2947e+02, 1.0106e+01
6.2954e+02, 9.2728e+00
6.2962e+02, 8.5427e+00
6.2977e+02, 7.3279e+00
6.2992e+02, 6.3630e+00
6.3005e+02, 5.6841e+00
6.3018e+02, 5.1120e+00
6.3031e+02, 4.6245e+00
6.3044e+02, 4.2054e+00
6.3057e+02, 3.8421e+00
6.3070e+02, 3.5249e+00
6.3096e+02, 2.9998e+00
6.3122e+02, 2.5854e+00
6.3148e+02, 2.2526e+00
6.3173e+02, 1.9812e+00
6.3199e+02, 1.7570e+00
6.3225e+02, 1.5697e+00
6.3251e+02, 1.4118e+00
6.3277e+02, 1.2774e+00
6.3303e+02, 1.1622e+00
6.3329e+02, 1.0623e+00
6.3355e+02, 9.7502e-01
6.3381e+02, 8.9836e-01
6.3407e+02, 8.3073e-01
6.3459e+02, 7.1753e-01
6.3510e+02, 6.2732e-01
6.3562e+02, 5.5434e-01
6.3614e+02, 4.9457e-01
6.3666e+02, 4.4508e-01
6.3718e+02, 4.0379e-01
6.3770e+02, 3.6919e-01
6.3821e+02, 3.4020e-01
6.3873e+02, 3.1536e-01
6.3925e+02, 2.9401e-01
6.4029e+02, 2.6030e-01
6.4133e+02, 2.3610e-01
6.4236e+02, 2.1940e-01
6.4340e+02, 2.0905e-01
6.4444e+02, 2.0454e-01
6.4530e+02, 2.0524e-01
6.4616e+02, 2.1037e-01
6.4703e+02, 2.2066e-01
6.4789e+02, 2.3719e-01
6.4832e+02, 2.4825e-01
6.4876e+02, 2.6185e-01
6.4919e+02, 2.7850e-01
6.4962e+02, 2.9870e-01
6.5005e+02, 3.2325e-01
6.5048e+02, 3.5321e-01
6.5092e+02, 3.9004e-01
6.5135e+02, 4.3571e-01
6.5172e+02, 4.8450e-01
6.5210e+02, 5.4428e-01
6.5247e+02, 6.1866e-01
6.5285e+02, 7.1308e-01
6.5303e+02, 7.7013e-01
6.5322e+02, 8.3529e-01
6.5341e+02, 9.1018e-01
6.5360e+02, 9.9678e-01
6.5378e+02, 1.0976e+00
6.5397e+02, 1.2161e+00
6.5416e+02, 1.3565e+00
6.5434e+02, 1.5248e+00
6.5444e+02, 1.6258e+00
6.5454e+02, 1.7381e+00
6.5464e+02, 1.8633e+00
6.5473e+02, 2.0036e+00
6.5478e+02, 2.0802e+00
6.5483e+02, 2.1617e+00
6.5488e+02, 2.2485e+00
6.5493e+02, 2.3409e+00
6.5498e+02, 2.4397e+00
6.5502e+02, 2.5453e+00
6.5507e+02, 2.6586e+00
6.5512e+02, 2.7803e+00
6.5518e+02, 2.9367e+00
6.5524e+02, 3.1083e+00
6.5527e+02, 3.2002e+00
6.5529e+02, 3.2966e+00
6.5532e+02, 3.3980e+00
6.5535e+02, 3.5047e+00
6.5538e+02, 3.6170e+00
6.5541e+02, 3.7356e+00
6.5544e+02, 3.8608e+00
6.5547e+02, 3.9932e+00
6.5550e+02, 4.1336e+00
6.5553e+02, 4.2825e+00
6.5555e+02, 4.4409e+00
6.5558e+02, 4.6095e+00
6.5561e+02, 4.7895e+00
6.5564e+02, 4.9820e+00
6.5568e+02, 5.2694e+00
6.5572e+02, 5.5867e+00
6.5576e+02, 5.9385e+00
6.5580e+02, 6.3302e+00
6.5584e+02, 6.7680e+00
6.5588e+02, 7.2593e+00
6.5592e+02, 7.8130e+00
6.5596e+02, 8.4389e+00
6.5599e+02, 9.0466e+00
6.5603e+02, 9.7256e+00
6.5606e+02, 1.0485e+01
6.5609e+02, 1.1337e+01
6.5613e+02, 1.2292e+01
6.5616e+02, 1.3364e+01
6.5620e+02, 1.4566e+01
6.5623e+02, 1.5916e+01
6.5626e+02, 1.7429e+01
6.5630e+02, 1.9123e+01
6.5633e+02, 2.1017e+01
6.5637e+02, 2.3131e+01
6.5640e+02, 2.5483e+01
6.5644e+02, 2.8095e+01
6.5647e+02, 3.0985e+01
6.5650e+02, 3.4172e+01
6.5654e+02, 3.8256e+01
6.5658e+02, 4.2785e+01
6.5662e+02, 4.7776e+01
6.5666e+02, 5.3242e+01
6.5670e+02, 5.9187e+01
6.5674e+02, 6.5604e+01
6.5682e+02, 7.9778e+01
6.5690e+02, 9.5481e+01
6.5698e+02, 1.1222e+02
6.5714e+02, 1.4578e+02
6.5723e+02, 1.6319e+02
6.5733e+02, 1.7681e+02
6.5741e+02, 1.8486e+02
6.5750e+02, 1.8762e+02
6.5752e+02, 1.8746e+02
6.5758e+02, 1.8520e+02
6.5764e+02, 1.8035e+02
6.5770e+02, 1.7311e+02
6.5776e+02, 1.6385e+02
6.5783e+02, 1.5174e+02
6.5790e+02, 1.3823e+02
6.5803e+02, 1.0948e+02
6.5815e+02, 8.5965e+01
6.5820e+02, 7.5150e+01
6.5826e+02, 6.5202e+01
6.5832e+02, 5.6177e+01
6.5837e+02, 4.8146e+01
6.5843e+02, 4.1078e+01
6.5849e+02, 3.4960e+01
6.5854e+02, 2.9709e+01
6.5860e+02, 2.5256e+01
6.5866e+02, 2.1513e+01
6.5872e+02, 1.8395e+01
6.5877e+02, 1.5802e+01
6.5883e+02, 1.3661e+01
6.5889e+02, 1.1890e+01
6.5894e+02, 1.0429e+01
6.5900e+02, 9.2180e+00
6.5906e+02, 8.2128e+00
6.5911e+02, 7.3710e+00
6.5917e+02, 6.6637e+00
6.5923e+02, 6.0626e+00
6.5928e+02, 5.5494e+00
6.5934e+02, 5.1058e+00
6.5940e+02, 4.7206e+00
6.5951e+02, 4.1090e+00
6.5961e+02, 3.6208e+00
6.5972e+02, 3.2218e+00
6.5983e+02, 2.8903e+00
6.5994e+02, 2.6103e+00
6.6005e+02, 2.3716e+00
6.6016e+02, 2.1657e+00
6.6027e+02, 1.9867e+00
6.6037e+02, 1.8297e+00
6.6048e+02, 1.6915e+00
6.6070e+02, 1.4596e+00
6.6092e+02, 1.2740e+00
6.6113e+02, 1.1229e+00
6.6133e+02, 1.0090e+00
6.6153e+02, 9.1230e-01
6.6172e+02, 8.2941e-01
6.6192e+02, 7.5773e-01
6.6212e+02, 6.9525e-01
6.6231e+02, 6.4042e-01
6.6271e+02, 5.4912e-01
6.6310e+02, 4.7670e-01
6.6349e+02, 4.1829e-01
6.6388e+02, 3.7048e-01
6.6428e+02, 3.3085e-01
6.6469e+02, 2.9609e-01
6.6510e+02, 2.6697e-01
6.6552e+02, 2.4215e-01
6.6593e+02, 2.2076e-01
6.6634e+02, 2.0223e-01
6.6676e+02, 1.8610e-01
6.6758e+02, 1.5954e-01
6.6841e+02, 1.3869e-01
6.6924e+02, 1.2201e-01
6.7006e+02, 1.0842e-01
6.7089e+02, 9.7196e-02
6.7172e+02, 8.7814e-02
6.7255e+02, 7.9987e-02
6.7337e+02, 7.3190e-02
6.7420e+02, 6.7313e-02
6.7503e+02, 6.2170e-02
6.7585e+02, 5.7693e-02
6.7751e+02, 5.0220e-02
6.7916e+02, 4.4288e-02
6.8082e+02, 3.9479e-02
6.8247e+02, 3.5509e-02
6.8412e+02, 3.2208e-02
6.8611e+02, 2.8941e-02
6.8809e+02, 2.6183e-02
6.9008e+02, 2.3826e-02
6.9206e+02, 2.1827e-02
6.9405e+02, 2.0134e-02
6.9603e+02, 1.8659e-02
6.9802e+02, 1.7374e-02
6.9851e+02, 1.8853e-02
6.9864e+02, 2.1578e-02
6.9876e+02, 2.7868e-02
6.9888e+02, 4.1229e-02
6.9901e+02, 6.7475e-02
6.9907e+02, 8.8055e-02
6.9913e+02, 1.1530e-01
6.9919e+02, 1.5073e-01
6.9926e+02, 1.9597e-01
6.9932e+02, 2.5273e-01
6.9938e+02, 3.2240e-01
6.9944e+02, 4.0646e-01
6.9950e+02, 5.0596e-01
6.9957e+02, 6.2177e-01
6.9963e+02, 7.5362e-01
6.9969e+02, 9.0116e-01
6.9975e+02, 1.0632e+00
6.9988e+02, 1.4225e+00
7.0000e+02, 1.8096e+00
7.0000e+02, 3.6031e+00
8.0000e+02, 3.1537e+00
1.0000e+03, 2.6316e+00
1.2500e+03, 2.2031e+00
1.5000e+03, 1.9130e+00
1.7000e+03, 1.7435e+00
2.0000e+03, 1.5520e+00
2.5000e+03, 1.3319e+00
3.0000e+03, 1.1857e+00
3.5000e+03, 1.0830e+00
4.0000e+03, 1.0072e+00
5.0000e+03, 8.9755e-01
6.0000e+03, 8.2731e-01
7.2000e+03, 7.6242e-01
8.0000e+03, 7.3087e-01
1.0000e+04, 6.7067e-01
1.2500e+04, 6.1505e-01
1.5000e+04, 5.7816e-01
1.7000e+04, 5.5111e-01
2.0000e+04, 5.1962e-01
2.5000e+04, 4.7917e-01
3.0000e+04, 4.5035e-01
3.5000e+04, 4.2705e-01
4.0000e+04, 4.0887e-01
5.0000e+04, 3.8139e-01
5.0000e+04, 4.9066e-01
6.0000e+04, 4.6641e-01
8.0000e+04, 4.3696e-01
8.8856e+04, 3.9805e-01
8.8856e+04, 3.9805e-01
1.0000e+05, 3.4908e-01
1.2000e+05, 3.0148e-01
1.5000e+05, 2.5990e-01
2.0000e+05, 2.2282e-01
2.5000e+05, 2.0269e-01
2.9184e+05, 1.9236e-01
2.9184e+05, 1.9236e-01
3.0000e+05, 1.9035e-01
3.5000e+05, 1.8085e-01
4.0000e+05, 1.7430e-01
4.1419e+05, 1.7307e-01
4.1419e+05, 1.7307e-01
4.5000e+05, 1.6996e-01
5.0000e+05, 1.6738e-01
6.0000e+05, 1.6647e-01
6.0024e+05, 1.6648e-01
6.0024e+05, 1.6648e-01
7.0000e+05, 1.7003e-01
8.0000e+05, 1.7731e-01
9.0000e+05, 1.8776e-01
1.0000e+06, 2.0104e-01
1.0034e+06, 2.0158e-01
1.0035e+06, 2.0158e-01
1.1000e+06, 2.1692e-01
1.1565e+06, 2.2454e-01
1.1565e+06, 2.2454e-01
1.2000e+06, 2.3041e-01
1.2337e+06, 2.2649e-01
1.2337e+06, 2.2649e-01
1.2549e+06, 2.2403e-01
1.2549e+06, 2.2403e-01
1.3000e+06, 2.1878e-01
1.3005e+06, 2.1865e-01
1.3005e+06, 2.1865e-01
1.3208e+06, 2.1383e-01
1.3208e+06, 2.1382e-01
1.3407e+06, 2.0910e-01
1.3407e+06, 2.0910e-01
1.3490e+06, 2.0713e-01
1.3490e+06, 2.0713e-01
1.3698e+06, 2.0219e-01
1.3698e+06, 2.0219e-01
1.3873e+06, 1.9803e-01
1.3873e+06, 1.9803e-01
1.3982e+06, 1.9545e-01
1.3982e+06, 1.9545e-01
1.4000e+06, 1.9501e-01
1.4126e+06, 1.9274e-01
1.4126e+06, 1.9273e-01
1.4210e+06, 1.9121e-01
1.4210e+06, 1.9121e-01
1.4541e+06, 1.8524e-01
1.4541e+06, 1.8524e-01
1.4896e+06, 1.7884e-01
1.4896e+06, 1.7884e-01
1.5000e+06, 1.7695e-01
1.5144e+06, 1.7538e-01
1.5144e+06, 1.7538e-01
1.5173e+06, 1.7508e-01
1.5173e+06, 1.7508e-01
1.5414e+06, 1.7246e-01
1.5414e+06, 1.7246e-01
1.5491e+06, 1.7162e-01
1.5491e+06, 1.7162e-01
1.5682e+06, 1.6955e-01
1.5683e+06, 1.6955e-01
1.5867e+06, 1.6755e-01
1.5867e+06, 1.6755e-01
1.6000e+06, 1.6610e-01
1.6006e+06, 1.6601e-01
1.6006e+06, 1.6601e-01
1.6185e+06, 1.6345e-01
1.6185e+06, 1.6345e-01
1.6379e+06, 1.6068e-01
1.6379e+06, 1.6068e-01
1.6529e+06, 1.5854e-01
1.6529e+06, 1.5854e-01
1.6626e+06, 1.5715e-01
1.6626e+06, 1.5715e-01
1.6819e+06, 1.5438e-01
1.6819e+06, 1.5438e-01
1.6856e+06, 1.5386e-01
1.6856e+06, 1.5386e-01
1.7000e+06, 1.5180e-01
1.7017e+06, 1.5145e-01
1.7017e+06, 1.5145e-01
1.7097e+06, 1.4984e-01
1.7097e+06, 1.4984e-01
1.7144e+06, 1.4888e-01
1.7144e+06, 1.4888e-01
1.7202e+06, 1.4769e-01
1.7202e+06, 1.4769e-01
1.7319e+06, 1.4531e-01
1.7319e+06, 1.4531e-01
1.7377e+06, 1.4414e-01
1.7377e+06, 1.4414e-01
1.7424e+06, 1.4319e-01
1.7424e+06, 1.4319e-01
1.7434e+06, 1.4298e-01
1.7434e+06, 1.4298e-01
1.8000e+06, 1.3148e-01
1.9000e+06, 1.1716e-01
2.0000e+06, 1.0595e-01
2.1000e+06, 1.0049e-01
2.2000e+06, 9.7132e-02
2.3000e+06, 9.1623e-02
2.4000e+06, 8.6645e-02
2.5000e+06, 8.1647e-02
2.6000e+06, 7.6408e-02
2.7000e+06, 7.1026e-02
2.8000e+06, 6.5687e-02
2.9000e+06, 6.0525e-02
3.0000e+06, 5.5617e-02
3.1000e+06, 5.0979e-02
3.2000e+06, 4.6604e-02
3.3000e+06, 4.2479e-02
3.4000e+06, 3.8588e-02
3.5000e+06, 3.4917e-02
3.6000e+06, 3.1459e-02
3.8000e+06, 2.5185e-02
4.0000e+06, 1.9827e-02
4.5000e+06, 1.0691e-02
5.0000e+06, 6.0234e-03
5.5000e+06, 3.4870e-03
6.0000e+06, 2.0761e-03
6.5000e+06, 1.3030e-03
6.7383e+06, 1.1005e-03
6.7383e+06, 1.1005e-03
7.0000e+06, 8.7809e-04
7.5000e+06, 6.5871e-04
8.0000e+06, 5.5520e-04
8.2128e+06, 5.3725e-04
8.2128e+06, 5.3725e-04
8.5000e+06, 5.1303e-04
9.0000e+06, 4.9912e-04
9.5000e+06, 4.9211e-04
1.0000e+07, 4.8215e-04
1.0500e+07, 4.7053e-04
1.1000e+07, 4.6431e-04
1.1500e+07, 4.7099e-04
1.2000e+07, 4.9455e-04
1.2500e+07, 5.3220e-04
1.3000e+07, 5.7633e-04
1.3500e+07, 6.2164e-04
1.4000e+07, 6.6510e-04
1.4500e+07, 6.9743e-04
1.4960e+07, 7.0394e-04
1.4960e+07, 7.0394e-04
1.5000e+07, 7.0450e-04
1.5500e+07, 6.8104e-04
1.6000e+07, 6.3564e-04
1.6500e+07, 5.8136e-04
1.7000e+07, 5.2740e-04
1.7500e+07, 4.7790e-04
1.8000e+07, 4.3392e-04
1.8500e+07, 3.9521e-04
1.9000e+07, 3.6113e-04
1.9500e+07, 3.3109e-04
2.0000e+07, 3.0458e-04
