ebin, xs
1.0000e-05, 2.8842e+04
1.0625e-05, 2.7981e+04
1.1250e-05, 2.7193e+04
1.1875e-05, 2.6468e+04
1.2500e-05, 2.5797e+04
1.3750e-05, 2.4597e+04
1.5000e-05, 2.3550e+04
1.6250e-05, 2.2626e+04
1.7500e-05, 2.1803e+04
1.8750e-05, 2.1063e+04
2.0000e-05, 2.0394e+04
2.1875e-05, 1.9501e+04
2.3750e-05, 1.8715e+04
2.5625e-05, 1.8017e+04
2.7500e-05, 1.7392e+04
2.9375e-05, 1.6828e+04
3.1250e-05, 1.6315e+04
3.3125e-05, 1.5847e+04
3.5000e-05, 1.5416e+04
3.8750e-05, 1.4651e+04
4.2500e-05, 1.3990e+04
4.6250e-05, 1.3411e+04
5.0000e-05, 1.2898e+04
5.3125e-05, 1.2513e+04
5.6250e-05, 1.2160e+04
5.9375e-05, 1.1836e+04
6.2500e-05, 1.1536e+04
6.8750e-05, 1.0999e+04
7.5000e-05, 1.0531e+04
8.1250e-05, 1.0117e+04
8.7500e-05, 9.7492e+03
9.3750e-05, 9.4185e+03
1.0000e-04, 9.1194e+03
1.0625e-04, 8.8470e+03
1.1250e-04, 8.5976e+03
1.1875e-04, 8.3682e+03
1.2500e-04, 8.1562e+03
1.3750e-04, 7.7765e+03
1.5000e-04, 7.4453e+03
1.6250e-04, 7.1530e+03
1.7500e-04, 6.8927e+03
1.8750e-04, 6.6588e+03
2.0000e-04, 6.4472e+03
2.1875e-04, 6.1645e+03
2.3750e-04, 5.9160e+03
2.5625e-04, 5.6952e+03
2.7500e-04, 5.4974e+03
2.9375e-04, 5.3189e+03
3.1250e-04, 5.1567e+03
3.3125e-04, 5.0085e+03
3.5000e-04, 4.8723e+03
3.8750e-04, 4.6302e+03
4.2500e-04, 4.4209e+03
4.6250e-04, 4.2376e+03
5.0000e-04, 4.0753e+03
5.3125e-04, 3.9534e+03
5.6250e-04, 3.8418e+03
5.9375e-04, 3.7392e+03
6.2500e-04, 3.6443e+03
6.8750e-04, 3.4743e+03
7.5000e-04, 3.3260e+03
8.1250e-04, 3.1952e+03
8.7500e-04, 3.0786e+03
9.3750e-04, 2.9739e+03
1.0000e-03, 2.8791e+03
1.0625e-03, 2.7928e+03
1.1250e-03, 2.7138e+03
1.1875e-03, 2.6412e+03
1.2500e-03, 2.5740e+03
1.3750e-03, 2.4537e+03
1.5000e-03, 2.3487e+03
1.6250e-03, 2.2560e+03
1.7500e-03, 2.1735e+03
1.8750e-03, 2.0993e+03
2.0000e-03, 2.0322e+03
2.1875e-03, 1.9425e+03
2.3750e-03, 1.8636e+03
2.5625e-03, 1.7936e+03
2.7500e-03, 1.7308e+03
2.9375e-03, 1.6740e+03
3.1250e-03, 1.6225e+03
3.3125e-03, 1.5754e+03
3.5000e-03, 1.5321e+03
3.8750e-03, 1.4551e+03
4.2500e-03, 1.3885e+03
4.6250e-03, 1.3301e+03
5.0000e-03, 1.2784e+03
5.3125e-03, 1.2395e+03
5.6250e-03, 1.2039e+03
5.9375e-03, 1.1712e+03
6.2500e-03, 1.1409e+03
6.8750e-03, 1.0866e+03
7.5000e-03, 1.0392e+03
8.1250e-03, 9.9726e+02
8.7500e-03, 9.5989e+02
9.3750e-03, 9.2629e+02
1.0000e-02, 8.9587e+02
1.0625e-02, 8.6816e+02
1.1250e-02, 8.4277e+02
1.1875e-02, 8.1941e+02
1.2500e-02, 7.9779e+02
1.3750e-02, 7.5901e+02
1.5000e-02, 7.2509e+02
1.6250e-02, 6.9509e+02
1.7500e-02, 6.6830e+02
1.8750e-02, 6.4419e+02
2.0000e-02, 6.2235e+02
2.1325e-02, 6.0128e+02
2.2650e-02, 5.8206e+02
2.3975e-02, 5.6443e+02
2.5300e-02, 5.4818e+02
2.6844e-02, 5.3075e+02
2.8387e-02, 5.1474e+02
2.9931e-02, 4.9997e+02
3.1475e-02, 4.8628e+02
3.4563e-02, 4.6161e+02
3.7650e-02, 4.3991e+02
4.0738e-02, 4.2064e+02
4.3825e-02, 4.0338e+02
4.6913e-02, 3.8780e+02
5.0000e-02, 3.7365e+02
5.3125e-02, 3.6056e+02
5.6250e-02, 3.4854e+02
5.9375e-02, 3.3748e+02
6.2500e-02, 3.2724e+02
6.8750e-02, 3.0879e+02
7.5000e-02, 2.9256e+02
8.1250e-02, 2.7816e+02
8.7500e-02, 2.6527e+02
9.3750e-02, 2.5365e+02
1.0000e-01, 2.4310e+02
1.0625e-01, 2.3345e+02
1.1250e-01, 2.2460e+02
1.1875e-01, 2.1642e+02
1.2500e-01, 2.0885e+02
1.3125e-01, 2.0182e+02
1.3750e-01, 1.9528e+02
1.5000e-01, 1.8339e+02
1.6250e-01, 1.7283e+02
1.7500e-01, 1.6339e+02
1.8750e-01, 1.5489e+02
2.0000e-01, 1.4719e+02
2.0938e-01, 1.4187e+02
2.1875e-01, 1.3690e+02
2.2812e-01, 1.3226e+02
2.3750e-01, 1.2790e+02
2.5625e-01, 1.1992e+02
2.7500e-01, 1.1276e+02
2.9375e-01, 1.0632e+02
3.1250e-01, 1.0050e+02
3.3125e-01, 9.5200e+01
3.5000e-01, 9.0363e+01
3.6875e-01, 8.5928e+01
3.8750e-01, 8.1846e+01
4.0625e-01, 7.8078e+01
4.2500e-01, 7.4590e+01
4.4375e-01, 7.1352e+01
4.6250e-01, 6.8357e+01
5.0000e-01, 6.2959e+01
5.6250e-01, 5.5333e+01
6.2500e-01, 4.9067e+01
6.8750e-01, 4.3860e+01
7.5000e-01, 3.9479e+01
8.1250e-01, 3.5751e+01
8.7500e-01, 3.2551e+01
9.3750e-01, 2.9780e+01
1.0000e+00, 2.7378e+01
1.1250e+00, 2.3396e+01
1.2500e+00, 2.0249e+01
1.3750e+00, 1.7726e+01
1.5000e+00, 1.5672e+01
1.6250e+00, 1.3977e+01
1.7500e+00, 1.2563e+01
1.8750e+00, 1.1369e+01
2.0000e+00, 1.0354e+01
2.1907e+00, 9.0797e+00
2.3814e+00, 8.0470e+00
2.5721e+00, 7.2302e+00
2.7628e+00, 6.5335e+00
2.9534e+00, 5.9843e+00
3.1441e+00, 5.5438e+00
3.3348e+00, 5.1973e+00
3.4302e+00, 5.0930e+00
3.5255e+00, 5.0447e+00
3.6208e+00, 5.1073e+00
3.6685e+00, 5.2129e+00
3.7162e+00, 5.3984e+00
3.7639e+00, 5.7287e+00
3.7877e+00, 5.9850e+00
3.8115e+00, 6.3344e+00
3.8354e+00, 6.8211e+00
3.8592e+00, 7.5249e+00
3.8711e+00, 8.0006e+00
3.8830e+00, 8.5955e+00
3.8950e+00, 9.3538e+00
3.9069e+00, 1.0342e+01
3.9173e+00, 1.1477e+01
3.9277e+00, 1.2975e+01
3.9329e+00, 1.3906e+01
3.9382e+00, 1.4992e+01
3.9434e+00, 1.6263e+01
3.9486e+00, 1.7753e+01
3.9538e+00, 1.9503e+01
3.9590e+00, 2.1557e+01
3.9642e+00, 2.3961e+01
3.9694e+00, 2.6764e+01
3.9747e+00, 3.0012e+01
3.9799e+00, 3.3746e+01
3.9851e+00, 3.7994e+01
3.9903e+00, 4.2771e+01
4.0002e+00, 5.3278e+01
4.0102e+00, 6.5290e+01
4.0300e+00, 9.0193e+01
4.0375e+00, 9.8141e+01
4.0450e+00, 1.0431e+02
4.0525e+00, 1.0817e+02
4.0600e+00, 1.0936e+02
4.0665e+00, 1.0816e+02
4.0730e+00, 1.0495e+02
4.0795e+00, 9.9974e+01
4.0860e+00, 9.3546e+01
4.0958e+00, 8.1984e+01
4.1056e+00, 6.9473e+01
4.1155e+00, 5.7283e+01
4.1253e+00, 4.6324e+01
4.1346e+00, 3.7456e+01
4.1393e+00, 3.3650e+01
4.1440e+00, 3.0253e+01
4.1487e+00, 2.7247e+01
4.1534e+00, 2.4603e+01
4.1581e+00, 2.2291e+01
4.1628e+00, 2.0276e+01
4.1674e+00, 1.8526e+01
4.1721e+00, 1.7006e+01
4.1768e+00, 1.5688e+01
4.1815e+00, 1.4543e+01
4.1909e+00, 1.2677e+01
4.2002e+00, 1.1247e+01
4.2074e+00, 1.0374e+01
4.2145e+00, 9.6446e+00
4.2217e+00, 9.0288e+00
4.2288e+00, 8.5038e+00
4.2431e+00, 7.6594e+00
4.2574e+00, 7.0136e+00
4.2717e+00, 6.5064e+00
4.2859e+00, 6.0993e+00
4.3145e+00, 5.4894e+00
4.3431e+00, 5.0562e+00
4.3716e+00, 4.7344e+00
4.4002e+00, 4.4877e+00
4.4287e+00, 4.2934e+00
4.5002e+00, 3.9461e+00
4.5716e+00, 3.7169e+00
4.6430e+00, 3.5448e+00
4.7144e+00, 3.4095e+00
4.8572e+00, 3.2141e+00
5.0000e+00, 3.0547e+00
5.3125e+00, 2.8057e+00
5.6250e+00, 2.6228e+00
5.9375e+00, 2.4811e+00
6.2500e+00, 2.3702e+00
6.8750e+00, 2.2187e+00
7.5000e+00, 2.1466e+00
8.1250e+00, 2.1513e+00
8.4375e+00, 2.1854e+00
8.7500e+00, 2.2457e+00
9.0625e+00, 2.3364e+00
9.3750e+00, 2.4649e+00
9.6875e+00, 2.6425e+00
1.0000e+01, 2.8846e+00
1.0209e+01, 3.0945e+00
1.0417e+01, 3.3569e+00
1.0626e+01, 3.6866e+00
1.0834e+01, 4.1060e+00
1.1043e+01, 4.6430e+00
1.1147e+01, 4.9696e+00
1.1252e+01, 5.3503e+00
1.1356e+01, 5.7928e+00
1.1460e+01, 6.3106e+00
1.1565e+01, 6.9214e+00
1.1669e+01, 7.6489e+00
1.1773e+01, 8.5245e+00
1.1877e+01, 9.5909e+00
1.1982e+01, 1.0908e+01
1.2086e+01, 1.2560e+01
1.2190e+01, 1.4651e+01
1.2243e+01, 1.5919e+01
1.2295e+01, 1.7384e+01
1.2347e+01, 1.9084e+01
1.2399e+01, 2.1067e+01
1.2451e+01, 2.3397e+01
1.2503e+01, 2.6159e+01
1.2546e+01, 2.8803e+01
1.2567e+01, 3.0287e+01
1.2588e+01, 3.1895e+01
1.2609e+01, 3.3643e+01
1.2620e+01, 3.4575e+01
1.2630e+01, 3.5547e+01
1.2641e+01, 3.6564e+01
1.2652e+01, 3.7626e+01
1.2662e+01, 3.8737e+01
1.2673e+01, 3.9900e+01
1.2683e+01, 4.1120e+01
1.2694e+01, 4.2399e+01
1.2705e+01, 4.3740e+01
1.2715e+01, 4.5149e+01
1.2724e+01, 4.6399e+01
1.2733e+01, 4.7702e+01
1.2742e+01, 4.9064e+01
1.2751e+01, 5.0487e+01
1.2759e+01, 5.1837e+01
1.2767e+01, 5.3245e+01
1.2775e+01, 5.4713e+01
1.2784e+01, 5.6243e+01
1.2792e+01, 5.7842e+01
1.2800e+01, 5.9513e+01
1.2808e+01, 6.1261e+01
1.2816e+01, 6.3087e+01
1.2829e+01, 6.6194e+01
1.2842e+01, 6.9545e+01
1.2855e+01, 7.3167e+01
1.2868e+01, 7.7087e+01
1.2881e+01, 8.1347e+01
1.2894e+01, 8.5983e+01
1.2907e+01, 9.1043e+01
1.2920e+01, 9.6577e+01
1.2929e+01, 1.0070e+02
1.2938e+01, 1.0509e+02
1.2947e+01, 1.0980e+02
1.2956e+01, 1.1484e+02
1.2965e+01, 1.2025e+02
1.2974e+01, 1.2607e+02
1.2983e+01, 1.3234e+02
1.2992e+01, 1.3912e+02
1.3001e+01, 1.4646e+02
1.3010e+01, 1.5442e+02
1.3019e+01, 1.6310e+02
1.3028e+01, 1.7257e+02
1.3037e+01, 1.8295e+02
1.3046e+01, 1.9434e+02
1.3055e+01, 2.0692e+02
1.3064e+01, 2.2085e+02
1.3072e+01, 2.3490e+02
1.3080e+01, 2.5044e+02
1.3088e+01, 2.6774e+02
1.3097e+01, 2.8708e+02
1.3105e+01, 3.0881e+02
1.3113e+01, 3.3336e+02
1.3121e+01, 3.6127e+02
1.3129e+01, 3.9314e+02
1.3137e+01, 4.2982e+02
1.3145e+01, 4.7223e+02
1.3154e+01, 5.2148e+02
1.3162e+01, 5.7885e+02
1.3170e+01, 6.4605e+02
1.3178e+01, 7.2483e+02
1.3186e+01, 8.1724e+02
1.3194e+01, 9.2541e+02
1.3203e+01, 1.0659e+03
1.3212e+01, 1.2319e+03
1.3221e+01, 1.4271e+03
1.3230e+01, 1.6542e+03
1.3239e+01, 1.9163e+03
1.3248e+01, 2.2144e+03
1.3257e+01, 2.5490e+03
1.3266e+01, 2.9189e+03
1.3281e+01, 3.5904e+03
1.3295e+01, 4.3176e+03
1.3325e+01, 5.7441e+03
1.3337e+01, 6.2302e+03
1.3349e+01, 6.6045e+03
1.3361e+01, 6.8391e+03
1.3373e+01, 6.9155e+03
1.3388e+01, 6.7774e+03
1.3404e+01, 6.3953e+03
1.3419e+01, 5.8167e+03
1.3434e+01, 5.1090e+03
1.3470e+01, 3.3602e+03
1.3478e+01, 2.9617e+03
1.3487e+01, 2.5939e+03
1.3496e+01, 2.2598e+03
1.3505e+01, 1.9609e+03
1.3513e+01, 1.7310e+03
1.3520e+01, 1.5268e+03
1.3528e+01, 1.3464e+03
1.3536e+01, 1.1885e+03
1.3543e+01, 1.0508e+03
1.3551e+01, 9.3146e+02
1.3558e+01, 8.2832e+02
1.3566e+01, 7.3936e+02
1.3574e+01, 6.6259e+02
1.3581e+01, 5.9651e+02
1.3589e+01, 5.3940e+02
1.3597e+01, 4.9008e+02
1.3604e+01, 4.4723e+02
1.3612e+01, 4.0997e+02
1.3620e+01, 3.7737e+02
1.3627e+01, 3.4872e+02
1.3641e+01, 3.0546e+02
1.3655e+01, 2.7029e+02
1.3668e+01, 2.4125e+02
1.3682e+01, 2.1695e+02
1.3696e+01, 1.9635e+02
1.3709e+01, 1.7870e+02
1.3723e+01, 1.6344e+02
1.3737e+01, 1.5014e+02
1.3764e+01, 1.2811e+02
1.3791e+01, 1.1072e+02
1.3819e+01, 9.6717e+01
1.3846e+01, 8.5263e+01
1.3870e+01, 7.6794e+01
1.3894e+01, 6.9550e+01
1.3919e+01, 6.3304e+01
1.3943e+01, 5.7879e+01
1.3967e+01, 5.3139e+01
1.3991e+01, 4.8971e+01
1.4039e+01, 4.2015e+01
1.4088e+01, 3.6463e+01
1.4136e+01, 3.1954e+01
1.4184e+01, 2.8241e+01
1.4232e+01, 2.5151e+01
1.4277e+01, 2.2712e+01
1.4322e+01, 2.0620e+01
1.4368e+01, 1.8813e+01
1.4413e+01, 1.7240e+01
1.4458e+01, 1.5863e+01
1.4503e+01, 1.4651e+01
1.4593e+01, 1.2628e+01
1.4683e+01, 1.1022e+01
1.4773e+01, 9.7147e+00
1.4863e+01, 8.6350e+00
1.4953e+01, 7.7373e+00
1.5050e+01, 6.9342e+00
1.5146e+01, 6.2608e+00
1.5243e+01, 5.6908e+00
1.5340e+01, 5.2042e+00
1.5436e+01, 4.7854e+00
1.5533e+01, 4.4226e+00
1.5629e+01, 4.1078e+00
1.5726e+01, 3.8360e+00
1.5919e+01, 3.3742e+00
1.6112e+01, 3.0079e+00
1.6305e+01, 2.7138e+00
1.6498e+01, 2.4747e+00
1.6717e+01, 2.2543e+00
1.6936e+01, 2.0757e+00
1.7155e+01, 1.9294e+00
1.7374e+01, 1.8087e+00
1.7811e+01, 1.6288e+00
1.8249e+01, 1.4995e+00
1.8687e+01, 1.4104e+00
1.9125e+01, 1.3512e+00
1.9562e+01, 1.3155e+00
2.0000e+01, 1.2995e+00
2.0621e+01, 1.3056e+00
2.1242e+01, 1.3432e+00
2.1863e+01, 1.4135e+00
2.2484e+01, 1.5213e+00
2.3105e+01, 1.6746e+00
2.3415e+01, 1.7726e+00
2.3725e+01, 1.8891e+00
2.4036e+01, 2.0270e+00
2.4346e+01, 2.1907e+00
2.4657e+01, 2.3861e+00
2.4967e+01, 2.6210e+00
2.5200e+01, 2.8298e+00
2.5433e+01, 3.0729e+00
2.5666e+01, 3.3557e+00
2.5899e+01, 3.6885e+00
2.6131e+01, 4.0854e+00
2.6364e+01, 4.5534e+00
2.6481e+01, 4.8263e+00
2.6597e+01, 5.1272e+00
2.6655e+01, 5.2900e+00
2.6713e+01, 5.4618e+00
2.6772e+01, 5.6430e+00
2.6830e+01, 5.8344e+00
2.6861e+01, 5.9426e+00
2.6893e+01, 6.0542e+00
2.6924e+01, 6.1692e+00
2.6956e+01, 6.2879e+00
2.6988e+01, 6.4104e+00
2.7019e+01, 6.5368e+00
2.7051e+01, 6.6673e+00
2.7082e+01, 6.8021e+00
2.7121e+01, 6.9742e+00
2.7160e+01, 7.1534e+00
2.7199e+01, 7.3402e+00
2.7237e+01, 7.5350e+00
2.7276e+01, 7.7383e+00
2.7315e+01, 7.9504e+00
2.7347e+01, 8.1297e+00
2.7378e+01, 8.3156e+00
2.7410e+01, 8.5084e+00
2.7441e+01, 8.7085e+00
2.7473e+01, 8.9161e+00
2.7504e+01, 9.1318e+00
2.7536e+01, 9.3558e+00
2.7567e+01, 9.5886e+00
2.7594e+01, 9.7929e+00
2.7621e+01, 1.0004e+01
2.7647e+01, 1.0223e+01
2.7674e+01, 1.0449e+01
2.7727e+01, 1.0925e+01
2.7781e+01, 1.1437e+01
2.7834e+01, 1.1987e+01
2.7887e+01, 1.2580e+01
2.7941e+01, 1.3220e+01
2.7994e+01, 1.3912e+01
2.8047e+01, 1.4663e+01
2.8101e+01, 1.5479e+01
2.8154e+01, 1.6367e+01
2.8208e+01, 1.7337e+01
2.8261e+01, 1.8400e+01
2.8314e+01, 1.9566e+01
2.8368e+01, 2.0851e+01
2.8421e+01, 2.2270e+01
2.8474e+01, 2.3845e+01
2.8528e+01, 2.5598e+01
2.8581e+01, 2.7557e+01
2.8634e+01, 2.9756e+01
2.8688e+01, 3.2237e+01
2.8741e+01, 3.5050e+01
2.8794e+01, 3.8257e+01
2.8848e+01, 4.1936e+01
2.8901e+01, 4.6187e+01
2.8955e+01, 5.1136e+01
2.9008e+01, 5.6945e+01
2.9061e+01, 6.3829e+01
2.9115e+01, 7.2074e+01
2.9141e+01, 7.6824e+01
2.9168e+01, 8.2072e+01
2.9195e+01, 8.7889e+01
2.9221e+01, 9.4364e+01
2.9248e+01, 1.0160e+02
2.9275e+01, 1.0972e+02
2.9311e+01, 1.2252e+02
2.9347e+01, 1.3775e+02
2.9384e+01, 1.5614e+02
2.9420e+01, 1.7863e+02
2.9438e+01, 1.9184e+02
2.9457e+01, 2.0666e+02
2.9475e+01, 2.2336e+02
2.9493e+01, 2.4232e+02
2.9511e+01, 2.6398e+02
2.9529e+01, 2.8893e+02
2.9548e+01, 3.1793e+02
2.9566e+01, 3.5200e+02
2.9578e+01, 3.7818e+02
2.9590e+01, 4.0771e+02
2.9602e+01, 4.4121e+02
2.9614e+01, 4.7942e+02
2.9626e+01, 5.2332e+02
2.9639e+01, 5.7400e+02
2.9651e+01, 6.3285e+02
2.9663e+01, 7.0141e+02
2.9675e+01, 7.8173e+02
2.9687e+01, 8.7600e+02
2.9699e+01, 9.8682e+02
2.9711e+01, 1.1170e+03
2.9723e+01, 1.2698e+03
2.9736e+01, 1.4486e+03
2.9748e+01, 1.6570e+03
2.9760e+01, 1.8981e+03
2.9773e+01, 2.2054e+03
2.9786e+01, 2.5597e+03
2.9800e+01, 2.9633e+03
2.9813e+01, 3.4164e+03
2.9826e+01, 3.9172e+03
2.9840e+01, 4.4608e+03
2.9866e+01, 5.6417e+03
2.9900e+01, 7.1772e+03
2.9917e+01, 7.8740e+03
2.9934e+01, 8.4682e+03
2.9947e+01, 8.8214e+03
2.9960e+01, 9.0830e+03
2.9972e+01, 9.2427e+03
2.9985e+01, 9.2942e+03
3.0004e+01, 9.1678e+03
3.0023e+01, 8.8108e+03
3.0041e+01, 8.2542e+03
3.0060e+01, 7.5435e+03
3.0111e+01, 5.2584e+03
3.0137e+01, 4.1590e+03
3.0150e+01, 3.6595e+03
3.0162e+01, 3.2021e+03
3.0173e+01, 2.8643e+03
3.0183e+01, 2.5563e+03
3.0194e+01, 2.2778e+03
3.0204e+01, 2.0281e+03
3.0214e+01, 1.8054e+03
3.0225e+01, 1.6080e+03
3.0235e+01, 1.4340e+03
3.0245e+01, 1.2814e+03
3.0256e+01, 1.1477e+03
3.0266e+01, 1.0310e+03
3.0276e+01, 9.2922e+02
3.0287e+01, 8.4063e+02
3.0297e+01, 7.6333e+02
3.0307e+01, 6.9586e+02
3.0318e+01, 6.3686e+02
3.0328e+01, 5.8518e+02
3.0346e+01, 5.0855e+02
3.0365e+01, 4.4673e+02
3.0383e+01, 3.9623e+02
3.0401e+01, 3.5443e+02
3.0420e+01, 3.1936e+02
3.0438e+01, 2.8960e+02
3.0456e+01, 2.6407e+02
3.0474e+01, 2.4198e+02
3.0493e+01, 2.2268e+02
3.0511e+01, 2.0570e+02
3.0547e+01, 1.7729e+02
3.0584e+01, 1.5454e+02
3.0621e+01, 1.3600e+02
3.0652e+01, 1.2254e+02
3.0684e+01, 1.1103e+02
3.0716e+01, 1.0108e+02
3.0747e+01, 9.2437e+01
3.0779e+01, 8.4870e+01
3.0811e+01, 7.8209e+01
3.0874e+01, 6.7069e+01
3.0937e+01, 5.8182e+01
3.1001e+01, 5.0975e+01
3.1064e+01, 4.5036e+01
3.1128e+01, 4.0076e+01
3.1186e+01, 3.6188e+01
3.1244e+01, 3.2841e+01
3.1303e+01, 2.9939e+01
3.1361e+01, 2.7408e+01
3.1420e+01, 2.5187e+01
3.1478e+01, 2.3227e+01
3.1595e+01, 1.9939e+01
3.1712e+01, 1.7308e+01
3.1829e+01, 1.5174e+01
3.1946e+01, 1.3424e+01
3.2063e+01, 1.1960e+01
3.2171e+01, 1.0814e+01
3.2278e+01, 9.8263e+00
3.2385e+01, 8.9697e+00
3.2492e+01, 8.2221e+00
3.2599e+01, 7.5658e+00
3.2707e+01, 6.9865e+00
3.2921e+01, 6.0147e+00
3.3136e+01, 5.2368e+00
3.3350e+01, 4.6044e+00
3.3565e+01, 4.0835e+00
3.3779e+01, 3.6527e+00
3.4013e+01, 3.2607e+00
3.4247e+01, 2.9278e+00
3.4481e+01, 2.6452e+00
3.4715e+01, 2.4044e+00
3.4949e+01, 2.1980e+00
3.5183e+01, 2.0190e+00
3.5417e+01, 1.8625e+00
3.5651e+01, 1.7254e+00
3.6119e+01, 1.4979e+00
3.6587e+01, 1.3174e+00
3.7054e+01, 1.1751e+00
3.7522e+01, 1.0551e+00
3.8068e+01, 9.4269e-01
3.8614e+01, 8.5156e-01
3.9160e+01, 7.7650e-01
3.9706e+01, 7.1396e-01
4.0252e+01, 6.6143e-01
4.0798e+01, 6.1702e-01
4.1890e+01, 5.4717e-01
4.2435e+01, 5.1973e-01
4.2981e+01, 4.9749e-01
4.4073e+01, 4.5849e-01
4.5165e+01, 4.2929e-01
4.6257e+01, 4.0774e-01
4.8128e+01, 3.8443e-01
5.0000e+01, 3.7264e-01
5.1288e+01, 3.7080e-01
5.2738e+01, 3.7419e-01
5.4188e+01, 3.8340e-01
5.5637e+01, 3.9893e-01
5.7087e+01, 4.2204e-01
5.8536e+01, 4.5495e-01
5.9986e+01, 5.0152e-01
6.0710e+01, 5.3106e-01
6.1435e+01, 5.6798e-01
6.2160e+01, 6.1335e-01
6.2885e+01, 6.7016e-01
6.3710e+01, 7.5493e-01
6.4123e+01, 8.0725e-01
6.4536e+01, 8.7077e-01
6.4948e+01, 9.4300e-01
6.5361e+01, 1.0329e+00
6.5567e+01, 1.0850e+00
6.5774e+01, 1.1435e+00
6.5877e+01, 1.1753e+00
6.5980e+01, 1.2090e+00
6.6083e+01, 1.2449e+00
6.6186e+01, 1.2831e+00
6.6267e+01, 1.3146e+00
6.6347e+01, 1.3478e+00
6.6428e+01, 1.3828e+00
6.6509e+01, 1.4196e+00
6.6589e+01, 1.4584e+00
6.6670e+01, 1.4995e+00
6.6750e+01, 1.5429e+00
6.6790e+01, 1.5656e+00
6.6831e+01, 1.5889e+00
6.6851e+01, 1.6008e+00
6.6899e+01, 1.6299e+00
6.6946e+01, 1.6600e+00
6.6994e+01, 1.6912e+00
6.7042e+01, 1.7236e+00
6.7138e+01, 1.7922e+00
6.7233e+01, 1.8662e+00
6.7294e+01, 1.9161e+00
6.7354e+01, 1.9685e+00
6.7414e+01, 2.0238e+00
6.7475e+01, 2.0822e+00
6.7535e+01, 2.1438e+00
6.7596e+01, 2.2089e+00
6.7656e+01, 2.2778e+00
6.7716e+01, 2.3509e+00
6.7772e+01, 2.4217e+00
6.7827e+01, 2.4966e+00
6.7883e+01, 2.5759e+00
6.7938e+01, 2.6598e+00
6.7993e+01, 2.7489e+00
6.8049e+01, 2.8435e+00
6.8104e+01, 2.9442e+00
6.8159e+01, 3.0514e+00
6.8215e+01, 3.1659e+00
6.8270e+01, 3.2883e+00
6.8325e+01, 3.4193e+00
6.8381e+01, 3.5598e+00
6.8436e+01, 3.7109e+00
6.8492e+01, 3.8734e+00
6.8547e+01, 4.0489e+00
6.8602e+01, 4.2385e+00
6.8658e+01, 4.4441e+00
6.8713e+01, 4.6675e+00
6.8768e+01, 4.9108e+00
6.8824e+01, 5.1765e+00
6.8879e+01, 5.4676e+00
6.8934e+01, 5.7874e+00
6.8990e+01, 6.1400e+00
6.9045e+01, 6.5302e+00
6.9101e+01, 6.9636e+00
6.9156e+01, 7.4469e+00
6.9211e+01, 7.9884e+00
6.9267e+01, 8.5976e+00
6.9322e+01, 9.2869e+00
6.9377e+01, 1.0071e+01
6.9433e+01, 1.0968e+01
6.9488e+01, 1.2001e+01
6.9549e+01, 1.3322e+01
6.9609e+01, 1.4894e+01
6.9669e+01, 1.6791e+01
6.9730e+01, 1.9112e+01
6.9790e+01, 2.2002e+01
6.9820e+01, 2.3723e+01
6.9850e+01, 2.5673e+01
6.9881e+01, 2.7901e+01
6.9911e+01, 3.0465e+01
6.9941e+01, 3.3445e+01
6.9971e+01, 3.6949e+01
6.9991e+01, 3.9652e+01
7.0012e+01, 4.2714e+01
7.0032e+01, 4.6214e+01
7.0052e+01, 5.0254e+01
7.0072e+01, 5.4970e+01
7.0092e+01, 6.0531e+01
7.0112e+01, 6.7165e+01
7.0132e+01, 7.5171e+01
7.0152e+01, 8.4936e+01
7.0173e+01, 9.6942e+01
7.0193e+01, 1.1181e+02
7.0213e+01, 1.3030e+02
7.0233e+01, 1.5335e+02
7.0253e+01, 1.8202e+02
7.0273e+01, 2.1758e+02
7.0293e+01, 2.6139e+02
7.0304e+01, 2.8854e+02
7.0315e+01, 3.1866e+02
7.0336e+01, 3.8861e+02
7.0358e+01, 4.7286e+02
7.0379e+01, 5.7265e+02
7.0400e+01, 6.8865e+02
7.0422e+01, 8.2074e+02
7.0443e+01, 9.6777e+02
7.0465e+01, 1.1274e+03
7.0515e+01, 1.5296e+03
7.0565e+01, 1.9076e+03
7.0593e+01, 2.0740e+03
7.0621e+01, 2.1911e+03
7.0641e+01, 2.2377e+03
7.0660e+01, 2.2531e+03
7.0678e+01, 2.2388e+03
7.0696e+01, 2.1977e+03
7.0714e+01, 2.1313e+03
7.0732e+01, 2.0421e+03
7.0770e+01, 1.7954e+03
7.0808e+01, 1.5003e+03
7.0844e+01, 1.2090e+03
7.0881e+01, 9.3669e+02
7.0899e+01, 8.1373e+02
7.0917e+01, 7.0163e+02
7.0935e+01, 6.0096e+02
7.0953e+01, 5.1200e+02
7.0971e+01, 4.3782e+02
7.0988e+01, 3.7349e+02
7.1005e+01, 3.1826e+02
7.1022e+01, 2.7127e+02
7.1040e+01, 2.3159e+02
7.1057e+01, 1.9835e+02
7.1074e+01, 1.7064e+02
7.1092e+01, 1.4761e+02
7.1109e+01, 1.2852e+02
7.1126e+01, 1.1271e+02
7.1143e+01, 9.9601e+01
7.1161e+01, 8.8693e+01
7.1178e+01, 7.9579e+01
7.1195e+01, 7.1919e+01
7.1213e+01, 6.5438e+01
7.1230e+01, 5.9911e+01
7.1259e+01, 5.2218e+01
7.1289e+01, 4.6127e+01
7.1318e+01, 4.1195e+01
7.1347e+01, 3.7121e+01
7.1377e+01, 3.3699e+01
7.1406e+01, 3.0784e+01
7.1436e+01, 2.8272e+01
7.1465e+01, 2.6088e+01
7.1494e+01, 2.4171e+01
7.1524e+01, 2.2478e+01
7.1582e+01, 1.9630e+01
7.1641e+01, 1.7339e+01
7.1700e+01, 1.5466e+01
7.1738e+01, 1.4429e+01
7.1776e+01, 1.3507e+01
7.1852e+01, 1.1942e+01
7.1928e+01, 1.0674e+01
7.2004e+01, 9.6321e+00
7.2080e+01, 8.7665e+00
7.2156e+01, 8.0407e+00
7.2232e+01, 7.4274e+00
7.2308e+01, 6.9056e+00
7.2384e+01, 6.4592e+00
7.2460e+01, 6.0756e+00
7.2536e+01, 5.7447e+00
7.2612e+01, 5.4587e+00
7.2688e+01, 5.2109e+00
7.2764e+01, 4.9963e+00
7.2841e+01, 4.8105e+00
7.2917e+01, 4.6500e+00
7.2975e+01, 4.5414e+00
7.3034e+01, 4.4450e+00
7.3093e+01, 4.3598e+00
7.3152e+01, 4.2850e+00
7.3210e+01, 4.2197e+00
7.3269e+01, 4.1634e+00
7.3328e+01, 4.1154e+00
7.3387e+01, 4.0754e+00
7.3435e+01, 4.0481e+00
7.3483e+01, 4.0257e+00
7.3532e+01, 4.0080e+00
7.3580e+01, 3.9949e+00
7.3635e+01, 3.9853e+00
7.3691e+01, 3.9813e+00
7.3746e+01, 3.9827e+00
7.3801e+01, 3.9895e+00
7.3857e+01, 4.0016e+00
7.3895e+01, 4.0130e+00
7.3933e+01, 4.0268e+00
7.3971e+01, 4.0430e+00
7.4009e+01, 4.0618e+00
7.4047e+01, 4.0830e+00
7.4085e+01, 4.1066e+00
7.4123e+01, 4.1328e+00
7.4161e+01, 4.1615e+00
7.4199e+01, 4.1928e+00
7.4237e+01, 4.2267e+00
7.4313e+01, 4.3025e+00
7.4389e+01, 4.3893e+00
7.4465e+01, 4.4876e+00
7.4520e+01, 4.5667e+00
7.4576e+01, 4.6526e+00
7.4631e+01, 4.7455e+00
7.4686e+01, 4.8459e+00
7.4741e+01, 4.9542e+00
7.4797e+01, 5.0707e+00
7.4907e+01, 5.3306e+00
7.5018e+01, 5.6299e+00
7.5129e+01, 5.9744e+00
7.5239e+01, 6.3714e+00
7.5350e+01, 6.8299e+00
7.5467e+01, 7.3972e+00
7.5585e+01, 8.0635e+00
7.5702e+01, 8.8509e+00
7.5820e+01, 9.7875e+00
7.5879e+01, 1.0323e+01
7.5937e+01, 1.0910e+01
7.5996e+01, 1.1557e+01
7.6055e+01, 1.2271e+01
7.6114e+01, 1.3063e+01
7.6172e+01, 1.3944e+01
7.6231e+01, 1.4928e+01
7.6290e+01, 1.6031e+01
7.6366e+01, 1.7669e+01
7.6442e+01, 1.9594e+01
7.6518e+01, 2.1879e+01
7.6594e+01, 2.4619e+01
7.6670e+01, 2.7946e+01
7.6708e+01, 2.9885e+01
7.6746e+01, 3.2044e+01
7.6784e+01, 3.4461e+01
7.6822e+01, 3.7177e+01
7.6860e+01, 4.0248e+01
7.6898e+01, 4.3736e+01
7.6950e+01, 4.9326e+01
7.7002e+01, 5.6139e+01
7.7054e+01, 6.4596e+01
7.7080e+01, 6.9625e+01
7.7106e+01, 7.5324e+01
7.7132e+01, 8.1836e+01
7.7157e+01, 8.9335e+01
7.7183e+01, 9.8057e+01
7.7209e+01, 1.0831e+02
7.7235e+01, 1.2053e+02
7.7261e+01, 1.3523e+02
7.7287e+01, 1.5318e+02
7.7313e+01, 1.7534e+02
7.7329e+01, 1.9118e+02
7.7344e+01, 2.0930e+02
7.7360e+01, 2.3012e+02
7.7375e+01, 2.5405e+02
7.7391e+01, 2.8161e+02
7.7406e+01, 3.1330e+02
7.7422e+01, 3.4973e+02
7.7437e+01, 3.9156e+02
7.7453e+01, 4.3948e+02
7.7468e+01, 4.9413e+02
7.7484e+01, 5.5621e+02
7.7500e+01, 6.2641e+02
7.7515e+01, 7.0537e+02
7.7531e+01, 7.9350e+02
7.7546e+01, 8.9123e+02
7.7562e+01, 9.9875e+02
7.7581e+01, 1.1435e+03
7.7600e+01, 1.3022e+03
7.7638e+01, 1.6559e+03
7.7714e+01, 2.4260e+03
7.7753e+01, 2.7776e+03
7.7791e+01, 3.0440e+03
7.7821e+01, 3.1656e+03
7.7850e+01, 3.2066e+03
7.7878e+01, 3.1683e+03
7.7905e+01, 3.0586e+03
7.7933e+01, 2.8857e+03
7.7960e+01, 2.6624e+03
7.8019e+01, 2.0822e+03
7.8079e+01, 1.4909e+03
7.8107e+01, 1.2387e+03
7.8135e+01, 1.0160e+03
7.8164e+01, 8.2512e+02
7.8178e+01, 7.4176e+02
7.8192e+01, 6.6616e+02
7.8206e+01, 5.9792e+02
7.8220e+01, 5.3673e+02
7.8234e+01, 4.8206e+02
7.8249e+01, 4.3342e+02
7.8263e+01, 3.9024e+02
7.8277e+01, 3.5209e+02
7.8291e+01, 3.1842e+02
7.8305e+01, 2.8875e+02
7.8319e+01, 2.6379e+02
7.8332e+01, 2.4168e+02
7.8359e+01, 2.0474e+02
7.8386e+01, 1.7562e+02
7.8413e+01, 1.5249e+02
7.8440e+01, 1.3390e+02
7.8467e+01, 1.1877e+02
7.8494e+01, 1.0630e+02
7.8521e+01, 9.5886e+01
7.8548e+01, 8.7066e+01
7.8575e+01, 7.9515e+01
7.8602e+01, 7.2983e+01
7.8629e+01, 6.7285e+01
7.8683e+01, 5.7831e+01
7.8737e+01, 5.0334e+01
7.8788e+01, 4.4542e+01
7.8839e+01, 3.9735e+01
7.8890e+01, 3.5695e+01
7.8941e+01, 3.2262e+01
7.8993e+01, 2.9316e+01
7.9044e+01, 2.6767e+01
7.9095e+01, 2.4545e+01
7.9146e+01, 2.2595e+01
7.9249e+01, 1.9349e+01
7.9351e+01, 1.6773e+01
7.9454e+01, 1.4694e+01
7.9556e+01, 1.2991e+01
7.9648e+01, 1.1715e+01
7.9739e+01, 1.0626e+01
7.9831e+01, 9.6894e+00
7.9923e+01, 8.8787e+00
8.0014e+01, 8.1719e+00
8.0106e+01, 7.5507e+00
8.0289e+01, 6.5112e+00
8.0473e+01, 5.6825e+00
8.0656e+01, 5.0130e+00
8.0839e+01, 4.4645e+00
8.1022e+01, 4.0095e+00
8.1217e+01, 3.6075e+00
8.1411e+01, 3.2703e+00
8.1605e+01, 2.9858e+00
8.1799e+01, 2.7450e+00
8.1993e+01, 2.5359e+00
8.2187e+01, 2.3531e+00
8.2575e+01, 2.0540e+00
8.2963e+01, 1.8221e+00
8.3352e+01, 1.6390e+00
8.3740e+01, 1.4925e+00
8.4128e+01, 1.3738e+00
8.4473e+01, 1.2867e+00
8.4818e+01, 1.2134e+00
8.5163e+01, 1.1515e+00
8.5508e+01, 1.0997e+00
8.6198e+01, 1.0179e+00
8.6888e+01, 9.5863e-01
8.7578e+01, 9.1702e-01
8.8268e+01, 8.8923e-01
8.8959e+01, 8.7247e-01
8.9304e+01, 8.6764e-01
8.9649e+01, 8.6525e-01
9.0015e+01, 8.6499e-01
9.0382e+01, 8.6698e-01
9.0748e+01, 8.7114e-01
9.1115e+01, 8.7741e-01
9.1482e+01, 8.8577e-01
9.1848e+01, 8.9613e-01
9.2032e+01, 9.0213e-01
9.2215e+01, 9.0867e-01
9.2398e+01, 9.1576e-01
9.2582e+01, 9.2339e-01
9.2765e+01, 9.3158e-01
9.2948e+01, 9.4034e-01
9.3131e+01, 9.4969e-01
9.3315e+01, 9.5963e-01
9.3406e+01, 9.6483e-01
9.3498e+01, 9.7018e-01
9.3590e+01, 9.7570e-01
9.3681e+01, 9.8136e-01
9.3773e+01, 9.8719e-01
9.3865e+01, 9.9319e-01
9.3956e+01, 9.9935e-01
9.4048e+01, 1.0057e+00
9.4113e+01, 1.0103e+00
9.4191e+01, 1.0159e+00
9.4269e+01, 1.0217e+00
9.4347e+01, 1.0276e+00
9.4425e+01, 1.0337e+00
9.4582e+01, 1.0462e+00
9.4738e+01, 1.0594e+00
9.4878e+01, 1.0716e+00
9.5018e+01, 1.0844e+00
9.5159e+01, 1.0976e+00
9.5299e+01, 1.1115e+00
9.5439e+01, 1.1258e+00
9.5579e+01, 1.1408e+00
9.5719e+01, 1.1563e+00
9.5859e+01, 1.1725e+00
9.5989e+01, 1.1880e+00
9.6118e+01, 1.2041e+00
9.6248e+01, 1.2208e+00
9.6377e+01, 1.2381e+00
9.6636e+01, 1.2747e+00
9.6895e+01, 1.3142e+00
9.7153e+01, 1.3568e+00
9.7412e+01, 1.4030e+00
9.7671e+01, 1.4532e+00
9.7930e+01, 1.5075e+00
9.8189e+01, 1.5663e+00
9.8447e+01, 1.6305e+00
9.8706e+01, 1.7005e+00
9.8965e+01, 1.7771e+00
9.9224e+01, 1.8612e+00
9.9482e+01, 1.9538e+00
9.9741e+01, 2.0560e+00
1.0000e+02, 2.1689e+00
1.0029e+02, 2.3124e+00
1.0059e+02, 2.4759e+00
1.0088e+02, 2.6628e+00
1.0117e+02, 2.8778e+00
1.0147e+02, 3.1270e+00
1.0176e+02, 3.4182e+00
1.0205e+02, 3.7617e+00
1.0235e+02, 4.1713e+00
1.0261e+02, 4.6167e+00
1.0288e+02, 5.1510e+00
1.0315e+02, 5.8000e+00
1.0341e+02, 6.5998e+00
1.0355e+02, 7.0718e+00
1.0368e+02, 7.6026e+00
1.0381e+02, 8.2025e+00
1.0395e+02, 8.8831e+00
1.0408e+02, 9.6597e+00
1.0421e+02, 1.0550e+01
1.0435e+02, 1.1580e+01
1.0448e+02, 1.2784e+01
1.0463e+02, 1.4364e+01
1.0478e+02, 1.6281e+01
1.0492e+02, 1.8639e+01
1.0507e+02, 2.1586e+01
1.0514e+02, 2.3345e+01
1.0522e+02, 2.5338e+01
1.0529e+02, 2.7613e+01
1.0536e+02, 3.0219e+01
1.0544e+02, 3.3234e+01
1.0551e+02, 3.6736e+01
1.0558e+02, 4.0855e+01
1.0566e+02, 4.5735e+01
1.0573e+02, 5.1602e+01
1.0580e+02, 5.8744e+01
1.0588e+02, 6.7573e+01
1.0595e+02, 7.8672e+01
1.0599e+02, 8.5351e+01
1.0602e+02, 9.2976e+01
1.0606e+02, 1.0174e+02
1.0610e+02, 1.1188e+02
1.0613e+02, 1.2376e+02
1.0617e+02, 1.3782e+02
1.0621e+02, 1.5461e+02
1.0624e+02, 1.7487e+02
1.0629e+02, 2.0485e+02
1.0631e+02, 2.2292e+02
1.0633e+02, 2.4340e+02
1.0635e+02, 2.6688e+02
1.0637e+02, 2.9376e+02
1.0639e+02, 3.2454e+02
1.0642e+02, 3.5965e+02
1.0644e+02, 4.0003e+02
1.0646e+02, 4.4619e+02
1.0648e+02, 4.9881e+02
1.0650e+02, 5.5827e+02
1.0652e+02, 6.2574e+02
1.0655e+02, 7.0152e+02
1.0657e+02, 7.8602e+02
1.0659e+02, 8.7903e+02
1.0661e+02, 9.9824e+02
1.0664e+02, 1.1284e+03
1.0669e+02, 1.4177e+03
1.0679e+02, 2.0377e+03
1.0683e+02, 2.2578e+03
1.0687e+02, 2.4317e+03
1.0691e+02, 2.5432e+03
1.0695e+02, 2.5811e+03
1.0697e+02, 2.5673e+03
1.0700e+02, 2.5275e+03
1.0704e+02, 2.3767e+03
1.0709e+02, 2.1490e+03
1.0714e+02, 1.8736e+03
1.0724e+02, 1.2618e+03
1.0729e+02, 9.9454e+02
1.0731e+02, 8.7714e+02
1.0734e+02, 7.7181e+02
1.0736e+02, 6.8481e+02
1.0738e+02, 6.0765e+02
1.0740e+02, 5.3941e+02
1.0743e+02, 4.7944e+02
1.0745e+02, 4.2678e+02
1.0747e+02, 3.8112e+02
1.0749e+02, 3.4145e+02
1.0752e+02, 3.0703e+02
1.0754e+02, 2.7705e+02
1.0756e+02, 2.5114e+02
1.0759e+02, 2.2862e+02
1.0761e+02, 2.0897e+02
1.0763e+02, 1.9179e+02
1.0765e+02, 1.7670e+02
1.0770e+02, 1.5161e+02
1.0774e+02, 1.3418e+02
1.0778e+02, 1.1979e+02
1.0782e+02, 1.0770e+02
1.0786e+02, 9.7483e+01
1.0790e+02, 8.8707e+01
1.0793e+02, 8.1142e+01
1.0797e+02, 7.4551e+01
1.0801e+02, 6.8766e+01
1.0805e+02, 6.3645e+01
1.0809e+02, 5.9110e+01
1.0817e+02, 5.1424e+01
1.0825e+02, 4.5197e+01
1.0833e+02, 4.0085e+01
1.0839e+02, 3.6657e+01
1.0845e+02, 3.3675e+01
1.0851e+02, 3.1057e+01
1.0857e+02, 2.8752e+01
1.0864e+02, 2.6706e+01
1.0870e+02, 2.4888e+01
1.0882e+02, 2.1798e+01
1.0895e+02, 1.9286e+01
1.0907e+02, 1.7213e+01
1.0919e+02, 1.5483e+01
1.0932e+02, 1.4025e+01
1.0941e+02, 1.3097e+01
1.0950e+02, 1.2271e+01
1.0959e+02, 1.1532e+01
1.0968e+02, 1.0869e+01
1.0977e+02, 1.0271e+01
1.0986e+02, 9.7319e+00
1.0995e+02, 9.2424e+00
1.1004e+02, 8.7981e+00
1.1023e+02, 8.0231e+00
1.1041e+02, 7.3750e+00
1.1059e+02, 6.8288e+00
1.1077e+02, 6.3656e+00
1.1093e+02, 6.0209e+00
1.1109e+02, 5.7200e+00
1.1124e+02, 5.4563e+00
1.1140e+02, 5.2252e+00
1.1156e+02, 5.0221e+00
1.1164e+02, 4.9301e+00
1.1171e+02, 4.8439e+00
1.1179e+02, 4.7631e+00
1.1187e+02, 4.6874e+00
1.1195e+02, 4.6165e+00
1.1203e+02, 4.5504e+00
1.1212e+02, 4.4792e+00
1.1221e+02, 4.4136e+00
1.1230e+02, 4.3531e+00
1.1235e+02, 4.3247e+00
1.1239e+02, 4.2975e+00
1.1244e+02, 4.2714e+00
1.1248e+02, 4.2464e+00
1.1253e+02, 4.2226e+00
1.1257e+02, 4.1998e+00
1.1262e+02, 4.1780e+00
1.1266e+02, 4.1572e+00
1.1271e+02, 4.1375e+00
1.1275e+02, 4.1187e+00
1.1280e+02, 4.0992e+00
1.1285e+02, 4.0808e+00
1.1290e+02, 4.0635e+00
1.1295e+02, 4.0472e+00
1.1300e+02, 4.0332e+00
1.1304e+02, 4.0200e+00
1.1309e+02, 4.0076e+00
1.1313e+02, 3.9960e+00
1.1318e+02, 3.9852e+00
1.1323e+02, 3.9751e+00
1.1327e+02, 3.9659e+00
1.1332e+02, 3.9573e+00
1.1336e+02, 3.9495e+00
1.1341e+02, 3.9425e+00
1.1345e+02, 3.9361e+00
1.1350e+02, 3.9305e+00
1.1359e+02, 3.9212e+00
1.1368e+02, 3.9147e+00
1.1376e+02, 3.9110e+00
1.1384e+02, 3.9094e+00
1.1393e+02, 3.9100e+00
1.1401e+02, 3.9125e+00
1.1417e+02, 3.9236e+00
1.1434e+02, 3.9425e+00
1.1451e+02, 3.9692e+00
1.1467e+02, 4.0036e+00
1.1484e+02, 4.0458e+00
1.1500e+02, 4.0960e+00
1.1518e+02, 4.1603e+00
1.1536e+02, 4.2340e+00
1.1555e+02, 4.3176e+00
1.1573e+02, 4.4115e+00
1.1591e+02, 4.5163e+00
1.1609e+02, 4.6325e+00
1.1627e+02, 4.7607e+00
1.1645e+02, 4.9018e+00
1.1664e+02, 5.0567e+00
1.1682e+02, 5.2264e+00
1.1700e+02, 5.4121e+00
1.1718e+02, 5.6152e+00
1.1736e+02, 5.8373e+00
1.1755e+02, 6.0802e+00
1.1773e+02, 6.3459e+00
1.1791e+02, 6.6370e+00
1.1826e+02, 7.2734e+00
1.1843e+02, 7.6374e+00
1.1860e+02, 8.0364e+00
1.1878e+02, 8.4753e+00
1.1895e+02, 8.9584e+00
1.1912e+02, 9.4923e+00
1.1930e+02, 1.0083e+01
1.1947e+02, 1.0740e+01
1.1964e+02, 1.1472e+01
1.1982e+02, 1.2291e+01
1.1999e+02, 1.3210e+01
1.2016e+02, 1.4246e+01
1.2034e+02, 1.5417e+01
1.2051e+02, 1.6745e+01
1.2068e+02, 1.8264e+01
1.2087e+02, 2.0110e+01
1.2105e+02, 2.2272e+01
1.2123e+02, 2.4821e+01
1.2141e+02, 2.7855e+01
1.2159e+02, 3.1505e+01
1.2177e+02, 3.5945e+01
1.2196e+02, 4.1424e+01
1.2205e+02, 4.4657e+01
1.2214e+02, 4.8289e+01
1.2227e+02, 5.4437e+01
1.2240e+02, 6.1855e+01
1.2253e+02, 7.0908e+01
1.2267e+02, 8.2091e+01
1.2273e+02, 8.8705e+01
1.2280e+02, 9.6153e+01
1.2286e+02, 1.0458e+02
1.2293e+02, 1.1416e+02
1.2300e+02, 1.2514e+02
1.2306e+02, 1.3777e+02
1.2313e+02, 1.5240e+02
1.2320e+02, 1.6942e+02
1.2329e+02, 1.9781e+02
1.2333e+02, 2.1467e+02
1.2338e+02, 2.3363e+02
1.2342e+02, 2.5511e+02
1.2347e+02, 2.7941e+02
1.2351e+02, 3.0700e+02
1.2356e+02, 3.3841e+02
1.2360e+02, 3.7425e+02
1.2365e+02, 4.1497e+02
1.2369e+02, 4.6122e+02
1.2374e+02, 5.1354e+02
1.2379e+02, 5.7252e+02
1.2383e+02, 6.3812e+02
1.2392e+02, 7.8882e+02
1.2414e+02, 1.1995e+03
1.2420e+02, 1.2860e+03
1.2425e+02, 1.3532e+03
1.2431e+02, 1.3958e+03
1.2436e+02, 1.4098e+03
1.2443e+02, 1.3856e+03
1.2450e+02, 1.3179e+03
1.2457e+02, 1.2161e+03
1.2464e+02, 1.0926e+03
1.2477e+02, 8.2942e+02
1.2484e+02, 7.0846e+02
1.2491e+02, 6.0168e+02
1.2499e+02, 4.9973e+02
1.2507e+02, 4.1648e+02
1.2514e+02, 3.4949e+02
1.2522e+02, 2.9584e+02
1.2530e+02, 2.5278e+02
1.2538e+02, 2.1801e+02
1.2545e+02, 1.8967e+02
1.2553e+02, 1.6639e+02
1.2559e+02, 1.5088e+02
1.2565e+02, 1.3740e+02
1.2571e+02, 1.2562e+02
1.2577e+02, 1.1529e+02
1.2590e+02, 9.8070e+01
1.2602e+02, 8.4432e+01
1.2614e+02, 7.3445e+01
1.2626e+02, 6.4486e+01
1.2638e+02, 5.7087e+01
1.2650e+02, 5.0909e+01
1.2663e+02, 4.5689e+01
1.2675e+02, 4.1237e+01
1.2687e+02, 3.7403e+01
1.2699e+02, 3.4084e+01
1.2711e+02, 3.1190e+01
1.2723e+02, 2.8659e+01
1.2748e+02, 2.4455e+01
1.2772e+02, 2.1133e+01
1.2796e+02, 1.8464e+01
1.2821e+02, 1.6288e+01
1.2845e+02, 1.4495e+01
1.2868e+02, 1.3069e+01
1.2892e+02, 1.1855e+01
1.2915e+02, 1.0808e+01
1.2938e+02, 9.9038e+00
1.2961e+02, 9.1193e+00
1.2985e+02, 8.4353e+00
1.3031e+02, 7.3075e+00
1.3078e+02, 6.4257e+00
1.3124e+02, 5.7268e+00
1.3171e+02, 5.1669e+00
1.3217e+02, 4.7153e+00
1.3266e+02, 4.3404e+00
1.3314e+02, 4.0345e+00
1.3363e+02, 3.7905e+00
1.3412e+02, 3.5954e+00
1.3461e+02, 3.4457e+00
1.3509e+02, 3.3371e+00
1.3558e+02, 3.2623e+00
1.3607e+02, 3.2202e+00
1.3671e+02, 3.2149e+00
1.3735e+02, 3.2657e+00
1.3799e+02, 3.3765e+00
1.3863e+02, 3.5550e+00
1.3928e+02, 3.8140e+00
1.3992e+02, 4.1635e+00
1.4024e+02, 4.3889e+00
1.4056e+02, 4.6515e+00
1.4088e+02, 4.9573e+00
1.4104e+02, 5.1300e+00
1.4120e+02, 5.3173e+00
1.4132e+02, 5.4700e+00
1.4145e+02, 5.6322e+00
1.4157e+02, 5.8051e+00
1.4169e+02, 5.9891e+00
1.4181e+02, 6.1857e+00
1.4187e+02, 6.2890e+00
1.4193e+02, 6.3955e+00
1.4199e+02, 6.5059e+00
1.4205e+02, 6.6201e+00
1.4212e+02, 6.7382e+00
1.4218e+02, 6.8602e+00
1.4221e+02, 6.9404e+00
1.4225e+02, 7.0221e+00
1.4229e+02, 7.1058e+00
1.4233e+02, 7.1913e+00
1.4237e+02, 7.2789e+00
1.4241e+02, 7.3683e+00
1.4245e+02, 7.4597e+00
1.4249e+02, 7.5533e+00
1.4252e+02, 7.6286e+00
1.4255e+02, 7.7050e+00
1.4258e+02, 7.7831e+00
1.4261e+02, 7.8623e+00
1.4264e+02, 7.9434e+00
1.4267e+02, 8.0256e+00
1.4270e+02, 8.1095e+00
1.4273e+02, 8.1949e+00
1.4276e+02, 8.2822e+00
1.4279e+02, 8.3710e+00
1.4282e+02, 8.4617e+00
1.4285e+02, 8.5539e+00
1.4291e+02, 8.7441e+00
1.4297e+02, 8.9416e+00
1.4302e+02, 9.0906e+00
1.4306e+02, 9.2439e+00
1.4311e+02, 9.4018e+00
1.4315e+02, 9.5641e+00
1.4319e+02, 9.7318e+00
1.4324e+02, 9.9046e+00
1.4333e+02, 1.0266e+01
1.4342e+02, 1.0651e+01
1.4350e+02, 1.1061e+01
1.4359e+02, 1.1498e+01
1.4368e+02, 1.1965e+01
1.4374e+02, 1.2305e+01
1.4380e+02, 1.2661e+01
1.4392e+02, 1.3427e+01
1.4405e+02, 1.4273e+01
1.4417e+02, 1.5210e+01
1.4429e+02, 1.6252e+01
1.4441e+02, 1.7414e+01
1.4453e+02, 1.8718e+01
1.4466e+02, 2.0185e+01
1.4478e+02, 2.1847e+01
1.4490e+02, 2.3735e+01
1.4502e+02, 2.5899e+01
1.4514e+02, 2.8390e+01
1.4526e+02, 3.1282e+01
1.4539e+02, 3.4663e+01
1.4551e+02, 3.8656e+01
1.4563e+02, 4.3414e+01
1.4574e+02, 4.8585e+01
1.4585e+02, 5.4780e+01
1.4591e+02, 5.8353e+01
1.4596e+02, 6.2293e+01
1.4602e+02, 6.6661e+01
1.4607e+02, 7.1520e+01
1.4613e+02, 7.6958e+01
1.4618e+02, 8.3051e+01
1.4624e+02, 8.9934e+01
1.4629e+02, 9.7723e+01
1.4635e+02, 1.0662e+02
1.4640e+02, 1.1683e+02
1.4646e+02, 1.2862e+02
1.4651e+02, 1.4237e+02
1.4658e+02, 1.6033e+02
1.4664e+02, 1.8204e+02
1.4670e+02, 2.0859e+02
1.4676e+02, 2.4144e+02
1.4679e+02, 2.6090e+02
1.4682e+02, 2.8268e+02
1.4685e+02, 3.0727e+02
1.4688e+02, 3.3491e+02
1.4691e+02, 3.6623e+02
1.4694e+02, 4.0149e+02
1.4697e+02, 4.4133e+02
1.4700e+02, 4.8627e+02
1.4705e+02, 5.6204e+02
1.4709e+02, 6.5138e+02
1.4713e+02, 7.5552e+02
1.4718e+02, 8.7473e+02
1.4722e+02, 1.0091e+03
1.4727e+02, 1.1563e+03
1.4736e+02, 1.4747e+03
1.4742e+02, 1.7175e+03
1.4749e+02, 1.9235e+03
1.4753e+02, 2.0032e+03
1.4756e+02, 2.0626e+03
1.4760e+02, 2.0991e+03
1.4763e+02, 2.1111e+03
1.4768e+02, 2.0841e+03
1.4773e+02, 2.0071e+03
1.4778e+02, 1.8869e+03
1.4783e+02, 1.7344e+03
1.4803e+02, 1.0325e+03
1.4809e+02, 8.5662e+02
1.4814e+02, 7.0632e+02
1.4820e+02, 5.8196e+02
1.4823e+02, 5.2889e+02
1.4826e+02, 4.8136e+02
1.4829e+02, 4.3893e+02
1.4832e+02, 4.0112e+02
1.4835e+02, 3.6746e+02
1.4838e+02, 3.3750e+02
1.4843e+02, 2.8705e+02
1.4849e+02, 2.4682e+02
1.4854e+02, 2.1849e+02
1.4859e+02, 1.9482e+02
1.4864e+02, 1.7490e+02
1.4869e+02, 1.5800e+02
1.4874e+02, 1.4351e+02
1.4879e+02, 1.3100e+02
1.4884e+02, 1.2014e+02
1.4889e+02, 1.1065e+02
1.4899e+02, 9.4899e+01
1.4909e+02, 8.2483e+01
1.4919e+02, 7.2516e+01
1.4929e+02, 6.4422e+01
1.4939e+02, 5.7760e+01
1.4949e+02, 5.2230e+01
1.4959e+02, 4.7599e+01
1.4969e+02, 4.3696e+01
1.4979e+02, 4.0380e+01
1.4989e+02, 3.7557e+01
1.5000e+02, 3.5148e+01
1.5010e+02, 3.3097e+01
1.5030e+02, 2.9888e+01
1.5050e+02, 2.7664e+01
1.5070e+02, 2.6268e+01
1.5090e+02, 2.5626e+01
1.5101e+02, 2.5597e+01
1.5113e+02, 2.5832e+01
1.5124e+02, 2.6357e+01
1.5136e+02, 2.7211e+01
1.5148e+02, 2.8452e+01
1.5153e+02, 2.9242e+01
1.5159e+02, 3.0161e+01
1.5165e+02, 3.1226e+01
1.5171e+02, 3.2455e+01
1.5177e+02, 3.3871e+01
1.5180e+02, 3.4657e+01
1.5182e+02, 3.5499e+01
1.5187e+02, 3.6840e+01
1.5189e+02, 3.7565e+01
1.5191e+02, 3.8328e+01
1.5193e+02, 3.9134e+01
1.5195e+02, 3.9983e+01
1.5197e+02, 4.0879e+01
1.5199e+02, 4.1821e+01
1.5201e+02, 4.2820e+01
1.5204e+02, 4.3877e+01
1.5206e+02, 4.4994e+01
1.5208e+02, 4.6176e+01
1.5210e+02, 4.7429e+01
1.5212e+02, 4.8757e+01
1.5214e+02, 5.0166e+01
1.5216e+02, 5.1656e+01
1.5219e+02, 5.3869e+01
1.5222e+02, 5.6282e+01
1.5225e+02, 5.8919e+01
1.5228e+02, 6.1810e+01
1.5231e+02, 6.4988e+01
1.5234e+02, 6.8491e+01
1.5236e+02, 7.2367e+01
1.5239e+02, 7.6673e+01
1.5242e+02, 8.1475e+01
1.5245e+02, 8.6854e+01
1.5248e+02, 9.2908e+01
1.5251e+02, 9.9756e+01
1.5254e+02, 1.0754e+02
1.5257e+02, 1.1644e+02
1.5260e+02, 1.2665e+02
1.5263e+02, 1.3839e+02
1.5265e+02, 1.5203e+02
1.5268e+02, 1.6789e+02
1.5271e+02, 1.8636e+02
1.5274e+02, 2.0791e+02
1.5277e+02, 2.3305e+02
1.5280e+02, 2.6234e+02
1.5283e+02, 2.9636e+02
1.5286e+02, 3.3571e+02
1.5289e+02, 3.8097e+02
1.5292e+02, 4.3262e+02
1.5294e+02, 4.9105e+02
1.5297e+02, 5.5647e+02
1.5300e+02, 6.2885e+02
1.5303e+02, 7.0787e+02
1.5306e+02, 7.9286e+02
1.5309e+02, 8.8246e+02
1.5315e+02, 1.0771e+03
1.5321e+02, 1.2683e+03
1.5327e+02, 1.4337e+03
1.5333e+02, 1.5504e+03
1.5336e+02, 1.5889e+03
1.5340e+02, 1.6018e+03
1.5342e+02, 1.5982e+03
1.5347e+02, 1.5549e+03
1.5352e+02, 1.4671e+03
1.5356e+02, 1.3437e+03
1.5361e+02, 1.1965e+03
1.5369e+02, 9.5490e+02
1.5376e+02, 7.2593e+02
1.5380e+02, 6.2410e+02
1.5384e+02, 5.3311e+02
1.5387e+02, 4.5351e+02
1.5391e+02, 3.8530e+02
1.5394e+02, 3.3772e+02
1.5397e+02, 2.9649e+02
1.5400e+02, 2.6098e+02
1.5403e+02, 2.3054e+02
1.5406e+02, 2.0452e+02
1.5409e+02, 1.8231e+02
1.5412e+02, 1.6335e+02
1.5415e+02, 1.4714e+02
1.5418e+02, 1.3324e+02
1.5421e+02, 1.2127e+02
1.5424e+02, 1.1092e+02
1.5427e+02, 1.0192e+02
1.5430e+02, 9.4046e+01
1.5433e+02, 8.7128e+01
1.5439e+02, 7.5574e+01
1.5445e+02, 6.6355e+01
1.5451e+02, 5.8860e+01
1.5457e+02, 5.2668e+01
1.5463e+02, 4.7481e+01
1.5469e+02, 4.3085e+01
1.5475e+02, 3.9321e+01
1.5481e+02, 3.6067e+01
1.5487e+02, 3.3232e+01
1.5499e+02, 2.8547e+01
1.5511e+02, 2.4855e+01
1.5523e+02, 2.1887e+01
1.5535e+02, 1.9463e+01
1.5548e+02, 1.7348e+01
1.5560e+02, 1.5593e+01
1.5573e+02, 1.4119e+01
1.5586e+02, 1.2868e+01
1.5598e+02, 1.1792e+01
1.5611e+02, 1.0858e+01
1.5637e+02, 9.3222e+00
1.5662e+02, 8.1205e+00
1.5687e+02, 7.1614e+00
1.5713e+02, 6.3808e+00
1.5738e+02, 5.7356e+00
1.5765e+02, 5.1673e+00
1.5792e+02, 4.6909e+00
1.5819e+02, 4.2884e+00
1.5846e+02, 3.9396e+00
1.5872e+02, 3.6346e+00
1.5899e+02, 3.3677e+00
1.5953e+02, 2.9243e+00
1.6007e+02, 2.5719e+00
1.6060e+02, 2.2860e+00
1.6114e+02, 2.0501e+00
1.6167e+02, 1.8526e+00
1.6247e+02, 1.6151e+00
1.6326e+02, 1.4268e+00
1.6405e+02, 1.2706e+00
1.6484e+02, 1.1410e+00
1.6563e+02, 1.0319e+00
1.6642e+02, 9.3926e-01
1.6721e+02, 8.6602e-01
1.6731e+02, 8.8125e-01
1.6736e+02, 9.0935e-01
1.6738e+02, 9.3323e-01
1.6741e+02, 9.6649e-01
1.6743e+02, 1.0119e+00
1.6746e+02, 1.0729e+00
1.6748e+02, 1.1535e+00
1.6751e+02, 1.2585e+00
1.6753e+02, 1.3933e+00
1.6756e+02, 1.5641e+00
1.6758e+02, 1.7777e+00
1.6760e+02, 2.0414e+00
1.6763e+02, 2.3642e+00
1.6765e+02, 2.7513e+00
1.6768e+02, 3.2113e+00
1.6770e+02, 3.7512e+00
1.6773e+02, 4.3771e+00
1.6775e+02, 5.0936e+00
1.6778e+02, 5.9039e+00
1.6780e+02, 6.8089e+00
1.6783e+02, 7.8074e+00
1.6785e+02, 8.8953e+00
1.6790e+02, 1.1311e+01
1.6800e+02, 1.6772e+01
1.6800e+02, 3.2742e+01
1.7000e+02, 3.2443e+01
2.0000e+02, 2.8585e+01
2.3000e+02, 2.5608e+01
2.5000e+02, 2.3831e+01
3.0000e+02, 2.0294e+01
3.5000e+02, 1.7967e+01
4.0000e+02, 1.6158e+01
4.5000e+02, 1.4708e+01
5.0000e+02, 1.3517e+01
6.0000e+02, 1.1672e+01
6.7500e+02, 1.0612e+01
7.2000e+02, 1.0071e+01
8.5000e+02, 8.8009e+00
1.0000e+03, 7.7098e+00
1.2500e+03, 6.4382e+00
1.4000e+03, 5.8761e+00
1.5000e+03, 5.5611e+00
1.7000e+03, 5.0341e+00
2.0000e+03, 4.4278e+00
2.5000e+03, 3.7149e+00
3.0000e+03, 3.2266e+00
3.5000e+03, 2.8733e+00
4.0000e+03, 2.6046e+00
4.5000e+03, 2.3934e+00
5.0000e+03, 2.2242e+00
6.0000e+03, 1.9687e+00
6.7500e+03, 1.8262e+00
7.2000e+03, 1.7528e+00
8.5000e+03, 1.5842e+00
1.0000e+04, 1.4446e+00
1.2500e+04, 1.2905e+00
1.4000e+04, 1.2254e+00
1.5000e+04, 1.1862e+00
1.7000e+04, 1.1220e+00
2.0000e+04, 1.0508e+00
2.5000e+04, 9.4574e-01
3.0000e+04, 8.7269e-01
3.5000e+04, 8.1483e-01
4.0000e+04, 7.6894e-01
5.0000e+04, 6.9933e-01
5.0000e+04, 7.6840e-01
6.0000e+04, 7.2292e-01
8.0000e+04, 6.6413e-01
9.1513e+04, 6.0783e-01
9.1513e+04, 6.0783e-01
1.0000e+05, 5.6632e-01
1.2000e+05, 4.8429e-01
1.5000e+05, 4.1440e-01
2.0000e+05, 3.5376e-01
2.5000e+05, 3.2188e-01
2.9910e+05, 3.0447e-01
2.9910e+05, 3.0447e-01
3.0000e+05, 3.0415e-01
3.5000e+05, 2.9163e-01
4.0000e+05, 2.8412e-01
4.5000e+05, 2.8016e-01
5.0000e+05, 2.7883e-01
6.0000e+05, 2.8196e-01
6.1179e+05, 2.8306e-01
7.0000e+05, 2.9133e-01
8.0000e+05, 3.0570e-01
8.3293e+05, 3.0840e-01
8.3293e+05, 3.0840e-01
9.0000e+05, 3.1390e-01
9.0546e+05, 3.1306e-01
9.0546e+05, 3.1306e-01
1.0000e+06, 2.9850e-01
1.0155e+06, 3.0004e-01
1.0155e+06, 3.0004e-01
1.0683e+06, 3.0531e-01
1.0683e+06, 3.0531e-01
1.1000e+06, 3.0847e-01
1.2000e+06, 3.1955e-01
1.2339e+06, 3.1936e-01
1.2339e+06, 3.1936e-01
1.3000e+06, 3.1898e-01
1.3109e+06, 3.1433e-01
1.3109e+06, 3.1433e-01
1.3150e+06, 3.1260e-01
1.3150e+06, 3.1260e-01
1.3163e+06, 3.1205e-01
1.3163e+06, 3.1205e-01
1.3271e+06, 3.0747e-01
1.3271e+06, 3.0747e-01
1.3287e+06, 3.0678e-01
1.3287e+06, 3.0678e-01
1.3442e+06, 3.0015e-01
1.3442e+06, 3.0015e-01
1.4000e+06, 2.7641e-01
1.4027e+06, 2.7607e-01
1.4027e+06, 2.7607e-01
1.4335e+06, 2.7218e-01
1.4335e+06, 2.7218e-01
1.4510e+06, 2.6996e-01
1.4510e+06, 2.6996e-01
1.4573e+06, 2.6917e-01
1.4573e+06, 2.6917e-01
1.4945e+06, 2.6446e-01
1.4945e+06, 2.6446e-01
1.5000e+06, 2.6377e-01
1.5050e+06, 2.6295e-01
1.5050e+06, 2.6295e-01
1.5120e+06, 2.6181e-01
1.5120e+06, 2.6181e-01
1.5169e+06, 2.6100e-01
1.5169e+06, 2.6100e-01
1.5583e+06, 2.5424e-01
1.5583e+06, 2.5424e-01
1.5708e+06, 2.5219e-01
1.5708e+06, 2.5219e-01
1.6000e+06, 2.4741e-01
1.6354e+06, 2.4336e-01
1.6354e+06, 2.4336e-01
1.6368e+06, 2.4320e-01
1.6368e+06, 2.4320e-01
1.6400e+06, 2.4284e-01
1.6400e+06, 2.4284e-01
1.6439e+06, 2.4239e-01
1.6439e+06, 2.4239e-01
1.6517e+06, 2.4150e-01
1.6517e+06, 2.4150e-01
1.6579e+06, 2.4079e-01
1.6579e+06, 2.4078e-01
1.6602e+06, 2.4052e-01
1.6602e+06, 2.4052e-01
1.6680e+06, 2.3962e-01
1.6680e+06, 2.3962e-01
1.7000e+06, 2.3596e-01
1.7234e+06, 2.3421e-01
1.7234e+06, 2.3421e-01
1.7324e+06, 2.3354e-01
1.7324e+06, 2.3354e-01
1.7475e+06, 2.3241e-01
1.7475e+06, 2.3241e-01
1.7779e+06, 2.3013e-01
1.7779e+06, 2.3013e-01
1.7902e+06, 2.2921e-01
1.8000e+06, 2.2848e-01
1.8079e+06, 2.2767e-01
1.8079e+06, 2.2767e-01
1.8089e+06, 2.2757e-01
1.8089e+06, 2.2757e-01
1.9000e+06, 2.1829e-01
2.0000e+06, 2.0514e-01
2.1000e+06, 1.9794e-01
2.2000e+06, 1.8460e-01
2.3000e+06, 1.7078e-01
2.4000e+06, 1.5707e-01
2.5000e+06, 1.4401e-01
2.6000e+06, 1.3189e-01
2.7000e+06, 1.2078e-01
2.8000e+06, 1.1065e-01
2.9000e+06, 1.0139e-01
3.0000e+06, 9.2905e-02
3.1000e+06, 8.5104e-02
3.2000e+06, 7.7905e-02
3.3000e+06, 7.1240e-02
3.4000e+06, 6.5052e-02
3.5000e+06, 5.9294e-02
3.6000e+06, 5.3926e-02
3.8000e+06, 4.4239e-02
4.0000e+06, 3.5810e-02
4.5000e+06, 1.9871e-02
5.0000e+06, 1.0773e-02
5.5000e+06, 5.9956e-03
6.0000e+06, 3.3851e-03
6.2894e+06, 2.5825e-03
6.2894e+06, 2.5825e-03
6.5000e+06, 1.9983e-03
7.0000e+06, 1.2900e-03
7.5000e+06, 9.2482e-04
8.0000e+06, 7.3831e-04
8.5000e+06, 6.4635e-04
8.5556e+06, 6.4114e-04
9.0000e+06, 5.9949e-04
9.5000e+06, 5.6888e-04
1.0000e+07, 5.4287e-04
1.0500e+07, 5.2215e-04
1.1000e+07, 5.1275e-04
1.1500e+07, 5.2046e-04
1.2000e+07, 5.4626e-04
1.2500e+07, 5.8371e-04
1.3000e+07, 6.2459e-04
1.3500e+07, 6.6592e-04
1.4000e+07, 7.0564e-04
1.4500e+07, 7.3447e-04
1.5000e+07, 7.3974e-04
1.5500e+07, 7.1681e-04
1.5678e+07, 7.0113e-04
1.5678e+07, 7.0113e-04
1.6000e+07, 6.7268e-04
1.6500e+07, 6.1897e-04
1.7000e+07, 5.6457e-04
1.7500e+07, 5.1385e-04
1.8000e+07, 4.6820e-04
1.8500e+07, 4.2756e-04
1.9000e+07, 3.9147e-04
1.9500e+07, 3.5939e-04
2.0000e+07, 3.3088e-04
