ebin, xs
1.0000e-05, 4.2003e+03
1.0625e-05, 4.0749e+03
1.1250e-05, 3.9601e+03
1.1875e-05, 3.8545e+03
1.2500e-05, 3.7569e+03
1.3750e-05, 3.5821e+03
1.5000e-05, 3.4296e+03
1.6250e-05, 3.2950e+03
1.7500e-05, 3.1752e+03
1.8750e-05, 3.0675e+03
2.0000e-05, 2.9701e+03
2.1875e-05, 2.8400e+03
2.3750e-05, 2.7255e+03
2.5625e-05, 2.6239e+03
2.7500e-05, 2.5329e+03
2.9375e-05, 2.4507e+03
3.1250e-05, 2.3761e+03
3.3125e-05, 2.3079e+03
3.5000e-05, 2.2452e+03
3.8750e-05, 2.1338e+03
4.2500e-05, 2.0375e+03
4.6250e-05, 1.9531e+03
5.0000e-05, 1.8785e+03
5.3125e-05, 1.8224e+03
5.6250e-05, 1.7710e+03
5.9375e-05, 1.7238e+03
6.2500e-05, 1.6802e+03
6.8750e-05, 1.6020e+03
7.5000e-05, 1.5338e+03
8.1250e-05, 1.4736e+03
8.7500e-05, 1.4200e+03
9.3750e-05, 1.3719e+03
1.0000e-04, 1.3283e+03
1.0625e-04, 1.2886e+03
1.1250e-04, 1.2523e+03
1.1875e-04, 1.2189e+03
1.2500e-04, 1.1881e+03
1.3750e-04, 1.1328e+03
1.5000e-04, 1.0846e+03
1.6250e-04, 1.0420e+03
1.7500e-04, 1.0041e+03
1.8750e-04, 9.7007e+02
2.0000e-04, 9.3927e+02
2.1875e-04, 8.9811e+02
2.3750e-04, 8.6194e+02
2.5625e-04, 8.2981e+02
2.7500e-04, 8.0102e+02
2.9375e-04, 7.7504e+02
3.1250e-04, 7.5143e+02
3.3125e-04, 7.2985e+02
3.5000e-04, 7.1004e+02
3.8750e-04, 6.7481e+02
4.2500e-04, 6.4436e+02
4.6250e-04, 6.1769e+02
5.0000e-04, 5.9408e+02
5.3125e-04, 5.7634e+02
5.6250e-04, 5.6011e+02
5.9375e-04, 5.4517e+02
6.2500e-04, 5.3137e+02
6.8750e-04, 5.0665e+02
7.5000e-04, 4.8509e+02
8.1250e-04, 4.6606e+02
8.7500e-04, 4.4911e+02
9.3750e-04, 4.3389e+02
1.0000e-03, 4.2012e+02
1.0625e-03, 4.0758e+02
1.1250e-03, 3.9610e+02
1.1875e-03, 3.8554e+02
1.2500e-03, 3.7579e+02
1.3750e-03, 3.5831e+02
1.5000e-03, 3.4306e+02
1.6250e-03, 3.2961e+02
1.7500e-03, 3.1763e+02
1.8750e-03, 3.0687e+02
2.0000e-03, 2.9713e+02
2.1875e-03, 2.8412e+02
2.3750e-03, 2.7269e+02
2.5625e-03, 2.6253e+02
2.7500e-03, 2.5344e+02
2.9375e-03, 2.4523e+02
3.1250e-03, 2.3777e+02
3.3125e-03, 2.3095e+02
3.5000e-03, 2.2469e+02
3.8750e-03, 2.1356e+02
4.2500e-03, 2.0393e+02
4.6250e-03, 1.9550e+02
5.0000e-03, 1.8804e+02
5.3125e-03, 1.8244e+02
5.6250e-03, 1.7731e+02
5.9375e-03, 1.7259e+02
6.2500e-03, 1.6823e+02
6.8750e-03, 1.6043e+02
7.5000e-03, 1.5362e+02
8.1250e-03, 1.4761e+02
8.7500e-03, 1.4225e+02
9.3750e-03, 1.3744e+02
1.0000e-02, 1.3309e+02
1.0625e-02, 1.2914e+02
1.1250e-02, 1.2552e+02
1.1875e-02, 1.2219e+02
1.2500e-02, 1.1911e+02
1.3750e-02, 1.1360e+02
1.5000e-02, 1.0880e+02
1.6250e-02, 1.0455e+02
1.7500e-02, 1.0077e+02
1.8750e-02, 9.7376e+01
2.0000e-02, 9.4306e+01
2.1325e-02, 9.1352e+01
2.2650e-02, 8.8664e+01
2.3975e-02, 8.6203e+01
2.5300e-02, 8.3941e+01
2.6844e-02, 8.1524e+01
2.8387e-02, 7.9309e+01
3.1475e-02, 7.5375e+01
3.4563e-02, 7.1974e+01
3.7650e-02, 6.8999e+01
4.0738e-02, 6.6372e+01
4.3825e-02, 6.4030e+01
4.6913e-02, 6.1924e+01
5.0000e-02, 6.0019e+01
5.3125e-02, 5.8264e+01
5.6250e-02, 5.6660e+01
5.9375e-02, 5.5187e+01
6.2500e-02, 5.3831e+01
6.8750e-02, 5.1399e+01
7.5000e-02, 4.9273e+01
8.1250e-02, 4.7400e+01
8.7500e-02, 4.5734e+01
9.3750e-02, 4.4240e+01
1.0000e-01, 4.2890e+01
1.0625e-01, 4.1664e+01
1.1250e-01, 4.0543e+01
1.1875e-01, 3.9515e+01
1.2500e-01, 3.8572e+01
1.3750e-01, 3.6880e+01
1.5000e-01, 3.5402e+01
1.6250e-01, 3.4102e+01
1.7500e-01, 3.2948e+01
1.8750e-01, 3.1916e+01
2.0000e-01, 3.0989e+01
2.1875e-01, 2.9754e+01
2.3750e-01, 2.8670e+01
2.5625e-01, 2.7713e+01
2.7500e-01, 2.6860e+01
2.9375e-01, 2.6096e+01
3.1250e-01, 2.5405e+01
3.3125e-01, 2.4778e+01
3.5000e-01, 2.4209e+01
3.8750e-01, 2.3204e+01
4.2500e-01, 2.2343e+01
5.0000e-01, 2.0955e+01
6.2500e-01, 1.9294e+01
7.5000e-01, 1.8142e+01
8.7500e-01, 1.7317e+01
1.0000e+00, 1.6714e+01
1.2500e+00, 1.5949e+01
1.5000e+00, 1.5586e+01
1.6250e+00, 1.5514e+01
1.7500e+00, 1.5505e+01
2.0000e+00, 1.5644e+01
2.3750e+00, 1.6211e+01
2.7500e+00, 1.7195e+01
3.1250e+00, 1.8627e+01
3.3125e+00, 1.9539e+01
3.5000e+00, 2.0607e+01
3.5674e+00, 2.1032e+01
3.6348e+00, 2.1483e+01
3.7021e+00, 2.1957e+01
3.7695e+00, 2.2461e+01
3.8369e+00, 2.2993e+01
3.8706e+00, 2.3271e+01
3.9043e+00, 2.3557e+01
3.9380e+00, 2.3850e+01
3.9717e+00, 2.4152e+01
4.0054e+00, 2.4463e+01
4.0391e+00, 2.4783e+01
4.0581e+00, 2.4968e+01
4.0771e+00, 2.5156e+01
4.0962e+00, 2.5347e+01
4.1152e+00, 2.5541e+01
4.1248e+00, 2.5639e+01
4.1343e+00, 2.5738e+01
4.1438e+00, 2.5838e+01
4.1533e+00, 2.5939e+01
4.1628e+00, 2.6040e+01
4.1724e+00, 2.6143e+01
4.1819e+00, 2.6246e+01
4.1914e+00, 2.6350e+01
4.2002e+00, 2.6447e+01
4.2090e+00, 2.6545e+01
4.2178e+00, 2.6643e+01
4.2266e+00, 2.6742e+01
4.2383e+00, 2.6876e+01
4.2500e+00, 2.7010e+01
4.2646e+00, 2.7181e+01
4.2793e+00, 2.7354e+01
4.2939e+00, 2.7529e+01
4.3086e+00, 2.7706e+01
4.3232e+00, 2.7885e+01
4.3379e+00, 2.8067e+01
4.3525e+00, 2.8252e+01
4.3672e+00, 2.8438e+01
4.3804e+00, 2.8609e+01
4.3936e+00, 2.8781e+01
4.4067e+00, 2.8956e+01
4.4199e+00, 2.9132e+01
4.4463e+00, 2.9491e+01
4.4727e+00, 2.9860e+01
4.4990e+00, 3.0237e+01
4.5254e+00, 3.0624e+01
4.5518e+00, 3.1020e+01
4.5781e+00, 3.1426e+01
4.6045e+00, 3.1843e+01
4.6309e+00, 3.2271e+01
4.6572e+00, 3.2710e+01
4.6836e+00, 3.3160e+01
4.7363e+00, 3.4095e+01
4.7891e+00, 3.5080e+01
4.8418e+00, 3.6118e+01
4.8945e+00, 3.7214e+01
4.9473e+00, 3.8372e+01
5.0000e+00, 3.9595e+01
5.0374e+00, 4.0505e+01
5.0747e+00, 4.1453e+01
5.1495e+00, 4.3470e+01
5.2242e+00, 4.5666e+01
5.2989e+00, 4.8063e+01
5.3737e+00, 5.0697e+01
5.4484e+00, 5.3574e+01
5.5231e+00, 5.6735e+01
5.5979e+00, 6.0221e+01
5.6459e+00, 6.2656e+01
5.6940e+00, 6.5257e+01
5.7420e+00, 6.8043e+01
5.7900e+00, 7.1030e+01
5.8381e+00, 7.4237e+01
5.8861e+00, 7.7689e+01
5.9342e+00, 8.1408e+01
5.9822e+00, 8.5427e+01
6.0303e+00, 8.9774e+01
6.0783e+00, 9.4491e+01
6.1263e+00, 9.9614e+01
6.1744e+00, 1.0517e+02
6.2224e+00, 1.1122e+02
6.2705e+00, 1.1787e+02
6.3185e+00, 1.2520e+02
6.3666e+00, 1.3328e+02
6.4253e+00, 1.4433e+02
6.4840e+00, 1.5690e+02
6.5427e+00, 1.7127e+02
6.6014e+00, 1.8781e+02
6.6601e+00, 2.0698e+02
6.7189e+00, 2.2939e+02
6.7776e+00, 2.5580e+02
6.8363e+00, 2.8723e+02
6.8897e+00, 3.2132e+02
6.9431e+00, 3.6207e+02
6.9964e+00, 4.1137e+02
7.0231e+00, 4.4000e+02
7.0498e+00, 4.7180e+02
7.0765e+00, 5.0727e+02
7.1032e+00, 5.4700e+02
7.1299e+00, 5.9169e+02
7.1566e+00, 6.4215e+02
7.1833e+00, 6.9940e+02
7.2100e+00, 7.6473e+02
7.2367e+00, 8.3987e+02
7.2633e+00, 9.2703e+02
7.2927e+00, 1.0401e+03
7.3221e+00, 1.1759e+03
7.3514e+00, 1.3408e+03
7.3808e+00, 1.5439e+03
7.3955e+00, 1.6636e+03
7.4101e+00, 1.7980e+03
7.4248e+00, 1.9497e+03
7.4395e+00, 2.1218e+03
7.4542e+00, 2.3182e+03
7.4689e+00, 2.5437e+03
7.4835e+00, 2.8044e+03
7.4982e+00, 3.1084e+03
7.5142e+00, 3.5015e+03
7.5303e+00, 3.9765e+03
7.5463e+00, 4.5583e+03
7.5623e+00, 5.2813e+03
7.5703e+00, 5.7104e+03
7.5783e+00, 6.1945e+03
7.5863e+00, 6.7429e+03
7.5943e+00, 7.3666e+03
7.6023e+00, 8.0784e+03
7.6103e+00, 8.8934e+03
7.6183e+00, 9.8288e+03
7.6263e+00, 1.0904e+04
7.6377e+00, 1.2708e+04
7.6490e+00, 1.4900e+04
7.6604e+00, 1.7544e+04
7.6717e+00, 2.0691e+04
7.6831e+00, 2.4370e+04
7.6944e+00, 2.8564e+04
7.7057e+00, 3.3200e+04
7.7171e+00, 3.8129e+04
7.7344e+00, 4.5710e+04
7.7518e+00, 5.2368e+04
7.7605e+00, 5.4978e+04
7.7691e+00, 5.6928e+04
7.7778e+00, 5.8115e+04
7.7865e+00, 5.8475e+04
7.7974e+00, 5.7731e+04
7.8083e+00, 5.5721e+04
7.8192e+00, 5.2616e+04
7.8301e+00, 4.8665e+04
7.8737e+00, 3.0067e+04
7.8853e+00, 2.5623e+04
7.8969e+00, 2.1696e+04
7.9085e+00, 1.8321e+04
7.9201e+00, 1.5480e+04
7.9317e+00, 1.3125e+04
7.9433e+00, 1.1191e+04
7.9549e+00, 9.6092e+03
7.9665e+00, 8.3159e+03
7.9775e+00, 7.2986e+03
7.9886e+00, 6.4518e+03
7.9997e+00, 5.7422e+03
8.0108e+00, 5.1430e+03
8.0218e+00, 4.6330e+03
8.0329e+00, 4.1956e+03
8.0440e+00, 3.8177e+03
8.0551e+00, 3.4890e+03
8.0661e+00, 3.2013e+03
8.0772e+00, 2.9480e+03
8.0994e+00, 2.5244e+03
8.1215e+00, 2.1864e+03
8.1437e+00, 1.9124e+03
8.1627e+00, 1.7168e+03
8.1816e+00, 1.5499e+03
8.2006e+00, 1.4064e+03
8.2196e+00, 1.2820e+03
8.2386e+00, 1.1734e+03
8.2576e+00, 1.0780e+03
8.2955e+00, 9.1878e+02
8.3335e+00, 7.9210e+02
8.3715e+00, 6.8977e+02
8.4095e+00, 6.0597e+02
8.4474e+00, 5.3647e+02
8.4812e+00, 4.8420e+02
8.5149e+00, 4.3917e+02
8.5487e+00, 4.0009e+02
8.5824e+00, 3.6600e+02
8.6162e+00, 3.3612e+02
8.6499e+00, 3.0979e+02
8.7174e+00, 2.6553e+02
8.7849e+00, 2.2985e+02
8.8524e+00, 2.0080e+02
8.9200e+00, 1.7687e+02
8.9875e+00, 1.5692e+02
9.0507e+00, 1.4109e+02
9.1140e+00, 1.2752e+02
9.1773e+00, 1.1578e+02
9.2406e+00, 1.0557e+02
9.3039e+00, 9.6637e+01
9.3672e+00, 8.8775e+01
9.4304e+00, 8.1855e+01
9.4937e+00, 7.5765e+01
9.6203e+00, 6.5300e+01
9.7469e+00, 5.6798e+01
9.8734e+00, 4.9830e+01
1.0000e+01, 4.4060e+01
1.0107e+01, 3.9914e+01
1.0215e+01, 3.6297e+01
1.0322e+01, 3.3137e+01
1.0430e+01, 3.0374e+01
1.0645e+01, 2.5767e+01
1.0859e+01, 2.2123e+01
1.1074e+01, 1.9184e+01
1.1289e+01, 1.6787e+01
1.1504e+01, 1.4807e+01
1.1719e+01, 1.3150e+01
1.1914e+01, 1.1887e+01
1.2109e+01, 1.0793e+01
1.2305e+01, 9.8338e+00
1.2500e+01, 8.9821e+00
1.2812e+01, 7.8445e+00
1.3125e+01, 6.9083e+00
1.3438e+01, 6.1290e+00
1.3750e+01, 5.4737e+00
1.4062e+01, 4.9178e+00
1.4375e+01, 4.4424e+00
1.4688e+01, 4.0328e+00
1.5000e+01, 3.6775e+00
1.5312e+01, 3.3674e+00
1.5625e+01, 3.0964e+00
1.6250e+01, 2.6443e+00
1.6875e+01, 2.2847e+00
1.7500e+01, 1.9950e+00
1.8125e+01, 1.7584e+00
1.8750e+01, 1.5626e+00
1.9375e+01, 1.3988e+00
2.0000e+01, 1.2607e+00
2.0938e+01, 1.0903e+00
2.1875e+01, 9.5354e-01
2.2812e+01, 8.4225e-01
2.3750e+01, 7.5042e-01
2.4688e+01, 6.7372e-01
2.5625e+01, 6.0897e-01
2.6562e+01, 5.5375e-01
2.7500e+01, 5.0626e-01
2.8438e+01, 4.6509e-01
2.9375e+01, 4.2922e-01
3.1250e+01, 3.6973e-01
3.3125e+01, 3.2264e-01
3.5000e+01, 2.8471e-01
3.6875e+01, 2.5362e-01
3.8750e+01, 2.2777e-01
4.0625e+01, 2.0602e-01
4.2500e+01, 1.8750e-01
4.4375e+01, 1.7159e-01
4.6250e+01, 1.5782e-01
5.0000e+01, 1.3521e-01
5.3125e+01, 1.2020e-01
5.6250e+01, 1.0781e-01
5.9375e+01, 9.7468e-02
6.2500e+01, 8.8759e-02
6.5625e+01, 8.1379e-02
6.8750e+01, 7.5108e-02
7.1875e+01, 6.9786e-02
7.5000e+01, 6.5307e-02
7.8125e+01, 6.1619e-02
8.1250e+01, 5.8735e-02
8.4375e+01, 5.6770e-02
8.7500e+01, 5.6025e-02
9.0234e+01, 5.6995e-02
9.1602e+01, 5.8413e-02
9.2969e+01, 6.0802e-02
9.4336e+01, 6.4368e-02
9.5020e+01, 6.7046e-02
9.5703e+01, 7.0463e-02
9.6387e+01, 7.4852e-02
9.7070e+01, 8.0558e-02
9.7754e+01, 8.7950e-02
9.8438e+01, 9.8123e-02
9.8828e+01, 1.0563e-01
9.9219e+01, 1.1480e-01
9.9609e+01, 1.2613e-01
1.0000e+02, 1.4029e-01
1.0030e+02, 1.5396e-01
1.0061e+02, 1.7076e-01
1.0091e+02, 1.9162e-01
1.0122e+02, 2.1794e-01
1.0152e+02, 2.5150e-01
1.0167e+02, 2.7194e-01
1.0183e+02, 2.9568e-01
1.0198e+02, 3.2335e-01
1.0213e+02, 3.5581e-01
1.0228e+02, 3.9422e-01
1.0244e+02, 4.4010e-01
1.0258e+02, 4.9180e-01
1.0272e+02, 5.5424e-01
1.0286e+02, 6.3052e-01
1.0301e+02, 7.2501e-01
1.0315e+02, 8.4442e-01
1.0322e+02, 9.1652e-01
1.0329e+02, 9.9889e-01
1.0336e+02, 1.0939e+00
1.0343e+02, 1.2038e+00
1.0351e+02, 1.3323e+00
1.0358e+02, 1.4838e+00
1.0365e+02, 1.6776e+00
1.0373e+02, 1.9143e+00
1.0380e+02, 2.2083e+00
1.0388e+02, 2.5808e+00
1.0392e+02, 2.8065e+00
1.0396e+02, 3.0652e+00
1.0400e+02, 3.3659e+00
1.0403e+02, 3.7180e+00
1.0407e+02, 4.1387e+00
1.0411e+02, 4.6489e+00
1.0415e+02, 5.2854e+00
1.0419e+02, 6.1064e+00
1.0421e+02, 6.6838e+00
1.0423e+02, 7.3736e+00
1.0425e+02, 8.2086e+00
1.0427e+02, 9.2317e+00
1.0429e+02, 1.0499e+01
1.0431e+02, 1.2081e+01
1.0433e+02, 1.4069e+01
1.0436e+02, 1.6577e+01
1.0437e+02, 1.8067e+01
1.0438e+02, 1.9742e+01
1.0439e+02, 2.1622e+01
1.0440e+02, 2.3731e+01
1.0441e+02, 2.6095e+01
1.0442e+02, 2.8739e+01
1.0443e+02, 3.1694e+01
1.0444e+02, 3.4989e+01
1.0445e+02, 3.8655e+01
1.0446e+02, 4.2725e+01
1.0448e+02, 5.2214e+01
1.0450e+02, 5.7700e+01
1.0451e+02, 6.3724e+01
1.0452e+02, 7.0320e+01
1.0453e+02, 7.7519e+01
1.0455e+02, 9.2929e+01
1.0457e+02, 1.1067e+02
1.0459e+02, 1.3092e+02
1.0461e+02, 1.5369e+02
1.0463e+02, 1.7890e+02
1.0465e+02, 2.0638e+02
1.0467e+02, 2.3581e+02
1.0469e+02, 2.6674e+02
1.0471e+02, 3.0434e+02
1.0474e+02, 3.4586e+02
1.0477e+02, 3.8567e+02
1.0479e+02, 4.1902e+02
1.0481e+02, 4.4797e+02
1.0485e+02, 4.8072e+02
1.0488e+02, 4.9557e+02
1.0490e+02, 4.9909e+02
1.0490e+02, 4.9897e+02
1.0492e+02, 4.9741e+02
1.0493e+02, 4.9411e+02
1.0495e+02, 4.8237e+02
1.0498e+02, 4.5929e+02
1.0500e+02, 4.2823e+02
1.0505e+02, 3.6641e+02
1.0509e+02, 2.9771e+02
1.0513e+02, 2.3536e+02
1.0517e+02, 1.7901e+02
1.0519e+02, 1.5396e+02
1.0521e+02, 1.3142e+02
1.0523e+02, 1.1126e+02
1.0525e+02, 9.3641e+01
1.0527e+02, 7.8305e+01
1.0529e+02, 6.5251e+01
1.0531e+02, 5.4157e+01
1.0533e+02, 4.4923e+01
1.0535e+02, 3.7234e+01
1.0537e+02, 3.0951e+01
1.0539e+02, 2.5802e+01
1.0541e+02, 2.1650e+01
1.0543e+02, 1.8282e+01
1.0545e+02, 1.5584e+01
1.0547e+02, 1.3404e+01
1.0549e+02, 1.1655e+01
1.0551e+02, 1.0234e+01
1.0553e+02, 9.0848e+00
1.0555e+02, 8.1380e+00
1.0557e+02, 7.3589e+00
1.0559e+02, 6.7585e+00
1.0561e+02, 6.2465e+00
1.0564e+02, 5.4140e+00
1.0568e+02, 4.7676e+00
1.0572e+02, 4.2505e+00
1.0575e+02, 3.8237e+00
1.0579e+02, 3.4662e+00
1.0583e+02, 3.1602e+00
1.0586e+02, 2.8967e+00
1.0590e+02, 2.6663e+00
1.0594e+02, 2.4638e+00
1.0601e+02, 2.1258e+00
1.0608e+02, 1.8556e+00
1.0616e+02, 1.6357e+00
1.0622e+02, 1.4625e+00
1.0629e+02, 1.3165e+00
1.0636e+02, 1.1922e+00
1.0643e+02, 1.0855e+00
1.0650e+02, 9.9286e-01
1.0657e+02, 9.1202e-01
1.0671e+02, 7.7836e-01
1.0685e+02, 6.7305e-01
1.0699e+02, 5.8873e-01
1.0713e+02, 5.2011e-01
1.0726e+02, 4.6350e-01
1.0739e+02, 4.1851e-01
1.0753e+02, 3.8029e-01
1.0766e+02, 3.4757e-01
1.0779e+02, 3.1937e-01
1.0792e+02, 2.9475e-01
1.0805e+02, 2.7311e-01
1.0831e+02, 2.3703e-01
1.0858e+02, 2.0846e-01
1.0884e+02, 1.8547e-01
1.0910e+02, 1.6668e-01
1.0936e+02, 1.5113e-01
1.0967e+02, 1.3614e-01
1.0998e+02, 1.2384e-01
1.1028e+02, 1.1370e-01
1.1059e+02, 1.0497e-01
1.1090e+02, 9.7543e-02
1.1120e+02, 9.1166e-02
1.1181e+02, 8.0834e-02
1.1243e+02, 7.2891e-02
1.1304e+02, 6.6653e-02
1.1365e+02, 6.1792e-02
1.1426e+02, 5.7621e-02
1.1502e+02, 5.3525e-02
1.1578e+02, 5.0218e-02
1.1730e+02, 4.5193e-02
1.1881e+02, 4.1768e-02
1.2033e+02, 3.9057e-02
1.2185e+02, 3.6987e-02
1.2336e+02, 3.5401e-02
1.2640e+02, 3.3173e-02
1.2943e+02, 3.1614e-02
1.3247e+02, 3.0589e-02
1.3550e+02, 3.0007e-02
1.3853e+02, 2.9856e-02
1.4273e+02, 3.0595e-02
1.4483e+02, 3.1525e-02
1.4693e+02, 3.3018e-02
1.4798e+02, 3.4002e-02
1.4903e+02, 3.5357e-02
1.5008e+02, 3.6895e-02
1.5113e+02, 3.8957e-02
1.5218e+02, 4.1603e-02
1.5323e+02, 4.5050e-02
1.5428e+02, 4.9639e-02
1.5533e+02, 5.5867e-02
1.5592e+02, 6.0337e-02
1.5650e+02, 6.5852e-02
1.5708e+02, 7.2700e-02
1.5767e+02, 8.1340e-02
1.5825e+02, 9.2461e-02
1.5854e+02, 9.9252e-02
1.5883e+02, 1.0710e-01
1.5912e+02, 1.1620e-01
1.5942e+02, 1.2679e-01
1.5971e+02, 1.3920e-01
1.6000e+02, 1.5415e-01
1.6028e+02, 1.7125e-01
1.6055e+02, 1.9195e-01
1.6083e+02, 2.1731e-01
1.6111e+02, 2.4886e-01
1.6139e+02, 2.8880e-01
1.6152e+02, 3.1286e-01
1.6166e+02, 3.4026e-01
1.6180e+02, 3.7171e-01
1.6194e+02, 4.0807e-01
1.6208e+02, 4.5059e-01
1.6222e+02, 5.0071e-01
1.6236e+02, 5.6388e-01
1.6251e+02, 6.4062e-01
1.6265e+02, 7.3525e-01
1.6280e+02, 8.5371e-01
1.6287e+02, 9.2462e-01
1.6295e+02, 1.0050e+00
1.6302e+02, 1.0969e+00
1.6309e+02, 1.2025e+00
1.6316e+02, 1.3249e+00
1.6324e+02, 1.4681e+00
1.6331e+02, 1.6373e+00
1.6338e+02, 1.8395e+00
1.6346e+02, 2.0984e+00
1.6354e+02, 2.4214e+00
1.6357e+02, 2.6145e+00
1.6361e+02, 2.8347e+00
1.6365e+02, 3.0882e+00
1.6369e+02, 3.3833e+00
1.6373e+02, 3.7342e+00
1.6377e+02, 4.1592e+00
1.6380e+02, 4.6867e+00
1.6384e+02, 5.3599e+00
1.6386e+02, 5.7715e+00
1.6388e+02, 6.2441e+00
1.6390e+02, 6.7958e+00
1.6392e+02, 7.4370e+00
1.6394e+02, 8.1941e+00
1.6396e+02, 9.0824e+00
1.6398e+02, 1.0133e+01
1.6400e+02, 1.1379e+01
1.6402e+02, 1.2866e+01
1.6403e+02, 1.4624e+01
1.6405e+02, 1.6721e+01
1.6407e+02, 1.9193e+01
1.6409e+02, 2.2131e+01
1.6411e+02, 2.5575e+01
1.6413e+02, 2.9639e+01
1.6415e+02, 3.4363e+01
1.6417e+02, 3.9882e+01
1.6419e+02, 4.6230e+01
1.6421e+02, 5.3560e+01
1.6423e+02, 6.1885e+01
1.6425e+02, 7.1370e+01
1.6426e+02, 8.1989e+01
1.6428e+02, 9.3845e+01
1.6430e+02, 1.0698e+02
1.6432e+02, 1.2291e+02
1.6434e+02, 1.4030e+02
1.6437e+02, 1.5925e+02
1.6439e+02, 1.7949e+02
1.6443e+02, 2.2150e+02
1.6447e+02, 2.6620e+02
1.6454e+02, 3.4996e+02
1.6457e+02, 3.7943e+02
1.6460e+02, 4.0415e+02
1.6465e+02, 4.2729e+02
1.6469e+02, 4.3908e+02
1.6470e+02, 4.3934e+02
1.6470e+02, 4.3926e+02
1.6472e+02, 4.3813e+02
1.6473e+02, 4.3570e+02
1.6475e+02, 4.2706e+02
1.6478e+02, 4.1197e+02
1.6481e+02, 3.9171e+02
1.6486e+02, 3.4809e+02
1.6491e+02, 2.9719e+02
1.6500e+02, 1.9273e+02
1.6505e+02, 1.4701e+02
1.6507e+02, 1.2682e+02
1.6510e+02, 1.0865e+02
1.6512e+02, 9.3098e+01
1.6514e+02, 7.9321e+01
1.6516e+02, 6.7251e+01
1.6519e+02, 5.6785e+01
1.6521e+02, 4.7800e+01
1.6523e+02, 4.0157e+01
1.6525e+02, 3.3709e+01
1.6528e+02, 2.8313e+01
1.6530e+02, 2.3828e+01
1.6532e+02, 2.0122e+01
1.6534e+02, 1.7074e+01
1.6537e+02, 1.4578e+01
1.6539e+02, 1.2537e+01
1.6541e+02, 1.0871e+01
1.6543e+02, 9.5091e+00
1.6546e+02, 8.3938e+00
1.6548e+02, 7.5547e+00
1.6550e+02, 6.8518e+00
1.6552e+02, 6.2541e+00
1.6554e+02, 5.7473e+00
1.6556e+02, 5.3101e+00
1.6558e+02, 4.9339e+00
1.6562e+02, 4.3155e+00
1.6566e+02, 3.8301e+00
1.6570e+02, 3.4376e+00
1.6574e+02, 3.1124e+00
1.6578e+02, 2.8374e+00
1.6582e+02, 2.6013e+00
1.6587e+02, 2.3961e+00
1.6595e+02, 2.0568e+00
1.6603e+02, 1.7883e+00
1.6611e+02, 1.5715e+00
1.6619e+02, 1.4018e+00
1.6627e+02, 1.2593e+00
1.6634e+02, 1.1382e+00
1.6642e+02, 1.0345e+00
1.6650e+02, 9.4479e-01
1.6658e+02, 8.6664e-01
1.6665e+02, 7.9809e-01
1.6673e+02, 7.3759e-01
1.6689e+02, 6.3610e-01
1.6704e+02, 5.5484e-01
1.6720e+02, 4.8878e-01
1.6735e+02, 4.3436e-01
1.6750e+02, 3.9126e-01
1.6764e+02, 3.5460e-01
1.6779e+02, 3.2319e-01
1.6794e+02, 2.9612e-01
1.6808e+02, 2.7258e-01
1.6823e+02, 2.5194e-01
1.6852e+02, 2.1751e-01
1.6881e+02, 1.9017e-01
1.6911e+02, 1.6818e-01
1.6940e+02, 1.5022e-01
1.6969e+02, 1.3536e-01
1.7000e+02, 1.2226e-01
1.7031e+02, 1.1130e-01
1.7062e+02, 1.0206e-01
1.7093e+02, 9.4269e-02
1.7155e+02, 8.1579e-02
1.7217e+02, 7.1901e-02
1.7279e+02, 6.4387e-02
1.7341e+02, 5.8438e-02
1.7403e+02, 5.3653e-02
1.7465e+02, 4.9784e-02
1.7569e+02, 4.4745e-02
1.7672e+02, 4.0945e-02
1.7775e+02, 3.8044e-02
1.7878e+02, 3.5788e-02
1.7982e+02, 3.4010e-02
1.8085e+02, 3.2678e-02
1.8292e+02, 3.0574e-02
1.8498e+02, 2.9210e-02
1.8705e+02, 2.8340e-02
1.9118e+02, 2.7580e-02
1.9559e+02, 2.7727e-02
2.0000e+02, 2.8609e-02
2.0366e+02, 2.9872e-02
2.0731e+02, 3.1661e-02
2.1097e+02, 3.4069e-02
2.1463e+02, 3.7258e-02
2.1828e+02, 4.1489e-02
2.2194e+02, 4.7000e-02
2.2377e+02, 5.0535e-02
2.2560e+02, 5.4706e-02
2.2743e+02, 5.9674e-02
2.2925e+02, 6.5660e-02
2.3098e+02, 7.2485e-02
2.3270e+02, 8.0818e-02
2.3442e+02, 9.1151e-02
2.3614e+02, 1.0420e-01
2.3786e+02, 1.2096e-01
2.3872e+02, 1.3121e-01
2.3958e+02, 1.4317e-01
2.4044e+02, 1.5718e-01
2.4130e+02, 1.7372e-01
2.4216e+02, 1.9349e-01
2.4302e+02, 2.1740e-01
2.4375e+02, 2.4175e-01
2.4447e+02, 2.7108e-01
2.4520e+02, 3.0681e-01
2.4593e+02, 3.5000e-01
2.4665e+02, 4.0523e-01
2.4701e+02, 4.3843e-01
2.4738e+02, 4.7627e-01
2.4774e+02, 5.1968e-01
2.4810e+02, 5.6981e-01
2.4847e+02, 6.2792e-01
2.4883e+02, 6.9580e-01
2.4898e+02, 7.2695e-01
2.4913e+02, 7.6043e-01
2.4927e+02, 7.9648e-01
2.4942e+02, 8.3536e-01
2.4957e+02, 8.7734e-01
2.4972e+02, 9.2275e-01
2.4987e+02, 9.7198e-01
2.4994e+02, 9.9815e-01
2.5001e+02, 1.0254e+00
2.5008e+02, 1.0527e+00
2.5015e+02, 1.0810e+00
2.5023e+02, 1.1113e+00
2.5030e+02, 1.1430e+00
2.5037e+02, 1.1761e+00
2.5044e+02, 1.2106e+00
2.5053e+02, 1.2546e+00
2.5062e+02, 1.3012e+00
2.5071e+02, 1.3505e+00
2.5079e+02, 1.4029e+00
2.5088e+02, 1.4584e+00
2.5097e+02, 1.5175e+00
2.5106e+02, 1.5804e+00
2.5114e+02, 1.6473e+00
2.5121e+02, 1.6992e+00
2.5127e+02, 1.7537e+00
2.5133e+02, 1.8109e+00
2.5140e+02, 1.8710e+00
2.5146e+02, 1.9344e+00
2.5153e+02, 2.0010e+00
2.5159e+02, 2.0713e+00
2.5165e+02, 2.1454e+00
2.5172e+02, 2.2239e+00
2.5178e+02, 2.3068e+00
2.5184e+02, 2.3946e+00
2.5191e+02, 2.4876e+00
2.5197e+02, 2.5865e+00
2.5204e+02, 2.6913e+00
2.5216e+02, 2.9220e+00
2.5224e+02, 3.0699e+00
2.5231e+02, 3.2295e+00
2.5239e+02, 3.4026e+00
2.5246e+02, 3.5901e+00
2.5253e+02, 3.7943e+00
2.5261e+02, 4.0167e+00
2.5268e+02, 4.2599e+00
2.5276e+02, 4.5265e+00
2.5283e+02, 4.8202e+00
2.5290e+02, 5.1438e+00
2.5298e+02, 5.5027e+00
2.5305e+02, 5.9011e+00
2.5313e+02, 6.3463e+00
2.5320e+02, 6.8449e+00
2.5327e+02, 7.4068e+00
2.5335e+02, 8.0434e+00
2.5343e+02, 8.8413e+00
2.5351e+02, 9.7699e+00
2.5359e+02, 1.0861e+01
2.5367e+02, 1.2156e+01
2.5375e+02, 1.3715e+01
2.5379e+02, 1.4617e+01
2.5383e+02, 1.5618e+01
2.5387e+02, 1.6738e+01
2.5391e+02, 1.7991e+01
2.5395e+02, 1.9406e+01
2.5399e+02, 2.1013e+01
2.5403e+02, 2.2534e+01
2.5406e+02, 2.4241e+01
2.5409e+02, 2.6173e+01
2.5413e+02, 2.8374e+01
2.5416e+02, 3.0897e+01
2.5419e+02, 3.3804e+01
2.5423e+02, 3.7173e+01
2.5426e+02, 4.1097e+01
2.5430e+02, 4.5701e+01
2.5433e+02, 5.1088e+01
2.5436e+02, 5.7419e+01
2.5440e+02, 6.4867e+01
2.5443e+02, 7.3620e+01
2.5446e+02, 8.3886e+01
2.5450e+02, 9.5885e+01
2.5453e+02, 1.0984e+02
2.5457e+02, 1.2773e+02
2.5460e+02, 1.4851e+02
2.5464e+02, 1.7239e+02
2.5468e+02, 1.9941e+02
2.5472e+02, 2.2973e+02
2.5475e+02, 2.6313e+02
2.5483e+02, 3.3761e+02
2.5493e+02, 4.4746e+02
2.5498e+02, 5.0014e+02
2.5503e+02, 5.4723e+02
2.5507e+02, 5.8065e+02
2.5511e+02, 6.0586e+02
2.5516e+02, 6.2157e+02
2.5520e+02, 6.2682e+02
2.5525e+02, 6.1882e+02
2.5530e+02, 5.9582e+02
2.5536e+02, 5.5969e+02
2.5541e+02, 5.1328e+02
2.5552e+02, 3.9336e+02
2.5558e+02, 3.3218e+02
2.5563e+02, 2.7480e+02
2.5569e+02, 2.2740e+02
2.5574e+02, 1.8615e+02
2.5579e+02, 1.5124e+02
2.5582e+02, 1.3607e+02
2.5584e+02, 1.2244e+02
2.5587e+02, 1.1013e+02
2.5589e+02, 9.9171e+01
2.5592e+02, 8.9365e+01
2.5595e+02, 8.0689e+01
2.5597e+02, 7.2973e+01
2.5600e+02, 6.6178e+01
2.5602e+02, 6.0155e+01
2.5605e+02, 5.4860e+01
2.5610e+02, 4.6392e+01
2.5615e+02, 3.9716e+01
2.5620e+02, 3.4394e+01
2.5625e+02, 3.0129e+01
2.5630e+02, 2.6655e+01
2.5635e+02, 2.3800e+01
2.5640e+02, 2.1419e+01
2.5645e+02, 1.9408e+01
2.5650e+02, 1.7687e+01
2.5655e+02, 1.6205e+01
2.5660e+02, 1.4911e+01
2.5664e+02, 1.3779e+01
2.5674e+02, 1.1886e+01
2.5684e+02, 1.0377e+01
2.5694e+02, 9.2014e+00
2.5703e+02, 8.2223e+00
2.5713e+02, 7.3971e+00
2.5722e+02, 6.6948e+00
2.5731e+02, 6.0904e+00
2.5741e+02, 5.5666e+00
2.5750e+02, 5.1095e+00
2.5760e+02, 4.7087e+00
2.5779e+02, 4.0402e+00
2.5798e+02, 3.5098e+00
2.5816e+02, 3.0818e+00
2.5835e+02, 2.7316e+00
2.5854e+02, 2.4417e+00
2.5873e+02, 2.1992e+00
2.5892e+02, 1.9937e+00
2.5911e+02, 1.8178e+00
2.5930e+02, 1.6661e+00
2.5949e+02, 1.5347e+00
2.5967e+02, 1.4204e+00
2.5986e+02, 1.3204e+00
2.6024e+02, 1.1549e+00
2.6062e+02, 1.0253e+00
2.6100e+02, 9.2247e-01
2.6137e+02, 8.4028e-01
2.6183e+02, 7.6306e-01
2.6228e+02, 7.0439e-01
2.6273e+02, 6.5888e-01
2.6318e+02, 6.2488e-01
2.6364e+02, 6.0077e-01
2.6409e+02, 5.8529e-01
2.6454e+02, 5.7763e-01
2.6500e+02, 5.7742e-01
2.6560e+02, 5.8863e-01
2.6620e+02, 6.1368e-01
2.6681e+02, 6.5444e-01
2.6741e+02, 7.1419e-01
2.6802e+02, 7.9728e-01
2.6832e+02, 8.5008e-01
2.6862e+02, 9.1294e-01
2.6892e+02, 9.8750e-01
2.6922e+02, 1.0760e+00
2.6953e+02, 1.1817e+00
2.6983e+02, 1.3086e+00
2.7017e+02, 1.4833e+00
2.7034e+02, 1.5868e+00
2.7051e+02, 1.7033e+00
2.7059e+02, 1.7673e+00
2.7068e+02, 1.8354e+00
2.7076e+02, 1.9080e+00
2.7085e+02, 1.9856e+00
2.7093e+02, 2.0685e+00
2.7102e+02, 2.1573e+00
2.7110e+02, 2.2525e+00
2.7119e+02, 2.3547e+00
2.7123e+02, 2.4148e+00
2.7128e+02, 2.4775e+00
2.7133e+02, 2.5428e+00
2.7138e+02, 2.6109e+00
2.7142e+02, 2.6821e+00
2.7147e+02, 2.7564e+00
2.7152e+02, 2.8340e+00
2.7156e+02, 2.9152e+00
2.7161e+02, 3.0002e+00
2.7166e+02, 3.0891e+00
2.7171e+02, 3.1824e+00
2.7175e+02, 3.2800e+00
2.7180e+02, 3.3931e+00
2.7186e+02, 3.5125e+00
2.7191e+02, 3.6387e+00
2.7196e+02, 3.7722e+00
2.7201e+02, 3.9136e+00
2.7206e+02, 4.0635e+00
2.7212e+02, 4.2226e+00
2.7217e+02, 4.3917e+00
2.7222e+02, 4.5549e+00
2.7226e+02, 4.7278e+00
2.7231e+02, 4.9111e+00
2.7236e+02, 5.1058e+00
2.7240e+02, 5.3127e+00
2.7245e+02, 5.5331e+00
2.7250e+02, 5.7680e+00
2.7255e+02, 6.0183e+00
2.7259e+02, 6.2865e+00
2.7264e+02, 6.5738e+00
2.7269e+02, 6.8820e+00
2.7273e+02, 7.2127e+00
2.7278e+02, 7.5695e+00
2.7283e+02, 7.9546e+00
2.7288e+02, 8.3712e+00
2.7292e+02, 8.8219e+00
2.7297e+02, 9.2877e+00
2.7301e+02, 9.7921e+00
2.7306e+02, 1.0341e+01
2.7310e+02, 1.0939e+01
2.7315e+02, 1.1595e+01
2.7319e+02, 1.2314e+01
2.7324e+02, 1.3105e+01
2.7328e+02, 1.3981e+01
2.7333e+02, 1.4956e+01
2.7337e+02, 1.6042e+01
2.7342e+02, 1.7262e+01
2.7346e+02, 1.8640e+01
2.7351e+02, 2.0211e+01
2.7355e+02, 2.2008e+01
2.7360e+02, 2.4087e+01
2.7364e+02, 2.6511e+01
2.7369e+02, 2.9866e+01
2.7372e+02, 3.1817e+01
2.7374e+02, 3.3975e+01
2.7377e+02, 3.6386e+01
2.7380e+02, 3.9069e+01
2.7382e+02, 4.2084e+01
2.7385e+02, 4.5453e+01
2.7387e+02, 4.9255e+01
2.7390e+02, 5.3517e+01
2.7393e+02, 5.8337e+01
2.7395e+02, 6.3748e+01
2.7398e+02, 6.9868e+01
2.7400e+02, 7.6732e+01
2.7403e+02, 8.4447e+01
2.7406e+02, 9.3103e+01
2.7410e+02, 1.0958e+02
2.7414e+02, 1.2924e+02
2.7418e+02, 1.5241e+02
2.7423e+02, 1.7932e+02
2.7427e+02, 2.1022e+02
2.7431e+02, 2.4503e+02
2.7435e+02, 2.8348e+02
2.7439e+02, 3.2492e+02
2.7450e+02, 4.3355e+02
2.7460e+02, 5.3615e+02
2.7465e+02, 5.7589e+02
2.7470e+02, 6.0629e+02
2.7475e+02, 6.2534e+02
2.7480e+02, 6.3175e+02
2.7485e+02, 6.2382e+02
2.7491e+02, 6.0097e+02
2.7496e+02, 5.6500e+02
2.7502e+02, 5.1881e+02
2.7513e+02, 4.0463e+02
2.7524e+02, 2.9002e+02
2.7529e+02, 2.4334e+02
2.7534e+02, 2.0198e+02
2.7539e+02, 1.6635e+02
2.7545e+02, 1.3640e+02
2.7547e+02, 1.2343e+02
2.7550e+02, 1.1173e+02
2.7552e+02, 1.0119e+02
2.7555e+02, 9.1743e+01
2.7557e+02, 8.3296e+01
2.7560e+02, 7.5761e+01
2.7563e+02, 6.9053e+01
2.7565e+02, 6.3108e+01
2.7570e+02, 5.3490e+01
2.7575e+02, 4.5822e+01
2.7580e+02, 3.9662e+01
2.7585e+02, 3.4698e+01
2.7590e+02, 3.0646e+01
2.7595e+02, 2.7316e+01
2.7599e+02, 2.4536e+01
2.7604e+02, 2.2198e+01
2.7609e+02, 2.0202e+01
2.7614e+02, 1.8488e+01
2.7619e+02, 1.6995e+01
2.7624e+02, 1.5691e+01
2.7634e+02, 1.3516e+01
2.7644e+02, 1.1786e+01
2.7653e+02, 1.0439e+01
2.7662e+02, 9.3198e+00
2.7672e+02, 8.3768e+00
2.7681e+02, 7.5736e+00
2.7690e+02, 6.8833e+00
2.7700e+02, 6.2850e+00
2.7709e+02, 5.7628e+00
2.7718e+02, 5.3042e+00
2.7737e+02, 4.5393e+00
2.7756e+02, 3.9316e+00
2.7774e+02, 3.4404e+00
2.7793e+02, 3.0374e+00
2.7810e+02, 2.7334e+00
2.7827e+02, 2.4742e+00
2.7843e+02, 2.2511e+00
2.7860e+02, 2.0580e+00
2.7877e+02, 1.8890e+00
2.7894e+02, 1.7403e+00
2.7928e+02, 1.4914e+00
2.7961e+02, 1.2932e+00
2.7995e+02, 1.1330e+00
2.8028e+02, 1.0016e+00
2.8062e+02, 8.9246e-01
2.8094e+02, 8.0544e-01
2.8126e+02, 7.3101e-01
2.8157e+02, 6.6683e-01
2.8189e+02, 6.1125e-01
2.8221e+02, 5.6299e-01
2.8253e+02, 5.2038e-01
2.8316e+02, 4.4850e-01
2.8380e+02, 3.9116e-01
2.8443e+02, 3.4473e-01
2.8507e+02, 3.0656e-01
2.8570e+02, 2.7480e-01
2.8638e+02, 2.4663e-01
2.8705e+02, 2.2291e-01
2.8772e+02, 2.0276e-01
2.8839e+02, 1.8582e-01
2.8907e+02, 1.7083e-01
2.8974e+02, 1.5779e-01
2.9041e+02, 1.4622e-01
2.9108e+02, 1.3623e-01
2.9243e+02, 1.1930e-01
2.9377e+02, 1.0576e-01
2.9512e+02, 9.4772e-02
2.9646e+02, 8.5752e-02
2.9796e+02, 7.7516e-02
2.9945e+02, 7.0890e-02
3.0095e+02, 6.5145e-02
3.0244e+02, 6.0480e-02
3.0394e+02, 5.6336e-02
3.0543e+02, 5.2971e-02
3.0842e+02, 4.7531e-02
3.1141e+02, 4.3660e-02
3.1440e+02, 4.0888e-02
3.1739e+02, 3.8973e-02
3.2038e+02, 3.7810e-02
3.2277e+02, 3.7390e-02
3.2531e+02, 3.7416e-02
3.2785e+02, 3.7952e-02
3.3039e+02, 3.9065e-02
3.3293e+02, 4.0887e-02
3.3547e+02, 4.3673e-02
3.3801e+02, 4.7736e-02
3.3929e+02, 5.0643e-02
3.4056e+02, 5.4393e-02
3.4183e+02, 5.9396e-02
3.4310e+02, 6.6300e-02
3.4369e+02, 7.0548e-02
3.4429e+02, 7.5812e-02
3.4489e+02, 8.2402e-02
3.4549e+02, 9.0850e-02
3.4609e+02, 1.0189e-01
3.4638e+02, 1.0880e-01
3.4668e+02, 1.1703e-01
3.4698e+02, 1.2692e-01
3.4728e+02, 1.3893e-01
3.4758e+02, 1.5376e-01
3.4788e+02, 1.7239e-01
3.4812e+02, 1.9129e-01
3.4837e+02, 2.1475e-01
3.4861e+02, 2.4452e-01
3.4873e+02, 2.6258e-01
3.4885e+02, 2.8332e-01
3.4897e+02, 3.0734e-01
3.4909e+02, 3.3535e-01
3.4922e+02, 3.6835e-01
3.4934e+02, 4.0756e-01
3.4946e+02, 4.5481e-01
3.4958e+02, 5.1248e-01
3.4970e+02, 5.8421e-01
3.4982e+02, 6.7560e-01
3.4992e+02, 7.7007e-01
3.4997e+02, 8.2700e-01
3.5002e+02, 8.9235e-01
3.5007e+02, 9.6885e-01
3.5012e+02, 1.0597e+00
3.5017e+02, 1.1706e+00
3.5021e+02, 1.3087e+00
3.5026e+02, 1.4863e+00
3.5029e+02, 1.5947e+00
3.5031e+02, 1.7197e+00
3.5034e+02, 1.8654e+00
3.5036e+02, 2.0347e+00
3.5039e+02, 2.2327e+00
3.5041e+02, 2.4653e+00
3.5044e+02, 2.7403e+00
3.5046e+02, 3.0632e+00
3.5048e+02, 3.4440e+00
3.5051e+02, 3.8932e+00
3.5053e+02, 4.4225e+00
3.5056e+02, 5.0454e+00
3.5058e+02, 5.7768e+00
3.5061e+02, 6.6333e+00
3.5063e+02, 7.6864e+00
3.5066e+02, 8.9203e+00
3.5068e+02, 1.0360e+01
3.5071e+02, 1.2031e+01
3.5074e+02, 1.3961e+01
3.5076e+02, 1.6178e+01
3.5079e+02, 1.8709e+01
3.5081e+02, 2.1571e+01
3.5084e+02, 2.4809e+01
3.5086e+02, 2.8437e+01
3.5089e+02, 3.2474e+01
3.5092e+02, 3.6933e+01
3.5094e+02, 4.1822e+01
3.5097e+02, 4.7143e+01
3.5099e+02, 5.2888e+01
3.5102e+02, 5.9016e+01
3.5106e+02, 6.9251e+01
3.5110e+02, 8.0241e+01
3.5118e+02, 1.0357e+02
3.5120e+02, 1.0913e+02
3.5127e+02, 1.2921e+02
3.5132e+02, 1.4225e+02
3.5137e+02, 1.5300e+02
3.5142e+02, 1.6067e+02
3.5147e+02, 1.6473e+02
3.5150e+02, 1.6536e+02
3.5150e+02, 1.6535e+02
3.5152e+02, 1.6516e+02
3.5153e+02, 1.6475e+02
3.5155e+02, 1.6332e+02
3.5162e+02, 1.5572e+02
3.5167e+02, 1.4494e+02
3.5173e+02, 1.3126e+02
3.5182e+02, 1.0362e+02
3.5192e+02, 7.5582e+01
3.5196e+02, 6.4611e+01
3.5200e+02, 5.4538e+01
3.5204e+02, 4.5464e+01
3.5208e+02, 3.7457e+01
3.5212e+02, 3.0527e+01
3.5216e+02, 2.4636e+01
3.5218e+02, 2.2054e+01
3.5220e+02, 1.9716e+01
3.5222e+02, 1.7586e+01
3.5224e+02, 1.5673e+01
3.5227e+02, 1.3792e+01
3.5229e+02, 1.2131e+01
3.5231e+02, 1.0664e+01
3.5233e+02, 9.3732e+00
3.5236e+02, 8.2414e+00
3.5238e+02, 7.2525e+00
3.5240e+02, 6.3911e+00
3.5242e+02, 5.6429e+00
3.5244e+02, 4.9919e+00
3.5247e+02, 4.4317e+00
3.5249e+02, 3.9482e+00
3.5251e+02, 3.5314e+00
3.5253e+02, 3.1724e+00
3.5256e+02, 2.8632e+00
3.5258e+02, 2.5968e+00
3.5260e+02, 2.3672e+00
3.5262e+02, 2.1680e+00
3.5264e+02, 1.9965e+00
3.5267e+02, 1.8476e+00
3.5269e+02, 1.7180e+00
3.5273e+02, 1.5053e+00
3.5278e+02, 1.3398e+00
3.5282e+02, 1.2083e+00
3.5287e+02, 1.1015e+00
3.5291e+02, 1.0130e+00
3.5295e+02, 9.3804e-01
3.5304e+02, 8.1720e-01
3.5313e+02, 7.2326e-01
3.5322e+02, 6.4747e-01
3.5331e+02, 5.8504e-01
3.5340e+02, 5.3266e-01
3.5349e+02, 4.8827e-01
3.5358e+02, 4.5018e-01
3.5367e+02, 4.1731e-01
3.5384e+02, 3.6361e-01
3.5402e+02, 3.2196e-01
3.5420e+02, 2.8899e-01
3.5438e+02, 2.6245e-01
3.5461e+02, 2.3435e-01
3.5485e+02, 2.1244e-01
3.5509e+02, 1.9508e-01
3.5532e+02, 1.8119e-01
3.5556e+02, 1.6997e-01
3.5580e+02, 1.6085e-01
3.5627e+02, 1.4715e-01
3.5675e+02, 1.3767e-01
3.5722e+02, 1.3122e-01
3.5769e+02, 1.2695e-01
3.5817e+02, 1.2441e-01
3.5911e+02, 1.2273e-01
3.5977e+02, 1.2356e-01
3.6042e+02, 1.2568e-01
3.6172e+02, 1.3328e-01
3.6302e+02, 1.4498e-01
3.6433e+02, 1.6104e-01
3.6563e+02, 1.8217e-01
3.6693e+02, 2.0989e-01
3.6758e+02, 2.2685e-01
3.6824e+02, 2.4646e-01
3.6889e+02, 2.6915e-01
3.6954e+02, 2.9550e-01
3.7016e+02, 3.2492e-01
3.7078e+02, 3.5875e-01
3.7140e+02, 3.9932e-01
3.7203e+02, 4.4783e-01
3.7265e+02, 5.0633e-01
3.7327e+02, 5.7770e-01
3.7358e+02, 6.1930e-01
3.7389e+02, 6.6558e-01
3.7420e+02, 7.1751e-01
3.7436e+02, 7.4591e-01
3.7451e+02, 7.7609e-01
3.7465e+02, 8.0352e-01
3.7478e+02, 8.3248e-01
3.7491e+02, 8.6308e-01
3.7505e+02, 8.9543e-01
3.7518e+02, 9.2971e-01
3.7531e+02, 9.6603e-01
3.7545e+02, 1.0046e+00
3.7558e+02, 1.0455e+00
3.7565e+02, 1.0694e+00
3.7578e+02, 1.1133e+00
3.7591e+02, 1.1599e+00
3.7604e+02, 1.2097e+00
3.7617e+02, 1.2627e+00
3.7624e+02, 1.2914e+00
3.7631e+02, 1.3211e+00
3.7637e+02, 1.3518e+00
3.7644e+02, 1.3836e+00
3.7651e+02, 1.4167e+00
3.7657e+02, 1.4508e+00
3.7664e+02, 1.4863e+00
3.7671e+02, 1.5231e+00
3.7677e+02, 1.5614e+00
3.7684e+02, 1.6011e+00
3.7691e+02, 1.6424e+00
3.7697e+02, 1.6853e+00
3.7711e+02, 1.7764e+00
3.7724e+02, 1.8752e+00
3.7732e+02, 1.9399e+00
3.7740e+02, 2.0078e+00
3.7748e+02, 2.0796e+00
3.7756e+02, 2.1552e+00
3.7765e+02, 2.2352e+00
3.7773e+02, 2.3197e+00
3.7781e+02, 2.4092e+00
3.7789e+02, 2.5039e+00
3.7797e+02, 2.6047e+00
3.7805e+02, 2.7115e+00
3.7813e+02, 2.8253e+00
3.7822e+02, 2.9464e+00
3.7838e+02, 3.2136e+00
3.7854e+02, 3.5193e+00
3.7862e+02, 3.6893e+00
3.7870e+02, 3.8718e+00
3.7879e+02, 4.0686e+00
3.7887e+02, 4.2808e+00
3.7895e+02, 4.5107e+00
3.7903e+02, 4.7595e+00
3.7911e+02, 5.0299e+00
3.7919e+02, 5.3244e+00
3.7927e+02, 5.6464e+00
3.7936e+02, 5.9986e+00
3.7944e+02, 6.3860e+00
3.7952e+02, 6.8124e+00
3.7960e+02, 7.2845e+00
3.7968e+02, 7.8078e+00
3.7976e+02, 8.3909e+00
3.7984e+02, 9.0434e+00
3.7996e+02, 1.0068e+01
3.8007e+02, 1.1281e+01
3.8018e+02, 1.2739e+01
3.8023e+02, 1.3579e+01
3.8029e+02, 1.4509e+01
3.8034e+02, 1.5545e+01
3.8040e+02, 1.6700e+01
3.8046e+02, 1.7997e+01
3.8051e+02, 1.9459e+01
3.8057e+02, 2.1123e+01
3.8062e+02, 2.3020e+01
3.8068e+02, 2.5202e+01
3.8073e+02, 2.7730e+01
3.8077e+02, 2.9851e+01
3.8081e+02, 3.2230e+01
3.8086e+02, 3.4912e+01
3.8090e+02, 3.7947e+01
3.8094e+02, 4.1392e+01
3.8098e+02, 4.5310e+01
3.8102e+02, 4.9774e+01
3.8106e+02, 5.4867e+01
3.8110e+02, 6.0692e+01
3.8114e+02, 6.7317e+01
3.8118e+02, 7.4856e+01
3.8122e+02, 8.3411e+01
3.8126e+02, 9.3083e+01
3.8130e+02, 1.0396e+02
3.8134e+02, 1.1613e+02
3.8138e+02, 1.2964e+02
3.8143e+02, 1.4457e+02
3.8147e+02, 1.6082e+02
3.8155e+02, 1.9716e+02
3.8163e+02, 2.3765e+02
3.8171e+02, 2.8014e+02
3.8180e+02, 3.2589e+02
3.8189e+02, 3.6560e+02
3.8198e+02, 3.9442e+02
3.8202e+02, 4.0343e+02
3.8207e+02, 4.0836e+02
3.8210e+02, 4.0930e+02
3.8215e+02, 4.0702e+02
3.8219e+02, 4.0035e+02
3.8228e+02, 3.7507e+02
3.8238e+02, 3.3711e+02
3.8247e+02, 2.9154e+02
3.8265e+02, 1.9583e+02
3.8275e+02, 1.5461e+02
3.8280e+02, 1.3659e+02
3.8284e+02, 1.2039e+02
3.8289e+02, 1.0710e+02
3.8293e+02, 9.5283e+01
3.8297e+02, 8.4838e+01
3.8301e+02, 7.5653e+01
3.8306e+02, 6.7613e+01
3.8310e+02, 6.0596e+01
3.8314e+02, 5.4486e+01
3.8319e+02, 4.9169e+01
3.8323e+02, 4.4541e+01
3.8327e+02, 4.0509e+01
3.8332e+02, 3.6988e+01
3.8336e+02, 3.3904e+01
3.8340e+02, 3.1195e+01
3.8344e+02, 2.8806e+01
3.8353e+02, 2.4808e+01
3.8361e+02, 2.1751e+01
3.8369e+02, 1.9250e+01
3.8378e+02, 1.7174e+01
3.8386e+02, 1.5431e+01
3.8394e+02, 1.3949e+01
3.8402e+02, 1.2677e+01
3.8411e+02, 1.1577e+01
3.8419e+02, 1.0617e+01
3.8427e+02, 9.7744e+00
3.8435e+02, 9.0304e+00
3.8452e+02, 7.7804e+00
3.8468e+02, 6.7774e+00
3.8484e+02, 5.9602e+00
3.8500e+02, 5.3140e+00
3.8516e+02, 4.7692e+00
3.8531e+02, 4.3049e+00
3.8547e+02, 3.9056e+00
3.8563e+02, 3.5595e+00
3.8578e+02, 3.2575e+00
3.8594e+02, 2.9924e+00
3.8610e+02, 2.7587e+00
3.8641e+02, 2.3669e+00
3.8672e+02, 2.0537e+00
3.8703e+02, 1.7991e+00
3.8735e+02, 1.5896e+00
3.8763e+02, 1.4310e+00
3.8791e+02, 1.2953e+00
3.8819e+02, 1.1786e+00
3.8847e+02, 1.0775e+00
3.8875e+02, 9.8888e-01
3.8904e+02, 9.1052e-01
3.8960e+02, 7.7936e-01
3.9016e+02, 6.7493e-01
3.9072e+02, 5.9048e-01
3.9129e+02, 5.2119e-01
3.9185e+02, 4.6367e-01
3.9238e+02, 4.1785e-01
3.9291e+02, 3.7868e-01
3.9344e+02, 3.4493e-01
3.9398e+02, 3.1570e-01
3.9451e+02, 2.9051e-01
3.9504e+02, 2.6824e-01
3.9610e+02, 2.3067e-01
3.9717e+02, 2.0087e-01
3.9823e+02, 1.7686e-01
3.9929e+02, 1.5725e-01
4.0036e+02, 1.4104e-01
4.0148e+02, 1.2679e-01
4.0261e+02, 1.1490e-01
4.0373e+02, 1.0490e-01
4.0486e+02, 9.6657e-02
4.0599e+02, 8.9405e-02
4.0711e+02, 8.3272e-02
4.0824e+02, 7.7852e-02
4.0936e+02, 7.3405e-02
4.1049e+02, 6.9388e-02
4.1162e+02, 6.6124e-02
4.1387e+02, 6.0842e-02
4.1612e+02, 5.7201e-02
4.1837e+02, 5.5011e-02
4.2037e+02, 5.4223e-02
4.2225e+02, 5.4507e-02
4.2413e+02, 5.5911e-02
4.2600e+02, 5.8671e-02
4.2788e+02, 6.3186e-02
4.2882e+02, 6.6115e-02
4.2976e+02, 6.9895e-02
4.3069e+02, 7.4553e-02
4.3163e+02, 8.0294e-02
4.3257e+02, 8.7409e-02
4.3351e+02, 9.6295e-02
4.3445e+02, 1.0752e-01
4.3539e+02, 1.2172e-01
4.3604e+02, 1.3409e-01
4.3670e+02, 1.4926e-01
4.3736e+02, 1.6792e-01
4.3801e+02, 1.9119e-01
4.3867e+02, 2.2070e-01
4.3900e+02, 2.3851e-01
4.3933e+02, 2.5887e-01
4.3965e+02, 2.8228e-01
4.3998e+02, 3.0931e-01
4.4031e+02, 3.4066e-01
4.4064e+02, 3.7747e-01
4.4098e+02, 4.2362e-01
4.4133e+02, 4.7961e-01
4.4167e+02, 5.4833e-01
4.4202e+02, 6.3394e-01
4.4236e+02, 7.4252e-01
4.4253e+02, 8.0807e-01
4.4270e+02, 8.8305e-01
4.4288e+02, 9.6933e-01
4.4305e+02, 1.0693e+00
4.4322e+02, 1.1860e+00
4.4339e+02, 1.3235e+00
4.4360e+02, 1.5293e+00
4.4371e+02, 1.6515e+00
4.4381e+02, 1.7895e+00
4.4387e+02, 1.8654e+00
4.4392e+02, 1.9465e+00
4.4397e+02, 2.0332e+00
4.4403e+02, 2.1259e+00
4.4408e+02, 2.2256e+00
4.4413e+02, 2.3328e+00
4.4418e+02, 2.4484e+00
4.4424e+02, 2.5729e+00
4.4428e+02, 2.6820e+00
4.4432e+02, 2.7986e+00
4.4436e+02, 2.9031e+00
4.4439e+02, 3.0139e+00
4.4443e+02, 3.1315e+00
4.4447e+02, 3.2562e+00
4.4450e+02, 3.3894e+00
4.4454e+02, 3.5311e+00
4.4458e+02, 3.6831e+00
4.4461e+02, 3.8453e+00
4.4465e+02, 4.0543e+00
4.4470e+02, 4.2825e+00
4.4474e+02, 4.5326e+00
4.4478e+02, 4.8081e+00
4.4483e+02, 5.1130e+00
4.4487e+02, 5.4522e+00
4.4491e+02, 5.8322e+00
4.4496e+02, 6.2608e+00
4.4500e+02, 6.7478e+00
4.4504e+02, 7.3058e+00
4.4508e+02, 7.9507e+00
4.4511e+02, 8.3118e+00
4.4513e+02, 8.7026e+00
4.4515e+02, 9.1262e+00
4.4517e+02, 9.5866e+00
4.4519e+02, 1.0088e+01
4.4521e+02, 1.0634e+01
4.4524e+02, 1.1232e+01
4.4526e+02, 1.1885e+01
4.4528e+02, 1.2602e+01
4.4530e+02, 1.3388e+01
4.4532e+02, 1.4252e+01
4.4534e+02, 1.5201e+01
4.4536e+02, 1.6246e+01
4.4539e+02, 1.7396e+01
4.4541e+02, 1.8662e+01
4.4543e+02, 2.0055e+01
4.4545e+02, 2.1589e+01
4.4547e+02, 2.3276e+01
4.4549e+02, 2.5130e+01
4.4551e+02, 2.7167e+01
4.4554e+02, 2.9402e+01
4.4556e+02, 3.1850e+01
4.4558e+02, 3.4528e+01
4.4560e+02, 3.7454e+01
4.4564e+02, 4.4114e+01
4.4569e+02, 5.1982e+01
4.4573e+02, 6.1147e+01
4.4577e+02, 7.1730e+01
4.4582e+02, 8.3808e+01
4.4586e+02, 9.7416e+01
4.4590e+02, 1.1254e+02
4.4594e+02, 1.2909e+02
4.4599e+02, 1.4691e+02
4.4610e+02, 1.9629e+02
4.4621e+02, 2.4614e+02
4.4629e+02, 2.8032e+02
4.4638e+02, 3.0550e+02
4.4644e+02, 3.1595e+02
4.4650e+02, 3.1948e+02
4.4658e+02, 3.1337e+02
4.4666e+02, 2.9593e+02
4.4675e+02, 2.6427e+02
4.4684e+02, 2.2484e+02
4.4698e+02, 1.5906e+02
4.4706e+02, 1.2880e+02
4.4713e+02, 1.0205e+02
4.4716e+02, 9.0195e+01
4.4720e+02, 7.9429e+01
4.4723e+02, 6.9693e+01
4.4727e+02, 6.1011e+01
4.4731e+02, 5.3290e+01
4.4734e+02, 4.6512e+01
4.4738e+02, 4.0570e+01
4.4741e+02, 3.5421e+01
4.4745e+02, 3.0958e+01
4.4749e+02, 2.7129e+01
4.4752e+02, 2.3839e+01
4.4756e+02, 2.1034e+01
4.4759e+02, 1.8635e+01
4.4763e+02, 1.6597e+01
4.4766e+02, 1.4854e+01
4.4770e+02, 1.3371e+01
4.4773e+02, 1.2152e+01
4.4777e+02, 1.1102e+01
4.4780e+02, 1.0192e+01
4.4784e+02, 9.4000e+00
4.4791e+02, 8.0964e+00
4.4797e+02, 7.0799e+00
4.4804e+02, 6.2674e+00
4.4811e+02, 5.6061e+00
4.4818e+02, 5.0566e+00
4.4825e+02, 4.5926e+00
4.4832e+02, 4.1948e+00
4.4838e+02, 3.8511e+00
4.4845e+02, 3.5503e+00
4.4852e+02, 3.2858e+00
4.4866e+02, 2.8420e+00
4.4880e+02, 2.4861e+00
4.4892e+02, 2.2205e+00
4.4904e+02, 1.9968e+00
4.4917e+02, 1.8063e+00
4.4929e+02, 1.6426e+00
4.4941e+02, 1.5007e+00
4.4954e+02, 1.3769e+00
4.4979e+02, 1.1719e+00
4.5003e+02, 1.0102e+00
4.5028e+02, 8.8048e-01
4.5053e+02, 7.7478e-01
4.5078e+02, 6.8754e-01
4.5101e+02, 6.1815e-01
4.5125e+02, 5.5915e-01
4.5148e+02, 5.0857e-01
4.5172e+02, 4.6488e-01
4.5195e+02, 4.2675e-01
4.5218e+02, 3.9323e-01
4.5265e+02, 3.3732e-01
4.5312e+02, 2.9299e-01
4.5359e+02, 2.5728e-01
4.5406e+02, 2.2809e-01
4.5453e+02, 2.0393e-01
4.5503e+02, 1.8267e-01
4.5552e+02, 1.6491e-01
4.5602e+02, 1.5002e-01
4.5651e+02, 1.3717e-01
4.5701e+02, 1.2603e-01
4.5750e+02, 1.1637e-01
4.5849e+02, 1.0056e-01
4.5949e+02, 8.8285e-02
4.6048e+02, 7.8567e-02
4.6147e+02, 7.0756e-02
4.6246e+02, 6.4398e-02
4.6334e+02, 5.9726e-02
4.6423e+02, 5.5847e-02
4.6512e+02, 5.2353e-02
4.6600e+02, 4.9488e-02
4.6778e+02, 4.4829e-02
4.6955e+02, 4.1408e-02
4.7132e+02, 3.8928e-02
4.7309e+02, 3.7204e-02
4.7487e+02, 3.6121e-02
4.7664e+02, 3.5619e-02
4.7841e+02, 3.5682e-02
4.8019e+02, 3.6343e-02
4.8196e+02, 3.7685e-02
4.8373e+02, 3.9867e-02
4.8550e+02, 4.3161e-02
4.8728e+02, 4.7870e-02
4.8816e+02, 5.1079e-02
4.8905e+02, 5.5014e-02
4.8994e+02, 5.9877e-02
4.9082e+02, 6.5959e-02
4.9155e+02, 7.2171e-02
4.9228e+02, 7.9818e-02
4.9301e+02, 8.9320e-02
4.9374e+02, 1.0123e-01
4.9447e+02, 1.1681e-01
4.9484e+02, 1.2640e-01
4.9520e+02, 1.3751e-01
4.9557e+02, 1.5050e-01
4.9593e+02, 1.6581e-01
4.9630e+02, 1.8404e-01
4.9666e+02, 2.0598e-01
4.9700e+02, 2.3057e-01
4.9734e+02, 2.6035e-01
4.9768e+02, 2.9701e-01
4.9802e+02, 3.4307e-01
4.9819e+02, 3.7070e-01
4.9836e+02, 4.0212e-01
4.9853e+02, 4.3807e-01
4.9870e+02, 4.7944e-01
4.9887e+02, 5.2743e-01
4.9904e+02, 5.8350e-01
4.9920e+02, 6.4966e-01
4.9937e+02, 7.2844e-01
4.9953e+02, 8.1546e-01
4.9969e+02, 9.2013e-01
4.9984e+02, 1.0478e+00
5.0000e+02, 1.2061e+00
5.0011e+02, 1.3464e+00
5.0023e+02, 1.5147e+00
5.0034e+02, 1.7204e+00
5.0045e+02, 1.9772e+00
5.0051e+02, 2.1316e+00
5.0057e+02, 2.3086e+00
5.0062e+02, 2.5143e+00
5.0068e+02, 2.7560e+00
5.0071e+02, 2.8945e+00
5.0074e+02, 3.0461e+00
5.0077e+02, 3.2142e+00
5.0079e+02, 3.4001e+00
5.0082e+02, 3.6080e+00
5.0085e+02, 3.8401e+00
5.0088e+02, 4.1012e+00
5.0091e+02, 4.3961e+00
5.0093e+02, 4.6573e+00
5.0095e+02, 4.9451e+00
5.0097e+02, 5.2658e+00
5.0100e+02, 5.6206e+00
5.0102e+02, 6.0171e+00
5.0104e+02, 6.4570e+00
5.0106e+02, 6.9497e+00
5.0109e+02, 7.4971e+00
5.0111e+02, 8.2044e+00
5.0114e+02, 9.0068e+00
5.0116e+02, 9.9169e+00
5.0119e+02, 1.0948e+01
5.0121e+02, 1.2116e+01
5.0124e+02, 1.3437e+01
5.0126e+02, 1.4927e+01
5.0129e+02, 1.6606e+01
5.0132e+02, 1.8887e+01
5.0135e+02, 2.1489e+01
5.0138e+02, 2.4457e+01
5.0141e+02, 2.7824e+01
5.0144e+02, 3.1627e+01
5.0147e+02, 3.5899e+01
5.0150e+02, 4.0671e+01
5.0153e+02, 4.5972e+01
5.0158e+02, 5.5435e+01
5.0163e+02, 6.6312e+01
5.0168e+02, 7.8602e+01
5.0173e+02, 9.2207e+01
5.0177e+02, 1.0704e+02
5.0182e+02, 1.2280e+02
5.0192e+02, 1.5592e+02
5.0201e+02, 1.8537e+02
5.0209e+02, 2.1097e+02
5.0214e+02, 2.2231e+02
5.0219e+02, 2.3108e+02
5.0224e+02, 2.3723e+02
5.0229e+02, 2.3972e+02
5.0230e+02, 2.3977e+02
5.0233e+02, 2.3915e+02
5.0236e+02, 2.3732e+02
5.0242e+02, 2.3018e+02
5.0248e+02, 2.1682e+02
5.0255e+02, 1.9897e+02
5.0267e+02, 1.6144e+02
5.0278e+02, 1.2170e+02
5.0283e+02, 1.0483e+02
5.0288e+02, 8.9121e+01
5.0294e+02, 7.4842e+01
5.0299e+02, 6.2167e+01
5.0304e+02, 5.1103e+01
5.0309e+02, 4.1665e+01
5.0314e+02, 3.3728e+01
5.0317e+02, 3.0288e+01
5.0319e+02, 2.7186e+01
5.0322e+02, 2.4378e+01
5.0324e+02, 2.1854e+01
5.0327e+02, 1.9594e+01
5.0330e+02, 1.7576e+01
5.0332e+02, 1.5779e+01
5.0335e+02, 1.4183e+01
5.0337e+02, 1.2769e+01
5.0340e+02, 1.1522e+01
5.0343e+02, 1.0416e+01
5.0345e+02, 9.4411e+00
5.0348e+02, 8.5817e+00
5.0350e+02, 7.8274e+00
5.0353e+02, 7.1604e+00
5.0355e+02, 6.5727e+00
5.0361e+02, 5.5987e+00
5.0366e+02, 4.8356e+00
5.0371e+02, 4.2346e+00
5.0376e+02, 3.7540e+00
5.0381e+02, 3.3657e+00
5.0386e+02, 3.0460e+00
5.0391e+02, 2.7797e+00
5.0397e+02, 2.5537e+00
5.0402e+02, 2.3598e+00
5.0411e+02, 2.0758e+00
5.0420e+02, 1.8468e+00
5.0429e+02, 1.6577e+00
5.0438e+02, 1.4988e+00
5.0447e+02, 1.3633e+00
5.0456e+02, 1.2467e+00
5.0465e+02, 1.1454e+00
5.0475e+02, 1.0568e+00
5.0493e+02, 9.0927e-01
5.0511e+02, 7.9215e-01
5.0529e+02, 6.9734e-01
5.0547e+02, 6.1949e-01
5.0567e+02, 5.5079e-01
5.0586e+02, 4.9365e-01
5.0606e+02, 4.4563e-01
5.0625e+02, 4.0491e-01
5.0644e+02, 3.7010e-01
5.0664e+02, 3.4011e-01
5.0683e+02, 3.1407e-01
5.0703e+02, 2.9127e-01
5.0741e+02, 2.5341e-01
5.0780e+02, 2.2356e-01
5.0819e+02, 1.9972e-01
5.0858e+02, 1.8044e-01
5.0892e+02, 1.6648e-01
5.0926e+02, 1.5471e-01
5.0960e+02, 1.4475e-01
5.0994e+02, 1.3632e-01
5.1062e+02, 1.2306e-01
5.1130e+02, 1.1325e-01
5.1198e+02, 1.0622e-01
5.1266e+02, 1.0140e-01
5.1333e+02, 9.8441e-02
5.1401e+02, 9.7103e-02
5.1484e+02, 9.7500e-02
5.1566e+02, 1.0011e-01
5.1649e+02, 1.0510e-01
5.1731e+02, 1.1290e-01
5.1814e+02, 1.2420e-01
5.1855e+02, 1.3141e-01
5.1896e+02, 1.3995e-01
5.1938e+02, 1.5019e-01
5.1979e+02, 1.6246e-01
5.2020e+02, 1.7718e-01
5.2061e+02, 1.9496e-01
5.2100e+02, 2.1522e-01
5.2139e+02, 2.3986e-01
5.2178e+02, 2.7015e-01
5.2217e+02, 3.0780e-01
5.2255e+02, 3.5532e-01
5.2275e+02, 3.8394e-01
5.2294e+02, 4.1668e-01
5.2314e+02, 4.5438e-01
5.2333e+02, 4.9805e-01
5.2353e+02, 5.4902e-01
5.2372e+02, 6.0899e-01
5.2392e+02, 6.8267e-01
5.2412e+02, 7.7169e-01
5.2432e+02, 8.8064e-01
5.2452e+02, 1.0160e+00
5.2472e+02, 1.1875e+00
5.2482e+02, 1.2911e+00
5.2492e+02, 1.4099e+00
5.2502e+02, 1.5473e+00
5.2507e+02, 1.6243e+00
5.2512e+02, 1.7075e+00
5.2517e+02, 1.7980e+00
5.2522e+02, 1.8965e+00
5.2527e+02, 2.0041e+00
5.2532e+02, 2.1222e+00
5.2538e+02, 2.2862e+00
5.2541e+02, 2.3765e+00
5.2545e+02, 2.4731e+00
5.2548e+02, 2.5766e+00
5.2551e+02, 2.6880e+00
5.2554e+02, 2.8081e+00
5.2557e+02, 2.9377e+00
5.2560e+02, 3.0718e+00
5.2563e+02, 3.2175e+00
5.2566e+02, 3.3762e+00
5.2569e+02, 3.5494e+00
5.2572e+02, 3.7402e+00
5.2575e+02, 3.9501e+00
5.2578e+02, 4.1834e+00
5.2581e+02, 4.4421e+00
5.2583e+02, 4.6475e+00
5.2585e+02, 4.8694e+00
5.2587e+02, 5.1117e+00
5.2589e+02, 5.3746e+00
5.2591e+02, 5.6628e+00
5.2593e+02, 5.9763e+00
5.2595e+02, 6.3196e+00
5.2598e+02, 6.6957e+00
5.2600e+02, 7.1105e+00
5.2602e+02, 7.5640e+00
5.2604e+02, 8.0624e+00
5.2606e+02, 8.6105e+00
5.2608e+02, 9.2165e+00
5.2610e+02, 9.8802e+00
5.2612e+02, 1.0610e+01
5.2615e+02, 1.1414e+01
5.2618e+02, 1.2844e+01
5.2621e+02, 1.4502e+01
5.2625e+02, 1.6419e+01
5.2628e+02, 1.8624e+01
5.2631e+02, 2.1164e+01
5.2635e+02, 2.4062e+01
5.2638e+02, 2.7373e+01
5.2641e+02, 3.1114e+01
5.2645e+02, 3.5344e+01
5.2648e+02, 4.0086e+01
5.2651e+02, 4.5369e+01
5.2655e+02, 5.1196e+01
5.2658e+02, 5.7617e+01
5.2661e+02, 6.4601e+01
5.2668e+02, 8.0301e+01
5.2675e+02, 9.8121e+01
5.2681e+02, 1.1757e+02
5.2695e+02, 1.5840e+02
5.2703e+02, 1.8111e+02
5.2710e+02, 2.0036e+02
5.2717e+02, 2.1242e+02
5.2723e+02, 2.2000e+02
5.2730e+02, 2.2256e+02
5.2737e+02, 2.1973e+02
5.2744e+02, 2.1152e+02
5.2751e+02, 1.9740e+02
5.2758e+02, 1.7902e+02
5.2772e+02, 1.3917e+02
5.2785e+02, 9.9078e+01
5.2791e+02, 8.1888e+01
5.2798e+02, 6.6595e+01
5.2804e+02, 5.3398e+01
5.2807e+02, 4.7600e+01
5.2811e+02, 4.2339e+01
5.2814e+02, 3.7566e+01
5.2817e+02, 3.3275e+01
5.2820e+02, 2.9439e+01
5.2823e+02, 2.6036e+01
5.2827e+02, 2.3014e+01
5.2830e+02, 2.0351e+01
5.2833e+02, 1.8013e+01
5.2836e+02, 1.5974e+01
5.2839e+02, 1.4269e+01
5.2842e+02, 1.2775e+01
5.2845e+02, 1.1471e+01
5.2848e+02, 1.0335e+01
5.2851e+02, 9.3416e+00
5.2854e+02, 8.4781e+00
5.2858e+02, 7.7223e+00
5.2861e+02, 7.0647e+00
5.2864e+02, 6.4877e+00
5.2867e+02, 5.9824e+00
5.2873e+02, 5.1487e+00
5.2879e+02, 4.4971e+00
5.2885e+02, 3.9794e+00
5.2891e+02, 3.5603e+00
5.2897e+02, 3.2161e+00
5.2903e+02, 2.9279e+00
5.2909e+02, 2.6829e+00
5.2915e+02, 2.4717e+00
5.2921e+02, 2.2877e+00
5.2934e+02, 1.9819e+00
5.2945e+02, 1.7602e+00
5.2956e+02, 1.5760e+00
5.2967e+02, 1.4210e+00
5.2978e+02, 1.2890e+00
5.2988e+02, 1.1754e+00
5.2999e+02, 1.0770e+00
5.3010e+02, 9.9083e-01
5.3021e+02, 9.1510e-01
5.3043e+02, 7.8835e-01
5.3065e+02, 6.8719e-01
5.3087e+02, 6.0509e-01
5.3109e+02, 5.3751e-01
5.3130e+02, 4.8406e-01
5.3151e+02, 4.3867e-01
5.3171e+02, 3.9979e-01
5.3192e+02, 3.6624e-01
5.3213e+02, 3.3706e-01
5.3233e+02, 3.1151e-01
5.3275e+02, 2.6895e-01
5.3316e+02, 2.3516e-01
5.3358e+02, 2.0798e-01
5.3399e+02, 1.8579e-01
5.3441e+02, 1.6745e-01
5.3484e+02, 1.5130e-01
5.3528e+02, 1.3781e-01
5.3572e+02, 1.2647e-01
5.3616e+02, 1.1689e-01
5.3704e+02, 1.0143e-01
5.3791e+02, 8.9741e-02
5.3879e+02, 8.0789e-02
5.3967e+02, 7.3840e-02
5.4055e+02, 6.8397e-02
5.4142e+02, 6.4170e-02
5.4298e+02, 5.8739e-02
5.4454e+02, 5.5271e-02
5.4610e+02, 5.3321e-02
5.4766e+02, 5.2587e-02
5.4951e+02, 5.3089e-02
5.5137e+02, 5.5001e-02
5.5322e+02, 5.8373e-02
5.5507e+02, 6.3422e-02
5.5692e+02, 7.0591e-02
5.5877e+02, 8.0630e-02
5.5970e+02, 8.7052e-02
5.6063e+02, 9.4454e-02
5.6155e+02, 1.0349e-01
5.6248e+02, 1.1437e-01
5.6335e+02, 1.2680e-01
5.6423e+02, 1.4187e-01
5.6511e+02, 1.6035e-01
5.6599e+02, 1.8332e-01
5.6686e+02, 2.1232e-01
5.6774e+02, 2.4942e-01
5.6818e+02, 2.7188e-01
5.6862e+02, 2.9794e-01
5.6906e+02, 3.2833e-01
5.6950e+02, 3.6394e-01
5.6987e+02, 3.9974e-01
5.7025e+02, 4.4135e-01
5.7063e+02, 4.9010e-01
5.7101e+02, 5.4765e-01
5.7138e+02, 6.1618e-01
5.7176e+02, 6.9889e-01
5.7195e+02, 7.4689e-01
5.7214e+02, 8.0017e-01
5.7233e+02, 8.5956e-01
5.7242e+02, 8.9182e-01
5.7252e+02, 9.2598e-01
5.7264e+02, 9.7190e-01
5.7275e+02, 1.0214e+00
5.7287e+02, 1.0750e+00
5.7299e+02, 1.1329e+00
5.7307e+02, 1.1727e+00
5.7314e+02, 1.2145e+00
5.7322e+02, 1.2588e+00
5.7330e+02, 1.3055e+00
5.7341e+02, 1.3777e+00
5.7352e+02, 1.4561e+00
5.7357e+02, 1.4980e+00
5.7363e+02, 1.5416e+00
5.7368e+02, 1.5873e+00
5.7374e+02, 1.6350e+00
5.7379e+02, 1.6851e+00
5.7385e+02, 1.7374e+00
5.7390e+02, 1.7923e+00
5.7395e+02, 1.8499e+00
5.7401e+02, 1.9104e+00
5.7406e+02, 1.9740e+00
5.7412e+02, 2.0409e+00
5.7417e+02, 2.1114e+00
5.7424e+02, 2.2028e+00
5.7431e+02, 2.3004e+00
5.7438e+02, 2.4047e+00
5.7444e+02, 2.5165e+00
5.7451e+02, 2.6367e+00
5.7458e+02, 2.7658e+00
5.7464e+02, 2.9049e+00
5.7471e+02, 3.0551e+00
5.7478e+02, 3.2179e+00
5.7484e+02, 3.3943e+00
5.7491e+02, 3.5861e+00
5.7498e+02, 3.7954e+00
5.7505e+02, 4.0243e+00
5.7511e+02, 4.2755e+00
5.7518e+02, 4.5522e+00
5.7525e+02, 4.8581e+00
5.7530e+02, 5.1338e+00
5.7536e+02, 5.4345e+00
5.7541e+02, 5.7643e+00
5.7547e+02, 6.1274e+00
5.7552e+02, 6.5296e+00
5.7558e+02, 6.9755e+00
5.7563e+02, 7.4734e+00
5.7568e+02, 8.0322e+00
5.7574e+02, 8.6645e+00
5.7579e+02, 9.3819e+00
5.7585e+02, 1.0203e+01
5.7590e+02, 1.1148e+01
5.7596e+02, 1.2247e+01
5.7601e+02, 1.3528e+01
5.7607e+02, 1.5031e+01
5.7612e+02, 1.6806e+01
5.7616e+02, 1.8052e+01
5.7619e+02, 1.9432e+01
5.7622e+02, 2.0965e+01
5.7626e+02, 2.2670e+01
5.7629e+02, 2.4564e+01
5.7632e+02, 2.6669e+01
5.7636e+02, 2.9005e+01
5.7639e+02, 3.1595e+01
5.7643e+02, 3.4472e+01
5.7646e+02, 3.7640e+01
5.7649e+02, 4.1132e+01
5.7653e+02, 4.4968e+01
5.7659e+02, 5.3758e+01
5.7666e+02, 6.4146e+01
5.7671e+02, 7.2764e+01
5.7676e+02, 8.2251e+01
5.7681e+02, 9.2596e+01
5.7685e+02, 1.0373e+02
5.7695e+02, 1.2795e+02
5.7705e+02, 1.5351e+02
5.7718e+02, 1.8747e+02
5.7725e+02, 2.0210e+02
5.7732e+02, 2.1409e+02
5.7741e+02, 2.2492e+02
5.7750e+02, 2.2864e+02
5.7758e+02, 2.2554e+02
5.7766e+02, 2.1658e+02
5.7775e+02, 2.0254e+02
5.7783e+02, 1.8462e+02
5.7816e+02, 1.0074e+02
5.7824e+02, 8.3440e+01
5.7832e+02, 6.8371e+01
5.7839e+02, 5.5602e+01
5.7843e+02, 5.0075e+01
5.7847e+02, 4.5083e+01
5.7851e+02, 4.0586e+01
5.7855e+02, 3.6574e+01
5.7859e+02, 3.2997e+01
5.7863e+02, 2.9820e+01
5.7867e+02, 2.6996e+01
5.7871e+02, 2.4505e+01
5.7875e+02, 2.2304e+01
5.7879e+02, 2.0360e+01
5.7886e+02, 1.7260e+01
5.7894e+02, 1.4804e+01
5.7901e+02, 1.2845e+01
5.7909e+02, 1.1267e+01
5.7916e+02, 9.9803e+00
5.7924e+02, 8.9181e+00
5.7931e+02, 8.0300e+00
5.7939e+02, 7.2783e+00
5.7946e+02, 6.6351e+00
5.7954e+02, 6.0792e+00
5.7961e+02, 5.5946e+00
5.7969e+02, 5.1688e+00
5.7984e+02, 4.4573e+00
5.7999e+02, 3.8885e+00
5.8013e+02, 3.4466e+00
5.8028e+02, 3.0782e+00
5.8042e+02, 2.7674e+00
5.8056e+02, 2.5025e+00
5.8070e+02, 2.2747e+00
5.8085e+02, 2.0770e+00
5.8099e+02, 1.9044e+00
5.8113e+02, 1.7528e+00
5.8142e+02, 1.4997e+00
5.8170e+02, 1.2984e+00
5.8199e+02, 1.1356e+00
5.8227e+02, 1.0021e+00
5.8253e+02, 9.0187e-01
5.8278e+02, 8.1627e-01
5.8304e+02, 7.4255e-01
5.8329e+02, 6.7873e-01
5.8355e+02, 6.2303e-01
5.8381e+02, 5.7407e-01
5.8432e+02, 4.9204e-01
5.8483e+02, 4.2658e-01
5.8534e+02, 3.7367e-01
5.8585e+02, 3.3029e-01
5.8636e+02, 2.9431e-01
5.8684e+02, 2.6574e-01
5.8732e+02, 2.4133e-01
5.8780e+02, 2.2030e-01
5.8828e+02, 2.0206e-01
5.8876e+02, 1.8616e-01
5.8924e+02, 1.7233e-01
5.9020e+02, 1.4920e-01
5.9116e+02, 1.3073e-01
5.9213e+02, 1.1591e-01
5.9309e+02, 1.0389e-01
5.9405e+02, 9.4069e-02
5.9489e+02, 8.6942e-02
5.9573e+02, 8.0962e-02
5.9657e+02, 7.5979e-02
5.9741e+02, 7.1893e-02
5.9825e+02, 6.8654e-02
5.9909e+02, 6.6259e-02
5.9994e+02, 6.4775e-02
6.0078e+02, 6.4362e-02
6.0135e+02, 6.4822e-02
6.0192e+02, 6.5995e-02
6.0249e+02, 6.8248e-02
6.0306e+02, 7.1985e-02
6.0363e+02, 7.7839e-02
6.0420e+02, 8.6920e-02
6.0449e+02, 9.3318e-02
6.0477e+02, 1.0153e-01
6.0506e+02, 1.1222e-01
6.0534e+02, 1.2637e-01
6.0554e+02, 1.3883e-01
6.0573e+02, 1.5441e-01
6.0593e+02, 1.7430e-01
6.0612e+02, 2.0027e-01
6.0632e+02, 2.3540e-01
6.0642e+02, 2.5803e-01
6.0651e+02, 2.8564e-01
6.0661e+02, 3.2052e-01
6.0671e+02, 3.6664e-01
6.0681e+02, 4.3163e-01
6.0686e+02, 4.7527e-01
6.0691e+02, 5.2976e-01
6.0695e+02, 5.9897e-01
6.0700e+02, 6.8758e-01
6.0705e+02, 8.0225e-01
6.0710e+02, 9.5152e-01
6.0712e+02, 1.0424e+00
6.0715e+02, 1.1463e+00
6.0717e+02, 1.2649e+00
6.0720e+02, 1.4003e+00
6.0722e+02, 1.5546e+00
6.0725e+02, 1.7305e+00
6.0727e+02, 1.9304e+00
6.0730e+02, 2.1575e+00
6.0732e+02, 2.4159e+00
6.0734e+02, 2.7070e+00
6.0737e+02, 3.0354e+00
6.0739e+02, 3.4050e+00
6.0742e+02, 3.8199e+00
6.0744e+02, 4.2843e+00
6.0747e+02, 4.8027e+00
6.0749e+02, 5.3796e+00
6.0752e+02, 6.0197e+00
6.0754e+02, 6.7276e+00
6.0756e+02, 7.5079e+00
6.0759e+02, 8.3651e+00
6.0764e+02, 1.0327e+01
6.0769e+02, 1.2644e+01
6.0773e+02, 1.5122e+01
6.0778e+02, 1.7928e+01
6.0782e+02, 2.1073e+01
6.0787e+02, 2.4535e+01
6.0791e+02, 2.8302e+01
6.0796e+02, 3.2318e+01
6.0805e+02, 4.0899e+01
6.0815e+02, 5.1095e+01
6.0826e+02, 6.0250e+01
6.0832e+02, 6.4959e+01
6.0837e+02, 6.7388e+01
6.0841e+02, 6.9034e+01
6.0845e+02, 7.0078e+01
6.0850e+02, 7.0502e+01
6.0850e+02, 7.0505e+01
6.0851e+02, 7.0491e+01
6.0853e+02, 7.0323e+01
6.0855e+02, 6.9967e+01
6.0862e+02, 6.7810e+01
6.0868e+02, 6.4790e+01
6.0873e+02, 6.0848e+01
6.0884e+02, 5.2218e+01
6.0894e+02, 4.2498e+01
6.0902e+02, 3.4081e+01
6.0911e+02, 2.6320e+01
6.0916e+02, 2.2806e+01
6.0920e+02, 1.9593e+01
6.0924e+02, 1.6690e+01
6.0929e+02, 1.4102e+01
6.0933e+02, 1.1986e+01
6.0937e+02, 1.0124e+01
6.0941e+02, 8.5045e+00
6.0945e+02, 7.1116e+00
6.0949e+02, 5.9192e+00
6.0953e+02, 4.9104e+00
6.0957e+02, 4.0641e+00
6.0961e+02, 3.3615e+00
6.0965e+02, 2.7798e+00
6.0969e+02, 2.3026e+00
6.0973e+02, 1.9138e+00
6.0977e+02, 1.5992e+00
6.0981e+02, 1.3446e+00
6.0985e+02, 1.1402e+00
6.0989e+02, 9.7565e-01
6.0993e+02, 8.4386e-01
6.0998e+02, 7.2974e-01
6.1002e+02, 6.3956e-01
6.1006e+02, 5.6771e-01
6.1011e+02, 5.0998e-01
6.1015e+02, 4.6302e-01
6.1019e+02, 4.2453e-01
6.1028e+02, 3.6539e-01
6.1037e+02, 3.2201e-01
6.1046e+02, 2.8859e-01
6.1054e+02, 2.6168e-01
6.1063e+02, 2.3939e-01
6.1081e+02, 2.0422e-01
6.1098e+02, 1.7761e-01
6.1116e+02, 1.5680e-01
6.1133e+02, 1.4014e-01
6.1153e+02, 1.2467e-01
6.1174e+02, 1.1220e-01
6.1194e+02, 1.0197e-01
6.1214e+02, 9.3484e-02
6.1254e+02, 8.0289e-02
6.1295e+02, 7.0603e-02
6.1335e+02, 6.3225e-02
6.1375e+02, 5.7436e-02
6.1416e+02, 5.2802e-02
6.1456e+02, 4.9030e-02
6.1548e+02, 4.2703e-02
6.1639e+02, 3.8294e-02
6.1731e+02, 3.5030e-02
6.1822e+02, 3.2546e-02
6.1914e+02, 3.0636e-02
6.2005e+02, 2.9083e-02
6.2188e+02, 2.6662e-02
6.2371e+02, 2.4930e-02
6.2554e+02, 2.3645e-02
6.2920e+02, 2.1913e-02
6.3178e+02, 2.1148e-02
6.3437e+02, 2.0625e-02
6.3953e+02, 2.0129e-02
6.4427e+02, 2.0262e-02
6.4900e+02, 2.0833e-02
6.5374e+02, 2.1863e-02
6.5848e+02, 2.3429e-02
6.6321e+02, 2.5570e-02
6.6795e+02, 2.8540e-02
6.7032e+02, 3.0366e-02
6.7268e+02, 3.2581e-02
6.7505e+02, 3.5133e-02
6.7742e+02, 3.8080e-02
6.8000e+02, 4.2069e-02
6.8259e+02, 4.6759e-02
6.8517e+02, 5.2693e-02
6.8775e+02, 6.0097e-02
6.9033e+02, 6.9609e-02
6.9163e+02, 7.5356e-02
6.9292e+02, 8.1947e-02
6.9421e+02, 8.9623e-02
6.9550e+02, 9.8594e-02
6.9679e+02, 1.0907e-01
6.9808e+02, 1.2147e-01
6.9986e+02, 1.4259e-01
7.0075e+02, 1.5544e-01
7.0164e+02, 1.7039e-01
7.0252e+02, 1.8775e-01
7.0297e+02, 1.9747e-01
7.0341e+02, 2.0796e-01
7.0386e+02, 2.1940e-01
7.0430e+02, 2.3189e-01
7.0452e+02, 2.3856e-01
7.0474e+02, 2.4554e-01
7.0497e+02, 2.5285e-01
7.0519e+02, 2.6050e-01
7.0549e+02, 2.7154e-01
7.0579e+02, 2.8333e-01
7.0595e+02, 2.8953e-01
7.0610e+02, 2.9595e-01
7.0625e+02, 3.0258e-01
7.0640e+02, 3.0945e-01
7.0652e+02, 3.1497e-01
7.0663e+02, 3.2064e-01
7.0687e+02, 3.3247e-01
7.0711e+02, 3.4500e-01
7.0734e+02, 3.5827e-01
7.0749e+02, 3.6702e-01
7.0764e+02, 3.7610e-01
7.0778e+02, 3.8553e-01
7.0793e+02, 3.9534e-01
7.0808e+02, 4.0554e-01
7.0823e+02, 4.1614e-01
7.0838e+02, 4.2718e-01
7.0852e+02, 4.3868e-01
7.0867e+02, 4.5067e-01
7.0882e+02, 4.6316e-01
7.0897e+02, 4.7620e-01
7.0912e+02, 4.8981e-01
7.0926e+02, 5.0403e-01
7.0941e+02, 5.1889e-01
7.0956e+02, 5.3444e-01
7.0971e+02, 5.5070e-01
7.0986e+02, 5.6775e-01
7.1000e+02, 5.8562e-01
7.1030e+02, 6.2404e-01
7.1060e+02, 6.6647e-01
7.1089e+02, 7.1348e-01
7.1119e+02, 7.6575e-01
7.1148e+02, 8.2411e-01
7.1178e+02, 8.8954e-01
7.1208e+02, 9.6320e-01
7.1237e+02, 1.0466e+00
7.1267e+02, 1.1415e+00
7.1296e+02, 1.2502e+00
7.1326e+02, 1.3754e+00
7.1356e+02, 1.5208e+00
7.1385e+02, 1.6908e+00
7.1415e+02, 1.8914e+00
7.1430e+02, 2.0056e+00
7.1444e+02, 2.1305e+00
7.1470e+02, 2.3761e+00
7.1496e+02, 2.6673e+00
7.1521e+02, 3.0161e+00
7.1534e+02, 3.2170e+00
7.1547e+02, 3.4388e+00
7.1560e+02, 3.6849e+00
7.1572e+02, 3.9583e+00
7.1585e+02, 4.2637e+00
7.1598e+02, 4.6062e+00
7.1611e+02, 4.9923e+00
7.1623e+02, 5.4300e+00
7.1636e+02, 5.9288e+00
7.1649e+02, 6.5011e+00
7.1664e+02, 7.2760e+00
7.1679e+02, 8.2009e+00
7.1693e+02, 9.3172e+00
7.1708e+02, 1.0681e+01
7.1716e+02, 1.1479e+01
7.1723e+02, 1.2369e+01
7.1730e+02, 1.3366e+01
7.1738e+02, 1.4487e+01
7.1745e+02, 1.5750e+01
7.1753e+02, 1.7178e+01
7.1760e+02, 1.8795e+01
7.1767e+02, 2.0631e+01
7.1778e+02, 2.3760e+01
7.1789e+02, 2.7521e+01
7.1800e+02, 3.2028e+01
7.1810e+02, 3.7385e+01
7.1821e+02, 4.3674e+01
7.1832e+02, 5.0910e+01
7.1843e+02, 5.9044e+01
7.1853e+02, 6.7918e+01
7.1873e+02, 8.4558e+01
7.1892e+02, 1.0004e+02
7.1901e+02, 1.0635e+02
7.1911e+02, 1.1117e+02
7.1920e+02, 1.1420e+02
7.1930e+02, 1.1522e+02
7.1940e+02, 1.1401e+02
7.1951e+02, 1.1051e+02
7.1961e+02, 1.0500e+02
7.1971e+02, 9.7882e+01
7.1992e+02, 8.0819e+01
7.2012e+02, 6.3165e+01
7.2024e+02, 5.3882e+01
7.2036e+02, 4.5617e+01
7.2047e+02, 3.8486e+01
7.2059e+02, 3.2477e+01
7.2071e+02, 2.7498e+01
7.2083e+02, 2.3413e+01
7.2095e+02, 2.0079e+01
7.2106e+02, 1.7360e+01
7.2116e+02, 1.5570e+01
7.2125e+02, 1.4036e+01
7.2134e+02, 1.2714e+01
7.2143e+02, 1.1568e+01
7.2153e+02, 1.0569e+01
7.2162e+02, 9.6950e+00
7.2180e+02, 8.2449e+00
7.2199e+02, 7.0997e+00
7.2217e+02, 6.1808e+00
7.2236e+02, 5.4316e+00
7.2255e+02, 4.8127e+00
7.2273e+02, 4.2948e+00
7.2292e+02, 3.8572e+00
7.2310e+02, 3.4835e+00
7.2329e+02, 3.1619e+00
7.2347e+02, 2.8830e+00
7.2366e+02, 2.6397e+00
7.2384e+02, 2.4262e+00
7.2403e+02, 2.2378e+00
7.2440e+02, 1.9219e+00
7.2477e+02, 1.6692e+00
7.2514e+02, 1.4638e+00
7.2551e+02, 1.2951e+00
7.2586e+02, 1.1605e+00
7.2622e+02, 1.0462e+00
7.2657e+02, 9.4794e-01
7.2692e+02, 8.6296e-01
7.2728e+02, 7.8907e-01
7.2763e+02, 7.2451e-01
7.2834e+02, 6.1763e-01
7.2905e+02, 5.3341e-01
7.2975e+02, 4.6590e-01
7.3046e+02, 4.1096e-01
7.3117e+02, 3.6575e-01
7.3187e+02, 3.2844e-01
7.3258e+02, 2.9685e-01
7.3329e+02, 2.6977e-01
7.3400e+02, 2.4656e-01
7.3470e+02, 2.2660e-01
7.3541e+02, 2.0930e-01
7.3683e+02, 1.8102e-01
7.3824e+02, 1.5917e-01
7.3965e+02, 1.4205e-01
7.4107e+02, 1.2850e-01
7.4248e+02, 1.1771e-01
7.4397e+02, 1.0893e-01
7.4545e+02, 1.0187e-01
7.4693e+02, 9.6454e-02
7.4841e+02, 9.2228e-02
7.4989e+02, 8.9182e-02
7.5137e+02, 8.7271e-02
7.5286e+02, 8.6227e-02
7.5434e+02, 8.6054e-02
7.5649e+02, 8.7479e-02
7.5865e+02, 9.0896e-02
7.6080e+02, 9.6557e-02
7.6296e+02, 1.0492e-01
7.6512e+02, 1.1660e-01
7.6619e+02, 1.2402e-01
7.6727e+02, 1.3287e-01
7.6835e+02, 1.4331e-01
7.6943e+02, 1.5570e-01
7.7050e+02, 1.7045e-01
7.7158e+02, 1.8815e-01
7.7232e+02, 2.0241e-01
7.7306e+02, 2.1874e-01
7.7381e+02, 2.3750e-01
7.7455e+02, 2.5910e-01
7.7529e+02, 2.8403e-01
7.7566e+02, 2.9814e-01
7.7603e+02, 3.1345e-01
7.7640e+02, 3.3014e-01
7.7658e+02, 3.3904e-01
7.7677e+02, 3.4834e-01
7.7695e+02, 3.5807e-01
7.7714e+02, 3.6824e-01
7.7732e+02, 3.7888e-01
7.7751e+02, 3.9002e-01
7.7766e+02, 3.9953e-01
7.7781e+02, 4.0941e-01
7.7796e+02, 4.1970e-01
7.7812e+02, 4.3039e-01
7.7828e+02, 4.4217e-01
7.7844e+02, 4.5447e-01
7.7860e+02, 4.6732e-01
7.7876e+02, 4.8075e-01
7.7892e+02, 4.9480e-01
7.7908e+02, 5.0951e-01
7.7924e+02, 5.2492e-01
7.7940e+02, 5.4107e-01
7.7958e+02, 5.6077e-01
7.7977e+02, 5.8160e-01
7.7995e+02, 6.0367e-01
7.8014e+02, 6.2707e-01
7.8032e+02, 6.5192e-01
7.8051e+02, 6.7832e-01
7.8069e+02, 7.0642e-01
7.8088e+02, 7.3636e-01
7.8102e+02, 7.6089e-01
7.8116e+02, 7.8670e-01
7.8131e+02, 8.1390e-01
7.8145e+02, 8.4256e-01
7.8159e+02, 8.7283e-01
7.8174e+02, 9.0478e-01
7.8188e+02, 9.3855e-01
7.8202e+02, 9.7429e-01
7.8217e+02, 1.0122e+00
7.8231e+02, 1.0523e+00
7.8260e+02, 1.1403e+00
7.8288e+02, 1.2400e+00
7.8317e+02, 1.3537e+00
7.8345e+02, 1.4841e+00
7.8374e+02, 1.6345e+00
7.8388e+02, 1.7187e+00
7.8403e+02, 1.8094e+00
7.8417e+02, 1.9076e+00
7.8431e+02, 2.0141e+00
7.8446e+02, 2.1299e+00
7.8460e+02, 2.2560e+00
7.8474e+02, 2.3939e+00
7.8489e+02, 2.5448e+00
7.8503e+02, 2.7108e+00
7.8517e+02, 2.8938e+00
7.8532e+02, 3.0962e+00
7.8546e+02, 3.3209e+00
7.8564e+02, 3.6506e+00
7.8583e+02, 4.0324e+00
7.8601e+02, 4.4782e+00
7.8620e+02, 5.0028e+00
7.8638e+02, 5.6265e+00
7.8657e+02, 6.3750e+00
7.8675e+02, 7.2842e+00
7.8685e+02, 7.8137e+00
7.8694e+02, 8.4030e+00
7.8710e+02, 9.5897e+00
7.8718e+02, 1.0278e+01
7.8726e+02, 1.1043e+01
7.8734e+02, 1.1893e+01
7.8742e+02, 1.2841e+01
7.8750e+02, 1.3902e+01
7.8758e+02, 1.5089e+01
7.8766e+02, 1.6424e+01
7.8774e+02, 1.7925e+01
7.8782e+02, 1.9614e+01
7.8790e+02, 2.1515e+01
7.8798e+02, 2.3650e+01
7.8806e+02, 2.6045e+01
7.8814e+02, 2.8720e+01
7.8822e+02, 3.1690e+01
7.8832e+02, 3.5708e+01
7.8841e+02, 4.0181e+01
7.8851e+02, 4.5088e+01
7.8861e+02, 5.0373e+01
7.8899e+02, 7.2765e+01
7.8912e+02, 7.9095e+01
7.8925e+02, 8.4083e+01
7.8937e+02, 8.7277e+01
7.8950e+02, 8.8369e+01
7.8962e+02, 8.7337e+01
7.8974e+02, 8.4361e+01
7.8986e+02, 7.9705e+01
7.8999e+02, 7.3768e+01
7.9047e+02, 4.6019e+01
7.9062e+02, 3.8579e+01
7.9077e+02, 3.2172e+01
7.9091e+02, 2.6824e+01
7.9106e+02, 2.2454e+01
7.9121e+02, 1.8921e+01
7.9136e+02, 1.6078e+01
7.9151e+02, 1.3789e+01
7.9165e+02, 1.1935e+01
7.9178e+02, 1.0593e+01
7.9191e+02, 9.4618e+00
7.9204e+02, 8.5006e+00
7.9217e+02, 7.6786e+00
7.9230e+02, 6.9699e+00
7.9243e+02, 6.3552e+00
7.9256e+02, 5.8189e+00
7.9269e+02, 5.3485e+00
7.9295e+02, 4.5646e+00
7.9321e+02, 3.9422e+00
7.9347e+02, 3.4390e+00
7.9372e+02, 3.0264e+00
7.9395e+02, 2.7290e+00
7.9417e+02, 2.4736e+00
7.9439e+02, 2.2525e+00
7.9461e+02, 2.0600e+00
7.9483e+02, 1.8912e+00
7.9505e+02, 1.7426e+00
7.9550e+02, 1.4937e+00
7.9594e+02, 1.2950e+00
7.9639e+02, 1.1340e+00
7.9683e+02, 1.0020e+00
7.9727e+02, 8.9185e-01
7.9772e+02, 7.9871e-01
7.9816e+02, 7.1944e-01
7.9860e+02, 6.5151e-01
7.9905e+02, 5.9289e-01
7.9949e+02, 5.4194e-01
7.9993e+02, 4.9738e-01
8.0082e+02, 4.2353e-01
8.0171e+02, 3.6525e-01
8.0260e+02, 3.1849e-01
8.0348e+02, 2.8079e-01
8.0437e+02, 2.4931e-01
8.0526e+02, 2.2288e-01
8.0614e+02, 2.0056e-01
8.0703e+02, 1.8154e-01
8.0792e+02, 1.6522e-01
8.0881e+02, 1.5112e-01
8.0969e+02, 1.3884e-01
8.1058e+02, 1.2808e-01
8.1147e+02, 1.1860e-01
8.1324e+02, 1.0277e-01
8.1502e+02, 9.0148e-02
8.1679e+02, 8.0126e-02
8.1857e+02, 7.1697e-02
8.2123e+02, 6.1763e-02
8.2389e+02, 5.4188e-02
8.2655e+02, 4.8345e-02
8.2921e+02, 4.3833e-02
8.3187e+02, 4.0397e-02
8.3453e+02, 3.7887e-02
8.3720e+02, 3.6237e-02
8.3986e+02, 3.5465e-02
8.4171e+02, 3.5515e-02
8.4355e+02, 3.6135e-02
8.4540e+02, 3.7312e-02
8.4725e+02, 3.9470e-02
8.4910e+02, 4.2871e-02
8.5002e+02, 4.5209e-02
8.5095e+02, 4.8105e-02
8.5187e+02, 5.1703e-02
8.5280e+02, 5.6202e-02
8.5372e+02, 6.1845e-02
8.5464e+02, 6.8954e-02
8.5535e+02, 7.5814e-02
8.5605e+02, 8.4279e-02
8.5675e+02, 9.4845e-02
8.5745e+02, 1.0824e-01
8.5816e+02, 1.2554e-01
8.5851e+02, 1.3612e-01
8.5886e+02, 1.4832e-01
8.5921e+02, 1.6247e-01
8.5956e+02, 1.7905e-01
8.5991e+02, 1.9872e-01
8.6026e+02, 2.2230e-01
8.6060e+02, 2.4924e-01
8.6093e+02, 2.8191e-01
8.6126e+02, 3.2207e-01
8.6159e+02, 3.7217e-01
8.6193e+02, 4.3581e-01
8.6209e+02, 4.7433e-01
8.6226e+02, 5.1850e-01
8.6243e+02, 5.6960e-01
8.6259e+02, 6.2913e-01
8.6276e+02, 6.9923e-01
8.6292e+02, 7.8257e-01
8.6309e+02, 8.8302e-01
8.6326e+02, 1.0058e+00
8.6342e+02, 1.1588e+00
8.6351e+02, 1.2503e+00
8.6359e+02, 1.3545e+00
8.6367e+02, 1.4745e+00
8.6376e+02, 1.6144e+00
8.6384e+02, 1.7796e+00
8.6388e+02, 1.8741e+00
8.6392e+02, 1.9778e+00
8.6396e+02, 2.0928e+00
8.6401e+02, 2.2206e+00
8.6405e+02, 2.3633e+00
8.6409e+02, 2.5235e+00
8.6413e+02, 2.7041e+00
8.6417e+02, 2.9088e+00
8.6421e+02, 3.1417e+00
8.6424e+02, 3.2703e+00
8.6426e+02, 3.4071e+00
8.6428e+02, 3.5889e+00
8.6431e+02, 3.7860e+00
8.6433e+02, 4.0006e+00
8.6436e+02, 4.2344e+00
8.6438e+02, 4.4895e+00
8.6441e+02, 4.7678e+00
8.6443e+02, 5.0716e+00
8.6446e+02, 5.4032e+00
8.6450e+02, 5.9772e+00
8.6454e+02, 6.6343e+00
8.6458e+02, 7.3859e+00
8.6462e+02, 8.2419e+00
8.6466e+02, 9.2200e+00
8.6469e+02, 1.0332e+01
8.6473e+02, 1.1593e+01
8.6477e+02, 1.3013e+01
8.6482e+02, 1.4922e+01
8.6487e+02, 1.7098e+01
8.6491e+02, 1.9570e+01
8.6496e+02, 2.2359e+01
8.6500e+02, 2.5481e+01
8.6505e+02, 2.8952e+01
8.6510e+02, 3.2777e+01
8.6514e+02, 3.6958e+01
8.6522e+02, 4.4858e+01
8.6530e+02, 5.3640e+01
8.6538e+02, 6.3126e+01
8.6546e+02, 7.3005e+01
8.6556e+02, 8.5779e+01
8.6566e+02, 9.7613e+01
8.6576e+02, 1.0749e+02
8.6586e+02, 1.1445e+02
8.6593e+02, 1.1712e+02
8.6600e+02, 1.1801e+02
8.6601e+02, 1.1797e+02
8.6606e+02, 1.1739e+02
8.6610e+02, 1.1614e+02
8.6618e+02, 1.1175e+02
8.6629e+02, 1.0283e+02
8.6640e+02, 9.1186e+01
8.6659e+02, 6.7604e+01
8.6668e+02, 5.5971e+01
8.6677e+02, 4.5259e+01
8.6686e+02, 3.6988e+01
8.6694e+02, 2.9806e+01
8.6698e+02, 2.6631e+01
8.6702e+02, 2.3740e+01
8.6706e+02, 2.1118e+01
8.6710e+02, 1.8753e+01
8.6714e+02, 1.6626e+01
8.6719e+02, 1.4734e+01
8.6723e+02, 1.3054e+01
8.6727e+02, 1.1569e+01
8.6731e+02, 1.0258e+01
8.6735e+02, 9.1109e+00
8.6739e+02, 8.1078e+00
8.6743e+02, 7.2328e+00
8.6747e+02, 6.5796e+00
8.6750e+02, 6.0012e+00
8.6754e+02, 5.4877e+00
8.6757e+02, 5.0322e+00
8.6764e+02, 4.2693e+00
8.6771e+02, 3.6671e+00
8.6778e+02, 3.1885e+00
8.6785e+02, 2.8061e+00
8.6792e+02, 2.4967e+00
8.6799e+02, 2.2432e+00
8.6806e+02, 2.0325e+00
8.6813e+02, 1.8555e+00
8.6819e+02, 1.7045e+00
8.6826e+02, 1.5741e+00
8.6840e+02, 1.3601e+00
8.6854e+02, 1.1915e+00
8.6868e+02, 1.0549e+00
8.6882e+02, 9.4206e-01
8.6896e+02, 8.4743e-01
8.6910e+02, 7.6712e-01
8.6924e+02, 6.9817e-01
8.6938e+02, 6.3852e-01
8.6951e+02, 5.8647e-01
8.6965e+02, 5.4081e-01
8.6993e+02, 4.6463e-01
8.7021e+02, 4.0406e-01
8.7049e+02, 3.5507e-01
8.7076e+02, 3.1487e-01
8.7103e+02, 2.8283e-01
8.7129e+02, 2.5566e-01
8.7156e+02, 2.3239e-01
8.7182e+02, 2.1229e-01
8.7209e+02, 1.9480e-01
8.7235e+02, 1.7950e-01
8.7288e+02, 1.5416e-01
8.7341e+02, 1.3416e-01
8.7394e+02, 1.1810e-01
8.7448e+02, 1.0503e-01
8.7501e+02, 9.4283e-02
8.7556e+02, 8.4915e-02
8.7612e+02, 7.7009e-02
8.7667e+02, 7.0303e-02
8.7723e+02, 6.4589e-02
8.7834e+02, 5.5455e-02
8.7945e+02, 4.8593e-02
8.8056e+02, 4.3377e-02
8.8167e+02, 3.9422e-02
8.8278e+02, 3.6509e-02
8.8389e+02, 3.4558e-02
8.8470e+02, 3.3783e-02
8.8551e+02, 3.3668e-02
8.8647e+02, 3.4700e-02
8.8743e+02, 3.7981e-02
8.8791e+02, 4.1142e-02
8.8839e+02, 4.6103e-02
8.8887e+02, 5.4228e-02
8.8911e+02, 6.0312e-02
8.8935e+02, 6.8629e-02
8.8953e+02, 7.7708e-02
8.8972e+02, 9.0786e-02
8.8991e+02, 1.1248e-01
8.9001e+02, 1.3007e-01
8.9010e+02, 1.5609e-01
8.9020e+02, 1.9605e-01
8.9029e+02, 2.5859e-01
8.9034e+02, 3.0233e-01
8.9039e+02, 3.5705e-01
8.9043e+02, 4.2548e-01
8.9048e+02, 5.1075e-01
8.9053e+02, 6.1677e-01
8.9058e+02, 7.4729e-01
8.9062e+02, 9.0769e-01
8.9067e+02, 1.1026e+00
8.9072e+02, 1.3387e+00
8.9077e+02, 1.6213e+00
8.9081e+02, 1.9573e+00
8.9086e+02, 2.3535e+00
8.9090e+02, 2.7518e+00
8.9094e+02, 3.2033e+00
8.9098e+02, 3.7129e+00
8.9102e+02, 4.2837e+00
8.9107e+02, 4.9198e+00
8.9111e+02, 5.6199e+00
8.9115e+02, 6.3859e+00
8.9119e+02, 7.2172e+00
8.9127e+02, 9.0683e+00
8.9135e+02, 1.1133e+01
8.9152e+02, 1.5631e+01
8.9163e+02, 1.8683e+01
8.9174e+02, 2.1299e+01
8.9181e+02, 2.2443e+01
8.9187e+02, 2.3303e+01
8.9193e+02, 2.3804e+01
8.9196e+02, 2.3957e+01
8.9197e+02, 2.4011e+01
8.9200e+02, 2.4039e+01
8.9201e+02, 2.4033e+01
8.9205e+02, 2.3932e+01
8.9210e+02, 2.3581e+01
8.9219e+02, 2.2525e+01
8.9227e+02, 2.1079e+01
8.9235e+02, 1.9277e+01
8.9256e+02, 1.3591e+01
8.9266e+02, 1.0749e+01
8.9277e+02, 8.1811e+00
8.9283e+02, 6.8996e+00
8.9289e+02, 5.7540e+00
8.9295e+02, 4.7460e+00
8.9300e+02, 3.8737e+00
8.9306e+02, 3.1307e+00
8.9309e+02, 2.8044e+00
8.9312e+02, 2.5077e+00
8.9315e+02, 2.2371e+00
8.9318e+02, 1.9929e+00
8.9321e+02, 1.7717e+00
8.9324e+02, 1.5734e+00
8.9327e+02, 1.3951e+00
8.9330e+02, 1.2363e+00
8.9333e+02, 1.0944e+00
8.9336e+02, 9.6877e-01
8.9342e+02, 7.5897e-01
8.9348e+02, 5.9622e-01
8.9354e+02, 4.7119e-01
8.9360e+02, 3.7591e-01
8.9366e+02, 3.0376e-01
8.9372e+02, 2.4935e-01
8.9378e+02, 2.0448e-01
8.9385e+02, 1.7166e-01
8.9398e+02, 1.2942e-01
8.9411e+02, 1.0506e-01
8.9424e+02, 8.9686e-02
8.9451e+02, 7.0948e-02
8.9477e+02, 5.9291e-02
8.9503e+02, 5.1103e-02
8.9530e+02, 4.5031e-02
8.9583e+02, 3.6703e-02
8.9633e+02, 3.1539e-02
8.9683e+02, 2.7890e-02
8.9783e+02, 2.3145e-02
8.9883e+02, 2.0214e-02
8.9983e+02, 1.8192e-02
9.0184e+02, 1.5593e-02
9.0384e+02, 1.3959e-02
9.0690e+02, 1.2283e-02
9.0995e+02, 1.1154e-02
9.1301e+02, 1.0279e-02
9.1607e+02, 9.5920e-03
9.2219e+02, 8.6049e-03
9.2830e+02, 7.8560e-03
9.3442e+02, 7.2983e-03
9.4053e+02, 6.8733e-03
9.4665e+02, 6.5477e-03
9.5276e+02, 6.3017e-03
9.6289e+02, 6.0393e-03
9.7301e+02, 5.9096e-03
9.8650e+02, 5.9472e-03
1.0000e+03, 6.2325e-03
1.0068e+03, 6.4926e-03
1.0136e+03, 6.8520e-03
1.0204e+03, 7.3352e-03
1.0272e+03, 7.9810e-03
1.0340e+03, 8.8505e-03
1.0408e+03, 1.0041e-02
1.0442e+03, 1.0785e-02
1.0476e+03, 1.1703e-02
1.0510e+03, 1.2819e-02
1.0544e+03, 1.4198e-02
1.0572e+03, 1.5613e-02
1.0601e+03, 1.7348e-02
1.0629e+03, 1.9514e-02
1.0657e+03, 2.2267e-02
1.0686e+03, 2.5769e-02
1.0714e+03, 3.0518e-02
1.0728e+03, 3.3522e-02
1.0742e+03, 3.7086e-02
1.0756e+03, 4.1370e-02
1.0771e+03, 4.6577e-02
1.0783e+03, 5.2070e-02
1.0795e+03, 5.8733e-02
1.0807e+03, 6.6805e-02
1.0820e+03, 7.7042e-02
1.0832e+03, 9.0141e-02
1.0838e+03, 9.8101e-02
1.0844e+03, 1.0726e-01
1.0850e+03, 1.1786e-01
1.0857e+03, 1.3024e-01
1.0863e+03, 1.4482e-01
1.0869e+03, 1.6209e-01
1.0874e+03, 1.7849e-01
1.0879e+03, 1.9760e-01
1.0884e+03, 2.2020e-01
1.0889e+03, 2.4714e-01
1.0894e+03, 2.7966e-01
1.0899e+03, 3.1928e-01
1.0901e+03, 3.4242e-01
1.0904e+03, 3.6825e-01
1.0906e+03, 3.9722e-01
1.0908e+03, 4.2974e-01
1.0910e+03, 4.5749e-01
1.0912e+03, 4.8812e-01
1.0914e+03, 5.2204e-01
1.0916e+03, 5.5975e-01
1.0916e+03, 5.6484e-01
1.0917e+03, 5.7898e-01
1.0918e+03, 5.9368e-01
1.0919e+03, 6.2486e-01
1.0920e+03, 6.5864e-01
1.0921e+03, 6.9533e-01
1.0923e+03, 7.3526e-01
1.0924e+03, 7.7849e-01
1.0925e+03, 8.2615e-01
1.0927e+03, 8.7847e-01
1.0927e+03, 9.0657e-01
1.0928e+03, 9.3609e-01
1.0929e+03, 9.6712e-01
1.0929e+03, 9.9925e-01
1.0930e+03, 1.0336e+00
1.0931e+03, 1.0698e+00
1.0931e+03, 1.1081e+00
1.0932e+03, 1.1484e+00
1.0933e+03, 1.1912e+00
1.0933e+03, 1.2364e+00
1.0934e+03, 1.3353e+00
1.0936e+03, 1.4472e+00
1.0937e+03, 1.5744e+00
1.0938e+03, 1.6447e+00
1.0938e+03, 1.7201e+00
1.0939e+03, 1.8011e+00
1.0940e+03, 1.8869e+00
1.0940e+03, 1.9809e+00
1.0941e+03, 2.0826e+00
1.0942e+03, 2.1929e+00
1.0942e+03, 2.3130e+00
1.0943e+03, 2.4440e+00
1.0944e+03, 2.5874e+00
1.0944e+03, 2.7452e+00
1.0945e+03, 2.9192e+00
1.0945e+03, 3.1121e+00
1.0946e+03, 3.3269e+00
1.0947e+03, 3.5671e+00
1.0947e+03, 3.8371e+00
1.0948e+03, 4.1420e+00
1.0949e+03, 4.4880e+00
1.0949e+03, 4.8823e+00
1.0950e+03, 5.3263e+00
1.0951e+03, 5.7510e+00
1.0951e+03, 6.2192e+00
1.0952e+03, 6.7455e+00
1.0952e+03, 7.3378e+00
1.0953e+03, 8.0047e+00
1.0953e+03, 8.7558e+00
1.0954e+03, 9.6014e+00
1.0954e+03, 1.0552e+01
1.0955e+03, 1.1620e+01
1.0955e+03, 1.2816e+01
1.0956e+03, 1.4153e+01
1.0956e+03, 1.5641e+01
1.0957e+03, 1.7291e+01
1.0957e+03, 1.9113e+01
1.0958e+03, 2.1116e+01
1.0959e+03, 2.3304e+01
1.0959e+03, 2.6244e+01
1.0960e+03, 2.9465e+01
1.0961e+03, 3.6695e+01
1.0962e+03, 4.4768e+01
1.0964e+03, 5.3268e+01
1.0965e+03, 6.1536e+01
1.0966e+03, 6.8935e+01
1.0968e+03, 7.4744e+01
1.0969e+03, 7.8342e+01
1.0970e+03, 7.9349e+01
1.0971e+03, 7.8360e+01
1.0972e+03, 7.5530e+01
1.0973e+03, 7.1038e+01
1.0974e+03, 6.5309e+01
1.0976e+03, 5.6992e+01
1.0977e+03, 4.8162e+01
1.0978e+03, 3.9553e+01
1.0980e+03, 3.1712e+01
1.0981e+03, 2.6503e+01
1.0982e+03, 2.2022e+01
1.0983e+03, 1.8217e+01
1.0984e+03, 1.5050e+01
1.0985e+03, 1.2433e+01
1.0985e+03, 1.1320e+01
1.0986e+03, 1.0340e+01
1.0987e+03, 8.6621e+00
1.0988e+03, 7.3226e+00
1.0989e+03, 6.3302e+00
1.0990e+03, 5.5220e+00
1.0991e+03, 4.8605e+00
1.0992e+03, 4.3151e+00
1.0992e+03, 3.8614e+00
1.0993e+03, 3.4805e+00
1.0994e+03, 3.1575e+00
1.0995e+03, 2.8837e+00
1.0996e+03, 2.6444e+00
1.0997e+03, 2.4358e+00
1.0999e+03, 2.0925e+00
1.1001e+03, 1.8194e+00
1.1003e+03, 1.5999e+00
1.1005e+03, 1.4186e+00
1.1006e+03, 1.2675e+00
1.1008e+03, 1.1401e+00
1.1010e+03, 1.0320e+00
1.1012e+03, 9.3850e-01
1.1014e+03, 8.5786e-01
1.1016e+03, 7.8709e-01
1.1018e+03, 7.2526e-01
1.1021e+03, 6.2188e-01
1.1025e+03, 5.3971e-01
1.1029e+03, 4.7335e-01
1.1032e+03, 4.1898e-01
1.1036e+03, 3.7368e-01
1.1040e+03, 3.3564e-01
1.1044e+03, 3.0329e-01
1.1047e+03, 2.7555e-01
1.1051e+03, 2.5163e-01
1.1055e+03, 2.3085e-01
1.1058e+03, 2.1271e-01
1.1062e+03, 1.9677e-01
1.1069e+03, 1.7019e-01
1.1077e+03, 1.4908e-01
1.1084e+03, 1.3207e-01
1.1092e+03, 1.1825e-01
1.1101e+03, 1.0493e-01
1.1109e+03, 9.4049e-02
1.1118e+03, 8.5122e-02
1.1127e+03, 7.7741e-02
1.1136e+03, 7.1590e-02
1.1144e+03, 6.6430e-02
1.1153e+03, 6.2079e-02
1.1162e+03, 5.8397e-02
1.1179e+03, 5.2624e-02
1.1197e+03, 4.8601e-02
1.1215e+03, 4.5642e-02
1.1232e+03, 4.3665e-02
1.1254e+03, 4.2316e-02
1.1275e+03, 4.1975e-02
1.1300e+03, 4.2677e-02
1.1324e+03, 4.4513e-02
1.1348e+03, 4.7564e-02
1.1372e+03, 5.2030e-02
1.1385e+03, 5.4867e-02
1.1397e+03, 5.8271e-02
1.1409e+03, 6.2222e-02
1.1421e+03, 6.6857e-02
1.1433e+03, 7.2192e-02
1.1445e+03, 7.8630e-02
1.1457e+03, 8.6299e-02
1.1470e+03, 9.5471e-02
1.1481e+03, 1.0555e-01
1.1492e+03, 1.1762e-01
1.1503e+03, 1.3224e-01
1.1514e+03, 1.5016e-01
1.1525e+03, 1.7245e-01
1.1536e+03, 2.0056e-01
1.1542e+03, 2.1734e-01
1.1548e+03, 2.3629e-01
1.1553e+03, 2.5814e-01
1.1556e+03, 2.7032e-01
1.1559e+03, 2.8345e-01
1.1561e+03, 2.9349e-01
1.1563e+03, 3.0404e-01
1.1565e+03, 3.1525e-01
1.1567e+03, 3.2706e-01
1.1569e+03, 3.3963e-01
1.1571e+03, 3.5291e-01
1.1573e+03, 3.6700e-01
1.1575e+03, 3.8200e-01
1.1577e+03, 4.0191e-01
1.1579e+03, 4.2338e-01
1.1582e+03, 4.4668e-01
1.1583e+03, 4.5909e-01
1.1584e+03, 4.7203e-01
1.1586e+03, 4.9287e-01
1.1588e+03, 5.1503e-01
1.1590e+03, 5.3890e-01
1.1592e+03, 5.6437e-01
1.1594e+03, 5.9189e-01
1.1595e+03, 6.2136e-01
1.1597e+03, 6.5332e-01
1.1599e+03, 6.8768e-01
1.1601e+03, 7.2509e-01
1.1603e+03, 7.6572e-01
1.1605e+03, 8.0993e-01
1.1607e+03, 8.5790e-01
1.1608e+03, 9.1066e-01
1.1610e+03, 9.6821e-01
1.1612e+03, 1.0319e+00
1.1614e+03, 1.1018e+00
1.1616e+03, 1.1796e+00
1.1618e+03, 1.2656e+00
1.1620e+03, 1.3622e+00
1.1621e+03, 1.4699e+00
1.1623e+03, 1.5919e+00
1.1625e+03, 1.7292e+00
1.1627e+03, 1.8864e+00
1.1629e+03, 2.0656e+00
1.1631e+03, 2.2733e+00
1.1633e+03, 2.5135e+00
1.1634e+03, 2.7965e+00
1.1636e+03, 3.1297e+00
1.1638e+03, 3.5303e+00
1.1639e+03, 3.7609e+00
1.1640e+03, 4.0126e+00
1.1641e+03, 4.2943e+00
1.1642e+03, 4.6076e+00
1.1643e+03, 4.9573e+00
1.1644e+03, 5.3448e+00
1.1645e+03, 6.0938e+00
1.1646e+03, 6.5290e+00
1.1647e+03, 7.0121e+00
1.1647e+03, 7.5497e+00
1.1648e+03, 8.1494e+00
1.1649e+03, 8.8195e+00
1.1650e+03, 9.5694e+00
1.1650e+03, 1.0409e+01
1.1651e+03, 1.1351e+01
1.1652e+03, 1.2405e+01
1.1653e+03, 1.3584e+01
1.1654e+03, 1.4902e+01
1.1654e+03, 1.6369e+01
1.1655e+03, 1.7996e+01
1.1656e+03, 1.9768e+01
1.1657e+03, 2.2202e+01
1.1658e+03, 2.4903e+01
1.1659e+03, 2.7862e+01
1.1660e+03, 3.1022e+01
1.1661e+03, 3.7952e+01
1.1663e+03, 4.5113e+01
1.1665e+03, 5.1286e+01
1.1667e+03, 5.6341e+01
1.1668e+03, 5.9679e+01
1.1670e+03, 6.0842e+01
1.1671e+03, 6.0593e+01
1.1672e+03, 5.9233e+01
1.1673e+03, 5.6785e+01
1.1674e+03, 5.3422e+01
1.1676e+03, 4.9372e+01
1.1680e+03, 3.1097e+01
1.1682e+03, 2.6308e+01
1.1683e+03, 2.2125e+01
1.1685e+03, 1.8527e+01
1.1686e+03, 1.5544e+01
1.1688e+03, 1.3076e+01
1.1689e+03, 1.1083e+01
1.1690e+03, 9.4686e+00
1.1692e+03, 8.1600e+00
1.1693e+03, 7.2403e+00
1.1694e+03, 6.4647e+00
1.1695e+03, 5.8067e+00
1.1697e+03, 5.2491e+00
1.1698e+03, 4.7654e+00
1.1699e+03, 4.3500e+00
1.1700e+03, 3.9849e+00
1.1701e+03, 3.6673e+00
1.1704e+03, 3.1348e+00
1.1706e+03, 2.7145e+00
1.1709e+03, 2.3753e+00
1.1711e+03, 2.0975e+00
1.1713e+03, 1.8659e+00
1.1716e+03, 1.6723e+00
1.1718e+03, 1.5079e+00
1.1720e+03, 1.3671e+00
1.1723e+03, 1.2451e+00
1.1725e+03, 1.1395e+00
1.1728e+03, 1.0472e+00
1.1730e+03, 9.6614e-01
1.1735e+03, 8.3064e-01
1.1740e+03, 7.2324e-01
1.1744e+03, 6.3648e-01
1.1749e+03, 5.6588e-01
1.1753e+03, 5.1487e-01
1.1757e+03, 4.7142e-01
1.1762e+03, 4.3397e-01
1.1766e+03, 4.0157e-01
1.1770e+03, 3.7343e-01
1.1774e+03, 3.4910e-01
1.1782e+03, 3.0972e-01
1.1791e+03, 2.8039e-01
1.1799e+03, 2.5936e-01
1.1807e+03, 2.4562e-01
1.1815e+03, 2.3897e-01
1.1821e+03, 2.3887e-01
1.1827e+03, 2.4318e-01
1.1833e+03, 2.5279e-01
1.1839e+03, 2.6929e-01
1.1842e+03, 2.8100e-01
1.1845e+03, 2.9565e-01
1.1848e+03, 3.1389e-01
1.1851e+03, 3.3648e-01
1.1853e+03, 3.6475e-01
1.1856e+03, 4.0011e-01
1.1859e+03, 4.4520e-01
1.1862e+03, 5.0322e-01
1.1865e+03, 5.6109e-01
1.1867e+03, 6.3376e-01
1.1869e+03, 7.2784e-01
1.1870e+03, 7.8539e-01
1.1871e+03, 8.5232e-01
1.1873e+03, 9.3195e-01
1.1874e+03, 1.0265e+00
1.1875e+03, 1.1422e+00
1.1876e+03, 1.2870e+00
1.1877e+03, 1.4736e+00
1.1878e+03, 1.5882e+00
1.1878e+03, 1.7211e+00
1.1879e+03, 1.8762e+00
1.1879e+03, 2.0583e+00
1.1880e+03, 2.2733e+00
1.1881e+03, 2.5280e+00
1.1881e+03, 2.7738e+00
1.1881e+03, 3.0512e+00
1.1882e+03, 3.3708e+00
1.1882e+03, 3.7388e+00
1.1883e+03, 4.1725e+00
1.1883e+03, 4.6613e+00
1.1884e+03, 5.2224e+00
1.1884e+03, 5.8652e+00
1.1885e+03, 6.6165e+00
1.1885e+03, 7.4549e+00
1.1886e+03, 8.4062e+00
1.1886e+03, 9.4813e+00
1.1887e+03, 1.0719e+01
1.1887e+03, 1.2077e+01
1.1887e+03, 1.3591e+01
1.1888e+03, 1.5269e+01
1.1888e+03, 1.7502e+01
1.1889e+03, 1.9942e+01
1.1890e+03, 2.3265e+01
1.1890e+03, 2.6901e+01
1.1891e+03, 3.0882e+01
1.1892e+03, 3.5177e+01
1.1893e+03, 4.3759e+01
1.1894e+03, 5.2719e+01
1.1895e+03, 6.1592e+01
1.1896e+03, 6.9516e+01
1.1897e+03, 7.3782e+01
1.1898e+03, 7.7220e+01
1.1899e+03, 7.9606e+01
1.1899e+03, 8.0997e+01
1.1900e+03, 8.1354e+01
1.1900e+03, 8.1328e+01
1.1901e+03, 8.0978e+01
1.1901e+03, 8.0228e+01
1.1902e+03, 7.7580e+01
1.1903e+03, 7.2321e+01
1.1904e+03, 6.5438e+01
1.1906e+03, 5.2379e+01
1.1908e+03, 3.9062e+01
1.1909e+03, 3.3330e+01
1.1909e+03, 2.8128e+01
1.1910e+03, 2.3406e+01
1.1911e+03, 1.9316e+01
1.1912e+03, 1.5760e+01
1.1913e+03, 1.2802e+01
1.1913e+03, 1.1516e+01
1.1914e+03, 1.0350e+01
1.1914e+03, 9.2973e+00
1.1914e+03, 8.3502e+00
1.1915e+03, 7.4814e+00
1.1915e+03, 6.7244e+00
1.1916e+03, 6.0496e+00
1.1916e+03, 5.4497e+00
1.1916e+03, 4.9054e+00
1.1917e+03, 4.4357e+00
1.1917e+03, 4.0205e+00
1.1918e+03, 3.6540e+00
1.1918e+03, 3.3233e+00
1.1919e+03, 3.0390e+00
1.1919e+03, 2.7883e+00
1.1919e+03, 2.5672e+00
1.1920e+03, 2.1991e+00
1.1921e+03, 1.9102e+00
1.1922e+03, 1.6788e+00
1.1923e+03, 1.4957e+00
1.1923e+03, 1.3467e+00
1.1924e+03, 1.2237e+00
1.1925e+03, 1.1194e+00
1.1926e+03, 1.0318e+00
1.1927e+03, 9.5627e-01
1.1928e+03, 8.9038e-01
1.1929e+03, 7.8013e-01
1.1931e+03, 6.9192e-01
1.1933e+03, 6.1966e-01
1.1934e+03, 5.5973e-01
1.1936e+03, 5.0874e-01
1.1937e+03, 4.6538e-01
1.1939e+03, 4.2772e-01
1.1941e+03, 3.9513e-01
1.1944e+03, 3.4119e-01
1.1947e+03, 2.9877e-01
1.1951e+03, 2.6475e-01
1.1954e+03, 2.3698e-01
1.1958e+03, 2.1012e-01
1.1962e+03, 1.8823e-01
1.1966e+03, 1.7008e-01
1.1969e+03, 1.5483e-01
1.1973e+03, 1.4188e-01
1.1977e+03, 1.3079e-01
1.1985e+03, 1.1284e-01
1.1993e+03, 9.9033e-02
1.2001e+03, 8.8165e-02
1.2008e+03, 7.9320e-02
1.2016e+03, 7.1995e-02
1.2026e+03, 6.4592e-02
1.2035e+03, 5.8534e-02
1.2045e+03, 5.3492e-02
1.2054e+03, 4.9238e-02
1.2074e+03, 4.2486e-02
1.2093e+03, 3.7354e-02
1.2112e+03, 3.3291e-02
1.2131e+03, 3.0032e-02
1.2150e+03, 2.7365e-02
1.2169e+03, 2.5150e-02
1.2191e+03, 2.3073e-02
1.2212e+03, 2.1370e-02
1.2256e+03, 1.8686e-02
1.2299e+03, 1.6730e-02
1.2342e+03, 1.5292e-02
1.2385e+03, 1.4243e-02
1.2428e+03, 1.3505e-02
1.2471e+03, 1.3031e-02
1.2514e+03, 1.2799e-02
1.2555e+03, 1.2797e-02
1.2596e+03, 1.3015e-02
1.2636e+03, 1.3483e-02
1.2677e+03, 1.4255e-02
1.2718e+03, 1.5423e-02
1.2758e+03, 1.7076e-02
1.2799e+03, 1.9552e-02
1.2819e+03, 2.1211e-02
1.2840e+03, 2.3258e-02
1.2858e+03, 2.5477e-02
1.2876e+03, 2.8202e-02
1.2894e+03, 3.1591e-02
1.2912e+03, 3.5851e-02
1.2930e+03, 4.1251e-02
1.2947e+03, 4.8422e-02
1.2956e+03, 5.2880e-02
1.2965e+03, 5.8095e-02
1.2974e+03, 6.4247e-02
1.2983e+03, 7.1566e-02
1.2992e+03, 7.9743e-02
1.3000e+03, 8.9567e-02
1.3009e+03, 1.0145e-01
1.3017e+03, 1.1603e-01
1.3025e+03, 1.3438e-01
1.3034e+03, 1.5786e-01
1.3038e+03, 1.7212e-01
1.3042e+03, 1.8850e-01
1.3046e+03, 2.0746e-01
1.3050e+03, 2.2956e-01
1.3055e+03, 2.5562e-01
1.3059e+03, 2.8647e-01
1.3063e+03, 3.2342e-01
1.3067e+03, 3.6820e-01
1.3071e+03, 4.2327e-01
1.3073e+03, 4.5581e-01
1.3076e+03, 4.9222e-01
1.3078e+03, 5.3354e-01
1.3080e+03, 5.8025e-01
1.3082e+03, 6.3388e-01
1.3083e+03, 6.6364e-01
1.3084e+03, 6.9530e-01
1.3086e+03, 7.5305e-01
1.3087e+03, 7.8477e-01
1.3087e+03, 8.1862e-01
1.3088e+03, 8.5089e-01
1.3089e+03, 8.8518e-01
1.3090e+03, 9.2167e-01
1.3090e+03, 9.6004e-01
1.3091e+03, 1.0015e+00
1.3092e+03, 1.0453e+00
1.3093e+03, 1.0927e+00
1.3094e+03, 1.1430e+00
1.3095e+03, 1.2133e+00
1.3095e+03, 1.2899e+00
1.3096e+03, 1.3754e+00
1.3097e+03, 1.4692e+00
1.3098e+03, 1.5748e+00
1.3099e+03, 1.6919e+00
1.3100e+03, 1.8238e+00
1.3101e+03, 1.9734e+00
1.3102e+03, 2.1182e+00
1.3103e+03, 2.2793e+00
1.3104e+03, 2.4618e+00
1.3105e+03, 2.6699e+00
1.3105e+03, 2.9089e+00
1.3106e+03, 3.1853e+00
1.3107e+03, 3.5073e+00
1.3108e+03, 3.8848e+00
1.3108e+03, 4.1035e+00
1.3109e+03, 4.3358e+00
1.3109e+03, 4.5888e+00
1.3110e+03, 4.8644e+00
1.3110e+03, 5.1726e+00
1.3110e+03, 5.5013e+00
1.3111e+03, 5.8602e+00
1.3111e+03, 6.2520e+00
1.3112e+03, 6.6908e+00
1.3112e+03, 7.1589e+00
1.3112e+03, 7.6698e+00
1.3113e+03, 8.2269e+00
1.3114e+03, 9.4943e+00
1.3114e+03, 1.0991e+01
1.3115e+03, 1.2771e+01
1.3116e+03, 1.4819e+01
1.3117e+03, 1.7208e+01
1.3118e+03, 1.9899e+01
1.3119e+03, 2.2964e+01
1.3119e+03, 2.6322e+01
1.3120e+03, 2.9985e+01
1.3121e+03, 3.3911e+01
1.3123e+03, 4.4640e+01
1.3125e+03, 5.5084e+01
1.3126e+03, 5.9431e+01
1.3127e+03, 6.2971e+01
1.3128e+03, 6.5553e+01
1.3129e+03, 6.7027e+01
1.3130e+03, 6.7349e+01
1.3130e+03, 6.7264e+01
1.3132e+03, 6.5835e+01
1.3133e+03, 6.2763e+01
1.3134e+03, 5.8309e+01
1.3135e+03, 5.2881e+01
1.3138e+03, 4.0336e+01
1.3139e+03, 3.4085e+01
1.3140e+03, 2.8323e+01
1.3141e+03, 2.3147e+01
1.3143e+03, 1.8701e+01
1.3143e+03, 1.6745e+01
1.3144e+03, 1.5002e+01
1.3144e+03, 1.3433e+01
1.3145e+03, 1.2027e+01
1.3146e+03, 1.0755e+01
1.3146e+03, 9.6459e+00
1.3147e+03, 8.6655e+00
1.3147e+03, 7.8013e+00
1.3148e+03, 7.0297e+00
1.3149e+03, 6.3638e+00
1.3149e+03, 5.7795e+00
1.3150e+03, 5.2667e+00
1.3150e+03, 4.8304e+00
1.3151e+03, 4.4451e+00
1.3152e+03, 3.8070e+00
1.3153e+03, 3.3019e+00
1.3155e+03, 2.8969e+00
1.3156e+03, 2.5677e+00
1.3157e+03, 2.2962e+00
1.3158e+03, 2.0692e+00
1.3159e+03, 1.8769e+00
1.3160e+03, 1.7122e+00
1.3162e+03, 1.5697e+00
1.3163e+03, 1.4453e+00
1.3164e+03, 1.3359e+00
1.3166e+03, 1.1530e+00
1.3169e+03, 1.0067e+00
1.3171e+03, 8.9259e-01
1.3173e+03, 7.9747e-01
1.3175e+03, 7.1722e-01
1.3178e+03, 6.4880e-01
1.3180e+03, 5.8994e-01
1.3182e+03, 5.3890e-01
1.3184e+03, 4.9433e-01
1.3186e+03, 4.5535e-01
1.3191e+03, 3.9007e-01
1.3195e+03, 3.3819e-01
1.3200e+03, 2.9626e-01
1.3204e+03, 2.6195e-01
1.3208e+03, 2.3600e-01
1.3212e+03, 2.1393e-01
1.3216e+03, 1.9493e-01
1.3220e+03, 1.7852e-01
1.3224e+03, 1.6415e-01
1.3228e+03, 1.5153e-01
1.3236e+03, 1.3044e-01
1.3244e+03, 1.1367e-01
1.3252e+03, 1.0017e-01
1.3260e+03, 8.9114e-02
1.3269e+03, 7.9973e-02
1.3277e+03, 7.1927e-02
1.3285e+03, 6.5227e-02
1.3302e+03, 5.4807e-02
1.3319e+03, 4.7066e-02
1.3336e+03, 4.1276e-02
1.3353e+03, 3.6884e-02
1.3370e+03, 3.3543e-02
1.3387e+03, 3.1021e-02
1.3404e+03, 2.9176e-02
1.3425e+03, 2.7706e-02
1.3447e+03, 2.7195e-02
1.3469e+03, 2.7932e-02
1.3480e+03, 2.8986e-02
1.3491e+03, 3.0666e-02
1.3503e+03, 3.3375e-02
1.3514e+03, 3.7719e-02
1.3525e+03, 4.4827e-02
1.3530e+03, 5.0129e-02
1.3536e+03, 5.7351e-02
1.3543e+03, 7.0010e-02
1.3546e+03, 7.8869e-02
1.3549e+03, 9.0256e-02
1.3553e+03, 1.0539e-01
1.3556e+03, 1.2613e-01
1.3559e+03, 1.5641e-01
1.3561e+03, 1.7762e-01
1.3563e+03, 2.0609e-01
1.3564e+03, 2.4767e-01
1.3565e+03, 2.7658e-01
1.3566e+03, 3.1336e-01
1.3567e+03, 3.6224e-01
1.3568e+03, 4.2665e-01
1.3569e+03, 5.1456e-01
1.3569e+03, 6.3237e-01
1.3570e+03, 7.9431e-01
1.3571e+03, 8.9586e-01
1.3571e+03, 1.0140e+00
1.3572e+03, 1.1511e+00
1.3572e+03, 1.3100e+00
1.3572e+03, 1.4936e+00
1.3573e+03, 1.6997e+00
1.3573e+03, 1.9419e+00
1.3574e+03, 2.2192e+00
1.3574e+03, 2.5355e+00
1.3574e+03, 2.8860e+00
1.3575e+03, 3.2918e+00
1.3575e+03, 3.7493e+00
1.3576e+03, 4.2630e+00
1.3576e+03, 4.8228e+00
1.3577e+03, 5.5083e+00
1.3577e+03, 6.2727e+00
1.3578e+03, 7.1206e+00
1.3578e+03, 8.0340e+00
1.3579e+03, 1.0147e+01
1.3580e+03, 1.2622e+01
1.3581e+03, 1.5449e+01
1.3582e+03, 1.8594e+01
1.3582e+03, 2.1993e+01
1.3583e+03, 2.5554e+01
1.3585e+03, 3.1619e+01
1.3586e+03, 3.7061e+01
1.3586e+03, 3.7417e+01
1.3587e+03, 3.8379e+01
1.3587e+03, 3.9249e+01
1.3588e+03, 4.0808e+01
1.3588e+03, 4.2435e+01
1.3589e+03, 4.3199e+01
1.3590e+03, 4.3590e+01
1.3590e+03, 4.3636e+01
1.3590e+03, 4.3634e+01
1.3590e+03, 4.3605e+01
1.3590e+03, 4.3547e+01
1.3591e+03, 4.3341e+01
1.3592e+03, 4.2250e+01
1.3592e+03, 4.0655e+01
1.3593e+03, 3.8572e+01
1.3595e+03, 3.4000e+01
1.3596e+03, 2.8696e+01
1.3597e+03, 2.3205e+01
1.3599e+03, 1.7997e+01
1.3599e+03, 1.5609e+01
1.3600e+03, 1.3406e+01
1.3601e+03, 1.1404e+01
1.3601e+03, 9.6124e+00
1.3602e+03, 8.2514e+00
1.3603e+03, 7.0603e+00
1.3603e+03, 5.9913e+00
1.3604e+03, 5.0732e+00
1.3604e+03, 4.2639e+00
1.3605e+03, 3.5809e+00
1.3605e+03, 2.9889e+00
1.3606e+03, 2.4971e+00
1.3607e+03, 2.0773e+00
1.3607e+03, 1.7336e+00
1.3608e+03, 1.4441e+00
1.3608e+03, 1.2099e+00
1.3609e+03, 1.0147e+00
1.3609e+03, 8.5836e-01
1.3610e+03, 7.3105e-01
1.3611e+03, 6.2762e-01
1.3611e+03, 5.3583e-01
1.3612e+03, 4.6293e-01
1.3612e+03, 4.0488e-01
1.3613e+03, 3.5911e-01
1.3614e+03, 2.9114e-01
1.3616e+03, 2.4567e-01
1.3617e+03, 2.1321e-01
1.3618e+03, 1.8919e-01
1.3621e+03, 1.5500e-01
1.3623e+03, 1.3128e-01
1.3626e+03, 1.1360e-01
1.3628e+03, 9.9885e-02
1.3631e+03, 8.8970e-02
1.3637e+03, 7.0645e-02
1.3642e+03, 5.8550e-02
1.3648e+03, 5.0108e-02
1.3654e+03, 4.4008e-02
1.3666e+03, 3.5940e-02
1.3677e+03, 3.0973e-02
1.3690e+03, 2.7557e-02
1.3703e+03, 2.5330e-02
1.3728e+03, 2.2720e-02
1.3753e+03, 2.1523e-02
1.3778e+03, 2.1076e-02
1.3815e+03, 2.1258e-02
1.3851e+03, 2.2142e-02
1.3888e+03, 2.3630e-02
1.3925e+03, 2.5743e-02
1.3962e+03, 2.8537e-02
1.3999e+03, 3.2219e-02
1.4035e+03, 3.7039e-02
1.4054e+03, 3.9997e-02
1.4072e+03, 4.3384e-02
1.4094e+03, 4.8142e-02
1.4116e+03, 5.3887e-02
1.4138e+03, 6.0854e-02
1.4159e+03, 6.9168e-02
1.4181e+03, 7.9739e-02
1.4203e+03, 9.3146e-02
1.4214e+03, 1.0123e-01
1.4225e+03, 1.1045e-01
1.4235e+03, 1.2096e-01
1.4246e+03, 1.3316e-01
1.4251e+03, 1.3946e-01
1.4256e+03, 1.4623e-01
1.4261e+03, 1.5352e-01
1.4266e+03, 1.6138e-01
1.4271e+03, 1.6988e-01
1.4276e+03, 1.7909e-01
1.4279e+03, 1.8399e-01
1.4281e+03, 1.8909e-01
1.4284e+03, 1.9441e-01
1.4286e+03, 1.9994e-01
1.4289e+03, 2.0577e-01
1.4292e+03, 2.1315e-01
1.4295e+03, 2.2092e-01
1.4298e+03, 2.2913e-01
1.4301e+03, 2.3781e-01
1.4304e+03, 2.4699e-01
1.4307e+03, 2.5672e-01
1.4310e+03, 2.6705e-01
1.4313e+03, 2.7802e-01
1.4315e+03, 2.8440e-01
1.4317e+03, 2.9097e-01
1.4318e+03, 2.9777e-01
1.4320e+03, 3.0482e-01
1.4322e+03, 3.1217e-01
1.4323e+03, 3.1975e-01
1.4327e+03, 3.3576e-01
1.4330e+03, 3.5307e-01
1.4333e+03, 3.7170e-01
1.4337e+03, 3.9192e-01
1.4340e+03, 4.1378e-01
1.4342e+03, 4.2999e-01
1.4345e+03, 4.4711e-01
1.4347e+03, 4.6527e-01
1.4349e+03, 4.8457e-01
1.4351e+03, 5.0511e-01
1.4354e+03, 5.2698e-01
1.4356e+03, 5.5032e-01
1.4358e+03, 5.7524e-01
1.4361e+03, 6.0191e-01
1.4363e+03, 6.3049e-01
1.4365e+03, 6.6115e-01
1.4368e+03, 6.9412e-01
1.4370e+03, 7.2962e-01
1.4372e+03, 7.6792e-01
1.4374e+03, 8.0933e-01
1.4377e+03, 8.5419e-01
1.4379e+03, 9.0289e-01
1.4381e+03, 9.5587e-01
1.4384e+03, 1.0137e+00
1.4386e+03, 1.0769e+00
1.4388e+03, 1.1462e+00
1.4391e+03, 1.2223e+00
1.4393e+03, 1.3064e+00
1.4395e+03, 1.3994e+00
1.4397e+03, 1.5026e+00
1.4400e+03, 1.6176e+00
1.4402e+03, 1.7462e+00
1.4404e+03, 1.8906e+00
1.4407e+03, 2.0534e+00
1.4409e+03, 2.2379e+00
1.4411e+03, 2.4480e+00
1.4414e+03, 2.6887e+00
1.4416e+03, 2.9660e+00
1.4418e+03, 3.2877e+00
1.4420e+03, 3.6635e+00
1.4423e+03, 4.1052e+00
1.4425e+03, 4.6282e+00
1.4427e+03, 5.2515e+00
1.4430e+03, 5.9990e+00
1.4432e+03, 6.9000e+00
1.4434e+03, 7.9838e+00
1.4437e+03, 9.2918e+00
1.4439e+03, 1.0862e+01
1.4441e+03, 1.2714e+01
1.4443e+03, 1.4875e+01
1.4446e+03, 1.7311e+01
1.4450e+03, 2.2615e+01
1.4453e+03, 2.5304e+01
1.4455e+03, 2.7529e+01
1.4458e+03, 2.9002e+01
1.4460e+03, 2.9512e+01
1.4462e+03, 2.9274e+01
1.4464e+03, 2.8141e+01
1.4466e+03, 2.6234e+01
1.4469e+03, 2.3777e+01
1.4471e+03, 2.1060e+01
1.4476e+03, 1.5717e+01
1.4478e+03, 1.3396e+01
1.4480e+03, 1.1387e+01
1.4482e+03, 1.0341e+01
1.4483e+03, 9.4011e+00
1.4485e+03, 8.5606e+00
1.4486e+03, 7.8108e+00
1.4487e+03, 7.1428e+00
1.4489e+03, 6.5479e+00
1.4492e+03, 5.5477e+00
1.4494e+03, 4.7449e+00
1.4497e+03, 4.0994e+00
1.4500e+03, 3.5711e+00
1.4503e+03, 3.1374e+00
1.4505e+03, 2.8427e+00
1.4507e+03, 2.5869e+00
1.4510e+03, 2.3636e+00
1.4512e+03, 2.1685e+00
1.4516e+03, 1.8425e+00
1.4521e+03, 1.5849e+00
1.4525e+03, 1.3773e+00
1.4530e+03, 1.2084e+00
1.4534e+03, 1.0690e+00
1.4539e+03, 9.5224e-01
1.4543e+03, 8.6081e-01
1.4547e+03, 7.8195e-01
1.4551e+03, 7.1339e-01
1.4555e+03, 6.5343e-01
1.4559e+03, 6.0073e-01
1.4563e+03, 5.5416e-01
1.4571e+03, 4.7592e-01
1.4580e+03, 4.1317e-01
1.4588e+03, 3.6208e-01
1.4596e+03, 3.1998e-01
1.4604e+03, 2.8505e-01
1.4612e+03, 2.5557e-01
1.4621e+03, 2.3030e-01
1.4629e+03, 2.0856e-01
1.4637e+03, 1.8978e-01
1.4645e+03, 1.7342e-01
1.4653e+03, 1.5912e-01
1.4670e+03, 1.3539e-01
1.4686e+03, 1.1662e-01
1.4703e+03, 1.0155e-01
1.4719e+03, 8.9245e-02
1.4735e+03, 7.9075e-02
1.4750e+03, 7.1286e-02
1.4765e+03, 6.4725e-02
1.4780e+03, 5.8949e-02
1.4795e+03, 5.3946e-02
1.4810e+03, 4.9512e-02
1.4825e+03, 4.5656e-02
1.4855e+03, 3.9178e-02
1.4885e+03, 3.4034e-02
1.4914e+03, 2.9872e-02
1.4944e+03, 2.6445e-02
1.4974e+03, 2.3597e-02
1.5002e+03, 2.1319e-02
1.5031e+03, 1.9373e-02
1.5087e+03, 1.6259e-02
1.5144e+03, 1.3858e-02
1.5201e+03, 1.2004e-02
1.5257e+03, 1.0528e-02
1.5314e+03, 9.3305e-03
1.5371e+03, 8.3478e-03
1.5427e+03, 7.5364e-03
1.5499e+03, 6.7067e-03
1.5571e+03, 6.0517e-03
1.5714e+03, 5.0250e-03
1.5857e+03, 4.3442e-03
1.5928e+03, 4.0791e-03
1.5964e+03, 3.9674e-03
1.5973e+03, 3.9872e-03
1.5978e+03, 4.5331e-03
1.5980e+03, 5.7813e-03
1.5981e+03, 7.0553e-03
1.5982e+03, 9.0520e-03
1.5983e+03, 1.2153e-02
1.5984e+03, 1.6807e-02
1.5985e+03, 2.3602e-02
1.5987e+03, 3.3259e-02
1.5989e+03, 6.4595e-02
1.5991e+03, 1.1788e-01
1.5992e+03, 1.5509e-01
1.5993e+03, 2.0003e-01
1.5994e+03, 2.5288e-01
1.5996e+03, 3.1280e-01
1.5998e+03, 4.5312e-01
1.6000e+03, 6.0861e-01
1.6000e+03, 1.2146e+00
2.0000e+03, 1.0388e+00
2.5000e+03, 8.9518e-01
3.0000e+03, 8.0177e-01
3.5000e+03, 7.3402e-01
4.0000e+03, 6.8516e-01
5.0000e+03, 6.1332e-01
6.0000e+03, 5.6513e-01
7.2000e+03, 5.1901e-01
8.0000e+03, 4.9717e-01
1.0000e+04, 4.5390e-01
1.2500e+04, 4.1109e-01
1.5000e+04, 3.8335e-01
1.7000e+04, 3.6327e-01
2.0000e+04, 3.4044e-01
2.5000e+04, 3.1122e-01
3.0000e+04, 2.9099e-01
3.5000e+04, 2.7606e-01
4.0000e+04, 2.6472e-01
5.0000e+04, 2.5040e-01
5.0000e+04, 2.6333e-01
6.0000e+04, 2.5014e-01
8.0000e+04, 2.3369e-01
9.3708e+04, 1.9277e-01
9.3708e+04, 1.9277e-01
1.0000e+05, 1.7400e-01
1.2000e+05, 1.4240e-01
1.5000e+05, 1.1833e-01
2.0000e+05, 9.8113e-02
2.5000e+05, 8.7527e-02
3.0000e+05, 8.1442e-02
3.0836e+05, 8.0537e-02
3.0836e+05, 8.0537e-02
3.5000e+05, 7.6026e-02
4.0000e+05, 7.2422e-02
4.5000e+05, 7.0109e-02
5.0000e+05, 6.8735e-02
6.0000e+05, 6.8104e-02
6.3576e+05, 6.8631e-02
6.3576e+05, 6.8631e-02
7.0000e+05, 6.9577e-02
8.0000e+05, 7.2729e-02
9.0000e+05, 7.7291e-02
1.0000e+06, 8.3096e-02
1.0646e+06, 8.7583e-02
1.0646e+06, 8.7583e-02
1.1000e+06, 9.0045e-02
1.1539e+06, 9.1932e-02
1.1539e+06, 9.1932e-02
1.1813e+06, 9.2889e-02
1.1813e+06, 9.2889e-02
1.2000e+06, 9.3544e-02
1.2062e+06, 9.3088e-02
1.2062e+06, 9.3088e-02
1.2674e+06, 8.8581e-02
1.2674e+06, 8.8581e-02
1.2757e+06, 8.7967e-02
1.2757e+06, 8.7967e-02
1.2839e+06, 8.7364e-02
1.2839e+06, 8.7363e-02
1.3000e+06, 8.6180e-02
1.3175e+06, 8.3960e-02
1.3175e+06, 8.3960e-02
1.3230e+06, 8.3267e-02
1.3230e+06, 8.3267e-02
1.3300e+06, 8.2379e-02
1.3300e+06, 8.2379e-02
1.3703e+06, 7.7263e-02
1.3703e+06, 7.7263e-02
1.3718e+06, 7.7067e-02
1.3718e+06, 7.7067e-02
1.3923e+06, 7.4468e-02
1.3923e+06, 7.4468e-02
1.4000e+06, 7.3492e-02
1.4174e+06, 7.1843e-02
1.4174e+06, 7.1843e-02
1.4417e+06, 6.9543e-02
1.4417e+06, 6.9543e-02
1.4423e+06, 6.9487e-02
1.4423e+06, 6.9487e-02
1.4521e+06, 6.8561e-02
1.4521e+06, 6.8561e-02
1.4586e+06, 6.7951e-02
1.4586e+06, 6.7950e-02
1.4874e+06, 6.5222e-02
1.4874e+06, 6.5222e-02
1.5000e+06, 6.4033e-02
1.5049e+06, 6.3520e-02
1.5049e+06, 6.3520e-02
1.5212e+06, 6.1822e-02
1.5212e+06, 6.1822e-02
1.5222e+06, 6.1715e-02
1.5222e+06, 6.1714e-02
1.5224e+06, 6.1692e-02
1.5224e+06, 6.1691e-02
1.5418e+06, 5.9662e-02
1.5418e+06, 5.9662e-02
1.5475e+06, 5.9069e-02
1.5475e+06, 5.9069e-02
1.5628e+06, 5.7472e-02
1.5628e+06, 5.7471e-02
1.5704e+06, 5.6681e-02
1.5704e+06, 5.6680e-02
1.5756e+06, 5.6141e-02
1.5756e+06, 5.6140e-02
1.5799e+06, 5.5686e-02
1.5799e+06, 5.5686e-02
1.6000e+06, 5.3587e-02
1.6105e+06, 5.3012e-02
1.6105e+06, 5.3012e-02
1.6449e+06, 5.1142e-02
1.6449e+06, 5.1142e-02
1.6460e+06, 5.1080e-02
1.6460e+06, 5.1080e-02
1.6491e+06, 5.0914e-02
1.6491e+06, 5.0914e-02
1.6497e+06, 5.0876e-02
1.6498e+06, 5.0876e-02
1.6582e+06, 5.0416e-02
1.6582e+06, 5.0416e-02
1.6608e+06, 5.0273e-02
1.6608e+06, 5.0273e-02
1.6618e+06, 5.0218e-02
1.6618e+06, 5.0218e-02
1.7000e+06, 4.8138e-02
1.8000e+06, 4.4486e-02
1.9000e+06, 4.0813e-02
2.0000e+06, 3.8382e-02
2.1000e+06, 3.5939e-02
2.2000e+06, 3.3887e-02
2.3000e+06, 3.1968e-02
2.4000e+06, 3.0184e-02
2.5000e+06, 2.8525e-02
2.6000e+06, 2.6967e-02
2.7000e+06, 2.5483e-02
2.8000e+06, 2.4052e-02
2.9000e+06, 2.2661e-02
3.0000e+06, 2.1301e-02
3.1000e+06, 1.9970e-02
3.2000e+06, 1.8661e-02
3.3000e+06, 1.7374e-02
3.4000e+06, 1.6106e-02
3.5000e+06, 1.4858e-02
3.6000e+06, 1.3633e-02
3.8000e+06, 1.1284e-02
4.0000e+06, 9.1487e-03
4.5000e+06, 5.2761e-03
5.0000e+06, 3.2262e-03
5.5000e+06, 2.0894e-03
6.0000e+06, 1.4283e-03
6.5000e+06, 1.0311e-03
7.0000e+06, 7.8088e-04
7.3825e+06, 6.6240e-04
7.3825e+06, 6.6240e-04
7.5000e+06, 6.2601e-04
7.6693e+06, 5.9730e-04
7.6693e+06, 5.9729e-04
8.0000e+06, 5.4120e-04
8.5000e+06, 5.0138e-04
9.0000e+06, 4.8739e-04
9.5000e+06, 4.8144e-04
1.0000e+07, 4.7236e-04
1.0500e+07, 4.5880e-04
1.1000e+07, 4.4675e-04
1.1500e+07, 4.4469e-04
1.2000e+07, 4.5942e-04
1.2500e+07, 4.9137e-04
1.3000e+07, 5.3411e-04
1.3500e+07, 5.8019e-04
1.4000e+07, 6.2446e-04
1.4081e+07, 6.2996e-04
1.4081e+07, 6.2996e-04
1.4500e+07, 6.5821e-04
1.5000e+07, 6.6754e-04
1.5500e+07, 6.4605e-04
1.6000e+07, 6.0183e-04
1.6500e+07, 5.4838e-04
1.7000e+07, 4.9535e-04
1.7500e+07, 4.4703e-04
1.8000e+07, 4.0448e-04
1.8500e+07, 3.6736e-04
1.9000e+07, 3.3498e-04
1.9500e+07, 3.0667e-04
2.0000e+07, 2.8188e-04
