ebin, xs
1.0000e-05, 1.1075e+05
1.0625e-05, 1.0745e+05
1.1250e-05, 1.0442e+05
1.1875e-05, 1.0163e+05
1.2500e-05, 9.9060e+04
1.3750e-05, 9.4449e+04
1.5000e-05, 9.0428e+04
1.6250e-05, 8.6881e+04
1.7500e-05, 8.3720e+04
1.8750e-05, 8.0881e+04
2.0000e-05, 7.8313e+04
2.1875e-05, 7.4881e+04
2.3750e-05, 7.1865e+04
2.5625e-05, 6.9185e+04
2.7500e-05, 6.6785e+04
2.9375e-05, 6.4618e+04
3.1250e-05, 6.2650e+04
3.3125e-05, 6.0851e+04
3.5000e-05, 5.9198e+04
3.8750e-05, 5.6261e+04
4.2500e-05, 5.3721e+04
4.6250e-05, 5.1497e+04
5.0000e-05, 4.9528e+04
5.3125e-05, 4.8049e+04
5.6250e-05, 4.6695e+04
5.9375e-05, 4.5450e+04
6.2500e-05, 4.4299e+04
6.8750e-05, 4.2237e+04
7.5000e-05, 4.0439e+04
8.1250e-05, 3.8852e+04
8.7500e-05, 3.7438e+04
9.3750e-05, 3.6169e+04
1.0000e-04, 3.5020e+04
1.0625e-04, 3.3974e+04
1.1250e-04, 3.3017e+04
1.1875e-04, 3.2136e+04
1.2500e-04, 3.1322e+04
1.3750e-04, 2.9864e+04
1.5000e-04, 2.8592e+04
1.6250e-04, 2.7470e+04
1.7500e-04, 2.6471e+04
1.8750e-04, 2.5573e+04
2.0000e-04, 2.4761e+04
2.1875e-04, 2.3675e+04
2.3750e-04, 2.2721e+04
2.5625e-04, 2.1874e+04
2.7500e-04, 2.1114e+04
2.9375e-04, 2.0429e+04
3.1250e-04, 1.9806e+04
3.3125e-04, 1.9237e+04
3.5000e-04, 1.8714e+04
3.8750e-04, 1.7785e+04
4.2500e-04, 1.6982e+04
4.6250e-04, 1.6278e+04
5.0000e-04, 1.5655e+04
5.3125e-04, 1.5187e+04
5.6250e-04, 1.4759e+04
5.9375e-04, 1.4365e+04
6.2500e-04, 1.4001e+04
6.8750e-04, 1.3348e+04
7.5000e-04, 1.2779e+04
8.1250e-04, 1.2277e+04
8.7500e-04, 1.1830e+04
9.3750e-04, 1.1428e+04
1.0000e-03, 1.1065e+04
1.0625e-03, 1.0734e+04
1.1250e-03, 1.0431e+04
1.1875e-03, 1.0152e+04
1.2500e-03, 9.8942e+03
1.3750e-03, 9.4326e+03
1.5000e-03, 9.0300e+03
1.6250e-03, 8.6747e+03
1.7500e-03, 8.3581e+03
1.8750e-03, 8.0738e+03
2.0000e-03, 7.8164e+03
2.1875e-03, 7.4726e+03
2.3750e-03, 7.1703e+03
2.5625e-03, 6.9018e+03
2.7500e-03, 6.6612e+03
2.9375e-03, 6.4440e+03
3.1250e-03, 6.2466e+03
3.3125e-03, 6.0662e+03
3.5000e-03, 5.9004e+03
3.8750e-03, 5.6057e+03
4.2500e-03, 5.3507e+03
4.6250e-03, 5.1273e+03
5.0000e-03, 4.9295e+03
5.3125e-03, 4.7809e+03
5.6250e-03, 4.6448e+03
5.9375e-03, 4.5196e+03
6.2500e-03, 4.4039e+03
6.8750e-03, 4.1965e+03
7.5000e-03, 4.0154e+03
8.1250e-03, 3.8555e+03
8.7500e-03, 3.7130e+03
9.3750e-03, 3.5849e+03
1.0000e-02, 3.4690e+03
1.0625e-02, 3.3634e+03
1.1250e-02, 3.2668e+03
1.1875e-02, 3.1779e+03
1.2500e-02, 3.0957e+03
1.3750e-02, 2.9483e+03
1.5000e-02, 2.8194e+03
1.6250e-02, 2.7056e+03
1.7500e-02, 2.6040e+03
1.8750e-02, 2.5126e+03
2.0000e-02, 2.4299e+03
2.1325e-02, 2.3502e+03
2.2650e-02, 2.2776e+03
2.3975e-02, 2.2110e+03
2.5300e-02, 2.1496e+03
2.6844e-02, 2.0839e+03
2.8387e-02, 2.0236e+03
2.9931e-02, 1.9680e+03
3.1475e-02, 1.9165e+03
3.4563e-02, 1.8238e+03
3.7650e-02, 1.7424e+03
4.0738e-02, 1.6702e+03
4.3825e-02, 1.6056e+03
4.6913e-02, 1.5474e+03
5.0000e-02, 1.4945e+03
5.3125e-02, 1.4457e+03
5.6250e-02, 1.4009e+03
5.9375e-02, 1.3597e+03
6.2500e-02, 1.3216e+03
6.8750e-02, 1.2531e+03
7.5000e-02, 1.1928e+03
8.1250e-02, 1.1395e+03
8.7500e-02, 1.0917e+03
9.3750e-02, 1.0487e+03
1.0000e-01, 1.0097e+03
1.0625e-01, 9.7401e+02
1.1250e-01, 9.4125e+02
1.1875e-01, 9.1101e+02
1.2500e-01, 8.8299e+02
1.3125e-01, 8.5696e+02
1.3750e-01, 8.3275e+02
1.5000e-01, 7.8866e+02
1.6250e-01, 7.4940e+02
1.7500e-01, 7.1425e+02
1.8750e-01, 6.8256e+02
2.0000e-01, 6.5386e+02
2.1875e-01, 6.1530e+02
2.3750e-01, 5.8112e+02
2.5625e-01, 5.5064e+02
2.7500e-01, 5.2323e+02
2.9375e-01, 4.9841e+02
3.1250e-01, 4.7580e+02
3.3125e-01, 4.5509e+02
3.5000e-01, 4.3604e+02
3.6875e-01, 4.1843e+02
3.8750e-01, 4.0211e+02
4.0625e-01, 3.8692e+02
4.2500e-01, 3.7274e+02
5.0000e-01, 3.2451e+02
5.6250e-01, 2.9196e+02
6.2500e-01, 2.6453e+02
6.8750e-01, 2.4113e+02
7.5000e-01, 2.2095e+02
8.1250e-01, 2.0336e+02
8.7500e-01, 1.8798e+02
1.0000e+00, 1.6217e+02
1.1250e+00, 1.4141e+02
1.2500e+00, 1.2445e+02
1.3750e+00, 1.1039e+02
1.5000e+00, 9.8583e+01
1.6250e+00, 8.8565e+01
1.7500e+00, 7.9986e+01
1.8750e+00, 7.2578e+01
2.0000e+00, 6.6150e+01
2.1875e+00, 5.7967e+01
2.3750e+00, 5.1172e+01
2.5625e+00, 4.5480e+01
2.7500e+00, 4.0665e+01
2.9375e+00, 3.6558e+01
3.1250e+00, 3.3029e+01
3.3125e+00, 2.9974e+01
3.5000e+00, 2.7315e+01
3.6875e+00, 2.4986e+01
3.8750e+00, 2.2944e+01
4.2500e+00, 1.9527e+01
4.6250e+00, 1.6804e+01
5.0000e+00, 1.4606e+01
5.3125e+00, 1.3086e+01
5.6250e+00, 1.1792e+01
5.9375e+00, 1.0682e+01
6.2500e+00, 9.7241e+00
6.5625e+00, 8.8920e+00
6.8750e+00, 8.1655e+00
7.1875e+00, 7.5282e+00
7.5000e+00, 6.9680e+00
8.1250e+00, 6.0306e+00
8.7500e+00, 5.2846e+00
9.3750e+00, 4.6849e+00
1.0000e+01, 4.1981e+00
1.0625e+01, 3.7996e+00
1.1250e+01, 3.4716e+00
1.1875e+01, 3.2004e+00
1.2500e+01, 2.9758e+00
1.3125e+01, 2.7900e+00
1.3750e+01, 2.6375e+00
1.5000e+01, 2.4126e+00
1.6250e+01, 2.2752e+00
1.7500e+01, 2.2122e+00
1.8750e+01, 2.2184e+00
2.0000e+01, 2.2963e+00
2.0833e+01, 2.3935e+00
2.1666e+01, 2.5342e+00
2.2499e+01, 2.7279e+00
2.3332e+01, 2.9892e+00
2.4165e+01, 3.3384e+00
2.4582e+01, 3.5557e+00
2.4998e+01, 3.8099e+00
2.5415e+01, 4.1075e+00
2.5831e+01, 4.4578e+00
2.6248e+01, 4.8727e+00
2.6665e+01, 5.3682e+00
2.7185e+01, 6.1375e+00
2.7445e+01, 6.5944e+00
2.7706e+01, 7.1262e+00
2.7966e+01, 7.7201e+00
2.8227e+01, 8.4147e+00
2.8487e+01, 9.2257e+00
2.8747e+01, 1.0140e+01
2.9034e+01, 1.1355e+01
2.9320e+01, 1.2836e+01
2.9606e+01, 1.4655e+01
2.9893e+01, 1.6922e+01
3.0179e+01, 1.9797e+01
3.0322e+01, 2.1535e+01
3.0465e+01, 2.3522e+01
3.0609e+01, 2.5809e+01
3.0752e+01, 2.8466e+01
3.0895e+01, 3.1566e+01
3.1038e+01, 3.5174e+01
3.1142e+01, 3.8216e+01
3.1246e+01, 4.1716e+01
3.1363e+01, 4.6286e+01
3.1481e+01, 5.1670e+01
3.1598e+01, 5.8076e+01
3.1715e+01, 6.5778e+01
3.1832e+01, 7.5145e+01
3.1891e+01, 8.0596e+01
3.1949e+01, 8.6656e+01
3.2008e+01, 9.3434e+01
3.2066e+01, 1.0106e+02
3.2125e+01, 1.0970e+02
3.2184e+01, 1.1951e+02
3.2255e+01, 1.3344e+02
3.2327e+01, 1.4997e+02
3.2398e+01, 1.6981e+02
3.2434e+01, 1.8125e+02
3.2470e+01, 1.9389e+02
3.2506e+01, 2.0792e+02
3.2542e+01, 2.2352e+02
3.2577e+01, 2.4096e+02
3.2613e+01, 2.6052e+02
3.2649e+01, 2.8255e+02
3.2685e+01, 3.0749e+02
3.2720e+01, 3.3587e+02
3.2756e+01, 3.6835e+02
3.2792e+01, 4.0580e+02
3.2828e+01, 4.4925e+02
3.2864e+01, 5.0007e+02
3.2899e+01, 5.5994e+02
3.2935e+01, 6.3111e+02
3.2971e+01, 7.1644e+02
3.3007e+01, 8.1976e+02
3.3025e+01, 8.7966e+02
3.3043e+01, 9.4599e+02
3.3061e+01, 1.0197e+03
3.3078e+01, 1.1017e+03
3.3096e+01, 1.1931e+03
3.3114e+01, 1.2950e+03
3.3132e+01, 1.4089e+03
3.3150e+01, 1.5362e+03
3.3168e+01, 1.6782e+03
3.3186e+01, 1.8363e+03
3.3204e+01, 2.0120e+03
3.3222e+01, 2.2064e+03
3.3240e+01, 2.4202e+03
3.3257e+01, 2.6533e+03
3.3293e+01, 3.1750e+03
3.3329e+01, 3.7541e+03
3.3372e+01, 4.4673e+03
3.3414e+01, 5.1078e+03
3.3436e+01, 5.3633e+03
3.3457e+01, 5.5563e+03
3.3479e+01, 5.6759e+03
3.3500e+01, 5.7145e+03
3.3521e+01, 5.6700e+03
3.3541e+01, 5.5603e+03
3.3560e+01, 5.3903e+03
3.3599e+01, 4.9040e+03
3.3637e+01, 4.2942e+03
3.3676e+01, 3.6479e+03
3.3715e+01, 3.0336e+03
3.3753e+01, 2.4927e+03
3.3773e+01, 2.2555e+03
3.3792e+01, 2.0409e+03
3.3811e+01, 1.8482e+03
3.3830e+01, 1.6761e+03
3.3852e+01, 1.5034e+03
3.3874e+01, 1.3525e+03
3.3896e+01, 1.2207e+03
3.3918e+01, 1.1056e+03
3.3940e+01, 1.0048e+03
3.3962e+01, 9.1638e+02
3.3984e+01, 8.3856e+02
3.4006e+01, 7.6988e+02
3.4050e+01, 6.5490e+02
3.4094e+01, 5.6336e+02
3.4137e+01, 4.8950e+02
3.4181e+01, 4.2915e+02
3.4221e+01, 3.8341e+02
3.4261e+01, 3.4458e+02
3.4301e+01, 3.1132e+02
3.4341e+01, 2.8262e+02
3.4381e+01, 2.5766e+02
3.4420e+01, 2.3583e+02
3.4460e+01, 2.1662e+02
3.4500e+01, 1.9966e+02
3.4580e+01, 1.7117e+02
3.4660e+01, 1.4835e+02
3.4739e+01, 1.2979e+02
3.4819e+01, 1.1450e+02
3.4891e+01, 1.0293e+02
3.4963e+01, 9.3033e+01
3.5034e+01, 8.4519e+01
3.5106e+01, 7.7139e+01
3.5178e+01, 7.0674e+01
3.5250e+01, 6.4967e+01
3.5393e+01, 5.5417e+01
3.5537e+01, 4.7818e+01
3.5680e+01, 4.1679e+01
3.5824e+01, 3.6648e+01
3.5967e+01, 3.2475e+01
3.6095e+01, 2.9334e+01
3.6222e+01, 2.6628e+01
3.6350e+01, 2.4280e+01
3.6478e+01, 2.2229e+01
3.6605e+01, 2.0429e+01
3.6733e+01, 1.8854e+01
3.6988e+01, 1.6196e+01
3.7243e+01, 1.4048e+01
3.7498e+01, 1.2303e+01
3.7753e+01, 1.0864e+01
3.8008e+01, 9.6659e+00
3.8232e+01, 8.7740e+00
3.8455e+01, 8.0012e+00
3.8678e+01, 7.3272e+00
3.8901e+01, 6.7358e+00
3.9348e+01, 5.7515e+00
3.9794e+01, 4.9748e+00
4.0145e+01, 4.4789e+00
4.0496e+01, 4.0471e+00
4.0847e+01, 3.6726e+00
4.1198e+01, 3.3551e+00
4.1548e+01, 3.0775e+00
4.1899e+01, 2.8310e+00
4.2601e+01, 2.4281e+00
4.3303e+01, 2.1067e+00
4.4004e+01, 1.8498e+00
4.4706e+01, 1.6403e+00
4.5407e+01, 1.4664e+00
4.5982e+01, 1.3470e+00
4.6556e+01, 1.2456e+00
4.7130e+01, 1.1519e+00
4.7704e+01, 1.0720e+00
4.8852e+01, 9.3643e-01
5.0000e+01, 8.2901e-01
5.0781e+01, 7.6828e-01
5.1562e+01, 7.1565e-01
5.3125e+01, 6.2887e-01
5.4688e+01, 5.6087e-01
5.6250e+01, 5.0684e-01
5.7812e+01, 4.6332e-01
5.9375e+01, 4.2787e-01
6.0938e+01, 3.9873e-01
6.2500e+01, 3.7467e-01
6.5625e+01, 3.3790e-01
6.8750e+01, 3.1220e-01
7.1875e+01, 2.9447e-01
7.5000e+01, 2.8272e-01
7.8125e+01, 2.7569e-01
8.1250e+01, 2.7261e-01
8.4375e+01, 2.7302e-01
8.7500e+01, 2.7671e-01
9.0625e+01, 2.8370e-01
9.3750e+01, 2.9425e-01
9.6875e+01, 3.0888e-01
1.0000e+02, 3.2853e-01
1.0369e+02, 3.6023e-01
1.0553e+02, 3.8078e-01
1.0737e+02, 4.0566e-01
1.0922e+02, 4.3617e-01
1.1106e+02, 4.7430e-01
1.1290e+02, 5.2318e-01
1.1475e+02, 5.8765e-01
1.1573e+02, 6.3103e-01
1.1670e+02, 6.8351e-01
1.1768e+02, 7.4783e-01
1.1866e+02, 8.2824e-01
1.1964e+02, 9.3118e-01
1.2062e+02, 1.0632e+00
1.2111e+02, 1.1470e+00
1.2160e+02, 1.2456e+00
1.2209e+02, 1.3629e+00
1.2258e+02, 1.5043e+00
1.2301e+02, 1.6548e+00
1.2344e+02, 1.8366e+00
1.2388e+02, 2.0593e+00
1.2431e+02, 2.3354e+00
1.2474e+02, 2.6818e+00
1.2496e+02, 2.8931e+00
1.2517e+02, 3.1353e+00
1.2539e+02, 3.4144e+00
1.2560e+02, 3.7385e+00
1.2582e+02, 4.1181e+00
1.2604e+02, 4.5666e+00
1.2627e+02, 5.1414e+00
1.2647e+02, 5.7486e+00
1.2667e+02, 6.4807e+00
1.2687e+02, 7.3713e+00
1.2707e+02, 8.4724e+00
1.2727e+02, 9.8663e+00
1.2738e+02, 1.0706e+01
1.2748e+02, 1.1665e+01
1.2758e+02, 1.2766e+01
1.2768e+02, 1.4039e+01
1.2778e+02, 1.5520e+01
1.2788e+02, 1.7258e+01
1.2797e+02, 1.9156e+01
1.2807e+02, 2.1396e+01
1.2816e+02, 2.4069e+01
1.2825e+02, 2.7298e+01
1.2830e+02, 2.9172e+01
1.2835e+02, 3.1253e+01
1.2839e+02, 3.3572e+01
1.2844e+02, 3.6168e+01
1.2849e+02, 3.9087e+01
1.2853e+02, 4.2386e+01
1.2858e+02, 4.6133e+01
1.2863e+02, 5.0415e+01
1.2869e+02, 5.7004e+01
1.2875e+02, 6.5013e+01
1.2878e+02, 6.9681e+01
1.2881e+02, 7.4881e+01
1.2884e+02, 8.0697e+01
1.2887e+02, 8.7227e+01
1.2890e+02, 9.4588e+01
1.2893e+02, 1.0292e+02
1.2896e+02, 1.1238e+02
1.2900e+02, 1.2317e+02
1.2903e+02, 1.3550e+02
1.2906e+02, 1.4963e+02
1.2909e+02, 1.6583e+02
1.2912e+02, 1.8441e+02
1.2916e+02, 2.1251e+02
1.2920e+02, 2.4583e+02
1.2924e+02, 2.8499e+02
1.2928e+02, 3.3041e+02
1.2932e+02, 3.8218e+02
1.2936e+02, 4.3993e+02
1.2943e+02, 5.6857e+02
1.2950e+02, 6.7923e+02
1.2957e+02, 7.7644e+02
1.2960e+02, 8.1470e+02
1.2963e+02, 8.4347e+02
1.2967e+02, 8.6128e+02
1.2970e+02, 8.6717e+02
1.2974e+02, 8.5930e+02
1.2977e+02, 8.3679e+02
1.2981e+02, 8.0111e+02
1.2985e+02, 7.5452e+02
1.2992e+02, 6.3987e+02
1.3000e+02, 5.1582e+02
1.3005e+02, 4.3790e+02
1.3009e+02, 3.6758e+02
1.3014e+02, 3.0659e+02
1.3019e+02, 2.5528e+02
1.3024e+02, 2.1306e+02
1.3029e+02, 1.7884e+02
1.3034e+02, 1.5129e+02
1.3039e+02, 1.2921e+02
1.3043e+02, 1.1406e+02
1.3047e+02, 1.0138e+02
1.3051e+02, 9.0676e+01
1.3055e+02, 8.1583e+01
1.3059e+02, 7.3803e+01
1.3063e+02, 6.7102e+01
1.3067e+02, 6.1290e+01
1.3071e+02, 5.6217e+01
1.3076e+02, 5.1752e+01
1.3080e+02, 4.7819e+01
1.3088e+02, 4.1212e+01
1.3096e+02, 3.5908e+01
1.3104e+02, 3.1583e+01
1.3111e+02, 2.8446e+01
1.3118e+02, 2.5767e+01
1.3125e+02, 2.3455e+01
1.3132e+02, 2.1451e+01
1.3139e+02, 1.9699e+01
1.3147e+02, 1.8161e+01
1.3161e+02, 1.5596e+01
1.3175e+02, 1.3559e+01
1.3189e+02, 1.1914e+01
1.3203e+02, 1.0563e+01
1.3217e+02, 9.4377e+00
1.3231e+02, 8.4912e+00
1.3246e+02, 7.6887e+00
1.3260e+02, 7.0028e+00
1.3274e+02, 6.4121e+00
1.3288e+02, 5.8998e+00
1.3302e+02, 5.4527e+00
1.3331e+02, 4.7140e+00
1.3359e+02, 4.1349e+00
1.3387e+02, 3.6753e+00
1.3415e+02, 3.2992e+00
1.3444e+02, 2.9888e+00
1.3476e+02, 2.6953e+00
1.3509e+02, 2.4557e+00
1.3542e+02, 2.2579e+00
1.3574e+02, 2.0931e+00
1.3607e+02, 1.9547e+00
1.3640e+02, 1.8377e+00
1.3705e+02, 1.6563e+00
1.3770e+02, 1.5206e+00
1.3836e+02, 1.4200e+00
1.3901e+02, 1.3457e+00
1.3966e+02, 1.2912e+00
1.4036e+02, 1.2501e+00
1.4105e+02, 1.2234e+00
1.4245e+02, 1.2013e+00
1.4436e+02, 1.2234e+00
1.4532e+02, 1.2503e+00
1.4628e+02, 1.2903e+00
1.4819e+02, 1.3995e+00
1.5011e+02, 1.5560e+00
1.5203e+02, 1.7628e+00
1.5394e+02, 2.0420e+00
1.5490e+02, 2.2120e+00
1.5586e+02, 2.4158e+00
1.5681e+02, 2.6497e+00
1.5777e+02, 2.9192e+00
1.5917e+02, 3.4089e+00
1.5995e+02, 3.7455e+00
1.6073e+02, 4.1412e+00
1.6152e+02, 4.6077e+00
1.6230e+02, 5.1622e+00
1.6269e+02, 5.4780e+00
1.6308e+02, 5.8281e+00
1.6348e+02, 6.2118e+00
1.6387e+02, 6.6358e+00
1.6426e+02, 7.1000e+00
1.6465e+02, 7.6238e+00
1.6504e+02, 8.2105e+00
1.6543e+02, 8.8697e+00
1.6591e+02, 9.7920e+00
1.6639e+02, 1.0870e+01
1.6687e+02, 1.2139e+01
1.6735e+02, 1.3650e+01
1.6759e+02, 1.4516e+01
1.6783e+02, 1.5467e+01
1.6807e+02, 1.6517e+01
1.6831e+02, 1.7678e+01
1.6855e+02, 1.8969e+01
1.6879e+02, 2.0407e+01
1.6903e+02, 2.2017e+01
1.6927e+02, 2.3827e+01
1.6955e+02, 2.6272e+01
1.6983e+02, 2.9105e+01
1.7011e+02, 3.2411e+01
1.7040e+02, 3.6339e+01
1.7068e+02, 4.1043e+01
1.7096e+02, 4.6726e+01
1.7111e+02, 5.0022e+01
1.7125e+02, 5.3679e+01
1.7139e+02, 5.7753e+01
1.7153e+02, 6.2304e+01
1.7174e+02, 6.9994e+01
1.7194e+02, 7.9194e+01
1.7215e+02, 9.0326e+01
1.7236e+02, 1.0396e+02
1.7246e+02, 1.1195e+02
1.7256e+02, 1.2088e+02
1.7267e+02, 1.3090e+02
1.7277e+02, 1.4218e+02
1.7287e+02, 1.5495e+02
1.7298e+02, 1.6948e+02
1.7308e+02, 1.8611e+02
1.7318e+02, 2.0528e+02
1.7330e+02, 2.3134e+02
1.7342e+02, 2.6247e+02
1.7354e+02, 3.0001e+02
1.7366e+02, 3.4568e+02
1.7378e+02, 4.0181e+02
1.7390e+02, 4.7120e+02
1.7396e+02, 5.1203e+02
1.7402e+02, 5.5756e+02
1.7408e+02, 6.0848e+02
1.7414e+02, 6.6522e+02
1.7420e+02, 7.2852e+02
1.7426e+02, 7.9881e+02
1.7438e+02, 9.6167e+02
1.7450e+02, 1.1536e+03
1.7462e+02, 1.3671e+03
1.7474e+02, 1.5847e+03
1.7486e+02, 1.7774e+03
1.7492e+02, 1.8538e+03
1.7498e+02, 1.9114e+03
1.7504e+02, 1.9471e+03
1.7510e+02, 1.9587e+03
1.7516e+02, 1.9447e+03
1.7522e+02, 1.9052e+03
1.7529e+02, 1.8426e+03
1.7535e+02, 1.7607e+03
1.7547e+02, 1.5571e+03
1.7559e+02, 1.3313e+03
1.7572e+02, 1.1135e+03
1.7584e+02, 9.2111e+02
1.7597e+02, 7.6024e+02
1.7603e+02, 6.9142e+02
1.7609e+02, 6.2987e+02
1.7615e+02, 5.7195e+02
1.7622e+02, 5.2067e+02
1.7629e+02, 4.7514e+02
1.7635e+02, 4.3481e+02
1.7648e+02, 3.6703e+02
1.7661e+02, 3.1310e+02
1.7674e+02, 2.6969e+02
1.7687e+02, 2.3441e+02
1.7700e+02, 2.0545e+02
1.7713e+02, 1.8146e+02
1.7726e+02, 1.6220e+02
1.7738e+02, 1.4581e+02
1.7751e+02, 1.3171e+02
1.7763e+02, 1.1952e+02
1.7776e+02, 1.0890e+02
1.7788e+02, 9.9624e+01
1.7801e+02, 9.1467e+01
1.7813e+02, 8.4261e+01
1.7838e+02, 7.2163e+01
1.7863e+02, 6.2479e+01
1.7888e+02, 5.4605e+01
1.7913e+02, 4.8128e+01
1.7936e+02, 4.2981e+01
1.7960e+02, 3.8642e+01
1.7984e+02, 3.4913e+01
1.8007e+02, 3.1677e+01
1.8031e+02, 2.8864e+01
1.8055e+02, 2.6409e+01
1.8079e+02, 2.4254e+01
1.8102e+02, 2.2350e+01
1.8150e+02, 1.9158e+01
1.8197e+02, 1.6602e+01
1.8245e+02, 1.4524e+01
1.8292e+02, 1.2812e+01
1.8337e+02, 1.1452e+01
1.8382e+02, 1.0298e+01
1.8427e+02, 9.3281e+00
1.8472e+02, 8.4725e+00
1.8517e+02, 7.7321e+00
1.8563e+02, 7.0774e+00
1.8653e+02, 6.0031e+00
1.8743e+02, 5.1567e+00
1.8833e+02, 4.4772e+00
1.8923e+02, 3.9237e+00
1.9013e+02, 3.4678e+00
1.9108e+02, 3.0701e+00
1.9203e+02, 2.7379e+00
1.9298e+02, 2.4571e+00
1.9393e+02, 2.2192e+00
1.9545e+02, 1.9059e+00
1.9696e+02, 1.6552e+00
1.9848e+02, 1.4525e+00
2.0000e+02, 1.2866e+00
2.0149e+02, 1.1531e+00
2.0299e+02, 1.0393e+00
2.0448e+02, 9.4134e-01
2.0598e+02, 8.5771e-01
2.0747e+02, 7.8766e-01
2.0896e+02, 7.2656e-01
2.1046e+02, 6.7266e-01
2.1195e+02, 6.2558e-01
2.1494e+02, 5.4946e-01
2.1793e+02, 4.8924e-01
2.2091e+02, 4.4393e-01
2.2390e+02, 4.0615e-01
2.2789e+02, 3.6973e-01
2.3187e+02, 3.4483e-01
2.3585e+02, 3.2984e-01
2.3984e+02, 3.2450e-01
2.4482e+02, 3.3424e-01
2.4731e+02, 3.4882e-01
2.4980e+02, 3.7419e-01
2.5085e+02, 3.9015e-01
2.5191e+02, 4.1078e-01
2.5297e+02, 4.3769e-01
2.5403e+02, 4.7355e-01
2.5509e+02, 5.2278e-01
2.5562e+02, 5.5378e-01
2.5615e+02, 5.9086e-01
2.5667e+02, 6.3712e-01
2.5720e+02, 6.9459e-01
2.5773e+02, 7.6721e-01
2.5826e+02, 8.6090e-01
2.5862e+02, 9.4010e-01
2.5898e+02, 1.0363e+00
2.5934e+02, 1.1570e+00
2.5969e+02, 1.3102e+00
2.6005e+02, 1.5085e+00
2.6023e+02, 1.6304e+00
2.6041e+02, 1.7717e+00
2.6059e+02, 1.9368e+00
2.6077e+02, 2.1310e+00
2.6095e+02, 2.3618e+00
2.6112e+02, 2.6397e+00
2.6129e+02, 2.9471e+00
2.6145e+02, 3.3212e+00
2.6162e+02, 3.7828e+00
2.6178e+02, 4.3614e+00
2.6186e+02, 4.7074e+00
2.6194e+02, 5.1006e+00
2.6202e+02, 5.5501e+00
2.6211e+02, 6.0674e+00
2.6219e+02, 6.6673e+00
2.6227e+02, 7.3693e+00
2.6235e+02, 8.1993e+00
2.6243e+02, 9.1922e+00
2.6252e+02, 1.0460e+01
2.6260e+02, 1.2041e+01
2.6269e+02, 1.4055e+01
2.6273e+02, 1.5279e+01
2.6277e+02, 1.6686e+01
2.6282e+02, 1.8322e+01
2.6286e+02, 2.0237e+01
2.6290e+02, 2.2497e+01
2.6295e+02, 2.5185e+01
2.6299e+02, 2.8406e+01
2.6303e+02, 3.2287e+01
2.6307e+02, 3.6982e+01
2.6312e+02, 4.2658e+01
2.6315e+02, 4.7548e+01
2.6318e+02, 5.3143e+01
2.6321e+02, 5.9547e+01
2.6324e+02, 6.6848e+01
2.6327e+02, 7.5161e+01
2.6330e+02, 8.4510e+01
2.6333e+02, 9.4983e+01
2.6337e+02, 1.0662e+02
2.6339e+02, 1.1862e+02
2.6342e+02, 1.3165e+02
2.6345e+02, 1.4565e+02
2.6348e+02, 1.6055e+02
2.6351e+02, 1.7621e+02
2.6354e+02, 1.9248e+02
2.6360e+02, 2.2591e+02
2.6368e+02, 2.7049e+02
2.6376e+02, 3.0751e+02
2.6383e+02, 3.2881e+02
2.6386e+02, 3.3439e+02
2.6390e+02, 3.3625e+02
2.6394e+02, 3.3373e+02
2.6401e+02, 3.1912e+02
2.6407e+02, 2.9339e+02
2.6414e+02, 2.5981e+02
2.6421e+02, 2.2220e+02
2.6428e+02, 1.8074e+02
2.6435e+02, 1.4259e+02
2.6439e+02, 1.2550e+02
2.6443e+02, 1.1002e+02
2.6446e+02, 9.6143e+01
2.6450e+02, 8.3864e+01
2.6453e+02, 7.3946e+01
2.6457e+02, 6.5239e+01
2.6460e+02, 5.7643e+01
2.6463e+02, 5.1052e+01
2.6467e+02, 4.5357e+01
2.6470e+02, 4.0447e+01
2.6473e+02, 3.6220e+01
2.6477e+02, 3.2582e+01
2.6480e+02, 2.9446e+01
2.6483e+02, 2.6738e+01
2.6487e+02, 2.4392e+01
2.6490e+02, 2.2353e+01
2.6493e+02, 2.0571e+01
2.6497e+02, 1.9008e+01
2.6503e+02, 1.6406e+01
2.6510e+02, 1.4343e+01
2.6517e+02, 1.2674e+01
2.6523e+02, 1.1302e+01
2.6530e+02, 1.0157e+01
2.6537e+02, 9.1901e+00
2.6543e+02, 8.3638e+00
2.6550e+02, 7.6516e+00
2.6557e+02, 7.0327e+00
2.6570e+02, 6.0144e+00
2.6583e+02, 5.2167e+00
2.6597e+02, 4.5795e+00
2.6610e+02, 4.0623e+00
2.6624e+02, 3.6187e+00
2.6638e+02, 3.2513e+00
2.6652e+02, 2.9432e+00
2.6666e+02, 2.6822e+00
2.6680e+02, 2.4590e+00
2.6694e+02, 2.2668e+00
2.6708e+02, 2.1002e+00
2.6722e+02, 1.9551e+00
2.6750e+02, 1.7153e+00
2.6778e+02, 1.5278e+00
2.6806e+02, 1.3786e+00
2.6834e+02, 1.2572e+00
2.6875e+02, 1.1151e+00
2.6916e+02, 1.0065e+00
2.6957e+02, 9.2209e-01
2.6999e+02, 8.5566e-01
2.7040e+02, 8.0365e-01
2.7081e+02, 7.6136e-01
2.7164e+02, 6.9764e-01
2.7247e+02, 6.5527e-01
2.7329e+02, 6.2733e-01
2.7412e+02, 6.0960e-01
2.7494e+02, 5.9973e-01
2.7650e+02, 5.9571e-01
2.7864e+02, 6.1296e-01
2.8077e+02, 6.4970e-01
2.8291e+02, 7.0481e-01
2.8505e+02, 7.8030e-01
2.8719e+02, 8.7808e-01
2.8932e+02, 1.0070e+00
2.9039e+02, 1.0848e+00
2.9146e+02, 1.1764e+00
2.9253e+02, 1.2810e+00
2.9360e+02, 1.4007e+00
2.9515e+02, 1.6152e+00
2.9671e+02, 1.8876e+00
2.9744e+02, 2.0411e+00
2.9816e+02, 2.2172e+00
2.9889e+02, 2.4186e+00
2.9962e+02, 2.6504e+00
3.0035e+02, 2.9191e+00
3.0108e+02, 3.2328e+00
3.0181e+02, 3.6016e+00
3.0254e+02, 4.0345e+00
3.0307e+02, 4.4094e+00
3.0361e+02, 4.8409e+00
3.0414e+02, 5.3407e+00
3.0441e+02, 5.6208e+00
3.0467e+02, 5.9239e+00
3.0494e+02, 6.2527e+00
3.0521e+02, 6.6102e+00
3.0548e+02, 6.9997e+00
3.0574e+02, 7.4253e+00
3.0601e+02, 7.8915e+00
3.0628e+02, 8.4034e+00
3.0654e+02, 8.9664e+00
3.0681e+02, 9.5865e+00
3.0708e+02, 1.0275e+01
3.0735e+02, 1.1043e+01
3.0761e+02, 1.1902e+01
3.0788e+02, 1.2867e+01
3.0815e+02, 1.3955e+01
3.0841e+02, 1.5188e+01
3.0868e+02, 1.6593e+01
3.0895e+02, 1.8202e+01
3.0922e+02, 2.0060e+01
3.0948e+02, 2.2219e+01
3.0975e+02, 2.4746e+01
3.1002e+02, 2.7732e+01
3.1029e+02, 3.1292e+01
3.1042e+02, 3.3335e+01
3.1055e+02, 3.5584e+01
3.1069e+02, 3.8069e+01
3.1082e+02, 4.0822e+01
3.1095e+02, 4.3884e+01
3.1109e+02, 4.7299e+01
3.1127e+02, 5.2636e+01
3.1145e+02, 5.8917e+01
3.1163e+02, 6.6370e+01
3.1182e+02, 7.5301e+01
3.1200e+02, 8.6134e+01
3.1209e+02, 9.2436e+01
3.1218e+02, 9.9446e+01
3.1227e+02, 1.0727e+02
3.1236e+02, 1.1603e+02
3.1245e+02, 1.2587e+02
3.1254e+02, 1.3696e+02
3.1268e+02, 1.5597e+02
3.1281e+02, 1.7898e+02
3.1294e+02, 2.0705e+02
3.1301e+02, 2.2340e+02
3.1308e+02, 2.4152e+02
3.1315e+02, 2.6170e+02
3.1321e+02, 2.8413e+02
3.1328e+02, 3.0907e+02
3.1335e+02, 3.3678e+02
3.1341e+02, 3.6751e+02
3.1348e+02, 4.0148e+02
3.1361e+02, 4.7966e+02
3.1372e+02, 5.5510e+02
3.1383e+02, 6.3864e+02
3.1406e+02, 8.1573e+02
3.1417e+02, 8.9706e+02
3.1428e+02, 9.6314e+02
3.1439e+02, 1.0063e+03
3.1450e+02, 1.0211e+03
3.1456e+02, 1.0157e+03
3.1463e+02, 1.0000e+03
3.1476e+02, 9.4163e+02
3.1489e+02, 8.5558e+02
3.1502e+02, 7.5467e+02
3.1528e+02, 5.5283e+02
3.1541e+02, 4.6601e+02
3.1553e+02, 3.9212e+02
3.1561e+02, 3.5520e+02
3.1568e+02, 3.2230e+02
3.1576e+02, 2.9299e+02
3.1583e+02, 2.6699e+02
3.1591e+02, 2.4389e+02
3.1598e+02, 2.2341e+02
3.1613e+02, 1.8896e+02
3.1628e+02, 1.6149e+02
3.1643e+02, 1.3936e+02
3.1658e+02, 1.2132e+02
3.1673e+02, 1.0647e+02
3.1685e+02, 9.6573e+01
3.1697e+02, 8.7968e+01
3.1708e+02, 8.0436e+01
3.1720e+02, 7.3821e+01
3.1744e+02, 6.2791e+01
3.1767e+02, 5.4039e+01
3.1790e+02, 4.6979e+01
3.1814e+02, 4.1213e+01
3.1837e+02, 3.6447e+01
3.1861e+02, 3.2470e+01
3.1884e+02, 2.9109e+01
3.1908e+02, 2.6234e+01
3.1931e+02, 2.3756e+01
3.1955e+02, 2.1611e+01
3.1978e+02, 1.9742e+01
3.2002e+02, 1.8105e+01
3.2049e+02, 1.5386e+01
3.2096e+02, 1.3236e+01
3.2143e+02, 1.1506e+01
3.2190e+02, 1.0095e+01
3.2237e+02, 8.9291e+00
3.2282e+02, 8.0041e+00
3.2326e+02, 7.2129e+00
3.2371e+02, 6.5282e+00
3.2416e+02, 5.9360e+00
3.2461e+02, 5.4215e+00
3.2506e+02, 4.9711e+00
3.2551e+02, 4.5744e+00
3.2595e+02, 4.2240e+00
3.2685e+02, 3.6338e+00
3.2775e+02, 3.1600e+00
3.2864e+02, 2.7734e+00
3.2954e+02, 2.4541e+00
3.3057e+02, 2.1529e+00
3.3159e+02, 1.9056e+00
3.3253e+02, 1.7171e+00
3.3347e+02, 1.5526e+00
3.3441e+02, 1.4097e+00
3.3535e+02, 1.2879e+00
3.3629e+02, 1.1811e+00
3.3723e+02, 1.0863e+00
3.3911e+02, 9.3034e-01
3.4099e+02, 8.0554e-01
3.4286e+02, 7.0535e-01
3.4474e+02, 6.2338e-01
3.4662e+02, 5.5512e-01
3.4842e+02, 5.0132e-01
3.5021e+02, 4.5494e-01
3.5200e+02, 4.1533e-01
3.5380e+02, 3.7987e-01
3.5559e+02, 3.5000e-01
3.5738e+02, 3.2379e-01
3.5918e+02, 3.0006e-01
3.6097e+02, 2.7976e-01
3.6456e+02, 2.4497e-01
3.6814e+02, 2.1752e-01
3.7173e+02, 1.9503e-01
3.7532e+02, 1.7654e-01
3.8078e+02, 1.5448e-01
3.8625e+02, 1.3778e-01
3.9171e+02, 1.2513e-01
3.9718e+02, 1.1563e-01
4.0265e+02, 1.0871e-01
4.0811e+02, 1.0400e-01
4.1358e+02, 1.0133e-01
4.1904e+02, 1.0066e-01
4.2383e+02, 1.0187e-01
4.2861e+02, 1.0496e-01
4.3339e+02, 1.1024e-01
4.3817e+02, 1.1776e-01
4.4296e+02, 1.2937e-01
4.4535e+02, 1.3701e-01
4.4774e+02, 1.4617e-01
4.5013e+02, 1.5719e-01
4.5252e+02, 1.7048e-01
4.5491e+02, 1.8663e-01
4.5731e+02, 2.0655e-01
4.5970e+02, 2.3154e-01
4.6209e+02, 2.6274e-01
4.6448e+02, 3.0303e-01
4.6567e+02, 3.2753e-01
4.6687e+02, 3.5575e-01
4.6790e+02, 3.8357e-01
4.6892e+02, 4.1534e-01
4.6994e+02, 4.5153e-01
4.7097e+02, 4.9320e-01
4.7199e+02, 5.4198e-01
4.7302e+02, 5.9923e-01
4.7404e+02, 6.6634e-01
4.7507e+02, 7.4528e-01
4.7601e+02, 8.3215e-01
4.7695e+02, 9.3692e-01
4.7789e+02, 1.0639e+00
4.7883e+02, 1.2199e+00
4.7977e+02, 1.4142e+00
4.8071e+02, 1.6607e+00
4.8118e+02, 1.8094e+00
4.8165e+02, 1.9795e+00
4.8211e+02, 2.1752e+00
4.8258e+02, 2.4017e+00
4.8310e+02, 2.6904e+00
4.8361e+02, 3.0331e+00
4.8412e+02, 3.4498e+00
4.8463e+02, 3.9601e+00
4.8515e+02, 4.5925e+00
4.8540e+02, 4.9668e+00
4.8566e+02, 5.3885e+00
4.8592e+02, 5.8656e+00
4.8617e+02, 6.4082e+00
4.8643e+02, 7.0285e+00
4.8668e+02, 7.7415e+00
4.8698e+02, 8.7160e+00
4.8728e+02, 9.8783e+00
4.8758e+02, 1.1276e+01
4.8788e+02, 1.2977e+01
4.8818e+02, 1.5076e+01
4.8833e+02, 1.6311e+01
4.8848e+02, 1.7693e+01
4.8863e+02, 1.9244e+01
4.8878e+02, 2.0987e+01
4.8893e+02, 2.2953e+01
4.8908e+02, 2.5171e+01
4.8920e+02, 2.7328e+01
4.8933e+02, 2.9728e+01
4.8946e+02, 3.2395e+01
4.8959e+02, 3.5352e+01
4.8972e+02, 3.8629e+01
4.8985e+02, 4.2239e+01
4.9011e+02, 5.0482e+01
4.9037e+02, 5.9949e+01
4.9063e+02, 7.0062e+01
4.9089e+02, 7.9695e+01
4.9115e+02, 8.7243e+01
4.9132e+02, 9.0330e+01
4.9150e+02, 9.1372e+01
4.9164e+02, 9.0611e+01
4.9179e+02, 8.8458e+01
4.9193e+02, 8.5079e+01
4.9207e+02, 8.0722e+01
4.9236e+02, 7.0205e+01
4.9264e+02, 5.9067e+01
4.9293e+02, 4.8792e+01
4.9322e+02, 4.0060e+01
4.9336e+02, 3.6311e+01
4.9350e+02, 3.2955e+01
4.9364e+02, 2.9960e+01
4.9379e+02, 2.7295e+01
4.9394e+02, 2.4773e+01
4.9409e+02, 2.2548e+01
4.9425e+02, 2.0581e+01
4.9440e+02, 1.8840e+01
4.9470e+02, 1.5920e+01
4.9501e+02, 1.3596e+01
4.9531e+02, 1.1726e+01
4.9562e+02, 1.0204e+01
4.9592e+02, 8.9534e+00
4.9623e+02, 7.9164e+00
4.9646e+02, 7.2327e+00
4.9670e+02, 6.6329e+00
4.9717e+02, 5.6305e+00
4.9764e+02, 4.8342e+00
4.9811e+02, 4.1941e+00
4.9859e+02, 3.6723e+00
4.9906e+02, 3.2417e+00
4.9953e+02, 2.8828e+00
5.0000e+02, 2.5820e+00
5.0050e+02, 2.3133e+00
5.0100e+02, 2.0828e+00
5.0149e+02, 1.8849e+00
5.0199e+02, 1.7142e+00
5.0249e+02, 1.5658e+00
5.0299e+02, 1.4360e+00
5.0348e+02, 1.3218e+00
5.0398e+02, 1.2210e+00
5.0498e+02, 1.0514e+00
5.0597e+02, 9.1529e-01
5.0697e+02, 8.0448e-01
5.0796e+02, 7.1305e-01
5.0868e+02, 6.5677e-01
5.0968e+02, 5.9040e-01
5.1068e+02, 5.3293e-01
5.1167e+02, 4.8344e-01
5.1267e+02, 4.4130e-01
5.1366e+02, 4.0459e-01
5.1466e+02, 3.7222e-01
5.1665e+02, 3.1918e-01
5.1864e+02, 2.7712e-01
5.2063e+02, 2.4351e-01
5.2262e+02, 2.1617e-01
5.2461e+02, 1.9353e-01
5.2669e+02, 1.7426e-01
5.2877e+02, 1.5766e-01
5.3085e+02, 1.4399e-01
5.3293e+02, 1.3210e-01
5.3501e+02, 1.2174e-01
5.3709e+02, 1.1300e-01
5.4125e+02, 9.8642e-02
5.4541e+02, 8.7549e-02
5.4958e+02, 7.8762e-02
5.5374e+02, 7.2004e-02
5.5790e+02, 6.6202e-02
5.6296e+02, 6.0816e-02
5.6803e+02, 5.6610e-02
5.7310e+02, 5.3308e-02
5.7816e+02, 5.0748e-02
5.8323e+02, 4.8810e-02
5.8830e+02, 4.7412e-02
5.9336e+02, 4.6498e-02
5.9843e+02, 4.6051e-02
6.0458e+02, 4.6142e-02
6.1073e+02, 4.6942e-02
6.1688e+02, 4.8547e-02
6.2303e+02, 5.1139e-02
6.2919e+02, 5.5038e-02
6.3534e+02, 6.0560e-02
6.3841e+02, 6.4335e-02
6.4149e+02, 6.8965e-02
6.4457e+02, 7.4702e-02
6.4764e+02, 8.1905e-02
6.5017e+02, 8.9314e-02
6.5271e+02, 9.8534e-02
6.5524e+02, 1.1014e-01
6.5651e+02, 1.1667e-01
6.5777e+02, 1.2442e-01
6.5904e+02, 1.3333e-01
6.6031e+02, 1.4357e-01
6.6157e+02, 1.5545e-01
6.6284e+02, 1.6931e-01
6.6411e+02, 1.8561e-01
6.6537e+02, 2.0495e-01
6.6664e+02, 2.2819e-01
6.6791e+02, 2.5645e-01
6.6899e+02, 2.8586e-01
6.7008e+02, 3.2080e-01
6.7116e+02, 3.6430e-01
6.7225e+02, 4.1848e-01
6.7333e+02, 4.8715e-01
6.7388e+02, 5.2859e-01
6.7442e+02, 5.7599e-01
6.7496e+02, 6.3056e-01
6.7550e+02, 6.9381e-01
6.7605e+02, 7.6769e-01
6.7659e+02, 8.5463e-01
6.7731e+02, 9.9573e-01
6.7781e+02, 1.1150e+00
6.7831e+02, 1.2588e+00
6.7881e+02, 1.4338e+00
6.7930e+02, 1.6492e+00
6.7980e+02, 1.9186e+00
6.8005e+02, 2.0794e+00
6.8030e+02, 2.2616e+00
6.8055e+02, 2.4695e+00
6.8080e+02, 2.7077e+00
6.8105e+02, 2.9825e+00
6.8129e+02, 3.3011e+00
6.8157e+02, 3.7109e+00
6.8184e+02, 4.2029e+00
6.8211e+02, 4.8018e+00
6.8238e+02, 5.5409e+00
6.8252e+02, 5.9769e+00
6.8265e+02, 6.4668e+00
6.8279e+02, 7.0196e+00
6.8292e+02, 7.6465e+00
6.8306e+02, 8.3610e+00
6.8319e+02, 9.1799e+00
6.8333e+02, 1.0124e+01
6.8347e+02, 1.1220e+01
6.8361e+02, 1.2616e+01
6.8376e+02, 1.4284e+01
6.8391e+02, 1.6294e+01
6.8405e+02, 1.8739e+01
6.8420e+02, 2.1735e+01
6.8427e+02, 2.3485e+01
6.8435e+02, 2.5429e+01
6.8442e+02, 2.7590e+01
6.8449e+02, 2.9992e+01
6.8457e+02, 3.2659e+01
6.8464e+02, 3.5612e+01
6.8478e+02, 4.1894e+01
6.8491e+02, 4.9313e+01
6.8505e+02, 5.7855e+01
6.8518e+02, 6.7349e+01
6.8546e+02, 8.7429e+01
6.8559e+02, 9.6594e+01
6.8573e+02, 1.0401e+02
6.8586e+02, 1.0885e+02
6.8600e+02, 1.1052e+02
6.8609e+02, 1.0975e+02
6.8624e+02, 1.0517e+02
6.8640e+02, 9.7150e+01
6.8655e+02, 8.6837e+01
6.8670e+02, 7.5514e+01
6.8686e+02, 6.4287e+01
6.8701e+02, 5.3965e+01
6.8716e+02, 4.4962e+01
6.8732e+02, 3.7416e+01
6.8740e+02, 3.3978e+01
6.8748e+02, 3.0906e+01
6.8756e+02, 2.8166e+01
6.8764e+02, 2.5727e+01
6.8772e+02, 2.3553e+01
6.8780e+02, 2.1621e+01
6.8796e+02, 1.8363e+01
6.8813e+02, 1.5756e+01
6.8829e+02, 1.3653e+01
6.8845e+02, 1.1937e+01
6.8861e+02, 1.0522e+01
6.8878e+02, 9.3423e+00
6.8894e+02, 8.3493e+00
6.8910e+02, 7.5058e+00
6.8926e+02, 6.7836e+00
6.8942e+02, 6.1600e+00
6.8959e+02, 5.6188e+00
6.8975e+02, 5.1456e+00
6.8991e+02, 4.7302e+00
6.9024e+02, 4.0374e+00
6.9056e+02, 3.4874e+00
6.9088e+02, 3.0438e+00
6.9121e+02, 2.6813e+00
6.9152e+02, 2.3938e+00
6.9183e+02, 2.1507e+00
6.9214e+02, 1.9429e+00
6.9245e+02, 1.7638e+00
6.9276e+02, 1.6087e+00
6.9307e+02, 1.4735e+00
6.9338e+02, 1.3551e+00
6.9369e+02, 1.2508e+00
6.9431e+02, 1.0762e+00
6.9493e+02, 9.3677e-01
6.9555e+02, 8.2373e-01
6.9617e+02, 7.3083e-01
6.9664e+02, 6.7082e-01
6.9711e+02, 6.1875e-01
6.9776e+02, 5.5713e-01
6.9841e+02, 5.0435e-01
6.9906e+02, 4.5923e-01
6.9971e+02, 4.2047e-01
7.0035e+02, 3.8689e-01
7.0100e+02, 3.5762e-01
7.0230e+02, 3.0937e-01
7.0360e+02, 2.7154e-01
7.0490e+02, 2.4138e-01
7.0620e+02, 2.1699e-01
7.0749e+02, 1.9713e-01
7.0926e+02, 1.7539e-01
7.1103e+02, 1.5817e-01
7.1280e+02, 1.4447e-01
7.1457e+02, 1.3344e-01
7.1634e+02, 1.2449e-01
7.1811e+02, 1.1718e-01
7.1988e+02, 1.1119e-01
7.2165e+02, 1.0651e-01
7.2520e+02, 9.9128e-02
7.2874e+02, 9.4368e-02
7.3228e+02, 9.1575e-02
7.3582e+02, 9.0343e-02
7.4077e+02, 9.0849e-02
7.4573e+02, 9.3523e-02
7.5068e+02, 9.8304e-02
7.5564e+02, 1.0569e-01
7.6060e+02, 1.1606e-01
7.6555e+02, 1.3020e-01
7.7051e+02, 1.5040e-01
7.7299e+02, 1.6344e-01
7.7547e+02, 1.7911e-01
7.7759e+02, 1.9574e-01
7.7971e+02, 2.1595e-01
7.8184e+02, 2.4091e-01
7.8396e+02, 2.7227e-01
7.8502e+02, 2.9086e-01
7.8609e+02, 3.1251e-01
7.8715e+02, 3.3705e-01
7.8821e+02, 3.6547e-01
7.8927e+02, 3.9783e-01
7.9033e+02, 4.3681e-01
7.9140e+02, 4.8328e-01
7.9246e+02, 5.3930e-01
7.9364e+02, 6.1633e-01
7.9482e+02, 7.1452e-01
7.9541e+02, 7.7411e-01
7.9600e+02, 8.4260e-01
7.9659e+02, 9.2171e-01
7.9718e+02, 1.0129e+00
7.9777e+02, 1.1204e+00
7.9836e+02, 1.2489e+00
7.9895e+02, 1.4036e+00
7.9954e+02, 1.5917e+00
8.0013e+02, 1.8240e+00
8.0072e+02, 2.1152e+00
8.0101e+02, 2.2896e+00
8.0131e+02, 2.4877e+00
8.0160e+02, 2.7139e+00
8.0190e+02, 2.9736e+00
8.0225e+02, 3.3394e+00
8.0261e+02, 3.7801e+00
8.0296e+02, 4.3200e+00
8.0331e+02, 4.9914e+00
8.0349e+02, 5.3902e+00
8.0367e+02, 5.8402e+00
8.0385e+02, 6.3508e+00
8.0402e+02, 6.9335e+00
8.0420e+02, 7.6026e+00
8.0438e+02, 8.3762e+00
8.0455e+02, 9.2777e+00
8.0473e+02, 1.0338e+01
8.0489e+02, 1.1485e+01
8.0506e+02, 1.2840e+01
8.0522e+02, 1.4461e+01
8.0538e+02, 1.6422e+01
8.0546e+02, 1.7563e+01
8.0554e+02, 1.8830e+01
8.0562e+02, 2.0245e+01
8.0570e+02, 2.1832e+01
8.0579e+02, 2.3623e+01
8.0587e+02, 2.5649e+01
8.0595e+02, 2.7958e+01
8.0603e+02, 3.0602e+01
8.0613e+02, 3.4564e+01
8.0624e+02, 3.9346e+01
8.0629e+02, 4.2118e+01
8.0634e+02, 4.5177e+01
8.0639e+02, 4.8564e+01
8.0644e+02, 5.2317e+01
8.0649e+02, 5.6488e+01
8.0655e+02, 6.1106e+01
8.0660e+02, 6.6228e+01
8.0665e+02, 7.1903e+01
8.0670e+02, 7.8195e+01
8.0675e+02, 8.5130e+01
8.0680e+02, 9.2767e+01
8.0686e+02, 1.0115e+02
8.0694e+02, 1.1593e+02
8.0702e+02, 1.3270e+02
8.0710e+02, 1.5146e+02
8.0718e+02, 1.7209e+02
8.0734e+02, 2.1764e+02
8.0750e+02, 2.6500e+02
8.0763e+02, 2.9838e+02
8.0775e+02, 3.2552e+02
8.0788e+02, 3.4329e+02
8.0800e+02, 3.4945e+02
8.0805e+02, 3.4821e+02
8.0815e+02, 3.4092e+02
8.0824e+02, 3.2760e+02
8.0833e+02, 3.0912e+02
8.0842e+02, 2.8670e+02
8.0860e+02, 2.3525e+02
8.0878e+02, 1.8326e+02
8.0887e+02, 1.5855e+02
8.0897e+02, 1.3624e+02
8.0906e+02, 1.1656e+02
8.0915e+02, 9.9575e+01
8.0925e+02, 8.5127e+01
8.0934e+02, 7.3010e+01
8.0944e+02, 6.2919e+01
8.0953e+02, 5.4550e+01
8.0962e+02, 4.7611e+01
8.0972e+02, 4.1858e+01
8.0981e+02, 3.7057e+01
8.0990e+02, 3.3036e+01
8.1000e+02, 2.9638e+01
8.1009e+02, 2.6749e+01
8.1019e+02, 2.4271e+01
8.1028e+02, 2.2133e+01
8.1037e+02, 2.0272e+01
8.1047e+02, 1.8644e+01
8.1066e+02, 1.5941e+01
8.1084e+02, 1.3801e+01
8.1103e+02, 1.2078e+01
8.1121e+02, 1.0725e+01
8.1139e+02, 9.5933e+00
8.1157e+02, 8.6362e+00
8.1175e+02, 7.8192e+00
8.1193e+02, 7.1151e+00
8.1211e+02, 6.5045e+00
8.1228e+02, 5.9712e+00
8.1246e+02, 5.5031e+00
8.1282e+02, 4.7230e+00
8.1318e+02, 4.1034e+00
8.1354e+02, 3.6033e+00
8.1390e+02, 3.1940e+00
8.1417e+02, 2.9304e+00
8.1444e+02, 2.7008e+00
8.1482e+02, 2.4298e+00
8.1519e+02, 2.2000e+00
8.1557e+02, 2.0036e+00
8.1594e+02, 1.8349e+00
8.1632e+02, 1.6890e+00
8.1670e+02, 1.5621e+00
8.1745e+02, 1.3533e+00
8.1820e+02, 1.1904e+00
8.1895e+02, 1.0611e+00
8.1970e+02, 9.5700e-01
8.2045e+02, 8.7300e-01
8.2120e+02, 8.0406e-01
8.2195e+02, 7.4611e-01
8.2270e+02, 6.9775e-01
8.2345e+02, 6.5736e-01
8.2495e+02, 5.9488e-01
8.2646e+02, 5.5088e-01
8.2796e+02, 5.2058e-01
8.2946e+02, 5.0141e-01
8.3096e+02, 4.8884e-01
8.3246e+02, 4.8293e-01
8.3533e+02, 4.8816e-01
8.3819e+02, 5.1099e-01
8.4106e+02, 5.5068e-01
8.4393e+02, 6.0993e-01
8.4536e+02, 6.4737e-01
8.4679e+02, 6.9213e-01
8.4823e+02, 7.4343e-01
8.4966e+02, 8.0331e-01
8.5109e+02, 8.7475e-01
8.5253e+02, 9.5691e-01
8.5396e+02, 1.0538e+00
8.5539e+02, 1.1677e+00
8.5676e+02, 1.2988e+00
8.5812e+02, 1.4558e+00
8.5949e+02, 1.6455e+00
8.6085e+02, 1.8776e+00
8.6174e+02, 2.0573e+00
8.6263e+02, 2.2646e+00
8.6351e+02, 2.5039e+00
8.6440e+02, 2.7872e+00
8.6529e+02, 3.1233e+00
8.6573e+02, 3.3151e+00
8.6618e+02, 3.5254e+00
8.6662e+02, 3.7567e+00
8.6706e+02, 4.0119e+00
8.6751e+02, 4.2942e+00
8.6795e+02, 4.6078e+00
8.6836e+02, 4.9290e+00
8.6877e+02, 5.2854e+00
8.6918e+02, 5.6819e+00
8.6959e+02, 6.1251e+00
8.7000e+02, 6.6223e+00
8.7041e+02, 7.1823e+00
8.7082e+02, 7.8150e+00
8.7123e+02, 8.5331e+00
8.7160e+02, 9.2820e+00
8.7198e+02, 1.0135e+01
8.7235e+02, 1.1113e+01
8.7273e+02, 1.2237e+01
8.7310e+02, 1.3540e+01
8.7348e+02, 1.5059e+01
8.7385e+02, 1.6843e+01
8.7423e+02, 1.8957e+01
8.7461e+02, 2.1484e+01
8.7498e+02, 2.4535e+01
8.7517e+02, 2.6301e+01
8.7536e+02, 2.8257e+01
8.7554e+02, 3.0429e+01
8.7573e+02, 3.2847e+01
8.7592e+02, 3.5550e+01
8.7611e+02, 3.8579e+01
8.7629e+02, 4.1983e+01
8.7648e+02, 4.5820e+01
8.7667e+02, 5.0155e+01
8.7686e+02, 5.5066e+01
8.7705e+02, 6.0638e+01
8.7723e+02, 6.6963e+01
8.7741e+02, 7.3556e+01
8.7758e+02, 8.0956e+01
8.7775e+02, 8.9252e+01
8.7792e+02, 9.8500e+01
8.7810e+02, 1.0875e+02
8.7827e+02, 1.1999e+02
8.7862e+02, 1.4508e+02
8.7896e+02, 1.7202e+02
8.7931e+02, 1.9713e+02
8.7948e+02, 2.0743e+02
8.7965e+02, 2.1534e+02
8.7983e+02, 2.2031e+02
8.8000e+02, 2.2197e+02
8.8021e+02, 2.1939e+02
8.8050e+02, 2.0823e+02
8.8079e+02, 1.9030e+02
8.8108e+02, 1.6863e+02
8.8136e+02, 1.4609e+02
8.8165e+02, 1.2478e+02
8.8194e+02, 1.0586e+02
8.8223e+02, 8.9717e+01
8.8252e+02, 7.6273e+01
8.8272e+02, 6.8356e+01
8.8292e+02, 6.1455e+01
8.8312e+02, 5.5435e+01
8.8332e+02, 5.0175e+01
8.8352e+02, 4.5563e+01
8.8372e+02, 4.1512e+01
8.8392e+02, 3.7941e+01
8.8412e+02, 3.4783e+01
8.8452e+02, 2.9493e+01
8.8492e+02, 2.5284e+01
8.8532e+02, 2.1890e+01
8.8572e+02, 1.9120e+01
8.8623e+02, 1.6299e+01
8.8673e+02, 1.4050e+01
8.8724e+02, 1.2232e+01
8.8774e+02, 1.0748e+01
8.8821e+02, 9.6115e+00
8.8867e+02, 8.6403e+00
8.8914e+02, 7.8056e+00
8.8960e+02, 7.0851e+00
8.9006e+02, 6.4592e+00
8.9053e+02, 5.9124e+00
8.9099e+02, 5.4317e+00
8.9145e+02, 5.0072e+00
8.9238e+02, 4.2944e+00
8.9331e+02, 3.7233e+00
8.9424e+02, 3.2587e+00
8.9516e+02, 2.8758e+00
8.9601e+02, 2.5838e+00
8.9685e+02, 2.3374e+00
8.9769e+02, 2.1223e+00
8.9854e+02, 1.9350e+00
8.9938e+02, 1.7707e+00
9.0022e+02, 1.6271e+00
9.0191e+02, 1.3873e+00
9.0359e+02, 1.1972e+00
9.0528e+02, 1.0437e+00
9.0697e+02, 9.1794e-01
9.0865e+02, 8.1365e-01
9.1017e+02, 7.3437e-01
9.1169e+02, 6.6620e-01
9.1320e+02, 6.0715e-01
9.1472e+02, 5.5674e-01
9.1624e+02, 5.1136e-01
9.1776e+02, 4.7165e-01
9.1927e+02, 4.3566e-01
9.2079e+02, 4.0462e-01
9.2231e+02, 3.7586e-01
9.2383e+02, 3.5089e-01
9.2686e+02, 3.0719e-01
9.2990e+02, 2.7122e-01
9.3293e+02, 2.4131e-01
9.3731e+02, 2.0637e-01
9.4170e+02, 1.7841e-01
9.4608e+02, 1.5585e-01
9.5047e+02, 1.3771e-01
9.5485e+02, 1.2237e-01
9.5923e+02, 1.0937e-01
9.6362e+02, 9.8292e-02
9.6581e+02, 9.3552e-02
9.6636e+02, 9.3783e-02
9.6663e+02, 1.0049e-01
9.6677e+02, 1.1088e-01
9.6690e+02, 1.3147e-01
9.6704e+02, 1.6911e-01
9.6711e+02, 1.9705e-01
9.6718e+02, 2.3273e-01
9.6725e+02, 2.7743e-01
9.6732e+02, 3.3239e-01
9.6738e+02, 3.9869e-01
9.6745e+02, 4.7717e-01
9.6752e+02, 5.6835e-01
9.6759e+02, 6.7230e-01
9.6766e+02, 7.8862e-01
9.6773e+02, 9.1636e-01
9.6786e+02, 1.1996e+00
9.6800e+02, 1.5045e+00
9.6800e+02, 2.9195e+00
1.0000e+03, 2.8557e+00
1.1406e+03, 2.6108e+00
1.2812e+03, 2.4119e+00
1.4219e+03, 2.2467e+00
1.5625e+03, 2.1069e+00
1.8438e+03, 1.8821e+00
2.1250e+03, 1.7086e+00
2.4062e+03, 1.5698e+00
2.6875e+03, 1.4559e+00
2.9688e+03, 1.3605e+00
3.2500e+03, 1.2791e+00
3.8125e+03, 1.1472e+00
4.3750e+03, 1.0445e+00
4.9375e+03, 9.6190e-01
5.5000e+03, 8.9372e-01
6.6250e+03, 7.8728e-01
7.7500e+03, 7.0747e-01
8.8750e+03, 6.4505e-01
1.0000e+04, 5.9467e-01
1.2812e+04, 5.3742e-01
1.5625e+04, 4.9557e-01
1.8438e+04, 4.6318e-01
2.1250e+04, 4.3708e-01
2.6875e+04, 3.9710e-01
3.2500e+04, 3.6744e-01
3.8125e+04, 3.4425e-01
4.3750e+04, 3.2543e-01
5.5000e+04, 2.9639e-01
6.6250e+04, 2.7469e-01
7.7500e+04, 2.5765e-01
1.0000e+05, 2.3217e-01
1.2500e+05, 2.0751e-01
1.5000e+05, 1.8932e-01
1.5918e+05, 1.8374e-01
1.5918e+05, 1.8374e-01
1.5920e+05, 1.8373e-01
1.6000e+05, 1.8327e-01
1.7000e+05, 1.6637e-01
1.8000e+05, 1.5186e-01
2.0000e+05, 1.3775e-01
2.0926e+05, 1.2999e-01
2.0926e+05, 1.2999e-01
2.0927e+05, 1.2998e-01
2.1494e+05, 1.2561e-01
2.2061e+05, 1.2149e-01
2.2500e+05, 1.1846e-01
2.3195e+05, 1.1393e-01
2.5000e+05, 1.0351e-01
2.5464e+05, 1.0110e-01
2.7500e+05, 9.1617e-02
2.7732e+05, 9.0638e-02
3.0000e+05, 8.1957e-02
3.2639e+05, 7.5096e-02
3.5277e+05, 6.9278e-02
4.0000e+05, 6.0814e-02
4.0555e+05, 5.9952e-02
4.1077e+05, 5.9161e-02
4.1600e+05, 5.8390e-02
4.1600e+05, 5.8390e-02
4.1735e+05, 5.8194e-02
4.2326e+05, 5.7352e-02
4.2916e+05, 5.6534e-02
4.4097e+05, 5.4965e-02
4.5277e+05, 5.3479e-02
4.5781e+05, 5.2869e-02
4.5781e+05, 5.2869e-02
4.6706e+05, 5.1783e-02
4.7630e+05, 5.0741e-02
4.9480e+05, 4.8776e-02
5.0000e+05, 4.8249e-02
5.1760e+05, 4.6697e-02
5.3520e+05, 4.5245e-02
5.4330e+05, 4.4607e-02
5.5140e+05, 4.3987e-02
5.6760e+05, 4.2800e-02
6.0000e+05, 4.0613e-02
6.2062e+05, 3.8874e-02
6.4123e+05, 3.7263e-02
6.4123e+05, 3.7263e-02
6.4900e+05, 3.6686e-02
6.5676e+05, 3.6126e-02
6.7229e+05, 3.5049e-02
6.7229e+05, 3.5049e-02
6.8586e+05, 3.4153e-02
6.9943e+05, 3.3298e-02
7.0797e+05, 3.2778e-02
7.1651e+05, 3.2273e-02
7.1651e+05, 3.2273e-02
7.2883e+05, 3.1569e-02
7.4114e+05, 3.0891e-02
7.4114e+05, 3.0891e-02
7.5000e+05, 3.0419e-02
7.5380e+05, 3.0221e-02
7.5380e+05, 3.0221e-02
7.5420e+05, 3.0200e-02
7.5420e+05, 3.0200e-02
7.6565e+05, 2.9616e-02
7.7710e+05, 2.9052e-02
8.0000e+05, 2.7980e-02
8.2500e+05, 2.6905e-02
8.5000e+05, 2.5901e-02
9.0000e+05, 2.4083e-02
9.5000e+05, 2.2481e-02
1.0000e+06, 2.1059e-02
1.0625e+06, 2.0393e-02
1.1250e+06, 1.9784e-02
1.1875e+06, 1.9225e-02
1.2500e+06, 1.8709e-02
1.3750e+06, 1.7787e-02
1.5000e+06, 1.6985e-02
1.6250e+06, 1.6345e-02
1.7500e+06, 1.5773e-02
2.0000e+06, 1.4794e-02
2.2500e+06, 1.3303e-02
2.5000e+06, 1.2097e-02
2.7500e+06, 1.0619e-02
3.0000e+06, 9.4277e-03
3.2500e+06, 8.0298e-03
3.5000e+06, 6.9210e-03
3.7500e+06, 6.0268e-03
4.0000e+06, 5.2953e-03
4.1250e+06, 4.8290e-03
4.2500e+06, 4.4158e-03
4.5000e+06, 3.7209e-03
4.7500e+06, 3.1645e-03
5.0000e+06, 2.7137e-03
5.0400e+06, 2.6250e-03
5.0955e+06, 2.5080e-03
5.1600e+06, 2.3799e-03
5.2800e+06, 2.1625e-03
5.4000e+06, 1.9692e-03
5.5200e+06, 1.7969e-03
5.7600e+06, 1.5049e-03
6.0000e+06, 1.2695e-03
6.1706e+06, 1.0676e-03
6.3412e+06, 9.0211e-04
6.5118e+06, 7.6567e-04
6.6824e+06, 6.5264e-04
6.8308e+06, 5.6985e-04
6.9792e+06, 4.9901e-04
7.0963e+06, 4.5027e-04
7.1275e+06, 4.3821e-04
7.2759e+06, 3.8584e-04
7.3314e+06, 3.6816e-04
7.4569e+06, 3.3150e-04
7.6380e+06, 2.8586e-04
7.8190e+06, 2.4735e-04
8.0000e+06, 2.1474e-04
8.1250e+06, 1.8104e-04
8.2500e+06, 1.5302e-04
8.3750e+06, 1.2967e-04
8.5000e+06, 1.1015e-04
8.6250e+06, 9.3796e-05
8.7500e+06, 8.0052e-05
8.8750e+06, 6.8476e-05
9.0000e+06, 5.8702e-05
9.1250e+06, 5.0430e-05
9.2500e+06, 4.3414e-05
9.3750e+06, 3.7448e-05
9.5000e+06, 3.2366e-05
9.6250e+06, 2.8027e-05
9.7500e+06, 2.4315e-05
9.8750e+06, 2.1133e-05
1.0000e+07, 1.8399e-05
1.0125e+07, 1.5665e-05
1.0250e+07, 1.3364e-05
1.0375e+07, 1.1423e-05
1.0500e+07, 9.7818e-06
1.0625e+07, 8.3920e-06
1.0750e+07, 7.2126e-06
1.0875e+07, 6.2098e-06
1.1000e+07, 5.3556e-06
1.1125e+07, 4.6266e-06
1.1250e+07, 4.0034e-06
1.1375e+07, 3.4697e-06
1.1500e+07, 3.0118e-06
1.1625e+07, 2.6184e-06
1.1750e+07, 2.2798e-06
1.1875e+07, 1.9878e-06
1.2000e+07, 1.7358e-06
1.2125e+07, 1.4992e-06
1.2250e+07, 1.2968e-06
1.2375e+07, 1.1234e-06
1.2500e+07, 9.7462e-07
1.2625e+07, 8.4672e-07
1.2750e+07, 7.3662e-07
1.2875e+07, 6.4171e-07
1.3000e+07, 5.5977e-07
1.3125e+07, 4.8894e-07
1.3250e+07, 4.2761e-07
1.3375e+07, 3.7445e-07
1.3500e+07, 3.2830e-07
1.3625e+07, 2.8819e-07
1.3750e+07, 2.5328e-07
1.3875e+07, 2.2286e-07
1.4000e+07, 1.9632e-07
1.4128e+07, 1.7256e-07
1.4256e+07, 1.5185e-07
1.4384e+07, 1.3378e-07
1.4513e+07, 1.1799e-07
1.4641e+07, 1.0418e-07
1.4769e+07, 9.2090e-08
1.4897e+07, 8.1487e-08
1.5025e+07, 7.2180e-08
1.5147e+07, 6.4380e-08
1.5160e+07, 6.3612e-08
1.5269e+07, 5.7476e-08
1.5391e+07, 5.1359e-08
1.5513e+07, 4.5933e-08
1.5634e+07, 4.1116e-08
1.5756e+07, 3.6836e-08
1.5878e+07, 3.3030e-08
1.6000e+07, 2.9642e-08
1.6250e+07, 2.5680e-08
1.6500e+07, 2.2297e-08
1.6750e+07, 1.9401e-08
1.7000e+07, 1.6915e-08
1.7250e+07, 1.4778e-08
1.7500e+07, 1.2936e-08
1.7750e+07, 1.1345e-08
1.8000e+07, 9.9676e-09
1.8500e+07, 8.5960e-09
1.9000e+07, 7.4424e-09
1.9500e+07, 6.4678e-09
2.0000e+07, 5.6409e-09
2.0000e+07, 0.0000e+00
2.0009e+07, 0.0000e+00
2.0101e+07, 0.0000e+00
2.1000e+07, 0.0000e+00
2.2000e+07, 0.0000e+00
2.2045e+07, 0.0000e+00
2.3000e+07, 0.0000e+00
2.4000e+07, 0.0000e+00
2.5000e+07, 0.0000e+00
2.5612e+07, 0.0000e+00
2.6000e+07, 0.0000e+00
2.6513e+07, 0.0000e+00
2.7000e+07, 0.0000e+00
2.8000e+07, 0.0000e+00
2.8514e+07, 0.0000e+00
2.8726e+07, 0.0000e+00
2.9000e+07, 0.0000e+00
2.9911e+07, 0.0000e+00
3.0000e+07, 0.0000e+00
3.0944e+07, 0.0000e+00
3.1000e+07, 0.0000e+00
3.1937e+07, 0.0000e+00
3.2000e+07, 0.0000e+00
3.2865e+07, 0.0000e+00
3.3000e+07, 0.0000e+00
3.4000e+07, 0.0000e+00
3.5000e+07, 0.0000e+00
3.5200e+07, 0.0000e+00
3.5261e+07, 0.0000e+00
3.6000e+07, 0.0000e+00
3.7000e+07, 0.0000e+00
3.7627e+07, 0.0000e+00
3.7865e+07, 0.0000e+00
3.8000e+07, 0.0000e+00
3.9000e+07, 0.0000e+00
4.0000e+07, 0.0000e+00
4.0240e+07, 0.0000e+00
4.1000e+07, 0.0000e+00
4.1107e+07, 0.0000e+00
4.2000e+07, 0.0000e+00
4.3000e+07, 0.0000e+00
4.4000e+07, 0.0000e+00
4.4157e+07, 0.0000e+00
4.4244e+07, 0.0000e+00
4.5000e+07, 0.0000e+00
4.6000e+07, 0.0000e+00
4.7000e+07, 0.0000e+00
4.7293e+07, 0.0000e+00
4.7800e+07, 0.0000e+00
4.8000e+07, 0.0000e+00
4.9000e+07, 0.0000e+00
5.0000e+07, 0.0000e+00
5.0926e+07, 0.0000e+00
5.1000e+07, 0.0000e+00
5.1267e+07, 0.0000e+00
5.2000e+07, 0.0000e+00
5.3000e+07, 0.0000e+00
5.4000e+07, 0.0000e+00
5.4495e+07, 0.0000e+00
5.5000e+07, 0.0000e+00
5.6000e+07, 0.0000e+00
5.6488e+07, 0.0000e+00
5.7000e+07, 0.0000e+00
5.8000e+07, 0.0000e+00
5.9000e+07, 0.0000e+00
5.9564e+07, 0.0000e+00
6.0000e+07, 0.0000e+00
6.0366e+07, 0.0000e+00
6.1000e+07, 0.0000e+00
6.2000e+07, 0.0000e+00
6.3000e+07, 0.0000e+00
6.3775e+07, 0.0000e+00
6.4000e+07, 0.0000e+00
6.5000e+07, 0.0000e+00
6.6000e+07, 0.0000e+00
6.7000e+07, 0.0000e+00
6.7540e+07, 0.0000e+00
6.8000e+07, 0.0000e+00
6.9000e+07, 0.0000e+00
7.0000e+07, 0.0000e+00
7.1000e+07, 0.0000e+00
7.1468e+07, 0.0000e+00
7.2000e+07, 0.0000e+00
7.3000e+07, 0.0000e+00
7.4000e+07, 0.0000e+00
7.5000e+07, 0.0000e+00
7.6000e+07, 0.0000e+00
7.6806e+07, 0.0000e+00
7.7000e+07, 0.0000e+00
7.8000e+07, 0.0000e+00
7.9000e+07, 0.0000e+00
8.0000e+07, 0.0000e+00
8.1000e+07, 0.0000e+00
8.1333e+07, 0.0000e+00
8.2000e+07, 0.0000e+00
8.3000e+07, 0.0000e+00
8.4000e+07, 0.0000e+00
8.5000e+07, 0.0000e+00
8.6000e+07, 0.0000e+00
8.7000e+07, 0.0000e+00
8.8000e+07, 0.0000e+00
8.9000e+07, 0.0000e+00
9.0000e+07, 0.0000e+00
9.1000e+07, 0.0000e+00
9.2000e+07, 0.0000e+00
9.3000e+07, 0.0000e+00
9.4000e+07, 0.0000e+00
9.5000e+07, 0.0000e+00
9.6000e+07, 0.0000e+00
9.7000e+07, 0.0000e+00
9.8000e+07, 0.0000e+00
9.9000e+07, 0.0000e+00
1.0000e+08, 0.0000e+00
1.0200e+08, 0.0000e+00
1.0400e+08, 0.0000e+00
1.0600e+08, 0.0000e+00
1.0800e+08, 0.0000e+00
1.1000e+08, 0.0000e+00
1.1200e+08, 0.0000e+00
1.1400e+08, 0.0000e+00
1.1600e+08, 0.0000e+00
1.1800e+08, 0.0000e+00
1.2000e+08, 0.0000e+00
1.2200e+08, 0.0000e+00
1.2400e+08, 0.0000e+00
1.2600e+08, 0.0000e+00
1.2800e+08, 0.0000e+00
1.3000e+08, 0.0000e+00
1.3200e+08, 0.0000e+00
1.3400e+08, 0.0000e+00
1.3600e+08, 0.0000e+00
1.3800e+08, 0.0000e+00
1.4000e+08, 0.0000e+00
1.4200e+08, 0.0000e+00
1.4400e+08, 0.0000e+00
1.4600e+08, 0.0000e+00
1.4800e+08, 0.0000e+00
1.5000e+08, 0.0000e+00
