ebin, xs
1.0000e-05, 4.9038e+04
1.0625e-05, 4.7574e+04
1.1250e-05, 4.6234e+04
1.1875e-05, 4.5001e+04
1.2500e-05, 4.3861e+04
1.3750e-05, 4.1820e+04
1.5000e-05, 4.0040e+04
1.6250e-05, 3.8469e+04
1.7500e-05, 3.7069e+04
1.8750e-05, 3.5812e+04
2.0000e-05, 3.4675e+04
2.1875e-05, 3.3156e+04
2.3750e-05, 3.1820e+04
2.5625e-05, 3.0634e+04
2.7500e-05, 2.9571e+04
2.9375e-05, 2.8611e+04
3.1250e-05, 2.7740e+04
3.3125e-05, 2.6943e+04
3.5000e-05, 2.6212e+04
3.8750e-05, 2.4911e+04
4.2500e-05, 2.3786e+04
4.6250e-05, 2.2802e+04
5.0000e-05, 2.1930e+04
5.3125e-05, 2.1275e+04
5.6250e-05, 2.0676e+04
5.9375e-05, 2.0124e+04
6.2500e-05, 1.9614e+04
6.8750e-05, 1.8702e+04
7.5000e-05, 1.7905e+04
8.1250e-05, 1.7203e+04
8.7500e-05, 1.6577e+04
9.3750e-05, 1.6015e+04
1.0000e-04, 1.5506e+04
1.0625e-04, 1.5043e+04
1.1250e-04, 1.4619e+04
1.1875e-04, 1.4229e+04
1.2500e-04, 1.3869e+04
1.3750e-04, 1.3223e+04
1.5000e-04, 1.2660e+04
1.6250e-04, 1.2163e+04
1.7500e-04, 1.1721e+04
1.8750e-04, 1.1323e+04
2.0000e-04, 1.0963e+04
2.1875e-04, 1.0483e+04
2.3750e-04, 1.0060e+04
2.5625e-04, 9.6851e+03
2.7500e-04, 9.3489e+03
2.9375e-04, 9.0455e+03
3.1250e-04, 8.7698e+03
3.3125e-04, 8.5178e+03
3.5000e-04, 8.2863e+03
3.8750e-04, 7.8749e+03
4.2500e-04, 7.5192e+03
4.6250e-04, 7.2076e+03
5.0000e-04, 6.9318e+03
5.3125e-04, 6.7247e+03
5.6250e-04, 6.5350e+03
5.9375e-04, 6.3605e+03
6.2500e-04, 6.1993e+03
6.8750e-04, 5.9104e+03
7.5000e-04, 5.6585e+03
8.1250e-04, 5.4362e+03
8.7500e-04, 5.2381e+03
9.3750e-04, 5.0602e+03
1.0000e-03, 4.8992e+03
1.0625e-03, 4.7527e+03
1.1250e-03, 4.6185e+03
1.1875e-03, 4.4951e+03
1.2500e-03, 4.3810e+03
1.3750e-03, 4.1766e+03
1.5000e-03, 3.9983e+03
1.6250e-03, 3.8410e+03
1.7500e-03, 3.7009e+03
1.8750e-03, 3.5750e+03
2.0000e-03, 3.4610e+03
2.1875e-03, 3.3088e+03
2.3750e-03, 3.1750e+03
2.5625e-03, 3.0561e+03
2.7500e-03, 2.9496e+03
2.9375e-03, 2.8534e+03
3.1250e-03, 2.7660e+03
3.3125e-03, 2.6861e+03
3.5000e-03, 2.6127e+03
3.8750e-03, 2.4822e+03
4.2500e-03, 2.3694e+03
4.6250e-03, 2.2705e+03
5.0000e-03, 2.1829e+03
5.3125e-03, 2.1171e+03
5.6250e-03, 2.0569e+03
5.9375e-03, 2.0015e+03
6.2500e-03, 1.9503e+03
6.8750e-03, 1.8585e+03
7.5000e-03, 1.7784e+03
8.1250e-03, 1.7076e+03
8.7500e-03, 1.6446e+03
9.3750e-03, 1.5879e+03
1.0000e-02, 1.5366e+03
1.0625e-02, 1.4899e+03
1.1250e-02, 1.4472e+03
1.1875e-02, 1.4079e+03
1.2500e-02, 1.3716e+03
1.3750e-02, 1.3064e+03
1.5000e-02, 1.2495e+03
1.6250e-02, 1.1992e+03
1.7500e-02, 1.1544e+03
1.8750e-02, 1.1141e+03
2.0000e-02, 1.0776e+03
2.1325e-02, 1.0425e+03
2.2650e-02, 1.0105e+03
2.3975e-02, 9.8124e+02
2.5300e-02, 9.5426e+02
2.6844e-02, 9.2539e+02
2.8387e-02, 8.9892e+02
2.9931e-02, 8.7453e+02
3.1475e-02, 8.5198e+02
3.4563e-02, 8.1145e+02
3.7650e-02, 7.7594e+02
4.0738e-02, 7.4453e+02
4.3825e-02, 7.1652e+02
4.6913e-02, 6.9134e+02
5.0000e-02, 6.6857e+02
5.3125e-02, 6.4761e+02
5.6250e-02, 6.2847e+02
5.9375e-02, 6.1092e+02
6.2500e-02, 5.9479e+02
6.8750e-02, 5.6595e+02
7.5000e-02, 5.4086e+02
8.1250e-02, 5.1889e+02
8.7500e-02, 4.9950e+02
9.3750e-02, 4.8227e+02
1.0000e-01, 4.6687e+02
1.0625e-01, 4.5305e+02
1.1250e-01, 4.4059e+02
1.1875e-01, 4.2934e+02
1.2500e-01, 4.1914e+02
1.3125e-01, 4.0991e+02
1.3750e-01, 4.0158e+02
1.5000e-01, 3.8709e+02
1.6250e-01, 3.7509e+02
1.7500e-01, 3.6532e+02
1.8750e-01, 3.5750e+02
2.0000e-01, 3.5141e+02
2.0938e-01, 3.4790e+02
2.1875e-01, 3.4527e+02
2.2812e-01, 3.4348e+02
2.3750e-01, 3.4250e+02
2.4688e-01, 3.4232e+02
2.5625e-01, 3.4293e+02
2.6562e-01, 3.4435e+02
2.7500e-01, 3.4659e+02
2.8437e-01, 3.4967e+02
2.9375e-01, 3.5363e+02
3.0312e-01, 3.5852e+02
3.1250e-01, 3.6438e+02
3.2188e-01, 3.7128e+02
3.3125e-01, 3.7931e+02
3.4063e-01, 3.8857e+02
3.5000e-01, 3.9915e+02
3.5938e-01, 4.1121e+02
3.6875e-01, 4.2489e+02
3.7812e-01, 4.4039e+02
3.8750e-01, 4.5793e+02
3.9687e-01, 4.7778e+02
4.0625e-01, 5.0026e+02
4.1563e-01, 5.2573e+02
4.2500e-01, 5.5464e+02
4.3203e-01, 5.7889e+02
4.3906e-01, 6.0566e+02
4.4609e-01, 6.3531e+02
4.5312e-01, 6.6822e+02
4.6016e-01, 7.0486e+02
4.6719e-01, 7.4573e+02
4.7422e-01, 7.9150e+02
4.8125e-01, 8.4294e+02
4.8594e-01, 8.8083e+02
4.9062e-01, 9.2194e+02
5.0000e-01, 1.0152e+03
5.0910e-01, 1.1227e+03
5.1820e-01, 1.2514e+03
5.2730e-01, 1.4068e+03
5.3640e-01, 1.5964e+03
5.4231e-01, 1.7428e+03
5.4823e-01, 1.9116e+03
5.5414e-01, 2.1076e+03
5.6006e-01, 2.3365e+03
5.6598e-01, 2.6056e+03
5.6893e-01, 2.7580e+03
5.7189e-01, 2.9240e+03
5.7485e-01, 3.1049e+03
5.7781e-01, 3.3025e+03
5.8076e-01, 3.5185e+03
5.8372e-01, 3.7547e+03
5.8736e-01, 4.0762e+03
5.9100e-01, 4.4356e+03
5.9344e-01, 4.7002e+03
5.9589e-01, 4.9849e+03
5.9833e-01, 5.2910e+03
6.0077e-01, 5.6195e+03
6.0322e-01, 5.9712e+03
6.0566e-01, 6.3466e+03
6.0811e-01, 6.7461e+03
6.1055e-01, 7.1691e+03
6.1544e-01, 8.0814e+03
6.2033e-01, 9.0658e+03
6.2521e-01, 1.0089e+04
6.3010e-01, 1.1101e+04
6.3577e-01, 1.2174e+04
6.4145e-01, 1.3028e+04
6.4712e-01, 1.3557e+04
6.5280e-01, 1.3687e+04
6.5734e-01, 1.3489e+04
6.6188e-01, 1.3040e+04
6.6540e-01, 1.2543e+04
6.6893e-01, 1.1941e+04
6.7598e-01, 1.0537e+04
6.8302e-01, 9.0377e+03
6.9007e-01, 7.6075e+03
6.9712e-01, 6.3408e+03
7.0417e-01, 5.2720e+03
7.1122e-01, 4.3961e+03
7.1827e-01, 3.6886e+03
7.2252e-01, 3.3310e+03
7.2677e-01, 3.0174e+03
7.3102e-01, 2.7422e+03
7.3527e-01, 2.5002e+03
7.3952e-01, 2.2868e+03
7.4377e-01, 2.0981e+03
7.5227e-01, 1.7820e+03
7.6077e-01, 1.5301e+03
7.6927e-01, 1.3268e+03
7.7777e-01, 1.1604e+03
7.8627e-01, 1.0229e+03
7.9356e-01, 9.2326e+02
8.0084e-01, 8.3737e+02
8.0813e-01, 7.6289e+02
8.1542e-01, 6.9791e+02
8.2270e-01, 6.4091e+02
8.2999e-01, 5.9066e+02
8.4456e-01, 5.0653e+02
8.5913e-01, 4.3943e+02
8.7370e-01, 3.8518e+02
8.8828e-01, 3.4075e+02
9.0285e-01, 3.0376e+02
9.1499e-01, 2.7740e+02
9.2714e-01, 2.5442e+02
9.3928e-01, 2.3428e+02
9.5142e-01, 2.1656e+02
9.7571e-01, 1.8693e+02
1.0000e+00, 1.6328e+02
1.0156e+00, 1.5055e+02
1.0312e+00, 1.3943e+02
1.0625e+00, 1.2084e+02
1.0938e+00, 1.0592e+02
1.1250e+00, 9.3845e+01
1.1562e+00, 8.3928e+01
1.1875e+00, 7.5679e+01
1.2188e+00, 6.8738e+01
1.2500e+00, 6.2838e+01
1.2812e+00, 5.7779e+01
1.3125e+00, 5.3451e+01
1.3750e+00, 4.6330e+01
1.4375e+00, 4.0739e+01
1.5000e+00, 3.6300e+01
1.5625e+00, 3.2714e+01
1.6250e+00, 2.9774e+01
1.6875e+00, 2.7334e+01
1.7500e+00, 2.5288e+01
1.8125e+00, 2.3558e+01
1.8750e+00, 2.2097e+01
2.0000e+00, 1.9757e+01
2.0938e+00, 1.8397e+01
2.1875e+00, 1.7313e+01
2.2812e+00, 1.6448e+01
2.3750e+00, 1.5772e+01
2.5625e+00, 1.4861e+01
2.7500e+00, 1.4435e+01
2.9375e+00, 1.4442e+01
3.1250e+00, 1.4872e+01
3.3125e+00, 1.5768e+01
3.5000e+00, 1.7216e+01
3.5938e+00, 1.8199e+01
3.6875e+00, 1.9413e+01
3.7812e+00, 2.0893e+01
3.8750e+00, 2.2703e+01
3.9688e+00, 2.4928e+01
4.0625e+00, 2.7683e+01
4.1562e+00, 3.1135e+01
4.2500e+00, 3.5521e+01
4.3203e+00, 3.9607e+01
4.3906e+00, 4.4550e+01
4.4609e+00, 5.0780e+01
4.5312e+00, 5.8666e+01
4.5664e+00, 6.3416e+01
4.6016e+00, 6.8840e+01
4.6367e+00, 7.5072e+01
4.6719e+00, 8.2281e+01
4.7070e+00, 9.0685e+01
4.7422e+00, 1.0056e+02
4.7773e+00, 1.1223e+02
4.8125e+00, 1.2616e+02
4.8359e+00, 1.3703e+02
4.8594e+00, 1.4950e+02
4.8828e+00, 1.6389e+02
4.9062e+00, 1.8059e+02
4.9297e+00, 2.0009e+02
4.9414e+00, 2.1110e+02
4.9531e+00, 2.2307e+02
4.9648e+00, 2.3614e+02
4.9766e+00, 2.5045e+02
4.9883e+00, 2.6615e+02
5.0000e+00, 2.8345e+02
5.0136e+00, 3.0581e+02
5.0272e+00, 3.3103e+02
5.0408e+00, 3.5963e+02
5.0544e+00, 3.9225e+02
5.0680e+00, 4.2967e+02
5.0815e+00, 4.7292e+02
5.0951e+00, 5.2328e+02
5.1087e+00, 5.8243e+02
5.1223e+00, 6.5256e+02
5.1291e+00, 6.9263e+02
5.1359e+00, 7.3663e+02
5.1427e+00, 7.8509e+02
5.1495e+00, 8.3863e+02
5.1563e+00, 8.9802e+02
5.1631e+00, 9.6412e+02
5.1699e+00, 1.0380e+03
5.1767e+00, 1.1209e+03
5.1835e+00, 1.2144e+03
5.1903e+00, 1.3202e+03
5.1971e+00, 1.4406e+03
5.2039e+00, 1.5780e+03
5.2107e+00, 1.7358e+03
5.2175e+00, 1.9174e+03
5.2249e+00, 2.1477e+03
5.2323e+00, 2.4176e+03
5.2397e+00, 2.7341e+03
5.2471e+00, 3.1044e+03
5.2545e+00, 3.5361e+03
5.2619e+00, 4.0354e+03
5.2694e+00, 4.6072e+03
5.2768e+00, 5.2536e+03
5.2844e+00, 5.9987e+03
5.2921e+00, 6.8122e+03
5.3075e+00, 8.5714e+03
5.3228e+00, 1.0306e+04
5.3305e+00, 1.1066e+04
5.3381e+00, 1.1699e+04
5.3491e+00, 1.2308e+04
5.3600e+00, 1.2505e+04
5.3655e+00, 1.2439e+04
5.3735e+00, 1.2145e+04
5.3816e+00, 1.1639e+04
5.3897e+00, 1.0955e+04
5.3977e+00, 1.0138e+04
5.4300e+00, 6.4801e+03
5.4399e+00, 5.4821e+03
5.4497e+00, 4.6065e+03
5.4596e+00, 3.8610e+03
5.4695e+00, 3.2402e+03
5.4793e+00, 2.7312e+03
5.4892e+00, 2.3177e+03
5.4991e+00, 1.9827e+03
5.5089e+00, 1.7110e+03
5.5168e+00, 1.5304e+03
5.5247e+00, 1.3763e+03
5.5326e+00, 1.2442e+03
5.5405e+00, 1.1303e+03
5.5484e+00, 1.0315e+03
5.5563e+00, 9.4529e+02
5.5642e+00, 8.6968e+02
5.5721e+00, 8.0303e+02
5.5878e+00, 6.9141e+02
5.6036e+00, 6.0226e+02
5.6194e+00, 5.2994e+02
5.6352e+00, 4.7048e+02
5.6497e+00, 4.2481e+02
5.6641e+00, 3.8589e+02
5.6786e+00, 3.5250e+02
5.6931e+00, 3.2370e+02
5.7075e+00, 2.9874e+02
5.7220e+00, 2.7703e+02
5.7509e+00, 2.4160e+02
5.7799e+00, 2.1469e+02
5.8088e+00, 1.9460e+02
5.8377e+00, 1.8040e+02
5.8667e+00, 1.7187e+02
5.8877e+00, 1.6954e+02
5.9061e+00, 1.7072e+02
5.9245e+00, 1.7576e+02
5.9429e+00, 1.8609e+02
5.9522e+00, 1.9394e+02
5.9614e+00, 2.0413e+02
5.9706e+00, 2.1720e+02
5.9798e+00, 2.3384e+02
5.9890e+00, 2.5483e+02
5.9982e+00, 2.8109e+02
6.0074e+00, 3.1357e+02
6.0166e+00, 3.5316e+02
6.0258e+00, 4.0055e+02
6.0350e+00, 4.5598e+02
6.0455e+00, 5.2860e+02
6.0613e+00, 6.5081e+02
6.0770e+00, 7.7576e+02
6.0928e+00, 8.8172e+02
6.1007e+00, 9.2017e+02
6.1085e+00, 9.4557e+02
6.1190e+00, 9.5635e+02
6.1269e+00, 9.4642e+02
6.1347e+00, 9.2162e+02
6.1429e+00, 8.8166e+02
6.1511e+00, 8.2980e+02
6.1674e+00, 7.0322e+02
6.1837e+00, 5.6777e+02
6.2001e+00, 4.4393e+02
6.2120e+00, 3.6766e+02
6.2239e+00, 3.0453e+02
6.2298e+00, 2.7771e+02
6.2358e+00, 2.5383e+02
6.2417e+00, 2.3263e+02
6.2477e+00, 2.1388e+02
6.2595e+00, 1.8268e+02
6.2714e+00, 1.5829e+02
6.2833e+00, 1.3911e+02
6.2952e+00, 1.2383e+02
6.3036e+00, 1.1486e+02
6.3120e+00, 1.0709e+02
6.3288e+00, 9.4347e+01
6.3456e+00, 8.4362e+01
6.3624e+00, 7.6344e+01
6.3792e+00, 6.9770e+01
6.3960e+00, 6.4285e+01
6.4128e+00, 5.9641e+01
6.4295e+00, 5.5661e+01
6.4631e+00, 4.9199e+01
6.4967e+00, 4.4168e+01
6.5303e+00, 4.0116e+01
6.5639e+00, 3.6772e+01
6.6114e+00, 3.2929e+01
6.6590e+00, 2.9855e+01
6.7066e+00, 2.7343e+01
6.7541e+00, 2.5260e+01
6.8017e+00, 2.3519e+01
6.8493e+00, 2.2029e+01
6.9444e+00, 1.9617e+01
7.0396e+00, 1.7808e+01
7.1347e+00, 1.6448e+01
7.2299e+00, 1.5439e+01
7.3250e+00, 1.4720e+01
7.4593e+00, 1.4131e+01
7.5937e+00, 1.4005e+01
7.6888e+00, 1.4203e+01
7.7839e+00, 1.4666e+01
7.8791e+00, 1.5442e+01
7.9742e+00, 1.6609e+01
8.0694e+00, 1.8286e+01
8.1169e+00, 1.9361e+01
8.1645e+00, 2.0639e+01
8.2121e+00, 2.2181e+01
8.2597e+00, 2.4043e+01
8.3072e+00, 2.6299e+01
8.3548e+00, 2.9054e+01
8.3996e+00, 3.2235e+01
8.4443e+00, 3.6158e+01
8.4891e+00, 4.1062e+01
8.5339e+00, 4.7281e+01
8.5563e+00, 5.1030e+01
8.5787e+00, 5.5318e+01
8.6011e+00, 6.0261e+01
8.6234e+00, 6.6006e+01
8.6458e+00, 7.2739e+01
8.6682e+00, 8.0697e+01
8.6906e+00, 9.0196e+01
8.7130e+00, 1.0166e+02
8.7298e+00, 1.1190e+02
8.7466e+00, 1.2390e+02
8.7634e+00, 1.3811e+02
8.7801e+00, 1.5513e+02
8.7969e+00, 1.7578e+02
8.8137e+00, 2.0125e+02
8.8221e+00, 2.1629e+02
8.8305e+00, 2.3322e+02
8.8389e+00, 2.5239e+02
8.8473e+00, 2.7422e+02
8.8571e+00, 3.0375e+02
8.8620e+00, 3.2046e+02
8.8669e+00, 3.3865e+02
8.8718e+00, 3.5852e+02
8.8767e+00, 3.8026e+02
8.8816e+00, 4.0408e+02
8.8865e+00, 4.3023e+02
8.8914e+00, 4.5900e+02
8.8963e+00, 4.9067e+02
8.9012e+00, 5.2558e+02
8.9061e+00, 5.6409e+02
8.9110e+00, 6.0660e+02
8.9159e+00, 6.5350e+02
8.9208e+00, 7.0524e+02
8.9257e+00, 7.6226e+02
8.9295e+00, 8.1107e+02
8.9334e+00, 8.6364e+02
8.9372e+00, 9.2018e+02
8.9411e+00, 9.8088e+02
8.9487e+00, 1.1156e+03
8.9564e+00, 1.2689e+03
8.9641e+00, 1.4416e+03
8.9718e+00, 1.6336e+03
8.9795e+00, 1.8438e+03
8.9872e+00, 2.0701e+03
8.9947e+00, 2.3026e+03
9.0022e+00, 2.5426e+03
9.0172e+00, 3.0214e+03
9.0322e+00, 3.4509e+03
9.0472e+00, 3.7710e+03
9.0576e+00, 3.9011e+03
9.0680e+00, 3.9430e+03
9.0784e+00, 3.8932e+03
9.0866e+00, 3.7915e+03
9.0949e+00, 3.6403e+03
9.1031e+00, 3.4472e+03
9.1113e+00, 3.2213e+03
9.1278e+00, 2.7117e+03
9.1442e+00, 2.1879e+03
9.1543e+00, 1.8862e+03
9.1644e+00, 1.6107e+03
9.1745e+00, 1.3666e+03
9.1846e+00, 1.1554e+03
9.1947e+00, 9.7640e+02
9.2048e+00, 8.2701e+02
9.2149e+00, 7.0373e+02
9.2250e+00, 6.0272e+02
9.2336e+00, 5.3097e+02
9.2423e+00, 4.7065e+02
9.2509e+00, 4.1981e+02
9.2596e+00, 3.7680e+02
9.2682e+00, 3.4023e+02
9.2769e+00, 3.0898e+02
9.2855e+00, 2.8209e+02
9.2942e+00, 2.5882e+02
9.3029e+00, 2.3855e+02
9.3115e+00, 2.2080e+02
9.3288e+00, 1.9132e+02
9.3461e+00, 1.6801e+02
9.3634e+00, 1.4928e+02
9.3778e+00, 1.3635e+02
9.3923e+00, 1.2538e+02
9.4067e+00, 1.1601e+02
9.4211e+00, 1.0798e+02
9.4500e+00, 9.5144e+01
9.4788e+00, 8.5720e+01
9.5076e+00, 7.8991e+01
9.5365e+00, 7.4553e+01
9.5653e+00, 7.2252e+01
9.5942e+00, 7.2179e+01
9.6158e+00, 7.3817e+01
9.6374e+00, 7.7281e+01
9.6591e+00, 8.3181e+01
9.6699e+00, 8.7346e+01
9.6807e+00, 9.2558e+01
9.6915e+00, 9.9059e+01
9.7023e+00, 1.0716e+02
9.7132e+00, 1.1725e+02
9.7240e+00, 1.2981e+02
9.7348e+00, 1.4540e+02
9.7456e+00, 1.6466e+02
9.7564e+00, 1.8824e+02
9.7672e+00, 2.1680e+02
9.7744e+00, 2.3885e+02
9.7817e+00, 2.6342e+02
9.7961e+00, 3.2009e+02
9.8119e+00, 3.9264e+02
9.8278e+00, 4.7176e+02
9.8436e+00, 5.5014e+02
9.8595e+00, 6.1824e+02
9.8681e+00, 6.4738e+02
9.8767e+00, 6.6909e+02
9.8854e+00, 6.8229e+02
9.8940e+00, 6.8630e+02
9.9026e+00, 6.8090e+02
9.9113e+00, 6.6636e+02
9.9256e+00, 6.2404e+02
9.9400e+00, 5.6422e+02
9.9550e+00, 4.9103e+02
9.9700e+00, 4.1503e+02
9.9850e+00, 3.4302e+02
1.0000e+01, 2.7950e+02
1.0008e+01, 2.5080e+02
1.0015e+01, 2.2503e+02
1.0023e+01, 2.0209e+02
1.0031e+01, 1.8190e+02
1.0039e+01, 1.6423e+02
1.0046e+01, 1.4888e+02
1.0054e+01, 1.3559e+02
1.0062e+01, 1.2416e+02
1.0070e+01, 1.1432e+02
1.0077e+01, 1.0589e+02
1.0085e+01, 9.8664e+01
1.0093e+01, 9.2493e+01
1.0108e+01, 8.2738e+01
1.0124e+01, 7.5749e+01
1.0139e+01, 7.0925e+01
1.0155e+01, 6.7907e+01
1.0170e+01, 6.6507e+01
1.0186e+01, 6.6686e+01
1.0201e+01, 6.8527e+01
1.0217e+01, 7.2224e+01
1.0232e+01, 7.8059e+01
1.0248e+01, 8.6352e+01
1.0263e+01, 9.7384e+01
1.0278e+01, 1.1127e+02
1.0294e+01, 1.2781e+02
1.0309e+01, 1.4634e+02
1.0330e+01, 1.7196e+02
1.0345e+01, 1.8907e+02
1.0360e+01, 2.0280e+02
1.0375e+01, 2.1145e+02
1.0390e+01, 2.1382e+02
1.0401e+01, 2.1120e+02
1.0412e+01, 2.0495e+02
1.0424e+01, 1.9549e+02
1.0435e+01, 1.8344e+02
1.0481e+01, 1.2322e+02
1.0492e+01, 1.0891e+02
1.0504e+01, 9.5822e+01
1.0515e+01, 8.4147e+01
1.0527e+01, 7.3935e+01
1.0537e+01, 6.6097e+01
1.0547e+01, 5.9286e+01
1.0557e+01, 5.3404e+01
1.0567e+01, 4.8346e+01
1.0577e+01, 4.3993e+01
1.0588e+01, 4.0246e+01
1.0598e+01, 3.7015e+01
1.0608e+01, 3.4219e+01
1.0628e+01, 2.9655e+01
1.0648e+01, 2.6130e+01
1.0669e+01, 2.3345e+01
1.0689e+01, 2.1100e+01
1.0705e+01, 1.9614e+01
1.0721e+01, 1.8329e+01
1.0753e+01, 1.6217e+01
1.0785e+01, 1.4554e+01
1.0817e+01, 1.3212e+01
1.0849e+01, 1.2106e+01
1.0881e+01, 1.1182e+01
1.0913e+01, 1.0397e+01
1.0945e+01, 9.7216e+00
1.1009e+01, 8.6122e+00
1.1073e+01, 7.7351e+00
1.1137e+01, 7.0257e+00
1.1200e+01, 6.4399e+00
1.1290e+01, 5.7718e+00
1.1380e+01, 5.2358e+00
1.1469e+01, 4.7982e+00
1.1559e+01, 4.4245e+00
1.1648e+01, 4.1063e+00
1.1738e+01, 3.8325e+00
1.1917e+01, 3.3859e+00
1.2096e+01, 3.0382e+00
1.2275e+01, 2.7612e+00
1.2454e+01, 2.5422e+00
1.2633e+01, 2.3536e+00
1.2940e+01, 2.1038e+00
1.3247e+01, 1.9184e+00
1.3554e+01, 1.7792e+00
1.3861e+01, 1.6754e+00
1.4168e+01, 1.5999e+00
1.4475e+01, 1.5485e+00
1.4782e+01, 1.5190e+00
1.5089e+01, 1.5104e+00
1.5396e+01, 1.5234e+00
1.5703e+01, 1.5601e+00
1.6010e+01, 1.6250e+00
1.6317e+01, 1.7255e+00
1.6624e+01, 1.8743e+00
1.6778e+01, 1.9730e+00
1.6931e+01, 2.0932e+00
1.7085e+01, 2.2361e+00
1.7238e+01, 2.4179e+00
1.7392e+01, 2.6461e+00
1.7545e+01, 2.9369e+00
1.7656e+01, 3.1995e+00
1.7767e+01, 3.5194e+00
1.7878e+01, 3.9132e+00
1.7989e+01, 4.4161e+00
1.8100e+01, 5.0694e+00
1.8155e+01, 5.4716e+00
1.8211e+01, 5.9395e+00
1.8266e+01, 6.4886e+00
1.8321e+01, 7.1394e+00
1.8377e+01, 7.9192e+00
1.8432e+01, 8.8641e+00
1.8483e+01, 9.9271e+00
1.8535e+01, 1.1236e+01
1.8586e+01, 1.2881e+01
1.8637e+01, 1.4993e+01
1.8663e+01, 1.6284e+01
1.8688e+01, 1.7774e+01
1.8714e+01, 1.9509e+01
1.8739e+01, 2.1549e+01
1.8765e+01, 2.3972e+01
1.8790e+01, 2.6886e+01
1.8816e+01, 3.0445e+01
1.8842e+01, 3.4875e+01
1.8865e+01, 3.9990e+01
1.8889e+01, 4.6526e+01
1.8900e+01, 5.0519e+01
1.8912e+01, 5.5135e+01
1.8924e+01, 6.0530e+01
1.8935e+01, 6.6886e+01
1.8947e+01, 7.4462e+01
1.8959e+01, 8.3574e+01
1.8971e+01, 9.4628e+01
1.8982e+01, 1.0812e+02
1.8994e+01, 1.2470e+02
1.9006e+01, 1.4509e+02
1.9012e+01, 1.5700e+02
1.9017e+01, 1.7019e+02
1.9023e+01, 1.8479e+02
1.9029e+01, 2.0093e+02
1.9035e+01, 2.1705e+02
1.9040e+01, 2.3465e+02
1.9045e+01, 2.5383e+02
1.9051e+01, 2.7466e+02
1.9056e+01, 2.9724e+02
1.9061e+01, 3.2163e+02
1.9067e+01, 3.4791e+02
1.9072e+01, 3.7611e+02
1.9078e+01, 4.1254e+02
1.9085e+01, 4.5174e+02
1.9091e+01, 4.9376e+02
1.9097e+01, 5.3839e+02
1.9104e+01, 5.8559e+02
1.9110e+01, 6.3498e+02
1.9123e+01, 7.3932e+02
1.9135e+01, 8.3897e+02
1.9146e+01, 9.3893e+02
1.9170e+01, 1.1233e+03
1.9182e+01, 1.2036e+03
1.9195e+01, 1.2647e+03
1.9207e+01, 1.3029e+03
1.9220e+01, 1.3154e+03
1.9229e+01, 1.3075e+03
1.9245e+01, 1.2622e+03
1.9261e+01, 1.1811e+03
1.9276e+01, 1.0724e+03
1.9292e+01, 9.4635e+02
1.9310e+01, 7.9860e+02
1.9327e+01, 6.5471e+02
1.9344e+01, 5.2400e+02
1.9353e+01, 4.6548e+02
1.9362e+01, 4.1199e+02
1.9370e+01, 3.6747e+02
1.9378e+01, 3.2727e+02
1.9386e+01, 2.9126e+02
1.9394e+01, 2.5924e+02
1.9402e+01, 2.3093e+02
1.9410e+01, 2.0605e+02
1.9418e+01, 1.8428e+02
1.9426e+01, 1.6533e+02
1.9434e+01, 1.4882e+02
1.9442e+01, 1.3450e+02
1.9450e+01, 1.2208e+02
1.9457e+01, 1.1133e+02
1.9465e+01, 1.0198e+02
1.9473e+01, 9.3854e+01
1.9481e+01, 8.6776e+01
1.9489e+01, 8.0599e+01
1.9505e+01, 7.0409e+01
1.9521e+01, 6.2467e+01
1.9537e+01, 5.6184e+01
1.9553e+01, 5.1148e+01
1.9569e+01, 4.7061e+01
1.9585e+01, 4.3719e+01
1.9601e+01, 4.0972e+01
1.9617e+01, 3.8715e+01
1.9649e+01, 3.5367e+01
1.9681e+01, 3.3258e+01
1.9713e+01, 3.2166e+01
1.9745e+01, 3.1993e+01
1.9774e+01, 3.2639e+01
1.9803e+01, 3.4134e+01
1.9832e+01, 3.6658e+01
1.9846e+01, 3.8401e+01
1.9861e+01, 4.0542e+01
1.9875e+01, 4.3166e+01
1.9890e+01, 4.6385e+01
1.9904e+01, 5.0352e+01
1.9919e+01, 5.5269e+01
1.9933e+01, 6.1420e+01
1.9948e+01, 6.9169e+01
1.9962e+01, 7.9013e+01
1.9977e+01, 9.1559e+01
1.9988e+01, 1.0406e+02
2.0000e+01, 1.1923e+02
2.0014e+01, 1.4139e+02
2.0027e+01, 1.6887e+02
2.0041e+01, 2.0253e+02
2.0055e+01, 2.4307e+02
2.0069e+01, 2.9085e+02
2.0082e+01, 3.4579e+02
2.0096e+01, 4.0716e+02
2.0110e+01, 4.7348e+02
2.0139e+01, 6.1742e+02
2.0153e+01, 6.8431e+02
2.0168e+01, 7.4199e+02
2.0178e+01, 7.7620e+02
2.0189e+01, 8.0160e+02
2.0199e+01, 8.1713e+02
2.0210e+01, 8.2206e+02
2.0215e+01, 8.2046e+02
2.0225e+01, 8.1104e+02
2.0234e+01, 7.9350e+02
2.0253e+01, 7.3679e+02
2.0272e+01, 6.5786e+02
2.0291e+01, 5.6627e+02
2.0312e+01, 4.6091e+02
2.0333e+01, 3.6254e+02
2.0343e+01, 3.1822e+02
2.0354e+01, 2.7792e+02
2.0364e+01, 2.4181e+02
2.0375e+01, 2.0990e+02
2.0385e+01, 1.8203e+02
2.0396e+01, 1.5797e+02
2.0406e+01, 1.3736e+02
2.0417e+01, 1.1985e+02
2.0427e+01, 1.0502e+02
2.0438e+01, 9.2529e+01
2.0448e+01, 8.2003e+01
2.0459e+01, 7.3131e+01
2.0469e+01, 6.5629e+01
2.0480e+01, 5.9275e+01
2.0490e+01, 5.3857e+01
2.0501e+01, 4.9219e+01
2.0511e+01, 4.5216e+01
2.0522e+01, 4.1745e+01
2.0543e+01, 3.6044e+01
2.0563e+01, 3.1759e+01
2.0583e+01, 2.8296e+01
2.0603e+01, 2.5445e+01
2.0623e+01, 2.3062e+01
2.0643e+01, 2.1043e+01
2.0663e+01, 1.9316e+01
2.0683e+01, 1.7825e+01
2.0703e+01, 1.6526e+01
2.0743e+01, 1.4382e+01
2.0783e+01, 1.2696e+01
2.0823e+01, 1.1344e+01
2.0863e+01, 1.0242e+01
2.0916e+01, 9.0602e+00
2.0970e+01, 8.1209e+00
2.1023e+01, 7.3612e+00
2.1077e+01, 6.7387e+00
2.1130e+01, 6.2233e+00
2.1184e+01, 5.7924e+00
2.1237e+01, 5.4296e+00
2.1290e+01, 5.1226e+00
2.1397e+01, 4.6390e+00
2.1504e+01, 4.2794e+00
2.1611e+01, 4.0111e+00
2.1718e+01, 3.8143e+00
2.1840e+01, 3.6577e+00
2.1962e+01, 3.5599e+00
2.2084e+01, 3.5113e+00
2.2206e+01, 3.5059e+00
2.2366e+01, 3.5597e+00
2.2527e+01, 3.6821e+00
2.2687e+01, 3.8783e+00
2.2847e+01, 4.1612e+00
2.3007e+01, 4.5537e+00
2.3168e+01, 5.0960e+00
2.3248e+01, 5.4439e+00
2.3328e+01, 5.8594e+00
2.3408e+01, 6.3597e+00
2.3488e+01, 6.9779e+00
2.3545e+01, 7.5215e+00
2.3603e+01, 8.1811e+00
2.3660e+01, 8.9999e+00
2.3717e+01, 1.0052e+01
2.3746e+01, 1.0706e+01
2.3774e+01, 1.1479e+01
2.3803e+01, 1.2416e+01
2.3832e+01, 1.3582e+01
2.3860e+01, 1.5091e+01
2.3875e+01, 1.6029e+01
2.3889e+01, 1.7135e+01
2.3903e+01, 1.8457e+01
2.3918e+01, 2.0057e+01
2.3932e+01, 2.2017e+01
2.3946e+01, 2.4435e+01
2.3963e+01, 2.8126e+01
2.3972e+01, 3.0368e+01
2.3980e+01, 3.2920e+01
2.3989e+01, 3.5823e+01
2.3998e+01, 3.9111e+01
2.4006e+01, 4.2828e+01
2.4015e+01, 4.7000e+01
2.4032e+01, 5.6848e+01
2.4049e+01, 6.8812e+01
2.4066e+01, 8.2869e+01
2.4083e+01, 9.8741e+01
2.4099e+01, 1.1392e+02
2.4114e+01, 1.2945e+02
2.4145e+01, 1.5836e+02
2.4158e+01, 1.6900e+02
2.4172e+01, 1.7718e+02
2.4186e+01, 1.8241e+02
2.4200e+01, 1.8437e+02
2.4215e+01, 1.8266e+02
2.4230e+01, 1.7713e+02
2.4249e+01, 1.6592e+02
2.4267e+01, 1.5103e+02
2.4304e+01, 1.1637e+02
2.4324e+01, 9.7831e+01
2.4344e+01, 8.1458e+01
2.4354e+01, 7.4308e+01
2.4364e+01, 6.7913e+01
2.4375e+01, 6.2270e+01
2.4385e+01, 5.7360e+01
2.4395e+01, 5.3139e+01
2.4405e+01, 4.9568e+01
2.4415e+01, 4.6585e+01
2.4425e+01, 4.4129e+01
2.4445e+01, 4.0562e+01
2.4466e+01, 3.8425e+01
2.4485e+01, 3.7388e+01
2.4505e+01, 3.7094e+01
2.4524e+01, 3.7378e+01
2.4543e+01, 3.8129e+01
2.4582e+01, 4.0805e+01
2.4621e+01, 4.4928e+01
2.4660e+01, 5.0626e+01
2.4679e+01, 5.4174e+01
2.4698e+01, 5.8277e+01
2.4718e+01, 6.3035e+01
2.4737e+01, 6.8571e+01
2.4757e+01, 7.5052e+01
2.4776e+01, 8.2700e+01
2.4801e+01, 9.4611e+01
2.4825e+01, 1.0982e+02
2.4838e+01, 1.1907e+02
2.4850e+01, 1.2973e+02
2.4862e+01, 1.4209e+02
2.4875e+01, 1.5653e+02
2.4887e+01, 1.7354e+02
2.4899e+01, 1.9366e+02
2.4912e+01, 2.1765e+02
2.4924e+01, 2.4632e+02
2.4936e+01, 2.8072e+02
2.4949e+01, 3.2195e+02
2.4961e+01, 3.7133e+02
2.4973e+01, 4.3023e+02
2.4986e+01, 5.0559e+02
2.5000e+01, 5.9519e+02
2.5013e+01, 7.0042e+02
2.5026e+01, 8.2210e+02
2.5039e+01, 9.6058e+02
2.5053e+01, 1.1150e+03
2.5066e+01, 1.2833e+03
2.5079e+01, 1.4620e+03
2.5117e+01, 1.9824e+03
2.5135e+01, 2.2119e+03
2.5154e+01, 2.3919e+03
2.5172e+01, 2.4999e+03
2.5190e+01, 2.5360e+03
2.5208e+01, 2.4948e+03
2.5226e+01, 2.3792e+03
2.5245e+01, 2.2010e+03
2.5263e+01, 1.9779e+03
2.5301e+01, 1.4532e+03
2.5320e+01, 1.2004e+03
2.5339e+01, 9.7266e+02
2.5356e+01, 7.9211e+02
2.5365e+01, 7.1262e+02
2.5374e+01, 6.4039e+02
2.5383e+01, 5.7506e+02
2.5391e+01, 5.1644e+02
2.5400e+01, 4.6406e+02
2.5409e+01, 4.1746e+02
2.5417e+01, 3.7611e+02
2.5426e+01, 3.3962e+02
2.5435e+01, 3.0741e+02
2.5444e+01, 2.7908e+02
2.5452e+01, 2.5413e+02
2.5461e+01, 2.3219e+02
2.5470e+01, 2.1287e+02
2.5478e+01, 1.9583e+02
2.5495e+01, 1.6855e+02
2.5512e+01, 1.4680e+02
2.5528e+01, 1.2923e+02
2.5545e+01, 1.1486e+02
2.5562e+01, 1.0294e+02
2.5578e+01, 9.2938e+01
2.5595e+01, 8.4433e+01
2.5611e+01, 7.7136e+01
2.5628e+01, 7.0811e+01
2.5645e+01, 6.5291e+01
2.5678e+01, 5.6138e+01
2.5711e+01, 4.8897e+01
2.5745e+01, 4.3060e+01
2.5776e+01, 3.8487e+01
2.5808e+01, 3.4661e+01
2.5840e+01, 3.1422e+01
2.5871e+01, 2.8656e+01
2.5903e+01, 2.6273e+01
2.5935e+01, 2.4205e+01
2.5998e+01, 2.0817e+01
2.6061e+01, 1.8186e+01
2.6125e+01, 1.6111e+01
2.6188e+01, 1.4456e+01
2.6252e+01, 1.3128e+01
2.6340e+01, 1.1701e+01
2.6429e+01, 1.0698e+01
2.6473e+01, 1.0355e+01
2.6518e+01, 1.0140e+01
2.6562e+01, 1.0107e+01
2.6584e+01, 1.0196e+01
2.6606e+01, 1.0394e+01
2.6632e+01, 1.0813e+01
2.6657e+01, 1.1534e+01
2.6670e+01, 1.2048e+01
2.6682e+01, 1.2689e+01
2.6695e+01, 1.3476e+01
2.6708e+01, 1.4429e+01
2.6721e+01, 1.5563e+01
2.6733e+01, 1.6889e+01
2.6746e+01, 1.8410e+01
2.6759e+01, 2.0119e+01
2.6784e+01, 2.4017e+01
2.6809e+01, 2.8262e+01
2.6835e+01, 3.2333e+01
2.6860e+01, 3.5584e+01
2.6880e+01, 3.7175e+01
2.6900e+01, 3.7671e+01
2.6918e+01, 3.7147e+01
2.6935e+01, 3.5775e+01
2.6953e+01, 3.3611e+01
2.6971e+01, 3.0885e+01
2.7007e+01, 2.4675e+01
2.7038e+01, 1.9617e+01
2.7053e+01, 1.7413e+01
2.7069e+01, 1.5483e+01
2.7084e+01, 1.3837e+01
2.7100e+01, 1.2465e+01
2.7115e+01, 1.1342e+01
2.7130e+01, 1.0438e+01
2.7146e+01, 9.7161e+00
2.7161e+01, 9.1449e+00
2.7177e+01, 8.6934e+00
2.7192e+01, 8.3360e+00
2.7223e+01, 7.8231e+00
2.7254e+01, 7.4865e+00
2.7310e+01, 7.1185e+00
2.7366e+01, 6.9166e+00
2.7477e+01, 6.7559e+00
2.7601e+01, 6.7941e+00
2.7724e+01, 6.9900e+00
2.7847e+01, 7.3261e+00
2.7970e+01, 7.8084e+00
2.8093e+01, 8.4586e+00
2.8216e+01, 9.3141e+00
2.8339e+01, 1.0433e+01
2.8463e+01, 1.1903e+01
2.8552e+01, 1.3268e+01
2.8631e+01, 1.4732e+01
2.8709e+01, 1.6519e+01
2.8787e+01, 1.8721e+01
2.8866e+01, 2.1481e+01
2.8944e+01, 2.5018e+01
2.8983e+01, 2.7171e+01
2.9022e+01, 2.9649e+01
2.9062e+01, 3.2520e+01
2.9101e+01, 3.5870e+01
2.9140e+01, 3.9814e+01
2.9179e+01, 4.4503e+01
2.9218e+01, 5.0139e+01
2.9257e+01, 5.7003e+01
2.9297e+01, 6.5498e+01
2.9316e+01, 7.0531e+01
2.9336e+01, 7.6215e+01
2.9355e+01, 8.2675e+01
2.9375e+01, 9.0061e+01
2.9395e+01, 9.8574e+01
2.9414e+01, 1.0847e+02
2.9434e+01, 1.2010e+02
2.9453e+01, 1.3391e+02
2.9473e+01, 1.5053e+02
2.9493e+01, 1.7083e+02
2.9512e+01, 1.9599e+02
2.9522e+01, 2.1089e+02
2.9532e+01, 2.2765e+02
2.9542e+01, 2.4658e+02
2.9551e+01, 2.6801e+02
2.9561e+01, 2.9235e+02
2.9571e+01, 3.2000e+02
2.9581e+01, 3.5151e+02
2.9591e+01, 3.8736e+02
2.9600e+01, 4.2820e+02
2.9610e+01, 4.7458e+02
2.9620e+01, 5.2725e+02
2.9630e+01, 5.8676e+02
2.9639e+01, 6.5389e+02
2.9649e+01, 7.2910e+02
2.9663e+01, 8.5183e+02
2.9677e+01, 9.9329e+02
2.9691e+01, 1.1540e+03
2.9705e+01, 1.3333e+03
2.9719e+01, 1.5294e+03
2.9733e+01, 1.7388e+03
2.9761e+01, 2.1779e+03
2.9779e+01, 2.4531e+03
2.9797e+01, 2.7029e+03
2.9815e+01, 2.9097e+03
2.9833e+01, 3.0573e+03
2.9846e+01, 3.1218e+03
2.9860e+01, 3.1428e+03
2.9880e+01, 3.0927e+03
2.9900e+01, 2.9518e+03
2.9920e+01, 2.7343e+03
2.9940e+01, 2.4616e+03
2.9984e+01, 1.7690e+03
3.0006e+01, 1.4391e+03
3.0029e+01, 1.1471e+03
3.0046e+01, 9.5026e+02
3.0064e+01, 7.8337e+02
3.0081e+01, 6.4488e+02
3.0090e+01, 5.8548e+02
3.0099e+01, 5.3215e+02
3.0108e+01, 4.8429e+02
3.0116e+01, 4.4151e+02
3.0125e+01, 4.0334e+02
3.0134e+01, 3.6936e+02
3.0152e+01, 3.1208e+02
3.0169e+01, 2.6664e+02
3.0187e+01, 2.3040e+02
3.0204e+01, 2.0127e+02
3.0222e+01, 1.7763e+02
3.0239e+01, 1.5824e+02
3.0257e+01, 1.4211e+02
3.0274e+01, 1.2857e+02
3.0292e+01, 1.1705e+02
3.0309e+01, 1.0717e+02
3.0327e+01, 9.8623e+01
3.0344e+01, 9.1169e+01
3.0380e+01, 7.8844e+01
3.0415e+01, 6.9139e+01
3.0450e+01, 6.1366e+01
3.0477e+01, 5.6380e+01
3.0504e+01, 5.2107e+01
3.0531e+01, 4.8426e+01
3.0558e+01, 4.5241e+01
3.0612e+01, 4.0081e+01
3.0666e+01, 3.6201e+01
3.0721e+01, 3.3331e+01
3.0775e+01, 3.1302e+01
3.0829e+01, 3.0022e+01
3.0883e+01, 2.9461e+01
3.0931e+01, 2.9592e+01
3.0979e+01, 3.0391e+01
3.1027e+01, 3.2010e+01
3.1075e+01, 3.4724e+01
3.1098e+01, 3.6635e+01
3.1122e+01, 3.9034e+01
3.1146e+01, 4.2057e+01
3.1170e+01, 4.5901e+01
3.1194e+01, 5.0863e+01
3.1218e+01, 5.7381e+01
3.1230e+01, 6.1428e+01
3.1242e+01, 6.6141e+01
3.1254e+01, 7.1670e+01
3.1266e+01, 7.8180e+01
3.1280e+01, 8.7597e+01
3.1295e+01, 9.9179e+01
3.1309e+01, 1.1346e+02
3.1323e+01, 1.3106e+02
3.1338e+01, 1.5273e+02
3.1352e+01, 1.7923e+02
3.1359e+01, 1.9456e+02
3.1366e+01, 2.1138e+02
3.1373e+01, 2.2982e+02
3.1381e+01, 2.4995e+02
3.1392e+01, 2.8485e+02
3.1403e+01, 3.2430e+02
3.1414e+01, 3.6842e+02
3.1425e+01, 4.1720e+02
3.1436e+01, 4.7045e+02
3.1448e+01, 5.2778e+02
3.1459e+01, 5.8860e+02
3.1470e+01, 6.5201e+02
3.1499e+01, 8.1937e+02
3.1527e+01, 9.7299e+02
3.1550e+01, 1.0686e+03
3.1562e+01, 1.1023e+03
3.1574e+01, 1.1249e+03
3.1590e+01, 1.1364e+03
3.1601e+01, 1.1305e+03
3.1616e+01, 1.1045e+03
3.1631e+01, 1.0594e+03
3.1647e+01, 9.9778e+02
3.1662e+01, 9.2329e+02
3.1683e+01, 8.0610e+02
3.1704e+01, 6.8275e+02
3.1725e+01, 5.6269e+02
3.1746e+01, 4.5318e+02
3.1765e+01, 3.6819e+02
3.1784e+01, 2.9619e+02
3.1793e+01, 2.6506e+02
3.1802e+01, 2.3706e+02
3.1812e+01, 2.1201e+02
3.1821e+01, 1.8976e+02
3.1831e+01, 1.7004e+02
3.1840e+01, 1.5265e+02
3.1849e+01, 1.3737e+02
3.1859e+01, 1.2398e+02
3.1868e+01, 1.1226e+02
3.1877e+01, 1.0201e+02
3.1887e+01, 9.3045e+01
3.1896e+01, 8.5213e+01
3.1906e+01, 7.8343e+01
3.1915e+01, 7.2313e+01
3.1934e+01, 6.2317e+01
3.1953e+01, 5.4468e+01
3.1971e+01, 4.8209e+01
3.1990e+01, 4.3129e+01
3.2009e+01, 3.8939e+01
3.2028e+01, 3.5432e+01
3.2046e+01, 3.2457e+01
3.2065e+01, 2.9902e+01
3.2084e+01, 2.7685e+01
3.2121e+01, 2.4035e+01
3.2159e+01, 2.1160e+01
3.2196e+01, 1.8846e+01
3.2236e+01, 1.6841e+01
3.2276e+01, 1.5192e+01
3.2316e+01, 1.3815e+01
3.2356e+01, 1.2652e+01
3.2396e+01, 1.1659e+01
3.2435e+01, 1.0801e+01
3.2515e+01, 9.3986e+00
3.2595e+01, 8.3035e+00
3.2675e+01, 7.4302e+00
3.2754e+01, 6.7215e+00
3.2834e+01, 6.1376e+00
3.2928e+01, 5.5741e+00
3.3022e+01, 5.1134e+00
3.3115e+01, 4.7289e+00
3.3209e+01, 4.4038e+00
3.3303e+01, 4.1284e+00
3.3397e+01, 3.8946e+00
3.3584e+01, 3.5262e+00
3.3772e+01, 3.2613e+00
3.3960e+01, 3.0784e+00
3.4147e+01, 2.9657e+00
3.4335e+01, 2.9195e+00
3.4485e+01, 2.9324e+00
3.4635e+01, 2.9953e+00
3.4785e+01, 3.1187e+00
3.4935e+01, 3.3195e+00
3.5085e+01, 3.6230e+00
3.5160e+01, 3.8278e+00
3.5235e+01, 4.0810e+00
3.5310e+01, 4.3945e+00
3.5385e+01, 4.7849e+00
3.5460e+01, 5.2755e+00
3.5535e+01, 5.8996e+00
3.5596e+01, 6.5380e+00
3.5657e+01, 7.3350e+00
3.5718e+01, 8.3490e+00
3.5749e+01, 8.9634e+00
3.5779e+01, 9.6683e+00
3.5810e+01, 1.0483e+01
3.5840e+01, 1.1431e+01
3.5871e+01, 1.2544e+01
3.5901e+01, 1.3865e+01
3.5931e+01, 1.5449e+01
3.5962e+01, 1.7380e+01
3.5992e+01, 1.9775e+01
3.6023e+01, 2.2815e+01
3.6049e+01, 2.6101e+01
3.6075e+01, 3.0324e+01
3.6087e+01, 3.2912e+01
3.6100e+01, 3.5905e+01
3.6113e+01, 3.9398e+01
3.6126e+01, 4.3495e+01
3.6139e+01, 4.8336e+01
3.6152e+01, 5.4076e+01
3.6165e+01, 6.0917e+01
3.6178e+01, 6.9074e+01
3.6191e+01, 7.8821e+01
3.6203e+01, 9.0435e+01
3.6216e+01, 1.0425e+02
3.6229e+01, 1.2059e+02
3.6239e+01, 1.3427e+02
3.6248e+01, 1.4960e+02
3.6262e+01, 1.7593e+02
3.6276e+01, 2.0655e+02
3.6290e+01, 2.4168e+02
3.6304e+01, 2.8131e+02
3.6318e+01, 3.2531e+02
3.6332e+01, 3.7316e+02
3.6347e+01, 4.2412e+02
3.6361e+01, 4.7706e+02
3.6386e+01, 5.7472e+02
3.6412e+01, 6.6399e+02
3.6426e+01, 7.0540e+02
3.6441e+01, 7.3903e+02
3.6455e+01, 7.6340e+02
3.6469e+01, 7.7736e+02
3.6480e+01, 7.8058e+02
3.6486e+01, 7.7961e+02
3.6505e+01, 7.6345e+02
3.6524e+01, 7.2873e+02
3.6543e+01, 6.7828e+02
3.6562e+01, 6.1613e+02
3.6582e+01, 5.4135e+02
3.6602e+01, 4.6379e+02
3.6623e+01, 3.8832e+02
3.6643e+01, 3.1872e+02
3.6664e+01, 2.5731e+02
3.6674e+01, 2.3008e+02
3.6684e+01, 2.0523e+02
3.6694e+01, 1.8274e+02
3.6704e+01, 1.6254e+02
3.6715e+01, 1.4450e+02
3.6725e+01, 1.2851e+02
3.6735e+01, 1.1439e+02
3.6745e+01, 1.0200e+02
3.6756e+01, 9.1146e+01
3.6766e+01, 8.1678e+01
3.6776e+01, 7.3434e+01
3.6786e+01, 6.6264e+01
3.6796e+01, 6.0030e+01
3.6807e+01, 5.4612e+01
3.6816e+01, 5.0088e+01
3.6826e+01, 4.6121e+01
3.6846e+01, 3.9543e+01
3.6865e+01, 3.4383e+01
3.6885e+01, 3.0276e+01
3.6904e+01, 2.6952e+01
3.6923e+01, 2.4219e+01
3.6943e+01, 2.1937e+01
3.6962e+01, 2.0007e+01
3.6982e+01, 1.8354e+01
3.7001e+01, 1.6925e+01
3.7040e+01, 1.4584e+01
3.7079e+01, 1.2754e+01
3.7118e+01, 1.1292e+01
3.7156e+01, 1.0156e+01
3.7193e+01, 9.2105e+00
3.7230e+01, 8.4148e+00
3.7267e+01, 7.7387e+00
3.7304e+01, 7.1587e+00
3.7341e+01, 6.6577e+00
3.7415e+01, 5.8416e+00
3.7490e+01, 5.2130e+00
3.7564e+01, 4.7213e+00
3.7638e+01, 4.3328e+00
3.7712e+01, 4.0236e+00
3.7787e+01, 3.7756e+00
3.7861e+01, 3.5760e+00
3.8009e+01, 3.2900e+00
3.8158e+01, 3.1223e+00
3.8306e+01, 3.0489e+00
3.8440e+01, 3.0540e+00
3.8574e+01, 3.1256e+00
3.8707e+01, 3.2697e+00
3.8841e+01, 3.4997e+00
3.8975e+01, 3.8392e+00
3.9041e+01, 4.0611e+00
3.9108e+01, 4.3262e+00
3.9175e+01, 4.6447e+00
3.9242e+01, 5.0305e+00
3.9309e+01, 5.5014e+00
3.9376e+01, 6.0811e+00
3.9435e+01, 6.7140e+00
3.9494e+01, 7.4909e+00
3.9554e+01, 8.4574e+00
3.9613e+01, 9.6802e+00
3.9643e+01, 1.0418e+01
3.9673e+01, 1.1261e+01
3.9702e+01, 1.2233e+01
3.9732e+01, 1.3362e+01
3.9762e+01, 1.4686e+01
3.9791e+01, 1.6254e+01
3.9821e+01, 1.8136e+01
3.9851e+01, 2.0428e+01
3.9882e+01, 2.3475e+01
3.9898e+01, 2.5311e+01
3.9914e+01, 2.7415e+01
3.9930e+01, 2.9849e+01
3.9945e+01, 3.2691e+01
3.9961e+01, 3.6043e+01
3.9977e+01, 4.0036e+01
3.9993e+01, 4.4845e+01
4.0008e+01, 5.0687e+01
4.0024e+01, 5.7838e+01
4.0040e+01, 6.6633e+01
4.0056e+01, 7.7495e+01
4.0072e+01, 9.0908e+01
4.0087e+01, 1.0743e+02
4.0103e+01, 1.2765e+02
4.0114e+01, 1.4451e+02
4.0125e+01, 1.6376e+02
4.0137e+01, 1.8561e+02
4.0148e+01, 2.1020e+02
4.0162e+01, 2.4509e+02
4.0176e+01, 2.8465e+02
4.0189e+01, 3.2887e+02
4.0203e+01, 3.7750e+02
4.0217e+01, 4.3007e+02
4.0231e+01, 4.8571e+02
4.0259e+01, 6.0175e+02
4.0285e+01, 7.0697e+02
4.0311e+01, 7.9741e+02
4.0338e+01, 8.6313e+02
4.0351e+01, 8.8250e+02
4.0364e+01, 8.9177e+02
4.0370e+01, 8.9256e+02
4.0381e+01, 8.8878e+02
4.0401e+01, 8.6508e+02
4.0420e+01, 8.2150e+02
4.0439e+01, 7.6144e+02
4.0459e+01, 6.8942e+02
4.0481e+01, 5.9811e+02
4.0504e+01, 5.0479e+02
4.0526e+01, 4.1558e+02
4.0548e+01, 3.3494e+02
4.0569e+01, 2.7077e+02
4.0579e+01, 2.4246e+02
4.0590e+01, 2.1672e+02
4.0600e+01, 1.9343e+02
4.0610e+01, 1.7255e+02
4.0620e+01, 1.5391e+02
4.0631e+01, 1.3737e+02
4.0641e+01, 1.2275e+02
4.0651e+01, 1.0990e+02
4.0661e+01, 9.8641e+01
4.0672e+01, 8.8798e+01
4.0682e+01, 8.0202e+01
4.0692e+01, 7.2721e+01
4.0702e+01, 6.6206e+01
4.0713e+01, 6.0532e+01
4.0723e+01, 5.5582e+01
4.0733e+01, 5.1265e+01
4.0754e+01, 4.4173e+01
4.0774e+01, 3.8688e+01
4.0795e+01, 3.4393e+01
4.0815e+01, 3.0983e+01
4.0836e+01, 2.8247e+01
4.0856e+01, 2.6033e+01
4.0877e+01, 2.4236e+01
4.0897e+01, 2.2783e+01
4.0918e+01, 2.1626e+01
4.0938e+01, 2.0735e+01
4.0959e+01, 2.0096e+01
4.0980e+01, 1.9710e+01
4.1000e+01, 1.9598e+01
4.1021e+01, 1.9800e+01
4.1041e+01, 2.0382e+01
4.1054e+01, 2.0994e+01
4.1067e+01, 2.1834e+01
4.1080e+01, 2.2940e+01
4.1093e+01, 2.4362e+01
4.1106e+01, 2.6157e+01
4.1119e+01, 2.8383e+01
4.1133e+01, 3.1113e+01
4.1146e+01, 3.4417e+01
4.1159e+01, 3.8373e+01
4.1172e+01, 4.3046e+01
4.1185e+01, 4.8504e+01
4.1198e+01, 5.4796e+01
4.1211e+01, 6.1952e+01
4.1224e+01, 6.9976e+01
4.1250e+01, 8.8469e+01
4.1271e+01, 1.0488e+02
4.1291e+01, 1.2222e+02
4.1332e+01, 1.5583e+02
4.1347e+01, 1.6627e+02
4.1363e+01, 1.7545e+02
4.1379e+01, 1.8231e+02
4.1394e+01, 1.8650e+02
4.1410e+01, 1.8780e+02
4.1423e+01, 1.8667e+02
4.1435e+01, 1.8364e+02
4.1451e+01, 1.7736e+02
4.1467e+01, 1.6860e+02
4.1499e+01, 1.4551e+02
4.1547e+01, 1.0435e+02
4.1571e+01, 8.4717e+01
4.1595e+01, 6.7283e+01
4.1607e+01, 5.9581e+01
4.1619e+01, 5.2606e+01
4.1631e+01, 4.6349e+01
4.1643e+01, 4.0800e+01
4.1655e+01, 3.5916e+01
4.1667e+01, 3.1659e+01
4.1679e+01, 2.7967e+01
4.1691e+01, 2.4791e+01
4.1703e+01, 2.2066e+01
4.1715e+01, 1.9742e+01
4.1727e+01, 1.7760e+01
4.1739e+01, 1.6075e+01
4.1751e+01, 1.4639e+01
4.1763e+01, 1.3416e+01
4.1775e+01, 1.2369e+01
4.1787e+01, 1.1472e+01
4.1800e+01, 1.0608e+01
4.1814e+01, 9.8721e+00
4.1841e+01, 8.6922e+00
4.1868e+01, 7.7923e+00
4.1895e+01, 7.0844e+00
4.1922e+01, 6.5116e+00
4.1949e+01, 6.0378e+00
4.1976e+01, 5.6385e+00
4.2003e+01, 5.2971e+00
4.2057e+01, 4.7434e+00
4.2111e+01, 4.3145e+00
4.2165e+01, 3.9732e+00
4.2219e+01, 3.6964e+00
4.2280e+01, 3.4449e+00
4.2340e+01, 3.2383e+00
4.2460e+01, 2.9226e+00
4.2580e+01, 2.6996e+00
4.2700e+01, 2.5429e+00
4.2820e+01, 2.4372e+00
4.2940e+01, 2.3709e+00
4.3060e+01, 2.3376e+00
4.3181e+01, 2.3361e+00
4.3289e+01, 2.3646e+00
4.3397e+01, 2.4264e+00
4.3505e+01, 2.5278e+00
4.3613e+01, 2.6808e+00
4.3721e+01, 2.9070e+00
4.3775e+01, 3.0589e+00
4.3829e+01, 3.2469e+00
4.3884e+01, 3.4839e+00
4.3938e+01, 3.7894e+00
4.3992e+01, 4.1960e+00
4.4019e+01, 4.4539e+00
4.4046e+01, 4.7628e+00
4.4082e+01, 5.2864e+00
4.4100e+01, 5.6153e+00
4.4118e+01, 6.0063e+00
4.4136e+01, 6.4789e+00
4.4154e+01, 7.0589e+00
4.4172e+01, 7.7825e+00
4.4190e+01, 8.6979e+00
4.4208e+01, 9.8691e+00
4.4226e+01, 1.1377e+01
4.4235e+01, 1.2288e+01
4.4244e+01, 1.3322e+01
4.4253e+01, 1.4497e+01
4.4262e+01, 1.5829e+01
4.4271e+01, 1.7338e+01
4.4280e+01, 1.9039e+01
4.4289e+01, 2.0953e+01
4.4298e+01, 2.3101e+01
4.4307e+01, 2.5500e+01
4.4316e+01, 2.8170e+01
4.4334e+01, 3.4385e+01
4.4348e+01, 4.0190e+01
4.4363e+01, 4.6804e+01
4.4377e+01, 5.4222e+01
4.4391e+01, 6.2398e+01
4.4420e+01, 8.0613e+01
4.4448e+01, 1.0013e+02
4.4484e+01, 1.2349e+02
4.4499e+01, 1.3159e+02
4.4514e+01, 1.3835e+02
4.4528e+01, 1.4350e+02
4.4543e+01, 1.4682e+02
4.4560e+01, 1.4818e+02
4.4573e+01, 1.4745e+02
4.4596e+01, 1.4239e+02
4.4619e+01, 1.3304e+02
4.4637e+01, 1.2295e+02
4.4656e+01, 1.1135e+02
4.4693e+01, 8.6319e+01
4.4713e+01, 7.3570e+01
4.4733e+01, 6.1795e+01
4.4752e+01, 5.1327e+01
4.4772e+01, 4.2353e+01
4.4791e+01, 3.4899e+01
4.4801e+01, 3.1724e+01
4.4811e+01, 2.8897e+01
4.4821e+01, 2.6393e+01
4.4830e+01, 2.4193e+01
4.4840e+01, 2.2273e+01
4.4850e+01, 2.0609e+01
4.4861e+01, 1.9055e+01
4.4871e+01, 1.7745e+01
4.4882e+01, 1.6652e+01
4.4893e+01, 1.5749e+01
4.4914e+01, 1.4420e+01
4.4935e+01, 1.3597e+01
4.4955e+01, 1.3184e+01
4.4975e+01, 1.3031e+01
4.4994e+01, 1.3093e+01
4.5014e+01, 1.3345e+01
4.5033e+01, 1.3774e+01
4.5053e+01, 1.4383e+01
4.5072e+01, 1.5186e+01
4.5092e+01, 1.6209e+01
4.5112e+01, 1.7496e+01
4.5131e+01, 1.9106e+01
4.5151e+01, 2.1123e+01
4.5170e+01, 2.3658e+01
4.5190e+01, 2.6856e+01
4.5209e+01, 3.0902e+01
4.5229e+01, 3.6025e+01
4.5249e+01, 4.2496e+01
4.5268e+01, 5.0628e+01
4.5288e+01, 6.0743e+01
4.5307e+01, 7.3171e+01
4.5327e+01, 8.8177e+01
4.5346e+01, 1.0595e+02
4.5366e+01, 1.2651e+02
4.5386e+01, 1.4967e+02
4.5405e+01, 1.7496e+02
4.5427e+01, 2.0412e+02
4.5448e+01, 2.3361e+02
4.5480e+01, 2.7469e+02
4.5496e+01, 2.9221e+02
4.5512e+01, 3.0673e+02
4.5536e+01, 3.2160e+02
4.5560e+01, 3.2662e+02
4.5574e+01, 3.2481e+02
4.5588e+01, 3.1965e+02
4.5609e+01, 3.0509e+02
4.5631e+01, 2.8383e+02
4.5653e+01, 2.5762e+02
4.5675e+01, 2.2839e+02
4.5703e+01, 1.8993e+02
4.5731e+01, 1.5315e+02
4.5759e+01, 1.2044e+02
4.5773e+01, 1.0604e+02
4.5786e+01, 9.3054e+01
4.5799e+01, 8.2304e+01
4.5812e+01, 7.2719e+01
4.5825e+01, 6.4243e+01
4.5838e+01, 5.6806e+01
4.5851e+01, 5.0311e+01
4.5864e+01, 4.4676e+01
4.5876e+01, 3.9798e+01
4.5889e+01, 3.5596e+01
4.5902e+01, 3.1975e+01
4.5915e+01, 2.8860e+01
4.5928e+01, 2.6178e+01
4.5941e+01, 2.3869e+01
4.5953e+01, 2.1871e+01
4.5966e+01, 2.0140e+01
4.5979e+01, 1.8632e+01
4.5992e+01, 1.7314e+01
4.6020e+01, 1.4973e+01
4.6048e+01, 1.3162e+01
4.6076e+01, 1.1729e+01
4.6103e+01, 1.0570e+01
4.6131e+01, 9.6154e+00
4.6159e+01, 8.8189e+00
4.6187e+01, 8.1456e+00
4.6215e+01, 7.5706e+00
4.6270e+01, 6.6453e+00
4.6326e+01, 5.9400e+00
4.6382e+01, 5.3900e+00
4.6437e+01, 4.9537e+00
4.6489e+01, 4.6273e+00
4.6540e+01, 4.3584e+00
4.6643e+01, 3.9507e+00
4.6746e+01, 3.6685e+00
4.6848e+01, 3.4721e+00
4.6951e+01, 3.3378e+00
4.7054e+01, 3.2516e+00
4.7157e+01, 3.2044e+00
4.7260e+01, 3.1894e+00
4.7448e+01, 3.2317e+00
4.7636e+01, 3.3526e+00
4.7825e+01, 3.5476e+00
4.8013e+01, 3.8204e+00
4.8202e+01, 4.1815e+00
4.8390e+01, 4.6496e+00
4.8578e+01, 5.2540e+00
4.8767e+01, 6.0389e+00
4.8904e+01, 6.7608e+00
4.9041e+01, 7.6514e+00
4.9152e+01, 8.5345e+00
4.9264e+01, 9.5991e+00
4.9375e+01, 1.0901e+01
4.9486e+01, 1.2524e+01
4.9597e+01, 1.4583e+01
4.9653e+01, 1.5824e+01
4.9709e+01, 1.7243e+01
4.9764e+01, 1.8875e+01
4.9820e+01, 2.0765e+01
4.9876e+01, 2.2970e+01
4.9931e+01, 2.5566e+01
4.9966e+01, 2.7399e+01
5.0000e+01, 2.9447e+01
5.0048e+01, 3.2714e+01
5.0095e+01, 3.6588e+01
5.0143e+01, 4.1233e+01
5.0190e+01, 4.6882e+01
5.0214e+01, 5.0180e+01
5.0238e+01, 5.3860e+01
5.0262e+01, 5.7987e+01
5.0285e+01, 6.2640e+01
5.0309e+01, 6.7918e+01
5.0333e+01, 7.3946e+01
5.0357e+01, 8.0881e+01
5.0380e+01, 8.8931e+01
5.0411e+01, 1.0137e+02
5.0426e+01, 1.0869e+02
5.0442e+01, 1.1691e+02
5.0457e+01, 1.2620e+02
5.0472e+01, 1.3675e+02
5.0488e+01, 1.4879e+02
5.0503e+01, 1.6261e+02
5.0518e+01, 1.7856e+02
5.0533e+01, 1.9703e+02
5.0549e+01, 2.1852e+02
5.0564e+01, 2.4355e+02
5.0579e+01, 2.7280e+02
5.0595e+01, 3.0696e+02
5.0610e+01, 3.4682e+02
5.0625e+01, 3.9318e+02
5.0644e+01, 4.5999e+02
5.0662e+01, 5.3930e+02
5.0681e+01, 6.3251e+02
5.0700e+01, 7.4050e+02
5.0719e+01, 8.6374e+02
5.0737e+01, 1.0017e+03
5.0756e+01, 1.1529e+03
5.0775e+01, 1.3150e+03
5.0822e+01, 1.7469e+03
5.0846e+01, 1.9509e+03
5.0870e+01, 2.1283e+03
5.0887e+01, 2.2344e+03
5.0905e+01, 2.3137e+03
5.0922e+01, 2.3626e+03
5.0940e+01, 2.3786e+03
5.0955e+01, 2.3651e+03
5.0971e+01, 2.3265e+03
5.1002e+01, 2.1801e+03
5.1032e+01, 1.9600e+03
5.1063e+01, 1.6949e+03
5.1099e+01, 1.3652e+03
5.1135e+01, 1.0555e+03
5.1154e+01, 9.1688e+02
5.1172e+01, 7.9177e+02
5.1190e+01, 6.8075e+02
5.1208e+01, 5.8390e+02
5.1224e+01, 5.1107e+02
5.1239e+01, 4.4768e+02
5.1255e+01, 3.9282e+02
5.1270e+01, 3.4567e+02
5.1286e+01, 3.0526e+02
5.1302e+01, 2.7078e+02
5.1317e+01, 2.4134e+02
5.1333e+01, 2.1623e+02
5.1349e+01, 1.9475e+02
5.1364e+01, 1.7636e+02
5.1380e+01, 1.6053e+02
5.1396e+01, 1.4685e+02
5.1411e+01, 1.3497e+02
5.1427e+01, 1.2460e+02
5.1458e+01, 1.0745e+02
5.1486e+01, 9.5230e+01
5.1514e+01, 8.5209e+01
5.1542e+01, 7.6875e+01
5.1570e+01, 6.9868e+01
5.1598e+01, 6.3913e+01
5.1626e+01, 5.8815e+01
5.1654e+01, 5.4418e+01
5.1682e+01, 5.0608e+01
5.1738e+01, 4.4397e+01
5.1794e+01, 3.9657e+01
5.1850e+01, 3.6055e+01
5.1906e+01, 3.3382e+01
5.1946e+01, 3.1985e+01
5.1985e+01, 3.0969e+01
5.2025e+01, 3.0330e+01
5.2064e+01, 3.0085e+01
5.2110e+01, 3.0357e+01
5.2156e+01, 3.1365e+01
5.2203e+01, 3.3378e+01
5.2226e+01, 3.4911e+01
5.2249e+01, 3.6927e+01
5.2272e+01, 3.9582e+01
5.2295e+01, 4.3093e+01
5.2318e+01, 4.7773e+01
5.2341e+01, 5.4053e+01
5.2352e+01, 5.7971e+01
5.2364e+01, 6.2523e+01
5.2376e+01, 6.7811e+01
5.2387e+01, 7.3944e+01
5.2399e+01, 8.1060e+01
5.2410e+01, 8.9290e+01
5.2422e+01, 9.8784e+01
5.2433e+01, 1.0969e+02
5.2446e+01, 1.2410e+02
5.2459e+01, 1.4081e+02
5.2473e+01, 1.6006e+02
5.2486e+01, 1.8202e+02
5.2499e+01, 2.0690e+02
5.2512e+01, 2.3477e+02
5.2525e+01, 2.6569e+02
5.2539e+01, 2.9959e+02
5.2563e+01, 3.7063e+02
5.2588e+01, 4.4929e+02
5.2637e+01, 6.1291e+02
5.2672e+01, 7.1343e+02
5.2690e+01, 7.5226e+02
5.2707e+01, 7.8082e+02
5.2724e+01, 7.9686e+02
5.2740e+01, 8.0203e+02
5.2745e+01, 8.0129e+02
5.2764e+01, 7.8913e+02
5.2783e+01, 7.6277e+02
5.2802e+01, 7.2380e+02
5.2821e+01, 6.7451e+02
5.2842e+01, 6.1177e+02
5.2863e+01, 5.4366e+02
5.2904e+01, 4.0580e+02
5.2925e+01, 3.4190e+02
5.2946e+01, 2.8407e+02
5.2966e+01, 2.3336e+02
5.2987e+01, 1.9013e+02
5.2998e+01, 1.7127e+02
5.3008e+01, 1.5418e+02
5.3018e+01, 1.3876e+02
5.3029e+01, 1.2493e+02
5.3039e+01, 1.1255e+02
5.3049e+01, 1.0155e+02
5.3060e+01, 9.1770e+01
5.3070e+01, 8.3126e+01
5.3080e+01, 7.5811e+01
5.3090e+01, 6.9332e+01
5.3100e+01, 6.3588e+01
5.3110e+01, 5.8507e+01
5.3130e+01, 5.0020e+01
5.3149e+01, 4.3349e+01
5.3169e+01, 3.8063e+01
5.3189e+01, 3.3836e+01
5.3209e+01, 3.0409e+01
5.3229e+01, 2.7596e+01
5.3248e+01, 2.5250e+01
5.3268e+01, 2.3267e+01
5.3288e+01, 2.1570e+01
5.3308e+01, 2.0101e+01
5.3347e+01, 1.7680e+01
5.3387e+01, 1.5766e+01
5.3440e+01, 1.3759e+01
5.3493e+01, 1.2190e+01
5.3545e+01, 1.0930e+01
5.3598e+01, 9.8984e+00
5.3651e+01, 9.0386e+00
5.3704e+01, 8.3129e+00
5.3757e+01, 7.6933e+00
5.3810e+01, 7.1591e+00
5.3915e+01, 6.2863e+00
5.4021e+01, 5.6033e+00
5.4126e+01, 5.0554e+00
5.4232e+01, 4.6091e+00
5.4368e+01, 4.1484e+00
5.4504e+01, 3.7845e+00
5.4640e+01, 3.4955e+00
5.4775e+01, 3.2674e+00
5.4911e+01, 3.0913e+00
5.5047e+01, 2.9629e+00
5.5183e+01, 2.8816e+00
5.5319e+01, 2.8514e+00
5.5420e+01, 2.8681e+00
5.5522e+01, 2.9266e+00
5.5624e+01, 3.0390e+00
5.5726e+01, 3.2266e+00
5.5777e+01, 3.3596e+00
5.5828e+01, 3.5275e+00
5.5879e+01, 3.7398e+00
5.5930e+01, 4.0096e+00
5.5981e+01, 4.3562e+00
5.6032e+01, 4.8088e+00
5.6083e+01, 5.4143e+00
5.6108e+01, 5.7977e+00
5.6134e+01, 6.2535e+00
5.6169e+01, 7.0603e+00
5.6187e+01, 7.5598e+00
5.6205e+01, 8.1435e+00
5.6223e+01, 8.8315e+00
5.6241e+01, 9.6498e+00
5.6259e+01, 1.0631e+01
5.6277e+01, 1.1817e+01
5.6295e+01, 1.3259e+01
5.6313e+01, 1.5019e+01
5.6331e+01, 1.7171e+01
5.6349e+01, 1.9802e+01
5.6366e+01, 2.3009e+01
5.6384e+01, 2.6897e+01
5.6402e+01, 3.1576e+01
5.6420e+01, 3.7150e+01
5.6438e+01, 4.3712e+01
5.6456e+01, 5.1328e+01
5.6474e+01, 6.0030e+01
5.6492e+01, 6.9795e+01
5.6510e+01, 8.0540e+01
5.6528e+01, 9.2108e+01
5.6564e+01, 1.1670e+02
5.6609e+01, 1.4668e+02
5.6628e+01, 1.5758e+02
5.6648e+01, 1.6648e+02
5.6667e+01, 1.7289e+02
5.6687e+01, 1.7646e+02
5.6700e+01, 1.7715e+02
5.6717e+01, 1.7595e+02
5.6733e+01, 1.7252e+02
5.6750e+01, 1.6699e+02
5.6767e+01, 1.5958e+02
5.6800e+01, 1.4043e+02
5.6830e+01, 1.2075e+02
5.6859e+01, 1.0043e+02
5.6889e+01, 8.1094e+01
5.6918e+01, 6.3909e+01
5.6931e+01, 5.7053e+01
5.6944e+01, 5.0781e+01
5.6958e+01, 4.5098e+01
5.6971e+01, 3.9992e+01
5.6984e+01, 3.5440e+01
5.6997e+01, 3.1413e+01
5.7010e+01, 2.7870e+01
5.7024e+01, 2.4772e+01
5.7037e+01, 2.2074e+01
5.7050e+01, 1.9734e+01
5.7063e+01, 1.7709e+01
5.7077e+01, 1.5960e+01
5.7090e+01, 1.4451e+01
5.7103e+01, 1.3148e+01
5.7116e+01, 1.2022e+01
5.7129e+01, 1.1047e+01
5.7143e+01, 1.0200e+01
5.7156e+01, 9.4616e+00
5.7182e+01, 8.2475e+00
5.7209e+01, 7.2999e+00
5.7235e+01, 6.5454e+00
5.7262e+01, 5.9327e+00
5.7288e+01, 5.4263e+00
5.7315e+01, 5.0011e+00
5.7341e+01, 4.6392e+00
5.7394e+01, 4.0572e+00
5.7447e+01, 3.6110e+00
5.7500e+01, 3.2598e+00
5.7552e+01, 2.9775e+00
5.7598e+01, 2.7760e+00
5.7644e+01, 2.6047e+00
5.7735e+01, 2.3298e+00
5.7826e+01, 2.1202e+00
5.7917e+01, 1.9567e+00
5.8008e+01, 1.8272e+00
5.8099e+01, 1.7230e+00
5.8281e+01, 1.5666e+00
5.8463e+01, 1.4575e+00
5.8645e+01, 1.3813e+00
5.8827e+01, 1.3290e+00
5.9010e+01, 1.2952e+00
5.9198e+01, 1.2760e+00
5.9386e+01, 1.2710e+00
5.9621e+01, 1.2835e+00
5.9856e+01, 1.3172e+00
6.0091e+01, 1.3746e+00
6.0326e+01, 1.4607e+00
6.0561e+01, 1.5844e+00
6.0796e+01, 1.7604e+00
6.0913e+01, 1.8750e+00
6.1031e+01, 2.0124e+00
6.1148e+01, 2.1794e+00
6.1266e+01, 2.3865e+00
6.1366e+01, 2.6038e+00
6.1466e+01, 2.8709e+00
6.1565e+01, 3.2041e+00
6.1665e+01, 3.6274e+00
6.1765e+01, 4.1774e+00
6.1815e+01, 4.5174e+00
6.1865e+01, 4.9145e+00
6.1915e+01, 5.3834e+00
6.1965e+01, 5.9434e+00
6.2015e+01, 6.6216e+00
6.2065e+01, 7.4556e+00
6.2112e+01, 8.4329e+00
6.2159e+01, 9.6685e+00
6.2182e+01, 1.0417e+01
6.2206e+01, 1.1277e+01
6.2229e+01, 1.2278e+01
6.2253e+01, 1.3455e+01
6.2276e+01, 1.4861e+01
6.2300e+01, 1.6563e+01
6.2323e+01, 1.8657e+01
6.2347e+01, 2.1277e+01
6.2370e+01, 2.4601e+01
6.2382e+01, 2.6600e+01
6.2394e+01, 2.8869e+01
6.2406e+01, 3.1452e+01
6.2417e+01, 3.4394e+01
6.2429e+01, 3.7747e+01
6.2441e+01, 4.1569e+01
6.2453e+01, 4.5924e+01
6.2464e+01, 5.0872e+01
6.2476e+01, 5.6488e+01
6.2488e+01, 6.2844e+01
6.2500e+01, 7.0014e+01
6.2511e+01, 7.8071e+01
6.2523e+01, 8.7087e+01
6.2535e+01, 9.7125e+01
6.2547e+01, 1.0825e+02
6.2558e+01, 1.2049e+02
6.2582e+01, 1.4843e+02
6.2605e+01, 1.8093e+02
6.2629e+01, 2.1755e+02
6.2654e+01, 2.5992e+02
6.2679e+01, 3.0411e+02
6.2729e+01, 3.8808e+02
6.2762e+01, 4.3142e+02
6.2778e+01, 4.4703e+02
6.2795e+01, 4.5778e+02
6.2820e+01, 4.6393e+02
6.2833e+01, 4.6227e+02
6.2853e+01, 4.5275e+02
6.2874e+01, 4.3533e+02
6.2895e+01, 4.1104e+02
6.2915e+01, 3.8127e+02
6.2938e+01, 3.4439e+02
6.2960e+01, 3.0504e+02
6.3005e+01, 2.2672e+02
6.3026e+01, 1.9373e+02
6.3047e+01, 1.6372e+02
6.3067e+01, 1.3711e+02
6.3088e+01, 1.1407e+02
6.3109e+01, 9.4498e+01
6.3129e+01, 7.8191e+01
6.3150e+01, 6.4813e+01
6.3171e+01, 5.3984e+01
6.3182e+01, 4.9003e+01
6.3193e+01, 4.4599e+01
6.3204e+01, 4.0711e+01
6.3216e+01, 3.7286e+01
6.3227e+01, 3.4264e+01
6.3238e+01, 3.1603e+01
6.3261e+01, 2.7188e+01
6.3283e+01, 2.3740e+01
6.3306e+01, 2.1028e+01
6.3328e+01, 1.8869e+01
6.3351e+01, 1.7132e+01
6.3373e+01, 1.5715e+01
6.3396e+01, 1.4545e+01
6.3418e+01, 1.3568e+01
6.3441e+01, 1.2745e+01
6.3486e+01, 1.1450e+01
6.3531e+01, 1.0500e+01
6.3591e+01, 9.6105e+00
6.3651e+01, 9.0376e+00
6.3711e+01, 8.7071e+00
6.3772e+01, 8.5783e+00
6.3839e+01, 8.6514e+00
6.3907e+01, 8.9537e+00
6.3974e+01, 9.5080e+00
6.4042e+01, 1.0368e+01
6.4076e+01, 1.0942e+01
6.4110e+01, 1.1636e+01
6.4143e+01, 1.2476e+01
6.4177e+01, 1.3501e+01
6.4211e+01, 1.4763e+01
6.4245e+01, 1.6344e+01
6.4279e+01, 1.8366e+01
6.4312e+01, 2.1026e+01
6.4328e+01, 2.2587e+01
6.4344e+01, 2.4403e+01
6.4360e+01, 2.6532e+01
6.4376e+01, 2.9040e+01
6.4392e+01, 3.2017e+01
6.4408e+01, 3.5560e+01
6.4424e+01, 3.9796e+01
6.4440e+01, 4.4867e+01
6.4456e+01, 5.0944e+01
6.4472e+01, 5.8209e+01
6.4488e+01, 6.6871e+01
6.4504e+01, 7.7153e+01
6.4520e+01, 8.9292e+01
6.4536e+01, 1.0350e+02
6.4552e+01, 1.2000e+02
6.4568e+01, 1.3897e+02
6.4583e+01, 1.5922e+02
6.4598e+01, 1.8181e+02
6.4613e+01, 2.0676e+02
6.4628e+01, 2.3394e+02
6.4652e+01, 2.8235e+02
6.4677e+01, 3.3472e+02
6.4701e+01, 3.8887e+02
6.4725e+01, 4.4199e+02
6.4748e+01, 4.8733e+02
6.4771e+01, 5.2636e+02
6.4796e+01, 5.6031e+02
6.4822e+01, 5.7969e+02
6.4840e+01, 5.8360e+02
6.4852e+01, 5.8191e+02
6.4870e+01, 5.7287e+02
6.4887e+01, 5.5640e+02
6.4905e+01, 5.3325e+02
6.4923e+01, 5.0441e+02
6.4947e+01, 4.5849e+02
6.4971e+01, 4.0755e+02
6.5020e+01, 3.0309e+02
6.5042e+01, 2.5760e+02
6.5065e+01, 2.1640e+02
6.5087e+01, 1.8030e+02
6.5110e+01, 1.4964e+02
6.5133e+01, 1.2436e+02
6.5144e+01, 1.1363e+02
6.5155e+01, 1.0413e+02
6.5167e+01, 9.5760e+01
6.5178e+01, 8.8477e+01
6.5189e+01, 8.2204e+01
6.5200e+01, 7.6876e+01
6.5219e+01, 7.0167e+01
6.5237e+01, 6.5518e+01
6.5255e+01, 6.2765e+01
6.5273e+01, 6.1820e+01
6.5294e+01, 6.2974e+01
6.5304e+01, 6.4484e+01
6.5315e+01, 6.6644e+01
6.5326e+01, 6.9486e+01
6.5336e+01, 7.3046e+01
6.5347e+01, 7.7368e+01
6.5357e+01, 8.2502e+01
6.5368e+01, 8.8508e+01
6.5378e+01, 9.5430e+01
6.5389e+01, 1.0333e+02
6.5399e+01, 1.1226e+02
6.5420e+01, 1.3344e+02
6.5442e+01, 1.5931e+02
6.5457e+01, 1.8190e+02
6.5473e+01, 2.0720e+02
6.5489e+01, 2.3511e+02
6.5505e+01, 2.6536e+02
6.5537e+01, 3.3135e+02
6.5568e+01, 4.0064e+02
6.5601e+01, 4.6983e+02
6.5634e+01, 5.2724e+02
6.5665e+01, 5.6250e+02
6.5695e+01, 5.7701e+02
6.5700e+01, 5.7723e+02
6.5705e+01, 5.7678e+02
6.5720e+01, 5.7196e+02
6.5734e+01, 5.6203e+02
6.5763e+01, 5.2812e+02
6.5784e+01, 4.9439e+02
6.5804e+01, 4.5470e+02
6.5845e+01, 3.6556e+02
6.5880e+01, 2.8964e+02
6.5915e+01, 2.2071e+02
6.5932e+01, 1.9029e+02
6.5949e+01, 1.6297e+02
6.5967e+01, 1.3882e+02
6.5984e+01, 1.1779e+02
6.6001e+01, 9.9729e+01
6.6019e+01, 8.4417e+01
6.6036e+01, 7.1569e+01
6.6053e+01, 6.0887e+01
6.6071e+01, 5.2073e+01
6.6088e+01, 4.4840e+01
6.6105e+01, 3.8926e+01
6.6123e+01, 3.4098e+01
6.6140e+01, 3.0151e+01
6.6157e+01, 2.6919e+01
6.6175e+01, 2.4258e+01
6.6192e+01, 2.2053e+01
6.6209e+01, 2.0210e+01
6.6227e+01, 1.8656e+01
6.6244e+01, 1.7334e+01
6.6261e+01, 1.6198e+01
6.6298e+01, 1.4252e+01
6.6335e+01, 1.2761e+01
6.6372e+01, 1.1587e+01
6.6409e+01, 1.0642e+01
6.6445e+01, 9.8694e+00
6.6482e+01, 9.2320e+00
6.6519e+01, 8.7027e+00
6.6556e+01, 8.2624e+00
6.6630e+01, 7.5942e+00
6.6703e+01, 7.1511e+00
6.6777e+01, 6.8906e+00
6.6851e+01, 6.7914e+00
6.6924e+01, 6.8482e+00
6.6998e+01, 7.0703e+00
6.7072e+01, 7.4841e+00
6.7145e+01, 8.1395e+00
6.7182e+01, 8.5834e+00
6.7219e+01, 9.1255e+00
6.7256e+01, 9.7887e+00
6.7293e+01, 1.0604e+01
6.7329e+01, 1.1618e+01
6.7366e+01, 1.2898e+01
6.7403e+01, 1.4551e+01
6.7421e+01, 1.5568e+01
6.7440e+01, 1.6751e+01
6.7457e+01, 1.8055e+01
6.7475e+01, 1.9588e+01
6.7492e+01, 2.1405e+01
6.7509e+01, 2.3582e+01
6.7527e+01, 2.6210e+01
6.7544e+01, 2.9404e+01
6.7561e+01, 3.3309e+01
6.7579e+01, 3.8100e+01
6.7596e+01, 4.3989e+01
6.7613e+01, 5.1215e+01
6.7631e+01, 6.0062e+01
6.7648e+01, 7.0841e+01
6.7665e+01, 8.3887e+01
6.7683e+01, 9.9544e+01
6.7700e+01, 1.1815e+02
6.7717e+01, 1.4000e+02
6.7730e+01, 1.5868e+02
6.7743e+01, 1.7939e+02
6.7756e+01, 2.0216e+02
6.7769e+01, 2.2696e+02
6.7783e+01, 2.5608e+02
6.7797e+01, 2.8733e+02
6.7825e+01, 3.5513e+02
6.7854e+01, 4.2718e+02
6.7882e+01, 4.9879e+02
6.7908e+01, 5.5972e+02
6.7934e+01, 6.1086e+02
6.7959e+01, 6.4748e+02
6.7985e+01, 6.6739e+02
6.8000e+01, 6.7051e+02
6.8005e+01, 6.7009e+02
6.8019e+01, 6.6511e+02
6.8033e+01, 6.5462e+02
6.8061e+01, 6.1842e+02
6.8081e+01, 5.8235e+02
6.8100e+01, 5.3960e+02
6.8140e+01, 4.4201e+02
6.8173e+01, 3.5688e+02
6.8206e+01, 2.7744e+02
6.8223e+01, 2.4154e+02
6.8240e+01, 2.0876e+02
6.8256e+01, 1.7927e+02
6.8273e+01, 1.5315e+02
6.8288e+01, 1.3298e+02
6.8302e+01, 1.1522e+02
6.8317e+01, 9.9715e+01
6.8331e+01, 8.6284e+01
6.8346e+01, 7.4734e+01
6.8360e+01, 6.4861e+01
6.8375e+01, 5.6465e+01
6.8389e+01, 4.9358e+01
6.8404e+01, 4.3353e+01
6.8418e+01, 3.8290e+01
6.8433e+01, 3.4024e+01
6.8448e+01, 3.0429e+01
6.8462e+01, 2.7389e+01
6.8477e+01, 2.4811e+01
6.8491e+01, 2.2616e+01
6.8506e+01, 2.0739e+01
6.8520e+01, 1.9121e+01
6.8535e+01, 1.7718e+01
6.8564e+01, 1.5418e+01
6.8593e+01, 1.3617e+01
6.8622e+01, 1.2172e+01
6.8651e+01, 1.0984e+01
6.8680e+01, 9.9911e+00
6.8709e+01, 9.1475e+00
6.8739e+01, 8.4227e+00
6.8768e+01, 7.7932e+00
6.8797e+01, 7.2422e+00
6.8855e+01, 6.3245e+00
6.8913e+01, 5.5934e+00
6.8971e+01, 4.9996e+00
6.9038e+01, 4.4464e+00
6.9104e+01, 3.9947e+00
6.9171e+01, 3.6208e+00
6.9237e+01, 3.3075e+00
6.9304e+01, 3.0422e+00
6.9370e+01, 2.8154e+00
6.9503e+01, 2.4490e+00
6.9636e+01, 2.1670e+00
6.9769e+01, 1.9452e+00
6.9902e+01, 1.7679e+00
7.0035e+01, 1.6241e+00
7.0177e+01, 1.4993e+00
7.0318e+01, 1.3972e+00
7.0459e+01, 1.3134e+00
7.0601e+01, 1.2434e+00
7.0883e+01, 1.1343e+00
7.1166e+01, 1.0577e+00
7.1449e+01, 1.0054e+00
7.1731e+01, 9.7236e-01
7.2014e+01, 9.5538e-01
7.2297e+01, 9.5284e-01
7.2612e+01, 9.6648e-01
7.2928e+01, 9.9827e-01
7.3244e+01, 1.0507e+00
7.3560e+01, 1.1284e+00
7.3876e+01, 1.2396e+00
7.4034e+01, 1.3118e+00
7.4192e+01, 1.3982e+00
7.4350e+01, 1.5015e+00
7.4508e+01, 1.6263e+00
7.4666e+01, 1.7813e+00
7.4824e+01, 1.9767e+00
7.4948e+01, 2.1688e+00
7.5073e+01, 2.4060e+00
7.5198e+01, 2.7042e+00
7.5323e+01, 3.0874e+00
7.5385e+01, 3.3228e+00
7.5447e+01, 3.5969e+00
7.5510e+01, 3.9195e+00
7.5572e+01, 4.3037e+00
7.5634e+01, 4.7674e+00
7.5697e+01, 5.3358e+00
7.5759e+01, 6.0461e+00
7.5821e+01, 6.9562e+00
7.5871e+01, 7.8906e+00
7.5921e+01, 9.0942e+00
7.5946e+01, 9.8370e+00
7.5971e+01, 1.0706e+01
7.5996e+01, 1.1738e+01
7.6021e+01, 1.2982e+01
7.6046e+01, 1.4507e+01
7.6071e+01, 1.6409e+01
7.6096e+01, 1.8818e+01
7.6121e+01, 2.1913e+01
7.6133e+01, 2.3788e+01
7.6146e+01, 2.5928e+01
7.6158e+01, 2.8372e+01
7.6171e+01, 3.1165e+01
7.6183e+01, 3.4355e+01
7.6195e+01, 3.7997e+01
7.6208e+01, 4.2148e+01
7.6220e+01, 4.6865e+01
7.6232e+01, 5.1752e+01
7.6243e+01, 5.7219e+01
7.6255e+01, 6.3320e+01
7.6266e+01, 7.0105e+01
7.6289e+01, 8.5915e+01
7.6312e+01, 1.0497e+02
7.6335e+01, 1.2749e+02
7.6358e+01, 1.5350e+02
7.6380e+01, 1.8280e+02
7.6403e+01, 2.1490e+02
7.6420e+01, 2.3955e+02
7.6457e+01, 2.9666e+02
7.6495e+01, 3.5088e+02
7.6518e+01, 3.7957e+02
7.6540e+01, 4.0296e+02
7.6570e+01, 4.2328e+02
7.6600e+01, 4.3023e+02
7.6612e+01, 4.2908e+02
7.6633e+01, 4.2158e+02
7.6654e+01, 4.0749e+02
7.6675e+01, 3.8752e+02
7.6696e+01, 3.6272e+02
7.6720e+01, 3.2941e+02
7.6745e+01, 2.9317e+02
7.6794e+01, 2.1944e+02
7.6816e+01, 1.8785e+02
7.6838e+01, 1.5885e+02
7.6861e+01, 1.3294e+02
7.6883e+01, 1.1035e+02
7.6906e+01, 9.1086e+01
7.6928e+01, 7.4988e+01
7.6950e+01, 6.1767e+01
7.6962e+01, 5.6126e+01
7.6973e+01, 5.1074e+01
7.6987e+01, 4.5413e+01
7.7001e+01, 4.0527e+01
7.7016e+01, 3.6325e+01
7.7030e+01, 3.2720e+01
7.7044e+01, 2.9632e+01
7.7058e+01, 2.6989e+01
7.7073e+01, 2.4728e+01
7.7087e+01, 2.2792e+01
7.7101e+01, 2.1131e+01
7.7115e+01, 1.9702e+01
7.7144e+01, 1.7404e+01
7.7172e+01, 1.5671e+01
7.7201e+01, 1.4343e+01
7.7229e+01, 1.3311e+01
7.7258e+01, 1.2498e+01
7.7286e+01, 1.1853e+01
7.7315e+01, 1.1339e+01
7.7372e+01, 1.0611e+01
7.7429e+01, 1.0185e+01
7.7494e+01, 9.9773e+00
7.7575e+01, 1.0063e+01
7.7657e+01, 1.0497e+01
7.7738e+01, 1.1289e+01
7.7820e+01, 1.2501e+01
7.7860e+01, 1.3298e+01
7.7901e+01, 1.4252e+01
7.7942e+01, 1.5394e+01
7.7982e+01, 1.6765e+01
7.8023e+01, 1.8423e+01
7.8064e+01, 2.0450e+01
7.8105e+01, 2.2963e+01
7.8145e+01, 2.6137e+01
7.8178e+01, 2.9329e+01
7.8197e+01, 3.1586e+01
7.8216e+01, 3.4180e+01
7.8236e+01, 3.7181e+01
7.8255e+01, 4.0677e+01
7.8274e+01, 4.4778e+01
7.8294e+01, 4.9617e+01
7.8313e+01, 5.5355e+01
7.8332e+01, 6.2180e+01
7.8352e+01, 7.0327e+01
7.8371e+01, 8.0053e+01
7.8390e+01, 9.1653e+01
7.8410e+01, 1.0544e+02
7.8429e+01, 1.2177e+02
7.8448e+01, 1.4097e+02
7.8468e+01, 1.6339e+02
7.8487e+01, 1.8929e+02
7.8505e+01, 2.1726e+02
7.8524e+01, 2.4865e+02
7.8542e+01, 2.8346e+02
7.8560e+01, 3.2151e+02
7.8579e+01, 3.6251e+02
7.8597e+01, 4.0596e+02
7.8634e+01, 4.9729e+02
7.8678e+01, 6.0735e+02
7.8701e+01, 6.5676e+02
7.8723e+01, 6.9938e+02
7.8742e+01, 7.2895e+02
7.8762e+01, 7.5088e+02
7.8781e+01, 7.6435e+02
7.8800e+01, 7.6879e+02
7.8809e+01, 7.6780e+02
7.8839e+01, 7.4966e+02
7.8870e+01, 7.1038e+02
7.8900e+01, 6.5374e+02
7.8930e+01, 5.8493e+02
7.8999e+01, 4.1572e+02
7.9033e+01, 3.3622e+02
7.9067e+01, 2.6621e+02
7.9082e+01, 2.3809e+02
7.9098e+01, 2.1242e+02
7.9113e+01, 1.8919e+02
7.9129e+01, 1.6832e+02
7.9144e+01, 1.4971e+02
7.9159e+01, 1.3322e+02
7.9175e+01, 1.1869e+02
7.9190e+01, 1.0595e+02
7.9206e+01, 9.4825e+01
7.9221e+01, 8.5138e+01
7.9237e+01, 7.6724e+01
7.9252e+01, 6.9426e+01
7.9268e+01, 6.3099e+01
7.9283e+01, 5.7613e+01
7.9299e+01, 5.2851e+01
7.9314e+01, 4.8710e+01
7.9342e+01, 4.2543e+01
7.9370e+01, 3.7681e+01
7.9398e+01, 3.3804e+01
7.9426e+01, 3.0676e+01
7.9453e+01, 2.8125e+01
7.9481e+01, 2.6026e+01
7.9509e+01, 2.4288e+01
7.9537e+01, 2.2846e+01
7.9593e+01, 2.0665e+01
7.9648e+01, 1.9230e+01
7.9704e+01, 1.8414e+01
7.9760e+01, 1.8178e+01
7.9809e+01, 1.8492e+01
7.9859e+01, 1.9415e+01
7.9883e+01, 2.0175e+01
7.9908e+01, 2.1198e+01
7.9933e+01, 2.2555e+01
7.9958e+01, 2.4347e+01
7.9983e+01, 2.6713e+01
8.0007e+01, 2.9836e+01
8.0032e+01, 3.3964e+01
8.0044e+01, 3.6500e+01
8.0057e+01, 3.9410e+01
8.0069e+01, 4.2747e+01
8.0082e+01, 4.6567e+01
8.0094e+01, 5.0930e+01
8.0106e+01, 5.5895e+01
8.0119e+01, 6.1540e+01
8.0131e+01, 6.7923e+01
8.0143e+01, 7.5127e+01
8.0156e+01, 8.3210e+01
8.0177e+01, 9.9693e+01
8.0199e+01, 1.1941e+02
8.0221e+01, 1.4258e+02
8.0242e+01, 1.6930e+02
8.0256e+01, 1.8832e+02
8.0270e+01, 2.0867e+02
8.0298e+01, 2.5291e+02
8.0326e+01, 3.0052e+02
8.0354e+01, 3.4923e+02
8.0388e+01, 4.0612e+02
8.0422e+01, 4.5456e+02
8.0455e+01, 4.8825e+02
8.0488e+01, 5.0455e+02
8.0500e+01, 5.0569e+02
8.0506e+01, 5.0533e+02
8.0522e+01, 5.0112e+02
8.0538e+01, 4.9231e+02
8.0571e+01, 4.6213e+02
8.0593e+01, 4.3297e+02
8.0616e+01, 3.9877e+02
8.0661e+01, 3.2203e+02
8.0699e+01, 2.5657e+02
8.0736e+01, 1.9685e+02
8.0755e+01, 1.7037e+02
8.0774e+01, 1.4649e+02
8.0793e+01, 1.2531e+02
8.0812e+01, 1.0680e+02
8.0831e+01, 9.0827e+01
8.0850e+01, 7.7217e+01
8.0869e+01, 6.5746e+01
8.0888e+01, 5.6169e+01
8.0907e+01, 4.8236e+01
8.0926e+01, 4.1706e+01
8.0945e+01, 3.6356e+01
8.0963e+01, 3.1987e+01
8.0982e+01, 2.8418e+01
8.1001e+01, 2.5504e+01
8.1020e+01, 2.3120e+01
8.1039e+01, 2.1163e+01
8.1058e+01, 1.9551e+01
8.1077e+01, 1.8220e+01
8.1096e+01, 1.7117e+01
8.1115e+01, 1.6204e+01
8.1138e+01, 1.5285e+01
8.1162e+01, 1.4575e+01
8.1186e+01, 1.4050e+01
8.1209e+01, 1.3698e+01
8.1233e+01, 1.3518e+01
8.1257e+01, 1.3523e+01
8.1280e+01, 1.3740e+01
8.1304e+01, 1.4209e+01
8.1322e+01, 1.4761e+01
8.1339e+01, 1.5520e+01
8.1357e+01, 1.6523e+01
8.1375e+01, 1.7817e+01
8.1393e+01, 1.9454e+01
8.1410e+01, 2.1492e+01
8.1428e+01, 2.3994e+01
8.1446e+01, 2.7024e+01
8.1464e+01, 3.0650e+01
8.1481e+01, 3.4933e+01
8.1499e+01, 3.9924e+01
8.1517e+01, 4.5658e+01
8.1535e+01, 5.2161e+01
8.1552e+01, 5.9419e+01
8.1588e+01, 7.6020e+01
8.1616e+01, 9.0867e+01
8.1644e+01, 1.0640e+02
8.1673e+01, 1.2171e+02
8.1701e+01, 1.3575e+02
8.1715e+01, 1.4196e+02
8.1742e+01, 1.5153e+02
8.1769e+01, 1.5786e+02
8.1800e+01, 1.6047e+02
8.1821e+01, 1.5909e+02
8.1850e+01, 1.5313e+02
8.1880e+01, 1.4302e+02
8.1903e+01, 1.3283e+02
8.1925e+01, 1.2122e+02
8.1971e+01, 9.6028e+01
8.2014e+01, 7.2933e+01
8.2036e+01, 6.2456e+01
8.2057e+01, 5.2962e+01
8.2079e+01, 4.4547e+01
8.2100e+01, 3.7249e+01
8.2122e+01, 3.1035e+01
8.2143e+01, 2.5832e+01
8.2156e+01, 2.3312e+01
8.2168e+01, 2.1062e+01
8.2180e+01, 1.9060e+01
8.2192e+01, 1.7284e+01
8.2204e+01, 1.5712e+01
8.2216e+01, 1.4327e+01
8.2228e+01, 1.3106e+01
8.2240e+01, 1.2033e+01
8.2252e+01, 1.1090e+01
8.2265e+01, 1.0262e+01
8.2289e+01, 8.8943e+00
8.2313e+01, 7.8328e+00
8.2337e+01, 7.0011e+00
8.2361e+01, 6.3409e+00
8.2386e+01, 5.8089e+00
8.2410e+01, 5.3725e+00
8.2434e+01, 5.0086e+00
8.2483e+01, 4.4343e+00
8.2531e+01, 3.9988e+00
8.2574e+01, 3.6890e+00
8.2617e+01, 3.4315e+00
8.2703e+01, 3.0258e+00
8.2789e+01, 2.7198e+00
8.2876e+01, 2.4809e+00
8.2962e+01, 2.2896e+00
8.3048e+01, 2.1335e+00
8.3134e+01, 2.0038e+00
8.3220e+01, 1.8944e+00
8.3392e+01, 1.7215e+00
8.3565e+01, 1.5944e+00
8.3737e+01, 1.5011e+00
8.3909e+01, 1.4341e+00
8.4168e+01, 1.3738e+00
8.4426e+01, 1.3558e+00
8.4620e+01, 1.3694e+00
8.4813e+01, 1.4082e+00
8.5007e+01, 1.4766e+00
8.5201e+01, 1.5820e+00
8.5395e+01, 1.7364e+00
8.5492e+01, 1.8372e+00
8.5589e+01, 1.9581e+00
8.5686e+01, 2.1039e+00
8.5782e+01, 2.2812e+00
8.5879e+01, 2.4987e+00
8.5976e+01, 2.7680e+00
8.6062e+01, 3.0638e+00
8.6148e+01, 3.4292e+00
8.6235e+01, 3.8870e+00
8.6321e+01, 4.4708e+00
8.6364e+01, 4.8253e+00
8.6407e+01, 5.2328e+00
8.6450e+01, 5.7052e+00
8.6493e+01, 6.2573e+00
8.6536e+01, 6.9095e+00
8.6579e+01, 7.6890e+00
8.6622e+01, 8.6350e+00
8.6665e+01, 9.8044e+00
8.6708e+01, 1.1287e+01
8.6730e+01, 1.2189e+01
8.6751e+01, 1.3230e+01
8.6773e+01, 1.4447e+01
8.6794e+01, 1.5884e+01
8.6816e+01, 1.7601e+01
8.6838e+01, 1.9678e+01
8.6859e+01, 2.2219e+01
8.6881e+01, 2.5352e+01
8.6902e+01, 2.9247e+01
8.6924e+01, 3.4112e+01
8.6945e+01, 4.0202e+01
8.6967e+01, 4.7812e+01
8.6988e+01, 5.7292e+01
8.7010e+01, 6.9024e+01
8.7026e+01, 7.9549e+01
8.7042e+01, 9.1747e+01
8.7058e+01, 1.0579e+02
8.7074e+01, 1.2182e+02
8.7093e+01, 1.4323e+02
8.7112e+01, 1.6765e+02
8.7131e+01, 1.9515e+02
8.7150e+01, 2.2566e+02
8.7169e+01, 2.5897e+02
8.7187e+01, 2.9472e+02
8.7225e+01, 3.7120e+02
8.7265e+01, 4.5431e+02
8.7306e+01, 5.2877e+02
8.7336e+01, 5.7203e+02
8.7366e+01, 6.0076e+02
8.7400e+01, 6.1249e+02
8.7406e+01, 6.1211e+02
8.7422e+01, 6.0744e+02
8.7438e+01, 5.9754e+02
8.7470e+01, 5.6334e+02
8.7491e+01, 5.3232e+02
8.7512e+01, 4.9593e+02
8.7554e+01, 4.1297e+02
8.7591e+01, 3.3641e+02
8.7628e+01, 2.6404e+02
8.7647e+01, 2.3099e+02
8.7665e+01, 2.0059e+02
8.7684e+01, 1.7305e+02
8.7702e+01, 1.4847e+02
8.7718e+01, 1.2952e+02
8.7734e+01, 1.1272e+02
8.7750e+01, 9.7927e+01
8.7766e+01, 8.5012e+01
8.7782e+01, 7.3810e+01
8.7798e+01, 6.4166e+01
8.7814e+01, 5.5904e+01
8.7830e+01, 4.8856e+01
8.7847e+01, 4.2861e+01
8.7863e+01, 3.7782e+01
8.7879e+01, 3.3481e+01
8.7895e+01, 2.9839e+01
8.7911e+01, 2.6750e+01
8.7927e+01, 2.4129e+01
8.7943e+01, 2.1895e+01
8.7959e+01, 1.9983e+01
8.7975e+01, 1.8338e+01
8.7991e+01, 1.6916e+01
8.8023e+01, 1.4593e+01
8.8055e+01, 1.2788e+01
8.8087e+01, 1.1350e+01
8.8119e+01, 1.0177e+01
8.8151e+01, 9.2018e+00
8.8183e+01, 8.3782e+00
8.8215e+01, 7.6736e+00
8.8247e+01, 7.0639e+00
8.8279e+01, 6.5322e+00
8.8344e+01, 5.6508e+00
8.8408e+01, 4.9529e+00
8.8472e+01, 4.3891e+00
8.8536e+01, 3.9261e+00
8.8600e+01, 3.5407e+00
8.8664e+01, 3.2164e+00
8.8728e+01, 2.9407e+00
8.8792e+01, 2.7044e+00
8.8857e+01, 2.5003e+00
8.8985e+01, 2.1675e+00
8.9113e+01, 1.9103e+00
8.9241e+01, 1.7074e+00
8.9370e+01, 1.5441e+00
8.9498e+01, 1.4107e+00
8.9646e+01, 1.2854e+00
8.9794e+01, 1.1839e+00
8.9942e+01, 1.1011e+00
9.0090e+01, 1.0330e+00
9.0238e+01, 9.7702e-01
9.0386e+01, 9.3089e-01
9.0682e+01, 8.5962e-01
9.0978e+01, 8.1077e-01
9.1274e+01, 7.7935e-01
9.1570e+01, 7.6189e-01
9.1866e+01, 7.5632e-01
9.2241e+01, 7.6472e-01
9.2615e+01, 7.9009e-01
9.2990e+01, 8.3371e-01
9.3365e+01, 8.9883e-01
9.3740e+01, 9.9131e-01
9.3928e+01, 1.0507e+00
9.4115e+01, 1.1209e+00
9.4303e+01, 1.2036e+00
9.4490e+01, 1.3016e+00
9.4677e+01, 1.4205e+00
9.4865e+01, 1.5655e+00
9.5033e+01, 1.7231e+00
9.5200e+01, 1.9148e+00
9.5368e+01, 2.1512e+00
9.5536e+01, 2.4470e+00
9.5703e+01, 2.8231e+00
9.5787e+01, 3.0509e+00
9.5871e+01, 3.3128e+00
9.5955e+01, 3.6166e+00
9.6039e+01, 3.9721e+00
9.6123e+01, 4.3918e+00
9.6207e+01, 4.8925e+00
9.6291e+01, 5.4969e+00
9.6374e+01, 6.2365e+00
9.6458e+01, 7.1563e+00
9.6542e+01, 8.3229e+00
9.6584e+01, 9.0290e+00
9.6626e+01, 9.8397e+00
9.6668e+01, 1.0779e+01
9.6710e+01, 1.1877e+01
9.6752e+01, 1.3176e+01
9.6794e+01, 1.4735e+01
9.6836e+01, 1.6639e+01
9.6878e+01, 1.9018e+01
9.6917e+01, 2.1871e+01
9.6937e+01, 2.3604e+01
9.6956e+01, 2.5598e+01
9.6976e+01, 2.7914e+01
9.6996e+01, 3.0626e+01
9.7016e+01, 3.3831e+01
9.7035e+01, 3.7642e+01
9.7055e+01, 4.2202e+01
9.7075e+01, 4.7688e+01
9.7095e+01, 5.4311e+01
9.7114e+01, 6.2313e+01
9.7134e+01, 7.1982e+01
9.7154e+01, 8.3642e+01
9.7174e+01, 9.7651e+01
9.7193e+01, 1.1439e+02
9.7213e+01, 1.3426e+02
9.7233e+01, 1.5765e+02
9.7252e+01, 1.8494e+02
9.7272e+01, 2.1639e+02
9.7292e+01, 2.5224e+02
9.7312e+01, 2.9256e+02
9.7331e+01, 3.3728e+02
9.7351e+01, 3.8613e+02
9.7391e+01, 4.9400e+02
9.7445e+01, 6.5270e+02
9.7472e+01, 7.2893e+02
9.7499e+01, 7.9769e+02
9.7527e+01, 8.5626e+02
9.7555e+01, 8.9863e+02
9.7577e+01, 9.1898e+02
9.7600e+01, 9.2575e+02
9.7606e+01, 9.2513e+02
9.7627e+01, 9.1594e+02
9.7647e+01, 8.9610e+02
9.7667e+01, 8.6638e+02
9.7687e+01, 8.2790e+02
9.7710e+01, 7.7512e+02
9.7733e+01, 7.1510e+02
9.7778e+01, 5.8334e+02
9.7817e+01, 4.7108e+02
9.7856e+01, 3.6778e+02
9.7875e+01, 3.2138e+02
9.7895e+01, 2.7908e+02
9.7914e+01, 2.4104e+02
9.7933e+01, 2.0730e+02
9.7953e+01, 1.7771e+02
9.7972e+01, 1.5208e+02
9.7992e+01, 1.3008e+02
9.8011e+01, 1.1139e+02
9.8030e+01, 9.5604e+01
9.8050e+01, 8.2375e+01
9.8069e+01, 7.1341e+01
9.8088e+01, 6.2176e+01
9.8108e+01, 5.4569e+01
9.8127e+01, 4.8263e+01
9.8147e+01, 4.3029e+01
9.8166e+01, 3.8675e+01
9.8185e+01, 3.5034e+01
9.8205e+01, 3.1978e+01
9.8224e+01, 2.9393e+01
9.8243e+01, 2.7195e+01
9.8270e+01, 2.4692e+01
9.8296e+01, 2.2639e+01
9.8323e+01, 2.0936e+01
9.8349e+01, 1.9508e+01
9.8402e+01, 1.7275e+01
9.8455e+01, 1.5657e+01
9.8508e+01, 1.4492e+01
9.8561e+01, 1.3691e+01
9.8613e+01, 1.3205e+01
9.8666e+01, 1.3017e+01
9.8723e+01, 1.3167e+01
9.8779e+01, 1.3755e+01
9.8807e+01, 1.4264e+01
9.8835e+01, 1.4965e+01
9.8864e+01, 1.5913e+01
9.8892e+01, 1.7188e+01
9.8920e+01, 1.8904e+01
9.8948e+01, 2.1217e+01
9.8962e+01, 2.2663e+01
9.8976e+01, 2.4342e+01
9.8990e+01, 2.6293e+01
9.9004e+01, 2.8557e+01
9.9019e+01, 3.1184e+01
9.9033e+01, 3.4221e+01
9.9047e+01, 3.7727e+01
9.9061e+01, 4.1762e+01
9.9075e+01, 4.6393e+01
9.9089e+01, 5.1686e+01
9.9103e+01, 5.7710e+01
9.9117e+01, 6.4535e+01
9.9140e+01, 7.7515e+01
9.9163e+01, 9.3041e+01
9.9186e+01, 1.1132e+02
9.9209e+01, 1.3246e+02
9.9232e+01, 1.5643e+02
9.9255e+01, 1.8305e+02
9.9278e+01, 2.1193e+02
9.9300e+01, 2.4250e+02
9.9350e+01, 3.1016e+02
9.9399e+01, 3.7153e+02
9.9422e+01, 3.9463e+02
9.9445e+01, 4.1280e+02
9.9472e+01, 4.2692e+02
9.9500e+01, 4.3163e+02
9.9511e+01, 4.3076e+02
9.9530e+01, 4.2561e+02
9.9549e+01, 4.1600e+02
9.9587e+01, 3.8489e+02
9.9630e+01, 3.3556e+02
9.9673e+01, 2.7808e+02
9.9712e+01, 2.2450e+02
9.9751e+01, 1.7481e+02
9.9771e+01, 1.5240e+02
9.9790e+01, 1.3195e+02
9.9810e+01, 1.1356e+02
9.9829e+01, 9.7260e+01
9.9851e+01, 8.1785e+01
9.9872e+01, 6.8594e+01
9.9893e+01, 5.7493e+01
9.9915e+01, 4.8260e+01
9.9936e+01, 4.0650e+01
9.9957e+01, 3.4432e+01
9.9979e+01, 2.9379e+01
1.0000e+02, 2.5291e+01
1.0002e+02, 2.2868e+01
1.0003e+02, 2.0786e+01
1.0005e+02, 1.8995e+01
1.0006e+02, 1.7462e+01
1.0008e+02, 1.6127e+01
1.0009e+02, 1.4977e+01
1.0012e+02, 1.3093e+01
1.0015e+02, 1.1632e+01
1.0018e+02, 1.0482e+01
1.0021e+02, 9.5534e+00
1.0024e+02, 8.7890e+00
1.0027e+02, 8.1464e+00
1.0030e+02, 7.6017e+00
1.0036e+02, 6.7245e+00
1.0042e+02, 6.0498e+00
1.0049e+02, 5.5197e+00
1.0054e+02, 5.1589e+00
1.0059e+02, 4.8570e+00
1.0069e+02, 4.3852e+00
1.0079e+02, 4.0440e+00
1.0089e+02, 3.7983e+00
1.0099e+02, 3.6256e+00
1.0109e+02, 3.5121e+00
1.0119e+02, 3.4487e+00
1.0129e+02, 3.4299e+00
1.0144e+02, 3.4738e+00
1.0158e+02, 3.6000e+00
1.0172e+02, 3.8167e+00
1.0186e+02, 4.1420e+00
1.0200e+02, 4.6076e+00
1.0207e+02, 4.9084e+00
1.0214e+02, 5.2659e+00
1.0221e+02, 5.6937e+00
1.0228e+02, 6.2074e+00
1.0236e+02, 6.8321e+00
1.0243e+02, 7.5992e+00
1.0249e+02, 8.4582e+00
1.0255e+02, 9.5241e+00
1.0262e+02, 1.0876e+01
1.0265e+02, 1.1695e+01
1.0268e+02, 1.2637e+01
1.0271e+02, 1.3738e+01
1.0275e+02, 1.5032e+01
1.0278e+02, 1.6581e+01
1.0281e+02, 1.8470e+01
1.0284e+02, 2.0824e+01
1.0287e+02, 2.3822e+01
1.0289e+02, 2.5640e+01
1.0291e+02, 2.7724e+01
1.0292e+02, 3.0123e+01
1.0294e+02, 3.2898e+01
1.0296e+02, 3.7043e+01
1.0298e+02, 4.2058e+01
1.0300e+02, 4.8138e+01
1.0302e+02, 5.5507e+01
1.0303e+02, 6.1276e+01
1.0305e+02, 6.7819e+01
1.0306e+02, 7.5224e+01
1.0307e+02, 8.3519e+01
1.0309e+02, 9.2922e+01
1.0310e+02, 1.0347e+02
1.0311e+02, 1.1526e+02
1.0313e+02, 1.2828e+02
1.0314e+02, 1.4281e+02
1.0315e+02, 1.5882e+02
1.0317e+02, 1.7639e+02
1.0318e+02, 1.9540e+02
1.0319e+02, 2.1617e+02
1.0321e+02, 2.3854e+02
1.0323e+02, 2.8778e+02
1.0326e+02, 3.4647e+02
1.0329e+02, 4.0979e+02
1.0335e+02, 5.4145e+02
1.0339e+02, 6.2024e+02
1.0342e+02, 6.8450e+02
1.0346e+02, 7.2856e+02
1.0348e+02, 7.4000e+02
1.0350e+02, 7.4383e+02
1.0351e+02, 7.4341e+02
1.0353e+02, 7.3636e+02
1.0355e+02, 7.2099e+02
1.0357e+02, 6.9786e+02
1.0359e+02, 6.6782e+02
1.0361e+02, 6.2115e+02
1.0364e+02, 5.6773e+02
1.0369e+02, 4.5083e+02
1.0374e+02, 3.5138e+02
1.0376e+02, 3.0552e+02
1.0378e+02, 2.6351e+02
1.0380e+02, 2.2546e+02
1.0382e+02, 1.9179e+02
1.0385e+02, 1.6251e+02
1.0387e+02, 1.3756e+02
1.0389e+02, 1.2057e+02
1.0390e+02, 1.0585e+02
1.0392e+02, 9.3207e+01
1.0394e+02, 8.2431e+01
1.0396e+02, 7.3317e+01
1.0397e+02, 6.5663e+01
1.0399e+02, 5.9285e+01
1.0401e+02, 5.4037e+01
1.0403e+02, 4.9710e+01
1.0405e+02, 4.6203e+01
1.0406e+02, 4.3404e+01
1.0408e+02, 4.1218e+01
1.0410e+02, 3.9571e+01
1.0412e+02, 3.8405e+01
1.0413e+02, 3.7679e+01
1.0415e+02, 3.7368e+01
1.0417e+02, 3.7504e+01
1.0419e+02, 3.8169e+01
1.0421e+02, 3.9405e+01
1.0423e+02, 4.1259e+01
1.0425e+02, 4.3838e+01
1.0427e+02, 4.7233e+01
1.0429e+02, 5.1624e+01
1.0431e+02, 5.7143e+01
1.0433e+02, 6.4052e+01
1.0435e+02, 7.2514e+01
1.0437e+02, 8.2871e+01
1.0439e+02, 9.5291e+01
1.0441e+02, 1.1018e+02
1.0443e+02, 1.2764e+02
1.0445e+02, 1.4800e+02
1.0447e+02, 1.7143e+02
1.0448e+02, 1.8996e+02
1.0450e+02, 2.1011e+02
1.0451e+02, 2.3187e+02
1.0453e+02, 2.5502e+02
1.0455e+02, 3.0595e+02
1.0458e+02, 3.6143e+02
1.0461e+02, 4.2008e+02
1.0464e+02, 4.7911e+02
1.0467e+02, 5.3606e+02
1.0469e+02, 5.8741e+02
1.0472e+02, 6.2713e+02
1.0475e+02, 6.5748e+02
1.0477e+02, 6.7724e+02
1.0480e+02, 6.8376e+02
1.0481e+02, 6.8332e+02
1.0482e+02, 6.7785e+02
1.0484e+02, 6.6629e+02
1.0488e+02, 6.2659e+02
1.0490e+02, 5.9273e+02
1.0492e+02, 5.5350e+02
1.0497e+02, 4.6448e+02
1.0504e+02, 3.1765e+02
1.0507e+02, 2.5234e+02
1.0509e+02, 2.2301e+02
1.0511e+02, 1.9613e+02
1.0513e+02, 1.6983e+02
1.0515e+02, 1.4648e+02
1.0517e+02, 1.2599e+02
1.0519e+02, 1.0827e+02
1.0520e+02, 9.2936e+01
1.0522e+02, 7.9851e+01
1.0524e+02, 6.8766e+01
1.0526e+02, 5.9478e+01
1.0528e+02, 5.1652e+01
1.0530e+02, 4.5119e+01
1.0532e+02, 3.9678e+01
1.0534e+02, 3.5169e+01
1.0536e+02, 3.1391e+01
1.0538e+02, 2.8252e+01
1.0540e+02, 2.5605e+01
1.0542e+02, 2.3386e+01
1.0544e+02, 2.0600e+01
1.0547e+02, 1.8406e+01
1.0550e+02, 1.6649e+01
1.0553e+02, 1.5220e+01
1.0556e+02, 1.4042e+01
1.0559e+02, 1.3061e+01
1.0562e+02, 1.2240e+01
1.0565e+02, 1.1553e+01
1.0571e+02, 1.0524e+01
1.0574e+02, 1.0170e+01
1.0577e+02, 9.9275e+00
1.0580e+02, 9.8101e+00
1.0583e+02, 9.8414e+00
1.0586e+02, 1.0058e+01
1.0589e+02, 1.0507e+01
1.0591e+02, 1.0958e+01
1.0593e+02, 1.1560e+01
1.0594e+02, 1.2337e+01
1.0596e+02, 1.3313e+01
1.0598e+02, 1.4527e+01
1.0600e+02, 1.6006e+01
1.0602e+02, 1.7781e+01
1.0604e+02, 1.9868e+01
1.0606e+02, 2.2315e+01
1.0608e+02, 2.5129e+01
1.0610e+02, 2.8320e+01
1.0612e+02, 3.1866e+01
1.0616e+02, 4.0016e+01
1.0619e+02, 4.9258e+01
1.0625e+02, 6.2723e+01
1.0630e+02, 7.4822e+01
1.0634e+02, 8.1635e+01
1.0637e+02, 8.4459e+01
1.0640e+02, 8.5344e+01
1.0643e+02, 8.4104e+01
1.0647e+02, 7.9437e+01
1.0651e+02, 7.1908e+01
1.0657e+02, 5.7875e+01
1.0662e+02, 4.3059e+01
1.0665e+02, 3.5735e+01
1.0669e+02, 2.9198e+01
1.0672e+02, 2.3558e+01
1.0673e+02, 2.1081e+01
1.0675e+02, 1.8851e+01
1.0676e+02, 1.6831e+01
1.0678e+02, 1.5027e+01
1.0679e+02, 1.3426e+01
1.0681e+02, 1.2021e+01
1.0682e+02, 1.0779e+01
1.0684e+02, 9.7003e+00
1.0685e+02, 8.7550e+00
1.0687e+02, 7.9401e+00
1.0689e+02, 6.8351e+00
1.0692e+02, 5.9688e+00
1.0694e+02, 5.2871e+00
1.0697e+02, 4.7488e+00
1.0699e+02, 4.3208e+00
1.0702e+02, 3.9768e+00
1.0704e+02, 3.6965e+00
1.0707e+02, 3.4647e+00
1.0712e+02, 3.1035e+00
1.0717e+02, 2.8323e+00
1.0722e+02, 2.6181e+00
1.0727e+02, 2.4423e+00
1.0736e+02, 2.1661e+00
1.0746e+02, 1.9560e+00
1.0756e+02, 1.7884e+00
1.0766e+02, 1.6507e+00
1.0780e+02, 1.4953e+00
1.0794e+02, 1.3697e+00
1.0807e+02, 1.2660e+00
1.0821e+02, 1.1789e+00
1.0849e+02, 1.0398e+00
1.0876e+02, 9.3437e-01
1.0904e+02, 8.5320e-01
1.0931e+02, 7.9028e-01
1.0959e+02, 7.4173e-01
1.0986e+02, 7.0510e-01
1.1010e+02, 6.8131e-01
1.1035e+02, 6.6521e-01
1.1059e+02, 6.5665e-01
1.1084e+02, 6.5596e-01
1.1108e+02, 6.6394e-01
1.1133e+02, 6.8206e-01
1.1157e+02, 7.1279e-01
1.1181e+02, 7.5992e-01
1.1206e+02, 8.2918e-01
1.1218e+02, 8.7531e-01
1.1230e+02, 9.3188e-01
1.1243e+02, 1.0017e+00
1.1255e+02, 1.0882e+00
1.1267e+02, 1.1968e+00
1.1279e+02, 1.3350e+00
1.1289e+02, 1.4768e+00
1.1299e+02, 1.6543e+00
1.1309e+02, 1.8817e+00
1.1314e+02, 2.0203e+00
1.1319e+02, 2.1801e+00
1.1324e+02, 2.3663e+00
1.1329e+02, 2.5846e+00
1.1334e+02, 2.8438e+00
1.1339e+02, 3.1558e+00
1.1344e+02, 3.5381e+00
1.1349e+02, 4.0178e+00
1.1351e+02, 4.3071e+00
1.1354e+02, 4.6395e+00
1.1356e+02, 5.0259e+00
1.1359e+02, 5.4805e+00
1.1361e+02, 5.9330e+00
1.1363e+02, 6.4636e+00
1.1365e+02, 7.0918e+00
1.1367e+02, 7.8424e+00
1.1369e+02, 8.7468e+00
1.1371e+02, 9.8440e+00
1.1373e+02, 1.1182e+01
1.1375e+02, 1.2820e+01
1.1377e+02, 1.4826e+01
1.1380e+02, 1.7284e+01
1.1382e+02, 2.0286e+01
1.1384e+02, 2.3938e+01
1.1386e+02, 2.8355e+01
1.1388e+02, 3.3656e+01
1.1390e+02, 3.9963e+01
1.1392e+02, 4.7353e+01
1.1394e+02, 5.6845e+01
1.1397e+02, 6.7890e+01
1.1399e+02, 8.0541e+01
1.1401e+02, 9.4781e+01
1.1404e+02, 1.1052e+02
1.1406e+02, 1.2756e+02
1.1408e+02, 1.4561e+02
1.1410e+02, 1.6421e+02
1.1415e+02, 2.0145e+02
1.1418e+02, 2.2700e+02
1.1422e+02, 2.4808e+02
1.1424e+02, 2.5833e+02
1.1426e+02, 2.6561e+02
1.1430e+02, 2.7059e+02
1.1431e+02, 2.7015e+02
1.1434e+02, 2.6466e+02
1.1437e+02, 2.5329e+02
1.1441e+02, 2.2978e+02
1.1445e+02, 1.9983e+02
1.1449e+02, 1.7048e+02
1.1452e+02, 1.4111e+02
1.1456e+02, 1.1354e+02
1.1460e+02, 8.9066e+01
1.1463e+02, 7.0696e+01
1.1464e+02, 6.2686e+01
1.1466e+02, 5.5430e+01
1.1467e+02, 4.8906e+01
1.1469e+02, 4.3080e+01
1.1471e+02, 3.7912e+01
1.1472e+02, 3.3355e+01
1.1474e+02, 2.9359e+01
1.1475e+02, 2.5873e+01
1.1477e+02, 2.2845e+01
1.1479e+02, 2.0225e+01
1.1480e+02, 1.7967e+01
1.1482e+02, 1.6024e+01
1.1483e+02, 1.4355e+01
1.1485e+02, 1.2925e+01
1.1487e+02, 1.1535e+01
1.1489e+02, 1.0370e+01
1.1490e+02, 9.3899e+00
1.1492e+02, 8.5681e+00
1.1494e+02, 7.8683e+00
1.1496e+02, 7.2761e+00
1.1498e+02, 6.7664e+00
1.1499e+02, 6.3300e+00
1.1503e+02, 5.6181e+00
1.1507e+02, 5.0716e+00
1.1510e+02, 4.6411e+00
1.1514e+02, 4.2956e+00
1.1517e+02, 4.0139e+00
1.1521e+02, 3.7835e+00
1.1528e+02, 3.4384e+00
1.1535e+02, 3.2104e+00
1.1543e+02, 3.0740e+00
1.1550e+02, 3.0152e+00
1.1558e+02, 3.0328e+00
1.1565e+02, 3.1361e+00
1.1573e+02, 3.3390e+00
1.1577e+02, 3.4863e+00
1.1581e+02, 3.6710e+00
1.1584e+02, 3.9026e+00
1.1588e+02, 4.1933e+00
1.1592e+02, 4.5618e+00
1.1596e+02, 5.0368e+00
1.1600e+02, 5.6631e+00
1.1602e+02, 6.0536e+00
1.1604e+02, 6.5107e+00
1.1606e+02, 7.0495e+00
1.1607e+02, 7.6882e+00
1.1609e+02, 8.4492e+00
1.1611e+02, 9.3546e+00
1.1613e+02, 1.0378e+01
1.1615e+02, 1.1596e+01
1.1617e+02, 1.3045e+01
1.1619e+02, 1.4757e+01
1.1620e+02, 1.6799e+01
1.1622e+02, 1.9201e+01
1.1624e+02, 2.2047e+01
1.1626e+02, 2.5365e+01
1.1628e+02, 2.9254e+01
1.1629e+02, 3.3761e+01
1.1631e+02, 3.8944e+01
1.1633e+02, 4.4823e+01
1.1635e+02, 5.1509e+01
1.1637e+02, 5.8958e+01
1.1638e+02, 6.7269e+01
1.1640e+02, 7.6343e+01
1.1642e+02, 8.8827e+01
1.1645e+02, 1.0241e+02
1.1649e+02, 1.3194e+02
1.1654e+02, 1.6557e+02
1.1659e+02, 1.9587e+02
1.1662e+02, 2.1012e+02
1.1665e+02, 2.2052e+02
1.1668e+02, 2.2579e+02
1.1670e+02, 2.2753e+02
1.1671e+02, 2.2713e+02
1.1674e+02, 2.2200e+02
1.1678e+02, 2.1140e+02
1.1682e+02, 1.8884e+02
1.1686e+02, 1.6052e+02
1.1694e+02, 1.0709e+02
1.1698e+02, 8.3225e+01
1.1700e+02, 7.2567e+01
1.1702e+02, 6.2927e+01
1.1704e+02, 5.5267e+01
1.1706e+02, 4.8369e+01
1.1708e+02, 4.2211e+01
1.1709e+02, 3.6790e+01
1.1711e+02, 3.1999e+01
1.1713e+02, 2.7843e+01
1.1715e+02, 2.4219e+01
1.1716e+02, 2.1114e+01
1.1718e+02, 1.8435e+01
1.1720e+02, 1.6161e+01
1.1722e+02, 1.4213e+01
1.1723e+02, 1.2569e+01
1.1725e+02, 1.1167e+01
1.1727e+02, 9.9845e+00
1.1729e+02, 8.9757e+00
1.1730e+02, 8.1230e+00
1.1732e+02, 7.3918e+00
1.1734e+02, 6.7664e+00
1.1736e+02, 6.2289e+00
1.1737e+02, 5.7669e+00
1.1741e+02, 5.0110e+00
1.1744e+02, 4.4247e+00
1.1748e+02, 3.9580e+00
1.1751e+02, 3.5776e+00
1.1755e+02, 3.2611e+00
1.1758e+02, 2.9934e+00
1.1762e+02, 2.7631e+00
1.1765e+02, 2.5638e+00
1.1772e+02, 2.2353e+00
1.1779e+02, 1.9760e+00
1.1786e+02, 1.7668e+00
1.1794e+02, 1.5730e+00
1.1802e+02, 1.4154e+00
1.1810e+02, 1.2854e+00
1.1818e+02, 1.1767e+00
1.1826e+02, 1.0849e+00
1.1834e+02, 1.0066e+00
1.1850e+02, 8.8048e-01
1.1866e+02, 7.8372e-01
1.1882e+02, 7.0784e-01
1.1898e+02, 6.4734e-01
1.1914e+02, 5.9842e-01
1.1929e+02, 5.6063e-01
1.1944e+02, 5.2909e-01
1.1974e+02, 4.8037e-01
1.2004e+02, 4.4485e-01
1.2034e+02, 4.1893e-01
1.2063e+02, 4.0042e-01
1.2093e+02, 3.8776e-01
1.2123e+02, 3.7994e-01
1.2153e+02, 3.7633e-01
1.2193e+02, 3.7753e-01
1.2233e+02, 3.8546e-01
1.2273e+02, 4.0061e-01
1.2313e+02, 4.2422e-01
1.2353e+02, 4.5861e-01
1.2393e+02, 5.0781e-01
1.2413e+02, 5.3995e-01
1.2433e+02, 5.7846e-01
1.2452e+02, 6.2526e-01
1.2472e+02, 6.8358e-01
1.2488e+02, 7.4116e-01
1.2504e+02, 8.1148e-01
1.2520e+02, 8.9878e-01
1.2536e+02, 1.0092e+00
1.2552e+02, 1.1530e+00
1.2560e+02, 1.2424e+00
1.2568e+02, 1.3477e+00
1.2576e+02, 1.4731e+00
1.2584e+02, 1.6250e+00
1.2592e+02, 1.8123e+00
1.2600e+02, 2.0485e+00
1.2607e+02, 2.2927e+00
1.2613e+02, 2.6050e+00
1.2616e+02, 2.7977e+00
1.2620e+02, 3.0241e+00
1.2623e+02, 3.2947e+00
1.2626e+02, 3.6251e+00
1.2629e+02, 4.0391e+00
1.2632e+02, 4.5666e+00
1.2636e+02, 5.2549e+00
1.2637e+02, 5.6787e+00
1.2639e+02, 6.1686e+00
1.2641e+02, 6.7366e+00
1.2642e+02, 7.3961e+00
1.2644e+02, 8.1627e+00
1.2645e+02, 9.0539e+00
1.2647e+02, 1.0089e+01
1.2649e+02, 1.1290e+01
1.2650e+02, 1.2680e+01
1.2652e+02, 1.4284e+01
1.2653e+02, 1.5984e+01
1.2655e+02, 1.7911e+01
1.2656e+02, 2.0088e+01
1.2658e+02, 2.2519e+01
1.2659e+02, 2.5258e+01
1.2661e+02, 2.8286e+01
1.2662e+02, 3.1661e+01
1.2664e+02, 3.5352e+01
1.2667e+02, 4.3839e+01
1.2670e+02, 5.3703e+01
1.2673e+02, 6.4875e+01
1.2676e+02, 7.7139e+01
1.2682e+02, 1.0343e+02
1.2688e+02, 1.2823e+02
1.2691e+02, 1.3919e+02
1.2694e+02, 1.4739e+02
1.2697e+02, 1.5181e+02
1.2700e+02, 1.5335e+02
1.2702e+02, 1.5292e+02
1.2706e+02, 1.4767e+02
1.2710e+02, 1.3706e+02
1.2715e+02, 1.1810e+02
1.2720e+02, 9.6102e+01
1.2726e+02, 7.2677e+01
1.2728e+02, 6.2029e+01
1.2731e+02, 5.2489e+01
1.2734e+02, 4.4134e+01
1.2737e+02, 3.7083e+01
1.2739e+02, 3.1278e+01
1.2741e+02, 2.8838e+01
1.2742e+02, 2.6711e+01
1.2745e+02, 2.3700e+01
1.2747e+02, 2.1480e+01
1.2749e+02, 2.0007e+01
1.2752e+02, 1.9249e+01
1.2754e+02, 1.9136e+01
1.2755e+02, 1.9415e+01
1.2757e+02, 2.0098e+01
1.2759e+02, 2.1192e+01
1.2761e+02, 2.2729e+01
1.2762e+02, 2.4719e+01
1.2764e+02, 2.7217e+01
1.2766e+02, 3.0230e+01
1.2768e+02, 3.3829e+01
1.2770e+02, 3.8011e+01
1.2771e+02, 4.2855e+01
1.2773e+02, 4.8338e+01
1.2775e+02, 5.4540e+01
1.2777e+02, 6.1402e+01
1.2780e+02, 7.7160e+01
1.2784e+02, 9.6524e+01
1.2788e+02, 1.1793e+02
1.2792e+02, 1.4020e+02
1.2795e+02, 1.6174e+02
1.2799e+02, 1.7996e+02
1.2803e+02, 1.9444e+02
1.2805e+02, 2.0146e+02
1.2807e+02, 2.0589e+02
1.2810e+02, 2.0759e+02
1.2811e+02, 2.0728e+02
1.2815e+02, 2.0209e+02
1.2818e+02, 1.9102e+02
1.2822e+02, 1.7316e+02
1.2826e+02, 1.5133e+02
1.2834e+02, 1.0809e+02
1.2837e+02, 8.7788e+01
1.2841e+02, 6.9758e+01
1.2843e+02, 6.1012e+01
1.2845e+02, 5.3116e+01
1.2847e+02, 4.6072e+01
1.2849e+02, 3.9889e+01
1.2851e+02, 3.4465e+01
1.2853e+02, 2.9802e+01
1.2855e+02, 2.5790e+01
1.2857e+02, 2.2403e+01
1.2859e+02, 1.9538e+01
1.2861e+02, 1.7154e+01
1.2863e+02, 1.5166e+01
1.2865e+02, 1.3532e+01
1.2867e+02, 1.2184e+01
1.2869e+02, 1.1087e+01
1.2871e+02, 1.0189e+01
1.2873e+02, 9.4638e+00
1.2875e+02, 8.8752e+00
1.2877e+02, 8.4044e+00
1.2881e+02, 7.7297e+00
1.2885e+02, 7.3222e+00
1.2889e+02, 7.1096e+00
1.2892e+02, 7.0500e+00
1.2896e+02, 7.0743e+00
1.2899e+02, 7.1780e+00
1.2902e+02, 7.3612e+00
1.2905e+02, 7.6315e+00
1.2908e+02, 7.9996e+00
1.2911e+02, 8.4883e+00
1.2915e+02, 9.1256e+00
1.2918e+02, 9.9616e+00
1.2921e+02, 1.1057e+01
1.2924e+02, 1.2515e+01
1.2926e+02, 1.3417e+01
1.2927e+02, 1.4456e+01
1.2929e+02, 1.5666e+01
1.2930e+02, 1.7071e+01
1.2932e+02, 1.8702e+01
1.2934e+02, 2.0581e+01
1.2935e+02, 2.2772e+01
1.2937e+02, 2.5307e+01
1.2938e+02, 2.8235e+01
1.2940e+02, 3.1585e+01
1.2941e+02, 3.5246e+01
1.2943e+02, 3.9379e+01
1.2944e+02, 4.4087e+01
1.2946e+02, 4.9359e+01
1.2947e+02, 5.5315e+01
1.2949e+02, 6.1924e+01
1.2950e+02, 6.9265e+01
1.2952e+02, 7.7377e+01
1.2953e+02, 8.6350e+01
1.2955e+02, 9.6088e+01
1.2958e+02, 1.1813e+02
1.2961e+02, 1.4340e+02
1.2964e+02, 1.7142e+02
1.2965e+02, 1.8469e+02
1.2968e+02, 2.1220e+02
1.2971e+02, 2.4022e+02
1.2976e+02, 2.9422e+02
1.2980e+02, 3.2481e+02
1.2983e+02, 3.4865e+02
1.2985e+02, 3.5968e+02
1.2988e+02, 3.6640e+02
1.2990e+02, 3.6861e+02
1.2991e+02, 3.6800e+02
1.2993e+02, 3.6397e+02
1.2995e+02, 3.5629e+02
1.3000e+02, 3.3114e+02
1.3004e+02, 2.9251e+02
1.3009e+02, 2.4694e+02
1.3013e+02, 2.0173e+02
1.3017e+02, 1.5896e+02
1.3019e+02, 1.3932e+02
1.3022e+02, 1.2126e+02
1.3024e+02, 1.0476e+02
1.3026e+02, 9.0023e+01
1.3028e+02, 7.6922e+01
1.3030e+02, 6.5472e+01
1.3032e+02, 5.5577e+01
1.3034e+02, 4.7153e+01
1.3037e+02, 3.9981e+01
1.3039e+02, 3.3983e+01
1.3041e+02, 2.8955e+01
1.3043e+02, 2.4804e+01
1.3045e+02, 2.1361e+01
1.3047e+02, 1.8528e+01
1.3050e+02, 1.6199e+01
1.3052e+02, 1.4292e+01
1.3054e+02, 1.2713e+01
1.3056e+02, 1.1412e+01
1.3058e+02, 1.0324e+01
1.3060e+02, 9.4167e+00
1.3062e+02, 8.6798e+00
1.3064e+02, 8.0507e+00
1.3069e+02, 7.0293e+00
1.3073e+02, 6.2405e+00
1.3077e+02, 5.6144e+00
1.3081e+02, 5.1027e+00
1.3085e+02, 4.6772e+00
1.3089e+02, 4.3179e+00
1.3093e+02, 4.0116e+00
1.3101e+02, 3.5164e+00
1.3110e+02, 3.1386e+00
1.3118e+02, 2.8446e+00
1.3126e+02, 2.6128e+00
1.3134e+02, 2.4286e+00
1.3142e+02, 2.2820e+00
1.3151e+02, 2.1656e+00
1.3159e+02, 2.0744e+00
1.3175e+02, 1.9536e+00
1.3192e+02, 1.9014e+00
1.3207e+02, 1.9063e+00
1.3221e+02, 1.9598e+00
1.3236e+02, 2.0668e+00
1.3251e+02, 2.2378e+00
1.3258e+02, 2.3530e+00
1.3266e+02, 2.4922e+00
1.3273e+02, 2.6601e+00
1.3280e+02, 2.8632e+00
1.3288e+02, 3.1102e+00
1.3295e+02, 3.4124e+00
1.3303e+02, 3.7863e+00
1.3310e+02, 4.2554e+00
1.3317e+02, 4.7810e+00
1.3323e+02, 5.4463e+00
1.3326e+02, 5.8501e+00
1.3330e+02, 6.3135e+00
1.3333e+02, 6.8545e+00
1.3336e+02, 7.4907e+00
1.3340e+02, 8.2552e+00
1.3343e+02, 9.1879e+00
1.3346e+02, 1.0349e+01
1.3349e+02, 1.1817e+01
1.3353e+02, 1.3722e+01
1.3354e+02, 1.4883e+01
1.3356e+02, 1.6218e+01
1.3358e+02, 1.7767e+01
1.3359e+02, 1.9547e+01
1.3361e+02, 2.1605e+01
1.3363e+02, 2.3986e+01
1.3364e+02, 2.6759e+01
1.3366e+02, 2.9945e+01
1.3368e+02, 3.3644e+01
1.3369e+02, 3.7879e+01
1.3371e+02, 4.2770e+01
1.3372e+02, 4.8333e+01
1.3374e+02, 5.4668e+01
1.3376e+02, 6.1850e+01
1.3377e+02, 7.0004e+01
1.3379e+02, 7.9101e+01
1.3381e+02, 8.9245e+01
1.3382e+02, 1.0049e+02
1.3384e+02, 1.1294e+02
1.3386e+02, 1.2648e+02
1.3387e+02, 1.4117e+02
1.3389e+02, 1.5698e+02
1.3392e+02, 1.9185e+02
1.3395e+02, 2.3009e+02
1.3399e+02, 2.7062e+02
1.3402e+02, 3.1144e+02
1.3406e+02, 3.5986e+02
1.3410e+02, 4.0094e+02
1.3415e+02, 4.3242e+02
1.3417e+02, 4.4242e+02
1.3420e+02, 4.4574e+02
1.3421e+02, 4.4554e+02
1.3422e+02, 4.4262e+02
1.3424e+02, 4.3630e+02
1.3428e+02, 4.1415e+02
1.3432e+02, 3.7630e+02
1.3436e+02, 3.2905e+02
1.3444e+02, 2.4136e+02
1.3447e+02, 1.9933e+02
1.3451e+02, 1.6110e+02
1.3454e+02, 1.2766e+02
1.3456e+02, 1.1294e+02
1.3458e+02, 9.9650e+01
1.3460e+02, 8.7610e+01
1.3461e+02, 7.6850e+01
1.3463e+02, 6.7304e+01
1.3465e+02, 5.8936e+01
1.3467e+02, 5.1564e+01
1.3468e+02, 4.5145e+01
1.3470e+02, 3.9584e+01
1.3472e+02, 3.4811e+01
1.3474e+02, 3.0684e+01
1.3476e+02, 2.7166e+01
1.3477e+02, 2.4140e+01
1.3479e+02, 2.1568e+01
1.3481e+02, 1.9451e+01
1.3482e+02, 1.7630e+01
1.3484e+02, 1.6061e+01
1.3486e+02, 1.4714e+01
1.3488e+02, 1.3541e+01
1.3489e+02, 1.2527e+01
1.3493e+02, 1.0863e+01
1.3496e+02, 9.5718e+00
1.3499e+02, 8.5492e+00
1.3503e+02, 7.7224e+00
1.3506e+02, 7.0407e+00
1.3510e+02, 6.4690e+00
1.3513e+02, 5.9827e+00
1.3520e+02, 5.2003e+00
1.3527e+02, 4.6011e+00
1.3533e+02, 4.1313e+00
1.3542e+02, 3.6794e+00
1.3550e+02, 3.3337e+00
1.3559e+02, 3.0678e+00
1.3567e+02, 2.8643e+00
1.3575e+02, 2.7112e+00
1.3584e+02, 2.6013e+00
1.3592e+02, 2.5295e+00
1.3600e+02, 2.4933e+00
1.3611e+02, 2.4970e+00
1.3621e+02, 2.5570e+00
1.3631e+02, 2.6824e+00
1.3642e+02, 2.8899e+00
1.3647e+02, 3.0335e+00
1.3652e+02, 3.2110e+00
1.3657e+02, 3.4305e+00
1.3662e+02, 3.7033e+00
1.3668e+02, 4.0475e+00
1.3673e+02, 4.4900e+00
1.3678e+02, 5.0761e+00
1.3681e+02, 5.4447e+00
1.3683e+02, 5.8821e+00
1.3685e+02, 6.3387e+00
1.3688e+02, 6.8777e+00
1.3690e+02, 7.5221e+00
1.3692e+02, 8.2988e+00
1.3694e+02, 9.2417e+00
1.3697e+02, 1.0392e+01
1.3699e+02, 1.1802e+01
1.3701e+02, 1.3531e+01
1.3704e+02, 1.5654e+01
1.3706e+02, 1.8253e+01
1.3708e+02, 2.1425e+01
1.3710e+02, 2.5275e+01
1.3713e+02, 2.9916e+01
1.3715e+02, 3.5467e+01
1.3717e+02, 4.2044e+01
1.3719e+02, 4.9755e+01
1.3722e+02, 5.9417e+01
1.3724e+02, 7.0531e+01
1.3727e+02, 8.3167e+01
1.3729e+02, 9.7297e+01
1.3731e+02, 1.1289e+02
1.3734e+02, 1.2962e+02
1.3736e+02, 1.4729e+02
1.3739e+02, 1.6552e+02
1.3743e+02, 1.9472e+02
1.3747e+02, 2.2425e+02
1.3751e+02, 2.4866e+02
1.3755e+02, 2.6425e+02
1.3757e+02, 2.7013e+02
1.3760e+02, 2.7208e+02
1.3761e+02, 2.7167e+02
1.3764e+02, 2.6629e+02
1.3768e+02, 2.5510e+02
1.3772e+02, 2.3068e+02
1.3777e+02, 1.9944e+02
1.3781e+02, 1.6889e+02
1.3785e+02, 1.3848e+02
1.3789e+02, 1.1010e+02
1.3791e+02, 9.7184e+01
1.3793e+02, 8.5246e+01
1.3795e+02, 7.5634e+01
1.3797e+02, 6.6843e+01
1.3798e+02, 5.8870e+01
1.3800e+02, 5.1700e+01
1.3802e+02, 4.5300e+01
1.3804e+02, 3.9630e+01
1.3805e+02, 3.4639e+01
1.3807e+02, 3.0297e+01
1.3809e+02, 2.6498e+01
1.3811e+02, 2.3211e+01
1.3813e+02, 2.0380e+01
1.3814e+02, 1.7963e+01
1.3816e+02, 1.5883e+01
1.3818e+02, 1.4107e+01
1.3820e+02, 1.2594e+01
1.3821e+02, 1.1311e+01
1.3823e+02, 1.0210e+01
1.3825e+02, 9.2711e+00
1.3827e+02, 8.4677e+00
1.3829e+02, 7.7782e+00
1.3830e+02, 7.1840e+00
1.3832e+02, 6.6697e+00
1.3836e+02, 5.8322e+00
1.3839e+02, 5.1811e+00
1.3843e+02, 4.6640e+00
1.3846e+02, 4.2438e+00
1.3850e+02, 3.8961e+00
1.3853e+02, 3.6018e+00
1.3857e+02, 3.3498e+00
1.3864e+02, 2.9412e+00
1.3871e+02, 2.6238e+00
1.3878e+02, 2.3719e+00
1.3886e+02, 2.1417e+00
1.3895e+02, 1.9582e+00
1.3903e+02, 1.8098e+00
1.3911e+02, 1.6885e+00
1.3919e+02, 1.5885e+00
1.3927e+02, 1.5057e+00
1.3943e+02, 1.3796e+00
1.3960e+02, 1.2935e+00
1.3976e+02, 1.2376e+00
1.3992e+02, 1.2060e+00
1.4008e+02, 1.1951e+00
1.4027e+02, 1.2058e+00
1.4045e+02, 1.2408e+00
1.4063e+02, 1.3025e+00
1.4082e+02, 1.3960e+00
1.4100e+02, 1.5307e+00
1.4109e+02, 1.6179e+00
1.4118e+02, 1.7217e+00
1.4127e+02, 1.8465e+00
1.4137e+02, 1.9975e+00
1.4146e+02, 2.1819e+00
1.4155e+02, 2.4097e+00
1.4163e+02, 2.6606e+00
1.4171e+02, 2.9718e+00
1.4179e+02, 3.3655e+00
1.4187e+02, 3.8764e+00
1.4191e+02, 4.1931e+00
1.4195e+02, 4.5634e+00
1.4200e+02, 5.0049e+00
1.4204e+02, 5.5383e+00
1.4208e+02, 6.2002e+00
1.4212e+02, 7.0389e+00
1.4214e+02, 7.5509e+00
1.4216e+02, 8.1375e+00
1.4218e+02, 8.8173e+00
1.4220e+02, 9.6101e+00
1.4222e+02, 1.0545e+01
1.4224e+02, 1.1643e+01
1.4226e+02, 1.2950e+01
1.4228e+02, 1.4494e+01
1.4230e+02, 1.6339e+01
1.4232e+02, 1.8524e+01
1.4234e+02, 2.1119e+01
1.4236e+02, 2.4197e+01
1.4238e+02, 2.7852e+01
1.4240e+02, 3.2134e+01
1.4242e+02, 3.7145e+01
1.4244e+02, 4.2972e+01
1.4246e+02, 4.9737e+01
1.4248e+02, 5.7453e+01
1.4250e+02, 6.6219e+01
1.4252e+02, 7.6086e+01
1.4255e+02, 8.8574e+01
1.4257e+02, 1.0250e+02
1.4259e+02, 1.1780e+02
1.4262e+02, 1.3428e+02
1.4266e+02, 1.7033e+02
1.4271e+02, 2.0810e+02
1.4275e+02, 2.4440e+02
1.4280e+02, 2.7518e+02
1.4283e+02, 2.8998e+02
1.4286e+02, 3.0037e+02
1.4288e+02, 3.0510e+02
1.4290e+02, 3.0667e+02
1.4291e+02, 3.0653e+02
1.4293e+02, 3.0391e+02
1.4295e+02, 2.9808e+02
1.4300e+02, 2.7771e+02
1.4305e+02, 2.4436e+02
1.4310e+02, 2.0448e+02
1.4314e+02, 1.6682e+02
1.4319e+02, 1.3123e+02
1.4321e+02, 1.1494e+02
1.4323e+02, 9.9985e+01
1.4326e+02, 8.6354e+01
1.4328e+02, 7.4209e+01
1.4330e+02, 6.3435e+01
1.4333e+02, 5.4077e+01
1.4335e+02, 4.5969e+01
1.4337e+02, 3.9077e+01
1.4339e+02, 3.3222e+01
1.4342e+02, 2.8332e+01
1.4344e+02, 2.4256e+01
1.4346e+02, 2.0878e+01
1.4349e+02, 1.8078e+01
1.4351e+02, 1.5785e+01
1.4353e+02, 1.3890e+01
1.4355e+02, 1.2338e+01
1.4358e+02, 1.1052e+01
1.4360e+02, 9.9917e+00
1.4362e+02, 9.1076e+00
1.4365e+02, 8.3658e+00
1.4367e+02, 7.5942e+00
1.4370e+02, 6.9625e+00
1.4373e+02, 6.4348e+00
1.4376e+02, 5.9911e+00
1.4382e+02, 5.2841e+00
1.4387e+02, 4.7482e+00
1.4393e+02, 4.3299e+00
1.4399e+02, 3.9968e+00
1.4405e+02, 3.7280e+00
1.4410e+02, 3.5095e+00
1.4422e+02, 3.1841e+00
1.4433e+02, 2.9677e+00
1.4444e+02, 2.8289e+00
1.4456e+02, 2.7490e+00
1.4470e+02, 2.7151e+00
1.4489e+02, 2.7632e+00
1.4507e+02, 2.9032e+00
1.4525e+02, 3.1372e+00
1.4544e+02, 3.4792e+00
1.4553e+02, 3.6988e+00
1.4562e+02, 3.9566e+00
1.4571e+02, 4.2595e+00
1.4580e+02, 4.6151e+00
1.4589e+02, 5.0346e+00
1.4598e+02, 5.5313e+00
1.4608e+02, 6.1257e+00
1.4617e+02, 6.8422e+00
1.4628e+02, 7.9163e+00
1.4633e+02, 8.5646e+00
1.4639e+02, 9.3065e+00
1.4644e+02, 1.0161e+01
1.4650e+02, 1.1152e+01
1.4655e+02, 1.2313e+01
1.4660e+02, 1.3684e+01
1.4667e+02, 1.5635e+01
1.4673e+02, 1.8091e+01
1.4676e+02, 1.9576e+01
1.4680e+02, 2.1283e+01
1.4683e+02, 2.3262e+01
1.4686e+02, 2.5577e+01
1.4689e+02, 2.8335e+01
1.4692e+02, 3.1654e+01
1.4694e+02, 3.3574e+01
1.4696e+02, 3.5701e+01
1.4697e+02, 3.8064e+01
1.4699e+02, 4.0682e+01
1.4700e+02, 4.3623e+01
1.4702e+02, 4.6919e+01
1.4704e+02, 5.0617e+01
1.4705e+02, 5.4748e+01
1.4707e+02, 5.9425e+01
1.4708e+02, 6.4693e+01
1.4710e+02, 7.0630e+01
1.4712e+02, 7.7275e+01
1.4713e+02, 8.3663e+01
1.4714e+02, 9.0730e+01
1.4716e+02, 9.8538e+01
1.4717e+02, 1.0715e+02
1.4719e+02, 1.1664e+02
1.4720e+02, 1.2708e+02
1.4721e+02, 1.3853e+02
1.4723e+02, 1.5106e+02
1.4724e+02, 1.6474e+02
1.4725e+02, 1.7964e+02
1.4728e+02, 2.1329e+02
1.4731e+02, 2.5237e+02
1.4734e+02, 2.9708e+02
1.4736e+02, 3.3439e+02
1.4738e+02, 3.7474e+02
1.4742e+02, 4.6328e+02
1.4746e+02, 5.5965e+02
1.4750e+02, 6.5877e+02
1.4755e+02, 7.7403e+02
1.4760e+02, 8.6946e+02
1.4763e+02, 9.0542e+02
1.4765e+02, 9.3194e+02
1.4768e+02, 9.4820e+02
1.4770e+02, 9.5358e+02
1.4771e+02, 9.5280e+02
1.4773e+02, 9.4269e+02
1.4776e+02, 9.2131e+02
1.4779e+02, 8.8951e+02
1.4781e+02, 8.4852e+02
1.4784e+02, 7.8414e+02
1.4788e+02, 7.1068e+02
1.4794e+02, 5.5237e+02
1.4800e+02, 4.1842e+02
1.4803e+02, 3.5810e+02
1.4806e+02, 3.0379e+02
1.4809e+02, 2.5556e+02
1.4812e+02, 2.1371e+02
1.4815e+02, 1.7801e+02
1.4818e+02, 1.4812e+02
1.4820e+02, 1.2629e+02
1.4823e+02, 1.0790e+02
1.4825e+02, 9.2498e+01
1.4828e+02, 7.9675e+01
1.4830e+02, 6.9033e+01
1.4833e+02, 6.0217e+01
1.4835e+02, 5.2911e+01
1.4838e+02, 4.6845e+01
1.4840e+02, 4.1790e+01
1.4843e+02, 3.7555e+01
1.4846e+02, 3.3984e+01
1.4848e+02, 3.0951e+01
1.4851e+02, 2.8354e+01
1.4853e+02, 2.6111e+01
1.4858e+02, 2.2454e+01
1.4863e+02, 1.9592e+01
1.4868e+02, 1.7299e+01
1.4873e+02, 1.5421e+01
1.4878e+02, 1.3857e+01
1.4883e+02, 1.2537e+01
1.4889e+02, 1.1410e+01
1.4894e+02, 1.0439e+01
1.4899e+02, 9.5972e+00
1.4904e+02, 8.8596e+00
1.4909e+02, 8.2107e+00
1.4919e+02, 7.1264e+00
1.4929e+02, 6.2619e+00
1.4939e+02, 5.5628e+00
1.4953e+02, 4.7971e+00
1.4967e+02, 4.2086e+00
1.4981e+02, 3.7539e+00
1.4995e+02, 3.4047e+00
1.5009e+02, 3.1434e+00
1.5023e+02, 2.9605e+00
1.5037e+02, 2.8547e+00
1.5051e+02, 2.8343e+00
1.5060e+02, 2.8761e+00
1.5069e+02, 2.9741e+00
1.5078e+02, 3.1501e+00
1.5082e+02, 3.2792e+00
1.5087e+02, 3.4458e+00
1.5091e+02, 3.6638e+00
1.5096e+02, 3.9530e+00
1.5100e+02, 4.3480e+00
1.5103e+02, 4.6008e+00
1.5105e+02, 4.9009e+00
1.5107e+02, 5.2628e+00
1.5109e+02, 5.7002e+00
1.5112e+02, 6.2315e+00
1.5114e+02, 6.8761e+00
1.5116e+02, 7.6668e+00
1.5118e+02, 8.6338e+00
1.5121e+02, 9.8152e+00
1.5123e+02, 1.1248e+01
1.5125e+02, 1.2592e+01
1.5126e+02, 1.4144e+01
1.5128e+02, 1.5938e+01
1.5130e+02, 1.8004e+01
1.5132e+02, 2.0372e+01
1.5133e+02, 2.3072e+01
1.5135e+02, 2.6133e+01
1.5137e+02, 2.9584e+01
1.5139e+02, 3.3472e+01
1.5140e+02, 3.7774e+01
1.5142e+02, 4.2526e+01
1.5144e+02, 4.7736e+01
1.5147e+02, 5.9515e+01
1.5151e+02, 7.2985e+01
1.5154e+02, 8.8708e+01
1.5158e+02, 1.0534e+02
1.5162e+02, 1.2202e+02
1.5166e+02, 1.3768e+02
1.5169e+02, 1.5191e+02
1.5172e+02, 1.5984e+02
1.5175e+02, 1.6565e+02
1.5177e+02, 1.6871e+02
1.5179e+02, 1.6999e+02
1.5180e+02, 1.7004e+02
1.5182e+02, 1.6956e+02
1.5184e+02, 1.6673e+02
1.5187e+02, 1.6151e+02
1.5191e+02, 1.4972e+02
1.5195e+02, 1.3431e+02
1.5202e+02, 1.0229e+02
1.5206e+02, 8.6099e+01
1.5210e+02, 7.0919e+01
1.5213e+02, 5.7215e+01
1.5217e+02, 4.5378e+01
1.5219e+02, 4.0171e+01
1.5220e+02, 3.5450e+01
1.5222e+02, 3.1202e+01
1.5224e+02, 2.7427e+01
1.5226e+02, 2.4059e+01
1.5228e+02, 2.1091e+01
1.5230e+02, 1.8491e+01
1.5231e+02, 1.6239e+01
1.5233e+02, 1.4275e+01
1.5235e+02, 1.2582e+01
1.5237e+02, 1.1129e+01
1.5239e+02, 9.8930e+00
1.5240e+02, 8.7751e+00
1.5242e+02, 7.8365e+00
1.5244e+02, 7.0522e+00
1.5246e+02, 6.4007e+00
1.5248e+02, 5.8639e+00
1.5250e+02, 5.4266e+00
1.5252e+02, 5.0769e+00
1.5254e+02, 4.8054e+00
1.5256e+02, 4.6053e+00
1.5258e+02, 4.4718e+00
1.5260e+02, 4.4021e+00
1.5262e+02, 4.3949e+00
1.5264e+02, 4.4505e+00
1.5265e+02, 4.5700e+00
1.5267e+02, 4.7554e+00
1.5269e+02, 5.0093e+00
1.5271e+02, 5.3345e+00
1.5273e+02, 5.7339e+00
1.5275e+02, 6.2101e+00
1.5277e+02, 6.7651e+00
1.5279e+02, 7.4002e+00
1.5281e+02, 8.1159e+00
1.5285e+02, 9.7845e+00
1.5288e+02, 1.1749e+01
1.5292e+02, 1.3964e+01
1.5300e+02, 1.8868e+01
1.5300e+02, 3.5760e+01
2.0000e+02, 3.3929e+01
3.0000e+02, 3.0033e+01
4.0000e+02, 2.6136e+01
5.0000e+02, 2.2240e+01
6.0000e+02, 2.0026e+01
7.5000e+02, 1.6705e+01
8.0000e+02, 1.6082e+01
1.0000e+03, 1.3588e+01
1.5000e+03, 1.1369e+01
2.0000e+03, 9.1493e+00
2.5000e+03, 6.9300e+00
3.0000e+03, 6.3730e+00
3.0000e+03, 6.0540e+00
3.6693e+03, 5.2703e+00
4.0000e+03, 4.8830e+00
5.0000e+03, 4.3390e+00
6.0000e+03, 3.5060e+00
8.0000e+03, 3.0960e+00
1.0000e+04, 2.5440e+00
1.2000e+04, 2.1030e+00
1.5000e+04, 1.8570e+00
1.8000e+04, 1.6210e+00
1.9714e+04, 1.5467e+00
2.0000e+04, 1.5343e+00
2.1000e+04, 1.4910e+00
2.5000e+04, 1.3230e+00
3.0000e+04, 1.1790e+00
3.5000e+04, 1.0610e+00
4.0000e+04, 1.0015e+00
4.0362e+04, 9.9719e-01
4.5000e+04, 9.4200e-01
5.0000e+04, 8.9500e-01
5.1672e+04, 8.7929e-01
5.5000e+04, 8.4800e-01
6.5000e+04, 8.0500e-01
7.0000e+04, 7.7567e-01
8.0000e+04, 7.1700e-01
8.2855e+04, 7.1043e-01
8.2855e+04, 7.1043e-01
9.0000e+04, 6.9400e-01
1.0000e+05, 6.7100e-01
1.0673e+05, 6.4744e-01
1.2000e+05, 6.0100e-01
1.3010e+05, 5.7945e-01
1.3010e+05, 5.7944e-01
1.4472e+05, 5.4826e-01
1.5000e+05, 5.3700e-01
1.5200e+05, 5.3254e-01
1.6358e+05, 5.0667e-01
1.7052e+05, 4.9118e-01
1.7214e+05, 4.8754e-01
1.7214e+05, 4.8754e-01
1.7988e+05, 4.7026e-01
1.7989e+05, 4.7026e-01
1.8000e+05, 4.7000e-01
2.0000e+05, 4.4267e-01
2.0065e+05, 4.4177e-01
2.1000e+05, 4.2900e-01
2.1082e+05, 4.2871e-01
2.2199e+05, 4.2480e-01
2.2629e+05, 4.2330e-01
2.5000e+05, 4.1500e-01
2.5477e+05, 4.1252e-01
2.8182e+05, 3.9845e-01
2.9594e+05, 3.9111e-01
2.9823e+05, 3.8992e-01
3.0000e+05, 3.8900e-01
3.2838e+05, 3.5834e-01
3.3834e+05, 3.4759e-01
3.4517e+05, 3.4021e-01
3.4517e+05, 3.4021e-01
3.4650e+05, 3.3878e-01
3.4650e+05, 3.3878e-01
3.4926e+05, 3.3579e-01
3.5000e+05, 3.3500e-01
3.5299e+05, 3.3272e-01
3.5300e+05, 3.3272e-01
3.5406e+05, 3.3191e-01
3.9283e+05, 3.0245e-01
3.9283e+05, 3.0245e-01
4.0000e+05, 2.9700e-01
4.5000e+05, 2.9100e-01
5.0000e+05, 2.6100e-01
5.0550e+05, 2.5935e-01
5.0550e+05, 2.5935e-01
5.0708e+05, 2.5887e-01
5.0708e+05, 2.5887e-01
5.4171e+05, 2.4849e-01
5.4171e+05, 2.4849e-01
5.5000e+05, 2.4600e-01
5.5970e+05, 2.4425e-01
5.5970e+05, 2.4425e-01
5.9117e+05, 2.3859e-01
5.9117e+05, 2.3859e-01
5.9457e+05, 2.3798e-01
5.9457e+05, 2.3798e-01
6.0000e+05, 2.3700e-01
6.1724e+05, 2.2803e-01
6.1724e+05, 2.2803e-01
6.2739e+05, 2.2276e-01
6.2739e+05, 2.2276e-01
6.5000e+05, 2.1100e-01
6.5742e+05, 2.1041e-01
6.5742e+05, 2.1041e-01
6.6272e+05, 2.0998e-01
6.6272e+05, 2.0998e-01
6.9003e+05, 2.0780e-01
6.9003e+05, 2.0780e-01
7.0000e+05, 2.0700e-01
7.5000e+05, 2.0400e-01
7.5176e+05, 2.0361e-01
7.5176e+05, 2.0361e-01
8.0000e+05, 1.9300e-01
8.5000e+05, 1.8200e-01
9.0000e+05, 1.8100e-01
9.5000e+05, 1.7000e-01
1.0000e+06, 1.5900e-01
1.1000e+06, 1.5600e-01
1.2000e+06, 1.3700e-01
1.3000e+06, 1.4000e-01
1.4000e+06, 1.4500e-01
1.5000e+06, 1.3000e-01
1.6000e+06, 1.3600e-01
1.7000e+06, 1.2400e-01
1.8000e+06, 1.2000e-01
1.9000e+06, 1.2500e-01
2.0000e+06, 1.2500e-01
2.0000e+06, 1.2900e-01
2.0000e+06, 1.2900e-01
2.2000e+06, 1.1492e-01
2.5000e+06, 9.3800e-02
3.0000e+06, 6.6600e-02
3.2000e+06, 5.8400e-02
3.5000e+06, 4.6100e-02
3.7000e+06, 4.1380e-02
4.0000e+06, 3.4300e-02
4.5000e+06, 2.4150e-02
5.0000e+06, 1.4000e-02
5.3029e+06, 1.1335e-02
5.3179e+06, 1.1202e-02
5.5000e+06, 9.6000e-03
6.0000e+06, 5.2000e-03
6.5000e+06, 4.3500e-03
7.0000e+06, 3.5000e-03
7.5000e+06, 2.6700e-03
8.0000e+06, 1.8400e-03
8.1146e+06, 1.8297e-03
8.1146e+06, 1.8297e-03
8.1408e+06, 1.8273e-03
8.1510e+06, 1.8264e-03
8.2000e+06, 1.8220e-03
8.3000e+06, 1.8130e-03
8.4000e+06, 1.8040e-03
8.4930e+06, 1.7956e-03
8.5000e+06, 1.7950e-03
8.6000e+06, 1.7860e-03
8.7000e+06, 1.7770e-03
8.8000e+06, 1.7680e-03
8.9000e+06, 1.7590e-03
9.0000e+06, 1.7500e-03
9.5000e+06, 1.7050e-03
1.0000e+07, 1.6600e-03
1.0500e+07, 1.7550e-03
1.1000e+07, 1.8500e-03
1.1500e+07, 1.9350e-03
1.2000e+07, 2.0200e-03
1.2500e+07, 2.0900e-03
1.3000e+07, 2.1600e-03
1.3150e+07, 2.1180e-03
1.3500e+07, 2.0200e-03
1.4000e+07, 1.8800e-03
1.4472e+07, 1.7006e-03
1.4472e+07, 1.7006e-03
1.4500e+07, 1.6900e-03
1.5000e+07, 1.5000e-03
1.5500e+07, 1.3350e-03
1.6000e+07, 1.1700e-03
1.6500e+07, 1.0675e-03
1.7000e+07, 9.6500e-04
1.7500e+07, 8.6250e-04
1.8000e+07, 7.6000e-04
1.8500e+07, 7.0500e-04
1.9000e+07, 6.5000e-04
1.9500e+07, 5.9500e-04
2.0000e+07, 5.4000e-04
