ebin, xs
1.0000e-05, 5.7873e+02
1.0625e-05, 5.6145e+02
1.1250e-05, 5.4563e+02
1.1875e-05, 5.3108e+02
1.2500e-05, 5.1763e+02
1.3750e-05, 4.9355e+02
1.5000e-05, 4.7253e+02
1.6250e-05, 4.5400e+02
1.7500e-05, 4.3748e+02
1.8750e-05, 4.2265e+02
2.0000e-05, 4.0923e+02
2.1875e-05, 3.9130e+02
2.3750e-05, 3.7553e+02
2.5625e-05, 3.6153e+02
2.7500e-05, 3.4899e+02
2.9375e-05, 3.3767e+02
3.1250e-05, 3.2738e+02
3.3125e-05, 3.1798e+02
3.5000e-05, 3.0935e+02
3.8750e-05, 2.9400e+02
4.2500e-05, 2.8073e+02
4.6250e-05, 2.6911e+02
5.0000e-05, 2.5882e+02
5.3125e-05, 2.5109e+02
5.6250e-05, 2.4402e+02
5.9375e-05, 2.3751e+02
6.2500e-05, 2.3149e+02
6.8750e-05, 2.2072e+02
7.5000e-05, 2.1132e+02
8.1250e-05, 2.0303e+02
8.7500e-05, 1.9565e+02
9.3750e-05, 1.8901e+02
1.0000e-04, 1.8301e+02
1.0625e-04, 1.7755e+02
1.1250e-04, 1.7254e+02
1.1875e-04, 1.6794e+02
1.2500e-04, 1.6369e+02
1.3750e-04, 1.5607e+02
1.5000e-04, 1.4943e+02
1.6250e-04, 1.4357e+02
1.7500e-04, 1.3834e+02
1.8750e-04, 1.3365e+02
2.0000e-04, 1.2941e+02
2.1875e-04, 1.2374e+02
2.3750e-04, 1.1875e+02
2.5625e-04, 1.1433e+02
2.7500e-04, 1.1036e+02
2.9375e-04, 1.0678e+02
3.1250e-04, 1.0353e+02
3.3125e-04, 1.0055e+02
3.5000e-04, 9.7823e+01
3.8750e-04, 9.2969e+01
4.2500e-04, 8.8773e+01
4.6250e-04, 8.5098e+01
5.0000e-04, 8.1845e+01
5.3125e-04, 7.9401e+01
5.6250e-04, 7.7164e+01
5.9375e-04, 7.5106e+01
6.2500e-04, 7.3204e+01
6.8750e-04, 6.9797e+01
7.5000e-04, 6.6826e+01
8.1250e-04, 6.4204e+01
8.7500e-04, 6.1869e+01
9.3750e-04, 5.9771e+01
1.0000e-03, 5.7873e+01
1.0625e-03, 5.6145e+01
1.1250e-03, 5.4563e+01
1.1875e-03, 5.3108e+01
1.2500e-03, 5.1763e+01
1.3750e-03, 4.9354e+01
1.5000e-03, 4.7253e+01
1.6250e-03, 4.5399e+01
1.7500e-03, 4.3748e+01
1.8750e-03, 4.2264e+01
2.0000e-03, 4.0922e+01
2.1875e-03, 3.9129e+01
2.3750e-03, 3.7553e+01
2.5625e-03, 3.6153e+01
2.7500e-03, 3.4899e+01
2.9375e-03, 3.3766e+01
3.1250e-03, 3.2738e+01
3.3125e-03, 3.1798e+01
3.5000e-03, 3.0934e+01
3.8750e-03, 2.9399e+01
4.2500e-03, 2.8072e+01
4.6250e-03, 2.6910e+01
5.0000e-03, 2.5881e+01
5.3125e-03, 2.5108e+01
5.6250e-03, 2.4401e+01
5.9375e-03, 2.3750e+01
6.2500e-03, 2.3148e+01
6.8750e-03, 2.2071e+01
7.5000e-03, 2.1131e+01
8.1250e-03, 2.0302e+01
8.7500e-03, 1.9563e+01
9.3750e-03, 1.8899e+01
1.0000e-02, 1.8299e+01
1.0625e-02, 1.7753e+01
1.1250e-02, 1.7253e+01
1.1875e-02, 1.6793e+01
1.2500e-02, 1.6367e+01
1.3750e-02, 1.5606e+01
1.5000e-02, 1.4941e+01
1.6250e-02, 1.4355e+01
1.7500e-02, 1.3832e+01
1.8750e-02, 1.3363e+01
2.0000e-02, 1.2938e+01
2.1325e-02, 1.2529e+01
2.2650e-02, 1.2157e+01
2.3975e-02, 1.1817e+01
2.5300e-02, 1.1503e+01
2.6844e-02, 1.1168e+01
2.8387e-02, 1.0860e+01
3.1475e-02, 1.0314e+01
3.4563e-02, 9.8427e+00
3.7650e-02, 9.4299e+00
4.0738e-02, 9.0648e+00
4.3825e-02, 8.7390e+00
4.6913e-02, 8.4461e+00
5.0000e-02, 8.1807e+00
5.3125e-02, 7.9362e+00
5.6250e-02, 7.7126e+00
5.9375e-02, 7.5071e+00
6.2500e-02, 7.3172e+00
6.8750e-02, 6.9770e+00
7.5000e-02, 6.6795e+00
8.1250e-02, 6.4168e+00
8.7500e-02, 6.1828e+00
9.3750e-02, 5.9727e+00
1.0000e-01, 5.7826e+00
1.0625e-01, 5.6095e+00
1.1250e-01, 5.4513e+00
1.1875e-01, 5.3059e+00
1.2500e-01, 5.1718e+00
1.3750e-01, 4.9312e+00
1.5000e-01, 4.7207e+00
1.6250e-01, 4.5348e+00
1.7500e-01, 4.3692e+00
1.8750e-01, 4.2207e+00
2.0000e-01, 4.0866e+00
2.1875e-01, 3.9072e+00
2.3750e-01, 3.7491e+00
2.5625e-01, 3.6087e+00
2.7500e-01, 3.4829e+00
2.9375e-01, 3.3693e+00
3.1250e-01, 3.2662e+00
3.3125e-01, 3.1720e+00
3.5000e-01, 3.0860e+00
3.8750e-01, 2.9326e+00
4.2500e-01, 2.7992e+00
5.0000e-01, 2.5797e+00
6.2500e-01, 2.3053e+00
7.5000e-01, 2.1023e+00
8.7500e-01, 1.9450e+00
1.0000e+00, 1.8182e+00
1.2500e+00, 1.6231e+00
1.5000e+00, 1.4791e+00
1.7500e+00, 1.3673e+00
2.0000e+00, 1.2770e+00
2.3750e+00, 1.1691e+00
2.7500e+00, 1.0840e+00
3.1250e+00, 1.0146e+00
3.5000e+00, 9.5651e-01
4.2500e+00, 8.6431e-01
5.0000e+00, 7.9373e-01
6.2500e+00, 7.0563e-01
7.5000e+00, 6.4063e-01
8.7500e+00, 5.9032e-01
1.0000e+01, 5.4998e-01
1.1250e+01, 5.1674e-01
1.2500e+01, 4.8889e-01
1.5000e+01, 4.4482e-01
1.7500e+01, 4.1171e-01
2.0000e+01, 3.8619e-01
2.3750e+01, 3.5800e-01
2.7500e+01, 3.3867e-01
3.1250e+01, 3.2603e-01
3.5000e+01, 3.1890e-01
3.8750e+01, 3.1670e-01
4.2500e+01, 3.1919e-01
4.6250e+01, 3.2652e-01
5.0000e+01, 3.3912e-01
5.3125e+01, 3.5424e-01
5.6250e+01, 3.7435e-01
5.9375e+01, 4.0048e-01
6.2500e+01, 4.3414e-01
6.5625e+01, 4.7745e-01
6.8750e+01, 5.3352e-01
7.1875e+01, 6.0673e-01
7.3438e+01, 6.5179e-01
7.5000e+01, 7.0422e-01
7.6562e+01, 7.6542e-01
7.8125e+01, 8.3735e-01
7.9688e+01, 9.2260e-01
8.1250e+01, 1.0246e+00
8.2812e+01, 1.1479e+00
8.4375e+01, 1.2988e+00
8.5938e+01, 1.4863e+00
8.7500e+01, 1.7218e+00
8.8550e+01, 1.9164e+00
8.9075e+01, 2.0276e+00
8.9600e+01, 2.1498e+00
9.0125e+01, 2.2827e+00
9.0387e+01, 2.3547e+00
9.0649e+01, 2.4304e+00
9.0912e+01, 2.5100e+00
9.1174e+01, 2.5941e+00
9.1306e+01, 2.6378e+00
9.1437e+01, 2.6827e+00
9.1568e+01, 2.7288e+00
9.1699e+01, 2.7761e+00
9.1821e+01, 2.8214e+00
9.1943e+01, 2.8678e+00
9.2065e+01, 2.9155e+00
9.2188e+01, 2.9644e+00
9.2310e+01, 3.0146e+00
9.2432e+01, 3.0661e+00
9.2554e+01, 3.1191e+00
9.2676e+01, 3.1735e+00
9.2725e+01, 3.1957e+00
9.2841e+01, 3.2494e+00
9.2957e+01, 3.3045e+00
9.3073e+01, 3.3611e+00
9.3188e+01, 3.4192e+00
9.3304e+01, 3.4790e+00
9.3420e+01, 3.5403e+00
9.3536e+01, 3.6034e+00
9.3652e+01, 3.6682e+00
9.3732e+01, 3.7136e+00
9.3811e+01, 3.7599e+00
9.3890e+01, 3.8071e+00
9.3970e+01, 3.8553e+00
9.4049e+01, 3.9044e+00
9.4128e+01, 3.9545e+00
9.4287e+01, 4.0577e+00
9.4446e+01, 4.1653e+00
9.4605e+01, 4.2773e+00
9.4763e+01, 4.3941e+00
9.4922e+01, 4.5159e+00
9.5056e+01, 4.6231e+00
9.5190e+01, 4.7342e+00
9.5325e+01, 4.8496e+00
9.5459e+01, 4.9693e+00
9.5593e+01, 5.0937e+00
9.5728e+01, 5.2229e+00
9.5996e+01, 5.4972e+00
9.6265e+01, 5.7943e+00
9.6533e+01, 6.1169e+00
9.6802e+01, 6.4680e+00
9.7070e+01, 6.8511e+00
9.7339e+01, 7.2703e+00
9.7607e+01, 7.7302e+00
9.7876e+01, 8.2362e+00
9.8145e+01, 8.7949e+00
9.8413e+01, 9.4137e+00
9.8682e+01, 1.0102e+01
9.8950e+01, 1.0870e+01
9.9219e+01, 1.1730e+01
9.9414e+01, 1.2424e+01
9.9609e+01, 1.3181e+01
9.9805e+01, 1.4011e+01
1.0000e+02, 1.4923e+01
1.0024e+02, 1.6198e+01
1.0049e+02, 1.7646e+01
1.0073e+02, 1.9301e+01
1.0098e+02, 2.1203e+01
1.0122e+02, 2.3407e+01
1.0147e+02, 2.5976e+01
1.0171e+02, 2.9000e+01
1.0195e+02, 3.2590e+01
1.0218e+02, 3.6476e+01
1.0240e+02, 4.1108e+01
1.0262e+02, 4.6693e+01
1.0273e+02, 4.9929e+01
1.0284e+02, 5.3514e+01
1.0295e+02, 5.7506e+01
1.0307e+02, 6.1962e+01
1.0318e+02, 6.6963e+01
1.0329e+02, 7.2590e+01
1.0340e+02, 7.8966e+01
1.0351e+02, 8.6220e+01
1.0362e+02, 9.4542e+01
1.0373e+02, 1.0414e+02
1.0385e+02, 1.1654e+02
1.0398e+02, 1.3135e+02
1.0410e+02, 1.4921e+02
1.0422e+02, 1.7103e+02
1.0434e+02, 1.9812e+02
1.0440e+02, 2.1418e+02
1.0446e+02, 2.3228e+02
1.0453e+02, 2.5284e+02
1.0459e+02, 2.7629e+02
1.0465e+02, 3.0321e+02
1.0471e+02, 3.3424e+02
1.0479e+02, 3.8129e+02
1.0486e+02, 4.3892e+02
1.0494e+02, 5.1048e+02
1.0498e+02, 5.5274e+02
1.0502e+02, 6.0002e+02
1.0506e+02, 6.5327e+02
1.0510e+02, 7.1316e+02
1.0514e+02, 7.8054e+02
1.0518e+02, 8.5610e+02
1.0521e+02, 9.4114e+02
1.0525e+02, 1.0361e+03
1.0529e+02, 1.1424e+03
1.0533e+02, 1.2600e+03
1.0539e+02, 1.4811e+03
1.0546e+02, 1.7350e+03
1.0552e+02, 2.0194e+03
1.0559e+02, 2.3260e+03
1.0572e+02, 2.9540e+03
1.0578e+02, 3.2377e+03
1.0584e+02, 3.4732e+03
1.0592e+02, 3.6674e+03
1.0600e+02, 3.7333e+03
1.0606e+02, 3.6877e+03
1.0612e+02, 3.5597e+03
1.0619e+02, 3.3605e+03
1.0625e+02, 3.1064e+03
1.0650e+02, 1.9148e+03
1.0656e+02, 1.6450e+03
1.0662e+02, 1.4060e+03
1.0669e+02, 1.1992e+03
1.0675e+02, 1.0236e+03
1.0681e+02, 8.7647e+02
1.0687e+02, 7.5427e+02
1.0694e+02, 6.5318e+02
1.0700e+02, 5.6956e+02
1.0706e+02, 5.0302e+02
1.0712e+02, 4.4720e+02
1.0718e+02, 3.9993e+02
1.0724e+02, 3.5977e+02
1.0730e+02, 3.2530e+02
1.0736e+02, 2.9560e+02
1.0742e+02, 2.6982e+02
1.0748e+02, 2.4728e+02
1.0754e+02, 2.2743e+02
1.0760e+02, 2.0993e+02
1.0772e+02, 1.8050e+02
1.0784e+02, 1.5689e+02
1.0796e+02, 1.3769e+02
1.0808e+02, 1.2251e+02
1.0819e+02, 1.0974e+02
1.0830e+02, 9.8870e+01
1.0842e+02, 8.9547e+01
1.0853e+02, 8.1472e+01
1.0865e+02, 7.4442e+01
1.0876e+02, 6.8275e+01
1.0888e+02, 6.2847e+01
1.0910e+02, 5.3759e+01
1.0933e+02, 4.6511e+01
1.0956e+02, 4.0636e+01
1.0979e+02, 3.5807e+01
1.1001e+02, 3.1978e+01
1.1023e+02, 2.8741e+01
1.1044e+02, 2.5978e+01
1.1066e+02, 2.3592e+01
1.1088e+02, 2.1510e+01
1.1109e+02, 1.9687e+01
1.1131e+02, 1.8085e+01
1.1153e+02, 1.6670e+01
1.1196e+02, 1.4295e+01
1.1240e+02, 1.2391e+01
1.1283e+02, 1.0843e+01
1.1327e+02, 9.5668e+00
1.1366e+02, 8.6056e+00
1.1405e+02, 7.7818e+00
1.1443e+02, 7.0701e+00
1.1482e+02, 6.4529e+00
1.1521e+02, 5.9187e+00
1.1560e+02, 5.4460e+00
1.1638e+02, 4.6471e+00
1.1716e+02, 4.0110e+00
1.1793e+02, 3.4965e+00
1.1871e+02, 3.0746e+00
1.1949e+02, 2.7244e+00
1.2022e+02, 2.4464e+00
1.2095e+02, 2.2088e+00
1.2168e+02, 2.0040e+00
1.2242e+02, 1.8263e+00
1.2315e+02, 1.6712e+00
1.2388e+02, 1.5360e+00
1.2534e+02, 1.3098e+00
1.2681e+02, 1.1291e+00
1.2827e+02, 9.8339e-01
1.2974e+02, 8.6419e-01
1.3120e+02, 7.6546e-01
1.3257e+02, 6.8758e-01
1.3394e+02, 6.2110e-01
1.3532e+02, 5.6388e-01
1.3669e+02, 5.1429e-01
1.3806e+02, 4.7101e-01
1.3943e+02, 4.3302e-01
1.4081e+02, 3.9950e-01
1.4218e+02, 3.7062e-01
1.4492e+02, 3.2007e-01
1.4767e+02, 2.7941e-01
1.5041e+02, 2.4625e-01
1.5316e+02, 2.1886e-01
1.5572e+02, 1.9745e-01
1.5828e+02, 1.7918e-01
1.6084e+02, 1.6339e-01
1.6340e+02, 1.4965e-01
1.6597e+02, 1.3763e-01
1.6853e+02, 1.2706e-01
1.7365e+02, 1.0947e-01
1.7621e+02, 1.0215e-01
1.7877e+02, 9.5908e-02
1.8390e+02, 8.4519e-02
1.8902e+02, 7.5188e-02
1.9414e+02, 6.7487e-02
2.0000e+02, 6.0248e-02
2.0588e+02, 5.4373e-02
2.1175e+02, 4.9341e-02
2.1763e+02, 4.5015e-02
2.2350e+02, 4.1308e-02
2.3525e+02, 3.5573e-02
2.4700e+02, 3.1142e-02
2.5875e+02, 2.7845e-02
2.7050e+02, 2.5252e-02
2.8225e+02, 2.3376e-02
2.9400e+02, 2.1854e-02
3.0967e+02, 2.0595e-02
3.2533e+02, 2.0073e-02
3.3415e+02, 2.0136e-02
3.4296e+02, 2.0504e-02
3.5177e+02, 2.1237e-02
3.6058e+02, 2.2441e-02
3.6499e+02, 2.3219e-02
3.6940e+02, 2.4288e-02
3.7380e+02, 2.5518e-02
3.7821e+02, 2.7065e-02
3.8262e+02, 2.8884e-02
3.8702e+02, 3.1212e-02
3.9143e+02, 3.4120e-02
3.9583e+02, 3.7809e-02
3.9926e+02, 4.1406e-02
4.0269e+02, 4.5852e-02
4.0612e+02, 5.1395e-02
4.0783e+02, 5.4493e-02
4.0954e+02, 5.8142e-02
4.1297e+02, 6.7044e-02
4.1468e+02, 7.2487e-02
4.1640e+02, 7.8764e-02
4.1811e+02, 8.6047e-02
4.1982e+02, 9.4562e-02
4.2154e+02, 1.0461e-01
4.2325e+02, 1.1659e-01
4.2484e+02, 1.2995e-01
4.2643e+02, 1.4604e-01
4.2802e+02, 1.6513e-01
4.2962e+02, 1.8907e-01
4.3121e+02, 2.1907e-01
4.3200e+02, 2.3699e-01
4.3280e+02, 2.5734e-01
4.3359e+02, 2.8056e-01
4.3439e+02, 3.0724e-01
4.3519e+02, 3.3809e-01
4.3598e+02, 3.7402e-01
4.3684e+02, 4.1979e-01
4.3769e+02, 4.7481e-01
4.3855e+02, 5.4144e-01
4.3941e+02, 6.2299e-01
4.4026e+02, 7.2592e-01
4.4069e+02, 7.8757e-01
4.4112e+02, 8.5761e-01
4.4155e+02, 9.3761e-01
4.4198e+02, 1.0296e+00
4.4241e+02, 1.1360e+00
4.4283e+02, 1.2602e+00
4.4328e+02, 1.4120e+00
4.4372e+02, 1.5933e+00
4.4417e+02, 1.8122e+00
4.4461e+02, 2.0795e+00
4.4505e+02, 2.4115e+00
4.4550e+02, 2.8322e+00
4.4572e+02, 3.0862e+00
4.4594e+02, 3.3765e+00
4.4616e+02, 3.7107e+00
4.4627e+02, 3.8971e+00
4.4638e+02, 4.0981e+00
4.4648e+02, 4.2768e+00
4.4657e+02, 4.4678e+00
4.4666e+02, 4.6722e+00
4.4675e+02, 4.8913e+00
4.4684e+02, 5.1267e+00
4.4694e+02, 5.3800e+00
4.4703e+02, 5.6531e+00
4.4712e+02, 5.9479e+00
4.4715e+02, 6.0515e+00
4.4722e+02, 6.3093e+00
4.4729e+02, 6.5845e+00
4.4737e+02, 6.8788e+00
4.4744e+02, 7.1935e+00
4.4751e+02, 7.5316e+00
4.4759e+02, 7.8951e+00
4.4766e+02, 8.2868e+00
4.4773e+02, 8.7091e+00
4.4777e+02, 8.9697e+00
4.4781e+02, 9.2427e+00
4.4790e+02, 9.8289e+00
4.4798e+02, 1.0477e+01
4.4807e+02, 1.1195e+01
4.4815e+02, 1.1996e+01
4.4824e+02, 1.2892e+01
4.4832e+02, 1.3904e+01
4.4840e+02, 1.5052e+01
4.4845e+02, 1.5687e+01
4.4849e+02, 1.6367e+01
4.4853e+02, 1.7099e+01
4.4857e+02, 1.7884e+01
4.4861e+02, 1.8734e+01
4.4866e+02, 1.9655e+01
4.4870e+02, 2.0654e+01
4.4874e+02, 2.1738e+01
4.4878e+02, 2.2924e+01
4.4882e+02, 2.4222e+01
4.4887e+02, 2.5646e+01
4.4891e+02, 2.7208e+01
4.4895e+02, 2.8935e+01
4.4899e+02, 3.0838e+01
4.4903e+02, 3.2951e+01
4.4908e+02, 3.5289e+01
4.4912e+02, 3.7893e+01
4.4916e+02, 4.0790e+01
4.4920e+02, 4.4017e+01
4.4925e+02, 4.7603e+01
4.4929e+02, 5.1608e+01
4.4933e+02, 5.6071e+01
4.4937e+02, 6.1040e+01
4.4941e+02, 6.6555e+01
4.4946e+02, 7.2694e+01
4.4950e+02, 7.9503e+01
4.4954e+02, 8.7037e+01
4.4958e+02, 9.5334e+01
4.4962e+02, 1.0449e+02
4.4967e+02, 1.1453e+02
4.4971e+02, 1.2551e+02
4.4975e+02, 1.3744e+02
4.4981e+02, 1.5665e+02
4.4987e+02, 1.7805e+02
4.4993e+02, 2.0167e+02
4.4999e+02, 2.2744e+02
4.5012e+02, 2.8474e+02
4.5024e+02, 3.4765e+02
4.5041e+02, 4.3605e+02
4.5058e+02, 5.1409e+02
4.5066e+02, 5.4356e+02
4.5074e+02, 5.6570e+02
4.5082e+02, 5.7943e+02
4.5090e+02, 5.8402e+02
4.5093e+02, 5.8338e+02
4.5101e+02, 5.7531e+02
4.5109e+02, 5.5840e+02
4.5117e+02, 5.3351e+02
4.5125e+02, 5.0190e+02
4.5136e+02, 4.4899e+02
4.5148e+02, 3.9043e+02
4.5170e+02, 2.7337e+02
4.5180e+02, 2.2913e+02
4.5190e+02, 1.8973e+02
4.5199e+02, 1.5559e+02
4.5209e+02, 1.2680e+02
4.5213e+02, 1.1430e+02
4.5218e+02, 1.0302e+02
4.5223e+02, 9.2874e+01
4.5228e+02, 8.3779e+01
4.5233e+02, 7.5639e+01
4.5237e+02, 6.8406e+01
4.5242e+02, 6.1979e+01
4.5247e+02, 5.6281e+01
4.5255e+02, 4.7823e+01
4.5264e+02, 4.1006e+01
4.5272e+02, 3.5497e+01
4.5280e+02, 3.1028e+01
4.5289e+02, 2.7374e+01
4.5297e+02, 2.4370e+01
4.5305e+02, 2.1873e+01
4.5314e+02, 1.9774e+01
4.5322e+02, 1.7991e+01
4.5330e+02, 1.6464e+01
4.5339e+02, 1.5141e+01
4.5347e+02, 1.3985e+01
4.5364e+02, 1.2064e+01
4.5380e+02, 1.0535e+01
4.5395e+02, 9.4553e+00
4.5409e+02, 8.5395e+00
4.5423e+02, 7.7550e+00
4.5438e+02, 7.0773e+00
4.5452e+02, 6.4866e+00
4.5466e+02, 5.9690e+00
4.5495e+02, 5.1070e+00
4.5524e+02, 4.4224e+00
4.5552e+02, 3.8694e+00
4.5581e+02, 3.4157e+00
4.5610e+02, 3.0383e+00
4.5636e+02, 2.7451e+00
4.5662e+02, 2.4924e+00
4.5688e+02, 2.2731e+00
4.5715e+02, 2.0818e+00
4.5741e+02, 1.9137e+00
4.5767e+02, 1.7653e+00
4.5819e+02, 1.5164e+00
4.5872e+02, 1.3169e+00
4.5924e+02, 1.1547e+00
4.5977e+02, 1.0211e+00
4.6029e+02, 9.1008e-01
4.6082e+02, 8.1641e-01
4.6134e+02, 7.3627e-01
4.6187e+02, 6.6726e-01
4.6239e+02, 6.0758e-01
4.6292e+02, 5.5563e-01
4.6344e+02, 5.1014e-01
4.6449e+02, 4.3462e-01
4.6554e+02, 3.7491e-01
4.6659e+02, 3.2686e-01
4.6764e+02, 2.8764e-01
4.6869e+02, 2.5523e-01
4.6970e+02, 2.2955e-01
4.7070e+02, 2.0754e-01
4.7170e+02, 1.8850e-01
4.7270e+02, 1.7199e-01
4.7370e+02, 1.5767e-01
4.7471e+02, 1.4513e-01
4.7671e+02, 1.2430e-01
4.7872e+02, 1.0784e-01
4.8072e+02, 9.4623e-02
4.8272e+02, 8.3829e-02
4.8473e+02, 7.4904e-02
4.8664e+02, 6.7777e-02
4.8855e+02, 6.1835e-02
4.9046e+02, 5.6592e-02
4.9236e+02, 5.2139e-02
4.9427e+02, 4.8147e-02
4.9618e+02, 4.4739e-02
5.0000e+02, 3.9014e-02
5.0333e+02, 3.5042e-02
5.0665e+02, 3.1764e-02
5.0998e+02, 2.9028e-02
5.1330e+02, 2.6723e-02
5.1663e+02, 2.4764e-02
5.1996e+02, 2.3091e-02
5.2661e+02, 2.0388e-02
5.3326e+02, 1.8322e-02
5.3991e+02, 1.6716e-02
5.4656e+02, 1.5450e-02
5.5322e+02, 1.4440e-02
5.6319e+02, 1.3292e-02
5.7317e+02, 1.2481e-02
5.8315e+02, 1.1842e-02
5.9313e+02, 1.1378e-02
6.1308e+02, 1.0901e-02
6.3304e+02, 1.0780e-02
6.5133e+02, 1.0980e-02
6.6963e+02, 1.1419e-02
6.8792e+02, 1.2124e-02
7.0621e+02, 1.3162e-02
7.2450e+02, 1.4565e-02
7.4280e+02, 1.6529e-02
7.5194e+02, 1.7734e-02
7.6109e+02, 1.9237e-02
7.7024e+02, 2.0974e-02
7.7938e+02, 2.2968e-02
7.8811e+02, 2.5350e-02
7.9685e+02, 2.8219e-02
8.0558e+02, 3.1694e-02
8.1431e+02, 3.6069e-02
8.1867e+02, 3.8612e-02
8.2304e+02, 4.1576e-02
8.3177e+02, 4.8558e-02
8.4050e+02, 5.7861e-02
8.4486e+02, 6.3593e-02
8.4923e+02, 7.0232e-02
8.5380e+02, 7.8640e-02
8.5838e+02, 8.8723e-02
8.6295e+02, 1.0103e-01
8.6752e+02, 1.1634e-01
8.7210e+02, 1.3546e-01
8.7667e+02, 1.6016e-01
8.7896e+02, 1.7510e-01
8.8124e+02, 1.9259e-01
8.8353e+02, 2.1274e-01
8.8582e+02, 2.3586e-01
8.8862e+02, 2.7042e-01
8.9143e+02, 3.1364e-01
8.9283e+02, 3.3915e-01
8.9424e+02, 3.6810e-01
8.9494e+02, 3.8404e-01
8.9564e+02, 4.0105e-01
8.9634e+02, 4.1922e-01
8.9704e+02, 4.3870e-01
8.9776e+02, 4.6001e-01
8.9847e+02, 4.8293e-01
8.9883e+02, 4.9505e-01
8.9919e+02, 5.0763e-01
8.9954e+02, 5.2071e-01
8.9990e+02, 5.3431e-01
9.0003e+02, 5.3939e-01
9.0027e+02, 5.4898e-01
9.0051e+02, 5.5884e-01
9.0075e+02, 5.6898e-01
9.0099e+02, 5.7940e-01
9.0154e+02, 6.0415e-01
9.0208e+02, 6.3055e-01
9.0236e+02, 6.4440e-01
9.0263e+02, 6.5872e-01
9.0290e+02, 6.7352e-01
9.0317e+02, 6.8884e-01
9.0345e+02, 7.0469e-01
9.0372e+02, 7.2110e-01
9.0399e+02, 7.3810e-01
9.0426e+02, 7.5571e-01
9.0454e+02, 7.7397e-01
9.0481e+02, 7.9290e-01
9.0508e+02, 8.1253e-01
9.0536e+02, 8.3292e-01
9.0564e+02, 8.5513e-01
9.0593e+02, 8.7823e-01
9.0621e+02, 9.0230e-01
9.0650e+02, 9.2738e-01
9.0707e+02, 9.8081e-01
9.0764e+02, 1.0390e+00
9.0821e+02, 1.1027e+00
9.0879e+02, 1.1724e+00
9.0936e+02, 1.2489e+00
9.0993e+02, 1.3333e+00
9.1050e+02, 1.4267e+00
9.1107e+02, 1.5302e+00
9.1164e+02, 1.6455e+00
9.1222e+02, 1.7745e+00
9.1279e+02, 1.9193e+00
9.1336e+02, 2.0827e+00
9.1393e+02, 2.2680e+00
9.1450e+02, 2.4793e+00
9.1507e+02, 2.7219e+00
9.1565e+02, 3.0019e+00
9.1622e+02, 3.3278e+00
9.1679e+02, 3.7099e+00
9.1736e+02, 4.1623e+00
9.1765e+02, 4.4202e+00
9.1793e+02, 4.7030e+00
9.1822e+02, 5.0140e+00
9.1850e+02, 5.3568e+00
9.1879e+02, 5.7362e+00
9.1908e+02, 6.1575e+00
9.1949e+02, 6.8584e+00
9.1991e+02, 7.6858e+00
9.2032e+02, 8.6721e+00
9.2074e+02, 9.8600e+00
9.2095e+02, 1.0547e+01
9.2115e+02, 1.1309e+01
9.2136e+02, 1.2157e+01
9.2157e+02, 1.3104e+01
9.2178e+02, 1.4166e+01
9.2199e+02, 1.5362e+01
9.2219e+02, 1.6716e+01
9.2240e+02, 1.8255e+01
9.2269e+02, 2.0741e+01
9.2297e+02, 2.3759e+01
9.2326e+02, 2.7465e+01
9.2340e+02, 2.9636e+01
9.2355e+02, 3.2059e+01
9.2369e+02, 3.4772e+01
9.2383e+02, 3.7811e+01
9.2397e+02, 4.1221e+01
9.2412e+02, 4.5051e+01
9.2426e+02, 4.9351e+01
9.2440e+02, 5.4174e+01
9.2455e+02, 5.9572e+01
9.2469e+02, 6.5590e+01
9.2482e+02, 7.1860e+01
9.2496e+02, 7.8729e+01
9.2523e+02, 9.4263e+01
9.2550e+02, 1.1192e+02
9.2576e+02, 1.3092e+02
9.2603e+02, 1.4989e+02
9.2630e+02, 1.6698e+02
9.2657e+02, 1.8014e+02
9.2684e+02, 1.8756e+02
9.2700e+02, 1.8876e+02
9.2723e+02, 1.8614e+02
9.2746e+02, 1.7871e+02
9.2769e+02, 1.6724e+02
9.2792e+02, 1.5290e+02
9.2837e+02, 1.2061e+02
9.2860e+02, 1.0483e+02
9.2883e+02, 9.0301e+01
9.2911e+02, 7.4757e+01
9.2939e+02, 6.1825e+01
9.2953e+02, 5.6295e+01
9.2967e+02, 5.1336e+01
9.2981e+02, 4.6901e+01
9.2995e+02, 4.2942e+01
9.3023e+02, 3.6253e+01
9.3051e+02, 3.0908e+01
9.3079e+02, 2.6609e+01
9.3107e+02, 2.3121e+01
9.3132e+02, 2.0587e+01
9.3156e+02, 1.8442e+01
9.3181e+02, 1.6611e+01
9.3205e+02, 1.5038e+01
9.3230e+02, 1.3677e+01
9.3254e+02, 1.2493e+01
9.3279e+02, 1.1456e+01
9.3304e+02, 1.0543e+01
9.3353e+02, 9.0179e+00
9.3402e+02, 7.8009e+00
9.3451e+02, 6.8130e+00
9.3500e+02, 6.0001e+00
9.3542e+02, 5.4132e+00
9.3584e+02, 4.9083e+00
9.3626e+02, 4.4708e+00
9.3668e+02, 4.0893e+00
9.3710e+02, 3.7547e+00
9.3752e+02, 3.4595e+00
9.3836e+02, 2.9648e+00
9.3920e+02, 2.5692e+00
9.4004e+02, 2.2486e+00
9.4088e+02, 1.9857e+00
9.4172e+02, 1.7660e+00
9.4249e+02, 1.5944e+00
9.4326e+02, 1.4464e+00
9.4403e+02, 1.3181e+00
9.4480e+02, 1.2062e+00
9.4557e+02, 1.1080e+00
9.4634e+02, 1.0214e+00
9.4788e+02, 8.7611e-01
9.4943e+02, 7.5985e-01
9.5097e+02, 6.6538e-01
9.5251e+02, 5.8757e-01
9.5405e+02, 5.2279e-01
9.5552e+02, 4.7112e-01
9.5699e+02, 4.2657e-01
9.5846e+02, 3.8787e-01
9.5993e+02, 3.5415e-01
9.6140e+02, 3.2481e-01
9.6287e+02, 2.9902e-01
9.6582e+02, 2.5597e-01
9.6876e+02, 2.2177e-01
9.7170e+02, 1.9420e-01
9.7464e+02, 1.7161e-01
9.7758e+02, 1.5290e-01
9.8039e+02, 1.3793e-01
9.8319e+02, 1.2545e-01
9.8599e+02, 1.1444e-01
9.8879e+02, 1.0510e-01
9.9159e+02, 9.6732e-02
9.9440e+02, 8.9619e-02
9.9720e+02, 8.3720e-02
9.9755e+02, 8.4392e-02
9.9790e+02, 8.8858e-02
9.9807e+02, 9.4454e-02
9.9825e+02, 1.0414e-01
9.9842e+02, 1.1993e-01
9.9860e+02, 1.4433e-01
9.9877e+02, 1.8019e-01
9.9895e+02, 2.3031e-01
9.9912e+02, 2.9707e-01
9.9930e+02, 3.8181e-01
9.9947e+02, 4.8434e-01
9.9965e+02, 6.0262e-01
1.0000e+03, 8.6916e-01
1.0000e+03, 1.6606e+00
1.1250e+03, 1.5333e+00
1.2500e+03, 1.4277e+00
1.5000e+03, 1.2699e+00
1.7000e+03, 1.1754e+00
2.0000e+03, 1.0688e+00
2.2500e+03, 1.0019e+00
2.5000e+03, 9.4564e-01
3.0000e+03, 8.6462e-01
3.5000e+03, 8.0290e-01
4.0000e+03, 7.5729e-01
5.0000e+03, 6.8905e-01
6.0000e+03, 6.4007e-01
7.0000e+03, 6.0316e-01
8.0000e+03, 5.7237e-01
1.0000e+04, 5.2303e-01
1.2500e+04, 4.7504e-01
1.5000e+04, 4.3833e-01
1.7000e+04, 4.1345e-01
2.0000e+04, 3.8177e-01
2.2500e+04, 3.5860e-01
2.5000e+04, 3.3906e-01
3.0000e+04, 3.0655e-01
3.5000e+04, 2.8087e-01
4.0000e+04, 2.5924e-01
4.5000e+04, 2.4143e-01
5.0000e+04, 2.2654e-01
6.0000e+04, 2.0268e-01
7.0000e+04, 1.8488e-01
8.0000e+04, 1.7090e-01
9.0000e+04, 1.6001e-01
1.0000e+05, 1.5085e-01
1.0000e+05, 1.5005e-01
1.2500e+05, 1.3509e-01
1.5000e+05, 1.2399e-01
2.0000e+05, 1.1282e-01
2.5000e+05, 1.0802e-01
3.0000e+05, 1.0657e-01
4.0000e+05, 1.1097e-01
5.0000e+05, 1.1451e-01
5.1555e+05, 1.1572e-01
5.3110e+05, 1.1690e-01
5.4664e+05, 1.1807e-01
5.6219e+05, 1.1921e-01
5.7774e+05, 1.2033e-01
5.9329e+05, 1.2143e-01
6.0883e+05, 1.2251e-01
6.2438e+05, 1.2357e-01
6.3383e+05, 1.1801e-01
6.4329e+05, 1.1278e-01
6.6219e+05, 1.0321e-01
6.8110e+05, 9.4683e-02
7.0000e+05, 8.7067e-02
7.2500e+05, 8.4425e-02
7.5000e+05, 8.1948e-02
7.7500e+05, 7.9622e-02
8.0000e+05, 7.7432e-02
8.2500e+05, 7.6766e-02
8.5000e+05, 7.6125e-02
8.7500e+05, 7.5507e-02
9.0000e+05, 7.4912e-02
9.2500e+05, 7.5001e-02
9.5000e+05, 7.5088e-02
9.7500e+05, 7.5172e-02
1.0000e+06, 7.5255e-02
1.0149e+06, 7.5699e-02
1.0299e+06, 7.6140e-02
1.0448e+06, 7.6577e-02
1.0597e+06, 7.7010e-02
1.0747e+06, 7.7439e-02
1.0896e+06, 7.7865e-02
1.1046e+06, 7.8287e-02
1.1195e+06, 7.8706e-02
1.1344e+06, 7.9122e-02
1.1494e+06, 7.9534e-02
1.1643e+06, 7.9943e-02
1.1792e+06, 8.0349e-02
1.1942e+06, 8.0751e-02
1.2091e+06, 8.1151e-02
1.2240e+06, 8.1548e-02
1.2390e+06, 8.1942e-02
1.2500e+06, 8.2230e-02
1.2721e+06, 8.3067e-02
1.2883e+06, 8.1395e-02
1.3046e+06, 7.9777e-02
1.3209e+06, 7.8210e-02
1.3372e+06, 7.6693e-02
1.3518e+06, 7.6031e-02
1.3664e+06, 7.5382e-02
1.3956e+06, 7.4120e-02
1.4249e+06, 7.2905e-02
1.4541e+06, 7.1734e-02
1.4541e+06, 7.1734e-02
1.4771e+06, 7.0085e-02
1.5000e+06, 6.8499e-02
1.5156e+06, 6.8217e-02
1.5312e+06, 6.7939e-02
1.5469e+06, 6.7665e-02
1.5625e+06, 6.7395e-02
1.5781e+06, 6.7128e-02
1.5938e+06, 6.6865e-02
1.6094e+06, 6.6606e-02
1.6250e+06, 6.6350e-02
1.6406e+06, 6.6098e-02
1.6562e+06, 6.5849e-02
1.6719e+06, 6.5603e-02
1.6875e+06, 6.5361e-02
1.7031e+06, 6.5121e-02
1.7188e+06, 6.4885e-02
1.7344e+06, 6.4652e-02
1.7500e+06, 6.4421e-02
1.7802e+06, 6.4754e-02
1.8105e+06, 6.5083e-02
1.8342e+06, 6.4854e-02
1.8579e+06, 6.4629e-02
1.8815e+06, 6.4408e-02
1.9052e+06, 6.4191e-02
1.9289e+06, 6.3976e-02
1.9526e+06, 6.3765e-02
1.9763e+06, 6.3558e-02
2.0000e+06, 6.3353e-02
2.0054e+06, 6.3419e-02
2.0108e+06, 6.3484e-02
2.0162e+06, 6.3550e-02
2.0216e+06, 6.3615e-02
2.0270e+06, 6.3680e-02
2.0324e+06, 6.3745e-02
2.0378e+06, 6.3810e-02
2.0432e+06, 6.3875e-02
2.0486e+06, 6.3940e-02
2.0540e+06, 6.4004e-02
2.0594e+06, 6.4069e-02
2.0648e+06, 6.4133e-02
2.0702e+06, 6.4198e-02
2.0756e+06, 6.4262e-02
2.0810e+06, 6.4326e-02
2.0864e+06, 6.4390e-02
2.0918e+06, 6.4454e-02
2.0972e+06, 6.4518e-02
2.1026e+06, 6.4582e-02
2.1080e+06, 6.4645e-02
2.1135e+06, 6.4709e-02
2.1189e+06, 6.4772e-02
2.1243e+06, 6.4836e-02
2.1297e+06, 6.4899e-02
2.1351e+06, 6.4962e-02
2.1405e+06, 6.5025e-02
2.1459e+06, 6.5088e-02
2.1513e+06, 6.5151e-02
2.1567e+06, 6.5213e-02
2.1621e+06, 6.5276e-02
2.1675e+06, 6.5339e-02
2.1729e+06, 6.5401e-02
2.1729e+06, 6.5401e-02
2.1807e+06, 6.5475e-02
2.1885e+06, 6.5549e-02
2.1962e+06, 6.5623e-02
2.2040e+06, 6.5696e-02
2.2118e+06, 6.5770e-02
2.2196e+06, 6.5843e-02
2.2274e+06, 6.5916e-02
2.2352e+06, 6.5988e-02
2.2429e+06, 6.6061e-02
2.2507e+06, 6.6133e-02
2.2585e+06, 6.6206e-02
2.2663e+06, 6.6278e-02
2.2741e+06, 6.6350e-02
2.2819e+06, 6.6422e-02
2.2897e+06, 6.6493e-02
2.2974e+06, 6.6565e-02
2.3052e+06, 6.6636e-02
2.3130e+06, 6.6707e-02
2.3208e+06, 6.6778e-02
2.3286e+06, 6.6849e-02
2.3364e+06, 6.6919e-02
2.3441e+06, 6.6990e-02
2.3519e+06, 6.7060e-02
2.3597e+06, 6.7130e-02
2.3675e+06, 6.7200e-02
2.3753e+06, 6.7270e-02
2.3831e+06, 6.7340e-02
2.3909e+06, 6.7409e-02
2.3986e+06, 6.7479e-02
2.4064e+06, 6.7548e-02
2.4142e+06, 6.7617e-02
2.4220e+06, 6.7686e-02
2.4280e+06, 6.7813e-02
2.4339e+06, 6.7940e-02
2.4399e+06, 6.8068e-02
2.4459e+06, 6.8195e-02
2.4519e+06, 6.8322e-02
2.4578e+06, 6.8449e-02
2.4638e+06, 6.8576e-02
2.4698e+06, 6.8703e-02
2.4698e+06, 6.8703e-02
2.4768e+06, 6.8702e-02
2.4837e+06, 6.8702e-02
2.4907e+06, 6.8701e-02
2.4977e+06, 6.8701e-02
2.5047e+06, 6.8700e-02
2.5116e+06, 6.8700e-02
2.5186e+06, 6.8699e-02
2.5256e+06, 6.8699e-02
2.5326e+06, 6.8698e-02
2.5396e+06, 6.8698e-02
2.5465e+06, 6.8697e-02
2.5535e+06, 6.8697e-02
2.5605e+06, 6.8696e-02
2.5675e+06, 6.8696e-02
2.5744e+06, 6.8695e-02
2.5814e+06, 6.8695e-02
2.5884e+06, 6.8694e-02
2.5954e+06, 6.8694e-02
2.6024e+06, 6.8693e-02
2.6093e+06, 6.8693e-02
2.6163e+06, 6.8693e-02
2.6233e+06, 6.8692e-02
2.6303e+06, 6.8692e-02
2.6372e+06, 6.8691e-02
2.6442e+06, 6.8691e-02
2.6512e+06, 6.8690e-02
2.6582e+06, 6.8690e-02
2.6652e+06, 6.8689e-02
2.6721e+06, 6.8689e-02
2.6791e+06, 6.8688e-02
2.6861e+06, 6.8688e-02
2.6931e+06, 6.8687e-02
2.7015e+06, 6.8771e-02
2.7099e+06, 6.8854e-02
2.7184e+06, 6.8937e-02
2.7268e+06, 6.9020e-02
2.7353e+06, 6.9103e-02
2.7437e+06, 6.9185e-02
2.7521e+06, 6.9268e-02
2.7606e+06, 6.9350e-02
2.7690e+06, 6.9432e-02
2.7774e+06, 6.9514e-02
2.7859e+06, 6.9596e-02
2.7943e+06, 6.9678e-02
2.8027e+06, 6.9759e-02
2.8112e+06, 6.9841e-02
2.8196e+06, 6.9922e-02
2.8280e+06, 7.0003e-02
2.8365e+06, 7.0053e-02
2.8449e+06, 7.0103e-02
2.8533e+06, 7.0152e-02
2.8618e+06, 7.0202e-02
2.8702e+06, 7.0251e-02
2.8786e+06, 7.0300e-02
2.8871e+06, 7.0350e-02
2.8955e+06, 7.0399e-02
2.8955e+06, 7.0399e-02
2.9017e+06, 7.0432e-02
2.9078e+06, 7.0465e-02
2.9140e+06, 7.0498e-02
2.9202e+06, 7.0530e-02
2.9264e+06, 7.0563e-02
2.9326e+06, 7.0596e-02
2.9387e+06, 7.0629e-02
2.9449e+06, 7.0661e-02
2.9511e+06, 7.0694e-02
2.9573e+06, 7.0726e-02
2.9634e+06, 7.0759e-02
2.9696e+06, 7.0791e-02
2.9758e+06, 7.0824e-02
2.9820e+06, 7.0856e-02
2.9881e+06, 7.0888e-02
2.9943e+06, 7.0920e-02
2.9943e+06, 7.0920e-02
3.0000e+06, 7.0850e-02
3.0387e+06, 7.0800e-02
3.0774e+06, 7.0750e-02
3.0800e+06, 7.0749e-02
3.0800e+06, 7.0749e-02
3.1146e+06, 7.0744e-02
3.1492e+06, 7.0738e-02
3.1493e+06, 7.0738e-02
3.1791e+06, 7.1060e-02
3.2089e+06, 7.1379e-02
3.2387e+06, 7.1697e-02
3.2685e+06, 7.2014e-02
3.2983e+06, 7.2329e-02
3.3281e+06, 7.2643e-02
3.3579e+06, 7.2955e-02
3.3877e+06, 7.3266e-02
3.4202e+06, 7.3836e-02
3.4526e+06, 7.4406e-02
3.4922e+06, 7.5192e-02
3.5318e+06, 7.5978e-02
3.5746e+06, 7.6850e-02
3.6032e+06, 7.7448e-02
3.6267e+06, 7.7951e-02
3.6539e+06, 7.8556e-02
3.6811e+06, 7.9162e-02
3.7136e+06, 7.9933e-02
3.7461e+06, 8.0705e-02
3.7735e+06, 8.1462e-02
3.8009e+06, 8.2221e-02
3.8283e+06, 8.2982e-02
3.8557e+06, 8.3744e-02
3.8830e+06, 8.4508e-02
3.9104e+06, 8.5273e-02
3.9378e+06, 8.6040e-02
3.9652e+06, 8.6808e-02
4.0000e+06, 8.7895e-02
4.0889e+06, 9.0974e-02
4.1779e+06, 9.4091e-02
4.2054e+06, 9.5141e-02
4.2156e+06, 9.5532e-02
4.2698e+06, 9.7797e-02
4.3240e+06, 1.0009e-01
4.3782e+06, 1.0240e-01
4.4324e+06, 1.0474e-01
4.4483e+06, 1.0551e-01
4.4484e+06, 1.0551e-01
4.5341e+06, 1.1011e-01
4.6198e+06, 1.1482e-01
4.6673e+06, 1.1407e-01
4.7148e+06, 1.1333e-01
4.7624e+06, 1.1260e-01
4.8099e+06, 1.1188e-01
4.8574e+06, 1.1118e-01
4.9049e+06, 1.1048e-01
4.9525e+06, 1.0980e-01
5.0000e+06, 1.0913e-01
5.0618e+06, 1.0379e-01
5.1236e+06, 9.8770e-02
5.2288e+06, 9.0898e-02
5.3340e+06, 8.3792e-02
5.4393e+06, 7.7365e-02
5.5445e+06, 7.1540e-02
5.6561e+06, 6.5945e-02
5.7678e+06, 6.0885e-02
5.8839e+06, 5.6123e-02
6.0000e+06, 5.1817e-02
6.0135e+06, 5.1379e-02
6.0270e+06, 5.0947e-02
6.0406e+06, 5.0519e-02
6.0541e+06, 5.0096e-02
6.0676e+06, 4.9677e-02
6.0811e+06, 4.9263e-02
6.0946e+06, 4.8852e-02
6.1082e+06, 4.8447e-02
6.1217e+06, 4.8045e-02
6.1352e+06, 4.7648e-02
6.1487e+06, 4.7255e-02
6.1622e+06, 4.6866e-02
6.1758e+06, 4.6481e-02
6.1893e+06, 4.6100e-02
6.2028e+06, 4.5723e-02
6.2163e+06, 4.5350e-02
6.2298e+06, 4.4980e-02
6.2434e+06, 4.4615e-02
6.2569e+06, 4.4253e-02
6.2704e+06, 4.3895e-02
6.2839e+06, 4.3541e-02
6.2974e+06, 4.3190e-02
6.3110e+06, 4.2843e-02
6.3245e+06, 4.2499e-02
6.3380e+06, 4.2159e-02
6.3515e+06, 4.1822e-02
6.3650e+06, 4.1489e-02
6.3786e+06, 4.1159e-02
6.3921e+06, 4.0832e-02
6.4056e+06, 4.0508e-02
6.4191e+06, 4.0188e-02
6.4326e+06, 3.9871e-02
6.4469e+06, 3.9541e-02
6.4611e+06, 3.9214e-02
6.4754e+06, 3.8890e-02
6.4896e+06, 3.8570e-02
6.5039e+06, 3.8253e-02
6.5181e+06, 3.7939e-02
6.5323e+06, 3.7629e-02
6.5466e+06, 3.7322e-02
6.5608e+06, 3.7018e-02
6.5751e+06, 3.6717e-02
6.5893e+06, 3.6419e-02
6.6036e+06, 3.6124e-02
6.6178e+06, 3.5832e-02
6.6320e+06, 3.5544e-02
6.6463e+06, 3.5258e-02
6.6605e+06, 3.4975e-02
6.6753e+06, 3.4685e-02
6.6900e+06, 3.4398e-02
6.7048e+06, 3.4114e-02
6.7195e+06, 3.3833e-02
6.7343e+06, 3.3555e-02
6.7490e+06, 3.3280e-02
6.7638e+06, 3.3008e-02
6.7785e+06, 3.2738e-02
6.7932e+06, 3.2472e-02
6.8080e+06, 3.2208e-02
6.8227e+06, 3.1946e-02
6.8375e+06, 3.1688e-02
6.8522e+06, 3.1432e-02
6.8670e+06, 3.1179e-02
6.8817e+06, 3.0928e-02
6.8965e+06, 3.0680e-02
6.9094e+06, 3.0464e-02
6.9224e+06, 3.0250e-02
6.9353e+06, 3.0038e-02
6.9482e+06, 2.9828e-02
6.9612e+06, 2.9620e-02
6.9741e+06, 2.9414e-02
6.9871e+06, 2.9209e-02
7.0000e+06, 2.9007e-02
7.0249e+06, 2.8659e-02
7.0498e+06, 2.8316e-02
7.0746e+06, 2.7978e-02
7.0995e+06, 2.7646e-02
7.1244e+06, 2.7319e-02
7.1493e+06, 2.6997e-02
7.1742e+06, 2.6679e-02
7.1990e+06, 2.6367e-02
7.2239e+06, 2.6059e-02
7.2488e+06, 2.5756e-02
7.2737e+06, 2.5457e-02
7.2986e+06, 2.5163e-02
7.3234e+06, 2.4873e-02
7.3483e+06, 2.4588e-02
7.3732e+06, 2.4307e-02
7.3981e+06, 2.4030e-02
7.4244e+06, 2.3741e-02
7.4507e+06, 2.3457e-02
7.4770e+06, 2.3178e-02
7.5033e+06, 2.2903e-02
7.5296e+06, 2.2631e-02
7.5558e+06, 2.2365e-02
7.5821e+06, 2.2102e-02
7.6084e+06, 2.1843e-02
7.6347e+06, 2.1588e-02
7.6610e+06, 2.1337e-02
7.6873e+06, 2.1089e-02
7.7136e+06, 2.0846e-02
7.7399e+06, 2.0606e-02
7.7662e+06, 2.0369e-02
7.7925e+06, 2.0136e-02
7.8188e+06, 1.9907e-02
7.8245e+06, 1.9858e-02
7.8301e+06, 1.9809e-02
7.8358e+06, 1.9760e-02
7.8414e+06, 1.9712e-02
7.8471e+06, 1.9663e-02
7.8528e+06, 1.9615e-02
7.8584e+06, 1.9567e-02
7.8641e+06, 1.9519e-02
7.8698e+06, 1.9471e-02
7.8754e+06, 1.9424e-02
7.8811e+06, 1.9376e-02
7.8868e+06, 1.9329e-02
7.8924e+06, 1.9282e-02
7.8981e+06, 1.9235e-02
7.9037e+06, 1.9188e-02
7.9094e+06, 1.9141e-02
7.9151e+06, 1.9095e-02
7.9207e+06, 1.9048e-02
7.9264e+06, 1.9002e-02
7.9320e+06, 1.8956e-02
7.9377e+06, 1.8910e-02
7.9434e+06, 1.8864e-02
7.9490e+06, 1.8818e-02
7.9547e+06, 1.8773e-02
7.9604e+06, 1.8727e-02
7.9660e+06, 1.8682e-02
7.9717e+06, 1.8637e-02
7.9774e+06, 1.8592e-02
7.9830e+06, 1.8547e-02
7.9887e+06, 1.8502e-02
7.9943e+06, 1.8458e-02
8.0000e+06, 1.8413e-02
8.0093e+06, 1.8342e-02
8.0186e+06, 1.8270e-02
8.0279e+06, 1.8199e-02
8.0372e+06, 1.8128e-02
8.0465e+06, 1.8058e-02
8.0558e+06, 1.7988e-02
8.0650e+06, 1.7918e-02
8.0743e+06, 1.7848e-02
8.0836e+06, 1.7779e-02
8.0929e+06, 1.7711e-02
8.1022e+06, 1.7642e-02
8.1115e+06, 1.7574e-02
8.1208e+06, 1.7507e-02
8.1301e+06, 1.7439e-02
8.1394e+06, 1.7372e-02
8.1487e+06, 1.7306e-02
8.1580e+06, 1.7239e-02
8.1673e+06, 1.7173e-02
8.1766e+06, 1.7108e-02
8.1858e+06, 1.7042e-02
8.1951e+06, 1.6977e-02
8.2044e+06, 1.6913e-02
8.2137e+06, 1.6848e-02
8.2230e+06, 1.6784e-02
8.2323e+06, 1.6721e-02
8.2416e+06, 1.6657e-02
8.2509e+06, 1.6594e-02
8.2602e+06, 1.6531e-02
8.2695e+06, 1.6469e-02
8.2788e+06, 1.6406e-02
8.2881e+06, 1.6345e-02
8.2974e+06, 1.6283e-02
8.3066e+06, 1.6222e-02
8.3159e+06, 1.6161e-02
8.3252e+06, 1.6100e-02
8.3345e+06, 1.6040e-02
8.3438e+06, 1.5979e-02
8.3531e+06, 1.5920e-02
8.3624e+06, 1.5860e-02
8.3717e+06, 1.5801e-02
8.3810e+06, 1.5742e-02
8.3903e+06, 1.5683e-02
8.3996e+06, 1.5625e-02
8.4089e+06, 1.5567e-02
8.4182e+06, 1.5509e-02
8.4274e+06, 1.5451e-02
8.4367e+06, 1.5394e-02
8.4460e+06, 1.5337e-02
8.4553e+06, 1.5280e-02
8.4646e+06, 1.5224e-02
8.4739e+06, 1.5168e-02
8.4832e+06, 1.5112e-02
8.4925e+06, 1.5056e-02
8.5018e+06, 1.5001e-02
8.5111e+06, 1.4946e-02
8.5204e+06, 1.4891e-02
8.5297e+06, 1.4836e-02
8.5390e+06, 1.4782e-02
8.5482e+06, 1.4728e-02
8.5575e+06, 1.4674e-02
8.5668e+06, 1.4621e-02
8.5761e+06, 1.4567e-02
8.5854e+06, 1.4514e-02
8.5947e+06, 1.4461e-02
8.6074e+06, 1.4390e-02
8.6200e+06, 1.4319e-02
8.6327e+06, 1.4248e-02
8.6454e+06, 1.4178e-02
8.6580e+06, 1.4108e-02
8.6707e+06, 1.4039e-02
8.6834e+06, 1.3970e-02
8.6960e+06, 1.3902e-02
8.7087e+06, 1.3834e-02
8.7214e+06, 1.3766e-02
8.7340e+06, 1.3699e-02
8.7467e+06, 1.3632e-02
8.7594e+06, 1.3566e-02
8.7720e+06, 1.3500e-02
8.7847e+06, 1.3434e-02
8.7974e+06, 1.3369e-02
8.8100e+06, 1.3305e-02
8.8227e+06, 1.3240e-02
8.8354e+06, 1.3177e-02
8.8480e+06, 1.3113e-02
8.8607e+06, 1.3050e-02
8.8733e+06, 1.2988e-02
8.8860e+06, 1.2925e-02
8.8987e+06, 1.2863e-02
8.9113e+06, 1.2802e-02
8.9240e+06, 1.2741e-02
8.9367e+06, 1.2680e-02
8.9493e+06, 1.2620e-02
8.9620e+06, 1.2560e-02
8.9747e+06, 1.2500e-02
8.9873e+06, 1.2441e-02
9.0000e+06, 1.2382e-02
9.0147e+06, 1.2318e-02
9.0295e+06, 1.2255e-02
9.0442e+06, 1.2192e-02
9.0589e+06, 1.2129e-02
9.0737e+06, 1.2067e-02
9.0884e+06, 1.2005e-02
9.1031e+06, 1.1944e-02
9.1179e+06, 1.1883e-02
9.1326e+06, 1.1823e-02
9.1474e+06, 1.1763e-02
9.1621e+06, 1.1703e-02
9.1768e+06, 1.1644e-02
9.1916e+06, 1.1585e-02
9.2063e+06, 1.1526e-02
9.2210e+06, 1.1468e-02
9.2358e+06, 1.1411e-02
9.2596e+06, 1.1318e-02
9.2835e+06, 1.1226e-02
9.3074e+06, 1.1135e-02
9.3313e+06, 1.1046e-02
9.3552e+06, 1.0957e-02
9.3791e+06, 1.0869e-02
9.4029e+06, 1.0782e-02
9.4268e+06, 1.0696e-02
9.4507e+06, 1.0611e-02
9.4746e+06, 1.0526e-02
9.4985e+06, 1.0443e-02
9.5224e+06, 1.0361e-02
9.5462e+06, 1.0279e-02
9.5701e+06, 1.0198e-02
9.5940e+06, 1.0118e-02
9.6179e+06, 1.0039e-02
9.6418e+06, 9.9606e-03
9.6656e+06, 9.8831e-03
9.6895e+06, 9.8063e-03
9.7134e+06, 9.7303e-03
9.7373e+06, 9.6551e-03
9.7612e+06, 9.5807e-03
9.7851e+06, 9.5070e-03
9.8089e+06, 9.4341e-03
9.8328e+06, 9.3619e-03
9.8567e+06, 9.2904e-03
9.8806e+06, 9.2197e-03
9.9045e+06, 9.1496e-03
9.9284e+06, 9.0803e-03
9.9522e+06, 9.0116e-03
9.9761e+06, 8.9436e-03
1.0000e+07, 8.8763e-03
1.0008e+07, 8.8592e-03
1.0016e+07, 8.8422e-03
1.0023e+07, 8.8251e-03
1.0031e+07, 8.8082e-03
1.0039e+07, 8.7912e-03
1.0047e+07, 8.7744e-03
1.0055e+07, 8.7575e-03
1.0062e+07, 8.7407e-03
1.0070e+07, 8.7240e-03
1.0078e+07, 8.7073e-03
1.0086e+07, 8.6906e-03
1.0094e+07, 8.6740e-03
1.0102e+07, 8.6575e-03
1.0109e+07, 8.6409e-03
1.0117e+07, 8.6245e-03
1.0125e+07, 8.6081e-03
1.0133e+07, 8.5916e-03
1.0141e+07, 8.5753e-03
1.0148e+07, 8.5590e-03
1.0156e+07, 8.5428e-03
1.0164e+07, 8.5265e-03
1.0172e+07, 8.5104e-03
1.0180e+07, 8.4942e-03
1.0188e+07, 8.4782e-03
1.0195e+07, 8.4621e-03
1.0203e+07, 8.4461e-03
1.0211e+07, 8.4302e-03
1.0219e+07, 8.4143e-03
1.0227e+07, 8.3984e-03
1.0234e+07, 8.3825e-03
1.0242e+07, 8.3668e-03
1.0250e+07, 8.3510e-03
1.0258e+07, 8.3353e-03
1.0266e+07, 8.3196e-03
1.0273e+07, 8.3040e-03
1.0281e+07, 8.2884e-03
1.0289e+07, 8.2729e-03
1.0297e+07, 8.2574e-03
1.0305e+07, 8.2419e-03
1.0312e+07, 8.2265e-03
1.0320e+07, 8.2111e-03
1.0328e+07, 8.1958e-03
1.0336e+07, 8.1805e-03
1.0344e+07, 8.1653e-03
1.0352e+07, 8.1500e-03
1.0359e+07, 8.1349e-03
1.0367e+07, 8.1197e-03
1.0375e+07, 8.1046e-03
1.0383e+07, 8.0896e-03
1.0391e+07, 8.0745e-03
1.0398e+07, 8.0596e-03
1.0406e+07, 8.0446e-03
1.0414e+07, 8.0297e-03
1.0422e+07, 8.0149e-03
1.0430e+07, 8.0000e-03
1.0438e+07, 7.9853e-03
1.0445e+07, 7.9705e-03
1.0453e+07, 7.9558e-03
1.0461e+07, 7.9411e-03
1.0469e+07, 7.9265e-03
1.0477e+07, 7.9119e-03
1.0484e+07, 7.8973e-03
1.0492e+07, 7.8828e-03
1.0500e+07, 7.8683e-03
1.0508e+07, 7.8539e-03
1.0516e+07, 7.8395e-03
1.0523e+07, 7.8251e-03
1.0531e+07, 7.8108e-03
1.0539e+07, 7.7965e-03
1.0547e+07, 7.7822e-03
1.0555e+07, 7.7680e-03
1.0562e+07, 7.7538e-03
1.0570e+07, 7.7396e-03
1.0578e+07, 7.7255e-03
1.0586e+07, 7.7115e-03
1.0594e+07, 7.6974e-03
1.0602e+07, 7.6834e-03
1.0609e+07, 7.6694e-03
1.0617e+07, 7.6555e-03
1.0625e+07, 7.6416e-03
1.0633e+07, 7.6277e-03
1.0641e+07, 7.6139e-03
1.0648e+07, 7.6001e-03
1.0656e+07, 7.5864e-03
1.0664e+07, 7.5726e-03
1.0672e+07, 7.5589e-03
1.0680e+07, 7.5453e-03
1.0688e+07, 7.5317e-03
1.0695e+07, 7.5181e-03
1.0703e+07, 7.5045e-03
1.0711e+07, 7.4910e-03
1.0719e+07, 7.4775e-03
1.0727e+07, 7.4641e-03
1.0734e+07, 7.4507e-03
1.0742e+07, 7.4373e-03
1.0750e+07, 7.4239e-03
1.0758e+07, 7.4106e-03
1.0766e+07, 7.3973e-03
1.0773e+07, 7.3841e-03
1.0781e+07, 7.3709e-03
1.0789e+07, 7.3577e-03
1.0797e+07, 7.3446e-03
1.0805e+07, 7.3315e-03
1.0812e+07, 7.3184e-03
1.0820e+07, 7.3053e-03
1.0828e+07, 7.2923e-03
1.0836e+07, 7.2793e-03
1.0844e+07, 7.2664e-03
1.0852e+07, 7.2534e-03
1.0859e+07, 7.2406e-03
1.0867e+07, 7.2277e-03
1.0875e+07, 7.2149e-03
1.0883e+07, 7.2021e-03
1.0891e+07, 7.1893e-03
1.0898e+07, 7.1766e-03
1.0906e+07, 7.1639e-03
1.0914e+07, 7.1513e-03
1.0922e+07, 7.1386e-03
1.0930e+07, 7.1260e-03
1.0938e+07, 7.1135e-03
1.0945e+07, 7.1009e-03
1.0953e+07, 7.0884e-03
1.0961e+07, 7.0759e-03
1.0969e+07, 7.0635e-03
1.0977e+07, 7.0511e-03
1.0984e+07, 7.0387e-03
1.0992e+07, 7.0263e-03
1.1000e+07, 7.0140e-03
1.1007e+07, 7.0028e-03
1.1014e+07, 6.9917e-03
1.1021e+07, 6.9805e-03
1.1029e+07, 6.9694e-03
1.1036e+07, 6.9583e-03
1.1043e+07, 6.9473e-03
1.1050e+07, 6.9362e-03
1.1057e+07, 6.9252e-03
1.1064e+07, 6.9142e-03
1.1071e+07, 6.9033e-03
1.1078e+07, 6.8923e-03
1.1086e+07, 6.8814e-03
1.1093e+07, 6.8705e-03
1.1100e+07, 6.8597e-03
1.1107e+07, 6.8488e-03
1.1114e+07, 6.8380e-03
1.1121e+07, 6.8272e-03
1.1128e+07, 6.8164e-03
1.1135e+07, 6.8057e-03
1.1143e+07, 6.7950e-03
1.1150e+07, 6.7843e-03
1.1157e+07, 6.7736e-03
1.1164e+07, 6.7629e-03
1.1171e+07, 6.7523e-03
1.1178e+07, 6.7417e-03
1.1185e+07, 6.7311e-03
1.1193e+07, 6.7206e-03
1.1200e+07, 6.7100e-03
1.1207e+07, 6.6995e-03
1.1214e+07, 6.6890e-03
1.1221e+07, 6.6786e-03
1.1228e+07, 6.6681e-03
1.1235e+07, 6.6577e-03
1.1242e+07, 6.6473e-03
1.1250e+07, 6.6370e-03
1.1257e+07, 6.6266e-03
1.1264e+07, 6.6163e-03
1.1271e+07, 6.6060e-03
1.1278e+07, 6.5957e-03
1.1285e+07, 6.5854e-03
1.1292e+07, 6.5752e-03
1.1299e+07, 6.5650e-03
1.1307e+07, 6.5548e-03
1.1314e+07, 6.5446e-03
1.1321e+07, 6.5345e-03
1.1328e+07, 6.5243e-03
1.1335e+07, 6.5142e-03
1.1342e+07, 6.5041e-03
1.1349e+07, 6.4941e-03
1.1356e+07, 6.4840e-03
1.1364e+07, 6.4740e-03
1.1371e+07, 6.4640e-03
1.1378e+07, 6.4540e-03
1.1385e+07, 6.4441e-03
1.1392e+07, 6.4342e-03
1.1399e+07, 6.4243e-03
1.1406e+07, 6.4144e-03
1.1414e+07, 6.4045e-03
1.1421e+07, 6.3947e-03
1.1428e+07, 6.3848e-03
1.1435e+07, 6.3750e-03
1.1442e+07, 6.3652e-03
1.1449e+07, 6.3555e-03
1.1456e+07, 6.3458e-03
1.1463e+07, 6.3362e-03
1.1470e+07, 6.3267e-03
1.1477e+07, 6.3173e-03
1.1484e+07, 6.3078e-03
1.1491e+07, 6.2984e-03
1.1498e+07, 6.2890e-03
1.1505e+07, 6.2796e-03
1.1512e+07, 6.2702e-03
1.1519e+07, 6.2608e-03
1.1526e+07, 6.2515e-03
1.1533e+07, 6.2422e-03
1.1540e+07, 6.2329e-03
1.1547e+07, 6.2236e-03
1.1554e+07, 6.2143e-03
1.1561e+07, 6.2051e-03
1.1568e+07, 6.1959e-03
1.1575e+07, 6.1867e-03
1.1582e+07, 6.1775e-03
1.1589e+07, 6.1683e-03
1.1596e+07, 6.1592e-03
1.1603e+07, 6.1501e-03
1.1610e+07, 6.1410e-03
1.1617e+07, 6.1319e-03
1.1624e+07, 6.1228e-03
1.1631e+07, 6.1137e-03
1.1638e+07, 6.1047e-03
1.1645e+07, 6.0957e-03
1.1652e+07, 6.0867e-03
1.1659e+07, 6.0777e-03
1.1666e+07, 6.0688e-03
1.1673e+07, 6.0598e-03
1.1680e+07, 6.0509e-03
1.1700e+07, 6.0255e-03
1.1720e+07, 6.0001e-03
1.1740e+07, 5.9750e-03
1.1760e+07, 5.9499e-03
1.1780e+07, 5.9251e-03
1.1800e+07, 5.9003e-03
1.1820e+07, 5.8757e-03
1.1840e+07, 5.8513e-03
1.1860e+07, 5.8270e-03
1.1880e+07, 5.8028e-03
1.1900e+07, 5.7788e-03
1.1920e+07, 5.7549e-03
1.1940e+07, 5.7312e-03
1.1960e+07, 5.7076e-03
1.1980e+07, 5.6841e-03
1.2000e+07, 5.6608e-03
1.2031e+07, 5.5732e-03
1.2062e+07, 5.4871e-03
1.2094e+07, 5.4027e-03
1.2125e+07, 5.3197e-03
1.2156e+07, 5.2382e-03
1.2188e+07, 5.1581e-03
1.2219e+07, 5.0795e-03
1.2250e+07, 5.0023e-03
1.2281e+07, 4.9264e-03
1.2312e+07, 4.8519e-03
1.2344e+07, 4.7787e-03
1.2375e+07, 4.7068e-03
1.2406e+07, 4.6361e-03
1.2438e+07, 4.5667e-03
1.2469e+07, 4.4985e-03
1.2500e+07, 4.4315e-03
1.2531e+07, 4.3656e-03
1.2562e+07, 4.3009e-03
1.2594e+07, 4.2373e-03
1.2625e+07, 4.1747e-03
1.2656e+07, 4.1133e-03
1.2688e+07, 4.0529e-03
1.2719e+07, 3.9935e-03
1.2750e+07, 3.9352e-03
1.2781e+07, 3.8778e-03
1.2812e+07, 3.8215e-03
1.2844e+07, 3.7660e-03
1.2875e+07, 3.7115e-03
1.2906e+07, 3.6580e-03
1.2938e+07, 3.6053e-03
1.2969e+07, 3.5535e-03
1.3000e+07, 3.5026e-03
1.3016e+07, 3.4803e-03
1.3031e+07, 3.4581e-03
1.3047e+07, 3.4361e-03
1.3062e+07, 3.4143e-03
1.3078e+07, 3.3927e-03
1.3094e+07, 3.3712e-03
1.3109e+07, 3.3499e-03
1.3125e+07, 3.3287e-03
1.3141e+07, 3.3077e-03
1.3156e+07, 3.2869e-03
1.3172e+07, 3.2662e-03
1.3188e+07, 3.2456e-03
1.3203e+07, 3.2253e-03
1.3219e+07, 3.2050e-03
1.3234e+07, 3.1850e-03
1.3250e+07, 3.1650e-03
1.3266e+07, 3.1452e-03
1.3281e+07, 3.1256e-03
1.3297e+07, 3.1061e-03
1.3312e+07, 3.0868e-03
1.3328e+07, 3.0676e-03
1.3344e+07, 3.0485e-03
1.3359e+07, 3.0296e-03
1.3375e+07, 3.0108e-03
1.3391e+07, 2.9922e-03
1.3406e+07, 2.9737e-03
1.3422e+07, 2.9553e-03
1.3438e+07, 2.9371e-03
1.3453e+07, 2.9189e-03
1.3469e+07, 2.9010e-03
1.3484e+07, 2.8831e-03
1.3500e+07, 2.8654e-03
1.3516e+07, 2.8479e-03
1.3531e+07, 2.8304e-03
1.3547e+07, 2.8131e-03
1.3562e+07, 2.7959e-03
1.3578e+07, 2.7788e-03
1.3594e+07, 2.7619e-03
1.3609e+07, 2.7450e-03
1.3625e+07, 2.7283e-03
1.3641e+07, 2.7117e-03
1.3656e+07, 2.6953e-03
1.3672e+07, 2.6789e-03
1.3688e+07, 2.6627e-03
1.3703e+07, 2.6466e-03
1.3719e+07, 2.6306e-03
1.3734e+07, 2.6147e-03
1.3750e+07, 2.5989e-03
1.3766e+07, 2.5833e-03
1.3781e+07, 2.5677e-03
1.3797e+07, 2.5523e-03
1.3812e+07, 2.5370e-03
1.3828e+07, 2.5218e-03
1.3844e+07, 2.5067e-03
1.3859e+07, 2.4917e-03
1.3875e+07, 2.4768e-03
1.3891e+07, 2.4620e-03
1.3906e+07, 2.4473e-03
1.3922e+07, 2.4327e-03
1.3938e+07, 2.4183e-03
1.3953e+07, 2.4039e-03
1.3969e+07, 2.3896e-03
1.3984e+07, 2.3754e-03
1.4000e+07, 2.3614e-03
1.4031e+07, 2.3371e-03
1.4062e+07, 2.3131e-03
1.4094e+07, 2.2894e-03
1.4125e+07, 2.2659e-03
1.4156e+07, 2.2428e-03
1.4188e+07, 2.2200e-03
1.4219e+07, 2.1974e-03
1.4250e+07, 2.1752e-03
1.4281e+07, 2.1532e-03
1.4312e+07, 2.1314e-03
1.4344e+07, 2.1100e-03
1.4375e+07, 2.0887e-03
1.4406e+07, 2.0678e-03
1.4438e+07, 2.0471e-03
1.4469e+07, 2.0267e-03
1.4500e+07, 2.0065e-03
1.4531e+07, 1.9865e-03
1.4562e+07, 1.9668e-03
1.4594e+07, 1.9474e-03
1.4625e+07, 1.9281e-03
1.4656e+07, 1.9091e-03
1.4688e+07, 1.8903e-03
1.4719e+07, 1.8718e-03
1.4750e+07, 1.8534e-03
1.4781e+07, 1.8353e-03
1.4812e+07, 1.8174e-03
1.4844e+07, 1.7997e-03
1.4875e+07, 1.7823e-03
1.4906e+07, 1.7650e-03
1.4938e+07, 1.7479e-03
1.4969e+07, 1.7310e-03
1.5000e+07, 1.7144e-03
1.5062e+07, 1.6928e-03
1.5125e+07, 1.6717e-03
1.5188e+07, 1.6509e-03
1.5250e+07, 1.6304e-03
1.5312e+07, 1.6103e-03
1.5375e+07, 1.5905e-03
1.5438e+07, 1.5710e-03
1.5500e+07, 1.5518e-03
1.5562e+07, 1.5330e-03
1.5625e+07, 1.5144e-03
1.5688e+07, 1.4962e-03
1.5750e+07, 1.4782e-03
1.5812e+07, 1.4605e-03
1.5875e+07, 1.4432e-03
1.5938e+07, 1.4260e-03
1.6000e+07, 1.4092e-03
1.6062e+07, 1.4008e-03
1.6125e+07, 1.3926e-03
1.6188e+07, 1.3844e-03
1.6250e+07, 1.3763e-03
1.6312e+07, 1.3683e-03
1.6375e+07, 1.3603e-03
1.6438e+07, 1.3525e-03
1.6500e+07, 1.3447e-03
1.6562e+07, 1.3369e-03
1.6625e+07, 1.3293e-03
1.6688e+07, 1.3217e-03
1.6750e+07, 1.3142e-03
1.6812e+07, 1.3068e-03
1.6875e+07, 1.2994e-03
1.6938e+07, 1.2921e-03
1.7000e+07, 1.2849e-03
1.7090e+07, 1.2772e-03
1.7180e+07, 1.2696e-03
1.7270e+07, 1.2621e-03
1.7360e+07, 1.2546e-03
1.7450e+07, 1.2473e-03
1.7540e+07, 1.2400e-03
1.7630e+07, 1.2328e-03
1.7720e+07, 1.2257e-03
1.7790e+07, 1.2202e-03
1.7860e+07, 1.2147e-03
1.7930e+07, 1.2093e-03
1.8000e+07, 1.2040e-03
1.8062e+07, 1.2022e-03
1.8125e+07, 1.2005e-03
1.8188e+07, 1.1988e-03
1.8250e+07, 1.1971e-03
1.8312e+07, 1.1954e-03
1.8375e+07, 1.1937e-03
1.8438e+07, 1.1920e-03
1.8500e+07, 1.1903e-03
1.8562e+07, 1.1887e-03
1.8625e+07, 1.1870e-03
1.8688e+07, 1.1854e-03
1.8750e+07, 1.1837e-03
1.8812e+07, 1.1821e-03
1.8875e+07, 1.1805e-03
1.8938e+07, 1.1788e-03
1.9000e+07, 1.1772e-03
1.9107e+07, 1.1760e-03
1.9213e+07, 1.1748e-03
1.9320e+07, 1.1737e-03
1.9427e+07, 1.1725e-03
1.9533e+07, 1.1713e-03
1.9640e+07, 1.1702e-03
1.9747e+07, 1.1690e-03
1.9854e+07, 1.1679e-03
1.9927e+07, 1.1671e-03
2.0000e+07, 1.1663e-03
