ebin, xs
1.0000e-05, 1.0018e+04
1.0625e-05, 9.7190e+03
1.1250e-05, 9.4452e+03
1.1875e-05, 9.1933e+03
1.2500e-05, 8.9605e+03
1.3750e-05, 8.5435e+03
1.5000e-05, 8.1798e+03
1.6250e-05, 7.8589e+03
1.7500e-05, 7.5730e+03
1.8750e-05, 7.3162e+03
2.0000e-05, 7.0839e+03
2.1875e-05, 6.7735e+03
2.3750e-05, 6.5006e+03
2.5625e-05, 6.2583e+03
2.7500e-05, 6.0411e+03
2.9375e-05, 5.8452e+03
3.1250e-05, 5.6671e+03
3.3125e-05, 5.5044e+03
3.5000e-05, 5.3549e+03
3.8750e-05, 5.0892e+03
4.2500e-05, 4.8595e+03
4.6250e-05, 4.6583e+03
5.0000e-05, 4.4802e+03
5.3125e-05, 4.3464e+03
5.6250e-05, 4.2240e+03
5.9375e-05, 4.1113e+03
6.2500e-05, 4.0072e+03
6.8750e-05, 3.8207e+03
7.5000e-05, 3.6581e+03
8.1250e-05, 3.5145e+03
8.7500e-05, 3.3867e+03
9.3750e-05, 3.2718e+03
1.0000e-04, 3.1680e+03
1.0625e-04, 3.0734e+03
1.1250e-04, 2.9868e+03
1.1875e-04, 2.9071e+03
1.2500e-04, 2.8335e+03
1.3750e-04, 2.7016e+03
1.5000e-04, 2.5866e+03
1.6250e-04, 2.4851e+03
1.7500e-04, 2.3947e+03
1.8750e-04, 2.3135e+03
2.0000e-04, 2.2400e+03
2.1875e-04, 2.1419e+03
2.3750e-04, 2.0556e+03
2.5625e-04, 1.9789e+03
2.7500e-04, 1.9103e+03
2.9375e-04, 1.8483e+03
3.1250e-04, 1.7920e+03
3.3125e-04, 1.7405e+03
3.5000e-04, 1.6933e+03
3.8750e-04, 1.6092e+03
4.2500e-04, 1.5366e+03
4.6250e-04, 1.4730e+03
5.0000e-04, 1.4166e+03
5.3125e-04, 1.3743e+03
5.6250e-04, 1.3356e+03
5.9375e-04, 1.3000e+03
6.2500e-04, 1.2670e+03
6.8750e-04, 1.2081e+03
7.5000e-04, 1.1566e+03
8.1250e-04, 1.1112e+03
8.7500e-04, 1.0708e+03
9.3750e-04, 1.0345e+03
1.0000e-03, 1.0016e+03
1.0625e-03, 9.7170e+02
1.1250e-03, 9.4431e+02
1.1875e-03, 9.1911e+02
1.2500e-03, 8.9583e+02
1.3750e-03, 8.5412e+02
1.5000e-03, 8.1774e+02
1.6250e-03, 7.8564e+02
1.7500e-03, 7.5704e+02
1.8750e-03, 7.3136e+02
2.0000e-03, 7.0812e+02
2.1875e-03, 6.7707e+02
2.3750e-03, 6.4977e+02
2.5625e-03, 6.2552e+02
2.7500e-03, 6.0380e+02
2.9375e-03, 5.8419e+02
3.1250e-03, 5.6637e+02
3.3125e-03, 5.5009e+02
3.5000e-03, 5.3513e+02
3.8750e-03, 5.0854e+02
4.2500e-03, 4.8555e+02
4.6250e-03, 4.6542e+02
5.0000e-03, 4.4759e+02
5.3125e-03, 4.3420e+02
5.6250e-03, 4.2194e+02
5.9375e-03, 4.1066e+02
6.2500e-03, 4.0024e+02
6.8750e-03, 3.8156e+02
7.5000e-03, 3.6527e+02
8.1250e-03, 3.5089e+02
8.7500e-03, 3.3809e+02
9.3750e-03, 3.2658e+02
1.0000e-02, 3.1617e+02
1.0625e-02, 3.0670e+02
1.1250e-02, 2.9802e+02
1.1875e-02, 2.9004e+02
1.2500e-02, 2.8266e+02
1.3750e-02, 2.6945e+02
1.5000e-02, 2.5791e+02
1.6250e-02, 2.4773e+02
1.7500e-02, 2.3865e+02
1.8750e-02, 2.3050e+02
2.0000e-02, 2.2312e+02
2.1325e-02, 2.1602e+02
2.2650e-02, 2.0955e+02
2.3975e-02, 2.0362e+02
2.5300e-02, 1.9817e+02
2.6844e-02, 1.9233e+02
2.8387e-02, 1.8697e+02
2.9931e-02, 1.8204e+02
3.1475e-02, 1.7747e+02
3.4563e-02, 1.6927e+02
3.7650e-02, 1.6208e+02
4.0738e-02, 1.5572e+02
4.3825e-02, 1.5004e+02
4.6913e-02, 1.4492e+02
5.0000e-02, 1.4029e+02
5.3125e-02, 1.3602e+02
5.6250e-02, 1.3211e+02
5.9375e-02, 1.2851e+02
6.2500e-02, 1.2519e+02
6.8750e-02, 1.1923e+02
7.5000e-02, 1.1401e+02
8.1250e-02, 1.0940e+02
8.7500e-02, 1.0529e+02
9.3750e-02, 1.0159e+02
1.0000e-01, 9.8246e+01
1.0625e-01, 9.5195e+01
1.1250e-01, 9.2402e+01
1.1875e-01, 8.9834e+01
1.2500e-01, 8.7463e+01
1.3750e-01, 8.3202e+01
1.5000e-01, 7.9465e+01
1.6250e-01, 7.6160e+01
1.7500e-01, 7.3211e+01
1.8750e-01, 7.0559e+01
2.0000e-01, 6.8161e+01
2.1875e-01, 6.4947e+01
2.3750e-01, 6.2105e+01
2.5625e-01, 5.9574e+01
2.7500e-01, 5.7301e+01
2.9375e-01, 5.5244e+01
3.1250e-01, 5.3370e+01
3.3125e-01, 5.1654e+01
3.5000e-01, 5.0074e+01
3.6875e-01, 4.8614e+01
3.8750e-01, 4.7265e+01
4.2500e-01, 4.4825e+01
5.0000e-01, 4.0762e+01
5.6250e-01, 3.7998e+01
6.2500e-01, 3.5635e+01
7.5000e-01, 3.1798e+01
8.7500e-01, 2.8798e+01
1.0000e+00, 2.6359e+01
1.1250e+00, 2.4316e+01
1.2500e+00, 2.2578e+01
1.5000e+00, 1.9764e+01
1.7500e+00, 1.7570e+01
2.0000e+00, 1.5798e+01
2.3750e+00, 1.3687e+01
2.7500e+00, 1.2038e+01
3.1250e+00, 1.0707e+01
3.5000e+00, 9.6132e+00
3.8750e+00, 8.6984e+00
4.2500e+00, 7.9234e+00
4.6250e+00, 7.2596e+00
5.0000e+00, 6.6870e+00
5.6250e+00, 5.8901e+00
6.2500e+00, 5.2450e+00
6.8750e+00, 4.7171e+00
7.5000e+00, 4.2806e+00
8.1250e+00, 3.9170e+00
8.7500e+00, 3.6126e+00
9.3750e+00, 3.3570e+00
1.0000e+01, 3.1426e+00
1.0625e+01, 2.9632e+00
1.1250e+01, 2.8150e+00
1.2500e+01, 2.5966e+00
1.3750e+01, 2.4690e+00
1.5000e+01, 2.4266e+00
1.6250e+01, 2.4727e+00
1.6875e+01, 2.5334e+00
1.7500e+01, 2.6250e+00
1.8125e+01, 2.7520e+00
1.8750e+01, 2.9220e+00
1.9375e+01, 3.1458e+00
2.0000e+01, 3.4377e+00
2.0495e+01, 3.7316e+00
2.0989e+01, 4.0983e+00
2.1484e+01, 4.5589e+00
2.1979e+01, 5.1443e+00
2.2474e+01, 5.8931e+00
2.2721e+01, 6.3480e+00
2.2968e+01, 6.8773e+00
2.3216e+01, 7.4914e+00
2.3463e+01, 8.2087e+00
2.3711e+01, 9.0533e+00
2.3958e+01, 1.0057e+01
2.4144e+01, 1.0939e+01
2.4329e+01, 1.1956e+01
2.4515e+01, 1.3139e+01
2.4700e+01, 1.4524e+01
2.4886e+01, 1.6161e+01
2.5071e+01, 1.8107e+01
2.5257e+01, 2.0428e+01
2.5442e+01, 2.3281e+01
2.5574e+01, 2.5712e+01
2.5705e+01, 2.8565e+01
2.5837e+01, 3.1945e+01
2.5968e+01, 3.5986e+01
2.6099e+01, 4.0866e+01
2.6165e+01, 4.3693e+01
2.6231e+01, 4.6835e+01
2.6296e+01, 5.0343e+01
2.6362e+01, 5.4278e+01
2.6428e+01, 5.8711e+01
2.6494e+01, 6.3728e+01
2.6575e+01, 7.0894e+01
2.6656e+01, 7.9376e+01
2.6697e+01, 8.4213e+01
2.6737e+01, 8.9517e+01
2.6778e+01, 9.5351e+01
2.6818e+01, 1.0178e+02
2.6859e+01, 1.0891e+02
2.6899e+01, 1.1682e+02
2.6940e+01, 1.2565e+02
2.6981e+01, 1.3553e+02
2.7021e+01, 1.4665e+02
2.7062e+01, 1.5923e+02
2.7102e+01, 1.7354e+02
2.7143e+01, 1.8993e+02
2.7185e+01, 2.0980e+02
2.7228e+01, 2.3307e+02
2.7271e+01, 2.6058e+02
2.7313e+01, 2.9342e+02
2.7356e+01, 3.3315e+02
2.7377e+01, 3.5621e+02
2.7398e+01, 3.8184e+02
2.7419e+01, 4.1042e+02
2.7441e+01, 4.4243e+02
2.7462e+01, 4.7843e+02
2.7483e+01, 5.1908e+02
2.7500e+01, 5.5640e+02
2.7518e+01, 5.9786e+02
2.7535e+01, 6.4413e+02
2.7553e+01, 6.9580e+02
2.7570e+01, 7.5372e+02
2.7587e+01, 8.1867e+02
2.7605e+01, 8.9162e+02
2.7622e+01, 9.7363e+02
2.7640e+01, 1.0658e+03
2.7657e+01, 1.1693e+03
2.7674e+01, 1.2854e+03
2.7692e+01, 1.4150e+03
2.7709e+01, 1.5594e+03
2.7727e+01, 1.7193e+03
2.7744e+01, 1.8955e+03
2.7761e+01, 2.0882e+03
2.7783e+01, 2.3481e+03
2.7804e+01, 2.6314e+03
2.7847e+01, 3.2547e+03
2.7933e+01, 4.5401e+03
2.7962e+01, 4.9054e+03
2.7991e+01, 5.1880e+03
2.8021e+01, 5.3653e+03
2.8050e+01, 5.4227e+03
2.8077e+01, 5.3634e+03
2.8105e+01, 5.1994e+03
2.8132e+01, 4.9429e+03
2.8160e+01, 4.6119e+03
2.8214e+01, 3.8143e+03
2.8269e+01, 2.9801e+03
2.8299e+01, 2.5665e+03
2.8328e+01, 2.1923e+03
2.8357e+01, 1.8631e+03
2.8386e+01, 1.5803e+03
2.8416e+01, 1.3417e+03
2.8445e+01, 1.1430e+03
2.8474e+01, 9.7893e+02
2.8504e+01, 8.4405e+02
2.8532e+01, 7.3772e+02
2.8560e+01, 6.4935e+02
2.8587e+01, 5.7552e+02
2.8615e+01, 5.1347e+02
2.8643e+01, 4.6093e+02
2.8671e+01, 4.1613e+02
2.8699e+01, 3.7765e+02
2.8727e+01, 3.4434e+02
2.8755e+01, 3.1531e+02
2.8783e+01, 2.8987e+02
2.8839e+01, 2.4755e+02
2.8895e+01, 2.1398e+02
2.8951e+01, 1.8689e+02
2.8999e+01, 1.6761e+02
2.9047e+01, 1.5120e+02
2.9095e+01, 1.3712e+02
2.9143e+01, 1.2494e+02
2.9191e+01, 1.1433e+02
2.9239e+01, 1.0501e+02
2.9334e+01, 8.9502e+01
2.9430e+01, 7.7183e+01
2.9526e+01, 6.7242e+01
2.9622e+01, 5.9108e+01
2.9718e+01, 5.2368e+01
2.9814e+01, 4.6722e+01
2.9910e+01, 4.1949e+01
3.0006e+01, 3.7884e+01
3.0101e+01, 3.4392e+01
3.0197e+01, 3.1359e+01
3.0293e+01, 2.8702e+01
3.0389e+01, 2.6364e+01
3.0485e+01, 2.4298e+01
3.0677e+01, 2.0834e+01
3.0868e+01, 1.8062e+01
3.1060e+01, 1.5810e+01
3.1252e+01, 1.3956e+01
3.1422e+01, 1.2570e+01
3.1593e+01, 1.1381e+01
3.1763e+01, 1.0354e+01
3.1934e+01, 9.4610e+00
3.2104e+01, 8.6808e+00
3.2275e+01, 7.9998e+00
3.2615e+01, 6.8564e+00
3.2956e+01, 5.9372e+00
3.3297e+01, 5.1932e+00
3.3638e+01, 4.5827e+00
3.3979e+01, 4.0756e+00
3.4298e+01, 3.6743e+00
3.4618e+01, 3.3307e+00
3.4938e+01, 3.0342e+00
3.5257e+01, 2.7766e+00
3.5577e+01, 2.5514e+00
3.5896e+01, 2.3532e+00
3.6216e+01, 2.1784e+00
3.6535e+01, 2.0265e+00
3.7175e+01, 1.7617e+00
3.7814e+01, 1.5473e+00
3.8453e+01, 1.3714e+00
3.9092e+01, 1.2251e+00
3.9774e+01, 1.0947e+00
4.0456e+01, 9.8499e-01
4.1137e+01, 8.9182e-01
4.1819e+01, 8.1196e-01
4.2501e+01, 7.4296e-01
4.3182e+01, 6.8319e-01
4.4546e+01, 5.8437e-01
4.5910e+01, 5.0641e-01
4.7273e+01, 4.4393e-01
4.8636e+01, 3.9300e-01
5.0000e+01, 3.5088e-01
5.1562e+01, 3.1092e-01
5.3125e+01, 2.7778e-01
5.4688e+01, 2.4998e-01
5.6250e+01, 2.2639e-01
5.7812e+01, 2.0617e-01
5.9375e+01, 1.8871e-01
6.0938e+01, 1.7349e-01
6.2500e+01, 1.6019e-01
6.5625e+01, 1.3801e-01
6.8750e+01, 1.2035e-01
7.1875e+01, 1.0608e-01
7.5000e+01, 9.4366e-02
7.8125e+01, 8.4638e-02
8.1250e+01, 7.6473e-02
8.4375e+01, 6.9560e-02
8.7500e+01, 6.3663e-02
9.0625e+01, 5.8601e-02
9.3750e+01, 5.4241e-02
1.0000e+02, 4.7174e-02
1.0625e+02, 4.1810e-02
1.1250e+02, 3.7739e-02
1.1875e+02, 3.4683e-02
1.2500e+02, 3.2459e-02
1.2969e+02, 3.1317e-02
1.3438e+02, 3.0515e-02
1.3906e+02, 3.0035e-02
1.4375e+02, 2.9888e-02
1.5000e+02, 3.0347e-02
1.5625e+02, 3.1568e-02
1.6250e+02, 3.3714e-02
1.6562e+02, 3.5216e-02
1.6875e+02, 3.7077e-02
1.7188e+02, 3.9359e-02
1.7500e+02, 4.2151e-02
1.7812e+02, 4.5571e-02
1.8125e+02, 4.9777e-02
1.8438e+02, 5.4984e-02
1.8750e+02, 6.1493e-02
1.9062e+02, 6.9731e-02
1.9375e+02, 8.0278e-02
1.9531e+02, 8.6688e-02
1.9688e+02, 9.4099e-02
1.9844e+02, 1.0268e-01
2.0000e+02, 1.1271e-01
2.0170e+02, 1.2559e-01
2.0339e+02, 1.4111e-01
2.0509e+02, 1.6005e-01
2.0678e+02, 1.8347e-01
2.0763e+02, 1.9688e-01
2.0848e+02, 2.1234e-01
2.0933e+02, 2.2984e-01
2.1017e+02, 2.4974e-01
2.1102e+02, 2.7248e-01
2.1187e+02, 2.9863e-01
2.1272e+02, 3.2891e-01
2.1357e+02, 3.6426e-01
2.1447e+02, 4.0890e-01
2.1537e+02, 4.6259e-01
2.1628e+02, 5.2796e-01
2.1718e+02, 6.0867e-01
2.1809e+02, 7.0899e-01
2.1854e+02, 7.6873e-01
2.1899e+02, 8.3715e-01
2.1944e+02, 9.1546e-01
2.1990e+02, 1.0055e+00
2.2035e+02, 1.1098e+00
2.2080e+02, 1.2314e+00
2.2114e+02, 1.3365e+00
2.2148e+02, 1.4558e+00
2.2182e+02, 1.5920e+00
2.2216e+02, 1.7486e+00
2.2255e+02, 1.9629e+00
2.2295e+02, 2.2191e+00
2.2334e+02, 2.5285e+00
2.2374e+02, 2.9073e+00
2.2413e+02, 3.3814e+00
2.2433e+02, 3.6643e+00
2.2453e+02, 3.9848e+00
2.2473e+02, 4.3501e+00
2.2493e+02, 4.7685e+00
2.2512e+02, 5.2512e+00
2.2532e+02, 5.8121e+00
2.2549e+02, 6.3687e+00
2.2566e+02, 7.0101e+00
2.2583e+02, 7.7544e+00
2.2600e+02, 8.6247e+00
2.2617e+02, 9.6534e+00
2.2634e+02, 1.0882e+01
2.2651e+02, 1.2369e+01
2.2668e+02, 1.4193e+01
2.2676e+02, 1.5266e+01
2.2685e+02, 1.6469e+01
2.2693e+02, 1.7826e+01
2.2702e+02, 1.9363e+01
2.2710e+02, 2.1118e+01
2.2719e+02, 2.3135e+01
2.2727e+02, 2.5472e+01
2.2736e+02, 2.8200e+01
2.2746e+02, 3.2024e+01
2.2755e+02, 3.6739e+01
2.2760e+02, 3.9528e+01
2.2765e+02, 4.2663e+01
2.2770e+02, 4.6216e+01
2.2775e+02, 5.0246e+01
2.2780e+02, 5.4856e+01
2.2785e+02, 6.0128e+01
2.2790e+02, 6.6203e+01
2.2795e+02, 7.3194e+01
2.2800e+02, 8.1286e+01
2.2805e+02, 9.0623e+01
2.2810e+02, 1.0144e+02
2.2815e+02, 1.1389e+02
2.2822e+02, 1.3387e+02
2.2828e+02, 1.5780e+02
2.2835e+02, 1.8618e+02
2.2842e+02, 2.1932e+02
2.2848e+02, 2.5740e+02
2.2855e+02, 3.0009e+02
2.2862e+02, 3.4683e+02
2.2868e+02, 3.9657e+02
2.2884e+02, 5.1727e+02
2.2892e+02, 5.7175e+02
2.2900e+02, 6.1685e+02
2.2910e+02, 6.5408e+02
2.2920e+02, 6.6688e+02
2.2925e+02, 6.6281e+02
2.2931e+02, 6.5105e+02
2.2936e+02, 6.3211e+02
2.2941e+02, 6.0672e+02
2.2952e+02, 5.4074e+02
2.2963e+02, 4.6240e+02
2.2974e+02, 3.7558e+02
2.2986e+02, 2.9489e+02
2.2991e+02, 2.5869e+02
2.2997e+02, 2.2593e+02
2.3003e+02, 1.9667e+02
2.3008e+02, 1.7091e+02
2.3014e+02, 1.4941e+02
2.3019e+02, 1.3078e+02
2.3025e+02, 1.1472e+02
2.3030e+02, 1.0095e+02
2.3036e+02, 8.9161e+01
2.3041e+02, 7.9132e+01
2.3047e+02, 7.0581e+01
2.3052e+02, 6.3281e+01
2.3057e+02, 5.7023e+01
2.3063e+02, 5.1657e+01
2.3068e+02, 4.7026e+01
2.3074e+02, 4.3010e+01
2.3079e+02, 3.9502e+01
2.3085e+02, 3.6431e+01
2.3096e+02, 3.1320e+01
2.3106e+02, 2.7432e+01
2.3116e+02, 2.4257e+01
2.3127e+02, 2.1623e+01
2.3137e+02, 1.9413e+01
2.3148e+02, 1.7532e+01
2.3158e+02, 1.5920e+01
2.3168e+02, 1.4524e+01
2.3179e+02, 1.3308e+01
2.3189e+02, 1.2240e+01
2.3200e+02, 1.1298e+01
2.3220e+02, 9.7163e+00
2.3241e+02, 8.4486e+00
2.3262e+02, 7.4166e+00
2.3282e+02, 6.6038e+00
2.3301e+02, 5.9200e+00
2.3321e+02, 5.3384e+00
2.3341e+02, 4.8389e+00
2.3360e+02, 4.4060e+00
2.3380e+02, 4.0284e+00
2.3400e+02, 3.6971e+00
2.3420e+02, 3.4050e+00
2.3459e+02, 2.9158e+00
2.3499e+02, 2.5252e+00
2.3538e+02, 2.2081e+00
2.3578e+02, 1.9474e+00
2.3613e+02, 1.7513e+00
2.3648e+02, 1.5835e+00
2.3683e+02, 1.4388e+00
2.3719e+02, 1.3135e+00
2.3754e+02, 1.2044e+00
2.3789e+02, 1.1082e+00
2.3860e+02, 9.4638e-01
2.3931e+02, 8.1734e-01
2.4001e+02, 7.1300e-01
2.4072e+02, 6.2743e-01
2.4143e+02, 5.5638e-01
2.4209e+02, 4.9998e-01
2.4275e+02, 4.5175e-01
2.4342e+02, 4.1016e-01
2.4408e+02, 3.7408e-01
2.4475e+02, 3.4256e-01
2.4541e+02, 3.1514e-01
2.4674e+02, 2.6916e-01
2.4807e+02, 2.3232e-01
2.4940e+02, 2.0257e-01
2.5073e+02, 1.7821e-01
2.5206e+02, 1.5801e-01
2.5331e+02, 1.4205e-01
2.5455e+02, 1.2840e-01
2.5580e+02, 1.1665e-01
2.5704e+02, 1.0645e-01
2.5829e+02, 9.7536e-02
2.5954e+02, 8.9708e-02
2.6078e+02, 8.2797e-02
2.6203e+02, 7.6829e-02
2.6452e+02, 6.6390e-02
2.6701e+02, 5.7972e-02
2.6951e+02, 5.1089e-02
2.7013e+02, 4.9630e-02
2.7044e+02, 4.9340e-02
2.7060e+02, 5.0452e-02
2.7075e+02, 5.5389e-02
2.7083e+02, 6.1311e-02
2.7091e+02, 7.1590e-02
2.7099e+02, 8.8701e-02
2.7107e+02, 1.1610e-01
2.7110e+02, 1.3506e-01
2.7114e+02, 1.5834e-01
2.7118e+02, 1.8680e-01
2.7122e+02, 2.2110e-01
2.7126e+02, 2.6229e-01
2.7130e+02, 3.1103e-01
2.7134e+02, 3.6833e-01
2.7138e+02, 4.3509e-01
2.7142e+02, 5.1237e-01
2.7145e+02, 6.0058e-01
2.7149e+02, 7.0088e-01
2.7153e+02, 8.1331e-01
2.7157e+02, 9.3885e-01
2.7161e+02, 1.0771e+00
2.7165e+02, 1.2286e+00
2.7169e+02, 1.3925e+00
2.7177e+02, 1.7565e+00
2.7184e+02, 2.1616e+00
2.7200e+02, 3.0468e+00
2.7200e+02, 6.0463e+00
3.0000e+02, 5.6300e+00
3.5000e+02, 5.0314e+00
4.0000e+02, 4.5643e+00
4.5000e+02, 4.1889e+00
5.0000e+02, 3.8793e+00
5.5000e+02, 3.6202e+00
6.0000e+02, 3.3987e+00
6.6000e+02, 3.1733e+00
7.2000e+02, 2.9807e+00
8.0000e+02, 2.7647e+00
9.0000e+02, 2.5447e+00
1.0000e+03, 2.3627e+00
1.1250e+03, 2.1790e+00
1.2500e+03, 2.0268e+00
1.5000e+03, 1.7945e+00
1.7000e+03, 1.6543e+00
2.0000e+03, 1.4927e+00
2.2500e+03, 1.3898e+00
2.5000e+03, 1.3038e+00
3.0000e+03, 1.1733e+00
3.5000e+03, 1.0768e+00
4.0000e+03, 1.0019e+00
5.0000e+03, 8.9143e-01
6.0000e+03, 8.1216e-01
7.0000e+03, 7.5113e-01
7.2000e+03, 7.3735e-01
8.5000e+03, 6.6595e-01
9.5144e+03, 6.2346e-01
1.0000e+04, 6.0557e-01
1.2000e+04, 5.3308e-01
1.2500e+04, 5.1808e-01
1.5000e+04, 4.5680e-01
1.7000e+04, 4.1664e-01
2.0000e+04, 3.6986e-01
2.2500e+04, 3.3902e-01
2.5000e+04, 3.1362e-01
2.7500e+04, 2.9144e-01
3.0000e+04, 2.7257e-01
3.5000e+04, 2.4146e-01
4.0000e+04, 2.1745e-01
4.2066e+04, 2.0893e-01
4.5000e+04, 1.9804e-01
5.0000e+04, 1.8215e-01
5.5000e+04, 1.6889e-01
6.0000e+04, 1.5763e-01
6.5000e+04, 1.4811e-01
7.0000e+04, 1.3981e-01
7.5000e+04, 1.3257e-01
8.0000e+04, 1.2614e-01
8.5000e+04, 1.2056e-01
9.0000e+04, 1.1553e-01
9.5000e+04, 1.1097e-01
1.0000e+05, 1.0681e-01
1.0000e+05, 1.0681e-01
1.9234e+05, 6.7573e-02
4.0000e+05, 5.1932e-02
5.6884e+05, 4.8891e-02
5.7815e+05, 4.8669e-02
6.9855e+05, 4.6535e-02
8.0862e+05, 4.5338e-02
8.2087e+05, 4.5138e-02
1.0242e+06, 4.2810e-02
1.0242e+06, 4.2809e-02
1.1163e+06, 3.8211e-02
1.1163e+06, 3.8210e-02
1.1356e+06, 3.7257e-02
1.1356e+06, 3.7252e-02
1.1846e+06, 3.2551e-02
1.1846e+06, 3.2549e-02
1.2368e+06, 2.9831e-02
1.2934e+06, 2.7968e-02
1.2934e+06, 2.7968e-02
1.5353e+06, 2.5515e-02
1.5478e+06, 2.5488e-02
1.5478e+06, 2.5488e-02
1.7500e+06, 2.2921e-02
2.0000e+06, 2.0108e-02
2.2500e+06, 1.8009e-02
2.5000e+06, 1.6143e-02
2.7500e+06, 1.4337e-02
3.0000e+06, 1.2603e-02
3.2500e+06, 1.1005e-02
3.5000e+06, 9.5220e-03
3.7500e+06, 8.1966e-03
4.0000e+06, 6.9971e-03
4.2500e+06, 5.8756e-03
4.5000e+06, 4.9394e-03
4.7500e+06, 4.1477e-03
5.0000e+06, 3.5016e-03
5.2500e+06, 2.9534e-03
5.5000e+06, 2.4980e-03
5.7500e+06, 2.1222e-03
6.0000e+06, 1.8101e-03
6.2500e+06, 1.5610e-03
6.5661e+06, 1.3075e-03
6.7500e+06, 1.1858e-03
7.0000e+06, 1.0465e-03
7.2500e+06, 9.3140e-04
7.5532e+06, 8.1936e-04
7.6397e+06, 7.9219e-04
8.0000e+06, 6.9744e-04
8.2500e+06, 6.4745e-04
8.5000e+06, 6.0721e-04
8.7500e+06, 5.7497e-04
8.9913e+06, 5.4967e-04
9.0014e+06, 5.4873e-04
9.3000e+06, 5.2442e-04
9.6000e+06, 5.0533e-04
9.8914e+06, 4.9076e-04
1.0000e+07, 4.8600e-04
1.0250e+07, 4.7650e-04
1.0577e+07, 5.0233e-04
1.0750e+07, 5.1717e-04
1.1000e+07, 5.3861e-04
1.1250e+07, 5.6005e-04
1.1500e+07, 5.8149e-04
1.1750e+07, 6.0293e-04
1.2000e+07, 6.3188e-04
1.2250e+07, 6.6505e-04
1.2500e+07, 6.9822e-04
1.2750e+07, 7.3139e-04
1.3000e+07, 7.6456e-04
1.3250e+07, 7.9773e-04
1.3500e+07, 8.3090e-04
1.3750e+07, 8.6407e-04
1.4000e+07, 8.8067e-04
1.4250e+07, 8.9727e-04
1.4500e+07, 9.1386e-04
1.4750e+07, 9.3046e-04
1.5000e+07, 9.4706e-04
1.5250e+07, 9.6366e-04
1.5500e+07, 9.8026e-04
1.5750e+07, 9.9686e-04
1.6000e+07, 1.0135e-03
1.6250e+07, 1.0211e-03
1.6500e+07, 1.0288e-03
1.6750e+07, 1.0365e-03
1.7000e+07, 1.0441e-03
1.7250e+07, 1.0518e-03
1.7500e+07, 1.0594e-03
1.7750e+07, 1.0671e-03
1.8000e+07, 1.0748e-03
1.8300e+07, 1.0850e-03
1.8652e+07, 1.1031e-03
1.8652e+07, 1.1031e-03
1.9000e+07, 1.1211e-03
1.9250e+07, 1.1216e-03
1.9500e+07, 1.1221e-03
1.9750e+07, 1.1226e-03
2.0000e+07, 1.1232e-03
