ebin, xs
1.0000e-05, 2.8630e+03
1.0625e-05, 2.7775e+03
1.1250e-05, 2.6993e+03
1.1875e-05, 2.6273e+03
1.2500e-05, 2.5607e+03
1.3750e-05, 2.4416e+03
1.5000e-05, 2.3376e+03
1.6250e-05, 2.2459e+03
1.7500e-05, 2.1642e+03
1.8750e-05, 2.0908e+03
2.0000e-05, 2.0244e+03
2.1875e-05, 1.9357e+03
2.3750e-05, 1.8578e+03
2.5625e-05, 1.7885e+03
2.7500e-05, 1.7265e+03
2.9375e-05, 1.6704e+03
3.1250e-05, 1.6196e+03
3.3125e-05, 1.5731e+03
3.5000e-05, 1.5303e+03
3.8750e-05, 1.4544e+03
4.2500e-05, 1.3888e+03
4.6250e-05, 1.3313e+03
5.0000e-05, 1.2804e+03
5.3125e-05, 1.2421e+03
5.6250e-05, 1.2072e+03
5.9375e-05, 1.1750e+03
6.2500e-05, 1.1452e+03
6.8750e-05, 1.0919e+03
7.5000e-05, 1.0454e+03
8.1250e-05, 1.0044e+03
8.7500e-05, 9.6788e+02
9.3750e-05, 9.3506e+02
1.0000e-04, 9.0537e+02
1.0625e-04, 8.7834e+02
1.1250e-04, 8.5359e+02
1.1875e-04, 8.3082e+02
1.2500e-04, 8.0979e+02
1.3750e-04, 7.7210e+02
1.5000e-04, 7.3923e+02
1.6250e-04, 7.1023e+02
1.7500e-04, 6.8440e+02
1.8750e-04, 6.6119e+02
2.0000e-04, 6.4020e+02
2.1875e-04, 6.1215e+02
2.3750e-04, 5.8749e+02
2.5625e-04, 5.6559e+02
2.7500e-04, 5.4597e+02
2.9375e-04, 5.2826e+02
3.1250e-04, 5.1217e+02
3.3125e-04, 4.9746e+02
3.5000e-04, 4.8395e+02
3.8750e-04, 4.5994e+02
4.2500e-04, 4.3918e+02
4.6250e-04, 4.2100e+02
5.0000e-04, 4.0491e+02
5.3125e-04, 3.9282e+02
5.6250e-04, 3.8176e+02
5.9375e-04, 3.7158e+02
6.2500e-04, 3.6217e+02
6.8750e-04, 3.4532e+02
7.5000e-04, 3.3062e+02
8.1250e-04, 3.1765e+02
8.7500e-04, 3.0610e+02
9.3750e-04, 2.9572e+02
1.0000e-03, 2.8633e+02
1.0625e-03, 2.7779e+02
1.1250e-03, 2.6996e+02
1.1875e-03, 2.6276e+02
1.2500e-03, 2.5611e+02
1.3750e-03, 2.4420e+02
1.5000e-03, 2.3381e+02
1.6250e-03, 2.2464e+02
1.7500e-03, 2.1647e+02
1.8750e-03, 2.0913e+02
2.0000e-03, 2.0250e+02
2.1875e-03, 1.9363e+02
2.3750e-03, 1.8583e+02
2.5625e-03, 1.7891e+02
2.7500e-03, 1.7271e+02
2.9375e-03, 1.6711e+02
3.1250e-03, 1.6202e+02
3.3125e-03, 1.5737e+02
3.5000e-03, 1.5310e+02
3.8750e-03, 1.4551e+02
4.2500e-03, 1.3895e+02
4.6250e-03, 1.3321e+02
5.0000e-03, 1.2812e+02
5.3125e-03, 1.2430e+02
5.6250e-03, 1.2080e+02
5.9375e-03, 1.1758e+02
6.2500e-03, 1.1461e+02
6.8750e-03, 1.0929e+02
7.5000e-03, 1.0464e+02
8.1250e-03, 1.0054e+02
8.7500e-03, 9.6891e+01
9.3750e-03, 9.3611e+01
1.0000e-02, 9.0645e+01
1.0625e-02, 8.7946e+01
1.1250e-02, 8.5476e+01
1.1875e-02, 8.3205e+01
1.2500e-02, 8.1106e+01
1.3750e-02, 7.7346e+01
1.5000e-02, 7.4066e+01
1.6250e-02, 7.1170e+01
1.7500e-02, 6.8590e+01
1.8750e-02, 6.6272e+01
2.0000e-02, 6.4177e+01
2.1325e-02, 6.2160e+01
2.2650e-02, 6.0325e+01
2.3975e-02, 5.8645e+01
2.5300e-02, 5.7101e+01
2.6844e-02, 5.5449e+01
2.8387e-02, 5.3935e+01
3.1475e-02, 5.1247e+01
3.4563e-02, 4.8924e+01
3.7650e-02, 4.6891e+01
4.0738e-02, 4.5095e+01
4.3825e-02, 4.3493e+01
4.6913e-02, 4.2054e+01
5.0000e-02, 4.0750e+01
5.3125e-02, 3.9550e+01
5.6250e-02, 3.8452e+01
5.9375e-02, 3.7445e+01
6.2500e-02, 3.6515e+01
6.8750e-02, 3.4850e+01
7.5000e-02, 3.3394e+01
8.1250e-02, 3.2111e+01
8.7500e-02, 3.0969e+01
9.3750e-02, 2.9945e+01
1.0000e-01, 2.9019e+01
1.0625e-01, 2.8178e+01
1.1250e-01, 2.7409e+01
1.1875e-01, 2.6704e+01
1.2500e-01, 2.6056e+01
1.3750e-01, 2.4894e+01
1.5000e-01, 2.3879e+01
1.6250e-01, 2.2986e+01
1.7500e-01, 2.2194e+01
1.8750e-01, 2.1485e+01
2.0000e-01, 2.0848e+01
2.1875e-01, 1.9999e+01
2.3750e-01, 1.9256e+01
2.5625e-01, 1.8599e+01
2.7500e-01, 1.8015e+01
2.9375e-01, 1.7492e+01
3.1250e-01, 1.7021e+01
3.3125e-01, 1.6593e+01
3.5000e-01, 1.6207e+01
3.8750e-01, 1.5528e+01
4.2500e-01, 1.4950e+01
5.0000e-01, 1.4033e+01
6.2500e-01, 1.2984e+01
7.5000e-01, 1.2329e+01
8.7500e-01, 1.1955e+01
1.0000e+00, 1.1802e+01
1.1250e+00, 1.1844e+01
1.2500e+00, 1.2083e+01
1.3750e+00, 1.2538e+01
1.5000e+00, 1.3250e+01
1.6250e+00, 1.4287e+01
1.7500e+00, 1.5747e+01
1.8125e+00, 1.6687e+01
1.8750e+00, 1.7821e+01
1.9375e+00, 1.9184e+01
2.0000e+00, 2.0830e+01
2.0625e+00, 2.2838e+01
2.1251e+00, 2.5314e+01
2.1876e+00, 2.8406e+01
2.2502e+00, 3.2328e+01
2.3127e+00, 3.7388e+01
2.3440e+00, 4.0455e+01
2.3752e+00, 4.3988e+01
2.4065e+00, 4.8134e+01
2.4378e+00, 5.3020e+01
2.4691e+00, 5.8814e+01
2.5003e+00, 6.5751e+01
2.5224e+00, 7.1508e+01
2.5445e+00, 7.8140e+01
2.5666e+00, 8.5837e+01
2.5886e+00, 9.4833e+01
2.6125e+00, 1.0639e+02
2.6365e+00, 1.2033e+02
2.6604e+00, 1.3741e+02
2.6843e+00, 1.5869e+02
2.7082e+00, 1.8570e+02
2.7201e+00, 2.0201e+02
2.7321e+00, 2.2067e+02
2.7441e+00, 2.4215e+02
2.7560e+00, 2.6704e+02
2.7680e+00, 2.9611e+02
2.7799e+00, 3.3033e+02
2.7928e+00, 3.7445e+02
2.8057e+00, 4.2823e+02
2.8186e+00, 4.9469e+02
2.8314e+00, 5.7803e+02
2.8379e+00, 6.2779e+02
2.8443e+00, 6.8412e+02
2.8507e+00, 7.4812e+02
2.8572e+00, 8.2102e+02
2.8636e+00, 9.0424e+02
2.8701e+00, 9.9938e+02
2.8765e+00, 1.1081e+03
2.8829e+00, 1.2323e+03
2.8933e+00, 1.4692e+03
2.9037e+00, 1.7568e+03
2.9140e+00, 2.0976e+03
2.9244e+00, 2.4878e+03
2.9348e+00, 2.9142e+03
2.9452e+00, 3.3522e+03
2.9555e+00, 3.7672e+03
2.9659e+00, 4.1181e+03
2.9779e+00, 4.3923e+03
2.9840e+00, 4.4610e+03
2.9900e+00, 4.4793e+03
2.9960e+00, 4.4464e+03
3.0061e+00, 4.2825e+03
3.0161e+00, 4.0014e+03
3.0262e+00, 3.6356e+03
3.0363e+00, 3.2227e+03
3.0564e+00, 2.3920e+03
3.0665e+00, 2.0224e+03
3.0765e+00, 1.7000e+03
3.0871e+00, 1.4154e+03
3.0976e+00, 1.1819e+03
3.1081e+00, 9.9284e+02
3.1187e+00, 8.4080e+02
3.1292e+00, 7.1851e+02
3.1397e+00, 6.1970e+02
3.1503e+00, 5.3928e+02
3.1608e+00, 4.7323e+02
3.1714e+00, 4.1845e+02
3.1819e+00, 3.7259e+02
3.1924e+00, 3.3383e+02
3.2030e+00, 3.0079e+02
3.2135e+00, 2.7240e+02
3.2240e+00, 2.4784e+02
3.2346e+00, 2.2645e+02
3.2451e+00, 2.0772e+02
3.2662e+00, 1.7661e+02
3.2873e+00, 1.5202e+02
3.3083e+00, 1.3226e+02
3.3294e+00, 1.1614e+02
3.3476e+00, 1.0450e+02
3.3658e+00, 9.4561e+01
3.3840e+00, 8.5995e+01
3.4022e+00, 7.8553e+01
3.4204e+00, 7.2040e+01
3.4386e+00, 6.6308e+01
3.4750e+00, 5.6734e+01
3.5114e+00, 4.9123e+01
3.5478e+00, 4.2978e+01
3.5842e+00, 3.7946e+01
3.6206e+00, 3.3774e+01
3.6570e+00, 3.0281e+01
3.6934e+00, 2.7335e+01
3.7298e+00, 2.4829e+01
3.7662e+00, 2.2664e+01
3.8026e+00, 2.0776e+01
3.8390e+00, 1.9126e+01
3.9118e+00, 1.6402e+01
3.9846e+00, 1.4263e+01
4.0574e+00, 1.2552e+01
4.1302e+00, 1.1162e+01
4.2030e+00, 1.0017e+01
4.3026e+00, 8.7502e+00
4.4023e+00, 7.7534e+00
4.5019e+00, 6.9414e+00
4.6015e+00, 6.2708e+00
4.7011e+00, 5.7125e+00
4.8008e+00, 5.2421e+00
4.9004e+00, 4.8419e+00
5.0000e+00, 4.4999e+00
5.1562e+00, 4.0520e+00
5.3125e+00, 3.6867e+00
5.4688e+00, 3.3848e+00
5.6250e+00, 3.1317e+00
5.7812e+00, 2.9166e+00
5.9375e+00, 2.7330e+00
6.2500e+00, 2.4328e+00
6.5625e+00, 2.1974e+00
6.8750e+00, 2.0086e+00
7.1875e+00, 1.8535e+00
7.5000e+00, 1.7240e+00
8.1250e+00, 1.5180e+00
8.7500e+00, 1.3606e+00
9.3750e+00, 1.2364e+00
1.0000e+01, 1.1360e+00
1.0625e+01, 1.0537e+00
1.1250e+01, 9.8557e-01
1.1875e+01, 9.2938e-01
1.2500e+01, 8.8365e-01
1.3125e+01, 8.4766e-01
1.3750e+01, 8.2137e-01
1.4375e+01, 8.0553e-01
1.5000e+01, 8.0194e-01
1.5625e+01, 8.1406e-01
1.6250e+01, 8.4774e-01
1.6562e+01, 8.7595e-01
1.6875e+01, 9.1510e-01
1.7188e+01, 9.6824e-01
1.7500e+01, 1.0403e+00
1.7734e+01, 1.1115e+00
1.7969e+01, 1.2026e+00
1.8203e+01, 1.3152e+00
1.8438e+01, 1.4663e+00
1.8672e+01, 1.6684e+00
1.8789e+01, 1.7955e+00
1.8906e+01, 1.9452e+00
1.9023e+01, 2.1232e+00
1.9141e+01, 2.3358e+00
1.9258e+01, 2.5912e+00
1.9375e+01, 2.9066e+00
1.9453e+01, 3.1597e+00
1.9531e+01, 3.4550e+00
1.9609e+01, 3.8025e+00
1.9688e+01, 4.2152e+00
1.9766e+01, 4.7104e+00
1.9844e+01, 5.3116e+00
1.9922e+01, 6.0507e+00
2.0000e+01, 6.9734e+00
2.0059e+01, 7.8396e+00
2.0119e+01, 8.8941e+00
2.0178e+01, 1.0195e+01
2.0238e+01, 1.1825e+01
2.0267e+01, 1.2800e+01
2.0297e+01, 1.3908e+01
2.0327e+01, 1.5177e+01
2.0356e+01, 1.6640e+01
2.0386e+01, 1.8340e+01
2.0416e+01, 2.0333e+01
2.0446e+01, 2.2693e+01
2.0475e+01, 2.5516e+01
2.0507e+01, 2.9181e+01
2.0538e+01, 3.3761e+01
2.0554e+01, 3.6502e+01
2.0570e+01, 3.9620e+01
2.0586e+01, 4.3195e+01
2.0602e+01, 4.7330e+01
2.0617e+01, 5.2161e+01
2.0633e+01, 5.7856e+01
2.0649e+01, 6.4648e+01
2.0665e+01, 7.2837e+01
2.0680e+01, 8.2815e+01
2.0696e+01, 9.5087e+01
2.0712e+01, 1.1029e+02
2.0720e+01, 1.1923e+02
2.0728e+01, 1.2922e+02
2.0739e+01, 1.4532e+02
2.0750e+01, 1.6411e+02
2.0761e+01, 1.8600e+02
2.0772e+01, 2.1138e+02
2.0784e+01, 2.4068e+02
2.0795e+01, 2.7429e+02
2.0806e+01, 3.1253e+02
2.0817e+01, 3.5566e+02
2.0828e+01, 4.0380e+02
2.0839e+01, 4.5694e+02
2.0850e+01, 5.1485e+02
2.0861e+01, 5.7708e+02
2.0874e+01, 6.5423e+02
2.0887e+01, 7.3476e+02
2.0913e+01, 8.9745e+02
2.0935e+01, 1.0224e+03
2.0957e+01, 1.1236e+03
2.0978e+01, 1.1893e+03
2.1000e+01, 1.2114e+03
2.1012e+01, 1.2031e+03
2.1032e+01, 1.1589e+03
2.1052e+01, 1.0812e+03
2.1072e+01, 9.7796e+02
2.1092e+01, 8.5913e+02
2.1117e+01, 7.0423e+02
2.1141e+01, 5.5689e+02
2.1154e+01, 4.8974e+02
2.1166e+01, 4.2814e+02
2.1178e+01, 3.7253e+02
2.1191e+01, 3.2311e+02
2.1201e+01, 2.8549e+02
2.1212e+01, 2.5215e+02
2.1223e+01, 2.2278e+02
2.1233e+01, 1.9708e+02
2.1244e+01, 1.7467e+02
2.1254e+01, 1.5526e+02
2.1265e+01, 1.3846e+02
2.1276e+01, 1.2396e+02
2.1286e+01, 1.1143e+02
2.1297e+01, 1.0061e+02
2.1307e+01, 9.1261e+01
2.1318e+01, 8.3152e+01
2.1329e+01, 7.6097e+01
2.1339e+01, 6.9935e+01
2.1360e+01, 5.9767e+01
2.1380e+01, 5.2390e+01
2.1399e+01, 4.6391e+01
2.1419e+01, 4.1437e+01
2.1438e+01, 3.7289e+01
2.1458e+01, 3.3770e+01
2.1477e+01, 3.0753e+01
2.1496e+01, 2.8142e+01
2.1516e+01, 2.5867e+01
2.1555e+01, 2.2101e+01
2.1594e+01, 1.9130e+01
2.1633e+01, 1.6741e+01
2.1671e+01, 1.4788e+01
2.1710e+01, 1.3168e+01
2.1749e+01, 1.1809e+01
2.1788e+01, 1.0655e+01
2.1827e+01, 9.6669e+00
2.1866e+01, 8.8139e+00
2.1905e+01, 8.0728e+00
2.1944e+01, 7.4248e+00
2.1982e+01, 6.8548e+00
2.2060e+01, 5.9029e+00
2.2138e+01, 5.1449e+00
2.2216e+01, 4.5321e+00
2.2293e+01, 4.0303e+00
2.2371e+01, 3.6129e+00
2.2449e+01, 3.2604e+00
2.2527e+01, 2.9600e+00
2.2604e+01, 2.7026e+00
2.2682e+01, 2.4804e+00
2.2760e+01, 2.2874e+00
2.2915e+01, 1.9701e+00
2.3071e+01, 1.7220e+00
2.3226e+01, 1.5241e+00
2.3382e+01, 1.3639e+00
2.3537e+01, 1.2331e+00
2.3749e+01, 1.0886e+00
2.3961e+01, 9.7255e-01
2.4173e+01, 8.7861e-01
2.4386e+01, 8.0140e-01
2.4598e+01, 7.3707e-01
2.4810e+01, 6.8282e-01
2.5022e+01, 6.3665e-01
2.5234e+01, 5.9800e-01
2.5658e+01, 5.3269e-01
2.6082e+01, 4.8195e-01
2.6506e+01, 4.4154e-01
2.6930e+01, 4.0861e-01
2.7693e+01, 3.6255e-01
2.8457e+01, 3.2815e-01
2.9220e+01, 3.0052e-01
2.9983e+01, 2.7847e-01
3.0747e+01, 2.6018e-01
3.1510e+01, 2.4458e-01
3.3037e+01, 2.1999e-01
3.3800e+01, 2.0886e-01
3.4563e+01, 2.0010e-01
3.6090e+01, 1.8407e-01
3.7617e+01, 1.7090e-01
3.9144e+01, 1.6001e-01
4.1858e+01, 1.4529e-01
4.4572e+01, 1.3466e-01
4.7286e+01, 1.2842e-01
5.0000e+01, 1.2620e-01
5.2530e+01, 1.2956e-01
5.3795e+01, 1.3400e-01
5.5060e+01, 1.4108e-01
5.6325e+01, 1.5197e-01
5.7590e+01, 1.6873e-01
5.8222e+01, 1.8041e-01
5.8855e+01, 1.9515e-01
5.9487e+01, 2.1396e-01
6.0120e+01, 2.3842e-01
6.0552e+01, 2.5959e-01
6.0985e+01, 2.8560e-01
6.1418e+01, 3.1707e-01
6.1851e+01, 3.5749e-01
6.2283e+01, 4.0944e-01
6.2500e+01, 4.4115e-01
6.2716e+01, 4.7770e-01
6.2933e+01, 5.2015e-01
6.3149e+01, 5.6983e-01
6.3365e+01, 6.2847e-01
6.3582e+01, 6.9836e-01
6.3798e+01, 7.8257e-01
6.4014e+01, 8.8468e-01
6.4231e+01, 1.0101e+00
6.4447e+01, 1.1688e+00
6.4555e+01, 1.2642e+00
6.4664e+01, 1.3729e+00
6.4772e+01, 1.4973e+00
6.4880e+01, 1.6407e+00
6.4988e+01, 1.8072e+00
6.5096e+01, 2.0020e+00
6.5205e+01, 2.2318e+00
6.5313e+01, 2.5052e+00
6.5396e+01, 2.7526e+00
6.5479e+01, 3.0403e+00
6.5562e+01, 3.3782e+00
6.5646e+01, 3.7791e+00
6.5729e+01, 4.2598e+00
6.5812e+01, 4.8431e+00
6.5895e+01, 5.5609e+00
6.5978e+01, 6.4588e+00
6.6045e+01, 7.3513e+00
6.6112e+01, 8.4521e+00
6.6178e+01, 9.8352e+00
6.6212e+01, 1.0666e+01
6.6245e+01, 1.1614e+01
6.6278e+01, 1.2705e+01
6.6311e+01, 1.3974e+01
6.6345e+01, 1.5465e+01
6.6378e+01, 1.7242e+01
6.6411e+01, 1.9395e+01
6.6445e+01, 2.2055e+01
6.6478e+01, 2.5412e+01
6.6494e+01, 2.7436e+01
6.6511e+01, 2.9749e+01
6.6529e+01, 3.2587e+01
6.6546e+01, 3.5894e+01
6.6564e+01, 3.9771e+01
6.6582e+01, 4.4328e+01
6.6600e+01, 4.9706e+01
6.6617e+01, 5.6058e+01
6.6635e+01, 6.3571e+01
6.6653e+01, 7.2439e+01
6.6670e+01, 8.2898e+01
6.6688e+01, 9.5175e+01
6.6706e+01, 1.0954e+02
6.6723e+01, 1.2623e+02
6.6741e+01, 1.4551e+02
6.6759e+01, 1.6759e+02
6.6776e+01, 1.9268e+02
6.6794e+01, 2.2089e+02
6.6812e+01, 2.5232e+02
6.6829e+01, 2.8689e+02
6.6847e+01, 3.2450e+02
6.6865e+01, 3.6484e+02
6.6900e+01, 4.5202e+02
6.6936e+01, 5.4348e+02
6.6981e+01, 6.5684e+02
6.7004e+01, 7.0638e+02
6.7027e+01, 7.4818e+02
6.7064e+01, 7.9408e+02
6.7100e+01, 8.0977e+02
6.7120e+01, 8.0480e+02
6.7139e+01, 7.9057e+02
6.7159e+01, 7.6761e+02
6.7179e+01, 7.3679e+02
6.7204e+01, 6.8751e+02
6.7229e+01, 6.2990e+02
6.7280e+01, 5.0176e+02
6.7322e+01, 3.9518e+02
6.7343e+01, 3.4548e+02
6.7364e+01, 2.9940e+02
6.7385e+01, 2.5744e+02
6.7406e+01, 2.1993e+02
6.7427e+01, 1.8689e+02
6.7448e+01, 1.5825e+02
6.7466e+01, 1.3677e+02
6.7485e+01, 1.1815e+02
6.7503e+01, 1.0214e+02
6.7521e+01, 8.8472e+01
6.7539e+01, 7.6859e+01
6.7558e+01, 6.7036e+01
6.7576e+01, 5.8750e+01
6.7594e+01, 5.1772e+01
6.7612e+01, 4.5896e+01
6.7631e+01, 4.0941e+01
6.7649e+01, 3.6752e+01
6.7667e+01, 3.3198e+01
6.7685e+01, 3.0168e+01
6.7704e+01, 2.7569e+01
6.7722e+01, 2.5326e+01
6.7740e+01, 2.3378e+01
6.7771e+01, 2.0613e+01
6.7802e+01, 1.8366e+01
6.7833e+01, 1.6505e+01
6.7863e+01, 1.4942e+01
6.7894e+01, 1.3608e+01
6.7925e+01, 1.2459e+01
6.7956e+01, 1.1458e+01
6.7987e+01, 1.0581e+01
6.8049e+01, 9.1159e+00
6.8110e+01, 7.9470e+00
6.8172e+01, 6.9970e+00
6.8234e+01, 6.2132e+00
6.8296e+01, 5.5577e+00
6.8357e+01, 5.0035e+00
6.8419e+01, 4.5299e+00
6.8481e+01, 4.1220e+00
6.8543e+01, 3.7678e+00
6.8604e+01, 3.4584e+00
6.8728e+01, 2.9462e+00
6.8851e+01, 2.5424e+00
6.8975e+01, 2.2185e+00
6.9098e+01, 1.9547e+00
6.9222e+01, 1.7373e+00
6.9339e+01, 1.5635e+00
6.9457e+01, 1.4156e+00
6.9575e+01, 1.2882e+00
6.9693e+01, 1.1779e+00
6.9811e+01, 1.0819e+00
6.9929e+01, 9.9779e-01
7.0164e+01, 8.5826e-01
7.0400e+01, 7.4804e-01
7.0636e+01, 6.5946e-01
7.0872e+01, 5.8728e-01
7.1107e+01, 5.2813e-01
7.1399e+01, 4.6811e-01
7.1691e+01, 4.1880e-01
7.1983e+01, 3.7823e-01
7.2275e+01, 3.4451e-01
7.2566e+01, 3.1622e-01
7.2858e+01, 2.9229e-01
7.3150e+01, 2.7189e-01
7.3442e+01, 2.5439e-01
7.4026e+01, 2.2624e-01
7.4609e+01, 2.0550e-01
7.5193e+01, 1.8908e-01
7.5777e+01, 1.7662e-01
7.6495e+01, 1.6544e-01
7.7213e+01, 1.5785e-01
7.7932e+01, 1.5322e-01
7.8650e+01, 1.5122e-01
7.9413e+01, 1.5183e-01
8.0177e+01, 1.5536e-01
8.0940e+01, 1.6218e-01
8.1703e+01, 1.7302e-01
8.2466e+01, 1.8909e-01
8.2848e+01, 1.9942e-01
8.3230e+01, 2.1177e-01
8.3611e+01, 2.2701e-01
8.3993e+01, 2.4550e-01
8.4374e+01, 2.6810e-01
8.4756e+01, 2.9596e-01
8.5093e+01, 3.2621e-01
8.5430e+01, 3.6336e-01
8.5766e+01, 4.0961e-01
8.6103e+01, 4.6766e-01
8.6271e+01, 5.0223e-01
8.6440e+01, 5.4184e-01
8.6608e+01, 5.8750e-01
8.6776e+01, 6.4026e-01
8.6945e+01, 7.0158e-01
8.7113e+01, 7.7340e-01
8.7282e+01, 8.5827e-01
8.7450e+01, 9.5954e-01
8.7607e+01, 1.0728e+00
8.7764e+01, 1.2090e+00
8.7921e+01, 1.3745e+00
8.8079e+01, 1.5789e+00
8.8236e+01, 1.8366e+00
8.8314e+01, 1.9914e+00
8.8393e+01, 2.1679e+00
8.8471e+01, 2.3703e+00
8.8550e+01, 2.6038e+00
8.8629e+01, 2.8753e+00
8.8707e+01, 3.1935e+00
8.8791e+01, 3.5997e+00
8.8875e+01, 4.0921e+00
8.8960e+01, 4.6981e+00
8.9044e+01, 5.4573e+00
8.9086e+01, 5.9120e+00
8.9128e+01, 6.4297e+00
8.9170e+01, 7.0235e+00
8.9212e+01, 7.7103e+00
8.9254e+01, 8.5126e+00
8.9296e+01, 9.4609e+00
8.9338e+01, 1.0599e+01
8.9381e+01, 1.1989e+01
8.9425e+01, 1.3860e+01
8.9448e+01, 1.4997e+01
8.9470e+01, 1.6310e+01
8.9493e+01, 1.7838e+01
8.9515e+01, 1.9632e+01
8.9538e+01, 2.1757e+01
8.9560e+01, 2.4293e+01
8.9577e+01, 2.6524e+01
8.9594e+01, 2.9092e+01
8.9611e+01, 3.2054e+01
8.9627e+01, 3.5474e+01
8.9644e+01, 3.9431e+01
8.9661e+01, 4.4004e+01
8.9678e+01, 4.9290e+01
8.9695e+01, 5.5384e+01
8.9712e+01, 6.2402e+01
8.9729e+01, 7.0456e+01
8.9745e+01, 7.9664e+01
8.9762e+01, 9.0139e+01
8.9779e+01, 1.0201e+02
8.9796e+01, 1.1538e+02
8.9813e+01, 1.3036e+02
8.9830e+01, 1.4702e+02
8.9845e+01, 1.6384e+02
8.9860e+01, 1.8215e+02
8.9876e+01, 2.0196e+02
8.9891e+01, 2.2323e+02
8.9922e+01, 2.6995e+02
8.9953e+01, 3.2138e+02
9.0012e+01, 4.2685e+02
9.0071e+01, 5.2776e+02
9.0102e+01, 5.7212e+02
9.0133e+01, 6.0692e+02
9.0166e+01, 6.3130e+02
9.0200e+01, 6.3952e+02
9.0207e+01, 6.3910e+02
9.0231e+01, 6.3208e+02
9.0255e+01, 6.1667e+02
9.0280e+01, 5.9356e+02
9.0304e+01, 5.6370e+02
9.0330e+01, 5.2523e+02
9.0356e+01, 4.8205e+02
9.0408e+01, 3.8871e+02
9.0461e+01, 2.9693e+02
9.0487e+01, 2.5483e+02
9.0513e+01, 2.1638e+02
9.0539e+01, 1.8203e+02
9.0565e+01, 1.5195e+02
9.0592e+01, 1.2610e+02
9.0618e+01, 1.0425e+02
9.0640e+01, 8.8329e+01
9.0663e+01, 7.4868e+01
9.0686e+01, 6.3582e+01
9.0708e+01, 5.4184e+01
9.0731e+01, 4.6400e+01
9.0753e+01, 3.9978e+01
9.0776e+01, 3.4688e+01
9.0799e+01, 3.0333e+01
9.0821e+01, 2.6738e+01
9.0844e+01, 2.3760e+01
9.0866e+01, 2.1282e+01
9.0889e+01, 1.9204e+01
9.0912e+01, 1.7450e+01
9.0934e+01, 1.5955e+01
9.0957e+01, 1.4671e+01
9.0979e+01, 1.3558e+01
9.1025e+01, 1.1726e+01
9.1070e+01, 1.0282e+01
9.1115e+01, 9.1145e+00
9.1160e+01, 8.1507e+00
9.1205e+01, 7.3421e+00
9.1251e+01, 6.6546e+00
9.1296e+01, 6.0638e+00
9.1341e+01, 5.5516e+00
9.1386e+01, 5.1039e+00
9.1431e+01, 4.7100e+00
9.1522e+01, 4.0513e+00
9.1612e+01, 3.5253e+00
9.1703e+01, 3.0980e+00
9.1783e+01, 2.7800e+00
9.1864e+01, 2.5101e+00
9.1945e+01, 2.2789e+00
9.2026e+01, 2.0793e+00
9.2107e+01, 1.9057e+00
9.2188e+01, 1.7537e+00
9.2350e+01, 1.5007e+00
9.2511e+01, 1.2998e+00
9.2673e+01, 1.1379e+00
9.2835e+01, 1.0055e+00
9.2997e+01, 8.9595e-01
9.3149e+01, 8.0916e-01
9.3301e+01, 7.3505e-01
9.3453e+01, 6.7128e-01
9.3606e+01, 6.1603e-01
9.3758e+01, 5.6793e-01
9.3910e+01, 5.2587e-01
9.4215e+01, 4.5565e-01
9.4519e+01, 3.9944e-01
9.4824e+01, 3.5405e-01
9.5128e+01, 3.1689e-01
9.5433e+01, 2.8609e-01
9.5718e+01, 2.6177e-01
9.6004e+01, 2.4097e-01
9.6289e+01, 2.2306e-01
9.6574e+01, 2.0753e-01
9.7145e+01, 1.8240e-01
9.7716e+01, 1.6251e-01
9.8287e+01, 1.4671e-01
9.8858e+01, 1.3401e-01
9.9429e+01, 1.2366e-01
1.0000e+02, 1.1519e-01
1.0123e+02, 1.0145e-01
1.0245e+02, 9.1921e-02
1.0368e+02, 8.5200e-02
1.0491e+02, 8.0549e-02
1.0614e+02, 7.7595e-02
1.0736e+02, 7.5875e-02
1.0859e+02, 7.5155e-02
1.0982e+02, 7.5195e-02
1.1129e+02, 7.6881e-02
1.1277e+02, 8.0061e-02
1.1424e+02, 8.4579e-02
1.1571e+02, 9.1555e-02
1.1718e+02, 1.0164e-01
1.1792e+02, 1.0812e-01
1.1866e+02, 1.1586e-01
1.1939e+02, 1.2532e-01
1.2013e+02, 1.3685e-01
1.2087e+02, 1.5043e-01
1.2160e+02, 1.6770e-01
1.2219e+02, 1.8447e-01
1.2277e+02, 2.0478e-01
1.2335e+02, 2.2969e-01
1.2394e+02, 2.6064e-01
1.2452e+02, 2.9977e-01
1.2481e+02, 3.2334e-01
1.2510e+02, 3.5019e-01
1.2539e+02, 3.8083e-01
1.2568e+02, 4.1587e-01
1.2598e+02, 4.5701e-01
1.2627e+02, 5.0542e-01
1.2657e+02, 5.6606e-01
1.2688e+02, 6.3929e-01
1.2719e+02, 7.2889e-01
1.2750e+02, 8.4009e-01
1.2780e+02, 9.8057e-01
1.2796e+02, 1.0651e+00
1.2811e+02, 1.1614e+00
1.2826e+02, 1.2717e+00
1.2842e+02, 1.3988e+00
1.2857e+02, 1.5466e+00
1.2872e+02, 1.7205e+00
1.2888e+02, 1.9383e+00
1.2904e+02, 2.2022e+00
1.2921e+02, 2.5259e+00
1.2937e+02, 2.9290e+00
1.2953e+02, 3.4401e+00
1.2961e+02, 3.7489e+00
1.2969e+02, 4.1018e+00
1.2977e+02, 4.5088e+00
1.2985e+02, 4.9808e+00
1.2993e+02, 5.5346e+00
1.3001e+02, 6.1892e+00
1.3010e+02, 7.0151e+00
1.3018e+02, 8.0278e+00
1.3026e+02, 9.2918e+00
1.3031e+02, 1.0047e+01
1.3035e+02, 1.0905e+01
1.3039e+02, 1.1888e+01
1.3043e+02, 1.3025e+01
1.3048e+02, 1.4355e+01
1.3052e+02, 1.5931e+01
1.3056e+02, 1.7827e+01
1.3060e+02, 2.0148e+01
1.3064e+02, 2.3045e+01
1.3067e+02, 2.4773e+01
1.3069e+02, 2.6721e+01
1.3071e+02, 2.8948e+01
1.3073e+02, 3.1492e+01
1.3075e+02, 3.4410e+01
1.3077e+02, 3.7766e+01
1.3079e+02, 4.1634e+01
1.3081e+02, 4.6097e+01
1.3083e+02, 5.1253e+01
1.3086e+02, 5.7207e+01
1.3088e+02, 6.4076e+01
1.3090e+02, 7.1986e+01
1.3092e+02, 8.1073e+01
1.3094e+02, 9.1477e+01
1.3096e+02, 1.0334e+02
1.3098e+02, 1.1681e+02
1.3100e+02, 1.3201e+02
1.3102e+02, 1.4908e+02
1.3105e+02, 1.7370e+02
1.3108e+02, 2.0155e+02
1.3110e+02, 2.3289e+02
1.3113e+02, 2.6743e+02
1.3116e+02, 3.0521e+02
1.3119e+02, 3.4557e+02
1.3124e+02, 4.3226e+02
1.3131e+02, 5.4572e+02
1.3134e+02, 5.9791e+02
1.3138e+02, 6.4375e+02
1.3143e+02, 6.9549e+02
1.3145e+02, 7.1177e+02
1.3148e+02, 7.2089e+02
1.3150e+02, 7.2286e+02
1.3153e+02, 7.1841e+02
1.3156e+02, 7.0561e+02
1.3158e+02, 6.8494e+02
1.3161e+02, 6.5717e+02
1.3164e+02, 6.1553e+02
1.3168e+02, 5.6711e+02
1.3174e+02, 4.5905e+02
1.3180e+02, 3.6346e+02
1.3186e+02, 2.7659e+02
1.3189e+02, 2.3818e+02
1.3192e+02, 2.0379e+02
1.3195e+02, 1.7339e+02
1.3198e+02, 1.4690e+02
1.3200e+02, 1.2712e+02
1.3203e+02, 1.0991e+02
1.3205e+02, 9.5049e+01
1.3208e+02, 8.2360e+01
1.3210e+02, 7.1499e+01
1.3213e+02, 6.2320e+01
1.3215e+02, 5.4527e+01
1.3218e+02, 4.7976e+01
1.3220e+02, 4.2431e+01
1.3223e+02, 3.7772e+01
1.3225e+02, 3.3818e+01
1.3228e+02, 3.0480e+01
1.3230e+02, 2.7626e+01
1.3233e+02, 2.5194e+01
1.3235e+02, 2.3091e+01
1.3238e+02, 2.1277e+01
1.3242e+02, 1.8515e+01
1.3247e+02, 1.6321e+01
1.3252e+02, 1.4533e+01
1.3256e+02, 1.3055e+01
1.3261e+02, 1.1809e+01
1.3265e+02, 1.0747e+01
1.3270e+02, 9.8297e+00
1.3275e+02, 9.0326e+00
1.3284e+02, 7.7141e+00
1.3293e+02, 6.6740e+00
1.3302e+02, 5.8371e+00
1.3311e+02, 5.1533e+00
1.3320e+02, 4.6093e+00
1.3329e+02, 4.1489e+00
1.3338e+02, 3.7554e+00
1.3346e+02, 3.4162e+00
1.3355e+02, 3.1214e+00
1.3364e+02, 2.8637e+00
1.3382e+02, 2.4367e+00
1.3399e+02, 2.0998e+00
1.3417e+02, 1.8293e+00
1.3434e+02, 1.6087e+00
1.3452e+02, 1.4266e+00
1.3468e+02, 1.2813e+00
1.3485e+02, 1.1580e+00
1.3502e+02, 1.0519e+00
1.3519e+02, 9.5981e-01
1.3535e+02, 8.7941e-01
1.3552e+02, 8.0896e-01
1.3585e+02, 6.9193e-01
1.3619e+02, 5.9934e-01
1.3652e+02, 5.2484e-01
1.3686e+02, 4.6399e-01
1.3719e+02, 4.1367e-01
1.3751e+02, 3.7349e-01
1.3782e+02, 3.3939e-01
1.3814e+02, 3.1037e-01
1.3846e+02, 2.8501e-01
1.3878e+02, 2.6279e-01
1.3909e+02, 2.4329e-01
1.3973e+02, 2.1095e-01
1.4036e+02, 1.8538e-01
1.4100e+02, 1.6481e-01
1.4163e+02, 1.4802e-01
1.4227e+02, 1.3415e-01
1.4307e+02, 1.1985e-01
1.4387e+02, 1.0855e-01
1.4467e+02, 9.8926e-02
1.4548e+02, 9.0982e-02
1.4628e+02, 8.4413e-02
1.4708e+02, 7.8845e-02
1.4868e+02, 6.9972e-02
1.5029e+02, 6.3465e-02
1.5189e+02, 5.8717e-02
1.5349e+02, 5.4841e-02
1.5510e+02, 5.1868e-02
1.5777e+02, 4.8480e-02
1.6044e+02, 4.6348e-02
1.6579e+02, 4.4614e-02
1.6980e+02, 4.4986e-02
1.7381e+02, 4.6539e-02
1.7782e+02, 4.9263e-02
1.8183e+02, 5.3322e-02
1.8383e+02, 5.5814e-02
1.8583e+02, 5.8890e-02
1.8784e+02, 6.2530e-02
1.8984e+02, 6.6852e-02
1.9185e+02, 7.2013e-02
1.9385e+02, 7.8236e-02
1.9586e+02, 8.5833e-02
1.9786e+02, 9.5264e-02
2.0000e+02, 1.0807e-01
2.0132e+02, 1.1792e-01
2.0264e+02, 1.2983e-01
2.0396e+02, 1.4440e-01
2.0528e+02, 1.6259e-01
2.0660e+02, 1.8579e-01
2.0726e+02, 1.9963e-01
2.0792e+02, 2.1550e-01
2.0858e+02, 2.3428e-01
2.0924e+02, 2.5635e-01
2.0991e+02, 2.8257e-01
2.1057e+02, 3.1411e-01
2.1115e+02, 3.4767e-01
2.1173e+02, 3.8821e-01
2.1231e+02, 4.3791e-01
2.1290e+02, 4.9949e-01
2.1348e+02, 5.7716e-01
2.1377e+02, 6.2460e-01
2.1406e+02, 6.7910e-01
2.1435e+02, 7.4214e-01
2.1464e+02, 8.1561e-01
2.1494e+02, 9.0199e-01
2.1523e+02, 1.0044e+00
2.1546e+02, 1.1006e+00
2.1569e+02, 1.2127e+00
2.1593e+02, 1.3449e+00
2.1604e+02, 1.4200e+00
2.1616e+02, 1.5022e+00
2.1629e+02, 1.6003e+00
2.1641e+02, 1.7089e+00
2.1654e+02, 1.8299e+00
2.1666e+02, 1.9652e+00
2.1679e+02, 2.1173e+00
2.1692e+02, 2.2889e+00
2.1704e+02, 2.4838e+00
2.1711e+02, 2.5913e+00
2.1717e+02, 2.7062e+00
2.1728e+02, 2.9203e+00
2.1738e+02, 3.1622e+00
2.1749e+02, 3.4371e+00
2.1760e+02, 3.7517e+00
2.1770e+02, 4.1139e+00
2.1781e+02, 4.5344e+00
2.1786e+02, 4.7705e+00
2.1792e+02, 5.0266e+00
2.1797e+02, 5.3049e+00
2.1802e+02, 5.6083e+00
2.1807e+02, 5.9243e+00
2.1813e+02, 6.2693e+00
2.1818e+02, 6.6472e+00
2.1823e+02, 7.0622e+00
2.1828e+02, 7.5199e+00
2.1833e+02, 8.0264e+00
2.1838e+02, 8.5895e+00
2.1843e+02, 9.2172e+00
2.1848e+02, 9.9235e+00
2.1853e+02, 1.0722e+01
2.1858e+02, 1.1630e+01
2.1864e+02, 1.2674e+01
2.1869e+02, 1.3883e+01
2.1874e+02, 1.5300e+01
2.1879e+02, 1.6983e+01
2.1884e+02, 1.9005e+01
2.1887e+02, 2.0237e+01
2.1889e+02, 2.1611e+01
2.1892e+02, 2.3150e+01
2.1895e+02, 2.4882e+01
2.1897e+02, 2.6836e+01
2.1900e+02, 2.9050e+01
2.1903e+02, 3.1566e+01
2.1905e+02, 3.4433e+01
2.1908e+02, 3.7706e+01
2.1911e+02, 4.1446e+01
2.1913e+02, 4.5726e+01
2.1916e+02, 5.0621e+01
2.1919e+02, 5.6217e+01
2.1921e+02, 6.2606e+01
2.1924e+02, 6.9884e+01
2.1927e+02, 7.8151e+01
2.1931e+02, 9.3130e+01
2.1935e+02, 1.1109e+02
2.1939e+02, 1.3238e+02
2.1943e+02, 1.5725e+02
2.1947e+02, 1.8583e+02
2.1951e+02, 2.1811e+02
2.1956e+02, 2.5384e+02
2.1960e+02, 2.9244e+02
2.1970e+02, 4.0021e+02
2.1976e+02, 4.5330e+02
2.1981e+02, 5.0160e+02
2.1986e+02, 5.3773e+02
2.1991e+02, 5.6526e+02
2.1995e+02, 5.8247e+02
2.2000e+02, 5.8826e+02
2.2005e+02, 5.8225e+02
2.2009e+02, 5.6493e+02
2.2014e+02, 5.3741e+02
2.2019e+02, 5.0140e+02
2.2024e+02, 4.5360e+02
2.2029e+02, 4.0118e+02
2.2040e+02, 2.9465e+02
2.2045e+02, 2.4760e+02
2.2050e+02, 2.0520e+02
2.2055e+02, 1.6808e+02
2.2060e+02, 1.3650e+02
2.2063e+02, 1.2268e+02
2.2065e+02, 1.1022e+02
2.2068e+02, 9.8987e+01
2.2070e+02, 8.8907e+01
2.2073e+02, 7.9900e+01
2.2075e+02, 7.1881e+01
2.2078e+02, 6.4765e+01
2.2080e+02, 5.8466e+01
2.2085e+02, 4.9315e+01
2.2089e+02, 4.1962e+01
2.2093e+02, 3.6045e+01
2.2098e+02, 3.1272e+01
2.2102e+02, 2.7397e+01
2.2106e+02, 2.4243e+01
2.2111e+02, 2.1645e+01
2.2115e+02, 1.9484e+01
2.2119e+02, 1.7662e+01
2.2124e+02, 1.6118e+01
2.2128e+02, 1.4790e+01
2.2132e+02, 1.3639e+01
2.2141e+02, 1.1742e+01
2.2150e+02, 1.0246e+01
2.2158e+02, 9.0365e+00
2.2167e+02, 8.0439e+00
2.2175e+02, 7.2149e+00
2.2184e+02, 6.5157e+00
2.2193e+02, 5.9183e+00
2.2201e+02, 5.4044e+00
2.2210e+02, 4.9576e+00
2.2219e+02, 4.5674e+00
2.2236e+02, 3.9198e+00
2.2253e+02, 3.4080e+00
2.2271e+02, 2.9967e+00
2.2288e+02, 2.6614e+00
2.2305e+02, 2.3843e+00
2.2322e+02, 2.1531e+00
2.2340e+02, 1.9583e+00
2.2357e+02, 1.7928e+00
2.2374e+02, 1.6507e+00
2.2392e+02, 1.5276e+00
2.2426e+02, 1.3269e+00
2.2461e+02, 1.1724e+00
2.2495e+02, 1.0520e+00
2.2530e+02, 9.5695e-01
2.2564e+02, 8.8149e-01
2.2603e+02, 8.1569e-01
2.2641e+02, 7.6527e-01
2.2680e+02, 7.2601e-01
2.2718e+02, 6.9600e-01
2.2757e+02, 6.7412e-01
2.2795e+02, 6.5936e-01
2.2872e+02, 6.4813e-01
2.2949e+02, 6.5872e-01
2.3025e+02, 6.9046e-01
2.3102e+02, 7.4530e-01
2.3141e+02, 7.8278e-01
2.3179e+02, 8.2809e-01
2.3229e+02, 9.0088e-01
2.3279e+02, 9.9233e-01
2.3329e+02, 1.1068e+00
2.3379e+02, 1.2544e+00
2.3429e+02, 1.4456e+00
2.3454e+02, 1.5625e+00
2.3479e+02, 1.6972e+00
2.3504e+02, 1.8536e+00
2.3529e+02, 2.0363e+00
2.3554e+02, 2.2512e+00
2.3579e+02, 2.5060e+00
2.3602e+02, 2.7853e+00
2.3625e+02, 3.1185e+00
2.3648e+02, 3.5218e+00
2.3671e+02, 4.0164e+00
2.3682e+02, 4.3067e+00
2.3694e+02, 4.6313e+00
2.3705e+02, 4.9966e+00
2.3717e+02, 5.4089e+00
2.3728e+02, 5.8775e+00
2.3740e+02, 6.4121e+00
2.3752e+02, 7.0271e+00
2.3763e+02, 7.7381e+00
2.3776e+02, 8.6436e+00
2.3788e+02, 9.7254e+00
2.3801e+02, 1.1034e+01
2.3813e+02, 1.2640e+01
2.3819e+02, 1.3587e+01
2.3826e+02, 1.4648e+01
2.3832e+02, 1.5846e+01
2.3838e+02, 1.7206e+01
2.3844e+02, 1.8762e+01
2.3850e+02, 2.0551e+01
2.3857e+02, 2.2627e+01
2.3863e+02, 2.5057e+01
2.3871e+02, 2.8928e+01
2.3875e+02, 3.1229e+01
2.3879e+02, 3.3833e+01
2.3883e+02, 3.6802e+01
2.3887e+02, 4.0184e+01
2.3892e+02, 4.4064e+01
2.3896e+02, 4.8530e+01
2.3900e+02, 5.3701e+01
2.3904e+02, 5.9669e+01
2.3908e+02, 6.6580e+01
2.3912e+02, 7.4582e+01
2.3916e+02, 8.3831e+01
2.3920e+02, 9.4491e+01
2.3924e+02, 1.0672e+02
2.3928e+02, 1.2068e+02
2.3934e+02, 1.4153e+02
2.3939e+02, 1.6562e+02
2.3944e+02, 1.9298e+02
2.3949e+02, 2.2340e+02
2.3960e+02, 2.9122e+02
2.3971e+02, 3.6161e+02
2.3978e+02, 4.0625e+02
2.3985e+02, 4.4222e+02
2.3993e+02, 4.6558e+02
2.4000e+02, 4.7359e+02
2.4005e+02, 4.7010e+02
2.4009e+02, 4.6003e+02
2.4014e+02, 4.4385e+02
2.4019e+02, 4.2240e+02
2.4028e+02, 3.6768e+02
2.4038e+02, 3.0496e+02
2.4049e+02, 2.3295e+02
2.4054e+02, 2.0031e+02
2.4060e+02, 1.7097e+02
2.4066e+02, 1.4513e+02
2.4071e+02, 1.2292e+02
2.4077e+02, 1.0407e+02
2.4082e+02, 8.8347e+01
2.4087e+02, 7.6936e+01
2.4092e+02, 6.7315e+01
2.4096e+02, 5.9204e+01
2.4101e+02, 5.2371e+01
2.4106e+02, 4.6604e+01
2.4111e+02, 4.1724e+01
2.4115e+02, 3.7574e+01
2.4120e+02, 3.4027e+01
2.4125e+02, 3.0976e+01
2.4130e+02, 2.8335e+01
2.4135e+02, 2.6034e+01
2.4139e+02, 2.4017e+01
2.4149e+02, 2.0659e+01
2.4158e+02, 1.7989e+01
2.4167e+02, 1.6034e+01
2.4175e+02, 1.4395e+01
2.4184e+02, 1.3004e+01
2.4193e+02, 1.1814e+01
2.4201e+02, 1.0786e+01
2.4210e+02, 9.8918e+00
2.4218e+02, 9.1081e+00
2.4227e+02, 8.4178e+00
2.4244e+02, 7.2590e+00
2.4261e+02, 6.3314e+00
2.4278e+02, 5.5765e+00
2.4295e+02, 4.9547e+00
2.4312e+02, 4.4358e+00
2.4329e+02, 3.9988e+00
2.4346e+02, 3.6276e+00
2.4363e+02, 3.3099e+00
2.4380e+02, 3.0357e+00
2.4397e+02, 2.7973e+00
2.4432e+02, 2.4036e+00
2.4466e+02, 2.0953e+00
2.4500e+02, 1.8505e+00
2.4534e+02, 1.6535e+00
2.4568e+02, 1.4932e+00
2.4598e+02, 1.3757e+00
2.4628e+02, 1.2764e+00
2.4659e+02, 1.1922e+00
2.4689e+02, 1.1206e+00
2.4749e+02, 1.0088e+00
2.4809e+02, 9.2742e-01
2.4870e+02, 8.7003e-01
2.4930e+02, 8.3266e-01
2.4990e+02, 8.1249e-01
2.5050e+02, 8.0802e-01
2.5107e+02, 8.1766e-01
2.5163e+02, 8.4112e-01
2.5219e+02, 8.7976e-01
2.5275e+02, 9.3592e-01
2.5332e+02, 1.0131e+00
2.5388e+02, 1.1153e+00
2.5444e+02, 1.2531e+00
2.5472e+02, 1.3392e+00
2.5500e+02, 1.4392e+00
2.5532e+02, 1.5742e+00
2.5565e+02, 1.7364e+00
2.5597e+02, 1.9327e+00
2.5629e+02, 2.1725e+00
2.5661e+02, 2.4685e+00
2.5677e+02, 2.6434e+00
2.5693e+02, 2.8405e+00
2.5709e+02, 3.0637e+00
2.5725e+02, 3.3175e+00
2.5741e+02, 3.6077e+00
2.5757e+02, 3.9414e+00
2.5775e+02, 4.3539e+00
2.5792e+02, 4.8399e+00
2.5809e+02, 5.4176e+00
2.5826e+02, 6.1111e+00
2.5834e+02, 6.5119e+00
2.5843e+02, 6.9554e+00
2.5851e+02, 7.4481e+00
2.5860e+02, 7.9973e+00
2.5868e+02, 8.6135e+00
2.5877e+02, 9.3078e+00
2.5886e+02, 1.0094e+01
2.5894e+02, 1.0989e+01
2.5905e+02, 1.2347e+01
2.5916e+02, 1.3988e+01
2.5927e+02, 1.6000e+01
2.5933e+02, 1.7183e+01
2.5938e+02, 1.8510e+01
2.5944e+02, 2.0011e+01
2.5949e+02, 2.1712e+01
2.5955e+02, 2.3661e+01
2.5960e+02, 2.5901e+01
2.5966e+02, 2.8508e+01
2.5971e+02, 3.1556e+01
2.5977e+02, 3.5157e+01
2.5982e+02, 3.9447e+01
2.5986e+02, 4.2383e+01
2.5989e+02, 4.5653e+01
2.5992e+02, 4.9325e+01
2.5996e+02, 5.3432e+01
2.5999e+02, 5.8058e+01
2.6002e+02, 6.3243e+01
2.6005e+02, 6.9091e+01
2.6009e+02, 7.5642e+01
2.6012e+02, 8.3021e+01
2.6015e+02, 9.1266e+01
2.6018e+02, 1.0051e+02
2.6022e+02, 1.1079e+02
2.6025e+02, 1.2224e+02
2.6028e+02, 1.3486e+02
2.6035e+02, 1.6391e+02
2.6039e+02, 1.8712e+02
2.6044e+02, 2.1279e+02
2.6053e+02, 2.7065e+02
2.6071e+02, 3.9761e+02
2.6078e+02, 4.4352e+02
2.6085e+02, 4.8012e+02
2.6093e+02, 5.0374e+02
2.6100e+02, 5.1181e+02
2.6107e+02, 5.0294e+02
2.6115e+02, 4.7773e+02
2.6122e+02, 4.3907e+02
2.6130e+02, 3.9110e+02
2.6148e+02, 2.6654e+02
2.6157e+02, 2.1025e+02
2.6161e+02, 1.8531e+02
2.6165e+02, 1.6274e+02
2.6169e+02, 1.4495e+02
2.6173e+02, 1.2898e+02
2.6177e+02, 1.1476e+02
2.6181e+02, 1.0218e+02
2.6185e+02, 9.1109e+01
2.6189e+02, 8.1413e+01
2.6193e+02, 7.2948e+01
2.6196e+02, 6.5591e+01
2.6200e+02, 5.9171e+01
2.6204e+02, 5.3583e+01
2.6208e+02, 4.8715e+01
2.6212e+02, 4.4466e+01
2.6216e+02, 4.0748e+01
2.6220e+02, 3.7484e+01
2.6227e+02, 3.2069e+01
2.6234e+02, 2.8344e+01
2.6241e+02, 2.5264e+01
2.6247e+02, 2.2686e+01
2.6254e+02, 2.0504e+01
2.6261e+02, 1.8638e+01
2.6267e+02, 1.7027e+01
2.6274e+02, 1.5625e+01
2.6281e+02, 1.4397e+01
2.6294e+02, 1.2353e+01
2.6307e+02, 1.0729e+01
2.6321e+02, 9.4147e+00
2.6334e+02, 8.3351e+00
2.6347e+02, 7.4348e+00
2.6360e+02, 6.6759e+00
2.6374e+02, 6.0297e+00
2.6387e+02, 5.4749e+00
2.6400e+02, 4.9950e+00
2.6414e+02, 4.5771e+00
2.6427e+02, 4.2109e+00
2.6440e+02, 3.8882e+00
2.6467e+02, 3.3481e+00
2.6493e+02, 2.9173e+00
2.6520e+02, 2.5682e+00
2.6547e+02, 2.2802e+00
2.6573e+02, 2.0391e+00
2.6600e+02, 1.8355e+00
2.6626e+02, 1.6623e+00
2.6653e+02, 1.5138e+00
2.6680e+02, 1.3855e+00
2.6706e+02, 1.2739e+00
2.6759e+02, 1.0902e+00
2.6813e+02, 9.4650e-01
2.6866e+02, 8.3207e-01
2.6919e+02, 7.4033e-01
2.6972e+02, 6.6435e-01
2.7034e+02, 5.9130e-01
2.7096e+02, 5.3175e-01
2.7158e+02, 4.8261e-01
2.7221e+02, 4.4168e-01
2.7283e+02, 4.0731e-01
2.7345e+02, 3.7826e-01
2.7407e+02, 3.5358e-01
2.7469e+02, 3.3252e-01
2.7593e+02, 2.9990e-01
2.7717e+02, 2.7512e-01
2.7841e+02, 2.5727e-01
2.7965e+02, 2.4496e-01
2.8107e+02, 2.3645e-01
2.8249e+02, 2.3311e-01
2.8382e+02, 2.3436e-01
2.8515e+02, 2.3985e-01
2.8648e+02, 2.4988e-01
2.8781e+02, 2.6507e-01
2.8914e+02, 2.8644e-01
2.9047e+02, 3.1556e-01
2.9113e+02, 3.3293e-01
2.9180e+02, 3.5372e-01
2.9246e+02, 3.7805e-01
2.9313e+02, 4.0641e-01
2.9397e+02, 4.4939e-01
2.9481e+02, 5.0229e-01
2.9566e+02, 5.6808e-01
2.9650e+02, 6.5101e-01
2.9734e+02, 7.5731e-01
2.9776e+02, 8.2201e-01
2.9818e+02, 8.9626e-01
2.9860e+02, 9.8157e-01
2.9903e+02, 1.0801e+00
2.9945e+02, 1.1967e+00
2.9987e+02, 1.3353e+00
3.0027e+02, 1.4916e+00
3.0067e+02, 1.6787e+00
3.0106e+02, 1.9053e+00
3.0146e+02, 2.1831e+00
3.0166e+02, 2.3462e+00
3.0186e+02, 2.5287e+00
3.0206e+02, 2.7335e+00
3.0226e+02, 2.9644e+00
3.0246e+02, 3.2267e+00
3.0266e+02, 3.5267e+00
3.0286e+02, 3.8724e+00
3.0306e+02, 4.2731e+00
3.0328e+02, 4.7982e+00
3.0350e+02, 5.4285e+00
3.0372e+02, 6.1944e+00
3.0395e+02, 7.1372e+00
3.0406e+02, 7.6932e+00
3.0417e+02, 8.3170e+00
3.0428e+02, 9.0207e+00
3.0439e+02, 9.8187e+00
3.0450e+02, 1.0730e+01
3.0461e+02, 1.1775e+01
3.0472e+02, 1.2985e+01
3.0483e+02, 1.4395e+01
3.0495e+02, 1.6238e+01
3.0508e+02, 1.8465e+01
3.0520e+02, 2.1196e+01
3.0532e+02, 2.4594e+01
3.0538e+02, 2.6614e+01
3.0544e+02, 2.8891e+01
3.0550e+02, 3.1478e+01
3.0556e+02, 3.4421e+01
3.0563e+02, 3.7792e+01
3.0569e+02, 4.1657e+01
3.0575e+02, 4.6118e+01
3.0581e+02, 5.1261e+01
3.0589e+02, 5.8995e+01
3.0596e+02, 6.8295e+01
3.0604e+02, 7.9433e+01
3.0612e+02, 9.2643e+01
3.0620e+02, 1.0815e+02
3.0627e+02, 1.2599e+02
3.0635e+02, 1.4609e+02
3.0643e+02, 1.6804e+02
3.0657e+02, 2.1103e+02
3.0671e+02, 2.5134e+02
3.0679e+02, 2.6783e+02
3.0686e+02, 2.8046e+02
3.0693e+02, 2.8839e+02
3.0700e+02, 2.9104e+02
3.0707e+02, 2.8824e+02
3.0714e+02, 2.8020e+02
3.0721e+02, 2.6746e+02
3.0729e+02, 2.5091e+02
3.0743e+02, 2.1058e+02
3.0757e+02, 1.6770e+02
3.0766e+02, 1.4287e+02
3.0775e+02, 1.2055e+02
3.0784e+02, 1.0119e+02
3.0792e+02, 8.4851e+01
3.0801e+02, 7.1335e+01
3.0810e+02, 6.0295e+01
3.0819e+02, 5.1338e+01
3.0828e+02, 4.4078e+01
3.0834e+02, 3.9537e+01
3.0841e+02, 3.5643e+01
3.0848e+02, 3.2280e+01
3.0854e+02, 2.9370e+01
3.0861e+02, 2.6831e+01
3.0867e+02, 2.4613e+01
3.0881e+02, 2.0934e+01
3.0894e+02, 1.8030e+01
3.0907e+02, 1.5701e+01
3.0920e+02, 1.3800e+01
3.0934e+02, 1.2229e+01
3.0946e+02, 1.1015e+01
3.0958e+02, 9.9752e+00
3.0970e+02, 9.0768e+00
3.0982e+02, 8.2952e+00
3.0994e+02, 7.6104e+00
3.1007e+02, 7.0081e+00
3.1031e+02, 6.0012e+00
3.1055e+02, 5.1982e+00
3.1079e+02, 4.5480e+00
3.1104e+02, 4.0145e+00
3.1128e+02, 3.5715e+00
3.1152e+02, 3.1988e+00
3.1177e+02, 2.8816e+00
3.1201e+02, 2.6090e+00
3.1225e+02, 2.3736e+00
3.1249e+02, 2.1689e+00
3.1274e+02, 1.9900e+00
3.1322e+02, 1.6937e+00
3.1371e+02, 1.4598e+00
3.1419e+02, 1.2721e+00
3.1468e+02, 1.1193e+00
3.1516e+02, 9.9396e-01
3.1565e+02, 8.8934e-01
3.1614e+02, 8.0008e-01
3.1662e+02, 7.2397e-01
3.1711e+02, 6.5870e-01
3.1759e+02, 6.0228e-01
3.1808e+02, 5.5317e-01
3.1856e+02, 5.1021e-01
3.1905e+02, 4.7241e-01
3.2002e+02, 4.0926e-01
3.2099e+02, 3.5904e-01
3.2196e+02, 3.1849e-01
3.2294e+02, 2.8561e-01
3.2382e+02, 2.6106e-01
3.2470e+02, 2.3962e-01
3.2558e+02, 2.2150e-01
3.2647e+02, 2.0622e-01
3.2735e+02, 1.9291e-01
3.2823e+02, 1.8172e-01
3.2868e+02, 1.7706e-01
3.2879e+02, 1.7682e-01
3.2890e+02, 1.7843e-01
3.2901e+02, 1.8469e-01
3.2906e+02, 1.9122e-01
3.2912e+02, 2.0142e-01
3.2917e+02, 2.1688e-01
3.2923e+02, 2.3951e-01
3.2928e+02, 2.7172e-01
3.2934e+02, 3.1635e-01
3.2939e+02, 3.7656e-01
3.2945e+02, 4.5574e-01
3.2948e+02, 5.0350e-01
3.2950e+02, 5.5725e-01
3.2953e+02, 6.1735e-01
3.2956e+02, 6.8389e-01
3.2961e+02, 8.3857e-01
3.2967e+02, 1.0225e+00
3.2972e+02, 1.2359e+00
3.2978e+02, 1.4773e+00
3.2983e+02, 1.7438e+00
3.2989e+02, 2.0308e+00
3.3000e+02, 2.6407e+00
3.3000e+02, 5.1147e+00
3.6500e+02, 4.7670e+00
4.0000e+02, 4.4717e+00
4.5000e+02, 4.1160e+00
5.0000e+02, 3.8218e+00
5.5000e+02, 3.5727e+00
6.0000e+02, 3.3595e+00
6.6000e+02, 3.1401e+00
7.2000e+02, 2.9523e+00
8.0000e+02, 2.7399e+00
9.0000e+02, 2.5207e+00
1.0000e+03, 2.3396e+00
1.1250e+03, 2.1535e+00
1.2500e+03, 1.9997e+00
1.5000e+03, 1.7612e+00
1.7000e+03, 1.6156e+00
2.0000e+03, 1.4464e+00
2.2500e+03, 1.3373e+00
2.5000e+03, 1.2468e+00
3.0000e+03, 1.1082e+00
3.5000e+03, 1.0060e+00
4.0000e+03, 9.2725e-01
4.5000e+03, 8.6520e-01
5.0000e+03, 8.1322e-01
6.0000e+03, 7.3422e-01
7.0000e+03, 6.7537e-01
8.0000e+03, 6.2947e-01
1.0000e+04, 5.6149e-01
1.2500e+04, 5.0211e-01
1.5000e+04, 4.5845e-01
1.7000e+04, 4.3070e-01
2.0000e+04, 3.9663e-01
2.5000e+04, 3.5290e-01
3.0000e+04, 3.1998e-01
3.5000e+04, 2.9397e-01
4.0000e+04, 2.7263e-01
4.5000e+04, 2.5483e-01
5.0000e+04, 2.3990e-01
6.0000e+04, 2.1595e-01
7.0000e+04, 1.9763e-01
7.3131e+04, 1.9196e-01
7.3990e+04, 1.9047e-01
7.4848e+04, 1.8901e-01
7.6566e+04, 1.8618e-01
8.0000e+04, 1.8081e-01
8.5000e+04, 1.7364e-01
9.0000e+04, 1.6714e-01
9.5000e+04, 1.6122e-01
1.0000e+05, 1.5579e-01
1.0000e+05, 1.5582e-01
1.0853e+05, 1.4812e-01
1.1705e+05, 1.4135e-01
1.1911e+05, 1.3992e-01
1.2117e+05, 1.3853e-01
1.2529e+05, 1.3585e-01
1.2941e+05, 1.3332e-01
1.3352e+05, 1.3090e-01
1.4176e+05, 1.2641e-01
1.5000e+05, 1.2232e-01
1.6238e+05, 1.1729e-01
1.6238e+05, 1.1729e-01
1.6433e+05, 1.1647e-01
1.6628e+05, 1.1567e-01
1.7019e+05, 1.1411e-01
1.7799e+05, 1.1116e-01
1.8580e+05, 1.0841e-01
1.9361e+05, 1.0583e-01
1.9680e+05, 1.0489e-01
2.0000e+05, 1.0397e-01
2.0802e+05, 1.0192e-01
2.1604e+05, 9.9994e-02
2.3208e+05, 9.6442e-02
2.3209e+05, 9.6442e-02
2.3656e+05, 9.4738e-02
2.4104e+05, 9.3097e-02
2.5000e+05, 8.9983e-02
2.7257e+05, 8.5356e-02
2.9514e+05, 8.1308e-02
2.9514e+05, 8.1308e-02
3.0000e+05, 8.0601e-02
3.0727e+05, 7.9750e-02
3.1454e+05, 7.8927e-02
3.2908e+05, 7.7362e-02
3.4362e+05, 7.5893e-02
3.5816e+05, 7.4511e-02
3.8724e+05, 7.1976e-02
4.1632e+05, 6.9702e-02
4.2463e+05, 6.9204e-02
4.3294e+05, 6.8719e-02
4.4956e+05, 6.7786e-02
4.6619e+05, 6.6900e-02
4.8281e+05, 6.6055e-02
4.9140e+05, 6.5430e-02
5.0000e+05, 6.4822e-02
5.1423e+05, 6.4052e-02
5.2249e+05, 6.3590e-02
5.3028e+05, 6.3197e-02
5.3806e+05, 6.2812e-02
5.5362e+05, 6.2066e-02
5.6918e+05, 6.1349e-02
5.8475e+05, 6.0659e-02
6.0031e+05, 5.9995e-02
6.1587e+05, 5.9355e-02
6.3144e+05, 5.8737e-02
6.4700e+05, 5.8140e-02
6.5362e+05, 5.7993e-02
6.6025e+05, 5.7846e-02
6.7350e+05, 5.7560e-02
7.0000e+05, 5.7007e-02
7.2155e+05, 5.6692e-02
7.4310e+05, 5.6389e-02
7.4410e+05, 5.6377e-02
7.5808e+05, 5.6174e-02
7.7205e+05, 5.5976e-02
8.0000e+05, 5.5593e-02
8.1471e+05, 5.5460e-02
8.2942e+05, 5.5329e-02
8.4212e+05, 5.5230e-02
8.4895e+05, 5.3208e-02
8.6172e+05, 5.1975e-02
8.7448e+05, 5.0788e-02
9.0000e+05, 4.8542e-02
9.2500e+05, 4.6818e-02
9.5000e+05, 4.5198e-02
9.7500e+05, 4.3675e-02
1.0000e+06, 4.2240e-02
1.0156e+06, 4.1367e-02
1.0312e+06, 4.0525e-02
1.0469e+06, 3.9713e-02
1.0625e+06, 3.8929e-02
1.0781e+06, 3.8171e-02
1.0938e+06, 3.7438e-02
1.1094e+06, 3.6730e-02
1.1250e+06, 3.6045e-02
1.1406e+06, 3.5382e-02
1.1562e+06, 3.4739e-02
1.1719e+06, 3.4117e-02
1.1875e+06, 3.3514e-02
1.2031e+06, 3.2929e-02
1.2188e+06, 3.2362e-02
1.2344e+06, 3.1812e-02
1.2500e+06, 3.1277e-02
1.2656e+06, 3.0736e-02
1.2812e+06, 3.0210e-02
1.2969e+06, 2.9700e-02
1.3125e+06, 2.9204e-02
1.3281e+06, 2.8722e-02
1.3438e+06, 2.8253e-02
1.3594e+06, 2.7798e-02
1.3750e+06, 2.7354e-02
1.3906e+06, 2.6923e-02
1.4062e+06, 2.6503e-02
1.4219e+06, 2.6095e-02
1.4375e+06, 2.5697e-02
1.4531e+06, 2.5309e-02
1.4688e+06, 2.4931e-02
1.4844e+06, 2.4563e-02
1.5000e+06, 2.4204e-02
1.5156e+06, 2.3856e-02
1.5312e+06, 2.3516e-02
1.5469e+06, 2.3185e-02
1.5625e+06, 2.2861e-02
1.5781e+06, 2.2545e-02
1.5938e+06, 2.2237e-02
1.6094e+06, 2.1936e-02
1.6250e+06, 2.1641e-02
1.6406e+06, 2.1354e-02
1.6562e+06, 2.1072e-02
1.6719e+06, 2.0798e-02
1.6875e+06, 2.0529e-02
1.7031e+06, 2.0266e-02
1.7188e+06, 2.0009e-02
1.7344e+06, 1.9757e-02
1.7500e+06, 1.9511e-02
1.7656e+06, 1.9249e-02
1.7812e+06, 1.8992e-02
1.7969e+06, 1.8741e-02
1.8125e+06, 1.8496e-02
1.8281e+06, 1.8256e-02
1.8438e+06, 1.8021e-02
1.8594e+06, 1.7791e-02
1.8750e+06, 1.7565e-02
1.8906e+06, 1.7345e-02
1.9062e+06, 1.7129e-02
1.9219e+06, 1.6917e-02
1.9375e+06, 1.6710e-02
1.9531e+06, 1.6507e-02
1.9688e+06, 1.6308e-02
1.9844e+06, 1.6113e-02
2.0000e+06, 1.5922e-02
2.0259e+06, 1.5498e-02
2.0518e+06, 1.5092e-02
2.0814e+06, 1.4645e-02
2.1111e+06, 1.4218e-02
2.1407e+06, 1.3809e-02
2.1703e+06, 1.3418e-02
2.2000e+06, 1.3042e-02
2.2296e+06, 1.2682e-02
2.2592e+06, 1.2336e-02
2.2888e+06, 1.2004e-02
2.3185e+06, 1.1685e-02
2.3481e+06, 1.1379e-02
2.3777e+06, 1.1084e-02
2.4074e+06, 1.0800e-02
2.4370e+06, 1.0527e-02
2.4666e+06, 1.0264e-02
2.4963e+06, 1.0011e-02
2.5259e+06, 9.7662e-03
2.5555e+06, 9.5307e-03
2.5852e+06, 9.3034e-03
2.6148e+06, 9.0840e-03
2.6444e+06, 8.8722e-03
2.6741e+06, 8.6677e-03
2.7037e+06, 8.4700e-03
2.7333e+06, 8.2789e-03
2.7630e+06, 8.0941e-03
2.7926e+06, 7.9153e-03
2.8222e+06, 7.7423e-03
2.8518e+06, 7.5749e-03
2.8815e+06, 7.4127e-03
2.9111e+06, 7.2556e-03
2.9407e+06, 7.1034e-03
2.9704e+06, 6.9559e-03
3.0000e+06, 6.8128e-03
3.0251e+06, 6.6611e-03
3.0501e+06, 6.5139e-03
3.0752e+06, 6.3712e-03
3.1003e+06, 6.2327e-03
3.1253e+06, 6.0983e-03
3.1504e+06, 5.9678e-03
3.1755e+06, 5.8411e-03
3.2005e+06, 5.7181e-03
3.2256e+06, 5.5986e-03
3.2507e+06, 5.4825e-03
3.2757e+06, 5.3697e-03
3.3008e+06, 5.2600e-03
3.3259e+06, 5.1534e-03
3.3509e+06, 5.0497e-03
3.3760e+06, 4.9488e-03
3.4011e+06, 4.8507e-03
3.4261e+06, 4.7552e-03
3.4512e+06, 4.6623e-03
3.4763e+06, 4.5718e-03
3.5013e+06, 4.4838e-03
3.5264e+06, 4.3980e-03
3.5515e+06, 4.3145e-03
3.5765e+06, 4.2331e-03
3.6016e+06, 4.1538e-03
3.6267e+06, 4.0766e-03
3.6517e+06, 4.0013e-03
3.6768e+06, 3.9278e-03
3.7019e+06, 3.8563e-03
3.7269e+06, 3.7864e-03
3.7520e+06, 3.7184e-03
3.7771e+06, 3.6519e-03
3.8021e+06, 3.5871e-03
3.8516e+06, 3.4638e-03
3.9011e+06, 3.3462e-03
3.9505e+06, 3.2339e-03
4.0000e+06, 3.1268e-03
4.0295e+06, 3.0538e-03
4.0590e+06, 2.9830e-03
4.0885e+06, 2.9143e-03
4.1180e+06, 2.8477e-03
4.1475e+06, 2.7830e-03
4.1771e+06, 2.7203e-03
4.2066e+06, 2.6594e-03
4.2361e+06, 2.6003e-03
4.2656e+06, 2.5429e-03
4.2951e+06, 2.4871e-03
4.3246e+06, 2.4330e-03
4.3541e+06, 2.3803e-03
4.3836e+06, 2.3292e-03
4.4131e+06, 2.2795e-03
4.4426e+06, 2.2311e-03
4.4721e+06, 2.1842e-03
4.5253e+06, 2.1098e-03
4.5550e+06, 2.0698e-03
4.5847e+06, 2.0309e-03
4.6143e+06, 1.9929e-03
4.6440e+06, 1.9558e-03
4.6737e+06, 1.9197e-03
4.7033e+06, 1.8844e-03
4.7330e+06, 1.8501e-03
4.7627e+06, 1.8165e-03
4.7923e+06, 1.7838e-03
4.8220e+06, 1.7518e-03
4.8517e+06, 1.7207e-03
4.8813e+06, 1.6902e-03
4.9110e+06, 1.6605e-03
4.9407e+06, 1.6315e-03
4.9703e+06, 1.6031e-03
5.0000e+06, 1.5754e-03
5.0298e+06, 1.5522e-03
5.0597e+06, 1.5295e-03
5.0895e+06, 1.5072e-03
5.1193e+06, 1.4854e-03
5.1491e+06, 1.4641e-03
5.1790e+06, 1.4431e-03
5.2088e+06, 1.4226e-03
5.2386e+06, 1.4025e-03
5.2684e+06, 1.3828e-03
5.2983e+06, 1.3635e-03
5.3281e+06, 1.3445e-03
5.3579e+06, 1.3259e-03
5.3878e+06, 1.3077e-03
5.4176e+06, 1.2898e-03
5.4474e+06, 1.2723e-03
5.4772e+06, 1.2551e-03
5.5092e+06, 1.2419e-03
5.5411e+06, 1.2290e-03
5.5730e+06, 1.2162e-03
5.6049e+06, 1.2037e-03
5.6369e+06, 1.1914e-03
5.6688e+06, 1.1792e-03
5.7007e+06, 1.1673e-03
5.7327e+06, 1.1555e-03
5.7661e+06, 1.1467e-03
5.7995e+06, 1.1380e-03
5.8329e+06, 1.1294e-03
5.8663e+06, 1.1209e-03
5.8997e+06, 1.1125e-03
5.9332e+06, 1.1042e-03
5.9666e+06, 1.0960e-03
6.0000e+06, 1.0880e-03
6.0161e+06, 1.0868e-03
6.0323e+06, 1.0856e-03
6.0484e+06, 1.0845e-03
6.0646e+06, 1.0833e-03
6.0807e+06, 1.0822e-03
6.0969e+06, 1.0810e-03
6.1130e+06, 1.0799e-03
6.1292e+06, 1.0788e-03
6.1511e+06, 1.0772e-03
6.1731e+06, 1.0757e-03
6.1951e+06, 1.0742e-03
6.2171e+06, 1.0726e-03
6.2390e+06, 1.0711e-03
6.2610e+06, 1.0696e-03
6.2830e+06, 1.0681e-03
6.3050e+06, 1.0666e-03
6.3269e+06, 1.0652e-03
6.3489e+06, 1.0637e-03
6.3709e+06, 1.0622e-03
6.3928e+06, 1.0608e-03
6.4148e+06, 1.0593e-03
6.4368e+06, 1.0579e-03
6.4588e+06, 1.0564e-03
6.4807e+06, 1.0550e-03
6.5016e+06, 1.0565e-03
6.5225e+06, 1.0579e-03
6.5375e+06, 1.0590e-03
6.5524e+06, 1.0600e-03
6.5673e+06, 1.0611e-03
6.5822e+06, 1.0621e-03
6.5971e+06, 1.0632e-03
6.6121e+06, 1.0642e-03
6.6270e+06, 1.0653e-03
6.6419e+06, 1.0663e-03
6.6568e+06, 1.0673e-03
6.6717e+06, 1.0684e-03
6.6867e+06, 1.0694e-03
6.7016e+06, 1.0705e-03
6.7165e+06, 1.0715e-03
6.7314e+06, 1.0725e-03
6.7464e+06, 1.0736e-03
6.7613e+06, 1.0746e-03
6.7762e+06, 1.0756e-03
6.7911e+06, 1.0766e-03
6.8060e+06, 1.0777e-03
6.8210e+06, 1.0787e-03
6.8359e+06, 1.0797e-03
6.8508e+06, 1.0807e-03
6.8657e+06, 1.0818e-03
6.8806e+06, 1.0828e-03
6.8956e+06, 1.0838e-03
6.9105e+06, 1.0848e-03
6.9254e+06, 1.0858e-03
6.9403e+06, 1.0869e-03
6.9552e+06, 1.0879e-03
6.9702e+06, 1.0889e-03
6.9851e+06, 1.0899e-03
7.0000e+06, 1.0909e-03
7.0183e+06, 1.0908e-03
7.0366e+06, 1.0908e-03
7.0549e+06, 1.0907e-03
7.0732e+06, 1.0906e-03
7.0860e+06, 1.0906e-03
7.0988e+06, 1.0905e-03
7.1116e+06, 1.0905e-03
7.1245e+06, 1.0904e-03
7.1373e+06, 1.0904e-03
7.1501e+06, 1.0903e-03
7.1629e+06, 1.0903e-03
7.1757e+06, 1.0902e-03
7.1885e+06, 1.0902e-03
7.2014e+06, 1.0901e-03
7.2142e+06, 1.0901e-03
7.2270e+06, 1.0900e-03
7.2398e+06, 1.0900e-03
7.2526e+06, 1.0899e-03
7.2654e+06, 1.0899e-03
7.2783e+06, 1.0898e-03
7.2911e+06, 1.0898e-03
7.3039e+06, 1.0897e-03
7.3167e+06, 1.0896e-03
7.3295e+06, 1.0896e-03
7.3423e+06, 1.0896e-03
7.3552e+06, 1.0895e-03
7.3680e+06, 1.0895e-03
7.3808e+06, 1.0894e-03
7.3936e+06, 1.0894e-03
7.4064e+06, 1.0893e-03
7.4192e+06, 1.0893e-03
7.4320e+06, 1.0892e-03
7.4449e+06, 1.0892e-03
7.4577e+06, 1.0891e-03
7.4705e+06, 1.0891e-03
7.4833e+06, 1.0890e-03
7.5040e+06, 1.0903e-03
7.5248e+06, 1.0916e-03
7.5396e+06, 1.0925e-03
7.5545e+06, 1.0934e-03
7.5693e+06, 1.0943e-03
7.5842e+06, 1.0953e-03
7.5990e+06, 1.0962e-03
7.6139e+06, 1.0971e-03
7.6287e+06, 1.0980e-03
7.6436e+06, 1.0989e-03
7.6584e+06, 1.0998e-03
7.6733e+06, 1.1008e-03
7.6881e+06, 1.1017e-03
7.7030e+06, 1.1026e-03
7.7178e+06, 1.1035e-03
7.7327e+06, 1.1044e-03
7.7475e+06, 1.1053e-03
7.7624e+06, 1.1062e-03
7.7772e+06, 1.1071e-03
7.7921e+06, 1.1080e-03
7.8069e+06, 1.1089e-03
7.8218e+06, 1.1098e-03
7.8366e+06, 1.1107e-03
7.8515e+06, 1.1116e-03
7.8663e+06, 1.1125e-03
7.8812e+06, 1.1134e-03
7.8960e+06, 1.1143e-03
7.9109e+06, 1.1152e-03
7.9257e+06, 1.1161e-03
7.9406e+06, 1.1170e-03
7.9554e+06, 1.1179e-03
7.9703e+06, 1.1188e-03
7.9851e+06, 1.1197e-03
8.0000e+06, 1.1206e-03
8.0152e+06, 1.1195e-03
8.0303e+06, 1.1185e-03
8.0455e+06, 1.1175e-03
8.0607e+06, 1.1165e-03
8.0758e+06, 1.1155e-03
8.0910e+06, 1.1145e-03
8.1062e+06, 1.1135e-03
8.1213e+06, 1.1125e-03
8.1365e+06, 1.1115e-03
8.1516e+06, 1.1105e-03
8.1668e+06, 1.1095e-03
8.1820e+06, 1.1085e-03
8.1971e+06, 1.1075e-03
8.2123e+06, 1.1065e-03
8.2275e+06, 1.1055e-03
8.2426e+06, 1.1045e-03
8.2578e+06, 1.1036e-03
8.2730e+06, 1.1026e-03
8.2881e+06, 1.1016e-03
8.3033e+06, 1.1006e-03
8.3185e+06, 1.0997e-03
8.3336e+06, 1.0987e-03
8.3488e+06, 1.0977e-03
8.3640e+06, 1.0968e-03
8.3791e+06, 1.0958e-03
8.3943e+06, 1.0949e-03
8.4095e+06, 1.0939e-03
8.4246e+06, 1.0930e-03
8.4398e+06, 1.0920e-03
8.4550e+06, 1.0911e-03
8.4701e+06, 1.0901e-03
8.4853e+06, 1.0892e-03
8.5014e+06, 1.0882e-03
8.5174e+06, 1.0872e-03
8.5335e+06, 1.0862e-03
8.5496e+06, 1.0852e-03
8.5657e+06, 1.0842e-03
8.5818e+06, 1.0833e-03
8.5979e+06, 1.0823e-03
8.6140e+06, 1.0813e-03
8.6300e+06, 1.0803e-03
8.6461e+06, 1.0794e-03
8.6622e+06, 1.0784e-03
8.6783e+06, 1.0774e-03
8.6944e+06, 1.0765e-03
8.7105e+06, 1.0755e-03
8.7266e+06, 1.0746e-03
8.7426e+06, 1.0736e-03
8.7587e+06, 1.0727e-03
8.7748e+06, 1.0717e-03
8.7909e+06, 1.0708e-03
8.8070e+06, 1.0698e-03
8.8231e+06, 1.0689e-03
8.8392e+06, 1.0679e-03
8.8552e+06, 1.0670e-03
8.8713e+06, 1.0661e-03
8.8874e+06, 1.0651e-03
8.9035e+06, 1.0642e-03
8.9196e+06, 1.0633e-03
8.9357e+06, 1.0624e-03
8.9517e+06, 1.0614e-03
8.9678e+06, 1.0605e-03
8.9839e+06, 1.0596e-03
9.0000e+06, 1.0587e-03
9.0152e+06, 1.0577e-03
9.0304e+06, 1.0568e-03
9.0456e+06, 1.0558e-03
9.0609e+06, 1.0549e-03
9.0761e+06, 1.0539e-03
9.0913e+06, 1.0529e-03
9.1065e+06, 1.0520e-03
9.1217e+06, 1.0511e-03
9.1369e+06, 1.0501e-03
9.1521e+06, 1.0492e-03
9.1673e+06, 1.0482e-03
9.1826e+06, 1.0473e-03
9.1978e+06, 1.0464e-03
9.2130e+06, 1.0454e-03
9.2282e+06, 1.0445e-03
9.2434e+06, 1.0436e-03
9.2586e+06, 1.0426e-03
9.2738e+06, 1.0417e-03
9.2891e+06, 1.0408e-03
9.3043e+06, 1.0399e-03
9.3195e+06, 1.0390e-03
9.3347e+06, 1.0381e-03
9.3499e+06, 1.0371e-03
9.3651e+06, 1.0362e-03
9.3803e+06, 1.0353e-03
9.3956e+06, 1.0344e-03
9.4108e+06, 1.0335e-03
9.4260e+06, 1.0326e-03
9.4412e+06, 1.0317e-03
9.4564e+06, 1.0308e-03
9.4716e+06, 1.0299e-03
9.4868e+06, 1.0290e-03
9.5029e+06, 1.0281e-03
9.5189e+06, 1.0272e-03
9.5349e+06, 1.0262e-03
9.5510e+06, 1.0253e-03
9.5670e+06, 1.0244e-03
9.5830e+06, 1.0235e-03
9.5991e+06, 1.0225e-03
9.6151e+06, 1.0216e-03
9.6312e+06, 1.0207e-03
9.6472e+06, 1.0198e-03
9.6632e+06, 1.0189e-03
9.6793e+06, 1.0180e-03
9.6953e+06, 1.0171e-03
9.7113e+06, 1.0161e-03
9.7274e+06, 1.0152e-03
9.7434e+06, 1.0143e-03
9.7595e+06, 1.0134e-03
9.7755e+06, 1.0126e-03
9.7915e+06, 1.0117e-03
9.8076e+06, 1.0108e-03
9.8236e+06, 1.0099e-03
9.8396e+06, 1.0090e-03
9.8557e+06, 1.0081e-03
9.8717e+06, 1.0072e-03
9.8877e+06, 1.0063e-03
9.9038e+06, 1.0055e-03
9.9198e+06, 1.0046e-03
9.9359e+06, 1.0037e-03
9.9519e+06, 1.0028e-03
9.9679e+06, 1.0020e-03
9.9840e+06, 1.0011e-03
1.0000e+07, 1.0002e-03
1.0012e+07, 9.9985e-04
1.0024e+07, 9.9948e-04
1.0035e+07, 9.9911e-04
1.0047e+07, 9.9873e-04
1.0059e+07, 9.9836e-04
1.0071e+07, 9.9799e-04
1.0083e+07, 9.9762e-04
1.0094e+07, 9.9724e-04
1.0106e+07, 9.9687e-04
1.0118e+07, 9.9650e-04
1.0130e+07, 9.9613e-04
1.0142e+07, 9.9577e-04
1.0154e+07, 9.9540e-04
1.0165e+07, 9.9503e-04
1.0177e+07, 9.9466e-04
1.0189e+07, 9.9430e-04
1.0201e+07, 9.9393e-04
1.0213e+07, 9.9356e-04
1.0224e+07, 9.9320e-04
1.0236e+07, 9.9284e-04
1.0248e+07, 9.9247e-04
1.0260e+07, 9.9211e-04
1.0272e+07, 9.9175e-04
1.0283e+07, 9.9138e-04
1.0295e+07, 9.9102e-04
1.0307e+07, 9.9066e-04
1.0319e+07, 9.9030e-04
1.0331e+07, 9.8994e-04
1.0342e+07, 9.8958e-04
1.0354e+07, 9.8922e-04
1.0366e+07, 9.8886e-04
1.0378e+07, 9.8851e-04
1.0390e+07, 9.8815e-04
1.0401e+07, 9.8779e-04
1.0413e+07, 9.8744e-04
1.0425e+07, 9.8708e-04
1.0437e+07, 9.8672e-04
1.0449e+07, 9.8637e-04
1.0461e+07, 9.8602e-04
1.0472e+07, 9.8566e-04
1.0484e+07, 9.8531e-04
1.0496e+07, 9.8496e-04
1.0508e+07, 9.8460e-04
1.0520e+07, 9.8425e-04
1.0531e+07, 9.8390e-04
1.0543e+07, 9.8355e-04
1.0555e+07, 9.8320e-04
1.0567e+07, 9.8285e-04
1.0579e+07, 9.8250e-04
1.0590e+07, 9.8215e-04
1.0602e+07, 9.8181e-04
1.0614e+07, 9.8146e-04
1.0626e+07, 9.8111e-04
1.0638e+07, 9.8077e-04
1.0649e+07, 9.8042e-04
1.0661e+07, 9.8008e-04
1.0673e+07, 9.7973e-04
1.0685e+07, 9.7939e-04
1.0697e+07, 9.7904e-04
1.0708e+07, 9.7870e-04
1.0720e+07, 9.7836e-04
1.0732e+07, 9.7801e-04
1.0744e+07, 9.7767e-04
1.0756e+07, 9.7733e-04
1.0771e+07, 9.7689e-04
1.0786e+07, 9.7645e-04
1.0802e+07, 9.7601e-04
1.0817e+07, 9.7557e-04
1.0832e+07, 9.7514e-04
1.0847e+07, 9.7470e-04
1.0863e+07, 9.7426e-04
1.0878e+07, 9.7383e-04
1.0893e+07, 9.7339e-04
1.0908e+07, 9.7296e-04
1.0924e+07, 9.7253e-04
1.0939e+07, 9.7210e-04
1.0954e+07, 9.7167e-04
1.0969e+07, 9.7123e-04
1.0985e+07, 9.7081e-04
1.1000e+07, 9.7038e-04
1.1031e+07, 9.7016e-04
1.1061e+07, 9.6994e-04
1.1092e+07, 9.6972e-04
1.1122e+07, 9.6951e-04
1.1153e+07, 9.6929e-04
1.1183e+07, 9.6908e-04
1.1214e+07, 9.6886e-04
1.1245e+07, 9.6865e-04
1.1275e+07, 9.6844e-04
1.1306e+07, 9.6823e-04
1.1336e+07, 9.6801e-04
1.1367e+07, 9.6780e-04
1.1397e+07, 9.6759e-04
1.1428e+07, 9.6738e-04
1.1459e+07, 9.6717e-04
1.1489e+07, 9.6696e-04
1.1521e+07, 9.6675e-04
1.1553e+07, 9.6653e-04
1.1585e+07, 9.6631e-04
1.1617e+07, 9.6610e-04
1.1649e+07, 9.6588e-04
1.1681e+07, 9.6567e-04
1.1713e+07, 9.6546e-04
1.1745e+07, 9.6524e-04
1.1776e+07, 9.6503e-04
1.1808e+07, 9.6482e-04
1.1840e+07, 9.6461e-04
1.1872e+07, 9.6440e-04
1.1904e+07, 9.6419e-04
1.1936e+07, 9.6398e-04
1.1968e+07, 9.6377e-04
1.2000e+07, 9.6356e-04
1.2031e+07, 9.6392e-04
1.2061e+07, 9.6428e-04
1.2092e+07, 9.6464e-04
1.2122e+07, 9.6500e-04
1.2153e+07, 9.6536e-04
1.2184e+07, 9.6572e-04
1.2214e+07, 9.6607e-04
1.2245e+07, 9.6643e-04
1.2276e+07, 9.6679e-04
1.2306e+07, 9.6714e-04
1.2337e+07, 9.6749e-04
1.2368e+07, 9.6785e-04
1.2398e+07, 9.6820e-04
1.2429e+07, 9.6855e-04
1.2459e+07, 9.6890e-04
1.2490e+07, 9.6925e-04
1.2522e+07, 9.6961e-04
1.2554e+07, 9.6997e-04
1.2586e+07, 9.7034e-04
1.2618e+07, 9.7070e-04
1.2649e+07, 9.7106e-04
1.2681e+07, 9.7142e-04
1.2713e+07, 9.7178e-04
1.2745e+07, 9.7213e-04
1.2777e+07, 9.7249e-04
1.2809e+07, 9.7285e-04
1.2841e+07, 9.7320e-04
1.2872e+07, 9.7356e-04
1.2904e+07, 9.7391e-04
1.2936e+07, 9.7426e-04
1.2968e+07, 9.7462e-04
1.3000e+07, 9.7497e-04
1.3011e+07, 9.7526e-04
1.3022e+07, 9.7555e-04
1.3033e+07, 9.7584e-04
1.3044e+07, 9.7613e-04
1.3055e+07, 9.7642e-04
1.3066e+07, 9.7671e-04
1.3077e+07, 9.7700e-04
1.3088e+07, 9.7729e-04
1.3099e+07, 9.7759e-04
1.3110e+07, 9.7788e-04
1.3121e+07, 9.7816e-04
1.3132e+07, 9.7845e-04
1.3143e+07, 9.7874e-04
1.3154e+07, 9.7903e-04
1.3165e+07, 9.7932e-04
1.3176e+07, 9.7961e-04
1.3187e+07, 9.7990e-04
1.3198e+07, 9.8019e-04
1.3209e+07, 9.8048e-04
1.3220e+07, 9.8076e-04
1.3231e+07, 9.8105e-04
1.3242e+07, 9.8134e-04
1.3253e+07, 9.8163e-04
1.3264e+07, 9.8192e-04
1.3275e+07, 9.8220e-04
1.3286e+07, 9.8249e-04
1.3297e+07, 9.8278e-04
1.3308e+07, 9.8307e-04
1.3319e+07, 9.8335e-04
1.3330e+07, 9.8364e-04
1.3341e+07, 9.8393e-04
1.3352e+07, 9.8421e-04
1.3363e+07, 9.8450e-04
1.3374e+07, 9.8478e-04
1.3385e+07, 9.8507e-04
1.3396e+07, 9.8536e-04
1.3407e+07, 9.8564e-04
1.3418e+07, 9.8593e-04
1.3429e+07, 9.8621e-04
1.3440e+07, 9.8650e-04
1.3451e+07, 9.8678e-04
1.3462e+07, 9.8707e-04
1.3473e+07, 9.8735e-04
1.3484e+07, 9.8764e-04
1.3495e+07, 9.8792e-04
1.3506e+07, 9.8821e-04
1.3517e+07, 9.8849e-04
1.3528e+07, 9.8877e-04
1.3539e+07, 9.8906e-04
1.3550e+07, 9.8934e-04
1.3561e+07, 9.8963e-04
1.3572e+07, 9.8991e-04
1.3583e+07, 9.9019e-04
1.3594e+07, 9.9048e-04
1.3605e+07, 9.9076e-04
1.3616e+07, 9.9104e-04
1.3627e+07, 9.9132e-04
1.3638e+07, 9.9161e-04
1.3649e+07, 9.9189e-04
1.3660e+07, 9.9217e-04
1.3671e+07, 9.9245e-04
1.3682e+07, 9.9274e-04
1.3693e+07, 9.9302e-04
1.3704e+07, 9.9330e-04
1.3723e+07, 9.9377e-04
1.3741e+07, 9.9424e-04
1.3760e+07, 9.9472e-04
1.3778e+07, 9.9519e-04
1.3797e+07, 9.9566e-04
1.3815e+07, 9.9613e-04
1.3834e+07, 9.9660e-04
1.3852e+07, 9.9707e-04
1.3871e+07, 9.9754e-04
1.3889e+07, 9.9801e-04
1.3908e+07, 9.9848e-04
1.3926e+07, 9.9895e-04
1.3945e+07, 9.9942e-04
1.3963e+07, 9.9989e-04
1.3982e+07, 1.0004e-03
1.4000e+07, 1.0008e-03
1.4016e+07, 1.0014e-03
1.4031e+07, 1.0020e-03
1.4047e+07, 1.0026e-03
1.4062e+07, 1.0032e-03
1.4078e+07, 1.0038e-03
1.4094e+07, 1.0044e-03
1.4109e+07, 1.0050e-03
1.4125e+07, 1.0056e-03
1.4141e+07, 1.0062e-03
1.4156e+07, 1.0068e-03
1.4172e+07, 1.0074e-03
1.4188e+07, 1.0080e-03
1.4203e+07, 1.0085e-03
1.4219e+07, 1.0091e-03
1.4234e+07, 1.0097e-03
1.4250e+07, 1.0103e-03
1.4266e+07, 1.0109e-03
1.4281e+07, 1.0115e-03
1.4297e+07, 1.0121e-03
1.4312e+07, 1.0127e-03
1.4328e+07, 1.0133e-03
1.4344e+07, 1.0139e-03
1.4359e+07, 1.0144e-03
1.4375e+07, 1.0150e-03
1.4391e+07, 1.0156e-03
1.4406e+07, 1.0162e-03
1.4422e+07, 1.0168e-03
1.4438e+07, 1.0174e-03
1.4453e+07, 1.0180e-03
1.4469e+07, 1.0186e-03
1.4484e+07, 1.0191e-03
1.4500e+07, 1.0197e-03
1.4516e+07, 1.0203e-03
1.4531e+07, 1.0209e-03
1.4547e+07, 1.0215e-03
1.4562e+07, 1.0221e-03
1.4578e+07, 1.0227e-03
1.4594e+07, 1.0232e-03
1.4609e+07, 1.0238e-03
1.4625e+07, 1.0244e-03
1.4641e+07, 1.0250e-03
1.4656e+07, 1.0256e-03
1.4672e+07, 1.0262e-03
1.4688e+07, 1.0268e-03
1.4703e+07, 1.0273e-03
1.4719e+07, 1.0279e-03
1.4734e+07, 1.0285e-03
1.4750e+07, 1.0291e-03
1.4766e+07, 1.0297e-03
1.4781e+07, 1.0302e-03
1.4797e+07, 1.0308e-03
1.4812e+07, 1.0314e-03
1.4828e+07, 1.0320e-03
1.4844e+07, 1.0326e-03
1.4859e+07, 1.0331e-03
1.4875e+07, 1.0337e-03
1.4891e+07, 1.0343e-03
1.4906e+07, 1.0349e-03
1.4922e+07, 1.0355e-03
1.4938e+07, 1.0360e-03
1.4953e+07, 1.0366e-03
1.4969e+07, 1.0372e-03
1.4984e+07, 1.0378e-03
1.5000e+07, 1.0383e-03
1.5015e+07, 1.0391e-03
1.5031e+07, 1.0398e-03
1.5046e+07, 1.0406e-03
1.5061e+07, 1.0413e-03
1.5077e+07, 1.0420e-03
1.5092e+07, 1.0428e-03
1.5108e+07, 1.0435e-03
1.5123e+07, 1.0443e-03
1.5138e+07, 1.0450e-03
1.5154e+07, 1.0457e-03
1.5169e+07, 1.0465e-03
1.5184e+07, 1.0472e-03
1.5200e+07, 1.0479e-03
1.5215e+07, 1.0487e-03
1.5231e+07, 1.0494e-03
1.5246e+07, 1.0501e-03
1.5261e+07, 1.0509e-03
1.5277e+07, 1.0516e-03
1.5292e+07, 1.0523e-03
1.5307e+07, 1.0531e-03
1.5323e+07, 1.0538e-03
1.5338e+07, 1.0546e-03
1.5354e+07, 1.0553e-03
1.5369e+07, 1.0560e-03
1.5384e+07, 1.0568e-03
1.5400e+07, 1.0575e-03
1.5415e+07, 1.0582e-03
1.5430e+07, 1.0589e-03
1.5446e+07, 1.0597e-03
1.5461e+07, 1.0604e-03
1.5477e+07, 1.0611e-03
1.5492e+07, 1.0619e-03
1.5508e+07, 1.0626e-03
1.5524e+07, 1.0634e-03
1.5540e+07, 1.0641e-03
1.5555e+07, 1.0649e-03
1.5571e+07, 1.0657e-03
1.5587e+07, 1.0664e-03
1.5603e+07, 1.0672e-03
1.5619e+07, 1.0679e-03
1.5635e+07, 1.0687e-03
1.5651e+07, 1.0694e-03
1.5667e+07, 1.0702e-03
1.5682e+07, 1.0709e-03
1.5698e+07, 1.0717e-03
1.5714e+07, 1.0724e-03
1.5730e+07, 1.0732e-03
1.5746e+07, 1.0739e-03
1.5762e+07, 1.0747e-03
1.5778e+07, 1.0754e-03
1.5794e+07, 1.0762e-03
1.5809e+07, 1.0769e-03
1.5825e+07, 1.0777e-03
1.5841e+07, 1.0784e-03
1.5857e+07, 1.0792e-03
1.5873e+07, 1.0799e-03
1.5889e+07, 1.0807e-03
1.5905e+07, 1.0814e-03
1.5921e+07, 1.0822e-03
1.5936e+07, 1.0829e-03
1.5952e+07, 1.0837e-03
1.5968e+07, 1.0844e-03
1.5984e+07, 1.0852e-03
1.6000e+07, 1.0859e-03
1.6012e+07, 1.0866e-03
1.6024e+07, 1.0873e-03
1.6036e+07, 1.0880e-03
1.6047e+07, 1.0886e-03
1.6059e+07, 1.0893e-03
1.6071e+07, 1.0900e-03
1.6083e+07, 1.0906e-03
1.6095e+07, 1.0913e-03
1.6107e+07, 1.0920e-03
1.6118e+07, 1.0927e-03
1.6130e+07, 1.0933e-03
1.6142e+07, 1.0940e-03
1.6154e+07, 1.0947e-03
1.6166e+07, 1.0953e-03
1.6178e+07, 1.0960e-03
1.6189e+07, 1.0967e-03
1.6201e+07, 1.0973e-03
1.6213e+07, 1.0980e-03
1.6225e+07, 1.0987e-03
1.6237e+07, 1.0994e-03
1.6249e+07, 1.1000e-03
1.6261e+07, 1.1007e-03
1.6272e+07, 1.1014e-03
1.6284e+07, 1.1020e-03
1.6296e+07, 1.1027e-03
1.6308e+07, 1.1034e-03
1.6320e+07, 1.1040e-03
1.6332e+07, 1.1047e-03
1.6343e+07, 1.1054e-03
1.6355e+07, 1.1061e-03
1.6367e+07, 1.1067e-03
1.6379e+07, 1.1074e-03
1.6391e+07, 1.1081e-03
1.6403e+07, 1.1087e-03
1.6414e+07, 1.1094e-03
1.6426e+07, 1.1101e-03
1.6438e+07, 1.1107e-03
1.6450e+07, 1.1114e-03
1.6462e+07, 1.1121e-03
1.6474e+07, 1.1127e-03
1.6486e+07, 1.1134e-03
1.6497e+07, 1.1141e-03
1.6509e+07, 1.1147e-03
1.6521e+07, 1.1154e-03
1.6533e+07, 1.1161e-03
1.6545e+07, 1.1167e-03
1.6557e+07, 1.1174e-03
1.6568e+07, 1.1181e-03
1.6580e+07, 1.1188e-03
1.6592e+07, 1.1194e-03
1.6604e+07, 1.1201e-03
1.6616e+07, 1.1208e-03
1.6628e+07, 1.1214e-03
1.6639e+07, 1.1221e-03
1.6651e+07, 1.1228e-03
1.6663e+07, 1.1234e-03
1.6675e+07, 1.1241e-03
1.6687e+07, 1.1248e-03
1.6699e+07, 1.1254e-03
1.6711e+07, 1.1261e-03
1.6722e+07, 1.1268e-03
1.6734e+07, 1.1274e-03
1.6746e+07, 1.1281e-03
1.6758e+07, 1.1288e-03
1.6773e+07, 1.1296e-03
1.6788e+07, 1.1305e-03
1.6803e+07, 1.1313e-03
1.6818e+07, 1.1322e-03
1.6834e+07, 1.1330e-03
1.6849e+07, 1.1339e-03
1.6864e+07, 1.1347e-03
1.6879e+07, 1.1356e-03
1.6894e+07, 1.1364e-03
1.6909e+07, 1.1373e-03
1.6924e+07, 1.1381e-03
1.6939e+07, 1.1390e-03
1.6955e+07, 1.1398e-03
1.6970e+07, 1.1407e-03
1.6985e+07, 1.1415e-03
1.7000e+07, 1.1424e-03
1.7016e+07, 1.1434e-03
1.7031e+07, 1.1444e-03
1.7047e+07, 1.1454e-03
1.7062e+07, 1.1464e-03
1.7078e+07, 1.1474e-03
1.7094e+07, 1.1484e-03
1.7109e+07, 1.1494e-03
1.7125e+07, 1.1504e-03
1.7141e+07, 1.1514e-03
1.7156e+07, 1.1524e-03
1.7172e+07, 1.1534e-03
1.7188e+07, 1.1544e-03
1.7203e+07, 1.1554e-03
1.7219e+07, 1.1564e-03
1.7234e+07, 1.1574e-03
1.7250e+07, 1.1585e-03
1.7266e+07, 1.1595e-03
1.7281e+07, 1.1605e-03
1.7297e+07, 1.1615e-03
1.7312e+07, 1.1625e-03
1.7328e+07, 1.1635e-03
1.7344e+07, 1.1645e-03
1.7359e+07, 1.1655e-03
1.7375e+07, 1.1665e-03
1.7391e+07, 1.1675e-03
1.7406e+07, 1.1685e-03
1.7422e+07, 1.1695e-03
1.7438e+07, 1.1705e-03
1.7453e+07, 1.1715e-03
1.7469e+07, 1.1725e-03
1.7484e+07, 1.1735e-03
1.7500e+07, 1.1745e-03
1.7516e+07, 1.1755e-03
1.7531e+07, 1.1765e-03
1.7547e+07, 1.1775e-03
1.7562e+07, 1.1785e-03
1.7578e+07, 1.1795e-03
1.7594e+07, 1.1805e-03
1.7609e+07, 1.1815e-03
1.7625e+07, 1.1826e-03
1.7641e+07, 1.1836e-03
1.7656e+07, 1.1846e-03
1.7672e+07, 1.1856e-03
1.7688e+07, 1.1866e-03
1.7703e+07, 1.1876e-03
1.7719e+07, 1.1886e-03
1.7734e+07, 1.1896e-03
1.7750e+07, 1.1906e-03
1.7766e+07, 1.1916e-03
1.7781e+07, 1.1926e-03
1.7797e+07, 1.1936e-03
1.7812e+07, 1.1946e-03
1.7828e+07, 1.1956e-03
1.7844e+07, 1.1966e-03
1.7859e+07, 1.1976e-03
1.7875e+07, 1.1986e-03
1.7891e+07, 1.1996e-03
1.7906e+07, 1.2006e-03
1.7922e+07, 1.2016e-03
1.7938e+07, 1.2026e-03
1.7953e+07, 1.2036e-03
1.7969e+07, 1.2046e-03
1.7984e+07, 1.2056e-03
1.8000e+07, 1.2066e-03
1.8016e+07, 1.2077e-03
1.8031e+07, 1.2089e-03
1.8047e+07, 1.2100e-03
1.8062e+07, 1.2111e-03
1.8078e+07, 1.2122e-03
1.8094e+07, 1.2133e-03
1.8109e+07, 1.2145e-03
1.8125e+07, 1.2156e-03
1.8141e+07, 1.2167e-03
1.8156e+07, 1.2178e-03
1.8172e+07, 1.2189e-03
1.8188e+07, 1.2201e-03
1.8203e+07, 1.2212e-03
1.8219e+07, 1.2223e-03
1.8234e+07, 1.2234e-03
1.8250e+07, 1.2245e-03
1.8266e+07, 1.2257e-03
1.8281e+07, 1.2268e-03
1.8297e+07, 1.2279e-03
1.8312e+07, 1.2290e-03
1.8328e+07, 1.2301e-03
1.8344e+07, 1.2312e-03
1.8359e+07, 1.2324e-03
1.8375e+07, 1.2335e-03
1.8391e+07, 1.2346e-03
1.8406e+07, 1.2357e-03
1.8422e+07, 1.2368e-03
1.8438e+07, 1.2380e-03
1.8453e+07, 1.2391e-03
1.8469e+07, 1.2402e-03
1.8484e+07, 1.2413e-03
1.8500e+07, 1.2424e-03
1.8516e+07, 1.2436e-03
1.8531e+07, 1.2447e-03
1.8547e+07, 1.2458e-03
1.8562e+07, 1.2469e-03
1.8578e+07, 1.2480e-03
1.8594e+07, 1.2492e-03
1.8609e+07, 1.2503e-03
1.8625e+07, 1.2514e-03
1.8641e+07, 1.2525e-03
1.8656e+07, 1.2537e-03
1.8672e+07, 1.2548e-03
1.8688e+07, 1.2559e-03
1.8703e+07, 1.2570e-03
1.8719e+07, 1.2581e-03
1.8734e+07, 1.2593e-03
1.8750e+07, 1.2604e-03
1.8766e+07, 1.2615e-03
1.8781e+07, 1.2626e-03
1.8797e+07, 1.2637e-03
1.8812e+07, 1.2649e-03
1.8828e+07, 1.2660e-03
1.8844e+07, 1.2671e-03
1.8859e+07, 1.2682e-03
1.8875e+07, 1.2694e-03
1.8891e+07, 1.2705e-03
1.8906e+07, 1.2716e-03
1.8922e+07, 1.2727e-03
1.8938e+07, 1.2738e-03
1.8953e+07, 1.2750e-03
1.8969e+07, 1.2761e-03
1.8984e+07, 1.2772e-03
1.9000e+07, 1.2783e-03
1.9031e+07, 1.2808e-03
1.9062e+07, 1.2832e-03
1.9094e+07, 1.2857e-03
1.9125e+07, 1.2881e-03
1.9156e+07, 1.2906e-03
1.9188e+07, 1.2930e-03
1.9219e+07, 1.2955e-03
1.9250e+07, 1.2979e-03
1.9281e+07, 1.3004e-03
1.9312e+07, 1.3028e-03
1.9344e+07, 1.3053e-03
1.9375e+07, 1.3078e-03
1.9406e+07, 1.3102e-03
1.9438e+07, 1.3127e-03
1.9469e+07, 1.3151e-03
1.9500e+07, 1.3176e-03
1.9531e+07, 1.3201e-03
1.9562e+07, 1.3225e-03
1.9594e+07, 1.3250e-03
1.9625e+07, 1.3274e-03
1.9656e+07, 1.3299e-03
1.9688e+07, 1.3324e-03
1.9719e+07, 1.3348e-03
1.9750e+07, 1.3373e-03
1.9781e+07, 1.3398e-03
1.9812e+07, 1.3422e-03
1.9844e+07, 1.3447e-03
1.9875e+07, 1.3471e-03
1.9906e+07, 1.3496e-03
1.9938e+07, 1.3521e-03
1.9969e+07, 1.3546e-03
2.0000e+07, 1.3570e-03
