ebin, xs
1.0000e-05, 2.2846e+00
1.0625e-05, 2.2164e+00
1.1250e-05, 2.1539e+00
1.1875e-05, 2.0965e+00
1.2500e-05, 2.0434e+00
1.3750e-05, 1.9483e+00
1.5000e-05, 1.8654e+00
1.6250e-05, 1.7922e+00
1.7500e-05, 1.7270e+00
1.8750e-05, 1.6684e+00
2.0000e-05, 1.6155e+00
2.1875e-05, 1.5447e+00
2.3750e-05, 1.4824e+00
2.5625e-05, 1.4272e+00
2.7500e-05, 1.3777e+00
2.9375e-05, 1.3330e+00
3.1250e-05, 1.2924e+00
3.3125e-05, 1.2553e+00
3.5000e-05, 1.2212e+00
3.7500e-05, 1.1798e+00
4.0000e-05, 1.1423e+00
4.2500e-05, 1.1082e+00
4.6250e-05, 1.0623e+00
5.0000e-05, 1.0217e+00
5.3125e-05, 9.9120e-01
5.6250e-05, 9.6328e-01
5.9375e-05, 9.3758e-01
6.2500e-05, 9.1384e-01
6.8750e-05, 8.7132e-01
7.5000e-05, 8.3422e-01
8.0000e-05, 8.0773e-01
8.7500e-05, 7.7234e-01
9.3750e-05, 7.4615e-01
1.0000e-04, 7.2246e-01
1.0625e-04, 7.0089e-01
1.1250e-04, 6.8114e-01
1.1875e-04, 6.6297e-01
1.2500e-04, 6.4618e-01
1.3750e-04, 6.1611e-01
1.5000e-04, 5.8988e-01
1.6000e-04, 5.7115e-01
1.7500e-04, 5.4613e-01
1.8750e-04, 5.2761e-01
2.0000e-04, 5.1085e-01
2.1875e-04, 4.8847e-01
2.3750e-04, 4.6879e-01
2.5625e-04, 4.5131e-01
2.7500e-04, 4.3566e-01
2.9750e-04, 4.1886e-01
3.2000e-04, 4.0386e-01
3.5000e-04, 3.8617e-01
3.8750e-04, 3.6701e-01
4.2500e-04, 3.5044e-01
4.6250e-04, 3.3593e-01
5.0000e-04, 3.2309e-01
5.3125e-04, 3.1344e-01
5.6250e-04, 3.0461e-01
5.9375e-04, 2.9649e-01
6.2500e-04, 2.8898e-01
6.4000e-04, 2.8558e-01
6.9500e-04, 2.7404e-01
7.5000e-04, 2.6380e-01
8.1250e-04, 2.5345e-01
8.7500e-04, 2.4423e-01
9.3750e-04, 2.3595e-01
1.0000e-03, 2.2846e-01
1.0625e-03, 2.2164e-01
1.1250e-03, 2.1539e-01
1.1875e-03, 2.0965e-01
1.2500e-03, 2.0434e-01
1.2800e-03, 2.0193e-01
1.3900e-03, 1.9378e-01
1.5000e-03, 1.8654e-01
1.6250e-03, 1.7922e-01
1.7500e-03, 1.7270e-01
1.8750e-03, 1.6684e-01
2.0000e-03, 1.6154e-01
2.1400e-03, 1.5617e-01
2.2800e-03, 1.5130e-01
2.4200e-03, 1.4686e-01
2.5600e-03, 1.4279e-01
2.7500e-03, 1.3777e-01
2.9375e-03, 1.3330e-01
3.1250e-03, 1.2924e-01
3.3125e-03, 1.2552e-01
3.5000e-03, 1.2212e-01
3.8750e-03, 1.1606e-01
4.2500e-03, 1.1082e-01
4.6250e-03, 1.0623e-01
5.0000e-03, 1.0217e-01
5.1200e-03, 1.0096e-01
5.4025e-03, 9.8289e-02
5.6850e-03, 9.5816e-02
6.2500e-03, 9.1382e-02
6.8750e-03, 8.7129e-02
7.5000e-03, 8.3420e-02
8.1250e-03, 8.0147e-02
8.7500e-03, 7.7232e-02
9.3750e-03, 7.4613e-02
1.0000e-02, 7.2244e-02
1.0625e-02, 7.0086e-02
1.1250e-02, 6.8112e-02
1.1875e-02, 6.6295e-02
1.2500e-02, 6.4616e-02
1.3750e-02, 6.1609e-02
1.5000e-02, 5.8986e-02
1.6250e-02, 5.6672e-02
1.7500e-02, 5.4611e-02
1.8750e-02, 5.2759e-02
2.0000e-02, 5.1084e-02
2.1325e-02, 4.9472e-02
2.2650e-02, 4.8003e-02
2.3975e-02, 4.6658e-02
2.5300e-02, 4.5420e-02
2.7230e-02, 4.3781e-02
2.9159e-02, 4.2308e-02
3.1089e-02, 4.0974e-02
3.3019e-02, 3.9759e-02
3.4948e-02, 3.8646e-02
3.6878e-02, 3.7621e-02
4.0738e-02, 3.5795e-02
4.3053e-02, 3.4819e-02
4.5369e-02, 3.3919e-02
5.0000e-02, 3.2311e-02
5.0600e-02, 3.2119e-02
5.2088e-02, 3.1657e-02
5.3575e-02, 3.1214e-02
5.6550e-02, 3.0382e-02
6.2500e-02, 2.8900e-02
6.8750e-02, 2.7556e-02
7.5000e-02, 2.6383e-02
8.1250e-02, 2.5348e-02
8.7500e-02, 2.4426e-02
9.3750e-02, 2.3598e-02
1.0000e-01, 2.2849e-02
1.0625e-01, 2.2166e-02
1.1250e-01, 2.1542e-02
1.1875e-01, 2.0967e-02
1.2500e-01, 2.0436e-02
1.3750e-01, 1.9485e-02
1.5000e-01, 1.8656e-02
1.6250e-01, 1.7924e-02
1.7500e-01, 1.7272e-02
1.8750e-01, 1.6686e-02
2.0000e-01, 1.6156e-02
2.1875e-01, 1.5448e-02
2.3750e-01, 1.4825e-02
2.5625e-01, 1.4272e-02
2.7500e-01, 1.3777e-02
2.9375e-01, 1.3330e-02
3.1250e-01, 1.2924e-02
3.3125e-01, 1.2553e-02
3.5000e-01, 1.2212e-02
3.7500e-01, 1.1798e-02
4.0000e-01, 1.1423e-02
4.2500e-01, 1.1082e-02
5.0000e-01, 1.0217e-02
6.2500e-01, 9.1380e-03
7.5000e-01, 8.3416e-03
8.0000e-01, 8.0766e-03
8.7500e-01, 7.7227e-03
1.0000e+00, 7.2242e-03
1.2500e+00, 6.4610e-03
1.5000e+00, 5.8987e-03
1.7500e+00, 5.4611e-03
2.0000e+00, 5.1087e-03
2.3750e+00, 4.6875e-03
2.7500e+00, 4.3572e-03
3.1250e+00, 4.0867e-03
3.5000e+00, 3.8619e-03
4.0000e+00, 3.6127e-03
4.2500e+00, 3.5048e-03
5.0000e+00, 3.2307e-03
6.2500e+00, 2.8899e-03
7.5000e+00, 2.6385e-03
8.0000e+00, 2.5543e-03
8.7500e+00, 2.4427e-03
1.0000e+01, 2.2849e-03
1.2500e+01, 2.0433e-03
1.5000e+01, 1.8655e-03
1.7500e+01, 1.7274e-03
2.0000e+01, 1.6155e-03
2.3750e+01, 1.4823e-03
2.7500e+01, 1.3782e-03
3.1250e+01, 1.2923e-03
3.5000e+01, 1.2214e-03
4.0000e+01, 1.1422e-03
4.2500e+01, 1.1083e-03
5.0000e+01, 1.0215e-03
6.2500e+01, 9.1377e-04
7.5000e+01, 8.3423e-04
8.0000e+01, 8.0749e-04
8.7500e+01, 7.7243e-04
1.0000e+02, 7.2211e-04
1.2500e+02, 6.3774e-04
1.5000e+02, 5.7634e-04
1.7500e+02, 5.2876e-04
2.0000e+02, 4.9070e-04
2.3750e+02, 4.4590e-04
2.7500e+02, 4.1091e-04
3.1250e+02, 3.8270e-04
3.5000e+02, 3.5927e-04
4.0000e+02, 3.3339e-04
4.2500e+02, 3.2250e-04
5.0000e+02, 2.9440e-04
6.2500e+02, 2.6002e-04
6.8750e+02, 2.4648e-04
6.8858e+02, 2.4627e-04
6.9242e+02, 2.4553e-04
6.9625e+02, 2.4481e-04
7.0393e+02, 2.4336e-04
7.1929e+02, 2.4048e-04
7.5000e+02, 2.3486e-04
8.0000e+02, 2.2651e-04
8.7500e+02, 2.1562e-04
1.0000e+03, 2.0007e-04
1.2500e+03, 1.8717e-04
1.5000e+03, 1.7704e-04
1.7500e+03, 1.6906e-04
2.0000e+03, 1.6234e-04
2.1810e+03, 1.5816e-04
2.1875e+03, 1.5802e-04
2.2051e+03, 1.5766e-04
2.2227e+03, 1.5729e-04
2.2578e+03, 1.5656e-04
2.3281e+03, 1.5510e-04
2.4688e+03, 1.5248e-04
2.7500e+03, 1.4755e-04
3.5000e+03, 1.3722e-04
4.0000e+03, 1.3177e-04
4.2500e+03, 1.2942e-04
5.0000e+03, 1.2331e-04
6.2500e+03, 1.1523e-04
7.5000e+03, 1.0911e-04
8.0000e+03, 1.0695e-04
8.7500e+03, 1.0414e-04
1.0000e+04, 9.9991e-05
1.2500e+04, 8.6974e-05
1.5000e+04, 7.7626e-05
1.7500e+04, 7.0506e-05
1.8325e+04, 6.8437e-05
2.0000e+04, 6.4789e-05
2.1810e+04, 6.1367e-05
2.1875e+04, 6.1258e-05
2.3528e+04, 5.8521e-05
2.5142e+04, 5.6140e-05
2.6644e+04, 5.4136e-05
2.7500e+04, 5.3091e-05
2.9306e+04, 5.1002e-05
3.1250e+04, 4.9013e-05
3.1676e+04, 4.8578e-05
3.3338e+04, 4.7055e-05
3.5000e+04, 4.5679e-05
3.8750e+04, 4.2856e-05
4.0000e+04, 4.1974e-05
4.2295e+04, 4.0533e-05
4.2500e+04, 4.0418e-05
4.5986e+04, 3.8464e-05
4.6250e+04, 3.8335e-05
5.0000e+04, 3.6501e-05
5.5000e+04, 3.4598e-05
5.5823e+04, 3.4301e-05
6.0000e+04, 3.2952e-05
6.5000e+04, 3.1484e-05
6.5341e+04, 3.1387e-05
6.6505e+04, 3.1083e-05
6.7670e+04, 3.0780e-05
7.0000e+04, 3.0204e-05
7.5000e+04, 2.9047e-05
8.0000e+04, 2.8000e-05
9.0000e+04, 2.6388e-05
1.0000e+05, 2.5000e-05
1.0878e+05, 2.4075e-05
1.1000e+05, 2.3959e-05
1.1500e+05, 2.3485e-05
1.2000e+05, 2.3054e-05
1.3000e+05, 2.2237e-05
1.4000e+05, 2.1501e-05
1.5000e+05, 2.1764e-05
1.6000e+05, 2.2024e-05
1.8000e+05, 2.2502e-05
2.0000e+05, 2.5501e-05
2.1000e+05, 2.7924e-05
2.2000e+05, 3.0429e-05
2.3000e+05, 3.2998e-05
2.4000e+05, 3.4500e-05
2.5000e+05, 3.6000e-05
2.6000e+05, 3.7491e-05
2.7000e+05, 3.3704e-05
2.8000e+05, 3.0405e-05
2.9000e+05, 2.7542e-05
3.0000e+05, 2.5000e-05
3.1000e+05, 2.2433e-05
3.2000e+05, 2.0189e-05
3.3000e+05, 1.8239e-05
3.4000e+05, 1.6523e-05
3.5000e+05, 1.5001e-05
3.6000e+05, 1.4061e-05
3.8000e+05, 1.2393e-05
4.0000e+05, 1.1001e-05
4.5000e+05, 9.3015e-06
5.0000e+05, 8.0000e-06
5.4628e+05, 6.9587e-06
5.4850e+05, 6.9126e-06
5.5000e+05, 6.8837e-06
5.6095e+05, 6.6722e-06
5.8015e+05, 6.3272e-06
6.0000e+05, 6.0000e-06
6.5000e+05, 5.8365e-06
6.8173e+05, 5.7327e-06
7.0000e+05, 5.6813e-06
7.5000e+05, 5.5407e-06
7.5026e+05, 5.5400e-06
8.0000e+05, 5.4152e-06
8.0613e+05, 5.3998e-06
8.5000e+05, 5.3023e-06
8.9785e+05, 5.1960e-06
9.0000e+05, 5.1919e-06
9.5000e+05, 5.0960e-06
1.0000e+06, 5.0000e-06
1.0500e+06, 4.9831e-06
1.1000e+06, 4.9661e-06
1.1500e+06, 4.9492e-06
1.1892e+06, 4.9359e-06
1.2000e+06, 4.9330e-06
1.2500e+06, 4.9196e-06
1.3000e+06, 4.9062e-06
1.4000e+06, 4.8794e-06
1.5000e+06, 4.8525e-06
1.5422e+06, 4.8412e-06
1.6000e+06, 4.8295e-06
1.7000e+06, 4.8092e-06
1.8000e+06, 4.7890e-06
1.9000e+06, 4.7687e-06
2.0000e+06, 4.7484e-06
2.1000e+06, 4.7323e-06
2.2000e+06, 4.7162e-06
2.3000e+06, 4.7001e-06
2.3784e+06, 4.6875e-06
2.4000e+06, 4.6848e-06
2.5000e+06, 4.6720e-06
2.6000e+06, 4.6593e-06
2.7000e+06, 4.6466e-06
2.8000e+06, 4.6338e-06
2.8213e+06, 4.6311e-06
2.9000e+06, 4.6211e-06
3.0000e+06, 4.6084e-06
3.0844e+06, 4.5976e-06
3.1000e+06, 4.5961e-06
3.1454e+06, 4.5917e-06
3.2000e+06, 4.5865e-06
3.3000e+06, 4.5769e-06
3.4000e+06, 4.5672e-06
3.5000e+06, 4.5576e-06
3.6000e+06, 4.5480e-06
3.7000e+06, 4.5383e-06
3.7172e+06, 4.5367e-06
3.7172e+06, 4.5367e-06
3.8000e+06, 4.5287e-06
3.9000e+06, 4.5191e-06
4.0000e+06, 4.5095e-06
4.1000e+06, 4.5018e-06
4.2000e+06, 4.4942e-06
4.2891e+06, 4.4874e-06
4.2891e+06, 4.4874e-06
4.3000e+06, 4.4865e-06
4.4000e+06, 4.4789e-06
4.5000e+06, 4.4712e-06
4.6000e+06, 4.4636e-06
4.7000e+06, 4.4560e-06
4.7568e+06, 4.4516e-06
4.8000e+06, 4.4490e-06
4.8610e+06, 4.4453e-06
4.8610e+06, 4.4453e-06
4.9000e+06, 4.4430e-06
5.0000e+06, 4.4369e-06
5.1000e+06, 4.4309e-06
5.2000e+06, 4.4248e-06
5.2956e+06, 4.4191e-06
5.3000e+06, 4.4188e-06
5.3500e+06, 4.4158e-06
5.4000e+06, 4.4127e-06
5.4329e+06, 4.4108e-06
5.4500e+06, 4.4097e-06
5.5000e+06, 4.4067e-06
5.5500e+06, 4.4037e-06
5.6000e+06, 4.4007e-06
5.7000e+06, 4.3946e-06
5.8000e+06, 4.3886e-06
5.9000e+06, 4.3825e-06
6.0000e+06, 4.3765e-06
6.0048e+06, 4.3762e-06
6.1688e+06, 4.3663e-06
6.2500e+06, 4.3626e-06
6.5000e+06, 4.3511e-06
6.5767e+06, 4.3476e-06
6.7500e+06, 4.3397e-06
7.0000e+06, 4.3283e-06
7.1485e+06, 4.3215e-06
7.1485e+06, 4.3215e-06
7.2500e+06, 4.3168e-06
7.5000e+06, 4.3054e-06
7.7204e+06, 4.2953e-06
7.7204e+06, 4.2953e-06
7.7500e+06, 4.2940e-06
8.0000e+06, 4.2825e-06
8.2500e+06, 4.2735e-06
8.2923e+06, 4.2719e-06
8.2923e+06, 4.2719e-06
8.2929e+06, 4.2719e-06
8.5000e+06, 4.2644e-06
8.7500e+06, 4.2553e-06
8.8642e+06, 4.2512e-06
8.8679e+06, 4.2510e-06
9.0000e+06, 4.2463e-06
9.2500e+06, 4.2372e-06
9.4361e+06, 4.2304e-06
9.5000e+06, 4.2281e-06
9.5137e+06, 4.2276e-06
9.7500e+06, 4.2208e-06
9.9782e+06, 4.2143e-06
1.0000e+07, 4.2137e-06
1.0008e+07, 4.2134e-06
1.0061e+07, 4.2119e-06
1.0115e+07, 4.2104e-06
1.0162e+07, 4.2090e-06
1.0204e+07, 4.2078e-06
1.0240e+07, 4.2068e-06
1.0305e+07, 4.2049e-06
1.0353e+07, 4.2035e-06
1.0390e+07, 4.2025e-06
1.0445e+07, 4.2009e-06
1.0500e+07, 4.1993e-06
1.0561e+07, 4.1975e-06
1.0580e+07, 4.1970e-06
1.0669e+07, 4.1944e-06
1.0751e+07, 4.1921e-06
1.0813e+07, 4.1903e-06
1.0906e+07, 4.1877e-06
1.1000e+07, 4.1850e-06
1.1152e+07, 4.1806e-06
1.1247e+07, 4.1779e-06
1.1412e+07, 4.1731e-06
1.1500e+07, 4.1706e-06
1.1623e+07, 4.1671e-06
1.1716e+07, 4.1644e-06
1.1724e+07, 4.1642e-06
1.1857e+07, 4.1603e-06
1.2000e+07, 4.1562e-06
1.2123e+07, 4.1527e-06
1.2216e+07, 4.1500e-06
1.2295e+07, 4.1478e-06
1.2296e+07, 4.1478e-06
1.2338e+07, 4.1466e-06
1.2357e+07, 4.1461e-06
1.2500e+07, 4.1430e-06
1.2523e+07, 4.1425e-06
1.2523e+07, 4.1425e-06
1.2748e+07, 4.1377e-06
1.2867e+07, 4.1351e-06
1.2867e+07, 4.1351e-06
1.3000e+07, 4.1322e-06
1.3248e+07, 4.1268e-06
1.3439e+07, 4.1226e-06
1.3439e+07, 4.1226e-06
1.3500e+07, 4.1213e-06
1.4000e+07, 4.1105e-06
1.4011e+07, 4.1102e-06
1.4011e+07, 4.1102e-06
1.4500e+07, 4.0996e-06
1.4583e+07, 4.0978e-06
1.4583e+07, 4.0978e-06
1.5000e+07, 4.0888e-06
1.5155e+07, 4.0854e-06
1.5500e+07, 4.0779e-06
1.5727e+07, 4.0730e-06
1.6000e+07, 4.0670e-06
1.6299e+07, 4.0620e-06
1.6500e+07, 4.0587e-06
1.6871e+07, 4.0524e-06
1.7000e+07, 4.0503e-06
1.7442e+07, 4.0429e-06
1.7442e+07, 4.0429e-06
1.7500e+07, 4.0419e-06
1.8000e+07, 4.0335e-06
1.8014e+07, 4.0333e-06
1.8014e+07, 4.0333e-06
1.8500e+07, 4.0251e-06
1.8586e+07, 4.0237e-06
1.8586e+07, 4.0237e-06
1.9000e+07, 4.0168e-06
1.9158e+07, 4.0141e-06
1.9158e+07, 4.0141e-06
1.9500e+07, 4.0084e-06
1.9730e+07, 4.0045e-06
2.0000e+07, 4.0000e-06
