ebin, xs
1.0000e-05, 2.5304e+00
1.0625e-05, 2.4548e+00
1.1250e-05, 2.3857e+00
1.1875e-05, 2.3220e+00
1.2500e-05, 2.2633e+00
1.3750e-05, 2.1579e+00
1.5000e-05, 2.0661e+00
1.6250e-05, 1.9850e+00
1.7500e-05, 1.9128e+00
1.8750e-05, 1.8479e+00
2.0000e-05, 1.7893e+00
2.1875e-05, 1.7109e+00
2.3750e-05, 1.6419e+00
2.5625e-05, 1.5807e+00
2.7500e-05, 1.5259e+00
2.9375e-05, 1.4764e+00
3.1250e-05, 1.4314e+00
3.3125e-05, 1.3903e+00
3.5000e-05, 1.3526e+00
3.8750e-05, 1.2854e+00
4.2500e-05, 1.2274e+00
4.6250e-05, 1.1766e+00
5.0000e-05, 1.1316e+00
5.3125e-05, 1.0978e+00
5.6250e-05, 1.0669e+00
5.9375e-05, 1.0385e+00
6.2500e-05, 1.0122e+00
6.8750e-05, 9.6505e-01
7.5000e-05, 9.2397e-01
8.1250e-05, 8.8772e-01
8.7500e-05, 8.5543e-01
9.3750e-05, 8.2642e-01
1.0000e-04, 8.0018e-01
1.0625e-04, 7.7629e-01
1.1250e-04, 7.5442e-01
1.1875e-04, 7.3430e-01
1.2500e-04, 7.1570e-01
1.3750e-04, 6.8240e-01
1.5000e-04, 6.5334e-01
1.6250e-04, 6.2771e-01
1.7500e-04, 6.0488e-01
1.8750e-04, 5.8437e-01
2.0000e-04, 5.6581e-01
2.1875e-04, 5.4102e-01
2.3750e-04, 5.1923e-01
2.5625e-04, 4.9987e-01
2.7500e-04, 4.8253e-01
2.9375e-04, 4.6687e-01
3.1250e-04, 4.5265e-01
3.3125e-04, 4.3965e-01
3.5000e-04, 4.2771e-01
3.8750e-04, 4.0649e-01
4.2500e-04, 3.8814e-01
4.6250e-04, 3.7208e-01
5.0000e-04, 3.5785e-01
5.3125e-04, 3.4717e-01
5.6250e-04, 3.3739e-01
5.9375e-04, 3.2839e-01
6.2500e-04, 3.2007e-01
6.8750e-04, 3.0518e-01
7.5000e-04, 2.9219e-01
8.1250e-04, 2.8072e-01
8.7500e-04, 2.7051e-01
9.3750e-04, 2.6134e-01
1.0000e-03, 2.5304e-01
1.0625e-03, 2.4548e-01
1.1250e-03, 2.3857e-01
1.1875e-03, 2.3221e-01
1.2500e-03, 2.2633e-01
1.3750e-03, 2.1579e-01
1.5000e-03, 2.0661e-01
1.6250e-03, 1.9850e-01
1.7500e-03, 1.9128e-01
1.8750e-03, 1.8479e-01
2.0000e-03, 1.7893e-01
2.1875e-03, 1.7109e-01
2.3750e-03, 1.6419e-01
2.5625e-03, 1.5807e-01
2.7500e-03, 1.5259e-01
2.9375e-03, 1.4764e-01
3.1250e-03, 1.4314e-01
3.3125e-03, 1.3903e-01
3.5000e-03, 1.3526e-01
3.8750e-03, 1.2854e-01
4.2500e-03, 1.2274e-01
4.6250e-03, 1.1766e-01
5.0000e-03, 1.1316e-01
5.3125e-03, 1.0978e-01
5.6250e-03, 1.0669e-01
5.9375e-03, 1.0384e-01
6.2500e-03, 1.0121e-01
6.8750e-03, 9.6504e-02
7.5000e-03, 9.2396e-02
8.1250e-03, 8.8771e-02
8.7500e-03, 8.5541e-02
9.3750e-03, 8.2641e-02
1.0000e-02, 8.0016e-02
1.0625e-02, 7.7627e-02
1.1250e-02, 7.5440e-02
1.1875e-02, 7.3428e-02
1.2500e-02, 7.1568e-02
1.3750e-02, 6.8238e-02
1.5000e-02, 6.5332e-02
1.6250e-02, 6.2769e-02
1.7500e-02, 6.0486e-02
1.8750e-02, 5.8435e-02
2.0000e-02, 5.6579e-02
2.1325e-02, 5.4794e-02
2.2650e-02, 5.3167e-02
2.3975e-02, 5.1678e-02
2.5300e-02, 5.0307e-02
2.6844e-02, 4.8839e-02
2.8387e-02, 4.7493e-02
3.1475e-02, 4.5104e-02
3.4563e-02, 4.3043e-02
3.7650e-02, 4.1239e-02
4.0738e-02, 3.9645e-02
4.3825e-02, 3.8222e-02
4.6913e-02, 3.6942e-02
5.0000e-02, 3.5783e-02
5.3125e-02, 3.4715e-02
5.6250e-02, 3.3737e-02
5.9375e-02, 3.2838e-02
6.2500e-02, 3.2007e-02
6.8750e-02, 3.0518e-02
7.5000e-02, 2.9219e-02
8.1250e-02, 2.8072e-02
8.7500e-02, 2.7050e-02
9.3750e-02, 2.6132e-02
1.0000e-01, 2.5302e-02
1.0625e-01, 2.4546e-02
1.1250e-01, 2.3855e-02
1.1875e-01, 2.3220e-02
1.2500e-01, 2.2633e-02
1.3750e-01, 2.1580e-02
1.5000e-01, 2.0662e-02
1.6250e-01, 1.9850e-02
1.7500e-01, 1.9128e-02
1.8750e-01, 1.8479e-02
2.0000e-01, 1.7893e-02
2.1875e-01, 1.7109e-02
2.3750e-01, 1.6420e-02
2.5625e-01, 1.5807e-02
2.7500e-01, 1.5258e-02
2.9375e-01, 1.4762e-02
3.1250e-01, 1.4313e-02
3.3125e-01, 1.3903e-02
3.5000e-01, 1.3526e-02
3.8750e-01, 1.2857e-02
4.2500e-01, 1.2276e-02
5.0000e-01, 1.1319e-02
6.2500e-01, 1.0124e-02
7.5000e-01, 9.2405e-03
8.7500e-01, 8.5574e-03
1.0000e+00, 8.0066e-03
1.2500e+00, 7.1590e-03
1.5000e+00, 6.5341e-03
1.7500e+00, 6.0506e-03
2.0000e+00, 5.6602e-03
2.3750e+00, 5.1941e-03
2.7500e+00, 4.8279e-03
3.1250e+00, 4.5282e-03
3.5000e+00, 4.2783e-03
4.2500e+00, 3.8819e-03
5.0000e+00, 3.5791e-03
6.2500e+00, 3.2013e-03
7.5000e+00, 2.9221e-03
8.7500e+00, 2.7056e-03
1.0000e+01, 2.5311e-03
1.2500e+01, 2.2637e-03
1.5000e+01, 2.0664e-03
1.7500e+01, 1.9133e-03
2.0000e+01, 1.7898e-03
2.3750e+01, 1.6425e-03
2.7500e+01, 1.5266e-03
3.1250e+01, 1.4321e-03
3.5000e+01, 1.3532e-03
4.2500e+01, 1.2281e-03
5.0000e+01, 1.1324e-03
6.2500e+01, 1.0131e-03
7.5000e+01, 9.2502e-04
8.7500e+01, 8.5662e-04
1.0000e+02, 8.0150e-04
1.2500e+02, 7.1718e-04
1.5000e+02, 6.5497e-04
1.7500e+02, 6.0668e-04
2.0000e+02, 5.6776e-04
2.3750e+02, 5.2138e-04
2.7500e+02, 4.8487e-04
3.1250e+02, 4.5516e-04
3.5000e+02, 4.3039e-04
4.2500e+02, 3.9112e-04
5.0000e+02, 3.6111e-04
6.2500e+02, 3.2377e-04
7.5000e+02, 2.9628e-04
8.7500e+02, 2.7498e-04
1.0000e+03, 2.5787e-04
1.2500e+03, 2.3181e-04
1.5000e+03, 2.1272e-04
1.7500e+03, 1.9798e-04
2.0000e+03, 1.8620e-04
2.7500e+03, 1.6150e-04
3.5000e+03, 1.4572e-04
4.2500e+03, 1.3474e-04
5.0000e+03, 1.2669e-04
6.2500e+03, 1.1732e-04
7.5000e+03, 1.1113e-04
8.7500e+03, 1.0701e-04
1.0000e+04, 1.0432e-04
1.2500e+04, 1.0194e-04
1.5000e+04, 1.0240e-04
1.6250e+04, 1.0346e-04
1.7500e+04, 1.0500e-04
2.0000e+04, 1.0942e-04
2.5352e+04, 1.2503e-04
3.0704e+04, 1.4897e-04
3.6056e+04, 1.8422e-04
4.1409e+04, 2.3651e-04
4.4000e+04, 2.7353e-04
4.5120e+04, 3.0227e-04
4.5679e+04, 3.5286e-04
4.5819e+04, 3.8676e-04
4.5959e+04, 4.7413e-04
4.6029e+04, 5.4807e-04
4.6099e+04, 7.0338e-04
4.6134e+04, 8.2642e-04
4.6169e+04, 1.0545e-03
4.6204e+04, 1.4563e-03
4.6222e+04, 1.7956e-03
4.6239e+04, 2.3245e-03
4.6263e+04, 3.6319e-03
4.6274e+04, 4.7918e-03
4.6286e+04, 6.7345e-03
4.6298e+04, 1.0470e-02
4.6304e+04, 1.3888e-02
4.6310e+04, 2.0325e-02
4.6312e+04, 2.6599e-02
4.6315e+04, 3.7848e-02
4.6318e+04, 5.9163e-02
4.6321e+04, 9.9871e-02
4.6324e+04, 1.7521e-01
4.6326e+04, 2.3241e-01
4.6327e+04, 3.0677e-01
4.6329e+04, 4.0151e-01
4.6330e+04, 5.1964e-01
4.6332e+04, 6.6359e-01
4.6333e+04, 8.3350e-01
4.6335e+04, 1.0679e+00
4.6336e+04, 1.3359e+00
4.6340e+04, 1.9378e+00
4.6343e+04, 2.5291e+00
4.6345e+04, 2.7743e+00
4.6347e+04, 2.9610e+00
4.6348e+04, 3.0491e+00
4.6349e+04, 3.0970e+00
4.6350e+04, 3.1060e+00
4.6352e+04, 3.0587e+00
4.6353e+04, 2.9651e+00
4.6354e+04, 2.8279e+00
4.6356e+04, 2.6517e+00
4.6357e+04, 2.4473e+00
4.6361e+04, 1.8022e+00
4.6363e+04, 1.4782e+00
4.6364e+04, 1.1792e+00
4.6366e+04, 9.1368e-01
4.6368e+04, 6.8964e-01
4.6370e+04, 5.0824e-01
4.6372e+04, 3.6758e-01
4.6374e+04, 2.6114e-01
4.6376e+04, 1.8366e-01
4.6377e+04, 1.2890e-01
4.6379e+04, 9.1307e-02
4.6381e+04, 6.5725e-02
4.6383e+04, 4.8643e-02
4.6387e+04, 2.9684e-02
4.6390e+04, 2.0403e-02
4.6394e+04, 1.5577e-02
4.6402e+04, 1.0518e-02
4.6410e+04, 7.7713e-03
4.6418e+04, 6.0413e-03
4.6433e+04, 3.9943e-03
4.6449e+04, 2.8782e-03
4.6465e+04, 2.2171e-03
4.6480e+04, 1.7951e-03
4.6511e+04, 1.2653e-03
4.6574e+04, 8.1155e-04
4.6636e+04, 6.1340e-04
4.6771e+04, 4.5904e-04
4.6907e+04, 4.0536e-04
4.7178e+04, 3.6006e-04
4.7719e+04, 3.4578e-04
4.8860e+04, 3.6068e-04
5.0000e+04, 3.8423e-04
5.3851e+04, 4.9615e-04
5.5777e+04, 5.7174e-04
5.7703e+04, 6.6537e-04
5.9628e+04, 7.8293e-04
6.1554e+04, 9.2920e-04
6.3480e+04, 1.1221e-03
6.5405e+04, 1.3783e-03
6.6538e+04, 1.5732e-03
6.7671e+04, 1.8084e-03
6.8803e+04, 2.0951e-03
6.9936e+04, 2.4485e-03
7.1069e+04, 2.9074e-03
7.1635e+04, 3.1754e-03
7.2202e+04, 3.4932e-03
7.2768e+04, 3.8398e-03
7.3334e+04, 4.2519e-03
7.3901e+04, 4.7105e-03
7.4467e+04, 5.2511e-03
7.5104e+04, 5.9813e-03
7.5740e+04, 6.8450e-03
7.6377e+04, 7.8936e-03
7.7014e+04, 9.1701e-03
7.7651e+04, 1.0707e-02
7.8287e+04, 1.2627e-02
7.8924e+04, 1.4933e-02
7.9561e+04, 1.7720e-02
8.0018e+04, 2.0072e-02
8.0475e+04, 2.2650e-02
8.1390e+04, 2.8168e-02
8.1847e+04, 3.0858e-02
8.2304e+04, 3.3120e-02
8.2761e+04, 3.4626e-02
8.3219e+04, 3.5446e-02
8.3500e+04, 3.5352e-02
8.3852e+04, 3.4672e-02
8.4203e+04, 3.3422e-02
8.4555e+04, 3.1857e-02
8.4907e+04, 2.9900e-02
8.6313e+04, 2.1724e-02
8.7017e+04, 1.8149e-02
8.7368e+04, 1.6554e-02
8.7720e+04, 1.5145e-02
8.8072e+04, 1.3820e-02
8.8423e+04, 1.2655e-02
8.9127e+04, 1.0674e-02
8.9619e+04, 9.5472e-03
9.0111e+04, 8.5609e-03
9.1095e+04, 6.9548e-03
9.2079e+04, 5.7588e-03
9.2572e+04, 5.2526e-03
9.3064e+04, 4.8253e-03
9.4048e+04, 4.0934e-03
9.5032e+04, 3.5251e-03
9.6016e+04, 3.0616e-03
9.7000e+04, 2.6803e-03
9.8500e+04, 2.2287e-03
1.0000e+05, 1.8839e-03
1.0210e+05, 1.5269e-03
1.0419e+05, 1.2634e-03
1.0629e+05, 1.0642e-03
1.0839e+05, 9.1038e-04
1.1258e+05, 6.9635e-04
1.1678e+05, 5.5202e-04
1.2127e+05, 4.4826e-04
1.2577e+05, 3.7509e-04
1.3475e+05, 2.8307e-04
1.4374e+05, 2.3030e-04
1.5273e+05, 2.0021e-04
1.6232e+05, 1.8396e-04
1.7190e+05, 1.7999e-04
1.7424e+05, 1.8281e-04
1.7540e+05, 1.9222e-04
1.7598e+05, 2.2663e-04
1.7613e+05, 2.4332e-04
1.7628e+05, 2.9214e-04
1.7635e+05, 3.4537e-04
1.7642e+05, 4.4914e-04
1.7649e+05, 6.6816e-04
1.7653e+05, 9.1172e-04
1.7657e+05, 1.3943e-03
1.7658e+05, 1.7334e-03
1.7660e+05, 2.2435e-03
1.7661e+05, 3.1039e-03
1.7662e+05, 3.8227e-03
1.7662e+05, 5.0274e-03
1.7663e+05, 7.4361e-03
1.7663e+05, 9.5240e-03
1.7664e+05, 1.2650e-02
1.7664e+05, 1.7334e-02
1.7664e+05, 2.4288e-02
1.7665e+05, 3.4446e-02
1.7665e+05, 4.8962e-02
1.7666e+05, 6.9166e-02
1.7666e+05, 9.6463e-02
1.7667e+05, 1.7724e-01
1.7667e+05, 2.9603e-01
1.7668e+05, 4.4360e-01
1.7669e+05, 6.2599e-01
1.7669e+05, 6.9305e-01
1.7670e+05, 7.3166e-01
1.7670e+05, 7.3876e-01
1.7671e+05, 7.0124e-01
1.7671e+05, 6.2235e-01
1.7672e+05, 5.1798e-01
1.7673e+05, 2.9602e-01
1.7673e+05, 2.0266e-01
1.7674e+05, 1.3219e-01
1.7674e+05, 8.2265e-02
1.7675e+05, 4.9486e-02
1.7675e+05, 2.9658e-02
1.7676e+05, 1.8020e-02
1.7676e+05, 1.1450e-02
1.7677e+05, 7.8032e-03
1.7677e+05, 5.7511e-03
1.7678e+05, 4.5385e-03
1.7679e+05, 3.2269e-03
1.7681e+05, 2.0381e-03
1.7683e+05, 1.4603e-03
1.7685e+05, 1.1209e-03
1.7687e+05, 9.0054e-04
1.7691e+05, 6.5214e-04
1.7695e+05, 5.0656e-04
1.7699e+05, 4.1995e-04
1.7707e+05, 3.2551e-04
1.7724e+05, 2.5351e-04
1.7740e+05, 2.2467e-04
1.7773e+05, 2.0048e-04
1.7838e+05, 1.8906e-04
1.7968e+05, 1.8486e-04
1.8472e+05, 1.8854e-04
1.8976e+05, 1.9757e-04
1.9480e+05, 2.0824e-04
1.9984e+05, 2.2277e-04
2.0488e+05, 2.4100e-04
2.0992e+05, 2.6381e-04
2.2000e+05, 3.2181e-04
2.2000e+05, 3.2181e-04
2.2000e+05, 3.2181e-04
2.2000e+05, 3.2182e-04
2.2000e+05, 3.2182e-04
2.2000e+05, 3.2184e-04
2.2001e+05, 3.2187e-04
2.2002e+05, 3.2193e-04
2.2004e+05, 3.2206e-04
2.2010e+05, 3.2246e-04
2.2016e+05, 3.2286e-04
2.2018e+05, 3.2301e-04
2.2019e+05, 3.2307e-04
2.2021e+05, 3.2324e-04
2.2024e+05, 3.2341e-04
2.2029e+05, 3.2376e-04
2.2041e+05, 3.2458e-04
2.2051e+05, 3.2529e-04
2.2066e+05, 3.2632e-04
2.2087e+05, 3.2776e-04
2.2116e+05, 3.2983e-04
2.2146e+05, 3.3191e-04
2.2185e+05, 3.3465e-04
2.2223e+05, 3.3742e-04
2.2289e+05, 3.4217e-04
2.2384e+05, 3.4922e-04
2.2515e+05, 3.5918e-04
2.2657e+05, 3.7039e-04
2.2893e+05, 3.8963e-04
2.3194e+05, 4.1534e-04
2.3475e+05, 4.4016e-04
2.3925e+05, 4.8034e-04
2.4322e+05, 5.1462e-04
2.4730e+05, 5.4712e-04
2.4865e+05, 5.5732e-04
2.4933e+05, 5.6244e-04
2.4966e+05, 5.6504e-04
2.4983e+05, 5.6636e-04
2.4992e+05, 5.6702e-04
2.4996e+05, 5.6735e-04
2.5000e+05, 5.6768e-04
2.5000e+05, 5.6768e-04
2.5000e+05, 5.6769e-04
2.5000e+05, 5.6770e-04
2.5000e+05, 5.6771e-04
2.5001e+05, 5.6774e-04
2.5002e+05, 5.6780e-04
2.5003e+05, 5.6792e-04
2.5006e+05, 5.6815e-04
2.5012e+05, 5.6863e-04
2.5024e+05, 5.6959e-04
2.5048e+05, 5.7153e-04
2.5095e+05, 5.7557e-04
2.5227e+05, 5.8892e-04
2.5359e+05, 6.1070e-04
2.5500e+05, 6.7627e-04
2.5587e+05, 8.4916e-04
2.5609e+05, 9.6825e-04
2.5631e+05, 1.1875e-03
2.5644e+05, 1.4164e-03
2.5658e+05, 1.8056e-03
2.5666e+05, 2.2302e-03
2.5675e+05, 2.9200e-03
2.5680e+05, 3.6175e-03
2.5686e+05, 4.6823e-03
2.5690e+05, 6.0536e-03
2.5695e+05, 8.2536e-03
2.5698e+05, 1.0482e-02
2.5701e+05, 1.3858e-02
2.5703e+05, 1.7667e-02
2.5705e+05, 2.3403e-02
2.5708e+05, 3.6466e-02
2.5710e+05, 5.7152e-02
2.5712e+05, 8.6494e-02
2.5713e+05, 1.1539e-01
2.5714e+05, 1.5826e-01
2.5714e+05, 1.9905e-01
2.5715e+05, 2.4971e-01
2.5716e+05, 3.5758e-01
2.5717e+05, 4.4002e-01
2.5717e+05, 5.1603e-01
2.5718e+05, 5.8526e-01
2.5719e+05, 6.7102e-01
2.5720e+05, 7.1299e-01
2.5720e+05, 7.1815e-01
2.5720e+05, 7.1787e-01
2.5720e+05, 7.1773e-01
2.5720e+05, 7.1691e-01
2.5720e+05, 7.1664e-01
2.5720e+05, 7.1584e-01
2.5720e+05, 7.1508e-01
2.5720e+05, 7.1297e-01
2.5720e+05, 7.1243e-01
2.5720e+05, 7.1096e-01
2.5721e+05, 7.0932e-01
2.5721e+05, 7.0557e-01
2.5721e+05, 6.9615e-01
2.5721e+05, 6.7096e-01
2.5722e+05, 6.0582e-01
2.5722e+05, 5.4956e-01
2.5723e+05, 4.6691e-01
2.5724e+05, 3.9201e-01
2.5724e+05, 3.4863e-01
2.5724e+05, 3.4642e-01
2.5724e+05, 3.4094e-01
2.5724e+05, 3.3659e-01
2.5724e+05, 3.2694e-01
2.5724e+05, 3.0921e-01
2.5725e+05, 2.7490e-01
2.5726e+05, 1.8890e-01
2.5726e+05, 1.8758e-01
2.5726e+05, 1.8434e-01
2.5726e+05, 1.8178e-01
2.5726e+05, 1.7679e-01
2.5726e+05, 1.6725e-01
2.5727e+05, 1.4986e-01
2.5727e+05, 1.2114e-01
2.5727e+05, 1.1397e-01
2.5728e+05, 1.0973e-01
2.5728e+05, 9.4460e-02
2.5728e+05, 8.2005e-02
2.5729e+05, 7.9317e-02
2.5729e+05, 7.4120e-02
2.5729e+05, 6.9415e-02
2.5730e+05, 6.1267e-02
2.5731e+05, 4.8944e-02
2.5731e+05, 4.0886e-02
2.5732e+05, 3.7857e-02
2.5733e+05, 3.1536e-02
2.5734e+05, 2.6733e-02
2.5734e+05, 2.4839e-02
2.5736e+05, 1.9756e-02
2.5738e+05, 1.6157e-02
2.5741e+05, 1.1867e-02
2.5743e+05, 1.0193e-02
2.5744e+05, 8.8674e-03
2.5748e+05, 6.7011e-03
2.5752e+05, 5.2880e-03
2.5760e+05, 3.6313e-03
2.5767e+05, 2.7564e-03
2.5774e+05, 2.2102e-03
2.5792e+05, 1.4988e-03
2.5811e+05, 1.1595e-03
2.5830e+05, 9.7913e-04
2.5865e+05, 8.1400e-04
2.5899e+05, 7.3424e-04
2.6002e+05, 6.4414e-04
2.6105e+05, 6.1456e-04
2.6160e+05, 6.0597e-04
2.6168e+05, 6.0497e-04
2.6194e+05, 6.0182e-04
2.6221e+05, 5.9906e-04
2.6274e+05, 5.9423e-04
2.6380e+05, 5.8642e-04
2.6390e+05, 5.8576e-04
2.6416e+05, 5.8408e-04
2.6443e+05, 5.8244e-04
2.6495e+05, 5.7925e-04
2.6600e+05, 5.7304e-04
2.6625e+05, 5.7157e-04
2.6677e+05, 5.6844e-04
2.6730e+05, 5.6529e-04
2.6834e+05, 5.5883e-04
2.7044e+05, 5.4503e-04
2.7462e+05, 5.1418e-04
2.7750e+05, 4.9116e-04
2.7762e+05, 4.9020e-04
2.7795e+05, 4.8743e-04
2.7829e+05, 4.8466e-04
2.7897e+05, 4.7909e-04
2.8031e+05, 4.6791e-04
2.8038e+05, 4.6740e-04
2.8058e+05, 4.6571e-04
2.8078e+05, 4.6402e-04
2.8119e+05, 4.6065e-04
2.8200e+05, 4.5390e-04
2.8425e+05, 4.3535e-04
2.8650e+05, 4.1714e-04
2.9100e+05, 3.8244e-04
3.0000e+05, 3.2247e-04
3.0900e+05, 2.7634e-04
3.1800e+05, 2.4292e-04
3.2350e+05, 2.2798e-04
3.2366e+05, 2.2761e-04
3.2401e+05, 2.2680e-04
3.2436e+05, 2.2600e-04
3.2506e+05, 2.2446e-04
3.2646e+05, 2.2151e-04
3.2925e+05, 2.1633e-04
3.2939e+05, 2.1609e-04
3.2974e+05, 2.1552e-04
3.3008e+05, 2.1497e-04
3.3076e+05, 2.1392e-04
3.3213e+05, 2.1193e-04
3.3226e+05, 2.1174e-04
3.3264e+05, 2.1124e-04
3.3301e+05, 2.1076e-04
3.3376e+05, 2.0984e-04
3.3526e+05, 2.0819e-04
3.3825e+05, 2.0560e-04
3.3854e+05, 2.0540e-04
3.3952e+05, 2.0480e-04
3.4050e+05, 2.0431e-04
3.4075e+05, 2.0420e-04
3.4175e+05, 2.0383e-04
3.4275e+05, 2.0358e-04
3.4641e+05, 2.0361e-04
3.4650e+05, 2.0363e-04
3.4686e+05, 2.0372e-04
3.4722e+05, 2.0383e-04
3.4794e+05, 2.0410e-04
3.4938e+05, 2.0479e-04
3.4950e+05, 2.0486e-04
3.4978e+05, 2.0503e-04
3.5006e+05, 2.0521e-04
3.5063e+05, 2.0562e-04
3.5175e+05, 2.0651e-04
3.5400e+05, 2.0883e-04
3.5850e+05, 2.1564e-04
3.6075e+05, 2.2023e-04
3.6088e+05, 2.2052e-04
3.6123e+05, 2.2132e-04
3.6158e+05, 2.2214e-04
3.6228e+05, 2.2387e-04
3.6367e+05, 2.2754e-04
3.6413e+05, 2.2883e-04
3.6511e+05, 2.3176e-04
3.6610e+05, 2.3493e-04
3.6807e+05, 2.4179e-04
3.7200e+05, 2.5855e-04
3.7624e+05, 2.8182e-04
3.7669e+05, 2.8472e-04
3.7776e+05, 2.9181e-04
3.7882e+05, 2.9933e-04
3.8095e+05, 3.1597e-04
3.8325e+05, 3.3669e-04
3.8550e+05, 3.6003e-04
3.9037e+05, 4.2381e-04
3.9450e+05, 4.9710e-04
3.9709e+05, 5.5520e-04
4.0125e+05, 6.7513e-04
4.0387e+05, 7.7287e-04
4.0657e+05, 8.9701e-04
4.0955e+05, 1.0698e-03
4.1162e+05, 1.2162e-03
4.1355e+05, 1.3756e-03
4.1510e+05, 1.5220e-03
4.1556e+05, 1.5688e-03
4.1653e+05, 1.6715e-03
4.1785e+05, 1.8211e-03
4.1912e+05, 1.9744e-03
4.2067e+05, 2.1719e-03
4.2183e+05, 2.3234e-03
4.2299e+05, 2.4733e-03
4.2409e+05, 2.6090e-03
4.2479e+05, 2.6898e-03
4.2540e+05, 2.7562e-03
4.2585e+05, 2.8008e-03
4.2619e+05, 2.8334e-03
4.2669e+05, 2.8762e-03
4.2700e+05, 2.9007e-03
4.2736e+05, 2.9261e-03
4.2793e+05, 2.9613e-03
4.2829e+05, 2.9790e-03
4.2873e+05, 2.9968e-03
4.2945e+05, 3.0147e-03
4.2997e+05, 3.0190e-03
4.3000e+05, 3.0191e-03
4.3007e+05, 3.0190e-03
4.3013e+05, 3.0189e-03
4.3026e+05, 3.0183e-03
4.3052e+05, 3.0156e-03
4.3094e+05, 3.0077e-03
4.3138e+05, 2.9945e-03
4.3154e+05, 2.9882e-03
4.3163e+05, 2.9844e-03
4.3200e+05, 2.9671e-03
4.3232e+05, 2.9492e-03
4.3246e+05, 2.9407e-03
4.3264e+05, 2.9289e-03
4.3267e+05, 2.9273e-03
4.3273e+05, 2.9230e-03
4.3280e+05, 2.9186e-03
4.3292e+05, 2.9096e-03
4.3297e+05, 2.9062e-03
4.3309e+05, 2.8967e-03
4.3322e+05, 2.8869e-03
4.3348e+05, 2.8663e-03
4.3352e+05, 2.8624e-03
4.3370e+05, 2.8469e-03
4.3375e+05, 2.8423e-03
4.3393e+05, 2.8259e-03
4.3411e+05, 2.8090e-03
4.3448e+05, 2.7734e-03
4.3449e+05, 2.7720e-03
4.3454e+05, 2.7673e-03
4.3458e+05, 2.7626e-03
4.3467e+05, 2.7531e-03
4.3486e+05, 2.7337e-03
4.3523e+05, 2.6936e-03
4.3525e+05, 2.6909e-03
4.3532e+05, 2.6832e-03
4.3550e+05, 2.6632e-03
4.3567e+05, 2.6429e-03
4.3603e+05, 2.6013e-03
4.3606e+05, 2.5976e-03
4.3615e+05, 2.5865e-03
4.3624e+05, 2.5754e-03
4.3643e+05, 2.5529e-03
4.3680e+05, 2.5072e-03
4.3680e+05, 2.5065e-03
4.3683e+05, 2.5034e-03
4.3685e+05, 2.5004e-03
4.3690e+05, 2.4942e-03
4.3701e+05, 2.4805e-03
4.3712e+05, 2.4668e-03
4.3733e+05, 2.4392e-03
4.3777e+05, 2.3835e-03
4.3864e+05, 2.2709e-03
4.3990e+05, 2.1082e-03
4.3993e+05, 2.1046e-03
4.4000e+05, 2.0950e-03
4.4008e+05, 2.0855e-03
4.4023e+05, 2.0665e-03
4.4053e+05, 2.0288e-03
4.4113e+05, 1.9545e-03
4.4233e+05, 1.8111e-03
4.4454e+05, 1.5694e-03
4.4455e+05, 1.5682e-03
4.4460e+05, 1.5633e-03
4.4465e+05, 1.5584e-03
4.4475e+05, 1.5486e-03
4.4494e+05, 1.5294e-03
4.4533e+05, 1.4915e-03
4.4610e+05, 1.4187e-03
4.4613e+05, 1.4161e-03
4.4615e+05, 1.4140e-03
4.4622e+05, 1.4074e-03
4.4629e+05, 1.4010e-03
4.4644e+05, 1.3881e-03
4.4672e+05, 1.3627e-03
4.4675e+05, 1.3602e-03
4.4687e+05, 1.3502e-03
4.4698e+05, 1.3403e-03
4.4721e+05, 1.3207e-03
4.4724e+05, 1.3183e-03
4.4727e+05, 1.3160e-03
4.4737e+05, 1.3080e-03
4.4746e+05, 1.3000e-03
4.4765e+05, 1.2842e-03
4.4768e+05, 1.2824e-03
4.4775e+05, 1.2766e-03
4.4782e+05, 1.2708e-03
4.4796e+05, 1.2593e-03
4.4825e+05, 1.2366e-03
4.4883e+05, 1.1927e-03
4.4940e+05, 1.1507e-03
4.4969e+05, 1.1305e-03
4.4984e+05, 1.1205e-03
4.4991e+05, 1.1155e-03
4.4998e+05, 1.1106e-03
4.5000e+05, 1.1091e-03
4.5000e+05, 1.1091e-03
4.5000e+05, 1.1091e-03
4.5000e+05, 1.1090e-03
4.5000e+05, 1.1089e-03
4.5001e+05, 1.1087e-03
4.5001e+05, 1.1083e-03
4.5002e+05, 1.1075e-03
4.5005e+05, 1.1059e-03
4.5011e+05, 1.1019e-03
4.5017e+05, 1.0979e-03
4.5029e+05, 1.0899e-03
4.5052e+05, 1.0743e-03
4.5100e+05, 1.0441e-03
4.5195e+05, 9.8646e-04
4.5386e+05, 8.8314e-04
4.5669e+05, 7.5586e-04
4.5952e+05, 6.5318e-04
4.6367e+05, 5.3757e-04
4.6781e+05, 4.5118e-04
4.7324e+05, 3.8021e-04
4.7444e+05, 4.1916e-04
4.7482e+05, 5.3488e-04
4.7492e+05, 6.1721e-04
4.7502e+05, 7.7105e-04
4.7507e+05, 9.4359e-04
4.7513e+05, 1.2505e-03
4.7519e+05, 1.8082e-03
4.7522e+05, 2.3749e-03
4.7525e+05, 3.3897e-03
4.7526e+05, 4.2491e-03
4.7528e+05, 5.6636e-03
4.7529e+05, 8.3485e-03
4.7530e+05, 1.0674e-02
4.7530e+05, 1.4078e-02
4.7532e+05, 2.2672e-02
4.7533e+05, 3.7728e-02
4.7534e+05, 6.7929e-02
4.7535e+05, 1.1026e-01
4.7536e+05, 1.5526e-01
4.7537e+05, 1.8309e-01
4.7537e+05, 1.8406e-01
4.7537e+05, 1.8646e-01
4.7537e+05, 1.8839e-01
4.7537e+05, 1.9270e-01
4.7537e+05, 1.9366e-01
4.7537e+05, 1.9604e-01
4.7537e+05, 1.9795e-01
4.7537e+05, 2.0221e-01
4.7537e+05, 2.0315e-01
4.7537e+05, 2.0550e-01
4.7537e+05, 2.0736e-01
4.7537e+05, 2.1154e-01
4.7537e+05, 2.1246e-01
4.7537e+05, 2.1475e-01
4.7537e+05, 2.1657e-01
4.7537e+05, 2.2062e-01
4.7538e+05, 2.2151e-01
4.7538e+05, 2.2372e-01
4.7538e+05, 2.2548e-01
4.7538e+05, 2.2937e-01
4.7538e+05, 2.3023e-01
4.7538e+05, 2.3235e-01
4.7538e+05, 2.3403e-01
4.7538e+05, 2.3773e-01
4.7538e+05, 2.3854e-01
4.7538e+05, 2.4055e-01
4.7538e+05, 2.4213e-01
4.7538e+05, 2.4562e-01
4.7538e+05, 2.4638e-01
4.7538e+05, 2.4825e-01
4.7538e+05, 2.4972e-01
4.7538e+05, 2.5295e-01
4.7538e+05, 2.5366e-01
4.7538e+05, 2.5538e-01
4.7538e+05, 2.5673e-01
4.7538e+05, 2.5968e-01
4.7539e+05, 2.6031e-01
4.7539e+05, 2.6279e-01
4.7539e+05, 2.6339e-01
4.7539e+05, 2.6572e-01
4.7539e+05, 2.6629e-01
4.7539e+05, 2.6767e-01
4.7539e+05, 2.6874e-01
4.7539e+05, 2.7103e-01
4.7539e+05, 2.7152e-01
4.7539e+05, 2.7270e-01
4.7539e+05, 2.7361e-01
4.7539e+05, 2.7554e-01
4.7539e+05, 2.7595e-01
4.7539e+05, 2.7749e-01
4.7539e+05, 2.7785e-01
4.7539e+05, 2.7873e-01
4.7539e+05, 2.7938e-01
4.7539e+05, 2.8074e-01
4.7539e+05, 2.8101e-01
4.7539e+05, 2.8166e-01
4.7540e+05, 2.8214e-01
4.7540e+05, 2.8309e-01
4.7540e+05, 2.8328e-01
4.7540e+05, 2.8386e-01
4.7540e+05, 2.8432e-01
4.7540e+05, 2.8491e-01
4.7540e+05, 2.8495e-01
4.7540e+05, 2.8503e-01
4.7540e+05, 2.8505e-01
4.7540e+05, 2.8495e-01
4.7540e+05, 2.8491e-01
4.7540e+05, 2.8467e-01
4.7540e+05, 2.8432e-01
4.7540e+05, 2.8327e-01
4.7540e+05, 2.8309e-01
4.7540e+05, 2.8258e-01
4.7540e+05, 2.8214e-01
4.7541e+05, 2.8101e-01
4.7541e+05, 2.8073e-01
4.7541e+05, 2.8000e-01
4.7541e+05, 2.7938e-01
4.7541e+05, 2.7785e-01
4.7541e+05, 2.7748e-01
4.7541e+05, 2.7594e-01
4.7541e+05, 2.7554e-01
4.7541e+05, 2.7383e-01
4.7541e+05, 2.7338e-01
4.7541e+05, 2.7151e-01
4.7541e+05, 2.7102e-01
4.7541e+05, 2.6976e-01
4.7541e+05, 2.6872e-01
4.7541e+05, 2.6628e-01
4.7541e+05, 2.6571e-01
4.7541e+05, 2.6338e-01
4.7541e+05, 2.6278e-01
4.7541e+05, 2.6030e-01
4.7542e+05, 2.5966e-01
4.7542e+05, 2.5804e-01
4.7542e+05, 2.5672e-01
4.7542e+05, 2.5364e-01
4.7542e+05, 2.5294e-01
4.7542e+05, 2.5116e-01
4.7542e+05, 2.4971e-01
4.7542e+05, 2.4636e-01
4.7542e+05, 2.4560e-01
4.7542e+05, 2.4290e-01
4.7542e+05, 2.4013e-01
4.7542e+05, 2.3443e-01
4.7542e+05, 2.3359e-01
4.7542e+05, 2.3149e-01
4.7542e+05, 2.2979e-01
4.7542e+05, 2.2590e-01
4.7542e+05, 2.2502e-01
4.7542e+05, 2.2194e-01
4.7543e+05, 2.1881e-01
4.7543e+05, 2.1244e-01
4.7543e+05, 2.1152e-01
4.7543e+05, 2.0921e-01
4.7543e+05, 2.0735e-01
4.7543e+05, 2.0313e-01
4.7543e+05, 2.0219e-01
4.7543e+05, 1.9888e-01
4.7543e+05, 1.9555e-01
4.7543e+05, 1.8885e-01
4.7543e+05, 1.8789e-01
4.7543e+05, 1.8548e-01
4.7543e+05, 1.8356e-01
4.7543e+05, 1.7922e-01
4.7543e+05, 1.7825e-01
4.7543e+05, 1.7488e-01
4.7544e+05, 1.7151e-01
4.7544e+05, 1.6478e-01
4.7544e+05, 1.6382e-01
4.7544e+05, 1.6048e-01
4.7544e+05, 1.5714e-01
4.7544e+05, 1.5053e-01
4.7544e+05, 1.3803e-01
4.7545e+05, 1.1439e-01
4.7545e+05, 1.1026e-01
4.7545e+05, 1.0621e-01
4.7545e+05, 9.8381e-02
4.7545e+05, 9.4606e-02
4.7546e+05, 8.7344e-02
4.7546e+05, 8.3860e-02
4.7546e+05, 7.4001e-02
4.7546e+05, 7.0915e-02
4.7546e+05, 6.5041e-02
4.7546e+05, 6.2252e-02
4.7546e+05, 5.6967e-02
4.7547e+05, 5.4469e-02
4.7547e+05, 4.9754e-02
4.7547e+05, 4.5402e-02
4.7547e+05, 4.1400e-02
4.7548e+05, 3.4375e-02
4.7548e+05, 3.1317e-02
4.7548e+05, 2.8536e-02
4.7549e+05, 2.1671e-02
4.7550e+05, 1.2744e-02
4.7551e+05, 8.2216e-03
4.7552e+05, 6.3394e-03
4.7553e+05, 5.1359e-03
4.7555e+05, 3.7004e-03
4.7557e+05, 2.7244e-03
4.7559e+05, 2.1366e-03
4.7563e+05, 1.5430e-03
4.7567e+05, 1.2046e-03
4.7572e+05, 9.4702e-04
4.7577e+05, 7.8959e-04
4.7586e+05, 6.3295e-04
4.7595e+05, 5.4511e-04
4.7616e+05, 4.4127e-04
4.7637e+05, 3.9672e-04
4.7662e+05, 3.7004e-04
4.7712e+05, 3.4388e-04
4.7725e+05, 3.3964e-04
4.7756e+05, 3.3165e-04
4.7788e+05, 3.2543e-04
4.7851e+05, 3.1579e-04
4.7977e+05, 3.0150e-04
4.8229e+05, 2.7930e-04
4.8812e+05, 2.4384e-04
4.8814e+05, 2.4376e-04
4.8820e+05, 2.4348e-04
4.8827e+05, 2.4320e-04
4.8844e+05, 2.4248e-04
4.8861e+05, 2.4177e-04
4.8894e+05, 2.4045e-04
4.8962e+05, 2.3802e-04
4.9097e+05, 2.3455e-04
4.9104e+05, 2.3443e-04
4.9130e+05, 2.3407e-04
4.9157e+05, 2.3384e-04
4.9237e+05, 2.3407e-04
4.9239e+05, 2.3410e-04
4.9245e+05, 2.3420e-04
4.9252e+05, 2.3431e-04
4.9265e+05, 2.3460e-04
4.9291e+05, 2.3535e-04
4.9343e+05, 2.3786e-04
4.9345e+05, 2.3799e-04
4.9350e+05, 2.3836e-04
4.9356e+05, 2.3875e-04
4.9367e+05, 2.3962e-04
4.9389e+05, 2.4171e-04
4.9434e+05, 2.4749e-04
4.9523e+05, 2.7018e-04
4.9571e+05, 2.9516e-04
4.9618e+05, 3.4089e-04
4.9619e+05, 3.4141e-04
4.9620e+05, 3.4249e-04
4.9621e+05, 3.4358e-04
4.9622e+05, 3.4581e-04
4.9625e+05, 3.5047e-04
4.9632e+05, 3.6052e-04
4.9645e+05, 3.8405e-04
4.9646e+05, 3.8505e-04
4.9647e+05, 3.8904e-04
4.9649e+05, 3.9315e-04
4.9653e+05, 4.0182e-04
4.9661e+05, 4.2100e-04
4.9676e+05, 4.6873e-04
4.9677e+05, 4.7017e-04
4.9678e+05, 4.7429e-04
4.9679e+05, 4.7852e-04
4.9681e+05, 4.8727e-04
4.9686e+05, 5.0611e-04
4.9695e+05, 5.4961e-04
4.9713e+05, 6.6920e-04
4.9738e+05, 9.6714e-04
4.9740e+05, 1.0131e-03
4.9743e+05, 1.0653e-03
4.9747e+05, 1.1542e-03
4.9754e+05, 1.3466e-03
4.9762e+05, 1.5991e-03
4.9766e+05, 1.7857e-03
4.9770e+05, 2.0079e-03
4.9774e+05, 2.2115e-03
4.9777e+05, 2.4462e-03
4.9781e+05, 2.7470e-03
4.9784e+05, 3.1005e-03
4.9786e+05, 3.3483e-03
4.9789e+05, 3.6211e-03
4.9791e+05, 3.9880e-03
4.9794e+05, 4.3942e-03
4.9797e+05, 4.8081e-03
4.9799e+05, 5.2520e-03
4.9803e+05, 5.9271e-03
4.9806e+05, 6.5603e-03
4.9809e+05, 7.1620e-03
4.9814e+05, 7.8622e-03
4.9819e+05, 8.1930e-03
4.9820e+05, 8.2033e-03
4.9821e+05, 8.1924e-03
4.9821e+05, 8.1850e-03
4.9822e+05, 8.1544e-03
4.9823e+05, 8.1092e-03
4.9825e+05, 7.9785e-03
4.9828e+05, 7.5725e-03
4.9830e+05, 7.3246e-03
4.9833e+05, 6.6672e-03
4.9833e+05, 6.6484e-03
4.9834e+05, 6.5861e-03
4.9834e+05, 6.5235e-03
4.9835e+05, 6.3975e-03
4.9836e+05, 6.1457e-03
4.9839e+05, 5.6449e-03
4.9844e+05, 4.7047e-03
4.9855e+05, 3.1650e-03
4.9864e+05, 2.3897e-03
4.9870e+05, 2.0039e-03
4.9876e+05, 1.7044e-03
4.9882e+05, 1.4469e-03
4.9889e+05, 1.2470e-03
4.9898e+05, 1.0465e-03
4.9906e+05, 8.9669e-04
4.9917e+05, 7.5645e-04
4.9928e+05, 6.5352e-04
4.9937e+05, 5.9252e-04
4.9937e+05, 5.9187e-04
4.9937e+05, 5.9049e-04
4.9937e+05, 5.8913e-04
4.9938e+05, 5.8648e-04
4.9938e+05, 5.8126e-04
4.9940e+05, 5.7108e-04
4.9943e+05, 5.5192e-04
4.9950e+05, 5.1752e-04
4.9963e+05, 4.6179e-04
4.9979e+05, 4.1153e-04
4.9979e+05, 4.1101e-04
4.9980e+05, 4.0966e-04
4.9981e+05, 4.0628e-04
4.9982e+05, 4.0301e-04
4.9985e+05, 3.9667e-04
4.9990e+05, 3.8483e-04
5.0000e+05, 3.6383e-04
5.0000e+05, 3.6326e-04
5.0001e+05, 3.6199e-04
5.0002e+05, 3.6076e-04
5.0003e+05, 3.5832e-04
5.0006e+05, 3.5359e-04
5.0011e+05, 3.4470e-04
5.0022e+05, 3.2896e-04
5.0043e+05, 3.0361e-04
5.0064e+05, 2.8471e-04
5.0064e+05, 2.8439e-04
5.0065e+05, 2.8347e-04
5.0066e+05, 2.8256e-04
5.0069e+05, 2.8078e-04
5.0073e+05, 2.7740e-04
5.0083e+05, 2.7115e-04
5.0101e+05, 2.6031e-04
5.0138e+05, 2.4378e-04
5.0241e+05, 2.1748e-04
5.0244e+05, 2.1694e-04
5.0253e+05, 2.1556e-04
5.0261e+05, 2.1427e-04
5.0277e+05, 2.1189e-04
5.0310e+05, 2.0764e-04
5.0376e+05, 2.0107e-04
5.0380e+05, 2.0075e-04
5.0384e+05, 2.0048e-04
5.0391e+05, 1.9985e-04
5.0399e+05, 1.9923e-04
5.0415e+05, 1.9808e-04
5.0447e+05, 1.9594e-04
5.0510e+05, 1.9233e-04
5.0512e+05, 1.9221e-04
5.0518e+05, 1.9191e-04
5.0524e+05, 1.9161e-04
5.0539e+05, 1.9092e-04
5.0553e+05, 1.9025e-04
5.0583e+05, 1.8900e-04
5.0642e+05, 1.8680e-04
5.0647e+05, 1.8663e-04
5.0663e+05, 1.8610e-04
5.0679e+05, 1.8560e-04
5.0711e+05, 1.8466e-04
5.0775e+05, 1.8298e-04
5.0782e+05, 1.8280e-04
5.0798e+05, 1.8243e-04
5.0815e+05, 1.8207e-04
5.0847e+05, 1.8141e-04
5.0911e+05, 1.8022e-04
5.1040e+05, 1.7836e-04
5.1053e+05, 1.7821e-04
5.1084e+05, 1.7787e-04
5.1116e+05, 1.7758e-04
5.1179e+05, 1.7707e-04
5.1305e+05, 1.7643e-04
5.1459e+05, 1.7634e-04
5.1491e+05, 1.7641e-04
5.1618e+05, 1.7701e-04
5.1745e+05, 1.7815e-04
5.1873e+05, 1.7980e-04
5.1936e+05, 1.8085e-04
5.1968e+05, 1.8145e-04
5.1984e+05, 1.8175e-04
5.1992e+05, 1.8368e-04
5.1996e+05, 2.0606e-04
5.2000e+05, 3.8632e-04
5.2344e+05, 3.8527e-04
5.2580e+05, 3.8456e-04
5.2817e+05, 3.8385e-04
5.3148e+05, 3.8286e-04
5.3432e+05, 3.8202e-04
5.3574e+05, 3.8160e-04
5.3905e+05, 3.8063e-04
5.4188e+05, 3.7981e-04
5.4567e+05, 3.7872e-04
5.4898e+05, 3.7778e-04
5.5555e+05, 3.7593e-04
5.6434e+05, 3.7350e-04
5.7488e+05, 3.7066e-04
5.8717e+05, 3.6744e-04
5.9947e+05, 3.6431e-04
6.0000e+05, 3.6418e-04
6.0825e+05, 3.6232e-04
6.0872e+05, 3.6221e-04
6.1703e+05, 3.6037e-04
6.2406e+05, 3.5885e-04
6.2757e+05, 3.5809e-04
6.2933e+05, 3.5772e-04
6.3284e+05, 3.5697e-04
6.3636e+05, 3.5623e-04
6.3811e+05, 3.5586e-04
6.4106e+05, 3.5524e-04
6.4133e+05, 3.5519e-04
6.4160e+05, 3.5513e-04
6.4187e+05, 3.5508e-04
6.4201e+05, 3.5505e-04
6.4241e+05, 3.5496e-04
6.4282e+05, 3.5488e-04
6.4309e+05, 3.5482e-04
6.4338e+05, 3.5476e-04
6.4349e+05, 3.5474e-04
6.4403e+05, 3.5463e-04
6.4457e+05, 3.5452e-04
6.4514e+05, 3.5440e-04
6.4593e+05, 3.5424e-04
6.4755e+05, 3.5391e-04
6.4865e+05, 3.5368e-04
6.4957e+05, 3.5349e-04
6.5066e+05, 3.5327e-04
6.5217e+05, 3.5296e-04
6.5471e+05, 3.5245e-04
6.5660e+05, 3.5207e-04
6.5822e+05, 3.5174e-04
6.5919e+05, 3.5155e-04
6.6270e+05, 3.5084e-04
6.6446e+05, 3.5050e-04
6.6798e+05, 3.4980e-04
6.6973e+05, 3.4946e-04
6.7500e+05, 3.4843e-04
6.8027e+05, 3.4742e-04
6.8554e+05, 3.4641e-04
6.9257e+05, 3.4509e-04
6.9959e+05, 3.4378e-04
7.0000e+05, 3.4371e-04
7.0662e+05, 3.4264e-04
7.1365e+05, 3.4152e-04
7.1892e+05, 3.4069e-04
7.2243e+05, 3.4014e-04
7.2594e+05, 3.3960e-04
7.2946e+05, 3.3905e-04
7.2998e+05, 3.3897e-04
7.3038e+05, 3.3891e-04
7.3066e+05, 3.3887e-04
7.3120e+05, 3.3879e-04
7.3255e+05, 3.3858e-04
7.3295e+05, 3.3852e-04
7.3444e+05, 3.3829e-04
7.3674e+05, 3.3794e-04
7.3849e+05, 3.3768e-04
7.4175e+05, 3.3718e-04
7.5053e+05, 3.3587e-04
7.5932e+05, 3.3458e-04
7.6810e+05, 3.3331e-04
7.7513e+05, 3.3231e-04
7.8215e+05, 3.3132e-04
7.8567e+05, 3.3083e-04
7.9094e+05, 3.3010e-04
7.9796e+05, 3.2913e-04
8.0000e+05, 3.2886e-04
8.0015e+05, 3.2884e-04
8.0177e+05, 3.2865e-04
8.0258e+05, 3.2856e-04
8.0745e+05, 3.2800e-04
8.1069e+05, 3.2763e-04
8.1231e+05, 3.2745e-04
8.1393e+05, 3.2727e-04
8.1474e+05, 3.2718e-04
8.1555e+05, 3.2709e-04
8.1718e+05, 3.2690e-04
8.2042e+05, 3.2654e-04
8.2285e+05, 3.2627e-04
8.2528e+05, 3.2600e-04
8.2934e+05, 3.2555e-04
8.3258e+05, 3.2519e-04
8.3420e+05, 3.2502e-04
8.3582e+05, 3.2484e-04
8.3744e+05, 3.2466e-04
8.3906e+05, 3.2449e-04
8.4150e+05, 3.2422e-04
8.4312e+05, 3.2405e-04
8.4393e+05, 3.2396e-04
8.4555e+05, 3.2379e-04
8.4717e+05, 3.2361e-04
8.4879e+05, 3.2344e-04
8.5042e+05, 3.2327e-04
8.5204e+05, 3.2309e-04
8.5366e+05, 3.2292e-04
8.5528e+05, 3.2275e-04
8.5690e+05, 3.2258e-04
8.5933e+05, 3.2232e-04
8.6177e+05, 3.2207e-04
8.6339e+05, 3.2190e-04
8.6663e+05, 3.2156e-04
8.6906e+05, 3.2130e-04
8.7312e+05, 3.2089e-04
8.7960e+05, 3.2022e-04
8.8447e+05, 3.1972e-04
8.8690e+05, 3.1948e-04
8.8852e+05, 3.1932e-04
8.9014e+05, 3.1915e-04
8.9257e+05, 3.1891e-04
8.9501e+05, 3.1866e-04
8.9663e+05, 3.1850e-04
8.9973e+05, 3.1819e-04
9.0000e+05, 3.1817e-04
9.1533e+05, 3.2302e-04
9.2952e+05, 3.2749e-04
9.4229e+05, 3.3152e-04
9.4938e+05, 3.3375e-04
9.5025e+05, 3.3403e-04
9.5106e+05, 3.3428e-04
9.5133e+05, 3.3437e-04
9.5160e+05, 3.3445e-04
9.5187e+05, 3.3454e-04
9.5201e+05, 3.3458e-04
9.5228e+05, 3.3466e-04
9.5255e+05, 3.3475e-04
9.5282e+05, 3.3483e-04
9.5309e+05, 3.3492e-04
9.5363e+05, 3.3509e-04
9.5417e+05, 3.3526e-04
9.5506e+05, 3.3554e-04
9.6215e+05, 3.3777e-04
9.6783e+05, 3.3955e-04
9.7634e+05, 3.4222e-04
9.8627e+05, 3.4534e-04
9.9762e+05, 3.4889e-04
1.0000e+06, 3.4964e-04
1.0104e+06, 3.4976e-04
1.0142e+06, 3.4981e-04
1.0175e+06, 3.4985e-04
1.0198e+06, 3.4988e-04
1.0213e+06, 3.4989e-04
1.0216e+06, 3.4990e-04
1.0220e+06, 3.4990e-04
1.0224e+06, 3.4991e-04
1.0231e+06, 3.4992e-04
1.0239e+06, 3.4993e-04
1.0242e+06, 3.4993e-04
1.0246e+06, 3.4993e-04
1.0254e+06, 3.4994e-04
1.0257e+06, 3.4995e-04
1.0261e+06, 3.4995e-04
1.0268e+06, 3.4996e-04
1.0272e+06, 3.4997e-04
1.0276e+06, 3.4997e-04
1.0280e+06, 3.4997e-04
1.0288e+06, 3.4998e-04
1.0302e+06, 3.5000e-04
1.0331e+06, 3.5003e-04
1.0343e+06, 3.5005e-04
1.0365e+06, 3.5007e-04
1.0373e+06, 3.5008e-04
1.0388e+06, 3.5010e-04
1.0402e+06, 3.5012e-04
1.0417e+06, 3.5014e-04
1.0430e+06, 3.5015e-04
1.0473e+06, 3.5020e-04
1.0530e+06, 3.5027e-04
1.0572e+06, 3.5032e-04
1.0615e+06, 3.5036e-04
1.0625e+06, 3.5038e-04
1.0629e+06, 3.5038e-04
1.0632e+06, 3.5038e-04
1.0636e+06, 3.5039e-04
1.0640e+06, 3.5039e-04
1.0644e+06, 3.5040e-04
1.0671e+06, 3.5043e-04
1.0700e+06, 3.5046e-04
1.0728e+06, 3.5049e-04
1.0756e+06, 3.5053e-04
1.0785e+06, 3.5056e-04
1.0828e+06, 3.5061e-04
1.0870e+06, 3.5065e-04
1.0913e+06, 3.5070e-04
1.0941e+06, 3.5073e-04
1.0979e+06, 3.5077e-04
1.1090e+06, 3.5090e-04
1.1228e+06, 3.5105e-04
1.1312e+06, 3.5114e-04
1.1395e+06, 3.5123e-04
1.1478e+06, 3.5132e-04
1.1561e+06, 3.5140e-04
1.1699e+06, 3.5155e-04
1.1866e+06, 3.5172e-04
1.1949e+06, 3.5181e-04
1.1976e+06, 3.5184e-04
1.2032e+06, 3.5189e-04
1.2087e+06, 3.5195e-04
1.2170e+06, 3.5203e-04
1.2253e+06, 3.5211e-04
1.2420e+06, 3.5228e-04
1.2558e+06, 3.5242e-04
1.2669e+06, 3.5252e-04
1.2716e+06, 3.5257e-04
1.2752e+06, 3.5260e-04
1.2776e+06, 3.5263e-04
1.2784e+06, 3.5263e-04
1.2793e+06, 3.5264e-04
1.2797e+06, 3.5265e-04
1.2809e+06, 3.5266e-04
1.2817e+06, 3.5266e-04
1.2825e+06, 3.5267e-04
1.2829e+06, 3.5268e-04
1.2841e+06, 3.5269e-04
1.2863e+06, 3.5271e-04
1.2878e+06, 3.5272e-04
1.2894e+06, 3.5274e-04
1.2902e+06, 3.5275e-04
1.2910e+06, 3.5275e-04
1.2914e+06, 3.5276e-04
1.2926e+06, 3.5277e-04
1.2934e+06, 3.5278e-04
1.2947e+06, 3.5279e-04
1.2959e+06, 3.5280e-04
1.2963e+06, 3.5280e-04
1.2979e+06, 3.5282e-04
1.2991e+06, 3.5283e-04
1.2999e+06, 3.5284e-04
1.3008e+06, 3.5285e-04
1.3016e+06, 3.5285e-04
1.3032e+06, 3.5287e-04
1.3044e+06, 3.5288e-04
1.3056e+06, 3.5289e-04
1.3072e+06, 3.5291e-04
1.3093e+06, 3.5293e-04
1.3109e+06, 3.5294e-04
1.3125e+06, 3.5296e-04
1.3140e+06, 3.5297e-04
1.3153e+06, 3.5298e-04
1.3162e+06, 3.5299e-04
1.3167e+06, 3.5300e-04
1.3186e+06, 3.5301e-04
1.3190e+06, 3.5302e-04
1.3198e+06, 3.5302e-04
1.3202e+06, 3.5303e-04
1.3222e+06, 3.5305e-04
1.3263e+06, 3.5308e-04
1.3279e+06, 3.5310e-04
1.3361e+06, 3.5317e-04
1.3528e+06, 3.5333e-04
1.3694e+06, 3.5348e-04
1.3777e+06, 3.5355e-04
1.3860e+06, 3.5362e-04
1.3943e+06, 3.5370e-04
1.3971e+06, 3.5372e-04
1.4026e+06, 3.5377e-04
1.4192e+06, 3.5392e-04
1.4262e+06, 3.5397e-04
1.4262e+06, 3.5398e-04
1.4262e+06, 3.5398e-04
1.4276e+06, 3.4952e-04
1.4331e+06, 3.3310e-04
1.4386e+06, 3.1735e-04
1.4414e+06, 3.0978e-04
1.4442e+06, 3.0240e-04
1.4552e+06, 2.7473e-04
1.4636e+06, 2.5577e-04
1.4638e+06, 2.5523e-04
1.4719e+06, 2.3822e-04
1.4774e+06, 2.2725e-04
1.4829e+06, 2.1681e-04
1.4940e+06, 1.9747e-04
1.4998e+06, 1.8806e-04
1.5000e+06, 1.8781e-04
1.5274e+06, 1.8223e-04
1.5377e+06, 1.8020e-04
1.5550e+06, 1.7689e-04
1.5619e+06, 1.7559e-04
1.5653e+06, 1.7495e-04
1.5688e+06, 1.7431e-04
1.5722e+06, 1.7368e-04
1.5825e+06, 1.7179e-04
1.5929e+06, 1.6994e-04
1.5998e+06, 1.6872e-04
1.6066e+06, 1.6752e-04
1.6135e+06, 1.6633e-04
1.6170e+06, 1.6574e-04
1.6202e+06, 1.6520e-04
1.6273e+06, 1.6399e-04
1.6342e+06, 1.6284e-04
1.6480e+06, 1.6058e-04
1.6583e+06, 1.5892e-04
1.6652e+06, 1.5783e-04
1.6756e+06, 1.5621e-04
1.6769e+06, 1.5601e-04
1.6859e+06, 1.5462e-04
1.6962e+06, 1.5305e-04
1.6997e+06, 1.5254e-04
1.7031e+06, 1.5202e-04
1.7066e+06, 1.5151e-04
1.7100e+06, 1.5100e-04
1.7135e+06, 1.5050e-04
1.7169e+06, 1.5000e-04
1.7204e+06, 1.4950e-04
1.7272e+06, 1.4851e-04
1.7341e+06, 1.4752e-04
1.7376e+06, 1.4704e-04
1.7445e+06, 1.4607e-04
1.7479e+06, 1.4559e-04
1.7500e+06, 1.4531e-04
1.7548e+06, 1.4464e-04
1.7617e+06, 1.4370e-04
1.7652e+06, 1.4324e-04
1.7789e+06, 1.4139e-04
1.7927e+06, 1.3959e-04
1.8030e+06, 1.3826e-04
1.8065e+06, 1.3782e-04
1.8099e+06, 1.3738e-04
1.8134e+06, 1.3695e-04
1.8168e+06, 1.3652e-04
1.8203e+06, 1.3609e-04
1.8237e+06, 1.3566e-04
1.8272e+06, 1.3523e-04
1.8341e+06, 1.3439e-04
1.8410e+06, 1.3355e-04
1.8478e+06, 1.3273e-04
1.8513e+06, 1.3231e-04
1.8547e+06, 1.3191e-04
1.8582e+06, 1.3150e-04
1.8651e+06, 1.3069e-04
1.8788e+06, 1.2910e-04
1.8789e+06, 1.2909e-04
1.8803e+06, 1.2893e-04
1.8857e+06, 1.2832e-04
1.8926e+06, 1.2754e-04
1.8995e+06, 1.2677e-04
1.9064e+06, 1.2601e-04
1.9099e+06, 1.2563e-04
1.9168e+06, 1.2488e-04
1.9271e+06, 1.2377e-04
1.9374e+06, 1.2267e-04
1.9402e+06, 1.2238e-04
1.9546e+06, 1.2087e-04
1.9616e+06, 1.2017e-04
1.9650e+06, 1.1982e-04
1.9684e+06, 1.1947e-04
1.9753e+06, 1.1878e-04
1.9857e+06, 1.1775e-04
1.9926e+06, 1.1707e-04
1.9977e+06, 1.1657e-04
2.0000e+06, 1.1635e-04
2.0021e+06, 1.1635e-04
2.0108e+06, 1.1638e-04
2.0240e+06, 1.1642e-04
2.0372e+06, 1.1646e-04
2.0440e+06, 1.1648e-04
2.0460e+06, 1.1649e-04
2.0548e+06, 1.1652e-04
2.0679e+06, 1.1655e-04
2.0723e+06, 1.1657e-04
2.0767e+06, 1.1658e-04
2.0855e+06, 1.1661e-04
2.0943e+06, 1.1663e-04
2.1031e+06, 1.1666e-04
2.1118e+06, 1.1669e-04
2.1250e+06, 1.1672e-04
2.1382e+06, 1.1676e-04
2.1514e+06, 1.1680e-04
2.1602e+06, 1.1683e-04
2.1777e+06, 1.1688e-04
2.1953e+06, 1.1693e-04
2.1997e+06, 1.1694e-04
2.2041e+06, 1.1695e-04
2.2085e+06, 1.1697e-04
2.2172e+06, 1.1699e-04
2.2260e+06, 1.1701e-04
2.2304e+06, 1.1703e-04
2.2392e+06, 1.1705e-04
2.2480e+06, 1.1708e-04
2.2500e+06, 1.1708e-04
2.2568e+06, 1.1710e-04
2.2612e+06, 1.1711e-04
2.2699e+06, 1.1714e-04
2.2787e+06, 1.1716e-04
2.2875e+06, 1.1719e-04
2.2919e+06, 1.1720e-04
2.3051e+06, 1.1723e-04
2.3095e+06, 1.1725e-04
2.3182e+06, 1.1727e-04
2.3270e+06, 1.1729e-04
2.3358e+06, 1.1732e-04
2.3578e+06, 1.1737e-04
2.3709e+06, 1.1741e-04
2.3841e+06, 1.1744e-04
2.3885e+06, 1.1746e-04
2.3973e+06, 1.1748e-04
2.4017e+06, 1.1749e-04
2.4105e+06, 1.1751e-04
2.4192e+06, 1.1754e-04
2.4236e+06, 1.1755e-04
2.4456e+06, 1.1760e-04
2.4588e+06, 1.1764e-04
2.4676e+06, 1.1766e-04
2.4719e+06, 1.1767e-04
2.4763e+06, 1.1768e-04
2.4851e+06, 1.1771e-04
2.5000e+06, 1.1774e-04
2.5027e+06, 1.1780e-04
2.5159e+06, 1.1807e-04
2.5246e+06, 1.1825e-04
2.5334e+06, 1.1844e-04
2.5466e+06, 1.1871e-04
2.5510e+06, 1.1880e-04
2.5642e+06, 1.1907e-04
2.5730e+06, 1.1925e-04
2.5861e+06, 1.1952e-04
2.5949e+06, 1.1970e-04
2.5978e+06, 1.1975e-04
2.6052e+06, 1.1991e-04
2.6089e+06, 1.1998e-04
2.6163e+06, 1.2013e-04
2.6201e+06, 1.2021e-04
2.6349e+06, 1.2051e-04
2.6424e+06, 1.2066e-04
2.6498e+06, 1.2081e-04
2.6572e+06, 1.2096e-04
2.6607e+06, 1.2103e-04
2.6646e+06, 1.2111e-04
2.6673e+06, 1.2116e-04
2.6795e+06, 1.2140e-04
2.6907e+06, 1.2163e-04
2.7018e+06, 1.2185e-04
2.7167e+06, 1.2214e-04
2.7315e+06, 1.2244e-04
2.7464e+06, 1.2273e-04
2.7576e+06, 1.2295e-04
2.7724e+06, 1.2324e-04
2.7910e+06, 1.2361e-04
2.8021e+06, 1.2383e-04
2.8096e+06, 1.2397e-04
2.8133e+06, 1.2404e-04
2.8170e+06, 1.2412e-04
2.8207e+06, 1.2419e-04
2.8282e+06, 1.2433e-04
2.8356e+06, 1.2448e-04
2.8393e+06, 1.2455e-04
2.8467e+06, 1.2469e-04
2.8482e+06, 1.2472e-04
2.8542e+06, 1.2484e-04
2.8727e+06, 1.2519e-04
2.8876e+06, 1.2548e-04
2.8988e+06, 1.2569e-04
2.9062e+06, 1.2584e-04
2.9136e+06, 1.2598e-04
2.9142e+06, 1.2599e-04
2.9173e+06, 1.2605e-04
2.9210e+06, 1.2612e-04
2.9285e+06, 1.2626e-04
2.9396e+06, 1.2647e-04
2.9545e+06, 1.2675e-04
2.9694e+06, 1.2704e-04
2.9768e+06, 1.2718e-04
2.9879e+06, 1.2739e-04
2.9916e+06, 1.2746e-04
2.9991e+06, 1.2760e-04
3.0000e+06, 1.2761e-04
3.0139e+06, 1.2810e-04
3.0214e+06, 1.2835e-04
3.0325e+06, 1.2874e-04
3.0400e+06, 1.2899e-04
3.0437e+06, 1.2912e-04
3.0511e+06, 1.2938e-04
3.0525e+06, 1.2943e-04
3.0541e+06, 1.2948e-04
3.0622e+06, 1.2976e-04
3.0771e+06, 1.3027e-04
3.0920e+06, 1.3079e-04
3.1332e+06, 1.3220e-04
3.1529e+06, 1.3288e-04
3.1656e+06, 1.3331e-04
3.1737e+06, 1.3359e-04
3.1763e+06, 1.3368e-04
3.1872e+06, 1.3405e-04
3.2142e+06, 1.3498e-04
3.2413e+06, 1.3590e-04
3.2770e+06, 1.3712e-04
3.2953e+06, 1.3774e-04
3.3223e+06, 1.3866e-04
3.3358e+06, 1.3912e-04
3.3494e+06, 1.3957e-04
3.3629e+06, 1.4003e-04
3.3899e+06, 1.4095e-04
3.4034e+06, 1.4140e-04
3.4169e+06, 1.4186e-04
3.4574e+06, 1.4323e-04
3.4710e+06, 1.4368e-04
3.5000e+06, 1.4466e-04
3.5115e+06, 1.4518e-04
3.5250e+06, 1.4578e-04
3.5385e+06, 1.4639e-04
3.5427e+06, 1.4657e-04
3.5515e+06, 1.4697e-04
3.5520e+06, 1.4699e-04
3.5656e+06, 1.4760e-04
3.5791e+06, 1.4821e-04
3.5926e+06, 1.4881e-04
3.6061e+06, 1.4942e-04
3.6331e+06, 1.5063e-04
3.6466e+06, 1.5124e-04
3.6736e+06, 1.5246e-04
3.7007e+06, 1.5367e-04
3.7273e+06, 1.5487e-04
3.7277e+06, 1.5489e-04
3.7682e+06, 1.5671e-04
3.7817e+06, 1.5732e-04
3.8088e+06, 1.5854e-04
3.8358e+06, 1.5976e-04
3.8484e+06, 1.6033e-04
3.8593e+06, 1.6082e-04
3.8628e+06, 1.6098e-04
3.8701e+06, 1.6131e-04
3.8768e+06, 1.6161e-04
3.8898e+06, 1.6220e-04
3.9034e+06, 1.6281e-04
3.9169e+06, 1.6342e-04
3.9363e+06, 1.6430e-04
3.9439e+06, 1.6465e-04
3.9498e+06, 1.6491e-04
3.9574e+06, 1.6526e-04
3.9844e+06, 1.6648e-04
3.9930e+06, 1.6687e-04
4.0000e+06, 1.6719e-04
4.0250e+06, 1.6870e-04
4.0520e+06, 1.7035e-04
4.0656e+06, 1.7118e-04
4.0935e+06, 1.7289e-04
4.1060e+06, 1.7366e-04
4.1310e+06, 1.7519e-04
4.1466e+06, 1.7615e-04
4.1601e+06, 1.7699e-04
4.1736e+06, 1.7782e-04
4.2006e+06, 1.7950e-04
4.2141e+06, 1.8034e-04
4.2235e+06, 1.8092e-04
4.2276e+06, 1.8118e-04
4.2412e+06, 1.8202e-04
4.2682e+06, 1.8370e-04
4.2933e+06, 1.8527e-04
4.2952e+06, 1.8539e-04
4.2962e+06, 1.8546e-04
4.3222e+06, 1.8349e-04
4.3357e+06, 1.8248e-04
4.3492e+06, 1.8148e-04
4.3763e+06, 1.7951e-04
4.4033e+06, 1.7757e-04
4.4166e+06, 1.7663e-04
4.4303e+06, 1.7500e-04
4.4438e+06, 1.7341e-04
4.4497e+06, 1.7273e-04
4.4574e+06, 1.7183e-04
4.4844e+06, 1.6875e-04
4.4856e+06, 1.6861e-04
4.4979e+06, 1.6723e-04
4.5000e+06, 1.6700e-04
4.5002e+06, 1.6699e-04
4.5189e+06, 1.6669e-04
4.5354e+06, 1.6642e-04
4.5384e+06, 1.6638e-04
4.5925e+06, 1.6551e-04
4.6195e+06, 1.6509e-04
4.6465e+06, 1.6467e-04
4.6735e+06, 1.6425e-04
4.6870e+06, 1.6404e-04
4.7141e+06, 1.6363e-04
4.7276e+06, 1.6342e-04
4.7500e+06, 1.6308e-04
4.7546e+06, 1.6301e-04
4.7816e+06, 1.6261e-04
4.8087e+06, 1.6221e-04
4.8357e+06, 1.6181e-04
4.8627e+06, 1.6141e-04
4.8897e+06, 1.6102e-04
4.9016e+06, 1.6085e-04
4.9126e+06, 1.6069e-04
4.9168e+06, 1.6063e-04
4.9311e+06, 1.6043e-04
4.9573e+06, 1.6005e-04
5.0000e+06, 1.5945e-04
5.0217e+06, 1.5967e-04
5.0902e+06, 1.6036e-04
5.0966e+06, 1.6042e-04
5.1650e+06, 1.6110e-04
5.1675e+06, 1.6112e-04
5.1959e+06, 1.6140e-04
5.2000e+06, 1.6144e-04
5.2145e+06, 1.6158e-04
5.2243e+06, 1.6168e-04
5.2668e+06, 1.6209e-04
5.2952e+06, 1.6237e-04
5.3236e+06, 1.6264e-04
5.3803e+06, 1.6319e-04
5.4087e+06, 1.6346e-04
5.4233e+06, 1.6360e-04
5.4371e+06, 1.6373e-04
5.4513e+06, 1.6387e-04
5.4563e+06, 1.6391e-04
5.4938e+06, 1.6231e-04
5.4964e+06, 1.6220e-04
5.5000e+06, 1.6205e-04
5.5506e+06, 1.6214e-04
5.5790e+06, 1.6219e-04
5.6000e+06, 1.6223e-04
5.6269e+06, 1.6228e-04
5.6499e+06, 1.6232e-04
5.6865e+06, 1.6239e-04
5.6865e+06, 1.6239e-04
5.7208e+06, 1.6245e-04
5.7776e+06, 1.6256e-04
5.8000e+06, 1.6260e-04
5.8060e+06, 1.6261e-04
5.8343e+06, 1.6266e-04
5.8911e+06, 1.6276e-04
5.9109e+06, 1.6279e-04
5.9336e+06, 1.6283e-04
5.9478e+06, 1.6286e-04
5.9904e+06, 1.6293e-04
6.0000e+06, 1.6295e-04
6.0613e+06, 1.6285e-04
6.1000e+06, 1.6278e-04
6.1039e+06, 1.6278e-04
6.1536e+06, 1.6269e-04
6.2032e+06, 1.6261e-04
6.2631e+06, 1.6251e-04
6.2742e+06, 1.6240e-04
6.3000e+06, 1.6214e-04
6.3593e+06, 1.6154e-04
6.4302e+06, 1.6083e-04
6.4728e+06, 1.6041e-04
6.5000e+06, 1.6015e-04
6.5579e+06, 1.5995e-04
6.6005e+06, 1.5981e-04
6.6288e+06, 1.5971e-04
6.6440e+06, 1.5966e-04
6.6998e+06, 1.5948e-04
6.7000e+06, 1.5948e-04
6.7027e+06, 1.5947e-04
6.7424e+06, 1.5893e-04
6.7560e+06, 1.5874e-04
6.7849e+06, 1.5835e-04
6.7991e+06, 1.5816e-04
6.8080e+06, 1.5805e-04
6.8450e+06, 1.5755e-04
6.8558e+06, 1.5741e-04
6.9000e+06, 1.5683e-04
6.9120e+06, 1.5667e-04
6.9410e+06, 1.5630e-04
7.0000e+06, 1.5554e-04
7.0380e+06, 1.5557e-04
7.0995e+06, 1.5563e-04
7.1000e+06, 1.5563e-04
7.1860e+06, 1.5570e-04
7.2160e+06, 1.5573e-04
7.2725e+06, 1.5578e-04
7.3100e+06, 1.5581e-04
7.3157e+06, 1.5582e-04
7.3500e+06, 1.5585e-04
7.3730e+06, 1.5587e-04
7.4180e+06, 1.5590e-04
7.4480e+06, 1.5593e-04
7.5000e+06, 1.5597e-04
7.5100e+06, 1.5601e-04
7.5103e+06, 1.5601e-04
7.5535e+06, 1.5618e-04
7.5752e+06, 1.5627e-04
7.6184e+06, 1.5644e-04
7.6279e+06, 1.5648e-04
7.6569e+06, 1.5659e-04
7.6833e+06, 1.5616e-04
7.7000e+06, 1.5589e-04
7.7049e+06, 1.5582e-04
7.7750e+06, 1.5470e-04
7.8706e+06, 1.5320e-04
7.8710e+06, 1.5319e-04
7.9000e+06, 1.5220e-04
7.9365e+06, 1.5098e-04
7.9427e+06, 1.5074e-04
8.0000e+06, 1.4858e-04
8.0420e+06, 1.4805e-04
8.0730e+06, 1.4766e-04
8.0940e+06, 1.4697e-04
8.1100e+06, 1.4644e-04
8.1405e+06, 1.4545e-04
8.1589e+06, 1.4530e-04
8.2237e+06, 1.4477e-04
8.2284e+06, 1.4473e-04
8.2670e+06, 1.4442e-04
8.3102e+06, 1.4407e-04
8.3106e+06, 1.4407e-04
8.3230e+06, 1.4397e-04
8.3751e+06, 1.4355e-04
8.4183e+06, 1.4321e-04
8.5000e+06, 1.4257e-04
8.5048e+06, 1.4253e-04
8.6345e+06, 1.4153e-04
8.7210e+06, 1.4088e-04
8.8291e+06, 1.4008e-04
8.9372e+06, 1.3929e-04
9.0000e+06, 1.3883e-04
9.0453e+06, 1.3944e-04
9.1750e+06, 1.4117e-04
9.2831e+06, 1.4260e-04
9.3912e+06, 1.4404e-04
9.4777e+06, 1.4518e-04
9.5000e+06, 1.4548e-04
9.5100e+06, 1.4561e-04
9.5425e+06, 1.4604e-04
9.5730e+06, 1.4644e-04
9.6506e+06, 1.4747e-04
9.7062e+06, 1.4820e-04
9.7530e+06, 1.4882e-04
1.0000e+07, 1.5207e-04
1.0240e+07, 1.5675e-04
1.0284e+07, 1.5762e-04
1.0350e+07, 1.5890e-04
1.0420e+07, 1.6029e-04
1.0421e+07, 1.6029e-04
1.0500e+07, 1.5764e-04
1.0540e+07, 1.5633e-04
1.0670e+07, 1.5218e-04
1.0750e+07, 1.4971e-04
1.0890e+07, 1.4552e-04
1.1000e+07, 1.4235e-04
1.1025e+07, 1.4061e-04
1.1100e+07, 1.3561e-04
1.1270e+07, 1.2502e-04
1.1409e+07, 1.1709e-04
1.1480e+07, 1.1325e-04
1.1500e+07, 1.1220e-04
1.1524e+07, 1.1094e-04
1.1560e+07, 1.0912e-04
1.1700e+07, 1.0231e-04
1.1810e+07, 9.7309e-05
1.1940e+07, 9.1770e-05
1.2000e+07, 8.9340e-05
1.2050e+07, 8.7198e-05
1.2100e+07, 8.5116e-05
1.2183e+07, 8.1780e-05
1.2200e+07, 8.1125e-05
1.2240e+07, 7.9590e-05
1.2370e+07, 7.4830e-05
1.2400e+07, 7.3780e-05
1.2460e+07, 7.1731e-05
1.2551e+07, 6.8748e-05
1.2590e+07, 6.7514e-05
1.2600e+07, 6.7202e-05
1.2642e+07, 6.5925e-05
1.2670e+07, 6.5064e-05
1.2800e+07, 6.1301e-05
1.2810e+07, 6.1022e-05
1.2940e+07, 5.7530e-05
1.3000e+07, 5.5998e-05
1.3060e+07, 5.4328e-05
1.3200e+07, 5.0649e-05
1.3270e+07, 4.8918e-05
1.3400e+07, 4.5881e-05
1.3550e+07, 4.2642e-05
1.3600e+07, 4.1622e-05
1.3770e+07, 3.8357e-05
1.3800e+07, 3.7812e-05
1.3960e+07, 3.5052e-05
1.4000e+07, 3.4399e-05
1.4160e+07, 3.1722e-05
1.4200e+07, 3.1090e-05
1.4400e+07, 2.8140e-05
1.4500e+07, 2.6785e-05
1.4600e+07, 2.5504e-05
1.4696e+07, 2.4342e-05
1.4800e+07, 2.3146e-05
1.4990e+07, 2.1134e-05
1.5000e+07, 2.1034e-05
1.5250e+07, 1.8888e-05
1.5500e+07, 1.6991e-05
1.5750e+07, 1.5310e-05
1.6000e+07, 1.3819e-05
1.6250e+07, 1.2308e-05
1.6500e+07, 1.0981e-05
1.6750e+07, 9.8145e-06
1.7000e+07, 8.7864e-06
1.7226e+07, 7.7634e-06
1.7500e+07, 6.6943e-06
1.7695e+07, 6.0320e-06
1.7750e+07, 5.8601e-06
1.8000e+07, 5.1395e-06
1.8500e+07, 4.3264e-06
1.9000e+07, 3.6587e-06
1.9500e+07, 3.2520e-06
2.0000e+07, 2.8991e-06
