ebin, xs
1.0000e-05, 1.2086e-03
1.0625e-05, 1.1725e-03
1.1250e-05, 1.1395e-03
1.1875e-05, 1.1091e-03
1.2500e-05, 1.0810e-03
1.3750e-05, 1.0307e-03
1.5000e-05, 9.8680e-04
1.6250e-05, 9.4808e-04
1.7500e-05, 9.1360e-04
1.8750e-05, 8.8262e-04
2.0000e-05, 8.5459e-04
2.1875e-05, 8.1714e-04
2.3750e-05, 7.8422e-04
2.5625e-05, 7.5499e-04
2.7500e-05, 7.2880e-04
2.9375e-05, 7.0515e-04
3.1250e-05, 6.8367e-04
3.3125e-05, 6.6404e-04
3.5000e-05, 6.4601e-04
3.8750e-05, 6.1395e-04
4.2500e-05, 5.8624e-04
4.6250e-05, 5.6197e-04
5.0000e-05, 5.4049e-04
5.3125e-05, 5.2435e-04
5.6250e-05, 5.0958e-04
5.9375e-05, 4.9599e-04
6.2500e-05, 4.8343e-04
6.8750e-05, 4.6093e-04
7.5000e-05, 4.4131e-04
8.1250e-05, 4.2399e-04
8.7500e-05, 4.0857e-04
9.3750e-05, 3.9471e-04
1.0000e-04, 3.8218e-04
1.0625e-04, 3.7077e-04
1.1250e-04, 3.6032e-04
1.1875e-04, 3.5071e-04
1.2500e-04, 3.4183e-04
1.3750e-04, 3.2592e-04
1.5000e-04, 3.1205e-04
1.6250e-04, 2.9981e-04
1.7500e-04, 2.8890e-04
1.8750e-04, 2.7910e-04
2.0000e-04, 2.7024e-04
2.1875e-04, 2.5840e-04
2.3750e-04, 2.4799e-04
2.5625e-04, 2.3874e-04
2.7500e-04, 2.3046e-04
2.9375e-04, 2.2298e-04
3.1250e-04, 2.1619e-04
3.3125e-04, 2.0998e-04
3.5000e-04, 2.0428e-04
3.8750e-04, 1.9414e-04
4.2500e-04, 1.8538e-04
4.6250e-04, 1.7770e-04
5.0000e-04, 1.7091e-04
5.3125e-04, 1.6581e-04
5.6250e-04, 1.6113e-04
6.2500e-04, 1.5286e-04
6.8750e-04, 1.4575e-04
7.5000e-04, 1.3954e-04
8.1250e-04, 1.3407e-04
8.7500e-04, 1.2919e-04
9.3750e-04, 1.2481e-04
1.0000e-03, 1.2084e-04
1.0625e-03, 1.1724e-04
1.1250e-03, 1.1393e-04
1.2500e-03, 1.0808e-04
1.3750e-03, 1.0305e-04
1.5000e-03, 9.8665e-05
1.6250e-03, 9.4793e-05
1.7500e-03, 9.1344e-05
1.8750e-03, 8.8246e-05
2.0000e-03, 8.5443e-05
2.1875e-03, 8.1698e-05
2.3750e-03, 7.8406e-05
2.5625e-03, 7.5482e-05
2.7500e-03, 7.2862e-05
3.1250e-03, 6.8349e-05
3.5000e-03, 6.4582e-05
3.8750e-03, 6.1376e-05
4.2500e-03, 5.8605e-05
5.0000e-03, 5.4029e-05
5.6250e-03, 5.0937e-05
6.2500e-03, 4.8322e-05
7.5000e-03, 4.4110e-05
8.7500e-03, 4.0836e-05
1.0000e-02, 3.8197e-05
1.2500e-02, 3.4163e-05
1.5000e-02, 3.1186e-05
1.7500e-02, 2.8873e-05
2.0000e-02, 2.7009e-05
2.5300e-02, 2.4018e-05
3.1475e-02, 2.1540e-05
3.7650e-02, 1.9700e-05
5.0000e-02, 1.7105e-05
6.2500e-02, 1.5307e-05
7.5000e-02, 1.3979e-05
8.7500e-02, 1.2946e-05
1.0000e-01, 1.2113e-05
1.2500e-01, 1.0840e-05
1.5000e-01, 9.9004e-06
1.7500e-01, 9.1689e-06
2.0000e-01, 8.5794e-06
2.7500e-01, 7.3212e-06
3.5000e-01, 6.4940e-06
4.2500e-01, 5.8999e-06
5.0000e-01, 5.4477e-06
6.2500e-01, 4.8758e-06
7.5000e-01, 4.4496e-06
8.7500e-01, 4.1191e-06
1.0000e+00, 3.8564e-06
1.2500e+00, 3.4521e-06
1.5000e+00, 3.1507e-06
1.7500e+00, 2.9169e-06
2.0000e+00, 2.7295e-06
2.7500e+00, 2.3288e-06
3.5000e+00, 2.0656e-06
4.2500e+00, 1.8756e-06
5.0000e+00, 1.7299e-06
6.2500e+00, 1.5480e-06
7.5000e+00, 1.4133e-06
8.7500e+00, 1.3086e-06
1.0000e+01, 1.2246e-06
1.2500e+01, 1.0960e-06
1.5000e+01, 1.0019e-06
2.0000e+01, 9.1736e-07
2.5000e+01, 8.5286e-07
3.0000e+01, 8.0111e-07
5.0000e+01, 7.6325e-07
6.0000e+01, 7.5040e-07
1.0000e+02, 7.8386e-07
2.0000e+02, 8.3018e-07
2.7500e+02, 9.0313e-07
3.5000e+02, 9.5857e-07
5.0000e+02, 1.0406e-06
7.5000e+02, 1.1338e-06
1.0000e+03, 1.2002e-06
1.2500e+03, 1.3356e-06
1.5000e+03, 1.4464e-06
2.0000e+03, 1.6213e-06
2.7500e+03, 1.8150e-06
3.5000e+03, 1.9616e-06
5.0000e+03, 2.1785e-06
6.2500e+03, 2.3142e-06
7.5000e+03, 2.4250e-06
1.0000e+04, 2.6006e-06
1.2500e+04, 3.3655e-06
1.5000e+04, 3.9910e-06
1.7500e+04, 4.5199e-06
2.0000e+04, 4.9781e-06
2.7500e+04, 6.0706e-06
3.5000e+04, 6.8980e-06
4.2500e+04, 7.5642e-06
5.0000e+04, 8.1218e-06
6.2500e+04, 8.8874e-06
7.5000e+04, 9.5129e-06
1.0000e+05, 1.0500e-05
1.2500e+05, 1.1459e-05
1.5000e+05, 1.2243e-05
1.7500e+05, 1.2906e-05
2.0000e+05, 1.3480e-05
2.2500e+05, 1.3987e-05
2.5000e+05, 1.4440e-05
2.7500e+05, 1.4849e-05
3.0000e+05, 1.5223e-05
3.2500e+05, 1.5568e-05
3.5000e+05, 1.5886e-05
4.0000e+05, 1.6460e-05
4.5000e+05, 1.6967e-05
5.0000e+05, 1.7420e-05
5.7500e+05, 1.8021e-05
6.5000e+05, 1.8548e-05
7.2500e+05, 1.9017e-05
8.0000e+05, 1.9441e-05
8.5000e+05, 1.9701e-05
9.0000e+05, 1.9947e-05
9.0558e+05, 1.9974e-05
9.0698e+05, 1.9980e-05
9.0837e+05, 1.9987e-05
9.1116e+05, 2.0000e-05
9.1675e+05, 2.0026e-05
9.1745e+05, 2.0030e-05
9.1814e+05, 2.0033e-05
9.1954e+05, 2.0039e-05
9.2093e+05, 2.0046e-05
9.2233e+05, 2.0052e-05
9.2579e+05, 2.0068e-05
9.2925e+05, 2.0084e-05
9.3098e+05, 2.0092e-05
9.3271e+05, 2.0100e-05
9.3616e+05, 2.0116e-05
9.4308e+05, 2.0148e-05
9.4395e+05, 2.0152e-05
9.4481e+05, 2.0156e-05
9.4654e+05, 2.0164e-05
9.5000e+05, 2.0179e-05
9.7500e+05, 2.0291e-05
1.0000e+06, 2.0400e-05
1.0500e+06, 2.0405e-05
1.0600e+06, 2.0406e-05
1.0700e+06, 2.0407e-05
1.0800e+06, 2.0408e-05
1.0900e+06, 2.0409e-05
1.0928e+06, 2.0409e-05
1.0935e+06, 2.0409e-05
1.0938e+06, 2.0409e-05
1.0940e+06, 2.0409e-05
1.0942e+06, 2.0409e-05
1.0944e+06, 2.0409e-05
1.0946e+06, 2.0409e-05
1.0949e+06, 2.0409e-05
1.0951e+06, 2.0410e-05
1.0952e+06, 2.0410e-05
1.0954e+06, 2.0410e-05
1.0956e+06, 2.0410e-05
1.0962e+06, 2.0410e-05
1.0967e+06, 2.0410e-05
1.0978e+06, 2.0410e-05
1.0984e+06, 2.0410e-05
1.0989e+06, 2.0410e-05
1.1000e+06, 2.0410e-05
1.1500e+06, 2.0415e-05
1.2000e+06, 2.0420e-05
1.2500e+06, 2.0425e-05
1.3000e+06, 2.0430e-05
1.3500e+06, 2.0435e-05
1.4000e+06, 2.0440e-05
1.4500e+06, 2.0445e-05
1.5000e+06, 2.0450e-05
1.5250e+06, 2.0453e-05
1.5500e+06, 2.0455e-05
1.5566e+06, 2.0456e-05
1.5583e+06, 2.0456e-05
1.5587e+06, 2.0456e-05
1.5591e+06, 2.0456e-05
1.5600e+06, 2.0456e-05
1.5604e+06, 2.0456e-05
1.5608e+06, 2.0456e-05
1.5616e+06, 2.0456e-05
1.5633e+06, 2.0456e-05
1.5644e+06, 2.0456e-05
1.5650e+06, 2.0456e-05
1.5656e+06, 2.0457e-05
1.5679e+06, 2.0457e-05
1.5690e+06, 2.0457e-05
1.5702e+06, 2.0457e-05
1.5725e+06, 2.0457e-05
1.5816e+06, 2.0458e-05
1.6000e+06, 2.0460e-05
1.6500e+06, 2.0465e-05
1.7000e+06, 2.0470e-05
1.7500e+06, 2.0475e-05
1.8000e+06, 2.0480e-05
1.8500e+06, 2.0485e-05
1.8900e+06, 2.0489e-05
1.9100e+06, 2.0491e-05
1.9200e+06, 2.0492e-05
1.9300e+06, 2.0493e-05
1.9412e+06, 2.0494e-05
1.9467e+06, 2.0495e-05
1.9495e+06, 2.0495e-05
1.9523e+06, 2.0495e-05
1.9542e+06, 2.0495e-05
1.9562e+06, 2.0496e-05
1.9600e+06, 2.0496e-05
1.9650e+06, 2.0496e-05
1.9700e+06, 2.0497e-05
1.9750e+06, 2.0498e-05
1.9800e+06, 2.0498e-05
1.9900e+06, 2.0499e-05
2.0000e+06, 2.0500e-05
2.0100e+06, 2.0490e-05
2.0200e+06, 2.0480e-05
2.0250e+06, 2.0474e-05
2.0300e+06, 2.0469e-05
2.0334e+06, 2.0466e-05
2.0367e+06, 2.0463e-05
2.0400e+06, 2.0459e-05
2.0450e+06, 2.0454e-05
2.0500e+06, 2.0449e-05
2.0550e+06, 2.0444e-05
2.1000e+06, 2.0398e-05
2.1500e+06, 2.0347e-05
2.2000e+06, 2.0296e-05
2.2500e+06, 2.0245e-05
2.3000e+06, 2.0194e-05
2.3500e+06, 2.0143e-05
2.4000e+06, 2.0092e-05
2.4100e+06, 2.0082e-05
2.4200e+06, 2.0071e-05
2.4300e+06, 2.0061e-05
2.4400e+06, 2.0051e-05
2.4500e+06, 2.0041e-05
2.4750e+06, 2.0015e-05
2.5000e+06, 1.9990e-05
2.5250e+06, 1.9964e-05
2.5500e+06, 1.9939e-05
2.5750e+06, 1.9913e-05
2.6000e+06, 1.9888e-05
2.6500e+06, 1.9837e-05
2.6750e+06, 1.9811e-05
2.7000e+06, 1.9786e-05
2.7050e+06, 1.9781e-05
2.7100e+06, 1.9776e-05
2.7150e+06, 1.9770e-05
2.7200e+06, 1.9765e-05
2.7262e+06, 1.9759e-05
2.7293e+06, 1.9756e-05
2.7324e+06, 1.9753e-05
2.7400e+06, 1.9745e-05
2.7500e+06, 1.9735e-05
2.7600e+06, 1.9724e-05
2.7700e+06, 1.9714e-05
2.7800e+06, 1.9704e-05
2.7900e+06, 1.9694e-05
2.8000e+06, 1.9684e-05
2.8100e+06, 1.9673e-05
2.8150e+06, 1.9668e-05
2.8200e+06, 1.9663e-05
2.8225e+06, 1.9661e-05
2.8250e+06, 1.9658e-05
2.8300e+06, 1.9653e-05
2.8311e+06, 1.9652e-05
2.8356e+06, 1.9647e-05
2.8400e+06, 1.9643e-05
2.8450e+06, 1.9638e-05
2.8500e+06, 1.9633e-05
2.8600e+06, 1.9622e-05
2.8700e+06, 1.9612e-05
2.8800e+06, 1.9602e-05
2.8900e+06, 1.9592e-05
2.9000e+06, 1.9582e-05
2.9034e+06, 1.9578e-05
2.9051e+06, 1.9576e-05
2.9068e+06, 1.9575e-05
2.9135e+06, 1.9568e-05
2.9151e+06, 1.9566e-05
2.9159e+06, 1.9565e-05
2.9168e+06, 1.9565e-05
2.9200e+06, 1.9561e-05
2.9250e+06, 1.9556e-05
2.9300e+06, 1.9551e-05
2.9400e+06, 1.9541e-05
2.9500e+06, 1.9531e-05
2.9600e+06, 1.9520e-05
2.9700e+06, 1.9510e-05
2.9800e+06, 1.9500e-05
3.0000e+06, 1.9480e-05
3.0500e+06, 1.9431e-05
3.1000e+06, 1.9382e-05
3.1500e+06, 1.9333e-05
3.2000e+06, 1.9284e-05
3.2500e+06, 1.9235e-05
3.3000e+06, 1.9186e-05
3.3500e+06, 1.9137e-05
3.4000e+06, 1.9088e-05
3.4100e+06, 1.9078e-05
3.4200e+06, 1.9069e-05
3.4300e+06, 1.9059e-05
3.4400e+06, 1.9049e-05
3.4500e+06, 1.9039e-05
3.4550e+06, 1.9034e-05
3.4600e+06, 1.9029e-05
3.4700e+06, 1.9020e-05
3.4750e+06, 1.9015e-05
3.4800e+06, 1.9010e-05
3.4850e+06, 1.9005e-05
3.4900e+06, 1.9000e-05
3.5000e+06, 1.8990e-05
3.5500e+06, 1.8941e-05
3.6000e+06, 1.8892e-05
3.6500e+06, 1.8843e-05
3.7000e+06, 1.8794e-05
3.7250e+06, 1.8770e-05
3.7500e+06, 1.8745e-05
3.7600e+06, 1.8735e-05
3.7700e+06, 1.8725e-05
3.7800e+06, 1.8716e-05
3.7900e+06, 1.8706e-05
3.8000e+06, 1.8696e-05
3.8250e+06, 1.8672e-05
3.8500e+06, 1.8647e-05
3.9000e+06, 1.8598e-05
3.9100e+06, 1.8588e-05
3.9200e+06, 1.8578e-05
3.9300e+06, 1.8569e-05
3.9400e+06, 1.8559e-05
3.9624e+06, 1.8537e-05
3.9700e+06, 1.8529e-05
3.9750e+06, 1.8525e-05
3.9800e+06, 1.8520e-05
3.9850e+06, 1.8515e-05
3.9900e+06, 1.8510e-05
4.0000e+06, 1.8500e-05
4.0100e+06, 1.8490e-05
4.0164e+06, 1.8484e-05
4.0232e+06, 1.8477e-05
4.0300e+06, 1.8470e-05
4.0400e+06, 1.8460e-05
4.0500e+06, 1.8450e-05
4.0676e+06, 1.8432e-05
4.0700e+06, 1.8430e-05
4.0800e+06, 1.8420e-05
4.0900e+06, 1.8410e-05
4.1000e+06, 1.8400e-05
4.1150e+06, 1.8385e-05
4.1225e+06, 1.8378e-05
4.1300e+06, 1.8370e-05
4.1400e+06, 1.8360e-05
4.1500e+06, 1.8350e-05
4.1600e+06, 1.8340e-05
4.1700e+06, 1.8330e-05
4.1800e+06, 1.8320e-05
4.2000e+06, 1.8300e-05
4.2140e+06, 1.8286e-05
4.2270e+06, 1.8273e-05
4.2400e+06, 1.8260e-05
4.2500e+06, 1.8250e-05
4.2750e+06, 1.8225e-05
4.2800e+06, 1.8220e-05
4.2952e+06, 1.8205e-05
4.3000e+06, 1.8200e-05
4.3125e+06, 1.8188e-05
4.3250e+06, 1.8175e-05
4.3500e+06, 1.8150e-05
4.3750e+06, 1.8125e-05
4.4000e+06, 1.8100e-05
4.4500e+06, 1.8050e-05
4.5000e+06, 1.8000e-05
4.5500e+06, 1.7950e-05
4.6000e+06, 1.7900e-05
4.6250e+06, 1.7875e-05
4.6500e+06, 1.7850e-05
4.6866e+06, 1.7813e-05
4.6900e+06, 1.7810e-05
4.7000e+06, 1.7800e-05
4.7250e+06, 1.7775e-05
4.7300e+06, 1.7770e-05
4.7500e+06, 1.7750e-05
4.7750e+06, 1.7725e-05
4.7858e+06, 1.7714e-05
4.7912e+06, 1.7709e-05
4.7966e+06, 1.7703e-05
4.8024e+06, 1.7698e-05
4.8054e+06, 1.7695e-05
4.8068e+06, 1.7693e-05
4.8083e+06, 1.7692e-05
4.8142e+06, 1.7686e-05
4.8200e+06, 1.7680e-05
4.8500e+06, 1.7650e-05
4.9000e+06, 1.7600e-05
4.9500e+06, 1.7550e-05
5.0000e+06, 1.7500e-05
5.0178e+06, 1.7482e-05
5.0250e+06, 1.7475e-05
5.0500e+06, 1.7450e-05
5.0506e+06, 1.7449e-05
5.0530e+06, 1.7447e-05
5.0553e+06, 1.7445e-05
5.0600e+06, 1.7440e-05
5.0750e+06, 1.7425e-05
5.1000e+06, 1.7400e-05
5.1500e+06, 1.7350e-05
5.2000e+06, 1.7300e-05
5.2500e+06, 1.7250e-05
5.3000e+06, 1.7200e-05
5.3500e+06, 1.7150e-05
5.3600e+06, 1.7140e-05
5.3700e+06, 1.7130e-05
5.3800e+06, 1.7120e-05
5.3900e+06, 1.7110e-05
5.4000e+06, 1.7100e-05
5.4100e+06, 1.7090e-05
5.4200e+06, 1.7080e-05
5.4250e+06, 1.7075e-05
5.4300e+06, 1.7070e-05
5.4400e+06, 1.7060e-05
5.4500e+06, 1.7050e-05
5.4600e+06, 1.7040e-05
5.4700e+06, 1.7030e-05
5.5000e+06, 1.7000e-05
5.5500e+06, 1.6950e-05
5.6000e+06, 1.6900e-05
5.6245e+06, 1.6876e-05
5.6250e+06, 1.6875e-05
5.6500e+06, 1.6850e-05
5.6551e+06, 1.6845e-05
5.6551e+06, 1.6845e-05
5.7000e+06, 1.6800e-05
5.7500e+06, 1.6750e-05
5.8000e+06, 1.6700e-05
5.8400e+06, 1.6660e-05
5.8500e+06, 1.6650e-05
5.8600e+06, 1.6640e-05
5.8700e+06, 1.6630e-05
5.8800e+06, 1.6620e-05
5.8900e+06, 1.6610e-05
5.9000e+06, 1.6600e-05
5.9100e+06, 1.6590e-05
5.9200e+06, 1.6580e-05
5.9300e+06, 1.6570e-05
5.9400e+06, 1.6560e-05
5.9500e+06, 1.6550e-05
6.0000e+06, 1.6500e-05
6.0500e+06, 1.6425e-05
6.1000e+06, 1.6350e-05
6.1300e+06, 1.6305e-05
6.1500e+06, 1.6275e-05
6.2000e+06, 1.6200e-05
6.2200e+06, 1.6170e-05
6.2500e+06, 1.6125e-05
6.2700e+06, 1.6095e-05
6.3000e+06, 1.6050e-05
6.3350e+06, 1.5998e-05
6.3500e+06, 1.5975e-05
6.4000e+06, 1.5900e-05
6.4250e+06, 1.5862e-05
6.4500e+06, 1.5825e-05
6.5000e+06, 1.5750e-05
6.5500e+06, 1.5675e-05
6.5850e+06, 1.5623e-05
6.6000e+06, 1.5600e-05
6.6500e+06, 1.5525e-05
6.6550e+06, 1.5517e-05
6.7000e+06, 1.5450e-05
6.7200e+06, 1.5420e-05
6.7450e+06, 1.5383e-05
6.7472e+06, 1.5379e-05
6.7492e+06, 1.5376e-05
6.7492e+06, 1.5376e-05
6.7500e+06, 1.5375e-05
6.7750e+06, 1.5338e-05
6.8000e+06, 1.5300e-05
6.8250e+06, 1.5263e-05
6.8500e+06, 1.5225e-05
6.8750e+06, 1.5187e-05
6.9000e+06, 1.5150e-05
6.9250e+06, 1.5112e-05
6.9500e+06, 1.5075e-05
7.0000e+06, 1.5000e-05
7.0500e+06, 1.4950e-05
7.0950e+06, 1.4905e-05
7.1000e+06, 1.4900e-05
7.1250e+06, 1.4875e-05
7.1500e+06, 1.4850e-05
7.1900e+06, 1.4810e-05
7.2000e+06, 1.4800e-05
7.2500e+06, 1.4750e-05
7.2600e+06, 1.4740e-05
7.3000e+06, 1.4700e-05
7.3200e+06, 1.4680e-05
7.3500e+06, 1.4650e-05
7.3600e+06, 1.4640e-05
7.4000e+06, 1.4600e-05
7.4450e+06, 1.4555e-05
7.4500e+06, 1.4550e-05
7.4750e+06, 1.4525e-05
7.5000e+06, 1.4500e-05
7.5300e+06, 1.4470e-05
7.5500e+06, 1.4450e-05
7.6000e+06, 1.4400e-05
7.6362e+06, 1.4364e-05
7.6362e+06, 1.4364e-05
7.6500e+06, 1.4350e-05
7.7000e+06, 1.4300e-05
7.7200e+06, 1.4280e-05
7.7500e+06, 1.4250e-05
7.7921e+06, 1.4208e-05
7.8000e+06, 1.4200e-05
7.8500e+06, 1.4150e-05
7.9000e+06, 1.4100e-05
7.9500e+06, 1.4050e-05
8.0000e+06, 1.4000e-05
8.0500e+06, 1.3950e-05
8.0759e+06, 1.3924e-05
8.0760e+06, 1.3924e-05
8.0900e+06, 1.3910e-05
8.1000e+06, 1.3900e-05
8.1340e+06, 1.3866e-05
8.1340e+06, 1.3866e-05
8.1400e+06, 1.3860e-05
8.2000e+06, 1.3800e-05
8.2500e+06, 1.3750e-05
8.2900e+06, 1.3710e-05
8.3000e+06, 1.3700e-05
8.3500e+06, 1.3650e-05
8.3750e+06, 1.3625e-05
8.4000e+06, 1.3600e-05
8.4250e+06, 1.3575e-05
8.4500e+06, 1.3550e-05
8.5000e+06, 1.3500e-05
8.5196e+06, 1.3480e-05
8.5196e+06, 1.3480e-05
8.5500e+06, 1.3450e-05
8.5900e+06, 1.3410e-05
8.6000e+06, 1.3400e-05
8.6500e+06, 1.3350e-05
8.7000e+06, 1.3300e-05
8.7500e+06, 1.3250e-05
8.7850e+06, 1.3215e-05
8.7900e+06, 1.3210e-05
8.8000e+06, 1.3200e-05
8.8300e+06, 1.3170e-05
8.8500e+06, 1.3150e-05
8.8718e+06, 1.3128e-05
8.8750e+06, 1.3125e-05
8.9000e+06, 1.3100e-05
8.9500e+06, 1.3050e-05
8.9790e+06, 1.3021e-05
9.0000e+06, 1.3000e-05
9.1000e+06, 1.2900e-05
9.1512e+06, 1.2849e-05
9.2000e+06, 1.2800e-05
9.2500e+06, 1.2750e-05
9.3000e+06, 1.2700e-05
9.4000e+06, 1.2600e-05
9.5000e+06, 1.2500e-05
9.5500e+06, 1.2450e-05
9.5938e+06, 1.2406e-05
9.6000e+06, 1.2400e-05
9.6550e+06, 1.2345e-05
9.7000e+06, 1.2300e-05
9.7500e+06, 1.2250e-05
9.7750e+06, 1.2225e-05
9.8000e+06, 1.2200e-05
9.9000e+06, 1.2100e-05
9.9220e+06, 1.2078e-05
1.0000e+07, 1.2000e-05
1.0050e+07, 1.1950e-05
1.0100e+07, 1.1900e-05
1.0200e+07, 1.1800e-05
1.0250e+07, 1.1750e-05
1.0300e+07, 1.1700e-05
1.0384e+07, 1.1616e-05
1.0392e+07, 1.1608e-05
1.0400e+07, 1.1600e-05
1.0450e+07, 1.1550e-05
1.0500e+07, 1.1500e-05
1.0502e+07, 1.1498e-05
1.0568e+07, 1.1432e-05
1.0600e+07, 1.1400e-05
1.0650e+07, 1.1350e-05
1.0700e+07, 1.1300e-05
1.0750e+07, 1.1250e-05
1.0800e+07, 1.1200e-05
1.0893e+07, 1.1107e-05
1.0893e+07, 1.1107e-05
1.0900e+07, 1.1100e-05
1.0933e+07, 1.1067e-05
1.1000e+07, 1.1000e-05
1.1039e+07, 1.0961e-05
1.1100e+07, 1.0900e-05
1.1200e+07, 1.0800e-05
1.1250e+07, 1.0750e-05
1.1300e+07, 1.0700e-05
1.1400e+07, 1.0600e-05
1.1500e+07, 1.0500e-05
1.1561e+07, 1.0439e-05
1.1561e+07, 1.0439e-05
1.1600e+07, 1.0400e-05
1.1700e+07, 1.0300e-05
1.1730e+07, 1.0270e-05
1.1730e+07, 1.0270e-05
1.1750e+07, 1.0250e-05
1.1754e+07, 1.0246e-05
1.1800e+07, 1.0200e-05
1.1850e+07, 1.0150e-05
1.1860e+07, 1.0140e-05
1.1900e+07, 1.0100e-05
1.2000e+07, 1.0000e-05
1.2100e+07, 9.9200e-06
1.2200e+07, 9.8400e-06
1.2250e+07, 9.8000e-06
1.2300e+07, 9.7600e-06
1.2400e+07, 9.6800e-06
1.2500e+07, 9.6000e-06
1.2600e+07, 9.5200e-06
1.2700e+07, 9.4400e-06
1.2750e+07, 9.4000e-06
1.2800e+07, 9.3600e-06
1.2900e+07, 9.2800e-06
1.3000e+07, 9.2000e-06
1.3100e+07, 9.1400e-06
1.3200e+07, 9.0800e-06
1.3250e+07, 9.0500e-06
1.3300e+07, 9.0200e-06
1.3400e+07, 8.9600e-06
1.3500e+07, 8.9000e-06
1.3600e+07, 8.8400e-06
1.3700e+07, 8.7800e-06
1.3750e+07, 8.7500e-06
1.3800e+07, 8.7200e-06
1.3865e+07, 8.6810e-06
1.3900e+07, 8.6600e-06
1.4000e+07, 8.6000e-06
1.4030e+07, 8.5880e-06
1.4250e+07, 8.5000e-06
1.4500e+07, 8.4000e-06
1.4606e+07, 8.3576e-06
1.4750e+07, 8.3000e-06
1.5000e+07, 8.2000e-06
1.5024e+07, 8.1952e-06
1.5250e+07, 8.1500e-06
1.5500e+07, 8.1000e-06
1.5650e+07, 8.0700e-06
1.5701e+07, 8.0598e-06
1.5750e+07, 8.0500e-06
1.6000e+07, 8.0000e-06
1.6250e+07, 7.9500e-06
1.6500e+07, 7.9000e-06
1.6750e+07, 7.8500e-06
1.7000e+07, 7.8000e-06
1.7250e+07, 7.7875e-06
1.7500e+07, 7.7750e-06
1.7750e+07, 7.7625e-06
1.8000e+07, 7.7500e-06
1.8250e+07, 7.7125e-06
1.8500e+07, 7.6750e-06
1.8750e+07, 7.6375e-06
1.9000e+07, 7.6000e-06
1.9250e+07, 7.5750e-06
1.9500e+07, 7.5500e-06
1.9750e+07, 7.5250e-06
2.0000e+07, 7.5000e-06
