ebin, xs
1.0000e-05, 3.3502e+01
1.0625e-05, 3.2502e+01
1.1250e-05, 3.1586e+01
1.1875e-05, 3.0744e+01
1.2500e-05, 2.9965e+01
1.3750e-05, 2.8571e+01
1.5000e-05, 2.7354e+01
1.6250e-05, 2.6281e+01
1.7500e-05, 2.5325e+01
1.8750e-05, 2.4467e+01
2.0000e-05, 2.3690e+01
2.1875e-05, 2.2652e+01
2.3750e-05, 2.1739e+01
2.5625e-05, 2.0929e+01
2.7500e-05, 2.0203e+01
2.9375e-05, 1.9547e+01
3.1250e-05, 1.8952e+01
3.3125e-05, 1.8407e+01
3.5000e-05, 1.7908e+01
3.8750e-05, 1.7019e+01
4.2500e-05, 1.6251e+01
4.6250e-05, 1.5578e+01
5.0000e-05, 1.4983e+01
5.3125e-05, 1.4535e+01
5.6250e-05, 1.4126e+01
5.9375e-05, 1.3749e+01
6.2500e-05, 1.3401e+01
6.8750e-05, 1.2777e+01
7.5000e-05, 1.2233e+01
8.1250e-05, 1.1753e+01
8.7500e-05, 1.1326e+01
9.3750e-05, 1.0942e+01
1.0000e-04, 1.0594e+01
1.0625e-04, 1.0278e+01
1.1250e-04, 9.9884e+00
1.1875e-04, 9.7220e+00
1.2500e-04, 9.4758e+00
1.3750e-04, 9.0349e+00
1.5000e-04, 8.6502e+00
1.6250e-04, 8.3109e+00
1.7500e-04, 8.0085e+00
1.8750e-04, 7.7370e+00
2.0000e-04, 7.4913e+00
2.1875e-04, 7.1631e+00
2.3750e-04, 6.8745e+00
2.5625e-04, 6.6182e+00
2.7500e-04, 6.3886e+00
2.9375e-04, 6.1814e+00
3.1250e-04, 5.9930e+00
3.3125e-04, 5.8210e+00
3.5000e-04, 5.6629e+00
3.8750e-04, 5.3819e+00
4.2500e-04, 5.1390e+00
4.6250e-04, 4.9263e+00
5.0000e-04, 4.7379e+00
5.3125e-04, 4.5965e+00
5.6250e-04, 4.4670e+00
5.9375e-04, 4.3478e+00
6.2500e-04, 4.2377e+00
6.8750e-04, 4.0405e+00
7.5000e-04, 3.8685e+00
8.1250e-04, 3.7167e+00
8.7500e-04, 3.5815e+00
9.3750e-04, 3.4601e+00
1.0000e-03, 3.3502e+00
1.0625e-03, 3.2502e+00
1.1250e-03, 3.1586e+00
1.1875e-03, 3.0744e+00
1.2500e-03, 2.9965e+00
1.3750e-03, 2.8571e+00
1.5000e-03, 2.7354e+00
1.6250e-03, 2.6281e+00
1.7500e-03, 2.5325e+00
1.8750e-03, 2.4467e+00
2.0000e-03, 2.3690e+00
2.1861e-03, 2.2659e+00
2.3723e-03, 2.1752e+00
2.5584e-03, 2.0946e+00
2.7446e-03, 2.0223e+00
2.7500e-03, 2.0203e+00
2.7617e-03, 2.0160e+00
2.7734e-03, 2.0117e+00
2.7969e-03, 2.0033e+00
2.8437e-03, 1.9867e+00
2.9375e-03, 1.9547e+00
3.1250e-03, 1.8952e+00
3.3125e-03, 1.8408e+00
3.5000e-03, 1.7908e+00
3.5034e-03, 1.7899e+00
3.5151e-03, 1.7869e+00
3.5268e-03, 1.7840e+00
3.5501e-03, 1.7781e+00
3.5968e-03, 1.7666e+00
3.6901e-03, 1.7441e+00
3.8767e-03, 1.7016e+00
4.2500e-03, 1.6251e+00
4.6250e-03, 1.5579e+00
5.0000e-03, 1.4983e+00
5.3125e-03, 1.4536e+00
5.6250e-03, 1.4126e+00
5.9375e-03, 1.3750e+00
6.2500e-03, 1.3401e+00
6.8750e-03, 1.2778e+00
7.5000e-03, 1.2234e+00
8.1250e-03, 1.1754e+00
8.7500e-03, 1.1327e+00
9.3750e-03, 1.0943e+00
1.0000e-02, 1.0595e+00
1.0625e-02, 1.0279e+00
1.1250e-02, 9.9892e-01
1.1875e-02, 9.7228e-01
1.2500e-02, 9.4767e-01
1.3750e-02, 9.0357e-01
1.5000e-02, 8.6510e-01
1.6250e-02, 8.3116e-01
1.7500e-02, 8.0093e-01
1.8750e-02, 7.7377e-01
2.0000e-02, 7.4920e-01
2.1325e-02, 7.2555e-01
2.2650e-02, 7.0401e-01
2.3975e-02, 6.8428e-01
2.5300e-02, 6.6612e-01
2.6844e-02, 6.4668e-01
2.8387e-02, 6.2885e-01
3.1475e-02, 5.9722e-01
3.1527e-02, 5.9672e-01
3.1647e-02, 5.9559e-01
3.1767e-02, 5.9446e-01
3.2008e-02, 5.9222e-01
3.2488e-02, 5.8783e-01
3.3450e-02, 5.7931e-01
3.5373e-02, 5.6335e-01
3.9220e-02, 5.3501e-01
4.3066e-02, 5.1056e-01
4.6913e-02, 4.8918e-01
5.0000e-02, 4.7384e-01
5.3125e-02, 4.5970e-01
5.6250e-02, 4.4675e-01
5.9375e-02, 4.3483e-01
6.2500e-02, 4.2383e-01
6.8750e-02, 4.0411e-01
7.5000e-02, 3.8691e-01
8.1250e-02, 3.7173e-01
8.7500e-02, 3.5821e-01
9.3750e-02, 3.4606e-01
1.0000e-01, 3.3507e-01
1.0625e-01, 3.2507e-01
1.1250e-01, 3.1592e-01
1.1875e-01, 3.0750e-01
1.2500e-01, 2.9971e-01
1.3750e-01, 2.8577e-01
1.5000e-01, 2.7361e-01
1.6250e-01, 2.6288e-01
1.7500e-01, 2.5332e-01
1.8750e-01, 2.4474e-01
2.0000e-01, 2.3698e-01
2.1875e-01, 2.2660e-01
2.3750e-01, 2.1748e-01
2.5625e-01, 2.0939e-01
2.7500e-01, 2.0214e-01
2.9375e-01, 1.9559e-01
3.1250e-01, 1.8963e-01
3.3125e-01, 1.8418e-01
3.5000e-01, 1.7918e-01
3.8750e-01, 1.7032e-01
4.2500e-01, 1.6265e-01
4.6228e-01, 1.5595e-01
4.6367e-01, 1.5572e-01
4.6821e-01, 1.5496e-01
4.7275e-01, 1.5422e-01
4.8184e-01, 1.5277e-01
5.0000e-01, 1.4999e-01
5.6250e-01, 1.4142e-01
6.2500e-01, 1.3417e-01
7.5000e-01, 1.2249e-01
8.7500e-01, 1.1347e-01
1.0000e+00, 1.0619e-01
1.2500e+00, 9.4953e-02
1.5000e+00, 8.6721e-02
1.7500e+00, 8.0350e-02
2.0000e+00, 7.5180e-02
2.0015e+00, 7.5152e-02
2.0059e+00, 7.5068e-02
2.0175e+00, 7.4847e-02
2.0291e+00, 7.4629e-02
2.0524e+00, 7.4201e-02
2.0989e+00, 7.3375e-02
2.1919e+00, 7.1821e-02
2.3779e+00, 6.8982e-02
2.7500e+00, 6.4199e-02
3.1250e+00, 6.0255e-02
3.5000e+00, 5.6969e-02
4.2500e+00, 5.1747e-02
5.0000e+00, 4.7776e-02
6.2500e+00, 4.2827e-02
7.5000e+00, 3.9169e-02
8.7500e+00, 3.6335e-02
1.0000e+01, 3.4068e-02
1.2500e+01, 3.0600e-02
1.5000e+01, 2.8048e-02
1.7500e+01, 2.6075e-02
1.7998e+01, 2.5735e-02
2.0000e+01, 2.4498e-02
2.3750e+01, 2.2621e-02
2.7500e+01, 2.1158e-02
3.1250e+01, 1.9976e-02
3.5000e+01, 1.8998e-02
3.7435e+01, 1.8445e-02
3.8750e+01, 1.8171e-02
4.2500e+01, 1.7465e-02
4.6250e+01, 1.6850e-02
4.7786e+01, 1.6621e-02
5.0000e+01, 1.6313e-02
5.5499e+01, 1.5639e-02
6.0998e+01, 1.5058e-02
6.2500e+01, 1.4915e-02
6.5625e+01, 1.4637e-02
6.8750e+01, 1.4380e-02
7.5000e+01, 1.3923e-02
8.7500e+01, 1.3186e-02
1.0000e+02, 1.2621e-02
1.2500e+02, 1.1830e-02
1.5000e+02, 1.1333e-02
1.6196e+02, 1.1166e-02
1.6250e+02, 1.1160e-02
1.6406e+02, 1.1141e-02
1.6562e+02, 1.1123e-02
1.6875e+02, 1.1088e-02
1.7500e+02, 1.1027e-02
2.0000e+02, 1.0856e-02
2.1875e+02, 1.0798e-02
2.7500e+02, 1.0901e-02
3.0000e+02, 1.1059e-02
3.5000e+02, 1.1568e-02
3.8750e+02, 1.2117e-02
4.2500e+02, 1.2821e-02
4.6250e+02, 1.3703e-02
5.0000e+02, 1.4795e-02
5.5000e+02, 1.6679e-02
6.0000e+02, 1.9130e-02
6.2500e+02, 2.0672e-02
6.6284e+02, 2.3561e-02
7.0069e+02, 2.7185e-02
7.2534e+02, 3.0168e-02
7.5000e+02, 3.3762e-02
7.6562e+02, 3.6436e-02
7.8125e+02, 3.9492e-02
7.9688e+02, 4.3000e-02
8.1250e+02, 4.7054e-02
8.2812e+02, 5.1774e-02
8.4375e+02, 5.7316e-02
8.5938e+02, 6.3867e-02
8.6719e+02, 6.7601e-02
8.7500e+02, 7.1709e-02
8.8574e+02, 7.8062e-02
8.9648e+02, 8.5321e-02
9.0723e+02, 9.3707e-02
9.1797e+02, 1.0351e-01
9.2871e+02, 1.1494e-01
9.3945e+02, 1.2855e-01
9.4482e+02, 1.3626e-01
9.5020e+02, 1.4482e-01
9.5557e+02, 1.5417e-01
9.6094e+02, 1.6441e-01
9.7070e+02, 1.8620e-01
9.7559e+02, 1.9868e-01
9.8047e+02, 2.1274e-01
9.8535e+02, 2.2805e-01
9.9023e+02, 2.4536e-01
9.9512e+02, 2.6482e-01
1.0000e+03, 2.8624e-01
1.0063e+03, 3.1839e-01
1.0126e+03, 3.5644e-01
1.0188e+03, 4.0185e-01
1.0251e+03, 4.5663e-01
1.0314e+03, 5.2312e-01
1.0345e+03, 5.6184e-01
1.0377e+03, 6.0541e-01
1.0408e+03, 6.5429e-01
1.0440e+03, 7.0931e-01
1.0471e+03, 7.7158e-01
1.0502e+03, 8.4236e-01
1.0542e+03, 9.4533e-01
1.0581e+03, 1.0682e+00
1.0620e+03, 1.2162e+00
1.0660e+03, 1.3966e+00
1.0699e+03, 1.6190e+00
1.0718e+03, 1.7500e+00
1.0738e+03, 1.8971e+00
1.0758e+03, 2.0625e+00
1.0777e+03, 2.2496e+00
1.0797e+03, 2.4613e+00
1.0817e+03, 2.7003e+00
1.0838e+03, 3.0036e+00
1.0860e+03, 3.3585e+00
1.0881e+03, 3.7741e+00
1.0903e+03, 4.2619e+00
1.0925e+03, 4.8363e+00
1.0946e+03, 5.5134e+00
1.0968e+03, 6.3103e+00
1.0989e+03, 7.2435e+00
1.1016e+03, 8.6165e+00
1.1043e+03, 1.0204e+01
1.1082e+03, 1.2630e+01
1.1101e+03, 1.3756e+01
1.1120e+03, 1.4677e+01
1.1139e+03, 1.5274e+01
1.1158e+03, 1.5457e+01
1.1177e+03, 1.5196e+01
1.1196e+03, 1.4532e+01
1.1215e+03, 1.3560e+01
1.1235e+03, 1.2405e+01
1.1273e+03, 9.9639e+00
1.1292e+03, 8.8255e+00
1.1311e+03, 7.7991e+00
1.1331e+03, 6.8481e+00
1.1351e+03, 6.0195e+00
1.1371e+03, 5.3044e+00
1.1391e+03, 4.6909e+00
1.1411e+03, 4.1653e+00
1.1431e+03, 3.7151e+00
1.1451e+03, 3.3265e+00
1.1471e+03, 2.9907e+00
1.1491e+03, 2.6995e+00
1.1511e+03, 2.4463e+00
1.1531e+03, 2.2251e+00
1.1552e+03, 2.0311e+00
1.1572e+03, 1.8601e+00
1.1592e+03, 1.7090e+00
1.1632e+03, 1.4553e+00
1.1657e+03, 1.3242e+00
1.1681e+03, 1.2096e+00
1.1706e+03, 1.1088e+00
1.1731e+03, 1.0197e+00
1.1781e+03, 8.7029e-01
1.1831e+03, 7.5078e-01
1.1880e+03, 6.5383e-01
1.1930e+03, 5.7544e-01
1.1980e+03, 5.0883e-01
1.2030e+03, 4.5302e-01
1.2074e+03, 4.1088e-01
1.2118e+03, 3.7417e-01
1.2162e+03, 3.4193e-01
1.2206e+03, 3.1373e-01
1.2295e+03, 2.6675e-01
1.2383e+03, 2.2940e-01
1.2472e+03, 1.9927e-01
1.2560e+03, 1.7467e-01
1.2648e+03, 1.5424e-01
1.2737e+03, 1.3711e-01
1.2826e+03, 1.2273e-01
1.2915e+03, 1.1035e-01
1.3004e+03, 9.9786e-02
1.3094e+03, 9.0363e-02
1.3183e+03, 8.2398e-02
1.3272e+03, 7.5430e-02
1.3362e+03, 6.9134e-02
1.3451e+03, 6.3724e-02
1.3629e+03, 5.4490e-02
1.3808e+03, 4.7173e-02
1.3987e+03, 4.1164e-02
1.4165e+03, 3.6189e-02
1.4326e+03, 3.2451e-02
1.4487e+03, 2.9254e-02
1.4809e+03, 2.4113e-02
1.5131e+03, 2.0150e-02
1.5453e+03, 1.7109e-02
1.5614e+03, 1.5813e-02
1.5775e+03, 1.4682e-02
1.5936e+03, 1.3621e-02
1.6098e+03, 1.2715e-02
1.6420e+03, 1.1103e-02
1.6742e+03, 9.7706e-03
1.7149e+03, 8.4147e-03
1.7556e+03, 7.2983e-03
1.7964e+03, 6.3988e-03
1.8371e+03, 5.6421e-03
1.8778e+03, 5.0278e-03
1.9185e+03, 4.4967e-03
1.9593e+03, 4.0364e-03
2.0000e+03, 3.6384e-03
2.0469e+03, 3.2549e-03
2.0937e+03, 2.9279e-03
2.1406e+03, 2.6469e-03
2.1874e+03, 2.4039e-03
2.2343e+03, 2.1923e-03
2.2811e+03, 2.0070e-03
2.3748e+03, 1.6998e-03
2.3750e+03, 1.6992e-03
2.3757e+03, 1.6970e-03
2.3765e+03, 1.6949e-03
2.3779e+03, 1.6906e-03
2.3809e+03, 1.6822e-03
2.3924e+03, 1.6499e-03
2.4039e+03, 1.6186e-03
2.4270e+03, 1.5586e-03
2.4731e+03, 1.4479e-03
2.5654e+03, 1.2581e-03
2.6577e+03, 1.1034e-03
2.7500e+03, 9.7576e-04
2.8750e+03, 8.3579e-04
3.0000e+03, 7.2434e-04
3.1250e+03, 6.3428e-04
3.2500e+03, 5.6122e-04
3.5000e+03, 4.4836e-04
3.6848e+03, 3.8686e-04
3.8696e+03, 3.3802e-04
3.8750e+03, 3.3672e-04
3.8867e+03, 3.3399e-04
3.8984e+03, 3.3130e-04
3.9424e+03, 3.2158e-04
3.9863e+03, 3.1236e-04
4.0742e+03, 2.9510e-04
4.2500e+03, 2.6489e-04
4.6250e+03, 2.1606e-04
5.0000e+03, 1.8149e-04
5.5000e+03, 1.4979e-04
6.0000e+03, 1.2722e-04
6.2500e+03, 1.1873e-04
6.8750e+03, 1.0270e-04
7.5000e+03, 9.1892e-05
8.7500e+03, 7.9810e-05
1.0000e+04, 7.5666e-05
1.1250e+04, 7.7108e-05
1.2500e+04, 8.3795e-05
1.3750e+04, 9.6881e-05
1.5000e+04, 1.1955e-04
1.5769e+04, 1.4112e-04
1.6635e+04, 1.7713e-04
1.7500e+04, 2.3345e-04
1.8086e+04, 2.9262e-04
1.8672e+04, 3.8149e-04
1.9258e+04, 5.2103e-04
1.9551e+04, 6.2445e-04
1.9844e+04, 7.6389e-04
2.0000e+04, 8.5945e-04
2.0242e+04, 1.0498e-03
2.0483e+04, 1.3131e-03
2.0724e+04, 1.6894e-03
2.0966e+04, 2.2508e-03
2.1147e+04, 2.8933e-03
2.1238e+04, 3.3176e-03
2.1328e+04, 3.8514e-03
2.1419e+04, 4.5225e-03
2.1509e+04, 5.3710e-03
2.1600e+04, 6.4959e-03
2.1645e+04, 7.1853e-03
2.1690e+04, 7.9794e-03
2.1738e+04, 8.9769e-03
2.1785e+04, 1.0160e-02
2.1833e+04, 1.1583e-02
2.1880e+04, 1.3320e-02
2.1928e+04, 1.5433e-02
2.1951e+04, 1.6685e-02
2.1975e+04, 1.8066e-02
2.1999e+04, 1.9607e-02
2.2023e+04, 2.1357e-02
2.2046e+04, 2.3307e-02
2.2070e+04, 2.5483e-02
2.2091e+04, 2.7724e-02
2.2113e+04, 3.0187e-02
2.2134e+04, 3.2926e-02
2.2156e+04, 3.6016e-02
2.2177e+04, 3.9381e-02
2.2199e+04, 4.3148e-02
2.2220e+04, 4.7249e-02
2.2241e+04, 5.1713e-02
2.2263e+04, 5.6528e-02
2.2284e+04, 6.1612e-02
2.2327e+04, 7.2032e-02
2.2370e+04, 8.1371e-02
2.2391e+04, 8.4956e-02
2.2413e+04, 8.7453e-02
2.2442e+04, 8.8602e-02
2.2471e+04, 8.7057e-02
2.2492e+04, 8.4354e-02
2.2513e+04, 8.0646e-02
2.2555e+04, 7.1246e-02
2.2640e+04, 5.1174e-02
2.2682e+04, 4.2704e-02
2.2724e+04, 3.5659e-02
2.2766e+04, 2.9929e-02
2.2808e+04, 2.5284e-02
2.2858e+04, 2.0920e-02
2.2908e+04, 1.7509e-02
2.2959e+04, 1.4816e-02
2.3009e+04, 1.2694e-02
2.3059e+04, 1.0948e-02
2.3109e+04, 9.5256e-03
2.3159e+04, 8.3552e-03
2.3209e+04, 7.3825e-03
2.3289e+04, 6.1459e-03
2.3369e+04, 5.1760e-03
2.3449e+04, 4.4241e-03
2.3529e+04, 3.8149e-03
2.3689e+04, 2.9212e-03
2.3849e+04, 2.3060e-03
2.3996e+04, 1.8999e-03
2.4143e+04, 1.5869e-03
2.4436e+04, 1.1547e-03
2.4730e+04, 8.7581e-04
2.5023e+04, 6.8626e-04
2.5610e+04, 4.5455e-04
2.6197e+04, 3.2200e-04
2.6784e+04, 2.3956e-04
2.7371e+04, 1.8505e-04
2.8686e+04, 1.1494e-04
3.0000e+04, 7.8459e-05
3.1584e+04, 5.4260e-05
3.3169e+04, 4.0182e-05
3.6338e+04, 2.6034e-05
3.8899e+04, 2.1209e-05
4.1461e+04, 1.9925e-05
4.4516e+04, 2.3734e-05
4.6044e+04, 2.9876e-05
4.7572e+04, 4.3213e-05
4.8786e+04, 6.7388e-05
4.9393e+04, 8.9859e-05
5.0000e+04, 1.2858e-04
5.0340e+04, 1.6376e-04
5.0679e+04, 2.1688e-04
5.1019e+04, 3.0234e-04
5.1359e+04, 4.5349e-04
5.1529e+04, 5.7681e-04
5.1699e+04, 7.5929e-04
5.1869e+04, 1.0444e-03
5.2038e+04, 1.5297e-03
5.2219e+04, 2.5374e-03
5.2309e+04, 3.4581e-03
5.2399e+04, 4.9591e-03
5.2455e+04, 6.4322e-03
5.2483e+04, 7.4196e-03
5.2511e+04, 8.6436e-03
5.2539e+04, 1.0182e-02
5.2567e+04, 1.2143e-02
5.2581e+04, 1.3330e-02
5.2594e+04, 1.4683e-02
5.2608e+04, 1.6224e-02
5.2622e+04, 1.7993e-02
5.2638e+04, 2.0275e-02
5.2653e+04, 2.2966e-02
5.2668e+04, 2.6138e-02
5.2684e+04, 2.9877e-02
5.2699e+04, 3.4276e-02
5.2714e+04, 3.9410e-02
5.2730e+04, 4.5312e-02
5.2745e+04, 5.1899e-02
5.2755e+04, 5.6564e-02
5.2766e+04, 6.1320e-02
5.2786e+04, 7.0354e-02
5.2806e+04, 7.7095e-02
5.2817e+04, 7.8965e-02
5.2827e+04, 7.9590e-02
5.2840e+04, 7.8406e-02
5.2854e+04, 7.5109e-02
5.2872e+04, 6.8242e-02
5.2891e+04, 5.9975e-02
5.2927e+04, 4.3789e-02
5.2964e+04, 3.1409e-02
5.2982e+04, 2.6743e-02
5.3000e+04, 2.2929e-02
5.3030e+04, 1.8126e-02
5.3059e+04, 1.4570e-02
5.3089e+04, 1.1912e-02
5.3118e+04, 9.8908e-03
5.3148e+04, 8.3257e-03
5.3178e+04, 7.0947e-03
5.3237e+04, 5.3147e-03
5.3285e+04, 4.3055e-03
5.3333e+04, 3.5621e-03
5.3430e+04, 2.5425e-03
5.3527e+04, 1.9012e-03
5.3624e+04, 1.4741e-03
5.3796e+04, 1.0024e-03
5.3968e+04, 7.2599e-04
5.4140e+04, 5.4940e-04
5.4312e+04, 4.3027e-04
5.4613e+04, 2.9861e-04
5.4914e+04, 2.1914e-04
5.5516e+04, 1.3302e-04
5.6075e+04, 9.2041e-05
5.6634e+04, 6.7690e-05
5.7752e+04, 4.1436e-05
5.8876e+04, 2.8351e-05
6.0000e+04, 2.0878e-05
6.1502e+04, 1.5077e-05
6.3004e+04, 1.1660e-05
6.6008e+04, 8.1108e-06
6.9448e+04, 6.8326e-06
7.1254e+04, 7.6655e-06
7.2157e+04, 9.3514e-06
7.2609e+04, 1.1113e-05
7.3060e+04, 1.4320e-05
7.3340e+04, 1.7903e-05
7.3619e+04, 2.3783e-05
7.3899e+04, 3.5033e-05
7.4038e+04, 4.4951e-05
7.4178e+04, 6.0333e-05
7.4286e+04, 7.9370e-05
7.4393e+04, 1.1027e-04
7.4501e+04, 1.6554e-04
7.4554e+04, 2.1081e-04
7.4608e+04, 2.7763e-04
7.4659e+04, 3.7819e-04
7.4710e+04, 5.4698e-04
7.4761e+04, 8.6337e-04
7.4787e+04, 1.1339e-03
7.4812e+04, 1.5614e-03
7.4841e+04, 2.4023e-03
7.4855e+04, 3.1104e-03
7.4869e+04, 4.1964e-03
7.4883e+04, 5.9997e-03
7.4897e+04, 9.3606e-03
7.4904e+04, 1.2286e-02
7.4911e+04, 1.6923e-02
7.4915e+04, 2.0323e-02
7.4918e+04, 2.4814e-02
7.4922e+04, 3.0782e-02
7.4923e+04, 3.4453e-02
7.4925e+04, 3.8667e-02
7.4928e+04, 4.6301e-02
7.4931e+04, 5.5518e-02
7.4933e+04, 6.5086e-02
7.4935e+04, 7.6010e-02
7.4938e+04, 8.8290e-02
7.4940e+04, 1.0178e-01
7.4942e+04, 1.1630e-01
7.4945e+04, 1.3131e-01
7.4949e+04, 1.6090e-01
7.4955e+04, 1.8898e-01
7.4958e+04, 1.9790e-01
7.4960e+04, 2.0237e-01
7.4962e+04, 2.0283e-01
7.4964e+04, 2.0101e-01
7.4967e+04, 1.9219e-01
7.4971e+04, 1.7720e-01
7.4974e+04, 1.5780e-01
7.4978e+04, 1.3610e-01
7.4983e+04, 1.0467e-01
7.4988e+04, 7.7028e-02
7.4993e+04, 5.5266e-02
7.4998e+04, 3.9498e-02
7.5002e+04, 2.9051e-02
7.5007e+04, 2.1896e-02
7.5012e+04, 1.6997e-02
7.5017e+04, 1.3580e-02
7.5021e+04, 1.1127e-02
7.5026e+04, 9.3087e-03
7.5035e+04, 6.8334e-03
7.5046e+04, 5.0667e-03
7.5057e+04, 3.9178e-03
7.5079e+04, 2.5511e-03
7.5101e+04, 1.7983e-03
7.5123e+04, 1.3395e-03
7.5149e+04, 9.8336e-04
7.5175e+04, 7.5289e-04
7.5228e+04, 4.8315e-04
7.5281e+04, 3.3787e-04
7.5334e+04, 2.4928e-04
7.5395e+04, 1.8535e-04
7.5456e+04, 1.4360e-04
7.5577e+04, 9.4393e-05
7.5698e+04, 6.7226e-05
7.5819e+04, 5.0792e-05
7.5955e+04, 3.9047e-05
7.6091e+04, 3.1412e-05
7.6364e+04, 2.2145e-05
7.6636e+04, 1.7040e-05
7.6909e+04, 1.3975e-05
7.7393e+04, 1.0984e-05
7.7877e+04, 9.4954e-06
7.8846e+04, 8.4942e-06
7.9677e+04, 8.7691e-06
8.0508e+04, 9.9318e-06
8.1338e+04, 1.2335e-05
8.2169e+04, 1.7107e-05
8.2584e+04, 2.1241e-05
8.3000e+04, 2.7626e-05
8.3415e+04, 3.8143e-05
8.3831e+04, 5.7301e-05
8.4220e+04, 9.4201e-05
8.4415e+04, 1.2816e-04
8.4609e+04, 1.8582e-04
8.4720e+04, 2.3813e-04
8.4830e+04, 3.1658e-04
8.4940e+04, 4.4061e-04
8.5051e+04, 6.5743e-04
8.5122e+04, 8.9635e-04
8.5194e+04, 1.2938e-03
8.5265e+04, 2.0274e-03
8.5301e+04, 2.6510e-03
8.5336e+04, 3.5968e-03
8.5362e+04, 4.6348e-03
8.5375e+04, 5.3313e-03
8.5388e+04, 6.1903e-03
8.5398e+04, 6.9715e-03
8.5408e+04, 7.9021e-03
8.5417e+04, 9.0246e-03
8.5427e+04, 1.0388e-02
8.5432e+04, 1.1182e-02
8.5437e+04, 1.2062e-02
8.5442e+04, 1.3040e-02
8.5447e+04, 1.4126e-02
8.5452e+04, 1.5339e-02
8.5456e+04, 1.6692e-02
8.5461e+04, 1.8202e-02
8.5466e+04, 1.9883e-02
8.5473e+04, 2.2393e-02
8.5479e+04, 2.5269e-02
8.5485e+04, 2.8545e-02
8.5492e+04, 3.2209e-02
8.5498e+04, 3.6233e-02
8.5505e+04, 4.0506e-02
8.5511e+04, 4.4871e-02
8.5517e+04, 4.9072e-02
8.5530e+04, 5.5702e-02
8.5536e+04, 5.7597e-02
8.5542e+04, 5.8250e-02
8.5547e+04, 5.7877e-02
8.5552e+04, 5.6787e-02
8.5557e+04, 5.5043e-02
8.5561e+04, 5.2754e-02
8.5566e+04, 4.9837e-02
8.5572e+04, 4.6596e-02
8.5582e+04, 3.9748e-02
8.5602e+04, 2.7417e-02
8.5622e+04, 1.8777e-02
8.5632e+04, 1.5700e-02
8.5642e+04, 1.3249e-02
8.5655e+04, 1.0765e-02
8.5669e+04, 8.8854e-03
8.5682e+04, 7.4413e-03
8.5695e+04, 6.3144e-03
8.5721e+04, 4.6948e-03
8.5748e+04, 3.6149e-03
8.5771e+04, 2.9505e-03
8.5793e+04, 2.4524e-03
8.5839e+04, 1.7692e-03
8.5885e+04, 1.3375e-03
8.5931e+04, 1.0449e-03
8.6015e+04, 7.0754e-04
8.6099e+04, 5.1063e-04
8.6184e+04, 3.8585e-04
8.6268e+04, 3.0240e-04
8.6423e+04, 2.0607e-04
8.6578e+04, 1.4954e-04
8.6733e+04, 1.1355e-04
8.6887e+04, 8.9267e-05
8.7183e+04, 6.0618e-05
8.7478e+04, 4.4018e-05
8.7774e+04, 3.3543e-05
8.8069e+04, 2.6498e-05
8.8632e+04, 1.8325e-05
8.9195e+04, 1.3531e-05
9.0320e+04, 8.5508e-06
9.1840e+04, 5.5512e-06
9.3359e+04, 4.0882e-06
9.6398e+04, 2.7326e-06
1.0000e+05, 2.0538e-06
1.0782e+05, 1.5702e-06
1.1230e+05, 1.8052e-06
1.1341e+05, 2.0945e-06
1.1509e+05, 3.4325e-06
1.1551e+05, 4.3146e-06
1.1593e+05, 5.7601e-06
1.1621e+05, 7.4161e-06
1.1649e+05, 1.0148e-05
1.1663e+05, 1.2241e-05
1.1687e+05, 1.8306e-05
1.1699e+05, 2.3447e-05
1.1712e+05, 3.1288e-05
1.1724e+05, 4.2947e-05
1.1736e+05, 6.4854e-05
1.1742e+05, 8.2917e-05
1.1748e+05, 1.0980e-04
1.1754e+05, 1.5049e-04
1.1761e+05, 2.2247e-04
1.1766e+05, 3.5038e-04
1.1769e+05, 4.6017e-04
1.1772e+05, 6.2700e-04
1.1775e+05, 9.1469e-04
1.1778e+05, 1.4732e-03
1.1779e+05, 1.9744e-03
1.1780e+05, 2.7996e-03
1.1782e+05, 4.4019e-03
1.1783e+05, 5.9454e-03
1.1783e+05, 8.6524e-03
1.1784e+05, 1.2661e-02
1.1784e+05, 1.9420e-02
1.1785e+05, 3.0670e-02
1.1786e+05, 4.8323e-02
1.1786e+05, 7.4278e-02
1.1786e+05, 9.0266e-02
1.1787e+05, 1.0728e-01
1.1787e+05, 1.4450e-01
1.1788e+05, 1.7975e-01
1.1788e+05, 2.0531e-01
1.1789e+05, 2.1466e-01
1.1789e+05, 2.1358e-01
1.1790e+05, 2.0390e-01
1.1790e+05, 1.8554e-01
1.1790e+05, 1.6110e-01
1.1791e+05, 1.3372e-01
1.1792e+05, 8.8879e-02
1.1792e+05, 5.3616e-02
1.1793e+05, 3.0501e-02
1.1794e+05, 1.7293e-02
1.1794e+05, 1.0370e-02
1.1795e+05, 6.8167e-03
1.1796e+05, 4.9005e-03
1.1797e+05, 3.7753e-03
1.1798e+05, 2.4083e-03
1.1800e+05, 1.6943e-03
1.1801e+05, 1.2614e-03
1.1803e+05, 9.7779e-04
1.1806e+05, 6.3862e-04
1.1809e+05, 4.5183e-04
1.1812e+05, 3.3863e-04
1.1815e+05, 2.6159e-04
1.1822e+05, 1.6977e-04
1.1830e+05, 1.0823e-04
1.1839e+05, 7.3841e-05
1.1847e+05, 5.3701e-05
1.1856e+05, 4.0937e-05
1.1873e+05, 2.6802e-05
1.1890e+05, 1.8669e-05
1.1907e+05, 1.3858e-05
1.1924e+05, 1.0780e-05
1.1958e+05, 7.2361e-06
1.1989e+05, 5.4534e-06
1.2051e+05, 3.6057e-06
1.2113e+05, 2.7161e-06
1.2300e+05, 1.7095e-06
1.2425e+05, 1.4660e-06
1.2864e+05, 1.1784e-06
1.3303e+05, 1.1115e-06
1.5065e+05, 1.9970e-06
1.5315e+05, 3.1182e-06
1.5440e+05, 4.5986e-06
1.5502e+05, 6.0376e-06
1.5564e+05, 8.5908e-06
1.5612e+05, 1.2208e-05
1.5659e+05, 1.9312e-05
1.5683e+05, 2.5734e-05
1.5707e+05, 3.6323e-05
1.5731e+05, 5.5740e-05
1.5743e+05, 7.2151e-05
1.5755e+05, 9.6964e-05
1.5767e+05, 1.4117e-04
1.5780e+05, 2.2578e-04
1.5786e+05, 3.0055e-04
1.5792e+05, 4.1549e-04
1.5799e+05, 6.1922e-04
1.5805e+05, 1.0238e-03
1.5810e+05, 1.6421e-03
1.5812e+05, 2.1803e-03
1.5814e+05, 3.0550e-03
1.5817e+05, 4.6237e-03
1.5818e+05, 5.9279e-03
1.5819e+05, 7.8967e-03
1.5820e+05, 1.1048e-02
1.5821e+05, 1.6381e-02
1.5822e+05, 2.0370e-02
1.5822e+05, 2.5588e-02
1.5823e+05, 3.2288e-02
1.5824e+05, 4.0621e-02
1.5824e+05, 4.9083e-02
1.5825e+05, 5.8501e-02
1.5825e+05, 6.8440e-02
1.5826e+05, 7.8064e-02
1.5827e+05, 9.4141e-02
1.5828e+05, 1.0037e-01
1.5828e+05, 9.9150e-02
1.5828e+05, 9.5522e-02
1.5829e+05, 8.8584e-02
1.5829e+05, 7.9552e-02
1.5830e+05, 6.9378e-02
1.5831e+05, 5.9178e-02
1.5832e+05, 4.0427e-02
1.5833e+05, 2.6711e-02
1.5834e+05, 1.6573e-02
1.5835e+05, 1.0904e-02
1.5836e+05, 7.6757e-03
1.5837e+05, 5.7122e-03
1.5840e+05, 3.5478e-03
1.5842e+05, 2.4282e-03
1.5846e+05, 1.4670e-03
1.5850e+05, 9.8803e-04
1.5855e+05, 7.0911e-04
1.5859e+05, 5.3314e-04
1.5867e+05, 3.3357e-04
1.5875e+05, 2.2978e-04
1.5882e+05, 1.7463e-04
1.5889e+05, 1.3733e-04
1.5903e+05, 9.1550e-05
1.5916e+05, 6.6227e-05
1.5930e+05, 4.9665e-05
1.5958e+05, 3.1139e-05
1.5986e+05, 2.1584e-05
1.6012e+05, 1.6264e-05
1.6038e+05, 1.2786e-05
1.6090e+05, 8.6984e-06
1.6142e+05, 6.4860e-06
1.6194e+05, 5.1599e-06
1.6298e+05, 3.7268e-06
1.6402e+05, 3.0291e-06
1.6636e+05, 2.4194e-06
1.6871e+05, 2.2747e-06
1.7457e+05, 5.6561e-06
1.7463e+05, 7.0276e-06
1.7470e+05, 9.6551e-06
1.7476e+05, 1.5234e-05
1.7479e+05, 2.1003e-05
1.7483e+05, 3.2091e-05
1.7484e+05, 4.2235e-05
1.7486e+05, 5.4462e-05
1.7487e+05, 7.8333e-05
1.7487e+05, 1.0504e-04
1.7488e+05, 1.6195e-04
1.7488e+05, 2.1458e-04
1.7489e+05, 2.9188e-04
1.7489e+05, 4.1269e-04
1.7489e+05, 5.8758e-04
1.7490e+05, 8.5434e-04
1.7490e+05, 1.2287e-03
1.7490e+05, 1.7792e-03
1.7490e+05, 2.5214e-03
1.7491e+05, 4.9147e-03
1.7492e+05, 8.9481e-03
1.7492e+05, 1.5093e-02
1.7493e+05, 2.3484e-02
1.7494e+05, 4.4293e-02
1.7496e+05, 6.0512e-02
1.7496e+05, 6.0913e-02
1.7496e+05, 6.0947e-02
1.7496e+05, 6.0944e-02
1.7496e+05, 6.0902e-02
1.7496e+05, 6.0828e-02
1.7496e+05, 6.0577e-02
1.7496e+05, 5.9668e-02
1.7497e+05, 5.4958e-02
1.7497e+05, 4.7745e-02
1.7498e+05, 3.0000e-02
1.7499e+05, 1.8135e-02
1.7500e+05, 9.7135e-03
1.7500e+05, 6.7262e-03
1.7501e+05, 4.5680e-03
1.7501e+05, 3.0225e-03
1.7501e+05, 1.9556e-03
1.7502e+05, 1.2294e-03
1.7502e+05, 7.7594e-04
1.7502e+05, 4.9203e-04
1.7503e+05, 3.1866e-04
1.7503e+05, 2.1263e-04
1.7504e+05, 1.5164e-04
1.7504e+05, 1.1513e-04
1.7504e+05, 9.2711e-05
1.7505e+05, 6.8205e-05
1.7506e+05, 5.5424e-05
1.7507e+05, 4.0548e-05
1.7510e+05, 2.5388e-05
1.7514e+05, 1.6832e-05
1.7518e+05, 1.2485e-05
1.7521e+05, 9.8104e-06
1.7525e+05, 8.1360e-06
1.7535e+05, 5.7540e-06
1.7545e+05, 4.6369e-06
1.7554e+05, 4.0544e-06
1.7579e+05, 3.4356e-06
1.7603e+05, 3.2125e-06
1.7652e+05, 3.0392e-06
1.7799e+05, 3.1516e-06
1.7946e+05, 3.4320e-06
1.8239e+05, 4.2589e-06
1.8533e+05, 5.5531e-06
1.8826e+05, 7.7212e-06
1.9002e+05, 9.8144e-06
1.9178e+05, 1.2974e-05
1.9354e+05, 1.8049e-05
1.9530e+05, 2.6931e-05
1.9623e+05, 3.4783e-05
1.9716e+05, 4.6592e-05
1.9809e+05, 6.5648e-05
1.9902e+05, 9.9026e-05
2.0000e+05, 1.7039e-04
2.0031e+05, 2.0886e-04
2.0062e+05, 2.5945e-04
2.0076e+05, 2.9023e-04
2.0091e+05, 3.2461e-04
2.0105e+05, 3.6567e-04
2.0120e+05, 4.1364e-04
2.0134e+05, 4.6960e-04
2.0141e+05, 5.0111e-04
2.0149e+05, 5.3511e-04
2.0156e+05, 5.7147e-04
2.0163e+05, 6.1051e-04
2.0170e+05, 6.5223e-04
2.0178e+05, 6.9668e-04
2.0190e+05, 7.7520e-04
2.0201e+05, 8.5902e-04
2.0213e+05, 9.4540e-04
2.0225e+05, 1.0294e-03
2.0273e+05, 1.2237e-03
2.0287e+05, 1.2045e-03
2.0300e+05, 1.1513e-03
2.0314e+05, 1.0726e-03
2.0328e+05, 9.7893e-04
2.0348e+05, 8.3024e-04
2.0369e+05, 6.9122e-04
2.0410e+05, 4.7530e-04
2.0451e+05, 3.3387e-04
2.0492e+05, 2.4239e-04
2.0522e+05, 1.9703e-04
2.0551e+05, 1.6279e-04
2.0610e+05, 1.1610e-04
2.0669e+05, 8.6320e-05
2.0728e+05, 6.6633e-05
2.0831e+05, 4.5580e-05
2.0933e+05, 3.3219e-05
2.1138e+05, 2.0230e-05
2.1280e+05, 1.5640e-05
2.1421e+05, 1.2834e-05
2.1705e+05, 1.0658e-05
2.1819e+05, 1.1132e-05
2.1933e+05, 1.2985e-05
2.2047e+05, 1.7673e-05
2.2104e+05, 2.2735e-05
2.2162e+05, 3.1732e-05
2.2197e+05, 4.1678e-05
2.2232e+05, 5.8466e-05
2.2268e+05, 8.9759e-05
2.2286e+05, 1.1629e-04
2.2303e+05, 1.5830e-04
2.2319e+05, 2.1930e-04
2.2335e+05, 3.2522e-04
2.2351e+05, 5.3039e-04
2.2358e+05, 7.1724e-04
2.2366e+05, 1.0234e-03
2.2373e+05, 1.4427e-03
2.2379e+05, 2.1775e-03
2.2386e+05, 3.6005e-03
2.2389e+05, 4.8444e-03
2.2392e+05, 6.7788e-03
2.2393e+05, 7.9160e-03
2.2395e+05, 9.2899e-03
2.2396e+05, 1.0960e-02
2.2397e+05, 1.2924e-02
2.2399e+05, 1.5189e-02
2.2400e+05, 1.7631e-02
2.2401e+05, 2.0095e-02
2.2403e+05, 2.2261e-02
2.2406e+05, 2.4496e-02
2.2407e+05, 2.4196e-02
2.2408e+05, 2.3395e-02
2.2409e+05, 2.2160e-02
2.2410e+05, 2.0631e-02
2.2411e+05, 1.8633e-02
2.2412e+05, 1.6593e-02
2.2414e+05, 1.2799e-02
2.2419e+05, 7.4515e-03
2.2423e+05, 4.6026e-03
2.2428e+05, 3.0706e-03
2.2431e+05, 2.3049e-03
2.2435e+05, 1.7912e-03
2.2442e+05, 1.1634e-03
2.2450e+05, 8.1376e-04
2.2457e+05, 6.0086e-04
2.2473e+05, 3.5865e-04
2.2488e+05, 2.3766e-04
2.2504e+05, 1.6938e-04
2.2520e+05, 1.2705e-04
2.2538e+05, 9.5865e-05
2.2556e+05, 7.5062e-05
2.2592e+05, 4.9856e-05
2.2627e+05, 3.5876e-05
2.2663e+05, 2.7343e-05
2.2707e+05, 2.0783e-05
2.2751e+05, 1.6504e-05
2.2838e+05, 1.1453e-05
2.2926e+05, 8.7575e-06
2.3013e+05, 7.0983e-06
2.3213e+05, 5.2331e-06
2.3413e+05, 4.6820e-06
2.3613e+05, 5.4069e-06
2.3713e+05, 6.9636e-06
2.3763e+05, 8.6057e-06
2.3813e+05, 1.1647e-05
2.3845e+05, 1.5258e-05
2.3878e+05, 2.1772e-05
2.3911e+05, 3.5312e-05
2.3927e+05, 4.8265e-05
2.3944e+05, 7.1244e-05
2.3955e+05, 1.0052e-04
2.3967e+05, 1.5359e-04
2.3973e+05, 1.9735e-04
2.3979e+05, 2.6480e-04
2.3985e+05, 3.7519e-04
2.3991e+05, 5.7338e-04
2.3995e+05, 8.7113e-04
2.3998e+05, 1.1185e-03
2.4000e+05, 1.4921e-03
2.4002e+05, 2.0944e-03
2.4005e+05, 3.1529e-03
2.4007e+05, 5.2021e-03
2.4008e+05, 6.9239e-03
2.4009e+05, 8.0497e-03
2.4009e+05, 9.3536e-03
2.4010e+05, 1.1436e-02
2.4011e+05, 1.3255e-02
2.4011e+05, 1.5219e-02
2.4012e+05, 1.7335e-02
2.4012e+05, 1.9447e-02
2.4013e+05, 2.1513e-02
2.4014e+05, 2.3334e-02
2.4015e+05, 2.5847e-02
2.4015e+05, 2.6371e-02
2.4016e+05, 2.5580e-02
2.4017e+05, 2.4613e-02
2.4017e+05, 2.3363e-02
2.4018e+05, 2.1716e-02
2.4018e+05, 1.9882e-02
2.4020e+05, 1.6038e-02
2.4021e+05, 1.2456e-02
2.4022e+05, 9.5063e-03
2.4024e+05, 5.5450e-03
2.4026e+05, 3.4653e-03
2.4028e+05, 2.4234e-03
2.4030e+05, 1.7935e-03
2.4034e+05, 1.0963e-03
2.4037e+05, 7.3986e-04
2.4041e+05, 5.3500e-04
2.4047e+05, 3.5074e-04
2.4053e+05, 2.4762e-04
2.4059e+05, 1.8458e-04
2.4066e+05, 1.4381e-04
2.4078e+05, 9.4391e-05
2.4090e+05, 6.7225e-05
2.4104e+05, 4.9094e-05
2.4117e+05, 3.7893e-05
2.4145e+05, 2.5533e-05
2.4172e+05, 1.9236e-05
2.4200e+05, 1.5848e-05
2.4265e+05, 1.3180e-05
2.4300e+05, 1.3681e-05
2.4336e+05, 1.5558e-05
2.4371e+05, 1.9346e-05
2.4407e+05, 2.6231e-05
2.4514e+05, 6.4001e-05
2.4528e+05, 6.2012e-05
2.4542e+05, 5.7032e-05
2.4571e+05, 4.3430e-05
2.4599e+05, 3.1387e-05
2.4628e+05, 2.2924e-05
2.4673e+05, 1.4918e-05
2.4718e+05, 1.0541e-05
2.4763e+05, 7.9668e-06
2.4808e+05, 6.3489e-06
2.4918e+05, 4.2454e-06
2.5028e+05, 3.2502e-06
2.5249e+05, 2.3529e-06
2.5707e+05, 1.7685e-06
2.6165e+05, 1.6341e-06
2.7735e+05, 3.1077e-06
2.8013e+05, 4.5329e-06
2.8152e+05, 5.9329e-06
2.8291e+05, 8.5523e-06
2.8413e+05, 1.3489e-05
2.8475e+05, 1.8173e-05
2.8536e+05, 2.6465e-05
2.8569e+05, 3.3793e-05
2.8601e+05, 4.4995e-05
2.8634e+05, 6.3292e-05
2.8667e+05, 9.6572e-05
2.8685e+05, 1.2880e-04
2.8704e+05, 1.8072e-04
2.8722e+05, 2.7167e-04
2.8731e+05, 3.4413e-04
2.8740e+05, 4.5078e-04
2.8748e+05, 5.8356e-04
2.8756e+05, 7.7845e-04
2.8763e+05, 1.0739e-03
2.8767e+05, 1.2841e-03
2.8771e+05, 1.5517e-03
2.8773e+05, 1.7315e-03
2.8775e+05, 1.9375e-03
2.8777e+05, 2.1736e-03
2.8780e+05, 2.4424e-03
2.8782e+05, 2.7456e-03
2.8783e+05, 2.9102e-03
2.8784e+05, 3.0830e-03
2.8785e+05, 3.2633e-03
2.8786e+05, 3.4500e-03
2.8787e+05, 3.6416e-03
2.8788e+05, 3.8359e-03
2.8789e+05, 4.0910e-03
2.8791e+05, 4.3374e-03
2.8793e+05, 4.7779e-03
2.8799e+05, 5.1957e-03
2.8802e+05, 5.0847e-03
2.8804e+05, 4.7753e-03
2.8807e+05, 4.3309e-03
2.8810e+05, 3.8276e-03
2.8813e+05, 3.2059e-03
2.8817e+05, 2.6541e-03
2.8824e+05, 1.8238e-03
2.8831e+05, 1.2812e-03
2.8837e+05, 9.3615e-04
2.8847e+05, 6.3395e-04
2.8857e+05, 4.5515e-04
2.8867e+05, 3.4104e-04
2.8877e+05, 2.6472e-04
2.8894e+05, 1.8074e-04
2.8911e+05, 1.3165e-04
2.8929e+05, 1.0022e-04
2.8946e+05, 7.9059e-05
2.8978e+05, 5.4596e-05
2.9011e+05, 4.0420e-05
2.9075e+05, 2.5668e-05
2.9159e+05, 1.7396e-05
2.9242e+05, 1.3766e-05
2.9325e+05, 1.2193e-05
2.9408e+05, 1.1899e-05
2.9575e+05, 1.4740e-05
2.9658e+05, 1.8768e-05
2.9741e+05, 2.6734e-05
2.9780e+05, 3.3361e-05
2.9820e+05, 4.3568e-05
2.9859e+05, 6.0124e-05
2.9898e+05, 9.0164e-05
2.9924e+05, 1.2458e-04
2.9949e+05, 1.8431e-04
2.9962e+05, 2.3176e-04
2.9975e+05, 3.0058e-04
2.9987e+05, 4.0427e-04
3.0000e+05, 5.6823e-04
3.0010e+05, 7.8033e-04
3.0016e+05, 9.3050e-04
3.0021e+05, 1.1223e-03
3.0024e+05, 1.2429e-03
3.0026e+05, 1.3796e-03
3.0029e+05, 1.5349e-03
3.0032e+05, 1.7099e-03
3.0035e+05, 1.9063e-03
3.0036e+05, 2.0123e-03
3.0037e+05, 2.1233e-03
3.0039e+05, 2.2388e-03
3.0040e+05, 2.3582e-03
3.0041e+05, 2.4808e-03
3.0043e+05, 2.6045e-03
3.0045e+05, 2.7834e-03
3.0047e+05, 2.9573e-03
3.0049e+05, 3.1199e-03
3.0051e+05, 3.2629e-03
3.0058e+05, 3.5528e-03
3.0061e+05, 3.5307e-03
3.0063e+05, 3.4486e-03
3.0065e+05, 3.3156e-03
3.0068e+05, 3.1455e-03
3.0070e+05, 2.9495e-03
3.0072e+05, 2.7409e-03
3.0077e+05, 2.3200e-03
3.0082e+05, 1.8940e-03
3.0088e+05, 1.5406e-03
3.0098e+05, 1.0369e-03
3.0108e+05, 7.2676e-04
3.0119e+05, 5.3128e-04
3.0134e+05, 3.6237e-04
3.0148e+05, 2.6229e-04
3.0163e+05, 1.9810e-04
3.0178e+05, 1.5490e-04
3.0206e+05, 1.0513e-04
3.0233e+05, 7.6424e-05
3.0288e+05, 4.6555e-05
3.0348e+05, 3.1463e-05
3.0407e+05, 2.3496e-05
3.0525e+05, 1.5850e-05
3.0683e+05, 1.2323e-05
3.0841e+05, 1.1539e-05
3.1014e+05, 1.2609e-05
3.1188e+05, 1.5267e-05
3.1361e+05, 2.0623e-05
3.1535e+05, 3.1117e-05
3.1614e+05, 3.9427e-05
3.1693e+05, 5.1748e-05
3.1771e+05, 7.1606e-05
3.1850e+05, 1.0510e-04
3.1898e+05, 1.3820e-04
3.1945e+05, 1.8929e-04
3.1992e+05, 2.7588e-04
3.2040e+05, 4.1976e-04
3.2055e+05, 4.9221e-04
3.2072e+05, 5.8898e-04
3.2089e+05, 7.1003e-04
3.2106e+05, 8.5845e-04
3.2115e+05, 9.4370e-04
3.2123e+05, 1.0361e-03
3.2132e+05, 1.1342e-03
3.2140e+05, 1.2349e-03
3.2149e+05, 1.3353e-03
3.2157e+05, 1.4306e-03
3.2174e+05, 1.5684e-03
3.2191e+05, 1.6342e-03
3.2207e+05, 1.5796e-03
3.2224e+05, 1.4356e-03
3.2241e+05, 1.2449e-03
3.2257e+05, 1.0497e-03
3.2286e+05, 7.5518e-04
3.2316e+05, 5.4694e-04
3.2345e+05, 4.0435e-04
3.2375e+05, 3.0789e-04
3.2427e+05, 2.0161e-04
3.2480e+05, 1.4087e-04
3.2532e+05, 1.0348e-04
3.2584e+05, 7.9113e-05
3.2680e+05, 5.2645e-05
3.2775e+05, 3.7394e-05
3.2871e+05, 2.8134e-05
3.2966e+05, 2.1965e-05
3.3138e+05, 1.5292e-05
3.3310e+05, 1.1470e-05
3.3653e+05, 7.7387e-06
3.3959e+05, 6.6702e-06
3.4302e+05, 7.4973e-06
3.4474e+05, 9.2592e-06
3.4646e+05, 1.3308e-05
3.4684e+05, 1.4818e-05
3.4703e+05, 1.5745e-05
3.4712e+05, 1.6319e-05
3.4715e+05, 1.7721e-05
3.4716e+05, 2.0399e-05
3.4717e+05, 2.6425e-05
3.4718e+05, 3.8147e-05
3.4720e+05, 5.7196e-05
3.4722e+05, 1.1485e-04
3.4722e+05, 2.1369e-04
3.5000e+05, 2.1109e-04
3.6758e+05, 1.9469e-04
3.8000e+05, 1.8310e-04
4.0000e+05, 1.6444e-04
4.1736e+05, 1.5747e-04
4.5000e+05, 1.4434e-04
5.0000e+05, 1.2423e-04
5.5000e+05, 1.1411e-04
6.0000e+05, 1.0398e-04
6.5000e+05, 9.7690e-05
7.0000e+05, 9.1401e-05
7.5000e+05, 8.7182e-05
8.0000e+05, 8.2964e-05
8.5000e+05, 8.0029e-05
9.0000e+05, 7.7094e-05
9.5000e+05, 7.4991e-05
1.0000e+06, 7.2888e-05
1.1000e+06, 7.0318e-05
1.2000e+06, 6.7749e-05
1.2617e+06, 6.6976e-05
1.3000e+06, 6.6496e-05
1.4000e+06, 6.5244e-05
1.5000e+06, 6.4850e-05
1.6000e+06, 6.4456e-05
1.7000e+06, 6.4640e-05
1.8000e+06, 6.4823e-05
1.8298e+06, 6.3978e-05
1.8298e+06, 6.3977e-05
1.9000e+06, 6.1984e-05
2.0000e+06, 5.9145e-05
2.1000e+06, 5.8412e-05
2.2000e+06, 5.7678e-05
2.3000e+06, 5.7683e-05
2.4000e+06, 5.7688e-05
2.5000e+06, 5.8181e-05
2.6000e+06, 5.8675e-05
2.7000e+06, 5.9554e-05
2.8000e+06, 6.0433e-05
2.9000e+06, 6.0630e-05
2.9100e+06, 6.0650e-05
2.9222e+06, 6.0674e-05
2.9222e+06, 6.0674e-05
2.9284e+06, 6.0686e-05
2.9928e+06, 6.0813e-05
3.0000e+06, 6.0827e-05
3.0043e+06, 6.0793e-05
3.1000e+06, 6.0041e-05
3.2000e+06, 5.9254e-05
3.2932e+06, 5.9070e-05
3.3000e+06, 5.9057e-05
3.4000e+06, 5.8859e-05
3.5000e+06, 5.9061e-05
3.6000e+06, 5.9262e-05
3.7000e+06, 5.9892e-05
3.8000e+06, 6.0522e-05
3.8386e+06, 6.0360e-05
3.8386e+06, 6.0360e-05
3.8540e+06, 6.0295e-05
3.9000e+06, 6.0102e-05
3.9151e+06, 6.0039e-05
4.0000e+06, 5.9682e-05
4.0706e+06, 5.9262e-05
4.2000e+06, 5.8491e-05
4.4000e+06, 5.7356e-05
4.5271e+06, 5.7240e-05
4.6000e+06, 5.7174e-05
4.6447e+06, 5.7214e-05
4.6917e+06, 5.7255e-05
4.7433e+06, 5.7301e-05
4.7772e+06, 5.7331e-05
4.8000e+06, 5.7351e-05
4.8206e+06, 5.7302e-05
4.9096e+06, 5.7089e-05
4.9096e+06, 5.7089e-05
4.9524e+06, 5.6987e-05
4.9524e+06, 5.6987e-05
4.9804e+06, 5.6920e-05
5.0000e+06, 5.6873e-05
5.1373e+06, 5.6696e-05
5.2000e+06, 5.6615e-05
5.4000e+06, 5.6768e-05
5.4307e+06, 5.6830e-05
5.5915e+06, 5.7156e-05
5.5915e+06, 5.7156e-05
5.6000e+06, 5.7174e-05
5.6928e+06, 5.7407e-05
5.6928e+06, 5.7407e-05
5.8000e+06, 5.7676e-05
5.8164e+06, 5.7626e-05
5.8164e+06, 5.7626e-05
5.8885e+06, 5.7407e-05
5.8885e+06, 5.7407e-05
5.9013e+06, 5.7368e-05
5.9631e+06, 5.7180e-05
6.0000e+06, 5.7068e-05
6.0511e+06, 5.6883e-05
6.0511e+06, 5.6883e-05
6.0983e+06, 5.6712e-05
6.0983e+06, 5.6712e-05
6.1006e+06, 5.6704e-05
6.2000e+06, 5.6344e-05
6.2805e+06, 5.5844e-05
6.2911e+06, 5.5778e-05
6.3232e+06, 5.5579e-05
6.3232e+06, 5.5579e-05
6.4000e+06, 5.5102e-05
6.4719e+06, 5.4776e-05
6.4719e+06, 5.4776e-05
6.5611e+06, 5.4372e-05
6.5611e+06, 5.4372e-05
6.5678e+06, 5.4341e-05
6.6000e+06, 5.4196e-05
6.7200e+06, 1.1517e-04
6.7200e+06, 1.1517e-04
6.7581e+06, 1.3456e-04
6.7581e+06, 1.3457e-04
6.8000e+06, 1.5586e-04
6.8579e+06, 1.5666e-04
6.8691e+06, 1.5682e-04
6.8691e+06, 1.5682e-04
6.9252e+06, 1.5760e-04
6.9252e+06, 1.5760e-04
6.9509e+06, 1.5796e-04
6.9765e+06, 1.5832e-04
6.9895e+06, 1.5850e-04
7.0000e+06, 1.5865e-04
7.2000e+06, 1.6218e-04
7.2751e+06, 1.6523e-04
7.3078e+06, 1.6655e-04
7.4000e+06, 1.7028e-04
7.6000e+06, 1.7071e-04
7.6217e+06, 1.7146e-04
7.6217e+06, 1.7146e-04
7.6631e+06, 1.7290e-04
7.8000e+06, 1.7764e-04
8.0000e+06, 1.8376e-04
8.5000e+06, 2.0104e-04
8.7632e+06, 2.1219e-04
8.8240e+06, 2.1477e-04
8.9511e+06, 2.2015e-04
9.0000e+06, 2.2222e-04
9.5000e+06, 2.4744e-04
1.0000e+07, 2.7415e-04
1.0500e+07, 3.0755e-04
1.1000e+07, 3.3849e-04
1.1297e+07, 3.5486e-04
1.1500e+07, 3.6608e-04
1.1611e+07, 3.7329e-04
1.1726e+07, 3.8075e-04
1.1818e+07, 3.8668e-04
1.1984e+07, 3.9747e-04
1.2000e+07, 3.9850e-04
1.2043e+07, 4.0063e-04
1.2159e+07, 4.0637e-04
1.2327e+07, 4.1472e-04
1.2404e+07, 4.1853e-04
1.2500e+07, 4.2327e-04
1.2669e+07, 4.3794e-04
1.3000e+07, 4.6676e-04
1.3021e+07, 4.6712e-04
1.3140e+07, 4.6917e-04
1.3240e+07, 4.7089e-04
1.3500e+07, 4.7538e-04
1.3628e+07, 4.8813e-04
1.3628e+07, 4.8814e-04
1.4000e+07, 5.2519e-04
1.4366e+07, 5.3445e-04
1.4500e+07, 5.3783e-04
1.5000e+07, 5.5988e-04
1.5500e+07, 5.7842e-04
1.5909e+07, 5.9360e-04
1.5977e+07, 5.9610e-04
1.5977e+07, 5.9611e-04
1.6000e+07, 5.9696e-04
1.6500e+07, 6.0550e-04
1.6690e+07, 6.0874e-04
1.6690e+07, 6.0874e-04
1.6790e+07, 6.1046e-04
1.6805e+07, 6.1071e-04
1.7000e+07, 6.1404e-04
1.7500e+07, 6.1772e-04
1.8000e+07, 6.2140e-04
1.8169e+07, 6.1905e-04
1.8169e+07, 6.1905e-04
1.8232e+07, 6.1818e-04
1.8386e+07, 6.1605e-04
1.8386e+07, 6.1605e-04
1.8500e+07, 6.1446e-04
1.9000e+07, 6.0752e-04
1.9175e+07, 6.0339e-04
1.9500e+07, 5.9573e-04
1.9549e+07, 5.9458e-04
1.9602e+07, 5.9333e-04
1.9813e+07, 5.8835e-04
1.9813e+07, 5.8835e-04
1.9904e+07, 5.8620e-04
1.9950e+07, 5.8512e-04
1.9950e+07, 5.8512e-04
2.0000e+07, 5.8394e-04
2.0500e+07, 5.6520e-04
2.0751e+07, 5.5582e-04
2.1000e+07, 5.4648e-04
2.2000e+07, 5.0726e-04
2.2145e+07, 5.0165e-04
2.2447e+07, 4.8993e-04
2.2590e+07, 4.8437e-04
2.3000e+07, 4.6848e-04
2.4000e+07, 4.1302e-04
2.4762e+07, 3.8022e-04
2.4779e+07, 3.7950e-04
2.5000e+07, 3.6996e-04
2.6000e+07, 3.3056e-04
2.7000e+07, 2.8966e-04
2.8000e+07, 2.5956e-04
2.8460e+07, 2.4857e-04
2.9000e+07, 2.3566e-04
2.9148e+07, 2.3269e-04
3.0000e+07, 2.1563e-04
3.0000e+07, 0.0000e+00
3.0000e+07, 0.0000e+00
3.1000e+07, 0.0000e+00
3.2000e+07, 0.0000e+00
3.3000e+07, 0.0000e+00
3.4000e+07, 0.0000e+00
3.5000e+07, 0.0000e+00
3.6000e+07, 0.0000e+00
3.7000e+07, 0.0000e+00
3.8000e+07, 0.0000e+00
3.9000e+07, 0.0000e+00
4.0000e+07, 0.0000e+00
4.1000e+07, 0.0000e+00
4.2000e+07, 0.0000e+00
4.3000e+07, 0.0000e+00
4.4000e+07, 0.0000e+00
4.5000e+07, 0.0000e+00
4.6000e+07, 0.0000e+00
4.7000e+07, 0.0000e+00
4.8000e+07, 0.0000e+00
4.9000e+07, 0.0000e+00
5.0000e+07, 0.0000e+00
5.1000e+07, 0.0000e+00
5.2000e+07, 0.0000e+00
5.3000e+07, 0.0000e+00
5.4000e+07, 0.0000e+00
5.5000e+07, 0.0000e+00
5.6000e+07, 0.0000e+00
5.7000e+07, 0.0000e+00
5.8000e+07, 0.0000e+00
5.9000e+07, 0.0000e+00
6.0000e+07, 0.0000e+00
6.1000e+07, 0.0000e+00
6.2000e+07, 0.0000e+00
6.3000e+07, 0.0000e+00
6.4000e+07, 0.0000e+00
6.5000e+07, 0.0000e+00
6.6000e+07, 0.0000e+00
6.7000e+07, 0.0000e+00
6.8000e+07, 0.0000e+00
6.9000e+07, 0.0000e+00
7.0000e+07, 0.0000e+00
7.1000e+07, 0.0000e+00
7.2000e+07, 0.0000e+00
7.3000e+07, 0.0000e+00
7.4000e+07, 0.0000e+00
7.5000e+07, 0.0000e+00
7.6000e+07, 0.0000e+00
7.7000e+07, 0.0000e+00
7.8000e+07, 0.0000e+00
7.9000e+07, 0.0000e+00
8.0000e+07, 0.0000e+00
8.1000e+07, 0.0000e+00
8.2000e+07, 0.0000e+00
8.3000e+07, 0.0000e+00
8.4000e+07, 0.0000e+00
8.5000e+07, 0.0000e+00
8.6000e+07, 0.0000e+00
8.7000e+07, 0.0000e+00
8.8000e+07, 0.0000e+00
8.9000e+07, 0.0000e+00
9.0000e+07, 0.0000e+00
9.1000e+07, 0.0000e+00
9.2000e+07, 0.0000e+00
9.3000e+07, 0.0000e+00
9.4000e+07, 0.0000e+00
9.5000e+07, 0.0000e+00
9.6000e+07, 0.0000e+00
9.7000e+07, 0.0000e+00
9.8000e+07, 0.0000e+00
9.9000e+07, 0.0000e+00
1.0000e+08, 0.0000e+00
1.0200e+08, 0.0000e+00
1.0400e+08, 0.0000e+00
1.0600e+08, 0.0000e+00
1.0800e+08, 0.0000e+00
1.1000e+08, 0.0000e+00
1.1200e+08, 0.0000e+00
1.1400e+08, 0.0000e+00
1.1600e+08, 0.0000e+00
1.1800e+08, 0.0000e+00
1.2000e+08, 0.0000e+00
1.2200e+08, 0.0000e+00
1.2400e+08, 0.0000e+00
1.2600e+08, 0.0000e+00
1.2800e+08, 0.0000e+00
1.3000e+08, 0.0000e+00
1.3200e+08, 0.0000e+00
1.3400e+08, 0.0000e+00
1.3600e+08, 0.0000e+00
1.3800e+08, 0.0000e+00
1.4000e+08, 0.0000e+00
1.4200e+08, 0.0000e+00
1.4400e+08, 0.0000e+00
1.4600e+08, 0.0000e+00
1.4800e+08, 0.0000e+00
1.5000e+08, 0.0000e+00
1.5200e+08, 0.0000e+00
1.5400e+08, 0.0000e+00
1.5600e+08, 0.0000e+00
1.5800e+08, 0.0000e+00
1.6000e+08, 0.0000e+00
1.6200e+08, 0.0000e+00
1.6400e+08, 0.0000e+00
1.6600e+08, 0.0000e+00
1.6800e+08, 0.0000e+00
1.7000e+08, 0.0000e+00
1.7200e+08, 0.0000e+00
1.7400e+08, 0.0000e+00
1.7600e+08, 0.0000e+00
1.7800e+08, 0.0000e+00
1.8000e+08, 0.0000e+00
1.8200e+08, 0.0000e+00
1.8400e+08, 0.0000e+00
1.8600e+08, 0.0000e+00
1.8800e+08, 0.0000e+00
1.9000e+08, 0.0000e+00
1.9200e+08, 0.0000e+00
1.9400e+08, 0.0000e+00
1.9600e+08, 0.0000e+00
1.9800e+08, 0.0000e+00
2.0000e+08, 0.0000e+00
