ebin, xs
1.0000e-05, 1.2623e+02
1.0625e-05, 1.2246e+02
1.1250e-05, 1.1901e+02
1.1875e-05, 1.1583e+02
1.2500e-05, 1.1290e+02
1.3750e-05, 1.0765e+02
1.5000e-05, 1.0306e+02
1.6250e-05, 9.9021e+01
1.7500e-05, 9.5419e+01
1.8750e-05, 9.2183e+01
2.0000e-05, 8.9256e+01
2.1875e-05, 8.5345e+01
2.3750e-05, 8.1907e+01
2.5625e-05, 7.8853e+01
2.7500e-05, 7.6118e+01
2.9375e-05, 7.3648e+01
3.1250e-05, 7.1405e+01
3.3125e-05, 6.9354e+01
3.5000e-05, 6.7471e+01
3.8750e-05, 6.4123e+01
4.2500e-05, 6.1229e+01
4.6250e-05, 5.8694e+01
5.0000e-05, 5.6450e+01
5.3125e-05, 5.4765e+01
5.6250e-05, 5.3222e+01
5.9375e-05, 5.1802e+01
6.2500e-05, 5.0491e+01
6.8750e-05, 4.8141e+01
7.5000e-05, 4.6092e+01
8.1250e-05, 4.4283e+01
8.7500e-05, 4.2672e+01
9.3750e-05, 4.1226e+01
1.0000e-04, 3.9916e+01
1.0625e-04, 3.8725e+01
1.1250e-04, 3.7634e+01
1.1875e-04, 3.6630e+01
1.2500e-04, 3.5702e+01
1.3750e-04, 3.4041e+01
1.5000e-04, 3.2592e+01
1.6250e-04, 3.1313e+01
1.7500e-04, 3.0174e+01
1.8750e-04, 2.9151e+01
2.0000e-04, 2.8225e+01
2.1875e-04, 2.6988e+01
2.3750e-04, 2.5901e+01
2.5625e-04, 2.4936e+01
2.7500e-04, 2.4071e+01
2.9375e-04, 2.3290e+01
3.1250e-04, 2.2580e+01
3.3125e-04, 2.1932e+01
3.5000e-04, 2.1336e+01
3.8750e-04, 2.0278e+01
4.2500e-04, 1.9362e+01
4.6250e-04, 1.8561e+01
5.0000e-04, 1.7851e+01
5.3125e-04, 1.7318e+01
5.6250e-04, 1.6830e+01
5.9375e-04, 1.6381e+01
6.2500e-04, 1.5967e+01
6.8750e-04, 1.5224e+01
7.5000e-04, 1.4575e+01
8.1250e-04, 1.4004e+01
8.7500e-04, 1.3494e+01
9.3750e-04, 1.3037e+01
1.0000e-03, 1.2623e+01
1.0625e-03, 1.2246e+01
1.1250e-03, 1.1901e+01
1.1875e-03, 1.1583e+01
1.2500e-03, 1.1290e+01
1.3750e-03, 1.0765e+01
1.5000e-03, 1.0306e+01
1.6250e-03, 9.9021e+00
1.7500e-03, 9.5419e+00
1.8750e-03, 9.2184e+00
2.0000e-03, 8.9256e+00
2.1875e-03, 8.5346e+00
2.3750e-03, 8.1908e+00
2.5625e-03, 7.8854e+00
2.7500e-03, 7.6118e+00
2.9375e-03, 7.3649e+00
3.1250e-03, 7.1406e+00
3.3125e-03, 6.9355e+00
3.5000e-03, 6.7472e+00
3.8750e-03, 6.4124e+00
4.2500e-03, 6.1230e+00
4.6250e-03, 5.8695e+00
5.0000e-03, 5.6451e+00
5.3125e-03, 5.4765e+00
5.6250e-03, 5.3222e+00
5.9375e-03, 5.1802e+00
6.2500e-03, 5.0490e+00
6.8750e-03, 4.8140e+00
7.5000e-03, 4.6091e+00
8.1250e-03, 4.4282e+00
8.7500e-03, 4.2671e+00
9.3750e-03, 4.1224e+00
1.0000e-02, 3.9915e+00
1.0625e-02, 3.8723e+00
1.1250e-02, 3.7633e+00
1.1875e-02, 3.6629e+00
1.2500e-02, 3.5702e+00
1.3750e-02, 3.4040e+00
1.5000e-02, 3.2591e+00
1.6250e-02, 3.1312e+00
1.7500e-02, 3.0172e+00
1.8750e-02, 2.9149e+00
2.0000e-02, 2.8223e+00
2.1325e-02, 2.7332e+00
2.2650e-02, 2.6520e+00
2.3975e-02, 2.5777e+00
2.5300e-02, 2.5094e+00
2.6844e-02, 2.4363e+00
2.8387e-02, 2.3692e+00
3.1475e-02, 2.2501e+00
3.4563e-02, 2.1472e+00
3.7650e-02, 2.0572e+00
4.0738e-02, 1.9776e+00
4.3825e-02, 1.9066e+00
4.6913e-02, 1.8427e+00
5.0000e-02, 1.7849e+00
5.3125e-02, 1.7316e+00
5.6250e-02, 1.6828e+00
5.9375e-02, 1.6380e+00
6.2500e-02, 1.5966e+00
6.8750e-02, 1.5224e+00
7.5000e-02, 1.4575e+00
8.1250e-02, 1.4003e+00
8.7500e-02, 1.3493e+00
9.3750e-02, 1.3035e+00
1.0000e-01, 1.2620e+00
1.0625e-01, 1.2243e+00
1.1250e-01, 1.1898e+00
1.1875e-01, 1.1581e+00
1.2500e-01, 1.1289e+00
1.3750e-01, 1.0765e+00
1.5000e-01, 1.0306e+00
1.6250e-01, 9.9008e-01
1.7500e-01, 9.5401e-01
1.8750e-01, 9.2165e-01
2.0000e-01, 8.9243e-01
2.1875e-01, 8.5336e-01
2.3750e-01, 8.1893e-01
2.5625e-01, 7.8835e-01
2.7500e-01, 7.6095e-01
2.9375e-01, 7.3623e-01
3.1250e-01, 7.1377e-01
3.3125e-01, 6.9328e-01
3.5000e-01, 6.7456e-01
3.8750e-01, 6.4117e-01
4.2500e-01, 6.1215e-01
5.0000e-01, 5.6440e-01
6.2500e-01, 5.0477e-01
7.5000e-01, 4.6066e-01
8.7500e-01, 4.2652e-01
1.0000e+00, 3.9900e-01
1.2500e+00, 3.5671e-01
1.5000e+00, 3.2551e-01
1.7500e+00, 3.0134e-01
2.0000e+00, 2.8183e-01
2.3750e+00, 2.5853e-01
2.7500e+00, 2.4021e-01
3.1250e+00, 2.2524e-01
3.5000e+00, 2.1275e-01
4.2500e+00, 1.9292e-01
5.0000e+00, 1.7776e-01
6.2500e+00, 1.5882e-01
7.5000e+00, 1.4482e-01
8.7500e+00, 1.3395e-01
1.0000e+01, 1.2517e-01
1.2500e+01, 1.1171e-01
1.5000e+01, 1.0176e-01
1.7500e+01, 9.4023e-02
2.0000e+01, 8.7770e-02
2.3750e+01, 8.0295e-02
2.7500e+01, 7.4393e-02
3.1250e+01, 6.9571e-02
3.5000e+01, 6.5537e-02
4.2500e+01, 5.9112e-02
5.0000e+01, 5.4172e-02
6.2500e+01, 4.7974e-02
7.5000e+01, 4.3367e-02
8.7500e+01, 3.9764e-02
1.0000e+02, 3.6843e-02
1.1250e+02, 3.4410e-02
1.2500e+02, 3.2342e-02
1.5000e+02, 2.8991e-02
1.7500e+02, 2.6369e-02
2.0000e+02, 2.4245e-02
2.3750e+02, 2.1700e-02
2.7500e+02, 1.9691e-02
3.1250e+02, 1.8056e-02
3.5000e+02, 1.6695e-02
3.8750e+02, 1.5543e-02
4.2500e+02, 1.4555e-02
5.0000e+02, 1.2952e-02
5.6250e+02, 1.1901e-02
6.2500e+02, 1.1046e-02
6.8750e+02, 1.0351e-02
7.5000e+02, 9.7938e-03
8.1250e+02, 9.3651e-03
8.7500e+02, 9.0700e-03
9.3750e+02, 8.9347e-03
1.0000e+03, 9.0248e-03
1.0524e+03, 9.3912e-03
1.0786e+03, 9.7328e-03
1.1048e+03, 1.0235e-02
1.1310e+03, 1.0971e-02
1.1571e+03, 1.2095e-02
1.1702e+03, 1.2874e-02
1.1833e+03, 1.3851e-02
1.1964e+03, 1.5090e-02
1.2095e+03, 1.6700e-02
1.2192e+03, 1.8229e-02
1.2288e+03, 2.0153e-02
1.2385e+03, 2.2599e-02
1.2433e+03, 2.3969e-02
1.2481e+03, 2.5622e-02
1.2547e+03, 2.8286e-02
1.2612e+03, 3.1551e-02
1.2678e+03, 3.5589e-02
1.2743e+03, 4.0653e-02
1.2809e+03, 4.7149e-02
1.2874e+03, 5.5731e-02
1.2907e+03, 6.1090e-02
1.2940e+03, 6.7139e-02
1.2972e+03, 7.4449e-02
1.3005e+03, 8.3153e-02
1.3036e+03, 9.3034e-02
1.3067e+03, 1.0494e-01
1.3098e+03, 1.1946e-01
1.3129e+03, 1.3741e-01
1.3160e+03, 1.5998e-01
1.3176e+03, 1.7349e-01
1.3191e+03, 1.8875e-01
1.3207e+03, 2.0602e-01
1.3222e+03, 2.2613e-01
1.3238e+03, 2.4949e-01
1.3253e+03, 2.7676e-01
1.3270e+03, 3.1284e-01
1.3288e+03, 3.5659e-01
1.3305e+03, 4.1041e-01
1.3322e+03, 4.7763e-01
1.3331e+03, 5.1773e-01
1.3339e+03, 5.6312e-01
1.3348e+03, 6.1489e-01
1.3357e+03, 6.7412e-01
1.3365e+03, 7.4232e-01
1.3374e+03, 8.2109e-01
1.3382e+03, 9.1324e-01
1.3391e+03, 1.0222e+00
1.3400e+03, 1.1599e+00
1.3409e+03, 1.3279e+00
1.3418e+03, 1.5357e+00
1.3427e+03, 1.7965e+00
1.3432e+03, 1.9532e+00
1.3436e+03, 2.1310e+00
1.3441e+03, 2.3349e+00
1.3445e+03, 2.5691e+00
1.3450e+03, 2.8412e+00
1.3454e+03, 3.1584e+00
1.3459e+03, 3.5324e+00
1.3463e+03, 3.9783e+00
1.3468e+03, 4.5455e+00
1.3473e+03, 5.2466e+00
1.3478e+03, 6.1279e+00
1.3480e+03, 6.6564e+00
1.3482e+03, 7.2553e+00
1.3485e+03, 7.9440e+00
1.3487e+03, 8.7381e+00
1.3490e+03, 9.6603e+00
1.3492e+03, 1.0740e+01
1.3494e+03, 1.2013e+01
1.3497e+03, 1.3527e+01
1.3499e+03, 1.5342e+01
1.3501e+03, 1.7521e+01
1.3504e+03, 2.0170e+01
1.3506e+03, 2.3388e+01
1.3508e+03, 2.7291e+01
1.3511e+03, 3.2001e+01
1.3513e+03, 3.7630e+01
1.3516e+03, 4.4264e+01
1.3518e+03, 5.1932e+01
1.3520e+03, 6.0544e+01
1.3529e+03, 9.8558e+01
1.3532e+03, 1.0709e+02
1.3534e+03, 1.1418e+02
1.3536e+03, 1.1932e+02
1.3539e+03, 1.2212e+02
1.3540e+03, 1.2259e+02
1.3542e+03, 1.2140e+02
1.3544e+03, 1.1796e+02
1.3547e+03, 1.1250e+02
1.3549e+03, 1.0542e+02
1.3553e+03, 8.8107e+01
1.3557e+03, 6.9688e+01
1.3560e+03, 6.0258e+01
1.3562e+03, 5.1688e+01
1.3564e+03, 4.4093e+01
1.3567e+03, 3.7522e+01
1.3569e+03, 3.1922e+01
1.3572e+03, 2.7254e+01
1.3574e+03, 2.3382e+01
1.3576e+03, 2.0186e+01
1.3578e+03, 1.7745e+01
1.3581e+03, 1.5706e+01
1.3583e+03, 1.3980e+01
1.3585e+03, 1.2525e+01
1.3587e+03, 1.1281e+01
1.3589e+03, 1.0218e+01
1.3591e+03, 9.2971e+00
1.3594e+03, 8.5006e+00
1.3596e+03, 7.8010e+00
1.3598e+03, 7.1888e+00
1.3602e+03, 6.1641e+00
1.3607e+03, 5.3478e+00
1.3611e+03, 4.6866e+00
1.3615e+03, 4.1647e+00
1.3619e+03, 3.7277e+00
1.3623e+03, 3.3568e+00
1.3627e+03, 3.0391e+00
1.3632e+03, 2.7641e+00
1.3636e+03, 2.5256e+00
1.3640e+03, 2.3168e+00
1.3644e+03, 2.1331e+00
1.3652e+03, 1.8259e+00
1.3661e+03, 1.5814e+00
1.3669e+03, 1.3831e+00
1.3677e+03, 1.2206e+00
1.3685e+03, 1.0914e+00
1.3693e+03, 9.8224e-01
1.3701e+03, 8.8879e-01
1.3709e+03, 8.0795e-01
1.3716e+03, 7.3753e-01
1.3724e+03, 6.7604e-01
1.3732e+03, 6.2202e-01
1.3740e+03, 5.7431e-01
1.3756e+03, 4.9413e-01
1.3772e+03, 4.2990e-01
1.3787e+03, 3.7758e-01
1.3803e+03, 3.3443e-01
1.3817e+03, 3.0173e-01
1.3831e+03, 2.7371e-01
1.3846e+03, 2.4958e-01
1.3860e+03, 2.2879e-01
1.3888e+03, 1.9415e-01
1.3916e+03, 1.6694e-01
1.3945e+03, 1.4525e-01
1.3973e+03, 1.2769e-01
1.4001e+03, 1.1326e-01
1.4030e+03, 1.0126e-01
1.4060e+03, 9.0666e-02
1.4090e+03, 8.1761e-02
1.4119e+03, 7.4365e-02
1.4149e+03, 6.7827e-02
1.4209e+03, 5.7304e-02
1.4269e+03, 4.9297e-02
1.4329e+03, 4.3033e-02
1.4389e+03, 3.8023e-02
1.4449e+03, 3.3956e-02
1.4508e+03, 3.0621e-02
1.4575e+03, 2.7596e-02
1.4641e+03, 2.5090e-02
1.4773e+03, 2.1235e-02
1.4839e+03, 1.9735e-02
1.4905e+03, 1.8441e-02
1.4971e+03, 1.7284e-02
1.5037e+03, 1.6312e-02
1.5170e+03, 1.4670e-02
1.5302e+03, 1.3398e-02
1.5566e+03, 1.1524e-02
1.5843e+03, 1.0216e-02
1.5982e+03, 9.6929e-03
1.6121e+03, 9.2719e-03
1.6398e+03, 8.5828e-03
1.6675e+03, 8.0801e-03
1.7229e+03, 7.3402e-03
1.7783e+03, 6.8788e-03
1.8337e+03, 6.5602e-03
1.8892e+03, 6.3637e-03
2.0000e+03, 6.1203e-03
2.0712e+03, 6.0767e-03
2.1558e+03, 6.1156e-03
2.2403e+03, 6.2458e-03
2.3249e+03, 6.4778e-03
2.4095e+03, 6.8346e-03
2.4940e+03, 7.3561e-03
2.5786e+03, 8.1396e-03
2.6632e+03, 9.2836e-03
2.7055e+03, 1.0064e-02
2.7477e+03, 1.1039e-02
2.7834e+03, 1.2070e-02
2.8190e+03, 1.3351e-02
2.8479e+03, 1.4654e-02
2.8768e+03, 1.6248e-02
2.9058e+03, 1.8128e-02
2.9347e+03, 2.0583e-02
2.9636e+03, 2.3700e-02
2.9781e+03, 2.5606e-02
2.9925e+03, 2.7848e-02
3.0070e+03, 3.0463e-02
3.0215e+03, 3.3534e-02
3.0359e+03, 3.7176e-02
3.0504e+03, 4.1579e-02
3.0585e+03, 4.4535e-02
3.0665e+03, 4.7960e-02
3.0746e+03, 5.1986e-02
3.0827e+03, 5.6844e-02
3.0907e+03, 6.2945e-02
3.0948e+03, 6.6462e-02
3.0988e+03, 7.0730e-02
3.1028e+03, 7.5940e-02
3.1069e+03, 8.2428e-02
3.1109e+03, 9.0776e-02
3.1129e+03, 9.6120e-02
3.1149e+03, 1.0254e-01
3.1168e+03, 1.0982e-01
3.1187e+03, 1.1882e-01
3.1206e+03, 1.3018e-01
3.1225e+03, 1.4496e-01
3.1234e+03, 1.5423e-01
3.1243e+03, 1.6520e-01
3.1253e+03, 1.7832e-01
3.1262e+03, 1.9420e-01
3.1271e+03, 2.1377e-01
3.1281e+03, 2.3829e-01
3.1290e+03, 2.6975e-01
3.1300e+03, 3.1128e-01
3.1306e+03, 3.4711e-01
3.1312e+03, 3.9225e-01
3.1318e+03, 4.5060e-01
3.1322e+03, 4.8661e-01
3.1325e+03, 5.2873e-01
3.1328e+03, 5.7863e-01
3.1331e+03, 6.3867e-01
3.1334e+03, 7.1220e-01
3.1337e+03, 8.0397e-01
3.1340e+03, 9.2073e-01
3.1342e+03, 9.9155e-01
3.1343e+03, 1.0720e+00
3.1345e+03, 1.1647e+00
3.1347e+03, 1.2707e+00
3.1348e+03, 1.3927e+00
3.1350e+03, 1.5335e+00
3.1351e+03, 1.6970e+00
3.1353e+03, 1.8845e+00
3.1354e+03, 2.1020e+00
3.1356e+03, 2.3508e+00
3.1358e+03, 2.6381e+00
3.1359e+03, 2.9646e+00
3.1361e+03, 3.3389e+00
3.1362e+03, 3.7605e+00
3.1364e+03, 4.2389e+00
3.1365e+03, 4.7717e+00
3.1367e+03, 5.3686e+00
3.1368e+03, 6.0242e+00
3.1372e+03, 7.5300e+00
3.1375e+03, 9.2793e+00
3.1378e+03, 1.1351e+01
3.1381e+03, 1.3562e+01
3.1388e+03, 1.7895e+01
3.1392e+03, 1.9957e+01
3.1396e+03, 2.1366e+01
3.1398e+03, 2.1801e+01
3.1400e+03, 2.1946e+01
3.1402e+03, 2.1821e+01
3.1404e+03, 2.1451e+01
3.1408e+03, 2.0048e+01
3.1410e+03, 1.8860e+01
3.1413e+03, 1.7475e+01
3.1417e+03, 1.4361e+01
3.1421e+03, 1.1652e+01
3.1426e+03, 9.1387e+00
3.1428e+03, 8.0014e+00
3.1430e+03, 6.9668e+00
3.1432e+03, 6.0303e+00
3.1434e+03, 5.2024e+00
3.1435e+03, 4.5030e+00
3.1437e+03, 3.8954e+00
3.1439e+03, 3.3669e+00
3.1441e+03, 2.9158e+00
3.1443e+03, 2.5295e+00
3.1445e+03, 2.2040e+00
3.1447e+03, 1.9295e+00
3.1449e+03, 1.6986e+00
3.1451e+03, 1.5039e+00
3.1453e+03, 1.3414e+00
3.1455e+03, 1.2042e+00
3.1456e+03, 1.0893e+00
3.1458e+03, 9.9161e-01
3.1460e+03, 9.0904e-01
3.1462e+03, 8.3844e-01
3.1464e+03, 7.7767e-01
3.1467e+03, 7.0864e-01
3.1469e+03, 6.5113e-01
3.1472e+03, 6.0240e-01
3.1474e+03, 5.6064e-01
3.1479e+03, 4.9276e-01
3.1485e+03, 4.4022e-01
3.1490e+03, 3.9832e-01
3.1495e+03, 3.6435e-01
3.1500e+03, 3.3634e-01
3.1505e+03, 3.1294e-01
3.1515e+03, 2.7633e-01
3.1525e+03, 2.4938e-01
3.1536e+03, 2.2898e-01
3.1546e+03, 2.1328e-01
3.1563e+03, 1.9394e-01
3.1581e+03, 1.8104e-01
3.1598e+03, 1.7219e-01
3.1616e+03, 1.6616e-01
3.1651e+03, 1.5979e-01
3.1686e+03, 1.5840e-01
3.1718e+03, 1.5987e-01
3.1750e+03, 1.6304e-01
3.1814e+03, 1.7364e-01
3.1878e+03, 1.8896e-01
3.1942e+03, 2.0883e-01
3.2007e+03, 2.3367e-01
3.2071e+03, 2.6455e-01
3.2135e+03, 3.0299e-01
3.2199e+03, 3.5125e-01
3.2246e+03, 3.9446e-01
3.2292e+03, 4.4646e-01
3.2339e+03, 5.0975e-01
3.2386e+03, 5.8776e-01
3.2432e+03, 6.8445e-01
3.2456e+03, 7.4179e-01
3.2479e+03, 8.0732e-01
3.2502e+03, 8.8198e-01
3.2526e+03, 9.6744e-01
3.2549e+03, 1.0658e+00
3.2572e+03, 1.1799e+00
3.2600e+03, 1.3404e+00
3.2628e+03, 1.5355e+00
3.2656e+03, 1.7753e+00
3.2683e+03, 2.0742e+00
3.2697e+03, 2.2519e+00
3.2711e+03, 2.4525e+00
3.2725e+03, 2.6799e+00
3.2739e+03, 2.9383e+00
3.2752e+03, 3.2328e+00
3.2766e+03, 3.5703e+00
3.2780e+03, 3.9613e+00
3.2794e+03, 4.4165e+00
3.2810e+03, 5.0504e+00
3.2827e+03, 5.8152e+00
3.2843e+03, 6.7422e+00
3.2859e+03, 7.8690e+00
3.2875e+03, 9.2374e+00
3.2892e+03, 1.0887e+01
3.2908e+03, 1.2843e+01
3.2924e+03, 1.5083e+01
3.2962e+03, 2.0573e+01
3.2972e+03, 2.1689e+01
3.2981e+03, 2.2552e+01
3.2991e+03, 2.3096e+01
3.3000e+03, 2.3273e+01
3.3010e+03, 2.3026e+01
3.3021e+03, 2.2342e+01
3.3031e+03, 2.1291e+01
3.3042e+03, 1.9971e+01
3.3084e+03, 1.3906e+01
3.3104e+03, 1.1277e+01
3.3115e+03, 1.0149e+01
3.3125e+03, 9.1435e+00
3.3136e+03, 8.2509e+00
3.3146e+03, 7.4617e+00
3.3157e+03, 6.7649e+00
3.3167e+03, 6.1505e+00
3.3178e+03, 5.5630e+00
3.3190e+03, 5.0485e+00
3.3201e+03, 4.5968e+00
3.3212e+03, 4.1995e+00
3.3224e+03, 3.8482e+00
3.3235e+03, 3.5372e+00
3.3258e+03, 3.0137e+00
3.3280e+03, 2.5946e+00
3.3303e+03, 2.2548e+00
3.3326e+03, 1.9761e+00
3.3349e+03, 1.7456e+00
3.3370e+03, 1.5619e+00
3.3392e+03, 1.4050e+00
3.3414e+03, 1.2694e+00
3.3435e+03, 1.1522e+00
3.3457e+03, 1.0504e+00
3.3479e+03, 9.6144e-01
3.3500e+03, 8.8325e-01
3.3522e+03, 8.1422e-01
3.3565e+03, 6.9834e-01
3.3608e+03, 6.0556e-01
3.3652e+03, 5.3015e-01
3.3695e+03, 4.6805e-01
3.3736e+03, 4.1861e-01
3.3778e+03, 3.7743e-01
3.3819e+03, 3.4142e-01
3.3860e+03, 3.1057e-01
3.3901e+03, 2.8336e-01
3.3943e+03, 2.5993e-01
3.4025e+03, 2.2089e-01
3.4108e+03, 1.9029e-01
3.4190e+03, 1.6578e-01
3.4273e+03, 1.4576e-01
3.4355e+03, 1.2926e-01
3.4434e+03, 1.1616e-01
3.4512e+03, 1.0504e-01
3.4669e+03, 8.7374e-02
3.4826e+03, 7.3870e-02
3.4982e+03, 6.3520e-02
3.5139e+03, 5.5325e-02
3.5296e+03, 4.8705e-02
3.5453e+03, 4.3289e-02
3.5609e+03, 3.8824e-02
3.5766e+03, 3.5120e-02
3.5923e+03, 3.1996e-02
3.6237e+03, 2.7053e-02
3.6550e+03, 2.3314e-02
3.6864e+03, 2.0490e-02
3.7177e+03, 1.8264e-02
3.7491e+03, 1.6480e-02
3.7804e+03, 1.5031e-02
3.8118e+03, 1.3845e-02
3.8357e+03, 1.3088e-02
3.8596e+03, 1.2468e-02
3.9075e+03, 1.1364e-02
3.9554e+03, 1.0505e-02
4.0032e+03, 9.8295e-03
4.0511e+03, 9.2932e-03
4.0989e+03, 8.8703e-03
4.1468e+03, 8.5328e-03
4.1947e+03, 8.2858e-03
4.2904e+03, 7.8872e-03
4.3861e+03, 7.6515e-03
4.4818e+03, 7.5369e-03
4.5775e+03, 7.5186e-03
4.6831e+03, 7.5950e-03
4.7888e+03, 7.7582e-03
4.8944e+03, 8.0042e-03
5.0000e+03, 8.3344e-03
5.1293e+03, 8.8858e-03
5.2586e+03, 9.5873e-03
5.3879e+03, 1.0435e-02
5.5173e+03, 1.1548e-02
5.6466e+03, 1.3042e-02
5.7759e+03, 1.4986e-02
5.8405e+03, 1.6279e-02
5.9052e+03, 1.7834e-02
5.9699e+03, 1.9659e-02
6.0345e+03, 2.2041e-02
6.0884e+03, 2.4713e-02
6.1153e+03, 2.6316e-02
6.1423e+03, 2.8323e-02
6.1692e+03, 3.0543e-02
6.1962e+03, 3.3433e-02
6.2231e+03, 3.7098e-02
6.2500e+03, 4.1974e-02
6.2750e+03, 4.8303e-02
6.2874e+03, 5.2522e-02
6.2999e+03, 5.7797e-02
6.3123e+03, 6.4641e-02
6.3248e+03, 7.4008e-02
6.3310e+03, 8.0194e-02
6.3373e+03, 8.8158e-02
6.3435e+03, 9.8816e-02
6.3466e+03, 1.0560e-01
6.3497e+03, 1.1393e-01
6.3521e+03, 1.2177e-01
6.3544e+03, 1.3140e-01
6.3568e+03, 1.4350e-01
6.3591e+03, 1.5928e-01
6.3615e+03, 1.8096e-01
6.3627e+03, 1.9513e-01
6.3639e+03, 2.1249e-01
6.3650e+03, 2.3422e-01
6.3662e+03, 2.6207e-01
6.3674e+03, 2.9904e-01
6.3686e+03, 3.5037e-01
6.3693e+03, 3.9565e-01
6.3701e+03, 4.5662e-01
6.3708e+03, 5.4352e-01
6.3712e+03, 6.0222e-01
6.3716e+03, 6.7560e-01
6.3720e+03, 7.6920e-01
6.3724e+03, 8.8976e-01
6.3727e+03, 1.0463e+00
6.3731e+03, 1.2505e+00
6.3733e+03, 1.3751e+00
6.3735e+03, 1.5164e+00
6.3737e+03, 1.6781e+00
6.3739e+03, 1.8609e+00
6.3741e+03, 2.0690e+00
6.3743e+03, 2.3029e+00
6.3744e+03, 2.5660e+00
6.3746e+03, 2.8608e+00
6.3750e+03, 3.4311e+00
6.3753e+03, 4.1066e+00
6.3756e+03, 4.8946e+00
6.3759e+03, 5.7956e+00
6.3762e+03, 6.8137e+00
6.3765e+03, 7.9383e+00
6.3772e+03, 1.0433e+01
6.3779e+03, 1.3420e+01
6.3782e+03, 1.4838e+01
6.3786e+03, 1.6112e+01
6.3791e+03, 1.7443e+01
6.3795e+03, 1.8311e+01
6.3798e+03, 1.8598e+01
6.3800e+03, 1.8634e+01
6.3804e+03, 1.8358e+01
6.3809e+03, 1.7559e+01
6.3814e+03, 1.6292e+01
6.3818e+03, 1.4683e+01
6.3825e+03, 1.2003e+01
6.3828e+03, 1.0623e+01
6.3831e+03, 9.2831e+00
6.3835e+03, 7.7811e+00
6.3839e+03, 6.4263e+00
6.3843e+03, 5.2398e+00
6.3847e+03, 4.2305e+00
6.3849e+03, 3.7903e+00
6.3851e+03, 3.3922e+00
6.3853e+03, 3.0342e+00
6.3855e+03, 2.7156e+00
6.3857e+03, 2.4304e+00
6.3859e+03, 2.1789e+00
6.3861e+03, 1.9558e+00
6.3863e+03, 1.7605e+00
6.3865e+03, 1.5222e+00
6.3868e+03, 1.3261e+00
6.3871e+03, 1.1648e+00
6.3874e+03, 1.0322e+00
6.3876e+03, 9.2321e-01
6.3879e+03, 8.3347e-01
6.3882e+03, 7.5930e-01
6.3885e+03, 6.9766e-01
6.3890e+03, 6.0266e-01
6.3896e+03, 5.3408e-01
6.3901e+03, 4.8287e-01
6.3907e+03, 4.4339e-01
6.3913e+03, 4.1208e-01
6.3918e+03, 3.8681e-01
6.3929e+03, 3.4878e-01
6.3940e+03, 3.2205e-01
6.3951e+03, 3.0285e-01
6.3968e+03, 2.8375e-01
6.3984e+03, 2.7227e-01
6.4001e+03, 2.6598e-01
6.4017e+03, 2.6340e-01
6.4036e+03, 2.6380e-01
6.4054e+03, 2.6695e-01
6.4090e+03, 2.8008e-01
6.4126e+03, 3.0121e-01
6.4162e+03, 3.3027e-01
6.4199e+03, 3.6828e-01
6.4235e+03, 4.1725e-01
6.4271e+03, 4.8044e-01
6.4289e+03, 5.1884e-01
6.4307e+03, 5.6287e-01
6.4330e+03, 6.2878e-01
6.4354e+03, 7.0834e-01
6.4377e+03, 8.0520e-01
6.4400e+03, 9.2481e-01
6.4423e+03, 1.0757e+00
6.4434e+03, 1.1663e+00
6.4446e+03, 1.2693e+00
6.4457e+03, 1.3873e+00
6.4469e+03, 1.5228e+00
6.4480e+03, 1.6797e+00
6.4492e+03, 1.8627e+00
6.4505e+03, 2.1117e+00
6.4518e+03, 2.4142e+00
6.4531e+03, 2.7862e+00
6.4545e+03, 3.2498e+00
6.4551e+03, 3.5254e+00
6.4558e+03, 3.8366e+00
6.4564e+03, 4.1897e+00
6.4571e+03, 4.5919e+00
6.4578e+03, 5.0519e+00
6.4584e+03, 5.5798e+00
6.4591e+03, 6.1877e+00
6.4597e+03, 6.8891e+00
6.4607e+03, 8.1255e+00
6.4617e+03, 9.6508e+00
6.4627e+03, 1.1513e+01
6.4636e+03, 1.3741e+01
6.4675e+03, 2.4658e+01
6.4681e+03, 2.6072e+01
6.4688e+03, 2.7156e+01
6.4694e+03, 2.7837e+01
6.4700e+03, 2.8067e+01
6.4709e+03, 2.7540e+01
6.4719e+03, 2.6054e+01
6.4728e+03, 2.3835e+01
6.4737e+03, 2.1189e+01
6.4756e+03, 1.5732e+01
6.4765e+03, 1.3317e+01
6.4775e+03, 1.1232e+01
6.4780e+03, 1.0172e+01
6.4786e+03, 9.2243e+00
6.4791e+03, 8.3788e+00
6.4797e+03, 7.6269e+00
6.4802e+03, 6.9593e+00
6.4807e+03, 6.3667e+00
6.4818e+03, 5.3720e+00
6.4829e+03, 4.5820e+00
6.4840e+03, 3.9482e+00
6.4851e+03, 3.4341e+00
6.4862e+03, 3.0123e+00
6.4870e+03, 2.7323e+00
6.4879e+03, 2.4894e+00
6.4887e+03, 2.2773e+00
6.4896e+03, 2.0913e+00
6.4913e+03, 1.7820e+00
6.4930e+03, 1.5373e+00
6.4947e+03, 1.3405e+00
6.4964e+03, 1.1801e+00
6.4982e+03, 1.0477e+00
6.4999e+03, 9.3738e-01
6.5017e+03, 8.3649e-01
6.5036e+03, 7.5155e-01
6.5055e+03, 6.7931e-01
6.5073e+03, 6.1753e-01
6.5092e+03, 5.6429e-01
6.5111e+03, 5.1814e-01
6.5129e+03, 4.7786e-01
6.5148e+03, 4.4251e-01
6.5185e+03, 3.8363e-01
6.5222e+03, 3.3702e-01
6.5260e+03, 2.9979e-01
6.5297e+03, 2.6911e-01
6.5338e+03, 2.4161e-01
6.5378e+03, 2.1894e-01
6.5418e+03, 2.0005e-01
6.5459e+03, 1.8417e-01
6.5499e+03, 1.7070e-01
6.5540e+03, 1.5919e-01
6.5620e+03, 1.4072e-01
6.5701e+03, 1.2676e-01
6.5782e+03, 1.1627e-01
6.5863e+03, 1.0780e-01
6.5944e+03, 1.0117e-01
6.6043e+03, 9.4908e-02
6.6143e+03, 9.0202e-02
6.6242e+03, 8.6686e-02
6.6342e+03, 8.4101e-02
6.6441e+03, 8.2258e-02
6.6541e+03, 8.1022e-02
6.6640e+03, 8.0293e-02
6.6740e+03, 7.9997e-02
6.6889e+03, 8.0256e-02
6.7038e+03, 8.1215e-02
6.7187e+03, 8.2833e-02
6.7337e+03, 8.5026e-02
6.7473e+03, 8.7558e-02
6.7610e+03, 9.0565e-02
6.7747e+03, 9.4075e-02
6.7884e+03, 9.8128e-02
6.8021e+03, 1.0274e-01
6.8157e+03, 1.0800e-01
6.8294e+03, 1.1398e-01
6.8431e+03, 1.2075e-01
6.8568e+03, 1.2849e-01
6.8704e+03, 1.3730e-01
6.8841e+03, 1.4739e-01
6.8978e+03, 1.5907e-01
6.9115e+03, 1.7255e-01
6.9252e+03, 1.8837e-01
6.9320e+03, 1.9726e-01
6.9388e+03, 2.0702e-01
6.9457e+03, 2.1762e-01
6.9525e+03, 2.2917e-01
6.9637e+03, 2.5069e-01
6.9749e+03, 2.7601e-01
6.9805e+03, 2.9031e-01
6.9861e+03, 3.0607e-01
6.9917e+03, 3.2310e-01
6.9973e+03, 3.4213e-01
7.0029e+03, 3.6273e-01
7.0085e+03, 3.8588e-01
7.0141e+03, 4.1128e-01
7.0197e+03, 4.3963e-01
7.0253e+03, 4.7076e-01
7.0309e+03, 5.0627e-01
7.0365e+03, 5.4634e-01
7.0421e+03, 5.9174e-01
7.0489e+03, 6.5585e-01
7.0557e+03, 7.3152e-01
7.0626e+03, 8.2152e-01
7.0694e+03, 9.2944e-01
7.0763e+03, 1.0599e+00
7.0831e+03, 1.2187e+00
7.0865e+03, 1.3111e+00
7.0899e+03, 1.4134e+00
7.0934e+03, 1.5270e+00
7.0968e+03, 1.6529e+00
7.1001e+03, 1.7886e+00
7.1034e+03, 1.9386e+00
7.1068e+03, 2.1038e+00
7.1101e+03, 2.2851e+00
7.1167e+03, 2.6973e+00
7.1234e+03, 3.1704e+00
7.1367e+03, 4.1383e+00
7.1400e+03, 4.3315e+00
7.1433e+03, 4.4804e+00
7.1467e+03, 4.5742e+00
7.1500e+03, 4.6056e+00
7.1548e+03, 4.5371e+00
7.1583e+03, 4.4074e+00
7.1618e+03, 4.2227e+00
7.1689e+03, 3.7477e+00
7.1830e+03, 2.7285e+00
7.1900e+03, 2.3004e+00
7.1970e+03, 1.9466e+00
7.2041e+03, 1.6606e+00
7.2111e+03, 1.4314e+00
7.2160e+03, 1.3009e+00
7.2208e+03, 1.1889e+00
7.2257e+03, 1.0926e+00
7.2305e+03, 1.0098e+00
7.2402e+03, 8.7833e-01
7.2499e+03, 7.7771e-01
7.2596e+03, 7.0203e-01
7.2693e+03, 6.4520e-01
7.2790e+03, 6.0294e-01
7.2887e+03, 5.7223e-01
7.2978e+03, 5.5192e-01
7.3070e+03, 5.3862e-01
7.3161e+03, 5.3141e-01
7.3252e+03, 5.2962e-01
7.3378e+03, 5.3537e-01
7.3503e+03, 5.4984e-01
7.3629e+03, 5.7304e-01
7.3754e+03, 6.0541e-01
7.3880e+03, 6.4731e-01
7.4005e+03, 7.0016e-01
7.4131e+03, 7.6530e-01
7.4256e+03, 8.4444e-01
7.4333e+03, 9.0054e-01
7.4409e+03, 9.6340e-01
7.4485e+03, 1.0335e+00
7.4561e+03, 1.1115e+00
7.4637e+03, 1.1980e+00
7.4714e+03, 1.2937e+00
7.4790e+03, 1.3992e+00
7.4866e+03, 1.5153e+00
7.5019e+03, 1.7724e+00
7.5171e+03, 2.0576e+00
7.5324e+03, 2.3383e+00
7.5476e+03, 2.5729e+00
7.5588e+03, 2.6806e+00
7.5700e+03, 2.7135e+00
7.5812e+03, 2.6653e+00
7.5914e+03, 2.5569e+00
7.6016e+03, 2.4016e+00
7.6118e+03, 2.2172e+00
7.6220e+03, 2.0221e+00
7.6424e+03, 1.6364e+00
7.6526e+03, 1.4635e+00
7.6628e+03, 1.3089e+00
7.6730e+03, 1.1704e+00
7.6832e+03, 1.0490e+00
7.6934e+03, 9.3925e-01
7.7037e+03, 8.4730e-01
7.7139e+03, 7.6368e-01
7.7241e+03, 6.9184e-01
7.7445e+03, 5.7250e-01
7.7561e+03, 5.1784e-01
7.7678e+03, 4.6957e-01
7.7795e+03, 4.2683e-01
7.7911e+03, 3.9034e-01
7.8145e+03, 3.2894e-01
7.8378e+03, 2.8116e-01
7.8612e+03, 2.4252e-01
7.8845e+03, 2.1151e-01
7.9078e+03, 1.8609e-01
7.9312e+03, 1.6486e-01
7.9524e+03, 1.4873e-01
7.9736e+03, 1.3517e-01
7.9948e+03, 1.2302e-01
8.0160e+03, 1.1280e-01
8.0373e+03, 1.0345e-01
8.0585e+03, 9.5558e-02
8.1009e+03, 8.2102e-02
8.1433e+03, 7.1670e-02
8.1858e+03, 6.3278e-02
8.2282e+03, 5.6453e-02
8.2706e+03, 5.0921e-02
8.3216e+03, 4.5818e-02
8.3725e+03, 4.1954e-02
8.4234e+03, 3.9527e-02
8.4489e+03, 3.8824e-02
8.4743e+03, 3.8529e-02
8.5146e+03, 3.9375e-02
8.5348e+03, 4.0608e-02
8.5550e+03, 4.2624e-02
8.5751e+03, 4.5784e-02
8.5953e+03, 5.0681e-02
8.6053e+03, 5.4110e-02
8.6154e+03, 5.8451e-02
8.6255e+03, 6.3999e-02
8.6356e+03, 7.1204e-02
8.6430e+03, 7.7953e-02
8.6504e+03, 8.6354e-02
8.6579e+03, 9.6935e-02
8.6653e+03, 1.1021e-01
8.6690e+03, 1.1841e-01
8.6727e+03, 1.2786e-01
8.6764e+03, 1.3880e-01
8.6801e+03, 1.5155e-01
8.6838e+03, 1.6655e-01
8.6876e+03, 1.8433e-01
8.6913e+03, 2.0563e-01
8.6950e+03, 2.3139e-01
8.6982e+03, 2.5790e-01
8.7013e+03, 2.8969e-01
8.7045e+03, 3.2864e-01
8.7077e+03, 3.7687e-01
8.7109e+03, 4.3747e-01
8.7125e+03, 4.7376e-01
8.7141e+03, 5.1501e-01
8.7157e+03, 5.6221e-01
8.7173e+03, 6.1648e-01
8.7189e+03, 6.7935e-01
8.7204e+03, 7.5266e-01
8.7221e+03, 8.4276e-01
8.7238e+03, 9.5042e-01
8.7254e+03, 1.0807e+00
8.7271e+03, 1.2406e+00
8.7287e+03, 1.4400e+00
8.7304e+03, 1.6927e+00
8.7312e+03, 1.8452e+00
8.7320e+03, 2.0196e+00
8.7329e+03, 2.2201e+00
8.7337e+03, 2.4521e+00
8.7342e+03, 2.6203e+00
8.7350e+03, 2.8820e+00
8.7353e+03, 3.0278e+00
8.7357e+03, 3.1844e+00
8.7361e+03, 3.3538e+00
8.7364e+03, 3.5370e+00
8.7368e+03, 3.7353e+00
8.7371e+03, 3.9498e+00
8.7375e+03, 4.1833e+00
8.7379e+03, 4.4374e+00
8.7382e+03, 4.7142e+00
8.7386e+03, 5.0152e+00
8.7390e+03, 5.3449e+00
8.7393e+03, 5.7042e+00
8.7397e+03, 6.0983e+00
8.7401e+03, 6.5284e+00
8.7405e+03, 7.0451e+00
8.7409e+03, 7.6149e+00
8.7413e+03, 8.2425e+00
8.7417e+03, 8.9308e+00
8.7421e+03, 9.6873e+00
8.7425e+03, 1.0514e+01
8.7429e+03, 1.1413e+01
8.7432e+03, 1.2384e+01
8.7436e+03, 1.3425e+01
8.7440e+03, 1.4532e+01
8.7444e+03, 1.5706e+01
8.7448e+03, 1.6933e+01
8.7456e+03, 1.9505e+01
8.7464e+03, 2.2116e+01
8.7473e+03, 2.4896e+01
8.7482e+03, 2.7191e+01
8.7491e+03, 2.8709e+01
8.7500e+03, 2.9239e+01
8.7505e+03, 2.9062e+01
8.7510e+03, 2.8544e+01
8.7518e+03, 2.7072e+01
8.7527e+03, 2.4966e+01
8.7535e+03, 2.2448e+01
8.7543e+03, 1.9756e+01
8.7551e+03, 1.7086e+01
8.7559e+03, 1.4595e+01
8.7568e+03, 1.2368e+01
8.7576e+03, 1.0451e+01
8.7581e+03, 9.4168e+00
8.7586e+03, 8.4962e+00
8.7591e+03, 7.6775e+00
8.7596e+03, 6.9548e+00
8.7601e+03, 6.3156e+00
8.7606e+03, 5.7527e+00
8.7611e+03, 5.2557e+00
8.7616e+03, 4.8164e+00
8.7626e+03, 4.0810e+00
8.7637e+03, 3.4979e+00
8.7647e+03, 3.0297e+00
8.7657e+03, 2.6492e+00
8.7665e+03, 2.3768e+00
8.7674e+03, 2.1445e+00
8.7683e+03, 1.9448e+00
8.7691e+03, 1.7719e+00
8.7700e+03, 1.6211e+00
8.7709e+03, 1.4891e+00
8.7726e+03, 1.2697e+00
8.7744e+03, 1.0960e+00
8.7761e+03, 9.5644e-01
8.7778e+03, 8.4250e-01
8.7796e+03, 7.4813e-01
8.7812e+03, 6.7503e-01
8.7828e+03, 6.1226e-01
8.7843e+03, 5.5801e-01
8.7859e+03, 5.1087e-01
8.7875e+03, 4.6960e-01
8.7891e+03, 4.3332e-01
8.7923e+03, 3.7269e-01
8.7955e+03, 3.2438e-01
8.7987e+03, 2.8529e-01
8.8019e+03, 2.5323e-01
8.8050e+03, 2.2672e-01
8.8088e+03, 2.0075e-01
8.8126e+03, 1.7916e-01
8.8163e+03, 1.6110e-01
8.8201e+03, 1.4586e-01
8.8238e+03, 1.3290e-01
8.8276e+03, 1.2177e-01
8.8314e+03, 1.1215e-01
8.8351e+03, 1.0376e-01
8.8427e+03, 8.9943e-02
8.8502e+03, 7.9284e-02
8.8577e+03, 7.0537e-02
8.8652e+03, 6.3435e-02
8.8745e+03, 5.6381e-02
8.8837e+03, 5.0712e-02
8.8930e+03, 4.6081e-02
8.9023e+03, 4.2244e-02
8.9115e+03, 3.9023e-02
8.9208e+03, 3.6308e-02
8.9393e+03, 3.1948e-02
8.9578e+03, 2.8613e-02
8.9764e+03, 2.6002e-02
8.9949e+03, 2.3909e-02
9.0134e+03, 2.2193e-02
9.0481e+03, 1.9695e-02
9.0828e+03, 1.7841e-02
9.1176e+03, 1.6380e-02
9.1523e+03, 1.5200e-02
9.1870e+03, 1.4224e-02
9.2218e+03, 1.3437e-02
9.2912e+03, 1.2094e-02
9.3607e+03, 1.1061e-02
9.4301e+03, 1.0236e-02
9.4996e+03, 9.5647e-03
9.5690e+03, 9.0134e-03
9.6801e+03, 8.3594e-03
9.7357e+03, 8.1422e-03
9.7913e+03, 8.0294e-03
9.8237e+03, 8.1255e-03
9.8561e+03, 8.5457e-03
9.8723e+03, 9.1209e-03
9.8885e+03, 1.0240e-02
9.8966e+03, 1.1446e-02
9.9047e+03, 1.3660e-02
9.9128e+03, 1.7948e-02
9.9169e+03, 2.2184e-02
9.9209e+03, 2.9634e-02
9.9228e+03, 3.5291e-02
9.9247e+03, 4.3668e-02
9.9266e+03, 5.7052e-02
9.9284e+03, 8.2180e-02
9.9294e+03, 1.0560e-01
9.9303e+03, 1.4544e-01
9.9313e+03, 2.1677e-01
9.9317e+03, 2.7170e-01
9.9322e+03, 3.4507e-01
9.9327e+03, 4.4225e-01
9.9331e+03, 5.6857e-01
9.9336e+03, 7.3011e-01
9.9341e+03, 9.3243e-01
9.9346e+03, 1.1805e+00
9.9350e+03, 1.4755e+00
9.9355e+03, 1.8173e+00
9.9360e+03, 2.2013e+00
9.9372e+03, 3.3248e+00
9.9378e+03, 3.8771e+00
9.9384e+03, 4.3576e+00
9.9389e+03, 4.6636e+00
9.9394e+03, 4.8636e+00
9.9400e+03, 4.9426e+00
9.9404e+03, 4.9027e+00
9.9408e+03, 4.7853e+00
9.9412e+03, 4.5913e+00
9.9416e+03, 4.3329e+00
9.9424e+03, 3.6744e+00
9.9438e+03, 2.3934e+00
9.9445e+03, 1.8125e+00
9.9449e+03, 1.5555e+00
9.9452e+03, 1.3239e+00
9.9456e+03, 1.1179e+00
9.9459e+03, 9.3832e-01
9.9463e+03, 7.8361e-01
9.9466e+03, 6.5203e-01
9.9469e+03, 5.4117e-01
9.9473e+03, 4.4932e-01
9.9480e+03, 3.1203e-01
9.9485e+03, 2.4747e-01
9.9489e+03, 1.9921e-01
9.9499e+03, 1.3620e-01
9.9506e+03, 1.0490e-01
9.9514e+03, 8.4805e-02
9.9530e+03, 6.1439e-02
9.9546e+03, 4.8282e-02
9.9561e+03, 3.9740e-02
9.9593e+03, 2.9296e-02
9.9624e+03, 2.3304e-02
9.9687e+03, 1.6977e-02
9.9749e+03, 1.3665e-02
9.9875e+03, 1.0735e-02
1.0000e+04, 9.4642e-03
1.0021e+04, 8.5851e-03
1.0042e+04, 8.3399e-03
1.0063e+04, 8.4726e-03
1.0084e+04, 9.0402e-03
1.0105e+04, 1.0537e-02
1.0116e+04, 1.2137e-02
1.0126e+04, 1.5030e-02
1.0134e+04, 1.9180e-02
1.0138e+04, 2.2594e-02
1.0142e+04, 2.7537e-02
1.0146e+04, 3.5332e-02
1.0150e+04, 4.8770e-02
1.0152e+04, 5.9471e-02
1.0154e+04, 7.5009e-02
1.0156e+04, 9.9490e-02
1.0157e+04, 1.1758e-01
1.0158e+04, 1.4200e-01
1.0159e+04, 1.7539e-01
1.0160e+04, 2.2417e-01
1.0161e+04, 2.9765e-01
1.0161e+04, 3.4720e-01
1.0162e+04, 4.0825e-01
1.0162e+04, 4.8489e-01
1.0163e+04, 5.7646e-01
1.0163e+04, 6.8942e-01
1.0164e+04, 8.2124e-01
1.0164e+04, 9.7915e-01
1.0165e+04, 1.1571e+00
1.0165e+04, 1.3575e+00
1.0166e+04, 1.5777e+00
1.0167e+04, 2.2162e+00
1.0167e+04, 2.5327e+00
1.0168e+04, 2.8125e+00
1.0169e+04, 2.9955e+00
1.0169e+04, 3.1345e+00
1.0170e+04, 3.2213e+00
1.0170e+04, 3.2508e+00
1.0171e+04, 3.2160e+00
1.0171e+04, 3.1168e+00
1.0172e+04, 2.9601e+00
1.0172e+04, 2.7560e+00
1.0173e+04, 2.4322e+00
1.0173e+04, 2.0842e+00
1.0174e+04, 1.7313e+00
1.0175e+04, 1.4070e+00
1.0175e+04, 1.1690e+00
1.0176e+04, 9.6495e-01
1.0176e+04, 7.8840e-01
1.0177e+04, 6.4467e-01
1.0177e+04, 5.2567e-01
1.0178e+04, 4.3219e-01
1.0179e+04, 3.5686e-01
1.0179e+04, 2.9873e-01
1.0180e+04, 2.5228e-01
1.0180e+04, 2.1639e-01
1.0181e+04, 1.6470e-01
1.0182e+04, 1.3084e-01
1.0183e+04, 1.0763e-01
1.0186e+04, 7.7000e-02
1.0188e+04, 5.8945e-02
1.0190e+04, 4.7162e-02
1.0192e+04, 3.8996e-02
1.0197e+04, 2.8732e-02
1.0201e+04, 2.2664e-02
1.0206e+04, 1.8725e-02
1.0210e+04, 1.6065e-02
1.0219e+04, 1.2817e-02
1.0232e+04, 1.0383e-02
1.0245e+04, 9.0660e-03
1.0271e+04, 7.7761e-03
1.0297e+04, 7.1621e-03
1.0323e+04, 6.8064e-03
1.0374e+04, 6.4361e-03
1.0426e+04, 6.2446e-03
1.0529e+04, 6.0471e-03
1.0633e+04, 5.9336e-03
1.0786e+04, 5.9201e-03
1.0931e+04, 6.0191e-03
1.1075e+04, 6.2282e-03
1.1219e+04, 6.5676e-03
1.1363e+04, 7.0771e-03
1.1435e+04, 7.3955e-03
1.1507e+04, 7.7987e-03
1.1579e+04, 8.2885e-03
1.1651e+04, 8.8870e-03
1.1723e+04, 9.6254e-03
1.1796e+04, 1.0547e-02
1.1868e+04, 1.1716e-02
1.1940e+04, 1.3230e-02
1.1985e+04, 1.4448e-02
1.2031e+04, 1.5929e-02
1.2077e+04, 1.7743e-02
1.2122e+04, 1.9997e-02
1.2168e+04, 2.2851e-02
1.2214e+04, 2.6622e-02
1.2259e+04, 3.1611e-02
1.2282e+04, 3.4773e-02
1.2305e+04, 3.8530e-02
1.2332e+04, 4.4157e-02
1.2346e+04, 4.7459e-02
1.2360e+04, 5.1210e-02
1.2374e+04, 5.5461e-02
1.2381e+04, 5.7829e-02
1.2388e+04, 6.0365e-02
1.2395e+04, 6.3069e-02
1.2402e+04, 6.5995e-02
1.2408e+04, 6.9150e-02
1.2415e+04, 7.2551e-02
1.2420e+04, 7.5079e-02
1.2427e+04, 7.8798e-02
1.2433e+04, 8.2820e-02
1.2440e+04, 8.7179e-02
1.2447e+04, 9.1906e-02
1.2450e+04, 9.4431e-02
1.2453e+04, 9.7060e-02
1.2457e+04, 9.9814e-02
1.2460e+04, 1.0268e-01
1.2463e+04, 1.0570e-01
1.2466e+04, 1.0884e-01
1.2470e+04, 1.1213e-01
1.2473e+04, 1.1558e-01
1.2476e+04, 1.1921e-01
1.2480e+04, 1.2300e-01
1.2483e+04, 1.2700e-01
1.2486e+04, 1.3120e-01
1.2490e+04, 1.3562e-01
1.2493e+04, 1.4027e-01
1.2496e+04, 1.4516e-01
1.2499e+04, 1.5033e-01
1.2506e+04, 1.6156e-01
1.2513e+04, 1.7410e-01
1.2519e+04, 1.8822e-01
1.2526e+04, 2.0412e-01
1.2532e+04, 2.2217e-01
1.2539e+04, 2.4274e-01
1.2546e+04, 2.6630e-01
1.2552e+04, 2.9338e-01
1.2559e+04, 3.2480e-01
1.2562e+04, 3.4242e-01
1.2566e+04, 3.6143e-01
1.2569e+04, 3.8207e-01
1.2572e+04, 4.0441e-01
1.2575e+04, 4.2869e-01
1.2579e+04, 4.5512e-01
1.2582e+04, 4.8405e-01
1.2585e+04, 5.1556e-01
1.2589e+04, 5.5017e-01
1.2592e+04, 5.8802e-01
1.2595e+04, 6.2973e-01
1.2599e+04, 6.7549e-01
1.2602e+04, 7.2592e-01
1.2605e+04, 7.8158e-01
1.2608e+04, 8.4327e-01
1.2612e+04, 9.1129e-01
1.2615e+04, 9.8653e-01
1.2618e+04, 1.0697e+00
1.2622e+04, 1.1620e+00
1.2625e+04, 1.2634e+00
1.2628e+04, 1.3748e+00
1.2632e+04, 1.4968e+00
1.2636e+04, 1.6929e+00
1.2641e+04, 1.9092e+00
1.2646e+04, 2.1398e+00
1.2651e+04, 2.3734e+00
1.2656e+04, 2.5925e+00
1.2660e+04, 2.7743e+00
1.2665e+04, 2.8952e+00
1.2670e+04, 2.9368e+00
1.2675e+04, 2.8922e+00
1.2679e+04, 2.7989e+00
1.2682e+04, 2.6645e+00
1.2686e+04, 2.5005e+00
1.2690e+04, 2.3201e+00
1.2698e+04, 1.9475e+00
1.2705e+04, 1.6050e+00
1.2713e+04, 1.3176e+00
1.2717e+04, 1.1945e+00
1.2721e+04, 1.0849e+00
1.2725e+04, 9.8695e-01
1.2728e+04, 9.0008e-01
1.2732e+04, 8.2282e-01
1.2736e+04, 7.5407e-01
1.2741e+04, 6.8266e-01
1.2745e+04, 6.2019e-01
1.2750e+04, 5.6537e-01
1.2754e+04, 5.1712e-01
1.2759e+04, 4.7451e-01
1.2763e+04, 4.3677e-01
1.2772e+04, 3.7334e-01
1.2781e+04, 3.2254e-01
1.2790e+04, 2.8206e-01
1.2799e+04, 2.4810e-01
1.2808e+04, 2.2002e-01
1.2817e+04, 1.9659e-01
1.2826e+04, 1.7681e-01
1.2835e+04, 1.5996e-01
1.2844e+04, 1.4551e-01
1.2853e+04, 1.3305e-01
1.2862e+04, 1.2227e-01
1.2871e+04, 1.1286e-01
1.2880e+04, 1.0461e-01
1.2898e+04, 9.0860e-02
1.2916e+04, 8.0302e-02
1.2934e+04, 7.1485e-02
1.2953e+04, 6.4409e-02
1.2980e+04, 5.6066e-02
1.2994e+04, 5.2700e-02
1.3008e+04, 4.9866e-02
1.3036e+04, 4.5191e-02
1.3064e+04, 4.1716e-02
1.3091e+04, 3.9231e-02
1.3119e+04, 3.7515e-02
1.3147e+04, 3.6447e-02
1.3174e+04, 3.5993e-02
1.3199e+04, 3.6116e-02
1.3224e+04, 3.6758e-02
1.3249e+04, 3.7973e-02
1.3274e+04, 3.9879e-02
1.3299e+04, 4.2708e-02
1.3324e+04, 4.6944e-02
1.3337e+04, 4.9816e-02
1.3349e+04, 5.3775e-02
1.3362e+04, 5.9477e-02
1.3374e+04, 6.8607e-02
1.3380e+04, 7.5872e-02
1.3387e+04, 8.6929e-02
1.3390e+04, 9.5002e-02
1.3393e+04, 1.0598e-01
1.3396e+04, 1.2153e-01
1.3399e+04, 1.4492e-01
1.3401e+04, 1.6169e-01
1.3402e+04, 1.8375e-01
1.3404e+04, 2.1409e-01
1.3405e+04, 2.5826e-01
1.3406e+04, 2.8874e-01
1.3407e+04, 3.2785e-01
1.3408e+04, 3.7926e-01
1.3409e+04, 4.4834e-01
1.3409e+04, 5.4277e-01
1.3410e+04, 6.7300e-01
1.3411e+04, 8.5245e-01
1.3411e+04, 9.6554e-01
1.3412e+04, 1.0970e+00
1.3412e+04, 1.3266e+00
1.3413e+04, 1.6007e+00
1.3413e+04, 1.9272e+00
1.3414e+04, 2.3083e+00
1.3414e+04, 2.7507e+00
1.3415e+04, 3.2335e+00
1.3416e+04, 4.2944e+00
1.3417e+04, 5.2832e+00
1.3418e+04, 5.7288e+00
1.3418e+04, 6.1138e+00
1.3419e+04, 6.3777e+00
1.3419e+04, 6.5740e+00
1.3420e+04, 6.6950e+00
1.3420e+04, 6.7360e+00
1.3421e+04, 6.6675e+00
1.3421e+04, 6.4668e+00
1.3422e+04, 6.1473e+00
1.3422e+04, 5.7375e+00
1.3423e+04, 5.1843e+00
1.3424e+04, 4.5780e+00
1.3425e+04, 3.3635e+00
1.3426e+04, 2.7137e+00
1.3426e+04, 2.1568e+00
1.3427e+04, 1.9135e+00
1.3427e+04, 1.6940e+00
1.3427e+04, 1.4979e+00
1.3428e+04, 1.3240e+00
1.3428e+04, 1.1672e+00
1.3429e+04, 1.0340e+00
1.3429e+04, 9.1838e-01
1.3429e+04, 8.1836e-01
1.3430e+04, 6.5818e-01
1.3431e+04, 5.4025e-01
1.3431e+04, 4.6056e-01
1.3432e+04, 4.0058e-01
1.3433e+04, 3.5352e-01
1.3433e+04, 3.1717e-01
1.3435e+04, 2.6420e-01
1.3436e+04, 2.2849e-01
1.3437e+04, 2.0266e-01
1.3439e+04, 1.8350e-01
1.3441e+04, 1.5707e-01
1.3444e+04, 1.4022e-01
1.3447e+04, 1.2896e-01
1.3452e+04, 1.1577e-01
1.3456e+04, 1.1034e-01
1.3460e+04, 1.0758e-01
1.3469e+04, 1.0668e-01
1.3476e+04, 1.0858e-01
1.3483e+04, 1.1214e-01
1.3489e+04, 1.1703e-01
1.3496e+04, 1.2312e-01
1.3503e+04, 1.3036e-01
1.3506e+04, 1.3443e-01
1.3510e+04, 1.3882e-01
1.3513e+04, 1.4357e-01
1.3516e+04, 1.4867e-01
1.3520e+04, 1.5416e-01
1.3523e+04, 1.6003e-01
1.3527e+04, 1.6636e-01
1.3530e+04, 1.7404e-01
1.3534e+04, 1.8238e-01
1.3538e+04, 1.9143e-01
1.3542e+04, 2.0127e-01
1.3544e+04, 2.0652e-01
1.3546e+04, 2.1199e-01
1.3548e+04, 2.1770e-01
1.3550e+04, 2.2367e-01
1.3552e+04, 2.2991e-01
1.3553e+04, 2.3645e-01
1.3555e+04, 2.4329e-01
1.3557e+04, 2.5043e-01
1.3560e+04, 2.5970e-01
1.3562e+04, 2.6946e-01
1.3564e+04, 2.7986e-01
1.3567e+04, 2.9085e-01
1.3569e+04, 3.0258e-01
1.3571e+04, 3.1500e-01
1.3574e+04, 3.2828e-01
1.3576e+04, 3.4238e-01
1.3578e+04, 3.5749e-01
1.3581e+04, 3.7356e-01
1.3583e+04, 3.9083e-01
1.3585e+04, 4.0925e-01
1.3588e+04, 4.2908e-01
1.3590e+04, 4.5028e-01
1.3592e+04, 4.7307e-01
1.3595e+04, 4.9759e-01
1.3597e+04, 5.2414e-01
1.3599e+04, 5.5267e-01
1.3602e+04, 5.8364e-01
1.3604e+04, 6.1701e-01
1.3606e+04, 6.5332e-01
1.3609e+04, 6.9255e-01
1.3611e+04, 7.3516e-01
1.3613e+04, 7.8149e-01
1.3616e+04, 8.3215e-01
1.3618e+04, 8.8712e-01
1.3620e+04, 9.4731e-01
1.3623e+04, 1.0127e+00
1.3625e+04, 1.0844e+00
1.3627e+04, 1.1622e+00
1.3630e+04, 1.2471e+00
1.3632e+04, 1.3395e+00
1.3634e+04, 1.4426e+00
1.3637e+04, 1.5541e+00
1.3639e+04, 1.6746e+00
1.3641e+04, 1.8039e+00
1.3644e+04, 1.9415e+00
1.3646e+04, 2.0866e+00
1.3651e+04, 2.3918e+00
1.3656e+04, 2.6966e+00
1.3660e+04, 2.9645e+00
1.3665e+04, 3.1507e+00
1.3668e+04, 3.2004e+00
1.3670e+04, 3.2168e+00
1.3674e+04, 3.1692e+00
1.3678e+04, 3.0369e+00
1.3681e+04, 2.8618e+00
1.3685e+04, 2.6532e+00
1.3692e+04, 2.2000e+00
1.3699e+04, 1.7769e+00
1.3702e+04, 1.5923e+00
1.3706e+04, 1.4275e+00
1.3709e+04, 1.2806e+00
1.3713e+04, 1.1514e+00
1.3717e+04, 1.0377e+00
1.3720e+04, 9.3834e-01
1.3724e+04, 8.5093e-01
1.3727e+04, 7.7442e-01
1.3731e+04, 7.0691e-01
1.3734e+04, 6.4755e-01
1.3738e+04, 5.8698e-01
1.3742e+04, 5.3441e-01
1.3746e+04, 4.8838e-01
1.3750e+04, 4.4811e-01
1.3759e+04, 3.8122e-01
1.3767e+04, 3.2861e-01
1.3775e+04, 2.8666e-01
1.3783e+04, 2.5282e-01
1.3791e+04, 2.2562e-01
1.3799e+04, 2.0285e-01
1.3812e+04, 1.7570e-01
1.3824e+04, 1.5500e-01
1.3836e+04, 1.3912e-01
1.3848e+04, 1.2698e-01
1.3861e+04, 1.1784e-01
1.3873e+04, 1.1127e-01
1.3885e+04, 1.0698e-01
1.3897e+04, 1.0488e-01
1.3907e+04, 1.0480e-01
1.3917e+04, 1.0620e-01
1.3926e+04, 1.0928e-01
1.3936e+04, 1.1436e-01
1.3945e+04, 1.2195e-01
1.3955e+04, 1.3248e-01
1.3964e+04, 1.4766e-01
1.3969e+04, 1.5750e-01
1.3974e+04, 1.6922e-01
1.3979e+04, 1.8553e-01
1.3985e+04, 2.0578e-01
1.3990e+04, 2.3121e-01
1.3996e+04, 2.6347e-01
1.4001e+04, 3.0489e-01
1.4004e+04, 3.3024e-01
1.4006e+04, 3.5953e-01
1.4009e+04, 3.9380e-01
1.4012e+04, 4.3380e-01
1.4015e+04, 4.8100e-01
1.4017e+04, 5.3715e-01
1.4020e+04, 6.0488e-01
1.4023e+04, 6.8683e-01
1.4026e+04, 7.8742e-01
1.4028e+04, 9.1235e-01
1.4031e+04, 1.0704e+00
1.4032e+04, 1.1649e+00
1.4034e+04, 1.2725e+00
1.4035e+04, 1.3955e+00
1.4036e+04, 1.5367e+00
1.4038e+04, 1.6993e+00
1.4039e+04, 1.8875e+00
1.4041e+04, 2.2186e+00
1.4043e+04, 2.6320e+00
1.4045e+04, 3.1478e+00
1.4047e+04, 3.7814e+00
1.4049e+04, 4.5495e+00
1.4051e+04, 5.4327e+00
1.4055e+04, 7.3064e+00
1.4056e+04, 7.8057e+00
1.4058e+04, 8.1971e+00
1.4059e+04, 8.4471e+00
1.4060e+04, 8.5324e+00
1.4061e+04, 8.4750e+00
1.4062e+04, 8.3103e+00
1.4063e+04, 8.0482e+00
1.4064e+04, 7.7037e+00
1.4066e+04, 6.8384e+00
1.4068e+04, 5.8776e+00
1.4070e+04, 4.9393e+00
1.4072e+04, 4.1087e+00
1.4074e+04, 3.4094e+00
1.4076e+04, 2.8390e+00
1.4077e+04, 2.5721e+00
1.4078e+04, 2.3363e+00
1.4079e+04, 2.1281e+00
1.4080e+04, 1.9440e+00
1.4082e+04, 1.7810e+00
1.4083e+04, 1.6364e+00
1.4085e+04, 1.3933e+00
1.4087e+04, 1.1991e+00
1.4089e+04, 1.0423e+00
1.4092e+04, 9.1417e-01
1.4094e+04, 8.0823e-01
1.4096e+04, 7.2623e-01
1.4098e+04, 6.5607e-01
1.4100e+04, 5.9568e-01
1.4102e+04, 5.4362e-01
1.4104e+04, 4.9805e-01
1.4106e+04, 4.5831e-01
1.4110e+04, 3.9215e-01
1.4114e+04, 3.3985e-01
1.4118e+04, 2.9781e-01
1.4122e+04, 2.6352e-01
1.4126e+04, 2.3525e-01
1.4130e+04, 2.1270e-01
1.4134e+04, 1.9348e-01
1.4138e+04, 1.7687e-01
1.4142e+04, 1.6253e-01
1.4150e+04, 1.3909e-01
1.4157e+04, 1.2092e-01
1.4165e+04, 1.0654e-01
1.4173e+04, 9.4960e-02
1.4181e+04, 8.5488e-02
1.4189e+04, 7.7700e-02
1.4198e+04, 6.9769e-02
1.4208e+04, 6.3226e-02
1.4217e+04, 5.7799e-02
1.4227e+04, 5.3251e-02
1.4246e+04, 4.6156e-02
1.4266e+04, 4.0962e-02
1.4285e+04, 3.7110e-02
1.4304e+04, 3.4257e-02
1.4323e+04, 3.2260e-02
1.4342e+04, 3.0956e-02
1.4354e+04, 3.0704e-02
1.4371e+04, 3.1281e-02
1.4387e+04, 3.3744e-02
1.4395e+04, 3.6473e-02
1.4403e+04, 4.0717e-02
1.4411e+04, 4.8735e-02
1.4415e+04, 5.5279e-02
1.4419e+04, 6.4686e-02
1.4422e+04, 7.3519e-02
1.4425e+04, 8.5681e-02
1.4427e+04, 1.0303e-01
1.4430e+04, 1.2902e-01
1.4432e+04, 1.4751e-01
1.4433e+04, 1.7159e-01
1.4434e+04, 2.0450e-01
1.4436e+04, 2.5227e-01
1.4437e+04, 3.2749e-01
1.4438e+04, 3.8290e-01
1.4438e+04, 4.5700e-01
1.4439e+04, 5.5754e-01
1.4440e+04, 6.9497e-01
1.4440e+04, 8.8286e-01
1.4441e+04, 1.1379e+00
1.4441e+04, 1.3041e+00
1.4442e+04, 1.4968e+00
1.4442e+04, 1.7188e+00
1.4442e+04, 1.9652e+00
1.4443e+04, 2.2528e+00
1.4443e+04, 2.5772e+00
1.4443e+04, 2.9398e+00
1.4444e+04, 3.3294e+00
1.4444e+04, 3.7689e+00
1.4444e+04, 4.2461e+00
1.4445e+04, 5.2870e+00
1.4446e+04, 7.6188e+00
1.4447e+04, 9.3007e+00
1.4448e+04, 1.0031e+01
1.4448e+04, 1.0642e+01
1.4449e+04, 1.1263e+01
1.4450e+04, 1.1478e+01
1.4451e+04, 1.1278e+01
1.4451e+04, 1.0702e+01
1.4452e+04, 9.6397e+00
1.4453e+04, 8.3140e+00
1.4454e+04, 6.5461e+00
1.4455e+04, 4.8780e+00
1.4456e+04, 4.1178e+00
1.4456e+04, 3.4493e+00
1.4457e+04, 2.8628e+00
1.4457e+04, 2.3587e+00
1.4458e+04, 1.9185e+00
1.4458e+04, 1.5564e+00
1.4459e+04, 1.2633e+00
1.4459e+04, 1.0331e+00
1.4460e+04, 8.4728e-01
1.4460e+04, 7.0156e-01
1.4461e+04, 5.8777e-01
1.4461e+04, 5.0044e-01
1.4462e+04, 4.3061e-01
1.4463e+04, 3.7557e-01
1.4464e+04, 2.9709e-01
1.4465e+04, 2.4417e-01
1.4466e+04, 2.0711e-01
1.4468e+04, 1.5794e-01
1.4470e+04, 1.2691e-01
1.4472e+04, 1.0564e-01
1.4474e+04, 9.0241e-02
1.4477e+04, 7.6078e-02
1.4479e+04, 6.5787e-02
1.4485e+04, 5.2094e-02
1.4490e+04, 4.3742e-02
1.4495e+04, 3.8186e-02
1.4506e+04, 3.1211e-02
1.4517e+04, 2.7253e-02
1.4527e+04, 2.4761e-02
1.4538e+04, 2.3112e-02
1.4559e+04, 2.0875e-02
1.4592e+04, 1.9074e-02
1.4625e+04, 1.7967e-02
1.4657e+04, 1.7263e-02
1.4690e+04, 1.6790e-02
1.4756e+04, 1.6264e-02
1.4822e+04, 1.6084e-02
1.4892e+04, 1.6177e-02
1.4962e+04, 1.6521e-02
1.5103e+04, 1.7756e-02
1.5174e+04, 1.8712e-02
1.5244e+04, 1.9958e-02
1.5315e+04, 2.1749e-02
1.5350e+04, 2.3250e-02
1.5367e+04, 2.4526e-02
1.5385e+04, 2.6689e-02
1.5397e+04, 2.9586e-02
1.5402e+04, 3.2097e-02
1.5408e+04, 3.6140e-02
1.5414e+04, 4.3103e-02
1.5417e+04, 4.8754e-02
1.5420e+04, 5.7431e-02
1.5423e+04, 7.2121e-02
1.5424e+04, 8.4013e-02
1.5426e+04, 1.0211e-01
1.5427e+04, 1.3316e-01
1.5429e+04, 1.9162e-01
1.5429e+04, 2.3997e-01
1.5430e+04, 3.0703e-01
1.5431e+04, 4.0024e-01
1.5431e+04, 5.2756e-01
1.5432e+04, 7.0817e-01
1.5433e+04, 9.4138e-01
1.5434e+04, 1.2390e+00
1.5434e+04, 1.5929e+00
1.5437e+04, 3.3181e+00
1.5438e+04, 3.7327e+00
1.5439e+04, 3.8858e+00
1.5439e+04, 3.9924e+00
1.5440e+04, 4.0655e+00
1.5441e+04, 4.0014e+00
1.5441e+04, 3.8157e+00
1.5442e+04, 3.5405e+00
1.5443e+04, 3.1939e+00
1.5444e+04, 2.3965e+00
1.5445e+04, 1.8419e+00
1.5446e+04, 1.5879e+00
1.5446e+04, 1.3599e+00
1.5447e+04, 1.1508e+00
1.5447e+04, 9.7029e-01
1.5447e+04, 8.1045e-01
1.5448e+04, 6.7692e-01
1.5448e+04, 5.6222e-01
1.5449e+04, 4.6720e-01
1.5450e+04, 3.2748e-01
1.5451e+04, 2.3646e-01
1.5452e+04, 1.7821e-01
1.5453e+04, 1.3370e-01
1.5454e+04, 1.0717e-01
1.5457e+04, 7.8733e-02
1.5459e+04, 6.3919e-02
1.5461e+04, 5.4807e-02
1.5466e+04, 4.4358e-02
1.5471e+04, 3.8842e-02
1.5480e+04, 3.3134e-02
1.5490e+04, 3.0625e-02
1.5509e+04, 2.8814e-02
1.5528e+04, 2.8481e-02
1.5573e+04, 2.9369e-02
1.5617e+04, 3.1183e-02
1.5639e+04, 3.2536e-02
1.5662e+04, 3.4367e-02
1.5673e+04, 3.5835e-02
1.5684e+04, 3.8525e-02
1.5690e+04, 4.0909e-02
1.5695e+04, 4.4854e-02
1.5701e+04, 5.3379e-02
1.5704e+04, 6.2269e-02
1.5706e+04, 8.2570e-02
1.5708e+04, 1.0698e-01
1.5709e+04, 1.5695e-01
1.5710e+04, 1.9980e-01
1.5711e+04, 2.6083e-01
1.5711e+04, 3.4603e-01
1.5712e+04, 4.6001e-01
1.5713e+04, 6.1229e-01
1.5713e+04, 8.0641e-01
1.5714e+04, 1.0445e+00
1.5715e+04, 1.3201e+00
1.5718e+04, 2.6104e+00
1.5718e+04, 2.7984e+00
1.5718e+04, 2.9531e+00
1.5719e+04, 3.0721e+00
1.5719e+04, 3.1501e+00
1.5720e+04, 3.1850e+00
1.5721e+04, 3.1557e+00
1.5721e+04, 3.0718e+00
1.5722e+04, 2.8778e+00
1.5722e+04, 2.6141e+00
1.5724e+04, 1.9626e+00
1.5725e+04, 1.5642e+00
1.5726e+04, 1.2040e+00
1.5726e+04, 8.9359e-01
1.5727e+04, 6.4845e-01
1.5728e+04, 4.6102e-01
1.5729e+04, 3.2792e-01
1.5730e+04, 2.3608e-01
1.5731e+04, 1.7484e-01
1.5731e+04, 1.3459e-01
1.5732e+04, 1.0903e-01
1.5734e+04, 8.1376e-02
1.5736e+04, 6.8347e-02
1.5737e+04, 6.1030e-02
1.5741e+04, 5.2853e-02
1.5744e+04, 4.8529e-02
1.5751e+04, 4.4213e-02
1.5758e+04, 4.2087e-02
1.5766e+04, 4.1223e-02
1.5781e+04, 4.0898e-02
1.5807e+04, 4.1843e-02
1.5833e+04, 4.3434e-02
1.5885e+04, 4.7589e-02
1.5938e+04, 5.2560e-02
1.5990e+04, 5.8396e-02
1.6043e+04, 6.5188e-02
1.6095e+04, 7.3056e-02
1.6148e+04, 8.2127e-02
1.6200e+04, 9.2549e-02
1.6251e+04, 1.0413e-01
1.6302e+04, 1.1693e-01
1.6405e+04, 1.4449e-01
1.6456e+04, 1.5752e-01
1.6508e+04, 1.6832e-01
1.6559e+04, 1.7544e-01
1.6610e+04, 1.7779e-01
1.6662e+04, 1.7498e-01
1.6715e+04, 1.6784e-01
1.6767e+04, 1.5987e-01
1.6778e+04, 1.5974e-01
1.6784e+04, 1.6070e-01
1.6790e+04, 1.6339e-01
1.6796e+04, 1.6962e-01
1.6798e+04, 1.7538e-01
1.6801e+04, 1.8503e-01
1.6804e+04, 2.0393e-01
1.6806e+04, 2.2221e-01
1.6807e+04, 2.5530e-01
1.6808e+04, 3.2024e-01
1.6809e+04, 3.7463e-01
1.6810e+04, 4.5007e-01
1.6811e+04, 5.5614e-01
1.6811e+04, 6.9809e-01
1.6812e+04, 8.8845e-01
1.6813e+04, 1.1292e+00
1.6813e+04, 1.3952e+00
1.6814e+04, 1.7079e+00
1.6815e+04, 2.0635e+00
1.6815e+04, 2.4533e+00
1.6817e+04, 3.2758e+00
1.6817e+04, 3.6679e+00
1.6818e+04, 4.0160e+00
1.6819e+04, 4.3224e+00
1.6819e+04, 4.5191e+00
1.6820e+04, 4.5878e+00
1.6821e+04, 4.5456e+00
1.6821e+04, 4.4250e+00
1.6822e+04, 4.2160e+00
1.6822e+04, 3.9429e+00
1.6823e+04, 3.2542e+00
1.6825e+04, 2.4692e+00
1.6825e+04, 2.0956e+00
1.6826e+04, 1.7522e+00
1.6826e+04, 1.4469e+00
1.6827e+04, 1.1837e+00
1.6828e+04, 9.6304e-01
1.6828e+04, 7.8546e-01
1.6829e+04, 6.4105e-01
1.6830e+04, 5.2813e-01
1.6830e+04, 4.4138e-01
1.6831e+04, 3.7664e-01
1.6832e+04, 2.9035e-01
1.6833e+04, 2.4270e-01
1.6835e+04, 2.0538e-01
1.6837e+04, 1.8662e-01
1.6841e+04, 1.6755e-01
1.6844e+04, 1.5738e-01
1.6848e+04, 1.5083e-01
1.6856e+04, 1.4283e-01
1.6863e+04, 1.3803e-01
1.6878e+04, 1.3151e-01
1.6893e+04, 1.2642e-01
1.6922e+04, 1.1817e-01
1.6952e+04, 1.1122e-01
1.7012e+04, 9.8844e-02
1.7071e+04, 8.8830e-02
1.7135e+04, 8.0656e-02
1.7199e+04, 7.4830e-02
1.7231e+04, 7.2673e-02
1.7263e+04, 7.1267e-02
1.7327e+04, 7.0110e-02
1.7369e+04, 7.0987e-02
1.7410e+04, 7.3268e-02
1.7452e+04, 7.6843e-02
1.7493e+04, 8.2846e-02
1.7535e+04, 9.1582e-02
1.7556e+04, 9.7356e-02
1.7577e+04, 1.0440e-01
1.7597e+04, 1.1291e-01
1.7618e+04, 1.2314e-01
1.7639e+04, 1.3547e-01
1.7660e+04, 1.5056e-01
1.7679e+04, 1.6797e-01
1.7698e+04, 1.8856e-01
1.7713e+04, 2.0750e-01
1.7727e+04, 2.2983e-01
1.7741e+04, 2.5629e-01
1.7756e+04, 2.8777e-01
1.7763e+04, 3.0568e-01
1.7770e+04, 3.2545e-01
1.7777e+04, 3.4702e-01
1.7785e+04, 3.7065e-01
1.7792e+04, 3.9632e-01
1.7799e+04, 4.2485e-01
1.7806e+04, 4.5625e-01
1.7813e+04, 4.9068e-01
1.7819e+04, 5.2124e-01
1.7825e+04, 5.5409e-01
1.7831e+04, 5.8946e-01
1.7837e+04, 6.2728e-01
1.7843e+04, 6.6774e-01
1.7849e+04, 7.1083e-01
1.7860e+04, 8.0434e-01
1.7872e+04, 9.0482e-01
1.7884e+04, 1.0078e+00
1.7896e+04, 1.1053e+00
1.7907e+04, 1.1866e+00
1.7919e+04, 1.2388e+00
1.7930e+04, 1.2563e+00
1.7939e+04, 1.2444e+00
1.7947e+04, 1.2123e+00
1.7956e+04, 1.1634e+00
1.7964e+04, 1.1012e+00
1.7974e+04, 1.0195e+00
1.7984e+04, 9.3388e-01
1.8003e+04, 7.6492e-01
1.8013e+04, 6.8866e-01
1.8023e+04, 6.1972e-01
1.8033e+04, 5.5783e-01
1.8043e+04, 5.0293e-01
1.8052e+04, 4.5393e-01
1.8062e+04, 4.1097e-01
1.8072e+04, 3.7330e-01
1.8082e+04, 3.3987e-01
1.8092e+04, 3.1041e-01
1.8101e+04, 2.8458e-01
1.8121e+04, 2.4108e-01
1.8134e+04, 2.1677e-01
1.8148e+04, 1.9592e-01
1.8161e+04, 1.7793e-01
1.8175e+04, 1.6235e-01
1.8188e+04, 1.4876e-01
1.8201e+04, 1.3686e-01
1.8215e+04, 1.2640e-01
1.8228e+04, 1.1741e-01
1.8255e+04, 1.0178e-01
1.8282e+04, 8.9324e-02
1.8308e+04, 7.9265e-02
1.8335e+04, 7.1053e-02
1.8371e+04, 6.2332e-02
1.8407e+04, 5.5490e-02
1.8442e+04, 5.0056e-02
1.8478e+04, 4.5786e-02
1.8514e+04, 4.2532e-02
1.8549e+04, 4.0117e-02
1.8585e+04, 3.8473e-02
1.8621e+04, 3.7648e-02
1.8646e+04, 3.7643e-02
1.8671e+04, 3.8195e-02
1.8696e+04, 3.9430e-02
1.8721e+04, 4.1555e-02
1.8746e+04, 4.4693e-02
1.8771e+04, 4.9762e-02
1.8783e+04, 5.3237e-02
1.8796e+04, 5.7560e-02
1.8808e+04, 6.2986e-02
1.8821e+04, 6.9789e-02
1.8831e+04, 7.6456e-02
1.8840e+04, 8.4708e-02
1.8850e+04, 9.4949e-02
1.8860e+04, 1.0781e-01
1.8870e+04, 1.2420e-01
1.8880e+04, 1.4541e-01
1.8885e+04, 1.5838e-01
1.8890e+04, 1.7333e-01
1.8894e+04, 1.9060e-01
1.8899e+04, 2.1052e-01
1.8904e+04, 2.3431e-01
1.8909e+04, 2.6246e-01
1.8914e+04, 2.9574e-01
1.8919e+04, 3.3512e-01
1.8924e+04, 3.8173e-01
1.8929e+04, 4.3669e-01
1.8934e+04, 5.0096e-01
1.8939e+04, 5.7462e-01
1.8943e+04, 6.3666e-01
1.8947e+04, 7.0235e-01
1.8955e+04, 8.3422e-01
1.8959e+04, 8.9262e-01
1.8962e+04, 9.3923e-01
1.8966e+04, 9.6946e-01
1.8970e+04, 9.7968e-01
1.8974e+04, 9.6540e-01
1.8979e+04, 9.2571e-01
1.8982e+04, 8.8514e-01
1.8985e+04, 8.3752e-01
1.8991e+04, 7.3112e-01
1.8997e+04, 6.2384e-01
1.9003e+04, 5.2679e-01
1.9010e+04, 4.4383e-01
1.9016e+04, 3.7518e-01
1.9022e+04, 3.1915e-01
1.9028e+04, 2.7368e-01
1.9033e+04, 2.4667e-01
1.9037e+04, 2.2332e-01
1.9041e+04, 2.0306e-01
1.9046e+04, 1.8552e-01
1.9054e+04, 1.5638e-01
1.9063e+04, 1.3360e-01
1.9072e+04, 1.1558e-01
1.9081e+04, 1.0115e-01
1.9089e+04, 8.9415e-02
1.9098e+04, 7.9775e-02
1.9107e+04, 7.1749e-02
1.9116e+04, 6.5006e-02
1.9133e+04, 5.4512e-02
1.9151e+04, 4.6629e-02
1.9168e+04, 4.0592e-02
1.9186e+04, 3.5864e-02
1.9203e+04, 3.2092e-02
1.9238e+04, 2.6506e-02
1.9266e+04, 2.3349e-02
1.9295e+04, 2.0814e-02
1.9323e+04, 1.8806e-02
1.9351e+04, 1.7181e-02
1.9407e+04, 1.4722e-02
1.9464e+04, 1.2990e-02
1.9520e+04, 1.1612e-02
1.9576e+04, 1.0530e-02
1.9689e+04, 8.9299e-03
1.9767e+04, 8.1190e-03
1.9845e+04, 7.4544e-03
2.0000e+04, 6.4325e-03
2.0109e+04, 5.9214e-03
2.0218e+04, 5.6067e-03
2.0276e+04, 5.8853e-03
2.0304e+04, 6.9690e-03
2.0319e+04, 9.0500e-03
2.0326e+04, 1.2087e-02
2.0329e+04, 1.5221e-02
2.0333e+04, 2.1758e-02
2.0335e+04, 2.9581e-02
2.0336e+04, 3.6449e-02
2.0337e+04, 4.6977e-02
2.0338e+04, 6.3297e-02
2.0339e+04, 8.8465e-02
2.0340e+04, 1.2654e-01
2.0340e+04, 1.8169e-01
2.0341e+04, 2.6020e-01
2.0342e+04, 3.6595e-01
2.0343e+04, 5.0104e-01
2.0344e+04, 6.6185e-01
2.0346e+04, 1.0360e+00
2.0347e+04, 1.2176e+00
2.0348e+04, 1.3686e+00
2.0349e+04, 1.4758e+00
2.0350e+04, 1.5169e+00
2.0350e+04, 1.5171e+00
2.0350e+04, 1.5156e+00
2.0350e+04, 1.5109e+00
2.0351e+04, 1.4924e+00
2.0352e+04, 1.4221e+00
2.0352e+04, 1.3239e+00
2.0353e+04, 1.2009e+00
2.0354e+04, 9.1563e-01
2.0356e+04, 6.3406e-01
2.0357e+04, 5.1046e-01
2.0357e+04, 4.0297e-01
2.0358e+04, 3.1276e-01
2.0359e+04, 2.3946e-01
2.0360e+04, 1.3725e-01
2.0362e+04, 7.9495e-02
2.0363e+04, 4.9080e-02
2.0365e+04, 3.3345e-02
2.0366e+04, 2.5113e-02
2.0369e+04, 1.7431e-02
2.0372e+04, 1.3762e-02
2.0375e+04, 1.1551e-02
2.0381e+04, 9.0910e-03
2.0386e+04, 7.8206e-03
2.0410e+04, 5.8868e-03
2.0456e+04, 5.0258e-03
2.0550e+04, 4.7366e-03
2.0602e+04, 5.1625e-03
2.0628e+04, 6.5096e-03
2.0635e+04, 7.4078e-03
2.0641e+04, 9.0523e-03
2.0648e+04, 1.2821e-02
2.0651e+04, 1.6914e-02
2.0653e+04, 2.0546e-02
2.0654e+04, 2.6931e-02
2.0656e+04, 3.9954e-02
2.0657e+04, 5.1411e-02
2.0658e+04, 6.8171e-02
2.0659e+04, 9.3092e-02
2.0659e+04, 1.2914e-01
2.0660e+04, 1.8000e-01
2.0661e+04, 2.4866e-01
2.0662e+04, 3.4044e-01
2.0663e+04, 4.5723e-01
2.0663e+04, 5.9964e-01
2.0664e+04, 7.6322e-01
2.0666e+04, 1.1370e+00
2.0667e+04, 1.3226e+00
2.0668e+04, 1.4865e+00
2.0669e+04, 1.6499e+00
2.0669e+04, 1.7000e+00
2.0670e+04, 1.7253e+00
2.0670e+04, 1.7288e+00
2.0671e+04, 1.7047e+00
2.0671e+04, 1.6357e+00
2.0672e+04, 1.5171e+00
2.0673e+04, 1.3634e+00
2.0675e+04, 1.0042e+00
2.0675e+04, 8.2439e-01
2.0676e+04, 6.5812e-01
2.0677e+04, 5.1189e-01
2.0678e+04, 3.9035e-01
2.0678e+04, 2.9873e-01
2.0679e+04, 2.2569e-01
2.0681e+04, 1.2639e-01
2.0682e+04, 7.2041e-02
2.0684e+04, 4.4052e-02
2.0685e+04, 3.0125e-02
2.0686e+04, 2.2842e-02
2.0688e+04, 1.8659e-02
2.0691e+04, 1.4215e-02
2.0693e+04, 1.1681e-02
2.0699e+04, 8.8432e-03
2.0710e+04, 6.5338e-03
2.0732e+04, 5.1225e-03
2.0776e+04, 4.3383e-03
2.0864e+04, 4.0014e-03
2.1040e+04, 3.8792e-03
2.1121e+04, 3.9955e-03
2.1201e+04, 4.3790e-03
2.1242e+04, 4.7710e-03
2.1282e+04, 5.6134e-03
2.1302e+04, 6.4028e-03
2.1322e+04, 7.7666e-03
2.1343e+04, 1.0243e-02
2.1353e+04, 1.2651e-02
2.1363e+04, 1.6846e-02
2.1373e+04, 2.4401e-02
2.1377e+04, 3.0922e-02
2.1382e+04, 4.1734e-02
2.1387e+04, 6.1366e-02
2.1390e+04, 7.8489e-02
2.1392e+04, 1.0678e-01
2.1393e+04, 1.2958e-01
2.1395e+04, 1.6355e-01
2.1396e+04, 2.1698e-01
2.1397e+04, 3.0318e-01
2.1398e+04, 3.6579e-01
2.1398e+04, 4.4596e-01
2.1399e+04, 5.4805e-01
2.1399e+04, 6.7452e-01
2.1400e+04, 8.3472e-01
2.1401e+04, 1.0319e+00
2.1401e+04, 1.2710e+00
2.1402e+04, 1.5506e+00
2.1403e+04, 1.9235e+00
2.1403e+04, 2.3488e+00
2.1404e+04, 2.8347e+00
2.1405e+04, 3.3572e+00
2.1406e+04, 4.4757e+00
2.1407e+04, 5.5256e+00
2.1408e+04, 6.1160e+00
2.1409e+04, 6.4834e+00
2.1410e+04, 6.5896e+00
2.1411e+04, 6.4976e+00
2.1412e+04, 6.2343e+00
2.1412e+04, 5.8464e+00
2.1413e+04, 5.3599e+00
2.1414e+04, 4.2081e+00
2.1416e+04, 3.1417e+00
2.1416e+04, 2.6499e+00
2.1417e+04, 2.2029e+00
2.1418e+04, 1.8077e+00
2.1418e+04, 1.4670e+00
2.1419e+04, 1.1801e+00
2.1420e+04, 9.4361e-01
2.1420e+04, 7.5230e-01
2.1421e+04, 6.0013e-01
2.1422e+04, 4.8079e-01
2.1422e+04, 3.8824e-01
2.1423e+04, 3.1703e-01
2.1424e+04, 2.6245e-01
2.1425e+04, 1.8884e-01
2.1427e+04, 1.2982e-01
2.1429e+04, 9.7978e-02
2.1430e+04, 7.8344e-02
2.1432e+04, 6.5017e-02
2.1436e+04, 4.7976e-02
2.1440e+04, 3.7714e-02
2.1447e+04, 2.6353e-02
2.1455e+04, 2.0800e-02
2.1462e+04, 1.7429e-02
2.1470e+04, 1.5570e-02
2.1485e+04, 1.4158e-02
2.1500e+04, 1.4677e-02
2.1516e+04, 1.6890e-02
2.1531e+04, 2.1437e-02
2.1546e+04, 3.0245e-02
2.1557e+04, 4.1916e-02
2.1563e+04, 5.1238e-02
2.1568e+04, 6.4434e-02
2.1573e+04, 8.4099e-02
2.1576e+04, 9.7978e-02
2.1579e+04, 1.1590e-01
2.1581e+04, 1.3975e-01
2.1584e+04, 1.7223e-01
2.1587e+04, 2.1862e-01
2.1588e+04, 2.5002e-01
2.1590e+04, 2.8921e-01
2.1591e+04, 3.4450e-01
2.1592e+04, 4.1944e-01
2.1594e+04, 5.2620e-01
2.1595e+04, 5.9743e-01
2.1595e+04, 6.8522e-01
2.1596e+04, 7.9596e-01
2.1597e+04, 9.3257e-01
2.1597e+04, 1.1035e+00
2.1598e+04, 1.3172e+00
2.1599e+04, 1.5829e+00
2.1600e+04, 1.9104e+00
2.1600e+04, 2.3091e+00
2.1601e+04, 2.7873e+00
2.1602e+04, 3.2339e+00
2.1602e+04, 3.7364e+00
2.1603e+04, 4.2931e+00
2.1603e+04, 4.8887e+00
2.1605e+04, 6.2152e+00
2.1606e+04, 7.5929e+00
2.1607e+04, 8.6105e+00
2.1607e+04, 9.5005e+00
2.1608e+04, 1.0186e+01
2.1609e+04, 1.0605e+01
2.1610e+04, 1.0718e+01
2.1611e+04, 1.0582e+01
2.1612e+04, 1.0191e+01
2.1612e+04, 9.5693e+00
2.1613e+04, 8.7795e+00
2.1615e+04, 6.7875e+00
2.1617e+04, 4.8112e+00
2.1618e+04, 3.8272e+00
2.1618e+04, 3.3913e+00
2.1619e+04, 3.0027e+00
2.1619e+04, 2.6454e+00
2.1620e+04, 2.3269e+00
2.1620e+04, 2.0453e+00
2.1621e+04, 1.8030e+00
2.1621e+04, 1.5869e+00
2.1622e+04, 1.3995e+00
2.1623e+04, 1.1010e+00
2.1624e+04, 8.7785e-01
2.1624e+04, 7.1469e-01
2.1626e+04, 5.6401e-01
2.1627e+04, 4.5838e-01
2.1628e+04, 3.8191e-01
2.1629e+04, 3.2501e-01
2.1631e+04, 2.8064e-01
2.1632e+04, 2.4543e-01
2.1634e+04, 1.9348e-01
2.1637e+04, 1.5698e-01
2.1639e+04, 1.3035e-01
2.1642e+04, 1.1014e-01
2.1644e+04, 9.4542e-02
2.1650e+04, 7.0553e-02
2.1655e+04, 5.4932e-02
2.1661e+04, 4.4122e-02
2.1666e+04, 3.6403e-02
2.1677e+04, 2.6452e-02
2.1688e+04, 2.0259e-02
2.1699e+04, 1.6212e-02
2.1710e+04, 1.3447e-02
2.1732e+04, 9.9938e-03
2.1759e+04, 7.5687e-03
2.1787e+04, 6.1621e-03
2.1841e+04, 4.7106e-03
2.1896e+04, 3.9536e-03
2.1951e+04, 3.5334e-03
2.2061e+04, 3.0825e-03
2.2171e+04, 2.8362e-03
2.2450e+04, 2.5844e-03
2.2729e+04, 2.5261e-03
2.3009e+04, 2.6149e-03
2.3288e+04, 2.8879e-03
2.3427e+04, 3.1216e-03
2.3567e+04, 3.4960e-03
2.3707e+04, 4.0820e-03
2.3846e+04, 5.0601e-03
2.3911e+04, 5.7982e-03
2.3976e+04, 6.8938e-03
2.4009e+04, 7.6712e-03
2.4041e+04, 8.8263e-03
2.4073e+04, 1.0757e-02
2.4090e+04, 1.2444e-02
2.4106e+04, 1.5268e-02
2.4116e+04, 1.8467e-02
2.4127e+04, 2.4220e-02
2.4132e+04, 2.9028e-02
2.4138e+04, 3.6393e-02
2.4143e+04, 4.8801e-02
2.4148e+04, 7.2461e-02
2.4151e+04, 1.0008e-01
2.4153e+04, 1.2130e-01
2.4155e+04, 1.5031e-01
2.4156e+04, 1.9083e-01
2.4158e+04, 2.4678e-01
2.4160e+04, 3.2212e-01
2.4161e+04, 4.1821e-01
2.4163e+04, 5.4432e-01
2.4165e+04, 6.7978e-01
2.4167e+04, 8.0388e-01
2.4168e+04, 8.9067e-01
2.4169e+04, 9.1189e-01
2.4170e+04, 9.1912e-01
2.4171e+04, 9.1007e-01
2.4172e+04, 8.8357e-01
2.4173e+04, 8.4154e-01
2.4174e+04, 7.8689e-01
2.4176e+04, 6.5420e-01
2.4177e+04, 5.1426e-01
2.4179e+04, 4.2342e-01
2.4180e+04, 3.4449e-01
2.4181e+04, 2.7905e-01
2.4183e+04, 2.2665e-01
2.4184e+04, 1.8567e-01
2.4185e+04, 1.5404e-01
2.4186e+04, 1.2970e-01
2.4188e+04, 1.1089e-01
2.4190e+04, 8.8411e-02
2.4192e+04, 7.2912e-02
2.4196e+04, 5.3604e-02
2.4201e+04, 4.2415e-02
2.4205e+04, 3.5365e-02
2.4213e+04, 2.7437e-02
2.4222e+04, 2.3374e-02
2.4240e+04, 1.9827e-02
2.4258e+04, 1.9008e-02
2.4275e+04, 1.9302e-02
2.4293e+04, 2.0287e-02
2.4332e+04, 2.4157e-02
2.4351e+04, 2.6879e-02
2.4371e+04, 3.0398e-02
2.4390e+04, 3.4825e-02
2.4409e+04, 4.0440e-02
2.4429e+04, 4.7651e-02
2.4438e+04, 5.2027e-02
2.4448e+04, 5.7040e-02
2.4459e+04, 6.3794e-02
2.4470e+04, 7.1793e-02
2.4481e+04, 8.1349e-02
2.4492e+04, 9.2783e-02
2.4504e+04, 1.0651e-01
2.4515e+04, 1.2334e-01
2.4520e+04, 1.3312e-01
2.4526e+04, 1.4391e-01
2.4531e+04, 1.5585e-01
2.4537e+04, 1.6904e-01
2.4542e+04, 1.8254e-01
2.4547e+04, 1.9731e-01
2.4553e+04, 2.1343e-01
2.4558e+04, 2.3092e-01
2.4568e+04, 2.6969e-01
2.4578e+04, 3.1246e-01
2.4589e+04, 3.5634e-01
2.4599e+04, 3.9588e-01
2.4610e+04, 4.2391e-01
2.4615e+04, 4.3147e-01
2.4620e+04, 4.3395e-01
2.4628e+04, 4.2733e-01
2.4636e+04, 4.0896e-01
2.4643e+04, 3.8761e-01
2.4649e+04, 3.6242e-01
2.4662e+04, 3.0746e-01
2.4676e+04, 2.5432e-01
2.4689e+04, 2.0879e-01
2.4695e+04, 1.8917e-01
2.4702e+04, 1.7160e-01
2.4715e+04, 1.4196e-01
2.4728e+04, 1.1853e-01
2.4741e+04, 9.9981e-02
2.4757e+04, 8.2083e-02
2.4773e+04, 6.8410e-02
2.4790e+04, 5.7802e-02
2.4806e+04, 4.9449e-02
2.4822e+04, 4.2887e-02
2.4838e+04, 3.7453e-02
2.4854e+04, 3.3007e-02
2.4871e+04, 2.9336e-02
2.4899e+04, 2.4395e-02
2.4926e+04, 2.0642e-02
2.4954e+04, 1.7773e-02
2.4982e+04, 1.5510e-02
2.5038e+04, 1.2280e-02
2.5093e+04, 1.0212e-02
2.5130e+04, 9.3172e-03
2.5168e+04, 8.8904e-03
2.5191e+04, 9.0409e-03
2.5214e+04, 1.0052e-02
2.5226e+04, 1.1389e-02
2.5237e+04, 1.4243e-02
2.5243e+04, 1.6952e-02
2.5249e+04, 2.1353e-02
2.5254e+04, 2.9564e-02
2.5257e+04, 3.6945e-02
2.5260e+04, 4.9404e-02
2.5262e+04, 6.4319e-02
2.5264e+04, 9.1420e-02
2.5266e+04, 1.4527e-01
2.5267e+04, 1.9044e-01
2.5268e+04, 2.5351e-01
2.5269e+04, 3.4170e-01
2.5270e+04, 4.6072e-01
2.5271e+04, 6.1603e-01
2.5272e+04, 8.1081e-01
2.5273e+04, 1.0443e+00
2.5274e+04, 1.3102e+00
2.5276e+04, 1.8792e+00
2.5277e+04, 2.0871e+00
2.5277e+04, 2.2697e+00
2.5278e+04, 2.4158e+00
2.5279e+04, 2.5158e+00
2.5280e+04, 2.5663e+00
2.5281e+04, 2.5185e+00
2.5282e+04, 2.3829e+00
2.5283e+04, 2.2403e+00
2.5283e+04, 2.0682e+00
2.5285e+04, 1.6749e+00
2.5286e+04, 1.2673e+00
2.5288e+04, 9.0598e-01
2.5288e+04, 7.5075e-01
2.5289e+04, 6.1574e-01
2.5290e+04, 5.0094e-01
2.5290e+04, 4.0532e-01
2.5292e+04, 2.6423e-01
2.5293e+04, 1.7564e-01
2.5295e+04, 1.2126e-01
2.5296e+04, 8.8708e-02
2.5297e+04, 6.8521e-02
2.5299e+04, 5.5602e-02
2.5302e+04, 4.0291e-02
2.5304e+04, 3.1565e-02
2.5310e+04, 2.2015e-02
2.5315e+04, 1.6956e-02
2.5321e+04, 1.3968e-02
2.5332e+04, 1.0575e-02
2.5348e+04, 8.2218e-03
2.5364e+04, 7.0478e-03
2.5396e+04, 5.8740e-03
2.5460e+04, 4.8756e-03
2.5587e+04, 4.0309e-03
2.5715e+04, 3.6265e-03
2.5843e+04, 3.4601e-03
2.5945e+04, 3.6442e-03
2.5996e+04, 4.2197e-03
2.6021e+04, 5.0434e-03
2.6034e+04, 5.8752e-03
2.6047e+04, 7.3765e-03
2.6057e+04, 9.7702e-03
2.6067e+04, 1.5077e-02
2.6073e+04, 2.0479e-02
2.6078e+04, 3.1008e-02
2.6080e+04, 4.0869e-02
2.6083e+04, 5.8107e-02
2.6086e+04, 9.1597e-02
2.6087e+04, 1.1981e-01
2.6088e+04, 1.5948e-01
2.6090e+04, 2.5799e-01
2.6091e+04, 3.2599e-01
2.6092e+04, 4.0589e-01
2.6096e+04, 7.8670e-01
2.6097e+04, 8.5443e-01
2.6098e+04, 9.0619e-01
2.6099e+04, 9.3895e-01
2.6100e+04, 9.5015e-01
2.6101e+04, 9.3388e-01
2.6102e+04, 8.8757e-01
2.6103e+04, 8.1628e-01
2.6104e+04, 7.2737e-01
2.6107e+04, 5.0825e-01
2.6108e+04, 4.0579e-01
2.6109e+04, 3.1751e-01
2.6110e+04, 2.4427e-01
2.6111e+04, 1.8718e-01
2.6112e+04, 1.4352e-01
2.6114e+04, 1.1152e-01
2.6116e+04, 6.9672e-02
2.6118e+04, 4.8026e-02
2.6121e+04, 3.5806e-02
2.6123e+04, 2.8234e-02
2.6128e+04, 1.9453e-02
2.6133e+04, 1.4694e-02
2.6143e+04, 9.8351e-03
2.6153e+04, 7.5707e-03
2.6172e+04, 5.3900e-03
2.6192e+04, 4.4777e-03
2.6229e+04, 3.7710e-03
2.6266e+04, 3.4915e-03
2.6341e+04, 3.3201e-03
2.6451e+04, 3.5720e-03
2.6478e+04, 3.8445e-03
2.6506e+04, 4.5676e-03
2.6519e+04, 5.1788e-03
2.6533e+04, 6.5600e-03
2.6540e+04, 7.8701e-03
2.6547e+04, 1.0252e-02
2.6554e+04, 1.5002e-02
2.6557e+04, 1.9531e-02
2.6561e+04, 2.8363e-02
2.6563e+04, 3.9596e-02
2.6565e+04, 6.3749e-02
2.6566e+04, 8.5805e-02
2.6567e+04, 1.1923e-01
2.6568e+04, 1.6911e-01
2.6569e+04, 2.4078e-01
2.6570e+04, 3.4239e-01
2.6571e+04, 4.7963e-01
2.6572e+04, 6.5672e-01
2.6573e+04, 8.7387e-01
2.6577e+04, 1.9256e+00
2.6578e+04, 2.1557e+00
2.6579e+04, 2.2352e+00
2.6579e+04, 2.2872e+00
2.6580e+04, 2.3106e+00
2.6581e+04, 2.2844e+00
2.6582e+04, 2.2091e+00
2.6582e+04, 2.1026e+00
2.6583e+04, 1.9655e+00
2.6584e+04, 1.6287e+00
2.6586e+04, 1.2598e+00
2.6587e+04, 9.1303e-01
2.6588e+04, 6.2197e-01
2.6590e+04, 4.0447e-01
2.6591e+04, 2.5432e-01
2.6592e+04, 1.5810e-01
2.6594e+04, 9.9711e-02
2.6595e+04, 6.6174e-02
2.6596e+04, 4.6978e-02
2.6598e+04, 3.5767e-02
2.6601e+04, 2.4277e-02
2.6603e+04, 1.8602e-02
2.6609e+04, 1.2780e-02
2.6614e+04, 9.8403e-03
2.6620e+04, 8.0690e-03
2.6631e+04, 6.1077e-03
2.6649e+04, 4.7805e-03
2.6668e+04, 4.2107e-03
2.6705e+04, 3.7284e-03
2.6780e+04, 3.5307e-03
2.6974e+04, 3.7891e-03
2.7071e+04, 4.2364e-03
2.7120e+04, 4.8054e-03
2.7144e+04, 5.5415e-03
2.7168e+04, 7.3427e-03
2.7179e+04, 9.3152e-03
2.7184e+04, 1.1063e-02
2.7190e+04, 1.3936e-02
2.7195e+04, 1.9118e-02
2.7197e+04, 2.3555e-02
2.7200e+04, 3.0674e-02
2.7203e+04, 4.3777e-02
2.7205e+04, 7.1069e-02
2.7207e+04, 9.5507e-02
2.7208e+04, 1.3123e-01
2.7209e+04, 1.8232e-01
2.7211e+04, 2.5222e-01
2.7212e+04, 3.7938e-01
2.7214e+04, 5.3634e-01
2.7216e+04, 6.9900e-01
2.7218e+04, 8.2982e-01
2.7219e+04, 8.7713e-01
2.7220e+04, 8.9333e-01
2.7221e+04, 8.7940e-01
2.7222e+04, 8.3906e-01
2.7223e+04, 7.7635e-01
2.7224e+04, 6.9804e-01
2.7228e+04, 3.7058e-01
2.7229e+04, 2.4279e-01
2.7231e+04, 1.5445e-01
2.7233e+04, 9.8760e-02
2.7235e+04, 6.6068e-02
2.7237e+04, 4.7236e-02
2.7239e+04, 3.6124e-02
2.7242e+04, 2.4314e-02
2.7246e+04, 1.8367e-02
2.7253e+04, 1.2570e-02
2.7261e+04, 9.7623e-03
2.7268e+04, 8.2206e-03
2.7283e+04, 6.7554e-03
2.7297e+04, 6.0938e-03
2.7327e+04, 5.4914e-03
2.7356e+04, 5.3617e-03
2.7457e+04, 5.8594e-03
2.7507e+04, 6.4755e-03
2.7558e+04, 7.4553e-03
2.7591e+04, 8.5268e-03
2.7625e+04, 1.0282e-02
2.7659e+04, 1.3488e-02
2.7676e+04, 1.6279e-02
2.7692e+04, 2.0684e-02
2.7705e+04, 2.5851e-02
2.7711e+04, 2.9463e-02
2.7718e+04, 3.4097e-02
2.7724e+04, 4.0148e-02
2.7730e+04, 4.8218e-02
2.7736e+04, 5.9223e-02
2.7740e+04, 6.6232e-02
2.7743e+04, 7.4530e-02
2.7746e+04, 8.6334e-02
2.7750e+04, 1.0083e-01
2.7754e+04, 1.1865e-01
2.7758e+04, 1.4031e-01
2.7761e+04, 1.6599e-01
2.7765e+04, 1.9483e-01
2.7772e+04, 2.5206e-01
2.7776e+04, 2.7239e-01
2.7778e+04, 2.7792e-01
2.7780e+04, 2.7979e-01
2.7782e+04, 2.7778e-01
2.7784e+04, 2.7196e-01
2.7788e+04, 2.5081e-01
2.7796e+04, 1.8991e-01
2.7800e+04, 1.5996e-01
2.7804e+04, 1.3399e-01
2.7807e+04, 1.1246e-01
2.7811e+04, 9.5013e-02
2.7816e+04, 7.8394e-02
2.7821e+04, 6.5669e-02
2.7826e+04, 5.5852e-02
2.7830e+04, 4.8205e-02
2.7835e+04, 4.2175e-02
2.7840e+04, 3.7337e-02
2.7849e+04, 3.0178e-02
2.7861e+04, 2.4435e-02
2.7873e+04, 2.0643e-02
2.7884e+04, 1.8060e-02
2.7896e+04, 1.6196e-02
2.7919e+04, 1.3853e-02
2.7942e+04, 1.2591e-02
2.7969e+04, 1.1911e-02
2.7996e+04, 1.1769e-02
2.8024e+04, 1.2166e-02
2.8051e+04, 1.3320e-02
2.8078e+04, 1.6161e-02
2.8091e+04, 1.9108e-02
2.8105e+04, 2.5306e-02
2.8114e+04, 3.3839e-02
2.8118e+04, 4.1387e-02
2.8123e+04, 5.3398e-02
2.8127e+04, 7.4910e-02
2.8129e+04, 9.3683e-02
2.8132e+04, 1.2487e-01
2.8134e+04, 1.8321e-01
2.8135e+04, 2.3208e-01
2.8136e+04, 3.0164e-01
2.8137e+04, 4.0196e-01
2.8138e+04, 5.4170e-01
2.8139e+04, 7.3276e-01
2.8140e+04, 9.8509e-01
2.8141e+04, 1.2138e+00
2.8142e+04, 1.4791e+00
2.8143e+04, 1.7780e+00
2.8144e+04, 2.1002e+00
2.8145e+04, 2.7911e+00
2.8147e+04, 3.4278e+00
2.8148e+04, 3.7896e+00
2.8149e+04, 3.9129e+00
2.8149e+04, 3.9925e+00
2.8150e+04, 4.0260e+00
2.8151e+04, 4.0019e+00
2.8151e+04, 3.9305e+00
2.8152e+04, 3.8148e+00
2.8152e+04, 3.6619e+00
2.8153e+04, 3.3444e+00
2.8154e+04, 2.9668e+00
2.8156e+04, 2.1495e+00
2.8157e+04, 1.8321e+00
2.8158e+04, 1.5387e+00
2.8159e+04, 1.2756e+00
2.8159e+04, 1.0460e+00
2.8160e+04, 8.5064e-01
2.8161e+04, 6.8802e-01
2.8162e+04, 5.5533e-01
2.8162e+04, 4.4891e-01
2.8163e+04, 3.6476e-01
2.8164e+04, 2.9894e-01
2.8166e+04, 2.0827e-01
2.8167e+04, 1.5375e-01
2.8169e+04, 1.2027e-01
2.8171e+04, 9.0123e-02
2.8173e+04, 7.2144e-02
2.8178e+04, 5.1724e-02
2.8183e+04, 4.0630e-02
2.8187e+04, 3.3845e-02
2.8197e+04, 2.6133e-02
2.8206e+04, 2.2244e-02
2.8225e+04, 1.9035e-02
2.8244e+04, 1.8116e-02
2.8268e+04, 1.8729e-02
2.8293e+04, 2.1037e-02
2.8318e+04, 2.6332e-02
2.8331e+04, 3.1403e-02
2.8343e+04, 4.0086e-02
2.8353e+04, 5.2148e-02
2.8358e+04, 6.1619e-02
2.8362e+04, 7.5154e-02
2.8367e+04, 9.5649e-02
2.8372e+04, 1.2882e-01
2.8374e+04, 1.5398e-01
2.8377e+04, 1.8912e-01
2.8379e+04, 2.4098e-01
2.8380e+04, 2.7694e-01
2.8382e+04, 3.2250e-01
2.8383e+04, 3.9619e-01
2.8384e+04, 4.4329e-01
2.8384e+04, 4.9911e-01
2.8385e+04, 5.6538e-01
2.8386e+04, 6.4402e-01
2.8387e+04, 7.3710e-01
2.8387e+04, 8.4680e-01
2.8388e+04, 9.2476e-01
2.8388e+04, 1.0106e+00
2.8389e+04, 1.1046e+00
2.8389e+04, 1.2074e+00
2.8390e+04, 1.3190e+00
2.8390e+04, 1.4398e+00
2.8391e+04, 1.5697e+00
2.8391e+04, 1.7086e+00
2.8391e+04, 1.8562e+00
2.8392e+04, 2.0119e+00
2.8393e+04, 2.3445e+00
2.8394e+04, 2.6973e+00
2.8395e+04, 3.0534e+00
2.8396e+04, 3.6539e+00
2.8397e+04, 3.9128e+00
2.8398e+04, 4.1250e+00
2.8399e+04, 4.3359e+00
2.8400e+04, 4.4090e+00
2.8401e+04, 4.3754e+00
2.8402e+04, 4.1796e+00
2.8403e+04, 3.8379e+00
2.8405e+04, 3.3933e+00
2.8406e+04, 2.8970e+00
2.8407e+04, 2.3479e+00
2.8409e+04, 1.8490e+00
2.8409e+04, 1.6237e+00
2.8410e+04, 1.4227e+00
2.8411e+04, 1.2430e+00
2.8411e+04, 1.0846e+00
2.8413e+04, 8.4459e-01
2.8414e+04, 6.6284e-01
2.8415e+04, 5.2760e-01
2.8416e+04, 4.2832e-01
2.8418e+04, 3.5404e-01
2.8419e+04, 2.9870e-01
2.8421e+04, 2.2317e-01
2.8424e+04, 1.7200e-01
2.8427e+04, 1.3847e-01
2.8430e+04, 1.1508e-01
2.8433e+04, 9.8077e-02
2.8438e+04, 7.5333e-02
2.8444e+04, 6.1223e-02
2.8450e+04, 5.1186e-02
2.8456e+04, 4.4393e-02
2.8468e+04, 3.6183e-02
2.8480e+04, 3.1629e-02
2.8492e+04, 2.8982e-02
2.8514e+04, 2.6683e-02
2.8536e+04, 2.5990e-02
2.8575e+04, 2.6758e-02
2.8613e+04, 2.8846e-02
2.8652e+04, 3.2007e-02
2.8671e+04, 3.3919e-02
2.8691e+04, 3.6141e-02
2.8729e+04, 4.1427e-02
2.8749e+04, 4.4613e-02
2.8768e+04, 4.8178e-02
2.8787e+04, 5.2103e-02
2.8807e+04, 5.6606e-02
2.8826e+04, 6.1602e-02
2.8846e+04, 6.7086e-02
2.8875e+04, 7.6657e-02
2.8904e+04, 8.7674e-02
2.8933e+04, 1.0003e-01
2.8963e+04, 1.1317e-01
2.8992e+04, 1.2602e-01
2.9021e+04, 1.3730e-01
2.9051e+04, 1.4516e-01
2.9080e+04, 1.4800e-01
2.9106e+04, 1.4588e-01
2.9128e+04, 1.4079e-01
2.9150e+04, 1.3341e-01
2.9195e+04, 1.1553e-01
2.9240e+04, 9.8027e-02
2.9263e+04, 9.1489e-02
2.9274e+04, 8.9528e-02
2.9285e+04, 8.8997e-02
2.9297e+04, 9.1360e-02
2.9303e+04, 9.4590e-02
2.9309e+04, 1.0043e-01
2.9315e+04, 1.1091e-01
2.9320e+04, 1.3060e-01
2.9323e+04, 1.4718e-01
2.9326e+04, 1.7238e-01
2.9329e+04, 2.1474e-01
2.9331e+04, 2.4829e-01
2.9332e+04, 2.9634e-01
2.9334e+04, 4.0008e-01
2.9335e+04, 4.7907e-01
2.9336e+04, 5.8295e-01
2.9337e+04, 7.3101e-01
2.9338e+04, 9.2677e-01
2.9339e+04, 1.1798e+00
2.9340e+04, 1.4940e+00
2.9341e+04, 1.8783e+00
2.9343e+04, 2.3255e+00
2.9345e+04, 3.3393e+00
2.9346e+04, 4.1602e+00
2.9347e+04, 4.5078e+00
2.9348e+04, 4.7839e+00
2.9349e+04, 4.9881e+00
2.9350e+04, 5.0572e+00
2.9351e+04, 5.0024e+00
2.9352e+04, 4.8447e+00
2.9353e+04, 4.5949e+00
2.9353e+04, 4.2697e+00
2.9355e+04, 3.5951e+00
2.9356e+04, 2.8683e+00
2.9358e+04, 2.1840e+00
2.9359e+04, 1.8784e+00
2.9359e+04, 1.6034e+00
2.9360e+04, 1.2248e+00
2.9362e+04, 9.3002e-01
2.9363e+04, 7.0912e-01
2.9364e+04, 5.4937e-01
2.9365e+04, 4.3399e-01
2.9366e+04, 3.5260e-01
2.9368e+04, 2.9394e-01
2.9369e+04, 2.5175e-01
2.9371e+04, 1.9612e-01
2.9373e+04, 1.6230e-01
2.9376e+04, 1.3960e-01
2.9378e+04, 1.2330e-01
2.9382e+04, 1.0356e-01
2.9387e+04, 9.0594e-02
2.9395e+04, 7.4701e-02
2.9403e+04, 6.5243e-02
2.9412e+04, 5.8975e-02
2.9429e+04, 5.1033e-02
2.9445e+04, 4.5882e-02
2.9469e+04, 4.0858e-02
2.9492e+04, 3.7112e-02
2.9539e+04, 3.1716e-02
2.9586e+04, 2.7931e-02
2.9632e+04, 2.5139e-02
2.9679e+04, 2.3036e-02
2.9726e+04, 2.1457e-02
2.9772e+04, 2.0289e-02
2.9819e+04, 1.9455e-02
2.9889e+04, 1.8749e-02
2.9959e+04, 1.8580e-02
3.0026e+04, 1.9220e-02
3.0060e+04, 2.1035e-02
3.0068e+04, 2.2616e-02
3.0077e+04, 2.6401e-02
3.0081e+04, 3.2414e-02
3.0083e+04, 4.0473e-02
3.0085e+04, 5.8995e-02
3.0086e+04, 7.6078e-02
3.0087e+04, 1.0152e-01
3.0088e+04, 1.3835e-01
3.0089e+04, 1.8979e-01
3.0090e+04, 2.5879e-01
3.0091e+04, 3.4724e-01
3.0093e+04, 4.5512e-01
3.0094e+04, 5.7841e-01
3.0095e+04, 7.6730e-01
3.0096e+04, 9.0767e-01
3.0097e+04, 1.0301e+00
3.0098e+04, 1.1231e+00
3.0099e+04, 1.1737e+00
3.0100e+04, 1.1814e+00
3.0100e+04, 1.1813e+00
3.0100e+04, 1.1789e+00
3.0101e+04, 1.1737e+00
3.0101e+04, 1.1552e+00
3.0102e+04, 1.0878e+00
3.0104e+04, 9.3875e-01
3.0105e+04, 7.5405e-01
3.0107e+04, 5.6589e-01
3.0108e+04, 3.9934e-01
3.0109e+04, 2.6792e-01
3.0111e+04, 1.7401e-01
3.0112e+04, 1.1247e-01
3.0114e+04, 7.5243e-02
3.0115e+04, 5.3687e-02
3.0117e+04, 4.1756e-02
3.0120e+04, 3.1428e-02
3.0126e+04, 2.5581e-02
3.0136e+04, 2.2626e-02
3.0146e+04, 2.1708e-02
3.0167e+04, 2.1214e-02
3.0233e+04, 2.2363e-02
3.0267e+04, 2.3428e-02
3.0300e+04, 2.4767e-02
3.0331e+04, 2.6323e-02
3.0362e+04, 2.8260e-02
3.0393e+04, 3.0734e-02
3.0424e+04, 3.4016e-02
3.0455e+04, 3.8473e-02
3.0486e+04, 4.5331e-02
3.0502e+04, 5.0308e-02
3.0517e+04, 5.7042e-02
3.0533e+04, 6.6623e-02
3.0549e+04, 8.0783e-02
3.0556e+04, 8.9626e-02
3.0563e+04, 1.0108e-01
3.0570e+04, 1.1604e-01
3.0577e+04, 1.3600e-01
3.0584e+04, 1.6331e-01
3.0591e+04, 2.0303e-01
3.0594e+04, 2.3000e-01
3.0598e+04, 2.6380e-01
3.0601e+04, 3.0701e-01
3.0605e+04, 3.6362e-01
3.0607e+04, 4.1181e-01
3.0609e+04, 4.7097e-01
3.0612e+04, 5.4487e-01
3.0614e+04, 6.3858e-01
3.0616e+04, 7.5992e-01
3.0617e+04, 8.3391e-01
3.0619e+04, 9.1809e-01
3.0620e+04, 1.0158e+00
3.0621e+04, 1.1274e+00
3.0622e+04, 1.2572e+00
3.0623e+04, 1.4051e+00
3.0625e+04, 1.6190e+00
3.0626e+04, 1.8674e+00
3.0628e+04, 2.1554e+00
3.0629e+04, 2.4772e+00
3.0630e+04, 2.8310e+00
3.0632e+04, 3.2001e+00
3.0635e+04, 3.9179e+00
3.0636e+04, 4.1970e+00
3.0637e+04, 4.4140e+00
3.0639e+04, 4.5516e+00
3.0640e+04, 4.5984e+00
3.0641e+04, 4.5676e+00
3.0642e+04, 4.4781e+00
3.0644e+04, 4.2028e+00
3.0646e+04, 3.8133e+00
3.0648e+04, 3.3595e+00
3.0649e+04, 2.8907e+00
3.0651e+04, 2.4458e+00
3.0653e+04, 2.0489e+00
3.0655e+04, 1.7106e+00
3.0657e+04, 1.4309e+00
3.0658e+04, 1.2971e+00
3.0659e+04, 1.1798e+00
3.0661e+04, 9.8339e-01
3.0663e+04, 8.2990e-01
3.0665e+04, 7.0976e-01
3.0667e+04, 6.1385e-01
3.0669e+04, 5.3680e-01
3.0671e+04, 4.7415e-01
3.0673e+04, 4.2282e-01
3.0675e+04, 3.7661e-01
3.0677e+04, 3.3829e-01
3.0682e+04, 2.7913e-01
3.0686e+04, 2.3614e-01
3.0690e+04, 2.0402e-01
3.0695e+04, 1.7942e-01
3.0699e+04, 1.6027e-01
3.0708e+04, 1.3265e-01
3.0713e+04, 1.2046e-01
3.0721e+04, 1.0756e-01
3.0728e+04, 9.8028e-02
3.0743e+04, 8.5383e-02
3.0759e+04, 7.7931e-02
3.0774e+04, 7.3330e-02
3.0789e+04, 7.0728e-02
3.0804e+04, 6.9267e-02
3.0834e+04, 6.8495e-02
3.0871e+04, 7.0093e-02
3.0908e+04, 7.3153e-02
3.0945e+04, 7.6573e-02
3.0982e+04, 8.0098e-02
3.1019e+04, 8.3623e-02
3.1056e+04, 8.6268e-02
3.1093e+04, 8.7940e-02
3.1130e+04, 8.8449e-02
3.1167e+04, 8.7371e-02
3.1204e+04, 8.5118e-02
3.1241e+04, 8.1933e-02
3.1278e+04, 7.7927e-02
3.1323e+04, 7.2372e-02
3.1368e+04, 6.6637e-02
3.1458e+04, 5.6073e-02
3.1503e+04, 5.1709e-02
3.1547e+04, 4.8129e-02
3.1592e+04, 4.5676e-02
3.1637e+04, 4.4822e-02
3.1670e+04, 4.5988e-02
3.1686e+04, 4.7582e-02
3.1703e+04, 5.0147e-02
3.1719e+04, 5.4538e-02
3.1735e+04, 6.1948e-02
3.1743e+04, 6.7545e-02
3.1752e+04, 7.5141e-02
3.1760e+04, 8.5728e-02
3.1768e+04, 1.0072e-01
3.1776e+04, 1.2144e-01
3.1783e+04, 1.5371e-01
3.1787e+04, 1.7685e-01
3.1791e+04, 2.0724e-01
3.1795e+04, 2.4842e-01
3.1798e+04, 3.0617e-01
3.1800e+04, 3.4772e-01
3.1802e+04, 3.9934e-01
3.1804e+04, 4.6489e-01
3.1806e+04, 5.4985e-01
3.1809e+04, 6.6295e-01
3.1811e+04, 8.1505e-01
3.1812e+04, 9.1094e-01
3.1813e+04, 1.0234e+00
3.1814e+04, 1.1553e+00
3.1815e+04, 1.3097e+00
3.1816e+04, 1.5378e+00
3.1817e+04, 1.8080e+00
3.1818e+04, 2.1247e+00
3.1820e+04, 2.4875e+00
3.1822e+04, 3.3217e+00
3.1825e+04, 4.1876e+00
3.1826e+04, 4.5845e+00
3.1827e+04, 4.8960e+00
3.1829e+04, 5.0962e+00
3.1830e+04, 5.1651e+00
3.1831e+04, 5.1420e+00
3.1832e+04, 5.0248e+00
3.1833e+04, 4.8166e+00
3.1834e+04, 4.5325e+00
3.1835e+04, 4.1949e+00
3.1840e+04, 2.6721e+00
3.1841e+04, 2.2550e+00
3.1842e+04, 1.8912e+00
3.1844e+04, 1.5835e+00
3.1845e+04, 1.3291e+00
3.1847e+04, 1.1219e+00
3.1848e+04, 9.5451e-01
3.1849e+04, 8.1959e-01
3.1851e+04, 7.1125e-01
3.1852e+04, 6.2770e-01
3.1853e+04, 5.5834e-01
3.1856e+04, 4.5166e-01
3.1858e+04, 3.7413e-01
3.1861e+04, 3.1649e-01
3.1864e+04, 2.7215e-01
3.1866e+04, 2.3750e-01
3.1871e+04, 1.8719e-01
3.1877e+04, 1.4899e-01
3.1883e+04, 1.2309e-01
3.1889e+04, 1.0474e-01
3.1895e+04, 9.1202e-02
3.1907e+04, 7.2808e-02
3.1918e+04, 6.1287e-02
3.1929e+04, 5.4041e-02
3.1940e+04, 4.8876e-02
3.1962e+04, 4.2069e-02
3.1985e+04, 3.8135e-02
3.2007e+04, 3.5575e-02
3.2051e+04, 3.2968e-02
3.2095e+04, 3.2253e-02
3.2130e+04, 3.2655e-02
3.2165e+04, 3.3587e-02
3.2201e+04, 3.5310e-02
3.2236e+04, 3.7622e-02
3.2271e+04, 4.0932e-02
3.2307e+04, 4.5322e-02
3.2342e+04, 5.1233e-02
3.2377e+04, 5.9068e-02
3.2401e+04, 6.5803e-02
3.2424e+04, 7.4099e-02
3.2448e+04, 8.4408e-02
3.2471e+04, 9.7334e-02
3.2495e+04, 1.1358e-01
3.2518e+04, 1.3431e-01
3.2530e+04, 1.4683e-01
3.2542e+04, 1.6102e-01
3.2554e+04, 1.7713e-01
3.2565e+04, 1.9534e-01
3.2582e+04, 2.2547e-01
3.2599e+04, 2.6080e-01
3.2616e+04, 3.0093e-01
3.2633e+04, 3.4457e-01
3.2650e+04, 3.8855e-01
3.2666e+04, 4.2754e-01
3.2683e+04, 4.5486e-01
3.2692e+04, 4.6207e-01
3.2700e+04, 4.6449e-01
3.2714e+04, 4.5728e-01
3.2728e+04, 4.3754e-01
3.2738e+04, 4.1691e-01
3.2748e+04, 3.9281e-01
3.2768e+04, 3.4007e-01
3.2788e+04, 2.8764e-01
3.2809e+04, 2.4131e-01
3.2829e+04, 2.0236e-01
3.2849e+04, 1.7052e-01
3.2869e+04, 1.4478e-01
3.2890e+04, 1.2401e-01
3.2904e+04, 1.1142e-01
3.2919e+04, 1.0061e-01
3.2934e+04, 9.1290e-02
3.2949e+04, 8.3397e-02
3.2978e+04, 7.0251e-02
3.3008e+04, 6.0139e-02
3.3037e+04, 5.2261e-02
3.3067e+04, 4.6061e-02
3.3096e+04, 4.1148e-02
3.3125e+04, 3.7247e-02
3.3171e+04, 3.2735e-02
3.3217e+04, 2.9683e-02
3.3263e+04, 2.7831e-02
3.3309e+04, 2.7132e-02
3.3361e+04, 2.7951e-02
3.3388e+04, 2.9200e-02
3.3414e+04, 3.1225e-02
3.3440e+04, 3.4286e-02
3.3466e+04, 3.8888e-02
3.3492e+04, 4.5907e-02
3.3519e+04, 5.6863e-02
3.3530e+04, 6.3595e-02
3.3542e+04, 7.1989e-02
3.3553e+04, 8.2620e-02
3.3564e+04, 9.6726e-02
3.3576e+04, 1.1479e-01
3.3587e+04, 1.3952e-01
3.3593e+04, 1.5530e-01
3.3599e+04, 1.7401e-01
3.3605e+04, 1.9640e-01
3.3610e+04, 2.2337e-01
3.3615e+04, 2.5101e-01
3.3620e+04, 2.8379e-01
3.3625e+04, 3.2314e-01
3.3630e+04, 3.7057e-01
3.3635e+04, 4.2794e-01
3.3637e+04, 4.6095e-01
3.3640e+04, 4.9702e-01
3.3642e+04, 5.3672e-01
3.3645e+04, 5.7992e-01
3.3647e+04, 6.2715e-01
3.3650e+04, 6.7807e-01
3.3653e+04, 7.6444e-01
3.3657e+04, 8.5850e-01
3.3661e+04, 9.5720e-01
3.3665e+04, 1.0554e+00
3.3669e+04, 1.1457e+00
3.3672e+04, 1.2195e+00
3.3676e+04, 1.2680e+00
3.3680e+04, 1.2847e+00
3.3684e+04, 1.2675e+00
3.3688e+04, 1.2185e+00
3.3691e+04, 1.1444e+00
3.3695e+04, 1.0538e+00
3.3700e+04, 9.3003e-01
3.3705e+04, 8.0801e-01
3.3710e+04, 6.9577e-01
3.3714e+04, 5.9760e-01
3.3719e+04, 5.1374e-01
3.3724e+04, 4.4347e-01
3.3729e+04, 3.8471e-01
3.3733e+04, 3.3584e-01
3.3737e+04, 3.0199e-01
3.3741e+04, 2.7275e-01
3.3749e+04, 2.2532e-01
3.3757e+04, 1.8874e-01
3.3764e+04, 1.6026e-01
3.3772e+04, 1.3774e-01
3.3780e+04, 1.1972e-01
3.3788e+04, 1.0509e-01
3.3796e+04, 9.3061e-02
3.3809e+04, 7.6314e-02
3.3823e+04, 6.3934e-02
3.3837e+04, 5.4605e-02
3.3851e+04, 4.7247e-02
3.3879e+04, 3.6709e-02
3.3907e+04, 2.9669e-02
3.3941e+04, 2.3776e-02
3.3976e+04, 1.9754e-02
3.4010e+04, 1.6852e-02
3.4044e+04, 1.4666e-02
3.4113e+04, 1.1670e-02
3.4182e+04, 9.7326e-03
3.4293e+04, 7.7463e-03
3.4404e+04, 6.5127e-03
3.4516e+04, 5.6990e-03
3.4627e+04, 5.1019e-03
3.4849e+04, 4.3513e-03
3.5072e+04, 3.9627e-03
3.5281e+04, 3.8265e-03
3.5517e+04, 3.9190e-03
3.5753e+04, 4.3233e-03
3.5871e+04, 4.6909e-03
3.5988e+04, 5.2201e-03
3.6106e+04, 5.9718e-03
3.6224e+04, 7.0871e-03
3.6335e+04, 8.6705e-03
3.6447e+04, 1.1125e-02
3.6502e+04, 1.2880e-02
3.6558e+04, 1.5110e-02
3.6614e+04, 1.8143e-02
3.6669e+04, 2.2320e-02
3.6725e+04, 2.8292e-02
3.6753e+04, 3.2284e-02
3.6781e+04, 3.7229e-02
3.6808e+04, 4.3449e-02
3.6836e+04, 5.1243e-02
3.6864e+04, 6.1558e-02
3.6892e+04, 7.5343e-02
3.6907e+04, 8.5148e-02
3.6923e+04, 9.6964e-02
3.6938e+04, 1.1135e-01
3.6954e+04, 1.2905e-01
3.6970e+04, 1.5112e-01
3.6977e+04, 1.6423e-01
3.6985e+04, 1.7897e-01
3.6993e+04, 1.9557e-01
3.7001e+04, 2.1419e-01
3.7008e+04, 2.3554e-01
3.7016e+04, 2.5995e-01
3.7026e+04, 2.9647e-01
3.7036e+04, 3.3985e-01
3.7041e+04, 3.6450e-01
3.7046e+04, 3.9133e-01
3.7051e+04, 4.2049e-01
3.7056e+04, 4.5205e-01
3.7061e+04, 4.8624e-01
3.7066e+04, 5.2301e-01
3.7071e+04, 5.6221e-01
3.7076e+04, 6.0360e-01
3.7086e+04, 6.9188e-01
3.7096e+04, 7.8250e-01
3.7104e+04, 8.5499e-01
3.7113e+04, 9.1525e-01
3.7122e+04, 9.5540e-01
3.7130e+04, 9.6934e-01
3.7138e+04, 9.5477e-01
3.7147e+04, 9.1407e-01
3.7153e+04, 8.7166e-01
3.7159e+04, 8.2180e-01
3.7172e+04, 7.1172e-01
3.7184e+04, 6.0185e-01
3.7196e+04, 5.0376e-01
3.7209e+04, 4.2086e-01
3.7221e+04, 3.5289e-01
3.7233e+04, 2.9778e-01
3.7246e+04, 2.5322e-01
3.7253e+04, 2.2912e-01
3.7261e+04, 2.0803e-01
3.7277e+04, 1.7321e-01
3.7293e+04, 1.4618e-01
3.7309e+04, 1.2479e-01
3.7325e+04, 1.0751e-01
3.7340e+04, 9.3499e-02
3.7356e+04, 8.2010e-02
3.7372e+04, 7.2486e-02
3.7402e+04, 5.8561e-02
3.7432e+04, 4.8285e-02
3.7461e+04, 4.0501e-02
3.7491e+04, 3.4554e-02
3.7521e+04, 2.9765e-02
3.7550e+04, 2.5927e-02
3.7610e+04, 2.0234e-02
3.7669e+04, 1.6287e-02
3.7728e+04, 1.3437e-02
3.7788e+04, 1.1310e-02
3.7847e+04, 9.7053e-03
3.7966e+04, 7.4008e-03
3.8085e+04, 5.9046e-03
3.8211e+04, 4.8224e-03
3.8338e+04, 4.0644e-03
3.8591e+04, 3.1097e-03
3.8845e+04, 2.5701e-03
3.9098e+04, 2.2637e-03
3.9478e+04, 2.0874e-03
3.9731e+04, 2.1363e-03
3.9984e+04, 2.3561e-03
4.0238e+04, 2.8637e-03
4.0364e+04, 3.3138e-03
4.0491e+04, 3.9990e-03
4.0602e+04, 4.9308e-03
4.0713e+04, 6.3743e-03
4.0824e+04, 8.8531e-03
4.0879e+04, 1.0781e-02
4.0934e+04, 1.3500e-02
4.0974e+04, 1.6218e-02
4.1014e+04, 1.9818e-02
4.1053e+04, 2.4897e-02
4.1093e+04, 3.2229e-02
4.1110e+04, 3.6356e-02
4.1126e+04, 4.1302e-02
4.1143e+04, 4.7284e-02
4.1160e+04, 5.4584e-02
4.1177e+04, 6.3562e-02
4.1185e+04, 6.8773e-02
4.1194e+04, 7.4553e-02
4.1202e+04, 8.1071e-02
4.1210e+04, 8.8369e-02
4.1219e+04, 9.6524e-02
4.1227e+04, 1.0563e-01
4.1234e+04, 1.1406e-01
4.1241e+04, 1.2328e-01
4.1248e+04, 1.3333e-01
4.1255e+04, 1.4421e-01
4.1262e+04, 1.5590e-01
4.1270e+04, 1.6832e-01
4.1277e+04, 1.8140e-01
4.1284e+04, 1.9491e-01
4.1298e+04, 2.2214e-01
4.1312e+04, 2.4663e-01
4.1326e+04, 2.6400e-01
4.1333e+04, 2.6869e-01
4.1340e+04, 2.7025e-01
4.1348e+04, 2.6789e-01
4.1357e+04, 2.6123e-01
4.1365e+04, 2.5086e-01
4.1373e+04, 2.3767e-01
4.1383e+04, 2.2010e-01
4.1393e+04, 2.0148e-01
4.1412e+04, 1.6476e-01
4.1431e+04, 1.3309e-01
4.1451e+04, 1.0753e-01
4.1470e+04, 8.7502e-02
4.1490e+04, 7.1990e-02
4.1509e+04, 5.9942e-02
4.1528e+04, 5.0503e-02
4.1551e+04, 4.1798e-02
4.1574e+04, 3.5103e-02
4.1597e+04, 2.9873e-02
4.1620e+04, 2.5724e-02
4.1667e+04, 1.9717e-02
4.1713e+04, 1.5573e-02
4.1762e+04, 1.2485e-02
4.1812e+04, 1.0277e-02
4.1911e+04, 7.4140e-03
4.2010e+04, 5.7371e-03
4.2110e+04, 4.6609e-03
4.2223e+04, 3.8869e-03
4.2337e+04, 3.4111e-03
4.2563e+04, 3.0492e-03
4.2670e+04, 3.1286e-03
4.2776e+04, 3.4349e-03
4.2882e+04, 4.1373e-03
4.2936e+04, 4.7941e-03
4.2989e+04, 5.8584e-03
4.3024e+04, 6.9847e-03
4.3060e+04, 8.7496e-03
4.3095e+04, 1.1772e-02
4.3131e+04, 1.7649e-02
4.3149e+04, 2.3442e-02
4.3168e+04, 3.3555e-02
4.3177e+04, 4.1772e-02
4.3186e+04, 5.3911e-02
4.3196e+04, 7.2934e-02
4.3200e+04, 8.6713e-02
4.3205e+04, 1.0518e-01
4.3211e+04, 1.4187e-01
4.3214e+04, 1.6844e-01
4.3217e+04, 2.0372e-01
4.3221e+04, 2.5206e-01
4.3224e+04, 3.2093e-01
4.3227e+04, 4.2356e-01
4.3228e+04, 4.9419e-01
4.3230e+04, 5.8283e-01
4.3231e+04, 6.8559e-01
4.3233e+04, 8.1253e-01
4.3234e+04, 9.6820e-01
4.3236e+04, 1.1566e+00
4.3237e+04, 1.3801e+00
4.3238e+04, 1.6385e+00
4.3240e+04, 1.9277e+00
4.3241e+04, 2.2384e+00
4.3243e+04, 2.6734e+00
4.3245e+04, 3.0679e+00
4.3247e+04, 3.3678e+00
4.3248e+04, 3.4649e+00
4.3249e+04, 3.5199e+00
4.3250e+04, 3.5327e+00
4.3252e+04, 3.4814e+00
4.3253e+04, 3.3858e+00
4.3254e+04, 3.2467e+00
4.3256e+04, 2.8674e+00
4.3258e+04, 2.4125e+00
4.3260e+04, 1.9526e+00
4.3261e+04, 1.6517e+00
4.3263e+04, 1.3850e+00
4.3264e+04, 1.1537e+00
4.3266e+04, 9.6115e-01
4.3267e+04, 8.0198e-01
4.3269e+04, 6.7395e-01
4.3270e+04, 5.7033e-01
4.3272e+04, 4.8774e-01
4.3274e+04, 3.7805e-01
4.3277e+04, 3.0179e-01
4.3280e+04, 2.4709e-01
4.3282e+04, 2.0660e-01
4.3288e+04, 1.5169e-01
4.3293e+04, 1.1699e-01
4.3298e+04, 9.3598e-02
4.3304e+04, 7.7166e-02
4.3314e+04, 5.6185e-02
4.3325e+04, 4.3803e-02
4.3335e+04, 3.6018e-02
4.3350e+04, 2.9536e-02
4.3364e+04, 2.5873e-02
4.3393e+04, 2.3092e-02
4.3425e+04, 2.4546e-02
4.3457e+04, 3.0351e-02
4.3473e+04, 3.5676e-02
4.3488e+04, 4.3573e-02
4.3504e+04, 5.5572e-02
4.3520e+04, 7.4656e-02
4.3530e+04, 9.2753e-02
4.3540e+04, 1.1844e-01
4.3550e+04, 1.5688e-01
4.3555e+04, 1.8391e-01
4.3560e+04, 2.1873e-01
4.3563e+04, 2.4773e-01
4.3566e+04, 2.8277e-01
4.3570e+04, 3.2551e-01
4.3573e+04, 3.7812e-01
4.3575e+04, 4.0899e-01
4.3576e+04, 4.4347e-01
4.3578e+04, 4.8203e-01
4.3579e+04, 5.2524e-01
4.3581e+04, 5.7369e-01
4.3583e+04, 6.2803e-01
4.3584e+04, 6.8892e-01
4.3586e+04, 7.5700e-01
4.3588e+04, 8.3721e-01
4.3590e+04, 9.2648e-01
4.3591e+04, 1.0249e+00
4.3593e+04, 1.1320e+00
4.3595e+04, 1.2467e+00
4.3597e+04, 1.3669e+00
4.3600e+04, 1.6108e+00
4.3602e+04, 1.7721e+00
4.3605e+04, 1.9039e+00
4.3608e+04, 1.9905e+00
4.3610e+04, 2.0207e+00
4.3612e+04, 2.0096e+00
4.3613e+04, 1.9772e+00
4.3616e+04, 1.8553e+00
4.3619e+04, 1.6890e+00
4.3622e+04, 1.4967e+00
4.3627e+04, 1.1122e+00
4.3630e+04, 9.4526e-01
4.3633e+04, 8.0249e-01
4.3636e+04, 6.8248e-01
4.3639e+04, 5.8365e-01
4.3643e+04, 4.6649e-01
4.3647e+04, 3.7920e-01
4.3651e+04, 3.1298e-01
4.3656e+04, 2.6217e-01
4.3660e+04, 2.2239e-01
4.3664e+04, 1.9093e-01
4.3672e+04, 1.4497e-01
4.3680e+04, 1.1655e-01
4.3688e+04, 9.5834e-02
4.3695e+04, 8.0254e-02
4.3703e+04, 6.8199e-02
4.3718e+04, 5.1053e-02
4.3733e+04, 3.9758e-02
4.3747e+04, 3.2714e-02
4.3760e+04, 2.7455e-02
4.3787e+04, 2.0292e-02
4.3814e+04, 1.5713e-02
4.3840e+04, 1.2616e-02
4.3901e+04, 8.4684e-03
4.3962e+04, 6.2743e-03
4.4023e+04, 4.9576e-03
4.4084e+04, 4.1199e-03
4.4198e+04, 3.2153e-03
4.4312e+04, 2.7589e-03
4.4541e+04, 2.5025e-03
4.4670e+04, 2.6334e-03
4.4798e+04, 2.9988e-03
4.4927e+04, 3.7506e-03
4.5056e+04, 5.3257e-03
4.5109e+04, 6.5128e-03
4.5163e+04, 8.3247e-03
4.5217e+04, 1.1245e-02
4.5270e+04, 1.6502e-02
4.5301e+04, 2.1566e-02
4.5331e+04, 2.9635e-02
4.5346e+04, 3.5584e-02
4.5361e+04, 4.3458e-02
4.5376e+04, 5.4475e-02
4.5392e+04, 7.0316e-02
4.5398e+04, 7.9564e-02
4.5405e+04, 9.0684e-02
4.5412e+04, 1.0418e-01
4.5418e+04, 1.2065e-01
4.5425e+04, 1.4101e-01
4.5429e+04, 1.5302e-01
4.5432e+04, 1.6648e-01
4.5435e+04, 1.8157e-01
4.5439e+04, 1.9850e-01
4.5442e+04, 2.1747e-01
4.5445e+04, 2.3873e-01
4.5448e+04, 2.5840e-01
4.5451e+04, 2.7983e-01
4.5454e+04, 3.0326e-01
4.5456e+04, 3.2853e-01
4.5459e+04, 3.5574e-01
4.5462e+04, 3.8454e-01
4.5465e+04, 4.1481e-01
4.5468e+04, 4.4585e-01
4.5473e+04, 5.0777e-01
4.5479e+04, 5.6262e-01
4.5484e+04, 6.0097e-01
4.5490e+04, 6.1473e-01
4.5493e+04, 6.1010e-01
4.5496e+04, 5.9666e-01
4.5500e+04, 5.7546e-01
4.5503e+04, 5.4813e-01
4.5506e+04, 5.1393e-01
4.5510e+04, 4.7678e-01
4.5516e+04, 4.0108e-01
4.5523e+04, 3.3162e-01
4.5530e+04, 2.7290e-01
4.5537e+04, 2.2520e-01
4.5544e+04, 1.8726e-01
4.5550e+04, 1.5720e-01
4.5557e+04, 1.3331e-01
4.5568e+04, 1.0500e-01
4.5579e+04, 8.4622e-02
4.5589e+04, 6.9649e-02
4.5600e+04, 5.8388e-02
4.5614e+04, 4.7189e-02
4.5628e+04, 3.9054e-02
4.5657e+04, 2.8381e-02
4.5686e+04, 2.2000e-02
4.5714e+04, 1.8019e-02
4.5742e+04, 1.5429e-02
4.5771e+04, 1.3779e-02
4.5828e+04, 1.2411e-02
4.5871e+04, 1.2754e-02
4.5914e+04, 1.4421e-02
4.5956e+04, 1.8117e-02
4.5978e+04, 2.1209e-02
4.5999e+04, 2.5775e-02
4.6022e+04, 3.3136e-02
4.6044e+04, 4.5101e-02
4.6055e+04, 5.4024e-02
4.6067e+04, 6.6079e-02
4.6078e+04, 8.2685e-02
4.6089e+04, 1.0665e-01
4.6094e+04, 1.1996e-01
4.6098e+04, 1.3475e-01
4.6103e+04, 1.5222e-01
4.6107e+04, 1.7306e-01
4.6112e+04, 1.9790e-01
4.6114e+04, 2.1215e-01
4.6116e+04, 2.2778e-01
4.6119e+04, 2.4493e-01
4.6121e+04, 2.6364e-01
4.6123e+04, 2.8421e-01
4.6125e+04, 3.0658e-01
4.6127e+04, 3.3104e-01
4.6130e+04, 3.5743e-01
4.6132e+04, 3.8163e-01
4.6133e+04, 4.0728e-01
4.6135e+04, 4.3428e-01
4.6137e+04, 4.6244e-01
4.6141e+04, 5.2119e-01
4.6145e+04, 5.8021e-01
4.6149e+04, 6.3523e-01
4.6152e+04, 6.8039e-01
4.6156e+04, 7.1033e-01
4.6160e+04, 7.2072e-01
4.6163e+04, 7.1557e-01
4.6165e+04, 7.0069e-01
4.6168e+04, 6.7703e-01
4.6170e+04, 6.4633e-01
4.6175e+04, 5.7491e-01
4.6180e+04, 4.9720e-01
4.6185e+04, 4.2256e-01
4.6190e+04, 3.5624e-01
4.6195e+04, 2.9996e-01
4.6200e+04, 2.5342e-01
4.6205e+04, 2.1539e-01
4.6210e+04, 1.8440e-01
4.6217e+04, 1.5224e-01
4.6223e+04, 1.2740e-01
4.6230e+04, 1.0791e-01
4.6236e+04, 9.2495e-02
4.6249e+04, 7.0038e-02
4.6262e+04, 5.4763e-02
4.6274e+04, 4.5322e-02
4.6285e+04, 3.8154e-02
4.6307e+04, 2.8193e-02
4.6329e+04, 2.1768e-02
4.6352e+04, 1.7417e-02
4.6400e+04, 1.1650e-02
4.6449e+04, 8.4745e-03
4.6497e+04, 6.5516e-03
4.6545e+04, 5.2636e-03
4.6665e+04, 3.4898e-03
4.6784e+04, 2.6010e-03
4.7022e+04, 1.7587e-03
4.7290e+04, 1.3572e-03
4.7558e+04, 1.1636e-03
4.8094e+04, 1.0353e-03
4.8451e+04, 1.0674e-03
4.8809e+04, 1.1816e-03
4.9166e+04, 1.4537e-03
4.9524e+04, 2.0953e-03
4.9762e+04, 3.1156e-03
4.9881e+04, 4.0977e-03
5.0000e+04, 5.8218e-03
5.0069e+04, 7.5061e-03
5.0138e+04, 1.0160e-02
5.0207e+04, 1.4748e-02
5.0242e+04, 1.8349e-02
5.0277e+04, 2.3448e-02
5.0304e+04, 2.9332e-02
5.0318e+04, 3.3135e-02
5.0332e+04, 3.7707e-02
5.0344e+04, 4.2509e-02
5.0356e+04, 4.8247e-02
5.0368e+04, 5.5130e-02
5.0380e+04, 6.3405e-02
5.0386e+04, 6.8238e-02
5.0392e+04, 7.3600e-02
5.0398e+04, 7.9548e-02
5.0404e+04, 8.6150e-02
5.0411e+04, 9.3483e-02
5.0417e+04, 1.0163e-01
5.0423e+04, 1.1067e-01
5.0429e+04, 1.2069e-01
5.0433e+04, 1.2894e-01
5.0438e+04, 1.3780e-01
5.0442e+04, 1.4729e-01
5.0447e+04, 1.5740e-01
5.0451e+04, 1.6817e-01
5.0456e+04, 1.7951e-01
5.0461e+04, 1.9138e-01
5.0465e+04, 2.0359e-01
5.0474e+04, 2.2842e-01
5.0483e+04, 2.5206e-01
5.0492e+04, 2.7187e-01
5.0502e+04, 2.8495e-01
5.0510e+04, 2.8907e-01
5.0516e+04, 2.8664e-01
5.0523e+04, 2.7969e-01
5.0529e+04, 2.6883e-01
5.0535e+04, 2.5494e-01
5.0542e+04, 2.3851e-01
5.0548e+04, 2.2097e-01
5.0561e+04, 1.8584e-01
5.0574e+04, 1.5410e-01
5.0587e+04, 1.2742e-01
5.0601e+04, 1.0570e-01
5.0614e+04, 8.8311e-02
5.0627e+04, 7.4446e-02
5.0640e+04, 6.3353e-02
5.0655e+04, 5.2911e-02
5.0671e+04, 4.4751e-02
5.0702e+04, 3.3103e-02
5.0733e+04, 2.5441e-02
5.0764e+04, 2.0212e-02
5.0798e+04, 1.6185e-02
5.0831e+04, 1.3286e-02
5.0899e+04, 9.5134e-03
5.0966e+04, 7.2747e-03
5.1033e+04, 5.8044e-03
5.1111e+04, 4.7025e-03
5.1188e+04, 3.9692e-03
5.1344e+04, 3.1169e-03
5.1499e+04, 2.6899e-03
5.1654e+04, 2.5071e-03
5.1737e+04, 2.4792e-03
5.1944e+04, 2.5986e-03
5.2152e+04, 2.9560e-03
5.2359e+04, 3.7442e-03
5.2462e+04, 4.3827e-03
5.2566e+04, 5.3314e-03
5.2669e+04, 6.7978e-03
5.2773e+04, 9.1697e-03
5.2825e+04, 1.1051e-02
5.2876e+04, 1.3611e-02
5.2928e+04, 1.6923e-02
5.2980e+04, 2.2149e-02
5.3021e+04, 2.8423e-02
5.3058e+04, 3.6480e-02
5.3076e+04, 4.1866e-02
5.3094e+04, 4.8412e-02
5.3112e+04, 5.6739e-02
5.3130e+04, 6.7341e-02
5.3139e+04, 7.3742e-02
5.3148e+04, 8.1046e-02
5.3157e+04, 8.9414e-02
5.3166e+04, 9.9037e-02
5.3179e+04, 1.1444e-01
5.3185e+04, 1.2335e-01
5.3191e+04, 1.3319e-01
5.3197e+04, 1.4409e-01
5.3203e+04, 1.5613e-01
5.3209e+04, 1.6941e-01
5.3215e+04, 1.8398e-01
5.3221e+04, 2.0000e-01
5.3228e+04, 2.1762e-01
5.3234e+04, 2.3683e-01
5.3240e+04, 2.5745e-01
5.3246e+04, 2.7941e-01
5.3252e+04, 3.0238e-01
5.3264e+04, 3.4924e-01
5.3273e+04, 3.8134e-01
5.3282e+04, 4.0798e-01
5.3291e+04, 4.2572e-01
5.3300e+04, 4.3190e-01
5.3309e+04, 4.2552e-01
5.3318e+04, 4.0761e-01
5.3325e+04, 3.8631e-01
5.3332e+04, 3.6102e-01
5.3347e+04, 3.0565e-01
5.3362e+04, 2.5222e-01
5.3376e+04, 2.0649e-01
5.3391e+04, 1.6924e-01
5.3405e+04, 1.3969e-01
5.3420e+04, 1.1641e-01
5.3434e+04, 9.8039e-02
5.3453e+04, 8.0148e-02
5.3471e+04, 6.6577e-02
5.3490e+04, 5.6112e-02
5.3508e+04, 4.7920e-02
5.3545e+04, 3.6236e-02
5.3581e+04, 2.8401e-02
5.3618e+04, 2.2987e-02
5.3655e+04, 1.9110e-02
5.3692e+04, 1.6253e-02
5.3728e+04, 1.4107e-02
5.3802e+04, 1.1223e-02
5.3875e+04, 9.4588e-03
5.3980e+04, 8.1504e-03
5.4085e+04, 7.7579e-03
5.4195e+04, 8.2542e-03
5.4305e+04, 9.8174e-03
5.4360e+04, 1.1287e-02
5.4415e+04, 1.3448e-02
5.4471e+04, 1.6748e-02
5.4526e+04, 2.2013e-02
5.4557e+04, 2.6480e-02
5.4573e+04, 2.9289e-02
5.4589e+04, 3.2593e-02
5.4604e+04, 3.6512e-02
5.4620e+04, 4.1121e-02
5.4636e+04, 4.6729e-02
5.4652e+04, 5.3496e-02
5.4659e+04, 5.7402e-02
5.4667e+04, 6.1705e-02
5.4675e+04, 6.6446e-02
5.4683e+04, 7.1670e-02
5.4691e+04, 7.7419e-02
5.4699e+04, 8.3734e-02
5.4707e+04, 9.0645e-02
5.4714e+04, 9.8153e-02
5.4720e+04, 1.0428e-01
5.4726e+04, 1.1077e-01
5.4732e+04, 1.1761e-01
5.4738e+04, 1.2477e-01
5.4750e+04, 1.3972e-01
5.4762e+04, 1.5485e-01
5.4774e+04, 1.6908e-01
5.4786e+04, 1.8093e-01
5.4798e+04, 1.8883e-01
5.4810e+04, 1.9157e-01
5.4819e+04, 1.8993e-01
5.4828e+04, 1.8527e-01
5.4837e+04, 1.7800e-01
5.4846e+04, 1.6874e-01
5.4862e+04, 1.4883e-01
5.4879e+04, 1.2809e-01
5.4895e+04, 1.0884e-01
5.4911e+04, 9.2107e-02
5.4928e+04, 7.8075e-02
5.4944e+04, 6.6517e-02
5.4961e+04, 5.7064e-02
5.4977e+04, 4.9334e-02
5.5001e+04, 4.0498e-02
5.5025e+04, 3.3793e-02
5.5048e+04, 2.8654e-02
5.5072e+04, 2.4637e-02
5.5120e+04, 1.8849e-02
5.5167e+04, 1.5036e-02
5.5218e+04, 1.2283e-02
5.5269e+04, 1.0372e-02
5.5370e+04, 8.0418e-03
5.5471e+04, 6.8049e-03
5.5572e+04, 6.2281e-03
5.5620e+04, 6.1259e-03
5.5751e+04, 6.3485e-03
5.5882e+04, 7.4492e-03
5.5947e+04, 8.4854e-03
5.6013e+04, 1.0100e-02
5.6078e+04, 1.2615e-02
5.6144e+04, 1.6616e-02
5.6203e+04, 2.2896e-02
5.6233e+04, 2.7638e-02
5.6263e+04, 3.4290e-02
5.6294e+04, 4.4439e-02
5.6310e+04, 5.1349e-02
5.6325e+04, 6.0012e-02
5.6341e+04, 7.1047e-02
5.6357e+04, 8.5317e-02
5.6364e+04, 9.4042e-02
5.6372e+04, 1.0405e-01
5.6380e+04, 1.1553e-01
5.6388e+04, 1.2880e-01
5.6397e+04, 1.4684e-01
5.6406e+04, 1.6836e-01
5.6415e+04, 1.9394e-01
5.6424e+04, 2.2419e-01
5.6433e+04, 2.5950e-01
5.6442e+04, 2.9966e-01
5.6451e+04, 3.4350e-01
5.6460e+04, 3.8829e-01
5.6467e+04, 4.2351e-01
5.6475e+04, 4.5260e-01
5.6482e+04, 4.7193e-01
5.6490e+04, 4.7867e-01
5.6498e+04, 4.7173e-01
5.6505e+04, 4.5223e-01
5.6511e+04, 4.3187e-01
5.6516e+04, 4.0782e-01
5.6527e+04, 3.5423e-01
5.6538e+04, 3.0043e-01
5.6549e+04, 2.5201e-01
5.6560e+04, 2.1095e-01
5.6571e+04, 1.7717e-01
5.6582e+04, 1.4973e-01
5.6593e+04, 1.2753e-01
5.6607e+04, 1.0504e-01
5.6621e+04, 8.7706e-02
5.6635e+04, 7.4244e-02
5.6649e+04, 6.3602e-02
5.6677e+04, 4.8024e-02
5.6705e+04, 3.7570e-02
5.6731e+04, 3.0648e-02
5.6758e+04, 2.5545e-02
5.6784e+04, 2.1687e-02
5.6810e+04, 1.8745e-02
5.6863e+04, 1.4505e-02
5.6916e+04, 1.1731e-02
5.6958e+04, 1.0167e-02
5.6979e+04, 9.5912e-03
5.6984e+04, 9.9473e-03
5.6987e+04, 1.0732e-02
5.6989e+04, 1.2402e-02
5.6992e+04, 1.5422e-02
5.6995e+04, 2.0075e-02
5.6997e+04, 2.6285e-02
5.7000e+04, 3.3463e-02
5.7000e+04, 5.7864e-02
6.0000e+04, 5.6017e-02
6.8529e+04, 4.5054e-02
7.0000e+04, 4.3163e-02
8.0000e+04, 3.6153e-02
9.0000e+04, 3.2097e-02
1.0000e+05, 2.8577e-02
1.5000e+05, 1.9240e-02
2.0000e+05, 1.4849e-02
2.5000e+05, 1.2349e-02
2.8764e+05, 1.0708e-02
2.8764e+05, 1.0708e-02
3.0000e+05, 1.0169e-02
3.5000e+05, 8.8962e-03
4.0000e+05, 8.0749e-03
4.5000e+05, 7.4834e-03
5.0000e+05, 7.0370e-03
5.5028e+05, 6.7247e-03
5.5028e+05, 6.7247e-03
6.0000e+05, 6.4158e-03
6.6687e+05, 6.0750e-03
7.0000e+05, 5.9062e-03
8.0000e+05, 5.5777e-03
9.0000e+05, 5.3685e-03
9.2366e+05, 5.2575e-03
9.2366e+05, 5.2575e-03
1.0000e+06, 4.8994e-03
1.0319e+06, 4.6899e-03
1.0319e+06, 4.6899e-03
1.1000e+06, 4.2435e-03
1.1178e+06, 4.1453e-03
1.1178e+06, 4.1453e-03
1.1511e+06, 3.9620e-03
1.1511e+06, 3.9620e-03
1.2000e+06, 3.6924e-03
1.2049e+06, 3.6742e-03
1.2049e+06, 3.6742e-03
1.3000e+06, 3.3195e-03
1.4000e+06, 3.1065e-03
1.4789e+06, 2.9460e-03
1.4789e+06, 2.9460e-03
1.5000e+06, 2.9030e-03
1.6000e+06, 2.7297e-03
1.6363e+06, 2.6754e-03
1.7000e+06, 2.5800e-03
1.7581e+06, 2.5135e-03
1.7581e+06, 2.5135e-03
1.8000e+06, 2.4656e-03
1.8376e+06, 2.4263e-03
1.8376e+06, 2.4263e-03
1.9000e+06, 2.3612e-03
2.0000e+06, 2.2907e-03
2.0107e+06, 2.2709e-03
2.0107e+06, 2.2709e-03
2.0209e+06, 2.2522e-03
2.0307e+06, 2.2342e-03
2.0515e+06, 2.1958e-03
2.0515e+06, 2.1958e-03
2.0636e+06, 2.1735e-03
2.0636e+06, 2.1735e-03
2.1000e+06, 2.1064e-03
2.1567e+06, 2.0253e-03
2.1567e+06, 2.0253e-03
2.1591e+06, 2.0219e-03
2.1591e+06, 2.0219e-03
2.1644e+06, 2.0143e-03
2.1644e+06, 2.0143e-03
2.2000e+06, 1.9634e-03
2.3000e+06, 1.8957e-03
2.4000e+06, 1.8559e-03
2.4496e+06, 1.8355e-03
2.4540e+06, 1.8337e-03
2.4540e+06, 1.8337e-03
2.5000e+06, 1.8148e-03
2.5099e+06, 1.8107e-03
2.5099e+06, 1.8107e-03
2.5709e+06, 1.7850e-03
2.6000e+06, 1.7727e-03
2.6359e+06, 1.7604e-03
2.6359e+06, 1.7604e-03
2.6834e+06, 1.7440e-03
2.6834e+06, 1.7440e-03
2.7000e+06, 1.7383e-03
2.7416e+06, 1.7177e-03
2.7538e+06, 1.7117e-03
2.7538e+06, 1.7117e-03
2.7793e+06, 1.6992e-03
2.7793e+06, 1.6992e-03
2.8000e+06, 1.6890e-03
2.8109e+06, 1.6846e-03
2.8109e+06, 1.6846e-03
2.8321e+06, 1.6760e-03
2.8321e+06, 1.6760e-03
2.8474e+06, 1.6699e-03
2.8474e+06, 1.6699e-03
2.9000e+06, 1.6487e-03
2.9002e+06, 1.6487e-03
2.9002e+06, 1.6487e-03
2.9109e+06, 1.6447e-03
2.9531e+06, 1.6288e-03
2.9531e+06, 1.6288e-03
2.9541e+06, 1.6284e-03
3.0000e+06, 1.6112e-03
3.1000e+06, 1.5746e-03
3.2000e+06, 1.5417e-03
3.3000e+06, 1.5117e-03
3.4000e+06, 1.4842e-03
3.5000e+06, 1.4591e-03
3.6000e+06, 1.4363e-03
3.8000e+06, 1.3971e-03
4.0000e+06, 1.3658e-03
4.5000e+06, 1.3121e-03
5.0000e+06, 1.2780e-03
5.5000e+06, 1.2546e-03
6.0000e+06, 1.2605e-03
6.5000e+06, 1.1867e-03
6.5721e+06, 1.1880e-03
7.0000e+06, 1.1960e-03
7.5000e+06, 1.2140e-03
7.7624e+06, 1.2257e-03
7.9497e+06, 1.2341e-03
7.9497e+06, 1.2341e-03
8.0000e+06, 1.2363e-03
8.5000e+06, 1.2574e-03
8.5164e+06, 1.2580e-03
9.0000e+06, 1.2780e-03
9.0176e+06, 1.2789e-03
9.0176e+06, 1.2789e-03
9.4693e+06, 1.3020e-03
9.5000e+06, 1.3035e-03
1.0000e+07, 1.3348e-03
1.0024e+07, 1.3361e-03
1.0024e+07, 1.3361e-03
1.0500e+07, 1.3610e-03
1.1000e+07, 1.3667e-03
1.1500e+07, 1.3420e-03
1.2000e+07, 1.2917e-03
1.2500e+07, 1.1912e-03
1.3000e+07, 1.1167e-03
1.3500e+07, 1.0469e-03
1.4000e+07, 9.8944e-04
1.4500e+07, 9.4980e-04
1.5000e+07, 9.2963e-04
1.5378e+07, 9.2889e-04
1.5500e+07, 9.2864e-04
1.6000e+07, 9.4120e-04
1.6500e+07, 9.5775e-04
1.7000e+07, 9.6760e-04
1.7500e+07, 9.6120e-04
1.8000e+07, 9.3390e-04
1.8500e+07, 8.8520e-04
1.9000e+07, 8.2726e-04
1.9500e+07, 7.6458e-04
1.9526e+07, 7.6136e-04
1.9526e+07, 7.6136e-04
2.0000e+07, 7.0277e-04
2.0000e+07, 0.0000e+00
2.1000e+07, 0.0000e+00
2.2000e+07, 0.0000e+00
2.2086e+07, 0.0000e+00
2.2912e+07, 0.0000e+00
2.3000e+07, 0.0000e+00
2.3071e+07, 0.0000e+00
2.3316e+07, 0.0000e+00
2.4000e+07, 0.0000e+00
2.4142e+07, 0.0000e+00
2.4288e+07, 0.0000e+00
2.4554e+07, 0.0000e+00
2.5000e+07, 0.0000e+00
2.5729e+07, 0.0000e+00
2.6000e+07, 0.0000e+00
2.6472e+07, 0.0000e+00
2.6544e+07, 0.0000e+00
2.7000e+07, 0.0000e+00
2.8000e+07, 0.0000e+00
2.8360e+07, 0.0000e+00
2.8496e+07, 0.0000e+00
2.8676e+07, 0.0000e+00
2.9000e+07, 0.0000e+00
3.0000e+07, 0.0000e+00
3.1000e+07, 0.0000e+00
3.1593e+07, 0.0000e+00
3.2000e+07, 0.0000e+00
3.2221e+07, 0.0000e+00
3.2598e+07, 0.0000e+00
3.3000e+07, 0.0000e+00
3.4000e+07, 0.0000e+00
3.4323e+07, 0.0000e+00
3.4606e+07, 0.0000e+00
3.5000e+07, 0.0000e+00
3.5181e+07, 0.0000e+00
3.5376e+07, 0.0000e+00
3.5376e+07, 0.0000e+00
3.5558e+07, 0.0000e+00
3.6000e+07, 0.0000e+00
3.7000e+07, 0.0000e+00
3.7001e+07, 0.0000e+00
3.8000e+07, 0.0000e+00
3.9000e+07, 0.0000e+00
3.9925e+07, 0.0000e+00
4.0000e+07, 0.0000e+00
4.1000e+07, 0.0000e+00
4.1097e+07, 0.0000e+00
4.2000e+07, 0.0000e+00
4.3000e+07, 0.0000e+00
4.3000e+07, 0.0000e+00
4.3412e+07, 0.0000e+00
4.3739e+07, 0.0000e+00
4.4000e+07, 0.0000e+00
4.4000e+07, 0.0000e+00
4.4865e+07, 0.0000e+00
4.4865e+07, 0.0000e+00
4.4906e+07, 0.0000e+00
4.4906e+07, 0.0000e+00
4.5000e+07, 0.0000e+00
4.5425e+07, 0.0000e+00
4.6000e+07, 0.0000e+00
4.7000e+07, 0.0000e+00
4.7813e+07, 0.0000e+00
4.8000e+07, 0.0000e+00
4.8000e+07, 0.0000e+00
4.8781e+07, 0.0000e+00
4.8781e+07, 0.0000e+00
4.9000e+07, 0.0000e+00
4.9000e+07, 0.0000e+00
5.0000e+07, 0.0000e+00
5.0175e+07, 0.0000e+00
5.0175e+07, 0.0000e+00
5.1000e+07, 0.0000e+00
5.2000e+07, 0.0000e+00
5.2000e+07, 0.0000e+00
5.2437e+07, 0.0000e+00
5.3000e+07, 0.0000e+00
5.3000e+07, 0.0000e+00
5.4000e+07, 0.0000e+00
5.4000e+07, 0.0000e+00
5.4331e+07, 0.0000e+00
5.5000e+07, 0.0000e+00
5.6000e+07, 0.0000e+00
5.6609e+07, 0.0000e+00
5.6609e+07, 0.0000e+00
5.6954e+07, 0.0000e+00
5.6954e+07, 0.0000e+00
5.7000e+07, 0.0000e+00
5.7000e+07, 0.0000e+00
5.8000e+07, 0.0000e+00
5.8000e+07, 0.0000e+00
5.8523e+07, 0.0000e+00
5.8523e+07, 0.0000e+00
5.9000e+07, 0.0000e+00
5.9000e+07, 0.0000e+00
6.0000e+07, 0.0000e+00
6.1000e+07, 0.0000e+00
6.1000e+07, 0.0000e+00
6.2000e+07, 0.0000e+00
6.2000e+07, 0.0000e+00
6.3000e+07, 0.0000e+00
6.3000e+07, 0.0000e+00
6.4000e+07, 0.0000e+00
6.4000e+07, 0.0000e+00
6.5000e+07, 0.0000e+00
6.5843e+07, 0.0000e+00
6.5846e+07, 0.0000e+00
6.5846e+07, 0.0000e+00
6.6000e+07, 0.0000e+00
6.6000e+07, 0.0000e+00
6.7000e+07, 0.0000e+00
6.7000e+07, 0.0000e+00
6.7326e+07, 0.0000e+00
6.7326e+07, 0.0000e+00
6.7711e+07, 0.0000e+00
6.7711e+07, 0.0000e+00
6.8000e+07, 0.0000e+00
6.8000e+07, 0.0000e+00
6.9000e+07, 0.0000e+00
6.9000e+07, 0.0000e+00
7.0000e+07, 0.0000e+00
7.0000e+07, 0.0000e+00
7.1000e+07, 0.0000e+00
7.1000e+07, 0.0000e+00
7.2000e+07, 0.0000e+00
7.2000e+07, 0.0000e+00
7.3000e+07, 0.0000e+00
7.3000e+07, 0.0000e+00
7.4000e+07, 0.0000e+00
7.4000e+07, 0.0000e+00
7.5000e+07, 0.0000e+00
7.5000e+07, 0.0000e+00
7.6000e+07, 0.0000e+00
7.6000e+07, 0.0000e+00
7.7000e+07, 0.0000e+00
7.7000e+07, 0.0000e+00
7.8000e+07, 0.0000e+00
7.8000e+07, 0.0000e+00
7.9000e+07, 0.0000e+00
7.9000e+07, 0.0000e+00
8.0000e+07, 0.0000e+00
8.0000e+07, 0.0000e+00
8.1000e+07, 0.0000e+00
8.2000e+07, 0.0000e+00
8.2000e+07, 0.0000e+00
8.3000e+07, 0.0000e+00
8.3000e+07, 0.0000e+00
8.4000e+07, 0.0000e+00
8.4000e+07, 0.0000e+00
8.5000e+07, 0.0000e+00
8.5000e+07, 0.0000e+00
8.6000e+07, 0.0000e+00
8.6000e+07, 0.0000e+00
8.7000e+07, 0.0000e+00
8.7000e+07, 0.0000e+00
8.8000e+07, 0.0000e+00
8.8000e+07, 0.0000e+00
8.9000e+07, 0.0000e+00
8.9000e+07, 0.0000e+00
9.0000e+07, 0.0000e+00
9.0000e+07, 0.0000e+00
9.1000e+07, 0.0000e+00
9.1000e+07, 0.0000e+00
9.2000e+07, 0.0000e+00
9.2000e+07, 0.0000e+00
9.3000e+07, 0.0000e+00
9.3000e+07, 0.0000e+00
9.4000e+07, 0.0000e+00
9.4000e+07, 0.0000e+00
9.5000e+07, 0.0000e+00
9.5000e+07, 0.0000e+00
9.6000e+07, 0.0000e+00
9.6000e+07, 0.0000e+00
9.7000e+07, 0.0000e+00
9.7000e+07, 0.0000e+00
9.8000e+07, 0.0000e+00
9.8000e+07, 0.0000e+00
9.9000e+07, 0.0000e+00
9.9000e+07, 0.0000e+00
1.0000e+08, 0.0000e+00
1.0200e+08, 0.0000e+00
1.0400e+08, 0.0000e+00
1.0600e+08, 0.0000e+00
1.0800e+08, 0.0000e+00
1.1000e+08, 0.0000e+00
1.1200e+08, 0.0000e+00
1.1400e+08, 0.0000e+00
1.1600e+08, 0.0000e+00
1.1800e+08, 0.0000e+00
1.2000e+08, 0.0000e+00
1.2200e+08, 0.0000e+00
1.2400e+08, 0.0000e+00
1.2600e+08, 0.0000e+00
1.2800e+08, 0.0000e+00
1.3000e+08, 0.0000e+00
1.3200e+08, 0.0000e+00
1.3400e+08, 0.0000e+00
1.3600e+08, 0.0000e+00
1.3800e+08, 0.0000e+00
1.4000e+08, 0.0000e+00
1.4200e+08, 0.0000e+00
1.4400e+08, 0.0000e+00
1.4600e+08, 0.0000e+00
1.4800e+08, 0.0000e+00
1.5000e+08, 0.0000e+00
