ebin, xs
1.0000e-05, 8.5453e-03
1.0625e-05, 8.2902e-03
1.1250e-05, 8.0566e-03
1.1875e-05, 7.8417e-03
1.2500e-05, 7.6432e-03
1.3750e-05, 7.2875e-03
1.5000e-05, 6.9772e-03
1.6250e-05, 6.7035e-03
1.7500e-05, 6.4597e-03
1.8750e-05, 6.2406e-03
2.0000e-05, 6.0425e-03
2.1875e-05, 5.7777e-03
2.3750e-05, 5.5449e-03
2.5625e-05, 5.3382e-03
2.7500e-05, 5.1530e-03
2.9375e-05, 4.9859e-03
3.1250e-05, 4.8340e-03
3.3125e-05, 4.6952e-03
3.5000e-05, 4.5677e-03
3.7500e-05, 4.4128e-03
4.0000e-05, 4.2727e-03
4.2500e-05, 4.1451e-03
4.6250e-05, 3.9735e-03
5.0000e-05, 3.8216e-03
5.3125e-05, 3.7075e-03
5.6250e-05, 3.6030e-03
5.9375e-05, 3.5069e-03
6.2500e-05, 3.4181e-03
6.8750e-05, 3.2591e-03
7.5000e-05, 3.1203e-03
8.0000e-05, 3.0212e-03
8.7500e-05, 2.8889e-03
9.3750e-05, 2.7909e-03
1.0000e-04, 2.7023e-03
1.0625e-04, 2.6216e-03
1.1250e-04, 2.5477e-03
1.1875e-04, 2.4798e-03
1.2500e-04, 2.4170e-03
1.3750e-04, 2.3045e-03
1.5000e-04, 2.2064e-03
1.6250e-04, 2.1198e-03
1.7500e-04, 2.0427e-03
1.8750e-04, 1.9735e-03
2.0000e-04, 1.9108e-03
2.1875e-04, 1.8271e-03
2.3750e-04, 1.7535e-03
2.5625e-04, 1.6881e-03
2.7500e-04, 1.6295e-03
2.9375e-04, 1.5767e-03
3.1250e-04, 1.5286e-03
3.3125e-04, 1.4847e-03
3.5000e-04, 1.4444e-03
3.7500e-04, 1.3954e-03
4.0000e-04, 1.3511e-03
4.2500e-04, 1.3108e-03
4.6250e-04, 1.2565e-03
5.0000e-04, 1.2085e-03
5.3125e-04, 1.1724e-03
5.6250e-04, 1.1394e-03
6.2500e-04, 1.0809e-03
6.8750e-04, 1.0306e-03
7.5000e-04, 9.8673e-04
8.0000e-04, 9.5540e-04
8.7500e-04, 9.1354e-04
9.3750e-04, 8.8256e-04
1.0000e-03, 8.5454e-04
1.1250e-03, 8.0567e-04
1.2500e-03, 7.6432e-04
1.3750e-03, 7.2875e-04
1.5000e-03, 6.9773e-04
1.6250e-03, 6.7036e-04
1.7500e-03, 6.4597e-04
1.8750e-03, 6.2407e-04
2.0000e-03, 6.0425e-04
2.1875e-03, 5.7777e-04
2.3750e-03, 5.5450e-04
2.5625e-03, 5.3383e-04
2.7500e-03, 5.1531e-04
3.1250e-03, 4.8340e-04
3.5000e-03, 4.5677e-04
4.0000e-03, 4.2727e-04
4.2500e-03, 4.1452e-04
5.0000e-03, 3.8216e-04
5.6250e-03, 3.6031e-04
6.2500e-03, 3.4182e-04
7.5000e-03, 3.1204e-04
8.0000e-03, 3.0213e-04
8.7500e-03, 2.8889e-04
1.0000e-02, 2.7024e-04
1.2500e-02, 2.4171e-04
1.5000e-02, 2.2065e-04
1.7500e-02, 2.0429e-04
2.0000e-02, 1.9110e-04
2.5300e-02, 1.6991e-04
3.3019e-02, 1.4874e-04
4.0738e-02, 1.3392e-04
5.0000e-02, 1.2088e-04
5.0600e-02, 1.2017e-04
5.2088e-02, 1.1844e-04
5.3575e-02, 1.1678e-04
5.6550e-02, 1.1367e-04
6.2500e-02, 1.0813e-04
7.5000e-02, 9.8714e-05
8.7500e-02, 9.1399e-05
1.0000e-01, 8.5505e-05
1.2500e-01, 7.6501e-05
1.5000e-01, 6.9858e-05
1.7500e-01, 6.4693e-05
2.0000e-01, 6.0529e-05
2.7500e-01, 5.1649e-05
3.5000e-01, 4.5800e-05
4.0000e-01, 4.2854e-05
4.2500e-01, 4.1577e-05
5.0000e-01, 3.8341e-05
6.2500e-01, 3.4308e-05
7.5000e-01, 3.1330e-05
8.0000e-01, 3.0337e-05
8.7500e-01, 2.9013e-05
1.0000e+00, 2.7157e-05
1.2500e+00, 2.4374e-05
1.5000e+00, 2.2326e-05
1.7500e+00, 2.0726e-05
2.0000e+00, 1.9434e-05
2.7500e+00, 1.6670e-05
3.5000e+00, 1.4838e-05
4.0000e+00, 1.3912e-05
4.2500e+00, 1.3512e-05
5.0000e+00, 1.2491e-05
6.2500e+00, 1.1218e-05
7.5000e+00, 1.0275e-05
8.0000e+00, 9.9582e-06
8.7500e+00, 9.5392e-06
1.0000e+01, 8.9456e-06
1.2500e+01, 8.1107e-06
1.5000e+01, 7.4902e-06
1.7500e+01, 7.0036e-06
2.0000e+01, 6.6068e-06
2.7500e+01, 5.8753e-06
3.5000e+01, 5.3753e-06
4.0000e+01, 5.1153e-06
4.2500e+01, 5.0052e-06
5.0000e+01, 4.7129e-06
6.2500e+01, 4.4563e-06
7.5000e+01, 4.2573e-06
8.7500e+01, 4.0957e-06
1.0000e+02, 3.9620e-06
1.2500e+02, 3.8433e-06
1.5000e+02, 3.7492e-06
1.7500e+02, 3.7470e-06
2.0000e+02, 3.7459e-06
2.7500e+02, 3.7425e-06
3.0000e+02, 3.7420e-06
3.5000e+02, 3.8212e-06
4.2500e+02, 3.9291e-06
5.0000e+02, 4.0255e-06
6.2500e+02, 4.2386e-06
7.0000e+02, 4.3550e-06
7.5000e+02, 4.4404e-06
8.7500e+02, 4.6423e-06
9.0000e+02, 4.6815e-06
1.0000e+03, 4.8434e-06
1.1000e+03, 4.9953e-06
1.2500e+03, 5.2379e-06
1.5000e+03, 5.6053e-06
1.7500e+03, 5.9385e-06
2.0000e+03, 6.2458e-06
2.7500e+03, 7.1781e-06
3.5000e+03, 7.9763e-06
4.0000e+03, 8.4577e-06
4.2500e+03, 8.6818e-06
5.0000e+03, 9.3248e-06
6.2500e+03, 1.0237e-05
7.5000e+03, 1.1148e-05
8.7500e+03, 1.2060e-05
1.0000e+04, 1.2971e-05
1.2500e+04, 1.4406e-05
1.5000e+04, 1.5840e-05
1.7500e+04, 1.6914e-05
2.0000e+04, 1.7987e-05
2.2500e+04, 1.9060e-05
2.5000e+04, 2.0133e-05
2.7500e+04, 2.1207e-05
3.0000e+04, 2.2280e-05
3.2500e+04, 2.3353e-05
3.5000e+04, 2.4426e-05
4.0000e+04, 2.6094e-05
4.5000e+04, 2.7761e-05
5.0000e+04, 2.9429e-05
5.5000e+04, 3.1096e-05
6.0000e+04, 3.2559e-05
6.5000e+04, 3.4023e-05
7.0000e+04, 3.5486e-05
7.5000e+04, 3.6950e-05
8.0000e+04, 3.8303e-05
9.0000e+04, 4.1008e-05
9.5000e+04, 4.2360e-05
1.0000e+05, 4.3650e-05
1.1000e+05, 4.6230e-05
1.1500e+05, 4.7520e-05
1.2000e+05, 4.8781e-05
1.3000e+05, 5.1304e-05
1.4000e+05, 5.3827e-05
1.5000e+05, 5.6350e-05
1.6000e+05, 5.8950e-05
1.8000e+05, 6.4150e-05
2.0000e+05, 6.9350e-05
2.2000e+05, 7.5394e-05
2.4000e+05, 8.1438e-05
2.5000e+05, 8.4461e-05
2.6000e+05, 8.8277e-05
2.8000e+05, 9.5911e-05
3.0000e+05, 1.0544e-04
3.2000e+05, 1.1754e-04
3.4000e+05, 1.3394e-04
3.6000e+05, 1.5810e-04
3.7000e+05, 1.7520e-04
3.8000e+05, 1.9770e-04
3.9000e+05, 2.2818e-04
3.9500e+05, 2.4913e-04
4.0000e+05, 2.7011e-04
4.0500e+05, 2.9626e-04
4.1000e+05, 3.2540e-04
4.1500e+05, 3.5515e-04
4.2000e+05, 3.7953e-04
4.2500e+05, 3.8730e-04
4.3000e+05, 3.6489e-04
4.3400e+05, 3.1920e-04
4.3500e+05, 3.0769e-04
4.4000e+05, 2.2990e-04
4.4500e+05, 1.5464e-04
4.5000e+05, 9.6247e-05
4.5500e+05, 5.6675e-05
4.6000e+05, 3.1970e-05
4.6500e+05, 2.0619e-05
4.7000e+05, 9.3354e-06
4.7500e+05, 6.5339e-06
4.8000e+05, 3.7690e-06
4.9000e+05, 4.6328e-06
5.0000e+05, 7.7703e-06
5.2000e+05, 1.4644e-05
5.4000e+05, 2.1518e-05
5.5000e+05, 2.4953e-05
5.6000e+05, 2.6919e-05
5.8000e+05, 3.0846e-05
6.0000e+05, 3.4772e-05
6.2000e+05, 3.6504e-05
6.4000e+05, 3.8235e-05
6.5000e+05, 3.9099e-05
6.6000e+05, 3.9210e-05
6.8000e+05, 3.9430e-05
7.0000e+05, 3.9649e-05
7.2000e+05, 3.8762e-05
7.4000e+05, 3.7874e-05
7.5000e+05, 3.7429e-05
7.6000e+05, 3.6634e-05
7.8000e+05, 3.5042e-05
8.0000e+05, 3.3450e-05
8.1000e+05, 3.2678e-05
8.2000e+05, 3.1905e-05
8.3000e+05, 3.1133e-05
8.4000e+05, 3.0360e-05
8.5000e+05, 2.9590e-05
8.6000e+05, 2.9794e-05
8.7000e+05, 3.0000e-05
8.8000e+05, 3.0205e-05
8.9000e+05, 3.0411e-05
9.0000e+05, 3.0622e-05
9.1000e+05, 3.2862e-05
9.2000e+05, 3.5112e-05
9.3000e+05, 3.9484e-05
9.4000e+05, 4.3866e-05
9.5000e+05, 5.0815e-05
9.6000e+05, 5.7774e-05
9.7000e+05, 6.6330e-05
9.8000e+05, 7.4879e-05
9.9000e+05, 7.8395e-05
1.0000e+06, 8.1880e-05
1.0100e+06, 7.6520e-05
1.0200e+06, 7.1135e-05
1.0300e+06, 6.3695e-05
1.0400e+06, 5.6255e-05
1.0500e+06, 5.0880e-05
1.0600e+06, 4.5515e-05
1.0700e+06, 4.2155e-05
1.0800e+06, 3.8803e-05
1.0900e+06, 3.6720e-05
1.1000e+06, 3.4642e-05
1.1100e+06, 3.3604e-05
1.1200e+06, 3.2568e-05
1.1300e+06, 3.1532e-05
1.1400e+06, 3.0496e-05
1.1500e+06, 2.9461e-05
1.1600e+06, 2.8958e-05
1.1700e+06, 2.8456e-05
1.1800e+06, 2.7954e-05
1.1900e+06, 2.7452e-05
1.2000e+06, 2.6950e-05
1.2100e+06, 2.6480e-05
1.2200e+06, 2.5980e-05
1.2300e+06, 2.5390e-05
1.2400e+06, 2.4649e-05
1.2500e+06, 2.3689e-05
1.2600e+06, 2.2338e-05
1.2650e+06, 2.1330e-05
1.2700e+06, 2.0317e-05
1.2750e+06, 1.8745e-05
1.2800e+06, 1.7165e-05
1.2850e+06, 1.4680e-05
1.2900e+06, 1.2186e-05
1.2950e+06, 8.8726e-06
1.3000e+06, 5.5636e-06
1.3050e+06, 3.8680e-06
1.3075e+06, 3.0244e-06
1.3100e+06, 2.2042e-06
1.3130e+06, 3.8774e-06
1.3165e+06, 5.8567e-06
1.3200e+06, 7.8425e-06
1.3300e+06, 1.5943e-05
1.3350e+06, 1.8610e-05
1.3400e+06, 2.1264e-05
1.3450e+06, 2.2735e-05
1.3500e+06, 2.4197e-05
1.3600e+06, 2.5828e-05
1.3700e+06, 2.6789e-05
1.3800e+06, 2.7389e-05
1.3900e+06, 2.7770e-05
1.4000e+06, 2.8040e-05
1.4100e+06, 2.8210e-05
1.4200e+06, 2.8380e-05
1.4300e+06, 2.8490e-05
1.4400e+06, 2.8600e-05
1.4500e+06, 2.8675e-05
1.4600e+06, 2.8750e-05
1.4700e+06, 2.8815e-05
1.4800e+06, 2.8880e-05
1.4900e+06, 2.8940e-05
1.5000e+06, 2.9000e-05
1.5100e+06, 2.9065e-05
1.5200e+06, 2.9130e-05
1.5300e+06, 2.9205e-05
1.5400e+06, 2.9280e-05
1.5500e+06, 2.9380e-05
1.5600e+06, 2.9500e-05
1.5700e+06, 2.9660e-05
1.5800e+06, 2.9880e-05
1.5900e+06, 3.0201e-05
1.6000e+06, 3.0721e-05
1.6020e+06, 3.0906e-05
1.6100e+06, 3.1653e-05
1.6200e+06, 3.3600e-05
1.6300e+06, 3.9011e-05
1.6350e+06, 5.2150e-05
1.6375e+06, 5.8750e-05
1.6400e+06, 6.5533e-05
1.6411e+06, 7.4859e-05
1.6421e+06, 8.5423e-05
1.6432e+06, 1.0389e-04
1.6442e+06, 1.2796e-04
1.6448e+06, 1.4915e-04
1.6453e+06, 1.7030e-04
1.6458e+06, 1.9149e-04
1.6464e+06, 2.4042e-04
1.6469e+06, 3.0106e-04
1.6474e+06, 3.6160e-04
1.6480e+06, 4.2505e-04
1.6485e+06, 5.7323e-04
1.6500e+06, 1.0035e-03
1.6505e+06, 9.4857e-04
1.6510e+06, 8.8537e-04
1.6514e+06, 8.2216e-04
1.6519e+06, 7.5866e-04
1.6524e+06, 6.6352e-04
1.6528e+06, 5.5982e-04
1.6531e+06, 5.0787e-04
1.6533e+06, 4.5613e-04
1.6535e+06, 4.0417e-04
1.6538e+06, 3.5244e-04
1.6540e+06, 3.0632e-04
1.6542e+06, 2.8612e-04
1.6547e+06, 2.5214e-04
1.6550e+06, 2.3511e-04
1.6552e+06, 2.1815e-04
1.6561e+06, 1.5588e-04
1.6571e+06, 1.2966e-04
1.6580e+06, 1.0395e-04
1.6590e+06, 9.0405e-05
1.6600e+06, 7.7575e-05
1.6625e+06, 6.8967e-05
1.6650e+06, 6.0645e-05
1.6700e+06, 4.4111e-05
1.6800e+06, 4.8954e-05
1.6825e+06, 6.3078e-05
1.6838e+06, 7.6796e-05
1.6850e+06, 1.1882e-04
1.6860e+06, 1.6376e-04
1.6865e+06, 2.3702e-04
1.6868e+06, 2.7460e-04
1.6870e+06, 3.4624e-04
1.6876e+06, 7.0266e-04
1.6878e+06, 8.8578e-04
1.6879e+06, 1.1064e-03
1.6880e+06, 1.4769e-03
1.6881e+06, 2.1159e-03
1.6883e+06, 5.5589e-03
1.6886e+06, 9.0703e-03
1.6887e+06, 1.1415e-02
1.6888e+06, 1.4740e-02
1.6888e+06, 1.8185e-02
1.6888e+06, 2.3915e-02
1.6889e+06, 3.3379e-02
1.6889e+06, 4.8664e-02
1.6889e+06, 7.2141e-02
1.6890e+06, 1.0518e-01
1.6890e+06, 1.8876e-01
1.6891e+06, 2.2318e-01
1.6891e+06, 2.3965e-01
1.6891e+06, 2.3547e-01
1.6892e+06, 2.1628e-01
1.6892e+06, 1.8561e-01
1.6892e+06, 1.5166e-01
1.6893e+06, 8.8895e-02
1.6893e+06, 6.5256e-02
1.6893e+06, 4.8178e-02
1.6893e+06, 3.8680e-02
1.6894e+06, 2.9013e-02
1.6894e+06, 2.2751e-02
1.6894e+06, 1.8492e-02
1.6894e+06, 1.5839e-02
1.6895e+06, 1.4046e-02
1.6895e+06, 1.2875e-02
1.6895e+06, 1.1980e-02
1.6896e+06, 1.1274e-02
1.6896e+06, 1.0616e-02
1.6896e+06, 1.0011e-02
1.6897e+06, 8.8040e-03
1.6898e+06, 6.4016e-03
1.6899e+06, 4.0438e-03
1.6900e+06, 2.2025e-03
1.6901e+06, 1.6100e-03
1.6902e+06, 1.4137e-03
1.6903e+06, 1.2147e-03
1.6906e+06, 8.3470e-04
1.6909e+06, 4.6193e-04
1.6911e+06, 3.6301e-04
1.6912e+06, 3.2850e-04
1.6919e+06, 2.0489e-04
1.6922e+06, 1.7088e-04
1.6925e+06, 1.5581e-04
1.6938e+06, 9.5553e-05
1.6944e+06, 7.8655e-05
1.6950e+06, 7.0580e-05
1.6962e+06, 5.6336e-05
1.6975e+06, 4.9717e-05
1.7000e+06, 4.1745e-05
1.7100e+06, 3.3499e-05
1.7200e+06, 3.1564e-05
1.7300e+06, 3.0940e-05
1.7400e+06, 3.0321e-05
1.7500e+06, 3.0075e-05
1.7600e+06, 2.9830e-05
1.7700e+06, 2.9680e-05
1.7800e+06, 2.9530e-05
1.7900e+06, 2.9400e-05
1.8000e+06, 2.9270e-05
1.8100e+06, 2.9295e-05
1.8140e+06, 2.9305e-05
1.8200e+06, 2.9323e-05
1.8225e+06, 2.9670e-05
1.8238e+06, 2.9970e-05
1.8250e+06, 3.0540e-05
1.8262e+06, 3.1336e-05
1.8269e+06, 3.2052e-05
1.8275e+06, 3.2768e-05
1.8281e+06, 3.3662e-05
1.8288e+06, 3.5256e-05
1.8291e+06, 3.6056e-05
1.8294e+06, 3.6853e-05
1.8300e+06, 3.8492e-05
1.8316e+06, 4.4926e-05
1.8321e+06, 4.6308e-05
1.8325e+06, 4.6583e-05
1.8329e+06, 4.6828e-05
1.8333e+06, 4.7074e-05
1.8340e+06, 4.7391e-05
1.8355e+06, 4.3530e-05
1.8370e+06, 4.0085e-05
1.8378e+06, 3.8491e-05
1.8385e+06, 3.7327e-05
1.8392e+06, 3.6379e-05
1.8400e+06, 3.5446e-05
1.8412e+06, 3.4486e-05
1.8425e+06, 3.3680e-05
1.8450e+06, 3.2630e-05
1.8475e+06, 3.1955e-05
1.8500e+06, 3.1501e-05
1.8550e+06, 3.0945e-05
1.8600e+06, 3.0600e-05
1.8620e+06, 3.0500e-05
1.8700e+06, 3.0220e-05
1.8750e+06, 3.0120e-05
1.8800e+06, 3.0020e-05
1.8840e+06, 2.9940e-05
1.8870e+06, 2.9896e-05
1.8900e+06, 2.9860e-05
1.9000e+06, 2.9740e-05
1.9030e+06, 2.9718e-05
1.9060e+06, 2.9697e-05
1.9080e+06, 2.9682e-05
1.9100e+06, 2.9668e-05
1.9150e+06, 2.9632e-05
1.9200e+06, 2.9596e-05
1.9250e+06, 2.9560e-05
1.9300e+06, 2.9524e-05
1.9350e+06, 2.9488e-05
1.9400e+06, 2.9452e-05
1.9500e+06, 2.9380e-05
1.9600e+06, 2.9324e-05
1.9700e+06, 2.9268e-05
1.9800e+06, 2.9212e-05
1.9900e+06, 2.9156e-05
2.0000e+06, 2.9101e-05
2.0200e+06, 2.9322e-05
2.0400e+06, 2.9544e-05
2.0600e+06, 2.9765e-05
2.0800e+06, 2.9987e-05
2.1000e+06, 3.0209e-05
2.1200e+06, 3.0261e-05
2.1400e+06, 3.0314e-05
2.1600e+06, 3.0366e-05
2.1800e+06, 3.0418e-05
2.2000e+06, 3.0471e-05
2.2100e+06, 3.0504e-05
2.2200e+06, 3.0538e-05
2.2300e+06, 3.0572e-05
2.2400e+06, 3.0605e-05
2.2500e+06, 3.0639e-05
2.2600e+06, 3.0673e-05
2.2700e+06, 3.0706e-05
2.2800e+06, 3.0740e-05
2.2900e+06, 3.0774e-05
2.3000e+06, 3.0807e-05
2.3100e+06, 3.0848e-05
2.3200e+06, 3.0889e-05
2.3300e+06, 3.0930e-05
2.3350e+06, 3.0951e-05
2.3400e+06, 3.0972e-05
2.3450e+06, 3.0992e-05
2.3500e+06, 3.1013e-05
2.3550e+06, 3.1033e-05
2.3600e+06, 3.1054e-05
2.3650e+06, 3.1074e-05
2.3700e+06, 3.1095e-05
2.3800e+06, 3.1136e-05
2.3900e+06, 3.1177e-05
2.4000e+06, 3.1218e-05
2.4100e+06, 3.1267e-05
2.4200e+06, 3.1315e-05
2.4300e+06, 3.1363e-05
2.4400e+06, 3.1412e-05
2.4500e+06, 3.1460e-05
2.4600e+06, 3.1509e-05
2.4700e+06, 3.1557e-05
2.4800e+06, 3.1606e-05
2.4900e+06, 3.1654e-05
2.5000e+06, 3.1702e-05
2.5100e+06, 3.1758e-05
2.5200e+06, 3.1814e-05
2.5300e+06, 3.1870e-05
2.5400e+06, 3.1925e-05
2.5500e+06, 3.1981e-05
2.5600e+06, 3.2037e-05
2.5700e+06, 3.2093e-05
2.5800e+06, 3.2148e-05
2.5900e+06, 3.2204e-05
2.6000e+06, 3.2260e-05
2.6200e+06, 3.2394e-05
2.6400e+06, 3.2527e-05
2.6600e+06, 3.2661e-05
2.6800e+06, 3.2795e-05
2.7000e+06, 3.2928e-05
2.7200e+06, 3.3062e-05
2.7400e+06, 3.3196e-05
2.7600e+06, 3.3329e-05
2.7800e+06, 3.3463e-05
2.8000e+06, 3.3597e-05
2.8200e+06, 3.3761e-05
2.8400e+06, 3.3925e-05
2.8600e+06, 3.4089e-05
2.8800e+06, 3.4253e-05
2.8810e+06, 3.4262e-05
2.8820e+06, 3.4270e-05
2.8830e+06, 3.4278e-05
2.8840e+06, 3.4286e-05
2.8850e+06, 3.4294e-05
2.8860e+06, 3.4303e-05
2.8870e+06, 3.4311e-05
2.8880e+06, 3.4319e-05
2.8888e+06, 3.4326e-05
2.8888e+06, 3.4326e-05
2.8889e+06, 3.4326e-05
2.8890e+06, 3.4327e-05
2.8890e+06, 3.4327e-05
2.8890e+06, 3.4328e-05
2.8891e+06, 3.4328e-05
2.8892e+06, 3.4329e-05
2.8892e+06, 3.4329e-05
2.8892e+06, 3.4329e-05
2.8893e+06, 3.4330e-05
2.8894e+06, 3.4330e-05
2.8894e+06, 3.4331e-05
2.8894e+06, 3.4331e-05
2.8895e+06, 3.4331e-05
2.8896e+06, 3.4332e-05
2.8896e+06, 3.4332e-05
2.8900e+06, 3.4335e-05
2.8920e+06, 3.4352e-05
2.8940e+06, 3.4368e-05
2.8960e+06, 3.4385e-05
2.8980e+06, 3.4401e-05
2.9000e+06, 3.4418e-05
2.9050e+06, 3.4459e-05
2.9100e+06, 3.4500e-05
2.9150e+06, 3.4541e-05
2.9200e+06, 3.4582e-05
2.9250e+06, 3.4623e-05
2.9300e+06, 3.4664e-05
2.9350e+06, 3.4705e-05
2.9400e+06, 3.4746e-05
2.9450e+06, 3.4787e-05
2.9500e+06, 3.4828e-05
2.9550e+06, 3.4869e-05
2.9600e+06, 3.4910e-05
2.9650e+06, 3.4951e-05
2.9700e+06, 3.4992e-05
2.9750e+06, 3.5033e-05
2.9800e+06, 3.5074e-05
2.9850e+06, 3.5115e-05
2.9900e+06, 3.5156e-05
2.9950e+06, 3.5197e-05
3.0000e+06, 3.5239e-05
3.0010e+06, 3.5249e-05
3.0020e+06, 3.5259e-05
3.0030e+06, 3.5270e-05
3.0040e+06, 3.5280e-05
3.0050e+06, 3.5290e-05
3.0060e+06, 3.5301e-05
3.0065e+06, 3.5306e-05
3.0066e+06, 3.5307e-05
3.0067e+06, 3.5308e-05
3.0068e+06, 3.5309e-05
3.0069e+06, 3.5310e-05
3.0070e+06, 3.5311e-05
3.0071e+06, 3.5312e-05
3.0072e+06, 3.5313e-05
3.0073e+06, 3.5314e-05
3.0074e+06, 3.5315e-05
3.0075e+06, 3.5316e-05
3.0080e+06, 3.5321e-05
3.0100e+06, 3.5342e-05
3.0200e+06, 3.5445e-05
3.0300e+06, 3.5549e-05
3.0400e+06, 3.5652e-05
3.0500e+06, 3.5755e-05
3.0600e+06, 3.5859e-05
3.0700e+06, 3.5962e-05
3.0800e+06, 3.6066e-05
3.0900e+06, 3.6169e-05
3.1000e+06, 3.6272e-05
3.1100e+06, 3.6376e-05
3.1200e+06, 3.6479e-05
3.1300e+06, 3.6583e-05
3.1400e+06, 3.6686e-05
3.1500e+06, 3.6789e-05
3.1600e+06, 3.6893e-05
3.1700e+06, 3.6996e-05
3.1800e+06, 3.7099e-05
3.1900e+06, 3.7203e-05
3.2000e+06, 3.7306e-05
3.2010e+06, 3.7317e-05
3.2020e+06, 3.7327e-05
3.2030e+06, 3.7337e-05
3.2040e+06, 3.7348e-05
3.2050e+06, 3.7358e-05
3.2060e+06, 3.7368e-05
3.2070e+06, 3.7379e-05
3.2080e+06, 3.7389e-05
3.2090e+06, 3.7399e-05
3.2095e+06, 3.7404e-05
3.2100e+06, 3.7410e-05
3.2105e+06, 3.7415e-05
3.2110e+06, 3.7420e-05
3.2115e+06, 3.7425e-05
3.2120e+06, 3.7430e-05
3.2125e+06, 3.7435e-05
3.2130e+06, 3.7441e-05
3.2135e+06, 3.7446e-05
3.2140e+06, 3.7451e-05
3.2150e+06, 3.7461e-05
3.2160e+06, 3.7472e-05
3.2180e+06, 3.7492e-05
3.2200e+06, 3.7513e-05
3.2300e+06, 3.7616e-05
3.2400e+06, 3.7720e-05
3.2500e+06, 3.7823e-05
3.2600e+06, 3.7927e-05
3.2700e+06, 3.8030e-05
3.2800e+06, 3.8133e-05
3.2900e+06, 3.8237e-05
3.3000e+06, 3.8340e-05
3.3100e+06, 3.8443e-05
3.3200e+06, 3.8547e-05
3.3300e+06, 3.8650e-05
3.3400e+06, 3.8754e-05
3.3500e+06, 3.8857e-05
3.3600e+06, 3.8960e-05
3.3700e+06, 3.9064e-05
3.3800e+06, 3.9167e-05
3.3900e+06, 3.9271e-05
3.4000e+06, 3.9374e-05
3.4100e+06, 3.9477e-05
3.4200e+06, 3.9581e-05
3.4300e+06, 3.9684e-05
3.4320e+06, 3.9705e-05
3.4340e+06, 3.9725e-05
3.4360e+06, 3.9746e-05
3.4380e+06, 3.9767e-05
3.4382e+06, 3.9769e-05
3.4384e+06, 3.9771e-05
3.4386e+06, 3.9773e-05
3.4388e+06, 3.9775e-05
3.4390e+06, 3.9777e-05
3.4392e+06, 3.9779e-05
3.4394e+06, 3.9781e-05
3.4396e+06, 3.9783e-05
3.4398e+06, 3.9785e-05
3.4400e+06, 3.9788e-05
3.4405e+06, 3.9793e-05
3.4410e+06, 3.9798e-05
3.4415e+06, 3.9803e-05
3.4420e+06, 3.9808e-05
3.4425e+06, 3.9813e-05
3.4430e+06, 3.9819e-05
3.4435e+06, 3.9824e-05
3.4440e+06, 3.9829e-05
3.4445e+06, 3.9834e-05
3.4450e+06, 3.9839e-05
3.4460e+06, 3.9850e-05
3.4470e+06, 3.9860e-05
3.4480e+06, 3.9870e-05
3.4490e+06, 3.9881e-05
3.4500e+06, 3.9891e-05
3.4600e+06, 3.9994e-05
3.4800e+06, 4.0201e-05
3.5000e+06, 4.0408e-05
3.5200e+06, 4.0639e-05
3.5400e+06, 4.0869e-05
3.5600e+06, 4.1100e-05
3.5800e+06, 4.1331e-05
3.6000e+06, 4.1561e-05
3.6200e+06, 4.1792e-05
3.6300e+06, 4.1907e-05
3.6320e+06, 4.1931e-05
3.6340e+06, 4.1954e-05
3.6360e+06, 4.1977e-05
3.6380e+06, 4.2000e-05
3.6400e+06, 4.2023e-05
3.6405e+06, 4.2029e-05
3.6410e+06, 4.2034e-05
3.6415e+06, 4.2040e-05
3.6420e+06, 4.2046e-05
3.6425e+06, 4.2052e-05
3.6430e+06, 4.2057e-05
3.6440e+06, 4.2069e-05
3.6460e+06, 4.2092e-05
3.6480e+06, 4.2115e-05
3.6500e+06, 4.2138e-05
3.6600e+06, 4.2254e-05
3.6800e+06, 4.2484e-05
3.7000e+06, 4.2715e-05
3.7100e+06, 4.2830e-05
3.7200e+06, 4.2946e-05
3.7300e+06, 4.3061e-05
3.7400e+06, 4.3176e-05
3.7490e+06, 4.3280e-05
3.7510e+06, 4.3303e-05
3.7530e+06, 4.3326e-05
3.7550e+06, 4.3349e-05
3.7570e+06, 4.3373e-05
3.7590e+06, 4.3396e-05
3.7610e+06, 4.3419e-05
3.7630e+06, 4.3442e-05
3.7650e+06, 4.3465e-05
3.7670e+06, 4.3488e-05
3.7690e+06, 4.3511e-05
3.7710e+06, 4.3534e-05
3.7730e+06, 4.3557e-05
3.7750e+06, 4.3580e-05
3.7770e+06, 4.3603e-05
3.7790e+06, 4.3626e-05
3.7810e+06, 4.3649e-05
3.7830e+06, 4.3672e-05
3.7850e+06, 4.3696e-05
3.7870e+06, 4.3719e-05
3.7890e+06, 4.3742e-05
3.7910e+06, 4.3765e-05
3.7930e+06, 4.3788e-05
3.7950e+06, 4.3811e-05
3.7970e+06, 4.3834e-05
3.7990e+06, 4.3857e-05
3.8100e+06, 4.3984e-05
3.8200e+06, 4.4099e-05
3.8300e+06, 4.4215e-05
3.8400e+06, 4.4330e-05
3.8500e+06, 4.4445e-05
3.8600e+06, 4.4561e-05
3.8700e+06, 4.4676e-05
3.8800e+06, 4.4791e-05
3.8900e+06, 4.4907e-05
3.9000e+06, 4.5022e-05
3.9100e+06, 4.5138e-05
3.9200e+06, 4.5253e-05
3.9300e+06, 4.5368e-05
3.9400e+06, 4.5484e-05
3.9500e+06, 4.5599e-05
3.9600e+06, 4.5714e-05
3.9700e+06, 4.5830e-05
3.9800e+06, 4.5945e-05
3.9900e+06, 4.6060e-05
4.0000e+06, 4.6176e-05
4.0100e+06, 4.6293e-05
4.0200e+06, 4.6411e-05
4.0300e+06, 4.6528e-05
4.0400e+06, 4.6646e-05
4.0500e+06, 4.6763e-05
4.0600e+06, 4.6881e-05
4.0700e+06, 4.6998e-05
4.0800e+06, 4.7116e-05
4.0900e+06, 4.7233e-05
4.1000e+06, 4.7351e-05
4.1100e+06, 4.7468e-05
4.1200e+06, 4.7586e-05
4.1300e+06, 4.7703e-05
4.1400e+06, 4.7821e-05
4.1500e+06, 4.7938e-05
4.1600e+06, 4.8056e-05
4.1700e+06, 4.8173e-05
4.1800e+06, 4.8291e-05
4.1900e+06, 4.8408e-05
4.2000e+06, 4.8526e-05
4.2100e+06, 4.8643e-05
4.2200e+06, 4.8760e-05
4.2300e+06, 4.8878e-05
4.2400e+06, 4.8995e-05
4.2500e+06, 4.9113e-05
4.2600e+06, 4.9230e-05
4.2700e+06, 4.9348e-05
4.2750e+06, 4.9407e-05
4.2800e+06, 4.9465e-05
4.2850e+06, 4.9524e-05
4.2900e+06, 4.9583e-05
4.2950e+06, 4.9642e-05
4.3000e+06, 4.9700e-05
4.3050e+06, 4.9759e-05
4.3100e+06, 4.9818e-05
4.3150e+06, 4.9877e-05
4.3200e+06, 4.9935e-05
4.3250e+06, 4.9994e-05
4.3300e+06, 5.0053e-05
4.3350e+06, 5.0112e-05
4.3400e+06, 5.0170e-05
4.3450e+06, 5.0229e-05
4.3500e+06, 5.0288e-05
4.3600e+06, 5.0405e-05
4.3700e+06, 5.0523e-05
4.3800e+06, 5.0640e-05
4.3900e+06, 5.0758e-05
4.4000e+06, 5.0875e-05
4.4050e+06, 5.0934e-05
4.4100e+06, 5.0993e-05
4.4150e+06, 5.1051e-05
4.4200e+06, 5.1110e-05
4.4250e+06, 5.1169e-05
4.4300e+06, 5.1228e-05
4.4350e+06, 5.1286e-05
4.4400e+06, 5.1345e-05
4.4450e+06, 5.1404e-05
4.4500e+06, 5.1463e-05
4.4510e+06, 5.1474e-05
4.4520e+06, 5.1486e-05
4.4530e+06, 5.1498e-05
4.4540e+06, 5.1510e-05
4.4550e+06, 5.1521e-05
4.4560e+06, 5.1533e-05
4.4570e+06, 5.1545e-05
4.4580e+06, 5.1557e-05
4.4590e+06, 5.1568e-05
4.4600e+06, 5.1580e-05
4.4610e+06, 5.1592e-05
4.4620e+06, 5.1604e-05
4.4630e+06, 5.1615e-05
4.4640e+06, 5.1627e-05
4.4650e+06, 5.1639e-05
4.4660e+06, 5.1651e-05
4.4670e+06, 5.1662e-05
4.4680e+06, 5.1674e-05
4.4690e+06, 5.1686e-05
4.4700e+06, 5.1698e-05
4.4710e+06, 5.1709e-05
4.4720e+06, 5.1721e-05
4.4730e+06, 5.1733e-05
4.4740e+06, 5.1745e-05
4.4750e+06, 5.1756e-05
4.4760e+06, 5.1768e-05
4.4770e+06, 5.1780e-05
4.4780e+06, 5.1792e-05
4.4790e+06, 5.1803e-05
4.4800e+06, 5.1815e-05
4.4810e+06, 5.1827e-05
4.4820e+06, 5.1839e-05
4.4830e+06, 5.1850e-05
4.4840e+06, 5.1862e-05
4.4850e+06, 5.1874e-05
4.4860e+06, 5.1886e-05
4.4870e+06, 5.1897e-05
4.4880e+06, 5.1909e-05
4.4890e+06, 5.1921e-05
4.4900e+06, 5.1933e-05
4.4950e+06, 5.1991e-05
4.5000e+06, 5.2050e-05
4.5050e+06, 5.2098e-05
4.5100e+06, 5.2146e-05
4.5150e+06, 5.2194e-05
4.5160e+06, 5.2203e-05
4.5170e+06, 5.2213e-05
4.5180e+06, 5.2222e-05
4.5190e+06, 5.2232e-05
4.5200e+06, 5.2241e-05
4.5210e+06, 5.2251e-05
4.5220e+06, 5.2261e-05
4.5230e+06, 5.2270e-05
4.5240e+06, 5.2280e-05
4.5250e+06, 5.2289e-05
4.5260e+06, 5.2299e-05
4.5270e+06, 5.2308e-05
4.5280e+06, 5.2318e-05
4.5290e+06, 5.2328e-05
4.5300e+06, 5.2337e-05
4.5310e+06, 5.2347e-05
4.5320e+06, 5.2356e-05
4.5330e+06, 5.2366e-05
4.5340e+06, 5.2375e-05
4.5350e+06, 5.2385e-05
4.5360e+06, 5.2394e-05
4.5370e+06, 5.2404e-05
4.5380e+06, 5.2414e-05
4.5390e+06, 5.2423e-05
4.5400e+06, 5.2433e-05
4.5410e+06, 5.2442e-05
4.5420e+06, 5.2452e-05
4.5430e+06, 5.2461e-05
4.5440e+06, 5.2471e-05
4.5450e+06, 5.2481e-05
4.5460e+06, 5.2490e-05
4.5470e+06, 5.2500e-05
4.5480e+06, 5.2509e-05
4.5490e+06, 5.2519e-05
4.5500e+06, 5.2528e-05
4.5550e+06, 5.2576e-05
4.5600e+06, 5.2624e-05
4.5650e+06, 5.2672e-05
4.5700e+06, 5.2720e-05
4.5750e+06, 5.2767e-05
4.5800e+06, 5.2815e-05
4.5850e+06, 5.2863e-05
4.5860e+06, 5.2873e-05
4.5870e+06, 5.2882e-05
4.5880e+06, 5.2892e-05
4.5890e+06, 5.2901e-05
4.5900e+06, 5.2911e-05
4.5910e+06, 5.2920e-05
4.5920e+06, 5.2930e-05
4.5930e+06, 5.2940e-05
4.5931e+06, 5.2941e-05
4.5932e+06, 5.2942e-05
4.5933e+06, 5.2942e-05
4.5934e+06, 5.2943e-05
4.5935e+06, 5.2944e-05
4.5936e+06, 5.2945e-05
4.5937e+06, 5.2946e-05
4.5938e+06, 5.2947e-05
4.5939e+06, 5.2948e-05
4.5940e+06, 5.2949e-05
4.5941e+06, 5.2950e-05
4.5942e+06, 5.2951e-05
4.5943e+06, 5.2952e-05
4.5944e+06, 5.2953e-05
4.5945e+06, 5.2954e-05
4.5946e+06, 5.2955e-05
4.5947e+06, 5.2956e-05
4.5948e+06, 5.2957e-05
4.5949e+06, 5.2958e-05
4.5950e+06, 5.2959e-05
4.5951e+06, 5.2960e-05
4.5952e+06, 5.2961e-05
4.5953e+06, 5.2962e-05
4.5954e+06, 5.2963e-05
4.5955e+06, 5.2964e-05
4.5956e+06, 5.2964e-05
4.5957e+06, 5.2965e-05
4.5958e+06, 5.2966e-05
4.5959e+06, 5.2967e-05
4.5960e+06, 5.2968e-05
4.5961e+06, 5.2969e-05
4.5962e+06, 5.2970e-05
4.5963e+06, 5.2971e-05
4.5964e+06, 5.2972e-05
4.5965e+06, 5.2973e-05
4.5966e+06, 5.2974e-05
4.5967e+06, 5.2975e-05
4.5968e+06, 5.2976e-05
4.5969e+06, 5.2977e-05
4.5970e+06, 5.2978e-05
4.5980e+06, 5.2987e-05
4.6000e+06, 5.3007e-05
4.6020e+06, 5.3026e-05
4.6040e+06, 5.3045e-05
4.6060e+06, 5.3064e-05
4.6080e+06, 5.3083e-05
4.6100e+06, 5.3102e-05
4.6120e+06, 5.3121e-05
4.6140e+06, 5.3140e-05
4.6160e+06, 5.3160e-05
4.6180e+06, 5.3179e-05
4.6200e+06, 5.3198e-05
4.6220e+06, 5.3217e-05
4.6240e+06, 5.3236e-05
4.6260e+06, 5.3255e-05
4.6265e+06, 5.3260e-05
4.6270e+06, 5.3265e-05
4.6275e+06, 5.3270e-05
4.6280e+06, 5.3274e-05
4.6285e+06, 5.3279e-05
4.6290e+06, 5.3284e-05
4.6295e+06, 5.3289e-05
4.6300e+06, 5.3293e-05
4.6305e+06, 5.3298e-05
4.6310e+06, 5.3303e-05
4.6315e+06, 5.3308e-05
4.6320e+06, 5.3313e-05
4.6325e+06, 5.3317e-05
4.6330e+06, 5.3322e-05
4.6335e+06, 5.3327e-05
4.6340e+06, 5.3332e-05
4.6345e+06, 5.3337e-05
4.6350e+06, 5.3341e-05
4.6355e+06, 5.3346e-05
4.6360e+06, 5.3351e-05
4.6365e+06, 5.3356e-05
4.6370e+06, 5.3360e-05
4.6375e+06, 5.3365e-05
4.6380e+06, 5.3370e-05
4.6400e+06, 5.3389e-05
4.6450e+06, 5.3437e-05
4.6500e+06, 5.3485e-05
4.6550e+06, 5.3533e-05
4.6600e+06, 5.3580e-05
4.6700e+06, 5.3676e-05
4.6800e+06, 5.3772e-05
4.6900e+06, 5.3867e-05
4.7000e+06, 5.3963e-05
4.7100e+06, 5.4059e-05
4.7200e+06, 5.4154e-05
4.7300e+06, 5.4250e-05
4.7400e+06, 5.4346e-05
4.7500e+06, 5.4441e-05
4.7600e+06, 5.4537e-05
4.7700e+06, 5.4632e-05
4.7750e+06, 5.4680e-05
4.7800e+06, 5.4728e-05
4.7850e+06, 5.4776e-05
4.7900e+06, 5.4824e-05
4.7950e+06, 5.4872e-05
4.8000e+06, 5.4919e-05
4.8050e+06, 5.4967e-05
4.8100e+06, 5.5015e-05
4.8150e+06, 5.5063e-05
4.8200e+06, 5.5111e-05
4.8250e+06, 5.5158e-05
4.8300e+06, 5.5206e-05
4.8350e+06, 5.5254e-05
4.8400e+06, 5.5302e-05
4.8450e+06, 5.5350e-05
4.8500e+06, 5.5398e-05
4.8550e+06, 5.5445e-05
4.8600e+06, 5.5493e-05
4.8650e+06, 5.5541e-05
4.8700e+06, 5.5589e-05
4.8750e+06, 5.5637e-05
4.8800e+06, 5.5684e-05
4.8850e+06, 5.5732e-05
4.8900e+06, 5.5780e-05
4.8950e+06, 5.5828e-05
4.9000e+06, 5.5876e-05
4.9050e+06, 5.5924e-05
4.9100e+06, 5.5971e-05
4.9150e+06, 5.6019e-05
4.9200e+06, 5.6067e-05
4.9250e+06, 5.6115e-05
4.9300e+06, 5.6163e-05
4.9350e+06, 5.6210e-05
4.9400e+06, 5.6258e-05
4.9450e+06, 5.6306e-05
4.9500e+06, 5.6354e-05
4.9600e+06, 5.6450e-05
4.9700e+06, 5.6545e-05
4.9800e+06, 5.6641e-05
4.9900e+06, 5.6737e-05
5.0000e+06, 5.6832e-05
5.0100e+06, 5.6884e-05
5.0200e+06, 5.6935e-05
5.0300e+06, 5.6987e-05
5.0400e+06, 5.7038e-05
5.0500e+06, 5.7090e-05
5.0600e+06, 5.7141e-05
5.0700e+06, 5.7193e-05
5.0800e+06, 5.7244e-05
5.0900e+06, 5.7296e-05
5.1000e+06, 5.7347e-05
5.1030e+06, 5.7363e-05
5.1050e+06, 5.7373e-05
5.1070e+06, 5.7383e-05
5.1090e+06, 5.7394e-05
5.1110e+06, 5.7404e-05
5.1130e+06, 5.7414e-05
5.1150e+06, 5.7425e-05
5.1170e+06, 5.7435e-05
5.1190e+06, 5.7445e-05
5.1210e+06, 5.7456e-05
5.1230e+06, 5.7466e-05
5.1250e+06, 5.7476e-05
5.1270e+06, 5.7486e-05
5.1290e+06, 5.7497e-05
5.1310e+06, 5.7507e-05
5.1330e+06, 5.7517e-05
5.1350e+06, 5.7528e-05
5.1370e+06, 5.7538e-05
5.1390e+06, 5.7548e-05
5.1410e+06, 5.7559e-05
5.1430e+06, 5.7569e-05
5.1450e+06, 5.7579e-05
5.1470e+06, 5.7590e-05
5.1500e+06, 5.7605e-05
5.1600e+06, 5.7657e-05
5.1700e+06, 5.7708e-05
5.1800e+06, 5.7760e-05
5.1900e+06, 5.7811e-05
5.2000e+06, 5.7863e-05
5.2100e+06, 5.7914e-05
5.2200e+06, 5.7966e-05
5.2300e+06, 5.8017e-05
5.2400e+06, 5.8069e-05
5.2500e+06, 5.8120e-05
5.2600e+06, 5.8172e-05
5.2700e+06, 5.8223e-05
5.2800e+06, 5.8275e-05
5.2900e+06, 5.8326e-05
5.3000e+06, 5.8378e-05
5.3010e+06, 5.8383e-05
5.3020e+06, 5.8388e-05
5.3030e+06, 5.8393e-05
5.3040e+06, 5.8398e-05
5.3050e+06, 5.8404e-05
5.3060e+06, 5.8409e-05
5.3070e+06, 5.8414e-05
5.3080e+06, 5.8419e-05
5.3090e+06, 5.8424e-05
5.3100e+06, 5.8429e-05
5.3110e+06, 5.8435e-05
5.3120e+06, 5.8440e-05
5.3130e+06, 5.8445e-05
5.3140e+06, 5.8450e-05
5.3150e+06, 5.8455e-05
5.3160e+06, 5.8460e-05
5.3200e+06, 5.8481e-05
5.3300e+06, 5.8532e-05
5.3400e+06, 5.8584e-05
5.3500e+06, 5.8635e-05
5.3550e+06, 5.8661e-05
5.3600e+06, 5.8687e-05
5.3610e+06, 5.8692e-05
5.3620e+06, 5.8697e-05
5.3630e+06, 5.8702e-05
5.3640e+06, 5.8708e-05
5.3645e+06, 5.8710e-05
5.3650e+06, 5.8713e-05
5.3655e+06, 5.8715e-05
5.3660e+06, 5.8718e-05
5.3665e+06, 5.8720e-05
5.3670e+06, 5.8723e-05
5.3675e+06, 5.8726e-05
5.3680e+06, 5.8728e-05
5.3685e+06, 5.8731e-05
5.3690e+06, 5.8733e-05
5.3695e+06, 5.8736e-05
5.3700e+06, 5.8739e-05
5.3705e+06, 5.8741e-05
5.3710e+06, 5.8744e-05
5.3715e+06, 5.8746e-05
5.3720e+06, 5.8749e-05
5.3725e+06, 5.8751e-05
5.3730e+06, 5.8754e-05
5.3735e+06, 5.8757e-05
5.3740e+06, 5.8759e-05
5.3745e+06, 5.8762e-05
5.3750e+06, 5.8764e-05
5.3800e+06, 5.8790e-05
5.3850e+06, 5.8816e-05
5.3900e+06, 5.8842e-05
5.3950e+06, 5.8867e-05
5.4000e+06, 5.8893e-05
5.4100e+06, 5.8945e-05
5.4200e+06, 5.8996e-05
5.4300e+06, 5.9048e-05
5.4400e+06, 5.9099e-05
5.4500e+06, 5.9151e-05
5.4600e+06, 5.9202e-05
5.4700e+06, 5.9254e-05
5.4800e+06, 5.9305e-05
5.4900e+06, 5.9357e-05
5.5000e+06, 5.9408e-05
5.5100e+06, 5.9415e-05
5.5200e+06, 5.9421e-05
5.5300e+06, 5.9428e-05
5.5400e+06, 5.9434e-05
5.5500e+06, 5.9441e-05
5.5600e+06, 5.9447e-05
5.5700e+06, 5.9454e-05
5.5800e+06, 5.9460e-05
5.5900e+06, 5.9467e-05
5.6000e+06, 5.9473e-05
5.6020e+06, 5.9474e-05
5.6040e+06, 5.9476e-05
5.6060e+06, 5.9477e-05
5.6080e+06, 5.9478e-05
5.6100e+06, 5.9480e-05
5.6120e+06, 5.9481e-05
5.6140e+06, 5.9482e-05
5.6160e+06, 5.9484e-05
5.6180e+06, 5.9485e-05
5.6200e+06, 5.9486e-05
5.6220e+06, 5.9487e-05
5.6240e+06, 5.9489e-05
5.6260e+06, 5.9490e-05
5.6280e+06, 5.9491e-05
5.6300e+06, 5.9493e-05
5.6320e+06, 5.9494e-05
5.6340e+06, 5.9495e-05
5.6360e+06, 5.9497e-05
5.6380e+06, 5.9498e-05
5.6395e+06, 5.9499e-05
5.6395e+06, 5.9499e-05
5.6400e+06, 5.9499e-05
5.6420e+06, 5.9500e-05
5.6440e+06, 5.9502e-05
5.6450e+06, 5.9502e-05
5.6460e+06, 5.9503e-05
5.6480e+06, 5.9504e-05
5.6500e+06, 5.9506e-05
5.6520e+06, 5.9507e-05
5.6540e+06, 5.9508e-05
5.6550e+06, 5.9509e-05
5.6560e+06, 5.9509e-05
5.6580e+06, 5.9511e-05
5.6600e+06, 5.9512e-05
5.6620e+06, 5.9513e-05
5.6640e+06, 5.9515e-05
5.6650e+06, 5.9515e-05
5.6660e+06, 5.9516e-05
5.6680e+06, 5.9517e-05
5.6700e+06, 5.9519e-05
5.6720e+06, 5.9520e-05
5.6740e+06, 5.9521e-05
5.6750e+06, 5.9522e-05
5.6760e+06, 5.9522e-05
5.6780e+06, 5.9524e-05
5.6800e+06, 5.9525e-05
5.6820e+06, 5.9526e-05
5.6840e+06, 5.9528e-05
5.6850e+06, 5.9528e-05
5.6860e+06, 5.9529e-05
5.6880e+06, 5.9530e-05
5.6900e+06, 5.9532e-05
5.6920e+06, 5.9533e-05
5.6940e+06, 5.9534e-05
5.6950e+06, 5.9535e-05
5.6960e+06, 5.9535e-05
5.6980e+06, 5.9537e-05
5.7000e+06, 5.9538e-05
5.7050e+06, 5.9541e-05
5.7100e+06, 5.9544e-05
5.7150e+06, 5.9548e-05
5.7200e+06, 5.9551e-05
5.7250e+06, 5.9554e-05
5.7300e+06, 5.9557e-05
5.7350e+06, 5.9561e-05
5.7400e+06, 5.9564e-05
5.7450e+06, 5.9567e-05
5.7500e+06, 5.9570e-05
5.7550e+06, 5.9574e-05
5.7600e+06, 5.9577e-05
5.7650e+06, 5.9580e-05
5.7700e+06, 5.9583e-05
5.7750e+06, 5.9587e-05
5.7800e+06, 5.9590e-05
5.7850e+06, 5.9593e-05
5.7900e+06, 5.9596e-05
5.7950e+06, 5.9600e-05
5.8000e+06, 5.9603e-05
5.8050e+06, 5.9606e-05
5.8100e+06, 5.9609e-05
5.8150e+06, 5.9613e-05
5.8200e+06, 5.9616e-05
5.8250e+06, 5.9619e-05
5.8300e+06, 5.9622e-05
5.8350e+06, 5.9626e-05
5.8400e+06, 5.9629e-05
5.8450e+06, 5.9632e-05
5.8500e+06, 5.9635e-05
5.8550e+06, 5.9639e-05
5.8600e+06, 5.9642e-05
5.8650e+06, 5.9645e-05
5.8700e+06, 5.9648e-05
5.8750e+06, 5.9651e-05
5.8800e+06, 5.9655e-05
5.8850e+06, 5.9658e-05
5.8900e+06, 5.9661e-05
5.8950e+06, 5.9664e-05
5.9000e+06, 5.9668e-05
5.9050e+06, 5.9671e-05
5.9100e+06, 5.9674e-05
5.9150e+06, 5.9677e-05
5.9160e+06, 5.9678e-05
5.9170e+06, 5.9679e-05
5.9180e+06, 5.9679e-05
5.9190e+06, 5.9680e-05
5.9200e+06, 5.9681e-05
5.9210e+06, 5.9681e-05
5.9220e+06, 5.9682e-05
5.9230e+06, 5.9683e-05
5.9240e+06, 5.9683e-05
5.9250e+06, 5.9684e-05
5.9260e+06, 5.9685e-05
5.9270e+06, 5.9685e-05
5.9280e+06, 5.9686e-05
5.9290e+06, 5.9687e-05
5.9300e+06, 5.9687e-05
5.9350e+06, 5.9690e-05
5.9400e+06, 5.9694e-05
5.9450e+06, 5.9697e-05
5.9500e+06, 5.9700e-05
5.9520e+06, 5.9701e-05
5.9540e+06, 5.9703e-05
5.9550e+06, 5.9703e-05
5.9560e+06, 5.9704e-05
5.9580e+06, 5.9705e-05
5.9600e+06, 5.9707e-05
5.9620e+06, 5.9708e-05
5.9640e+06, 5.9709e-05
5.9650e+06, 5.9710e-05
5.9660e+06, 5.9710e-05
5.9680e+06, 5.9712e-05
5.9700e+06, 5.9713e-05
5.9720e+06, 5.9714e-05
5.9740e+06, 5.9716e-05
5.9750e+06, 5.9716e-05
5.9760e+06, 5.9717e-05
5.9780e+06, 5.9718e-05
5.9800e+06, 5.9720e-05
5.9820e+06, 5.9721e-05
5.9840e+06, 5.9722e-05
5.9860e+06, 5.9723e-05
5.9880e+06, 5.9725e-05
5.9900e+06, 5.9726e-05
5.9920e+06, 5.9727e-05
5.9940e+06, 5.9729e-05
5.9950e+06, 5.9729e-05
5.9960e+06, 5.9730e-05
5.9970e+06, 5.9731e-05
5.9980e+06, 5.9731e-05
5.9990e+06, 5.9732e-05
6.0000e+06, 5.9733e-05
6.0010e+06, 5.9731e-05
6.0020e+06, 5.9729e-05
6.0030e+06, 5.9727e-05
6.0040e+06, 5.9725e-05
6.0060e+06, 5.9721e-05
6.0080e+06, 5.9718e-05
6.0100e+06, 5.9714e-05
6.0120e+06, 5.9710e-05
6.0140e+06, 5.9706e-05
6.0160e+06, 5.9703e-05
6.0180e+06, 5.9699e-05
6.0200e+06, 5.9695e-05
6.0220e+06, 5.9691e-05
6.0240e+06, 5.9688e-05
6.0250e+06, 5.9686e-05
6.0260e+06, 5.9684e-05
6.0280e+06, 5.9680e-05
6.0300e+06, 5.9676e-05
6.0320e+06, 5.9673e-05
6.0340e+06, 5.9669e-05
6.0350e+06, 5.9667e-05
6.0360e+06, 5.9665e-05
6.0380e+06, 5.9661e-05
6.0400e+06, 5.9658e-05
6.0420e+06, 5.9654e-05
6.0440e+06, 5.9650e-05
6.0450e+06, 5.9648e-05
6.0460e+06, 5.9646e-05
6.0480e+06, 5.9643e-05
6.0500e+06, 5.9639e-05
6.0520e+06, 5.9635e-05
6.0540e+06, 5.9631e-05
6.0550e+06, 5.9630e-05
6.0560e+06, 5.9628e-05
6.0580e+06, 5.9624e-05
6.0600e+06, 5.9620e-05
6.0620e+06, 5.9616e-05
6.0640e+06, 5.9613e-05
6.0660e+06, 5.9609e-05
6.0680e+06, 5.9605e-05
6.0700e+06, 5.9601e-05
6.0705e+06, 5.9601e-05
6.0710e+06, 5.9600e-05
6.0715e+06, 5.9599e-05
6.0720e+06, 5.9598e-05
6.0725e+06, 5.9597e-05
6.0730e+06, 5.9596e-05
6.0735e+06, 5.9595e-05
6.0740e+06, 5.9594e-05
6.0745e+06, 5.9593e-05
6.0750e+06, 5.9592e-05
6.0755e+06, 5.9591e-05
6.0760e+06, 5.9590e-05
6.0765e+06, 5.9589e-05
6.0770e+06, 5.9588e-05
6.0775e+06, 5.9587e-05
6.0780e+06, 5.9586e-05
6.0785e+06, 5.9586e-05
6.0790e+06, 5.9585e-05
6.0795e+06, 5.9584e-05
6.0800e+06, 5.9583e-05
6.0805e+06, 5.9582e-05
6.0810e+06, 5.9581e-05
6.0815e+06, 5.9580e-05
6.0820e+06, 5.9579e-05
6.0840e+06, 5.9575e-05
6.0860e+06, 5.9571e-05
6.0880e+06, 5.9568e-05
6.0900e+06, 5.9564e-05
6.0920e+06, 5.9560e-05
6.0940e+06, 5.9557e-05
6.0960e+06, 5.9553e-05
6.0980e+06, 5.9549e-05
6.1000e+06, 5.9545e-05
6.1020e+06, 5.9542e-05
6.1040e+06, 5.9538e-05
6.1060e+06, 5.9534e-05
6.1080e+06, 5.9530e-05
6.1100e+06, 5.9527e-05
6.1120e+06, 5.9523e-05
6.1140e+06, 5.9519e-05
6.1150e+06, 5.9517e-05
6.1160e+06, 5.9515e-05
6.1180e+06, 5.9512e-05
6.1200e+06, 5.9508e-05
6.1220e+06, 5.9504e-05
6.1240e+06, 5.9500e-05
6.1250e+06, 5.9498e-05
6.1260e+06, 5.9497e-05
6.1280e+06, 5.9493e-05
6.1300e+06, 5.9489e-05
6.1350e+06, 5.9480e-05
6.1400e+06, 5.9470e-05
6.1450e+06, 5.9461e-05
6.1500e+06, 5.9452e-05
6.1550e+06, 5.9442e-05
6.1600e+06, 5.9433e-05
6.1650e+06, 5.9424e-05
6.1700e+06, 5.9414e-05
6.1750e+06, 5.9405e-05
6.1800e+06, 5.9395e-05
6.1850e+06, 5.9386e-05
6.1900e+06, 5.9377e-05
6.1950e+06, 5.9367e-05
6.2000e+06, 5.9358e-05
6.2050e+06, 5.9349e-05
6.2100e+06, 5.9339e-05
6.2150e+06, 5.9330e-05
6.2200e+06, 5.9321e-05
6.2250e+06, 5.9311e-05
6.2300e+06, 5.9302e-05
6.2350e+06, 5.9292e-05
6.2400e+06, 5.9283e-05
6.2450e+06, 5.9274e-05
6.2500e+06, 5.9264e-05
6.2550e+06, 5.9255e-05
6.2600e+06, 5.9246e-05
6.2650e+06, 5.9236e-05
6.2700e+06, 5.9227e-05
6.2722e+06, 5.9223e-05
6.2722e+06, 5.9223e-05
6.2722e+06, 5.9223e-05
6.2750e+06, 5.9218e-05
6.2800e+06, 5.9208e-05
6.2850e+06, 5.9199e-05
6.2900e+06, 5.9189e-05
6.2950e+06, 5.9180e-05
6.3000e+06, 5.9171e-05
6.3020e+06, 5.9167e-05
6.3040e+06, 5.9163e-05
6.3050e+06, 5.9161e-05
6.3060e+06, 5.9160e-05
6.3080e+06, 5.9156e-05
6.3100e+06, 5.9152e-05
6.3120e+06, 5.9148e-05
6.3140e+06, 5.9145e-05
6.3150e+06, 5.9143e-05
6.3160e+06, 5.9141e-05
6.3180e+06, 5.9137e-05
6.3200e+06, 5.9133e-05
6.3220e+06, 5.9130e-05
6.3240e+06, 5.9126e-05
6.3250e+06, 5.9124e-05
6.3260e+06, 5.9122e-05
6.3280e+06, 5.9118e-05
6.3300e+06, 5.9115e-05
6.3320e+06, 5.9111e-05
6.3340e+06, 5.9107e-05
6.3350e+06, 5.9105e-05
6.3360e+06, 5.9103e-05
6.3380e+06, 5.9100e-05
6.3400e+06, 5.9096e-05
6.3420e+06, 5.9092e-05
6.3440e+06, 5.9088e-05
6.3450e+06, 5.9086e-05
6.3460e+06, 5.9085e-05
6.3480e+06, 5.9081e-05
6.3500e+06, 5.9077e-05
6.3520e+06, 5.9073e-05
6.3540e+06, 5.9070e-05
6.3550e+06, 5.9068e-05
6.3560e+06, 5.9066e-05
6.3580e+06, 5.9062e-05
6.3600e+06, 5.9058e-05
6.3620e+06, 5.9055e-05
6.3640e+06, 5.9051e-05
6.3650e+06, 5.9049e-05
6.3660e+06, 5.9047e-05
6.3680e+06, 5.9043e-05
6.3700e+06, 5.9040e-05
6.3720e+06, 5.9036e-05
6.3740e+06, 5.9032e-05
6.3750e+06, 5.9030e-05
6.3760e+06, 5.9028e-05
6.3780e+06, 5.9025e-05
6.3800e+06, 5.9021e-05
6.3820e+06, 5.9017e-05
6.3840e+06, 5.9013e-05
6.3850e+06, 5.9012e-05
6.3860e+06, 5.9010e-05
6.3870e+06, 5.9008e-05
6.3880e+06, 5.9006e-05
6.3890e+06, 5.9004e-05
6.3900e+06, 5.9002e-05
6.3910e+06, 5.9000e-05
6.3920e+06, 5.8998e-05
6.3930e+06, 5.8997e-05
6.3940e+06, 5.8995e-05
6.3950e+06, 5.8993e-05
6.3960e+06, 5.8991e-05
6.3970e+06, 5.8989e-05
6.3980e+06, 5.8987e-05
6.3990e+06, 5.8985e-05
6.4000e+06, 5.8983e-05
6.4010e+06, 5.8982e-05
6.4020e+06, 5.8980e-05
6.4030e+06, 5.8978e-05
6.4040e+06, 5.8976e-05
6.4050e+06, 5.8974e-05
6.4060e+06, 5.8972e-05
6.4070e+06, 5.8970e-05
6.4080e+06, 5.8968e-05
6.4090e+06, 5.8967e-05
6.4100e+06, 5.8965e-05
6.4110e+06, 5.8963e-05
6.4120e+06, 5.8961e-05
6.4130e+06, 5.8959e-05
6.4140e+06, 5.8957e-05
6.4150e+06, 5.8955e-05
6.4160e+06, 5.8954e-05
6.4180e+06, 5.8950e-05
6.4200e+06, 5.8946e-05
6.4220e+06, 5.8942e-05
6.4240e+06, 5.8939e-05
6.4250e+06, 5.8937e-05
6.4260e+06, 5.8935e-05
6.4280e+06, 5.8931e-05
6.4300e+06, 5.8927e-05
6.4309e+06, 5.8926e-05
6.4309e+06, 5.8926e-05
6.4320e+06, 5.8924e-05
6.4340e+06, 5.8920e-05
6.4350e+06, 5.8918e-05
6.4360e+06, 5.8916e-05
6.4380e+06, 5.8912e-05
6.4400e+06, 5.8909e-05
6.4420e+06, 5.8905e-05
6.4440e+06, 5.8901e-05
6.4450e+06, 5.8899e-05
6.4460e+06, 5.8897e-05
6.4480e+06, 5.8894e-05
6.4500e+06, 5.8890e-05
6.4520e+06, 5.8886e-05
6.4521e+06, 5.8886e-05
6.4521e+06, 5.8886e-05
6.4521e+06, 5.8886e-05
6.4540e+06, 5.8882e-05
6.4550e+06, 5.8880e-05
6.4560e+06, 5.8879e-05
6.4580e+06, 5.8875e-05
6.4600e+06, 5.8871e-05
6.4620e+06, 5.8867e-05
6.4640e+06, 5.8864e-05
6.4650e+06, 5.8862e-05
6.4660e+06, 5.8860e-05
6.4680e+06, 5.8856e-05
6.4700e+06, 5.8852e-05
6.4720e+06, 5.8849e-05
6.4740e+06, 5.8845e-05
6.4750e+06, 5.8843e-05
6.4760e+06, 5.8841e-05
6.4780e+06, 5.8837e-05
6.4800e+06, 5.8834e-05
6.4820e+06, 5.8830e-05
6.4840e+06, 5.8826e-05
6.4850e+06, 5.8824e-05
6.4860e+06, 5.8822e-05
6.4880e+06, 5.8819e-05
6.4900e+06, 5.8815e-05
6.4920e+06, 5.8811e-05
6.4940e+06, 5.8807e-05
6.4950e+06, 5.8806e-05
6.4960e+06, 5.8804e-05
6.4980e+06, 5.8800e-05
6.5000e+06, 5.8796e-05
6.5020e+06, 5.8760e-05
6.5040e+06, 5.8725e-05
6.5060e+06, 5.8689e-05
6.5080e+06, 5.8653e-05
6.5100e+06, 5.8617e-05
6.5120e+06, 5.8581e-05
6.5140e+06, 5.8545e-05
6.5160e+06, 5.8510e-05
6.5165e+06, 5.8501e-05
6.5180e+06, 5.8474e-05
6.5200e+06, 5.8438e-05
6.5220e+06, 5.8402e-05
6.5240e+06, 5.8366e-05
6.5250e+06, 5.8348e-05
6.5260e+06, 5.8330e-05
6.5280e+06, 5.8295e-05
6.5300e+06, 5.8259e-05
6.5320e+06, 5.8223e-05
6.5340e+06, 5.8187e-05
6.5360e+06, 5.8151e-05
6.5380e+06, 5.8116e-05
6.5400e+06, 5.8080e-05
6.5420e+06, 5.8044e-05
6.5440e+06, 5.8008e-05
6.5460e+06, 5.7972e-05
6.5480e+06, 5.7936e-05
6.5500e+06, 5.7901e-05
6.5520e+06, 5.7865e-05
6.5540e+06, 5.7829e-05
6.5560e+06, 5.7793e-05
6.5580e+06, 5.7757e-05
6.5600e+06, 5.7721e-05
6.5620e+06, 5.7686e-05
6.5640e+06, 5.7650e-05
6.5660e+06, 5.7614e-05
6.5680e+06, 5.7578e-05
6.5700e+06, 5.7542e-05
6.5720e+06, 5.7507e-05
6.5740e+06, 5.7471e-05
6.5750e+06, 5.7453e-05
6.5760e+06, 5.7435e-05
6.5780e+06, 5.7399e-05
6.5800e+06, 5.7363e-05
6.5820e+06, 5.7327e-05
6.5840e+06, 5.7292e-05
6.5860e+06, 5.7256e-05
6.5880e+06, 5.7220e-05
6.5900e+06, 5.7184e-05
6.5920e+06, 5.7148e-05
6.5940e+06, 5.7112e-05
6.5960e+06, 5.7077e-05
6.5980e+06, 5.7041e-05
6.6000e+06, 5.7005e-05
6.6020e+06, 5.6969e-05
6.6040e+06, 5.6933e-05
6.6060e+06, 5.6898e-05
6.6080e+06, 5.6862e-05
6.6100e+06, 5.6826e-05
6.6120e+06, 5.6790e-05
6.6140e+06, 5.6754e-05
6.6160e+06, 5.6718e-05
6.6180e+06, 5.6683e-05
6.6200e+06, 5.6647e-05
6.6220e+06, 5.6611e-05
6.6240e+06, 5.6575e-05
6.6250e+06, 5.6557e-05
6.6260e+06, 5.6539e-05
6.6280e+06, 5.6503e-05
6.6300e+06, 5.6468e-05
6.6320e+06, 5.6432e-05
6.6340e+06, 5.6396e-05
6.6360e+06, 5.6360e-05
6.6380e+06, 5.6324e-05
6.6400e+06, 5.6289e-05
6.6420e+06, 5.6253e-05
6.6440e+06, 5.6217e-05
6.6460e+06, 5.6181e-05
6.6480e+06, 5.6145e-05
6.6500e+06, 5.6109e-05
6.6510e+06, 5.6091e-05
6.6520e+06, 5.6074e-05
6.6530e+06, 5.6056e-05
6.6540e+06, 5.6038e-05
6.6550e+06, 5.6020e-05
6.6560e+06, 5.6002e-05
6.6570e+06, 5.5984e-05
6.6580e+06, 5.5966e-05
6.6590e+06, 5.5948e-05
6.6600e+06, 5.5930e-05
6.6610e+06, 5.5912e-05
6.6620e+06, 5.5894e-05
6.6630e+06, 5.5877e-05
6.6640e+06, 5.5859e-05
6.6650e+06, 5.5841e-05
6.6660e+06, 5.5823e-05
6.6670e+06, 5.5805e-05
6.6680e+06, 5.5787e-05
6.6690e+06, 5.5769e-05
6.6700e+06, 5.5751e-05
6.6710e+06, 5.5733e-05
6.6720e+06, 5.5715e-05
6.6730e+06, 5.5697e-05
6.6740e+06, 5.5680e-05
6.6750e+06, 5.5662e-05
6.6760e+06, 5.5644e-05
6.6770e+06, 5.5626e-05
6.6780e+06, 5.5608e-05
6.6790e+06, 5.5590e-05
6.6800e+06, 5.5572e-05
6.6810e+06, 5.5554e-05
6.6820e+06, 5.5536e-05
6.6830e+06, 5.5518e-05
6.6840e+06, 5.5500e-05
6.6850e+06, 5.5482e-05
6.6860e+06, 5.5465e-05
6.6870e+06, 5.5447e-05
6.6880e+06, 5.5429e-05
6.6890e+06, 5.5411e-05
6.6900e+06, 5.5393e-05
6.6910e+06, 5.5375e-05
6.6920e+06, 5.5357e-05
6.6930e+06, 5.5339e-05
6.6940e+06, 5.5321e-05
6.6950e+06, 5.5303e-05
6.6960e+06, 5.5285e-05
6.6980e+06, 5.5250e-05
6.7000e+06, 5.5214e-05
6.7100e+06, 5.5035e-05
6.7200e+06, 5.4856e-05
6.7250e+06, 5.4766e-05
6.7300e+06, 5.4676e-05
6.7400e+06, 5.4497e-05
6.7500e+06, 5.4318e-05
6.7600e+06, 5.4139e-05
6.7700e+06, 5.3960e-05
6.7750e+06, 5.3870e-05
6.7800e+06, 5.3781e-05
6.7900e+06, 5.3602e-05
6.8000e+06, 5.3423e-05
6.8100e+06, 5.3243e-05
6.8200e+06, 5.3064e-05
6.8250e+06, 5.2975e-05
6.8300e+06, 5.2885e-05
6.8400e+06, 5.2706e-05
6.8500e+06, 5.2527e-05
6.8600e+06, 5.2348e-05
6.8700e+06, 5.2169e-05
6.8750e+06, 5.2079e-05
6.8800e+06, 5.1990e-05
6.8900e+06, 5.1811e-05
6.9000e+06, 5.1631e-05
6.9100e+06, 5.1452e-05
6.9200e+06, 5.1273e-05
6.9250e+06, 5.1184e-05
6.9300e+06, 5.1094e-05
6.9400e+06, 5.0915e-05
6.9500e+06, 5.0736e-05
6.9600e+06, 5.0557e-05
6.9700e+06, 5.0378e-05
6.9750e+06, 5.0288e-05
6.9800e+06, 5.0198e-05
6.9900e+06, 5.0019e-05
7.0000e+06, 4.9840e-05
7.0100e+06, 4.9781e-05
7.0200e+06, 4.9722e-05
7.0250e+06, 4.9693e-05
7.0300e+06, 4.9663e-05
7.0400e+06, 4.9604e-05
7.0500e+06, 4.9545e-05
7.0600e+06, 4.9486e-05
7.0700e+06, 4.9428e-05
7.0750e+06, 4.9398e-05
7.0800e+06, 4.9369e-05
7.0900e+06, 4.9310e-05
7.1000e+06, 4.9251e-05
7.1050e+06, 4.9221e-05
7.1100e+06, 4.9192e-05
7.1150e+06, 4.9162e-05
7.1200e+06, 4.9133e-05
7.1250e+06, 4.9103e-05
7.1300e+06, 4.9074e-05
7.1350e+06, 4.9044e-05
7.1400e+06, 4.9015e-05
7.1450e+06, 4.8985e-05
7.1500e+06, 4.8956e-05
7.1550e+06, 4.8926e-05
7.1600e+06, 4.8897e-05
7.1650e+06, 4.8867e-05
7.1700e+06, 4.8838e-05
7.1750e+06, 4.8809e-05
7.1800e+06, 4.8779e-05
7.1850e+06, 4.8750e-05
7.1900e+06, 4.8720e-05
7.1950e+06, 4.8691e-05
7.2000e+06, 4.8661e-05
7.2050e+06, 4.8632e-05
7.2100e+06, 4.8602e-05
7.2150e+06, 4.8573e-05
7.2200e+06, 4.8543e-05
7.2250e+06, 4.8514e-05
7.2300e+06, 4.8484e-05
7.2350e+06, 4.8455e-05
7.2400e+06, 4.8425e-05
7.2450e+06, 4.8396e-05
7.2500e+06, 4.8366e-05
7.2600e+06, 4.8307e-05
7.2700e+06, 4.8248e-05
7.2750e+06, 4.8219e-05
7.2800e+06, 4.8190e-05
7.2900e+06, 4.8131e-05
7.3000e+06, 4.8072e-05
7.3100e+06, 4.8013e-05
7.3200e+06, 4.7954e-05
7.3250e+06, 4.7924e-05
7.3300e+06, 4.7895e-05
7.3400e+06, 4.7836e-05
7.3500e+06, 4.7777e-05
7.3533e+06, 4.7757e-05
7.3600e+06, 4.7718e-05
7.3700e+06, 4.7659e-05
7.3750e+06, 4.7629e-05
7.3800e+06, 4.7600e-05
7.3900e+06, 4.7541e-05
7.4000e+06, 4.7482e-05
7.4100e+06, 4.7423e-05
7.4200e+06, 4.7364e-05
7.4250e+06, 4.7335e-05
7.4300e+06, 4.7305e-05
7.4400e+06, 4.7246e-05
7.4500e+06, 4.7187e-05
7.4600e+06, 4.7128e-05
7.4700e+06, 4.7069e-05
7.4750e+06, 4.7040e-05
7.4800e+06, 4.7010e-05
7.4900e+06, 4.6952e-05
7.5000e+06, 4.6893e-05
7.5100e+06, 4.6811e-05
7.5200e+06, 4.6729e-05
7.5250e+06, 4.6689e-05
7.5300e+06, 4.6648e-05
7.5400e+06, 4.6566e-05
7.5500e+06, 4.6485e-05
7.5600e+06, 4.6403e-05
7.5656e+06, 4.6358e-05
7.5657e+06, 4.6357e-05
7.5700e+06, 4.6322e-05
7.5750e+06, 4.6281e-05
7.5800e+06, 4.6240e-05
7.5900e+06, 4.6159e-05
7.6000e+06, 4.6077e-05
7.6100e+06, 4.5995e-05
7.6136e+06, 4.5966e-05
7.6200e+06, 4.5914e-05
7.6250e+06, 4.5873e-05
7.6300e+06, 4.5832e-05
7.6400e+06, 4.5751e-05
7.6500e+06, 4.5669e-05
7.6600e+06, 4.5588e-05
7.6700e+06, 4.5506e-05
7.6750e+06, 4.5465e-05
7.6800e+06, 4.5424e-05
7.6900e+06, 4.5343e-05
7.7000e+06, 4.5261e-05
7.7100e+06, 4.5180e-05
7.7200e+06, 4.5098e-05
7.7250e+06, 4.5057e-05
7.7300e+06, 4.5017e-05
7.7400e+06, 4.4935e-05
7.7500e+06, 4.4853e-05
7.7600e+06, 4.4772e-05
7.7700e+06, 4.4690e-05
7.7750e+06, 4.4650e-05
7.7800e+06, 4.4609e-05
7.7900e+06, 4.4527e-05
7.8000e+06, 4.4446e-05
7.8100e+06, 4.4364e-05
7.8200e+06, 4.4283e-05
7.8250e+06, 4.4242e-05
7.8300e+06, 4.4201e-05
7.8400e+06, 4.4119e-05
7.8500e+06, 4.4038e-05
7.8600e+06, 4.3956e-05
7.8700e+06, 4.3875e-05
7.8750e+06, 4.3834e-05
7.8800e+06, 4.3793e-05
7.8900e+06, 4.3712e-05
7.9000e+06, 4.3630e-05
7.9100e+06, 4.3548e-05
7.9200e+06, 4.3467e-05
7.9250e+06, 4.3426e-05
7.9300e+06, 4.3385e-05
7.9400e+06, 4.3304e-05
7.9500e+06, 4.3222e-05
7.9600e+06, 4.3141e-05
7.9700e+06, 4.3059e-05
7.9750e+06, 4.3018e-05
7.9800e+06, 4.2977e-05
7.9900e+06, 4.2896e-05
8.0000e+06, 4.2814e-05
8.0100e+06, 4.2763e-05
8.0200e+06, 4.2712e-05
8.0250e+06, 4.2686e-05
8.0300e+06, 4.2661e-05
8.0400e+06, 4.2609e-05
8.0500e+06, 4.2558e-05
8.0600e+06, 4.2507e-05
8.0700e+06, 4.2456e-05
8.0750e+06, 4.2430e-05
8.0800e+06, 4.2405e-05
8.0900e+06, 4.2353e-05
8.1000e+06, 4.2302e-05
8.1100e+06, 4.2251e-05
8.1200e+06, 4.2200e-05
8.1250e+06, 4.2174e-05
8.1300e+06, 4.2149e-05
8.1400e+06, 4.2097e-05
8.1500e+06, 4.2046e-05
8.1600e+06, 4.1995e-05
8.1700e+06, 4.1944e-05
8.1750e+06, 4.1918e-05
8.1800e+06, 4.1892e-05
8.1900e+06, 4.1841e-05
8.2000e+06, 4.1790e-05
8.2100e+06, 4.1739e-05
8.2200e+06, 4.1688e-05
8.2250e+06, 4.1662e-05
8.2300e+06, 4.1636e-05
8.2400e+06, 4.1585e-05
8.2500e+06, 4.1534e-05
8.2600e+06, 4.1483e-05
8.2700e+06, 4.1432e-05
8.2750e+06, 4.1406e-05
8.2800e+06, 4.1380e-05
8.2900e+06, 4.1329e-05
8.3000e+06, 4.1278e-05
8.3100e+06, 4.1227e-05
8.3200e+06, 4.1175e-05
8.3250e+06, 4.1150e-05
8.3300e+06, 4.1124e-05
8.3400e+06, 4.1073e-05
8.3500e+06, 4.1022e-05
8.3600e+06, 4.0971e-05
8.3700e+06, 4.0919e-05
8.3750e+06, 4.0894e-05
8.3800e+06, 4.0868e-05
8.3900e+06, 4.0817e-05
8.4000e+06, 4.0766e-05
8.4100e+06, 4.0714e-05
8.4200e+06, 4.0663e-05
8.4250e+06, 4.0638e-05
8.4300e+06, 4.0612e-05
8.4400e+06, 4.0561e-05
8.4500e+06, 4.0510e-05
8.4600e+06, 4.0458e-05
8.4700e+06, 4.0407e-05
8.4750e+06, 4.0382e-05
8.4800e+06, 4.0356e-05
8.4900e+06, 4.0305e-05
8.5000e+06, 4.0254e-05
8.5100e+06, 4.0216e-05
8.5200e+06, 4.0179e-05
8.5250e+06, 4.0160e-05
8.5300e+06, 4.0141e-05
8.5400e+06, 4.0104e-05
8.5500e+06, 4.0066e-05
8.5600e+06, 4.0029e-05
8.5700e+06, 3.9992e-05
8.5750e+06, 3.9973e-05
8.5800e+06, 3.9954e-05
8.5900e+06, 3.9917e-05
8.6000e+06, 3.9879e-05
8.6100e+06, 3.9842e-05
8.6200e+06, 3.9804e-05
8.6250e+06, 3.9786e-05
8.6300e+06, 3.9767e-05
8.6400e+06, 3.9730e-05
8.6500e+06, 3.9692e-05
8.6600e+06, 3.9655e-05
8.6700e+06, 3.9617e-05
8.6750e+06, 3.9599e-05
8.6800e+06, 3.9580e-05
8.6900e+06, 3.9542e-05
8.7000e+06, 3.9505e-05
8.7100e+06, 3.9468e-05
8.7200e+06, 3.9430e-05
8.7250e+06, 3.9411e-05
8.7300e+06, 3.9393e-05
8.7400e+06, 3.9355e-05
8.7450e+06, 3.9337e-05
8.7500e+06, 3.9318e-05
8.7600e+06, 3.9280e-05
8.7700e+06, 3.9243e-05
8.7750e+06, 3.9224e-05
8.7800e+06, 3.9206e-05
8.7900e+06, 3.9168e-05
8.8000e+06, 3.9131e-05
8.8100e+06, 3.9093e-05
8.8200e+06, 3.9056e-05
8.8250e+06, 3.9037e-05
8.8300e+06, 3.9018e-05
8.8400e+06, 3.8981e-05
8.8500e+06, 3.8944e-05
8.8600e+06, 3.8906e-05
8.8700e+06, 3.8869e-05
8.8750e+06, 3.8850e-05
8.8800e+06, 3.8831e-05
8.8900e+06, 3.8794e-05
8.9000e+06, 3.8756e-05
8.9100e+06, 3.8719e-05
8.9200e+06, 3.8682e-05
8.9250e+06, 3.8663e-05
8.9300e+06, 3.8644e-05
8.9400e+06, 3.8607e-05
8.9500e+06, 3.8569e-05
8.9600e+06, 3.8532e-05
8.9700e+06, 3.8494e-05
8.9750e+06, 3.8476e-05
8.9800e+06, 3.8457e-05
8.9900e+06, 3.8420e-05
9.0000e+06, 3.8382e-05
9.0200e+06, 3.8318e-05
9.0250e+06, 3.8302e-05
9.0400e+06, 3.8254e-05
9.0500e+06, 3.8222e-05
9.0600e+06, 3.8190e-05
9.0750e+06, 3.8142e-05
9.0800e+06, 3.8126e-05
9.1000e+06, 3.8063e-05
9.1200e+06, 3.7999e-05
9.1250e+06, 3.7983e-05
9.1360e+06, 3.7947e-05
9.1400e+06, 3.7935e-05
9.1500e+06, 3.7903e-05
9.1600e+06, 3.7871e-05
9.1750e+06, 3.7823e-05
9.1800e+06, 3.7807e-05
9.2000e+06, 3.7743e-05
9.2250e+06, 3.7663e-05
9.2480e+06, 3.7590e-05
9.2500e+06, 3.7583e-05
9.2750e+06, 3.7503e-05
9.3000e+06, 3.7423e-05
9.3250e+06, 3.7343e-05
9.3500e+06, 3.7263e-05
9.3750e+06, 3.7184e-05
9.4000e+06, 3.7104e-05
9.4250e+06, 3.7024e-05
9.4310e+06, 3.7005e-05
9.4314e+06, 3.7003e-05
9.4314e+06, 3.7003e-05
9.4314e+06, 3.7003e-05
9.4315e+06, 3.7003e-05
9.4500e+06, 3.6944e-05
9.4700e+06, 3.6880e-05
9.4750e+06, 3.6864e-05
9.5000e+06, 3.6784e-05
9.5080e+06, 3.6757e-05
9.5250e+06, 3.6699e-05
9.5500e+06, 3.6615e-05
9.5750e+06, 3.6530e-05
9.6000e+06, 3.6446e-05
9.6250e+06, 3.6361e-05
9.6500e+06, 3.6276e-05
9.6750e+06, 3.6192e-05
9.6760e+06, 3.6188e-05
9.7000e+06, 3.6107e-05
9.7200e+06, 3.6039e-05
9.7250e+06, 3.6022e-05
9.7400e+06, 3.5972e-05
9.7500e+06, 3.5938e-05
9.7600e+06, 3.5904e-05
9.7750e+06, 3.5853e-05
9.7800e+06, 3.5836e-05
9.8000e+06, 3.5769e-05
9.8250e+06, 3.5684e-05
9.8500e+06, 3.5599e-05
9.8750e+06, 3.5515e-05
9.9000e+06, 3.5430e-05
9.9250e+06, 3.5345e-05
9.9500e+06, 3.5261e-05
9.9750e+06, 3.5176e-05
1.0000e+07, 3.5092e-05
1.0050e+07, 3.4980e-05
1.0100e+07, 3.4869e-05
1.0122e+07, 3.4820e-05
1.0150e+07, 3.4758e-05
1.0189e+07, 3.4671e-05
1.0189e+07, 3.4670e-05
1.0189e+07, 3.4670e-05
1.0190e+07, 3.4669e-05
1.0200e+07, 3.4647e-05
1.0202e+07, 3.4643e-05
1.0245e+07, 3.4548e-05
1.0245e+07, 3.4548e-05
1.0245e+07, 3.4547e-05
1.0247e+07, 3.4542e-05
1.0250e+07, 3.4536e-05
1.0300e+07, 3.4425e-05
1.0350e+07, 3.4314e-05
1.0372e+07, 3.4265e-05
1.0372e+07, 3.4264e-05
1.0372e+07, 3.4264e-05
1.0400e+07, 3.4202e-05
1.0450e+07, 3.4091e-05
1.0465e+07, 3.4058e-05
1.0468e+07, 3.4051e-05
1.0500e+07, 3.3980e-05
1.0526e+07, 3.3915e-05
1.0528e+07, 3.3912e-05
1.0528e+07, 3.3910e-05
1.0550e+07, 3.3855e-05
1.0560e+07, 3.3831e-05
1.0560e+07, 3.3830e-05
1.0560e+07, 3.3830e-05
1.0563e+07, 3.3823e-05
1.0600e+07, 3.3731e-05
1.0650e+07, 3.3606e-05
1.0667e+07, 3.3564e-05
1.0667e+07, 3.3564e-05
1.0667e+07, 3.3564e-05
1.0669e+07, 3.3559e-05
1.0680e+07, 3.3531e-05
1.0690e+07, 3.3506e-05
1.0700e+07, 3.3482e-05
1.0710e+07, 3.3457e-05
1.0720e+07, 3.3432e-05
1.0730e+07, 3.3407e-05
1.0740e+07, 3.3382e-05
1.0750e+07, 3.3357e-05
1.0760e+07, 3.3332e-05
1.0770e+07, 3.3307e-05
1.0780e+07, 3.3282e-05
1.0790e+07, 3.3257e-05
1.0800e+07, 3.3232e-05
1.0810e+07, 3.3207e-05
1.0820e+07, 3.3182e-05
1.0830e+07, 3.3157e-05
1.0840e+07, 3.3132e-05
1.0850e+07, 3.3108e-05
1.0860e+07, 3.3083e-05
1.0870e+07, 3.3058e-05
1.0880e+07, 3.3033e-05
1.0890e+07, 3.3008e-05
1.0900e+07, 3.2983e-05
1.0910e+07, 3.2958e-05
1.0920e+07, 3.2933e-05
1.0930e+07, 3.2908e-05
1.0940e+07, 3.2883e-05
1.0950e+07, 3.2858e-05
1.0960e+07, 3.2833e-05
1.0970e+07, 3.2808e-05
1.0980e+07, 3.2783e-05
1.0990e+07, 3.2759e-05
1.1000e+07, 3.2734e-05
1.1007e+07, 3.2718e-05
1.1009e+07, 3.2714e-05
1.1050e+07, 3.2624e-05
1.1100e+07, 3.2514e-05
1.1150e+07, 3.2405e-05
1.1200e+07, 3.2295e-05
1.1220e+07, 3.2251e-05
1.1250e+07, 3.2186e-05
1.1300e+07, 3.2076e-05
1.1350e+07, 3.1966e-05
1.1400e+07, 3.1857e-05
1.1450e+07, 3.1747e-05
1.1500e+07, 3.1637e-05
1.1520e+07, 3.1598e-05
1.1540e+07, 3.1559e-05
1.1550e+07, 3.1540e-05
1.1600e+07, 3.1442e-05
1.1643e+07, 3.1358e-05
1.1648e+07, 3.1348e-05
1.1648e+07, 3.1348e-05
1.1648e+07, 3.1348e-05
1.1650e+07, 3.1344e-05
1.1700e+07, 3.1246e-05
1.1750e+07, 3.1148e-05
1.1779e+07, 3.1092e-05
1.1779e+07, 3.1092e-05
1.1779e+07, 3.1091e-05
1.1796e+07, 3.1058e-05
1.1797e+07, 3.1056e-05
1.1800e+07, 3.1050e-05
1.1850e+07, 3.0952e-05
1.1900e+07, 3.0854e-05
1.1950e+07, 3.0756e-05
1.1970e+07, 3.0717e-05
1.2000e+07, 3.0659e-05
1.2050e+07, 3.0554e-05
1.2100e+07, 3.0450e-05
1.2110e+07, 3.0429e-05
1.2150e+07, 3.0345e-05
1.2161e+07, 3.0322e-05
1.2200e+07, 3.0240e-05
1.2247e+07, 3.0143e-05
1.2247e+07, 3.0142e-05
1.2248e+07, 3.0140e-05
1.2250e+07, 3.0136e-05
1.2300e+07, 3.0031e-05
1.2332e+07, 2.9965e-05
1.2332e+07, 2.9965e-05
1.2333e+07, 2.9962e-05
1.2350e+07, 2.9927e-05
1.2363e+07, 2.9900e-05
1.2370e+07, 2.9885e-05
1.2400e+07, 2.9822e-05
1.2450e+07, 2.9718e-05
1.2500e+07, 2.9613e-05
1.2550e+07, 2.9534e-05
1.2580e+07, 2.9487e-05
1.2600e+07, 2.9456e-05
1.2620e+07, 2.9424e-05
1.2650e+07, 2.9377e-05
1.2700e+07, 2.9298e-05
1.2750e+07, 2.9219e-05
1.2800e+07, 2.9140e-05
1.2809e+07, 2.9126e-05
1.2809e+07, 2.9126e-05
1.2813e+07, 2.9120e-05
1.2850e+07, 2.9061e-05
1.2892e+07, 2.8994e-05
1.2892e+07, 2.8994e-05
1.2900e+07, 2.8982e-05
1.2950e+07, 2.8904e-05
1.3000e+07, 2.8825e-05
1.3050e+07, 2.8778e-05
1.3100e+07, 2.8732e-05
1.3150e+07, 2.8686e-05
1.3200e+07, 2.8639e-05
1.3225e+07, 2.8616e-05
1.3225e+07, 2.8616e-05
1.3227e+07, 2.8614e-05
1.3250e+07, 2.8593e-05
1.3300e+07, 2.8547e-05
1.3318e+07, 2.8530e-05
1.3320e+07, 2.8528e-05
1.3320e+07, 2.8528e-05
1.3350e+07, 2.8500e-05
1.3400e+07, 2.8454e-05
1.3450e+07, 2.8408e-05
1.3500e+07, 2.8361e-05
1.3550e+07, 2.8360e-05
1.3600e+07, 2.8359e-05
1.3602e+07, 2.8359e-05
1.3603e+07, 2.8359e-05
1.3603e+07, 2.8359e-05
1.3610e+07, 2.8359e-05
1.3620e+07, 2.8358e-05
1.3630e+07, 2.8358e-05
1.3640e+07, 2.8358e-05
1.3650e+07, 2.8358e-05
1.3660e+07, 2.8357e-05
1.3670e+07, 2.8357e-05
1.3674e+07, 2.8357e-05
1.3674e+07, 2.8357e-05
1.3680e+07, 2.8357e-05
1.3690e+07, 2.8357e-05
1.3700e+07, 2.8356e-05
1.3710e+07, 2.8356e-05
1.3720e+07, 2.8356e-05
1.3730e+07, 2.8356e-05
1.3740e+07, 2.8355e-05
1.3750e+07, 2.8355e-05
1.3760e+07, 2.8355e-05
1.3770e+07, 2.8355e-05
1.3780e+07, 2.8354e-05
1.3785e+07, 2.8354e-05
1.3787e+07, 2.8354e-05
1.3787e+07, 2.8354e-05
1.3790e+07, 2.8354e-05
1.3800e+07, 2.8354e-05
1.3810e+07, 2.8354e-05
1.3820e+07, 2.8353e-05
1.3830e+07, 2.8353e-05
1.3840e+07, 2.8353e-05
1.3850e+07, 2.8353e-05
1.3860e+07, 2.8352e-05
1.3870e+07, 2.8352e-05
1.3880e+07, 2.8352e-05
1.3890e+07, 2.8352e-05
1.3900e+07, 2.8351e-05
1.3950e+07, 2.8350e-05
1.3979e+07, 2.8350e-05
1.4000e+07, 2.8349e-05
1.4050e+07, 2.8399e-05
1.4100e+07, 2.8449e-05
1.4150e+07, 2.8498e-05
1.4200e+07, 2.8548e-05
1.4250e+07, 2.8598e-05
1.4298e+07, 2.8646e-05
1.4300e+07, 2.8648e-05
1.4350e+07, 2.8697e-05
1.4400e+07, 2.8747e-05
1.4450e+07, 2.8797e-05
1.4500e+07, 2.8847e-05
1.4550e+07, 2.8954e-05
1.4600e+07, 2.9061e-05
1.4617e+07, 2.9097e-05
1.4650e+07, 2.9168e-05
1.4700e+07, 2.9275e-05
1.4750e+07, 2.9383e-05
1.4800e+07, 2.9490e-05
1.4850e+07, 2.9597e-05
1.4900e+07, 2.9704e-05
1.4936e+07, 2.9782e-05
1.4950e+07, 2.9812e-05
1.5000e+07, 2.9919e-05
1.5020e+07, 2.9991e-05
1.5040e+07, 3.0063e-05
1.5050e+07, 3.0100e-05
1.5100e+07, 3.0280e-05
1.5150e+07, 3.0461e-05
1.5200e+07, 3.0642e-05
1.5250e+07, 3.0823e-05
1.5255e+07, 3.0841e-05
1.5300e+07, 3.1003e-05
1.5347e+07, 3.1174e-05
1.5350e+07, 3.1184e-05
1.5392e+07, 3.1336e-05
1.5392e+07, 3.1336e-05
1.5400e+07, 3.1365e-05
1.5450e+07, 3.1546e-05
1.5500e+07, 3.1726e-05
1.5550e+07, 3.1970e-05
1.5574e+07, 3.2087e-05
1.5600e+07, 3.2214e-05
1.5650e+07, 3.2457e-05
1.5700e+07, 3.2701e-05
1.5750e+07, 3.2945e-05
1.5800e+07, 3.3188e-05
1.5850e+07, 3.3432e-05
1.5893e+07, 3.3642e-05
1.5900e+07, 3.3676e-05
1.5950e+07, 3.3919e-05
1.6000e+07, 3.4163e-05
1.6100e+07, 3.4791e-05
1.6130e+07, 3.4980e-05
1.6161e+07, 3.5175e-05
1.6200e+07, 3.5420e-05
1.6205e+07, 3.5451e-05
1.6212e+07, 3.5495e-05
1.6300e+07, 3.6048e-05
1.6400e+07, 3.6676e-05
1.6410e+07, 3.6739e-05
1.6500e+07, 3.7304e-05
1.6531e+07, 3.7575e-05
1.6600e+07, 3.8178e-05
1.6615e+07, 3.8309e-05
1.6652e+07, 3.8629e-05
1.6700e+07, 3.9052e-05
1.6800e+07, 3.9927e-05
1.6820e+07, 4.0101e-05
1.6850e+07, 4.0364e-05
1.6900e+07, 4.0801e-05
1.7000e+07, 4.1675e-05
1.7025e+07, 4.1955e-05
1.7100e+07, 4.2797e-05
1.7168e+07, 4.3559e-05
1.7169e+07, 4.3571e-05
1.7200e+07, 4.3918e-05
1.7230e+07, 4.4255e-05
1.7250e+07, 4.4481e-05
1.7250e+07, 4.4481e-05
1.7300e+07, 4.5040e-05
1.7400e+07, 4.6162e-05
1.7435e+07, 4.6554e-05
1.7487e+07, 4.7137e-05
1.7488e+07, 4.7149e-05
1.7500e+07, 4.7283e-05
1.7600e+07, 4.8734e-05
1.7640e+07, 4.9314e-05
1.7700e+07, 5.0184e-05
1.7800e+07, 5.1635e-05
1.7806e+07, 5.1722e-05
1.7807e+07, 5.1736e-05
1.7845e+07, 5.2287e-05
1.7850e+07, 5.2360e-05
1.7851e+07, 5.2370e-05
1.7851e+07, 5.2371e-05
1.7900e+07, 5.3085e-05
1.8000e+07, 5.4536e-05
1.8050e+07, 5.5449e-05
1.8100e+07, 5.6363e-05
1.8125e+07, 5.6820e-05
1.8134e+07, 5.6981e-05
1.8134e+07, 5.6981e-05
1.8200e+07, 5.8190e-05
1.8255e+07, 5.9195e-05
1.8289e+07, 5.9817e-05
1.8289e+07, 5.9817e-05
1.8300e+07, 6.0018e-05
1.8400e+07, 6.1845e-05
1.8444e+07, 6.2649e-05
1.8460e+07, 6.2941e-05
1.8500e+07, 6.3672e-05
1.8572e+07, 6.5319e-05
1.8572e+07, 6.5319e-05
1.8600e+07, 6.5966e-05
1.8665e+07, 6.7458e-05
1.8700e+07, 6.8261e-05
1.8763e+07, 6.9706e-05
1.8800e+07, 7.0555e-05
1.8870e+07, 7.2161e-05
1.8900e+07, 7.2850e-05
1.9000e+07, 7.5144e-05
1.9075e+07, 7.7197e-05
1.9082e+07, 7.7388e-05
1.9100e+07, 7.7881e-05
1.9200e+07, 8.0617e-05
1.9280e+07, 8.2806e-05
1.9300e+07, 8.3354e-05
1.9365e+07, 8.5119e-05
1.9365e+07, 8.5120e-05
1.9400e+07, 8.6090e-05
1.9401e+07, 8.6118e-05
1.9485e+07, 8.8416e-05
1.9500e+07, 8.8827e-05
1.9589e+07, 9.1683e-05
1.9589e+07, 9.1683e-05
1.9600e+07, 9.2031e-05
1.9639e+07, 9.3294e-05
1.9639e+07, 9.3295e-05
1.9690e+07, 9.4915e-05
1.9700e+07, 9.5235e-05
1.9720e+07, 9.5876e-05
1.9800e+07, 9.8439e-05
1.9895e+07, 1.0148e-04
1.9900e+07, 1.0164e-04
2.0000e+07, 1.0485e-04
2.0100e+07, 1.0854e-04
2.0148e+07, 1.1033e-04
2.0148e+07, 1.1033e-04
2.0256e+07, 1.1432e-04
2.0256e+07, 1.1432e-04
2.0260e+07, 1.1445e-04
2.0260e+07, 1.1445e-04
2.0334e+07, 1.1720e-04
2.0334e+07, 1.1720e-04
2.0350e+07, 1.1778e-04
2.0420e+07, 1.2037e-04
2.0500e+07, 1.2333e-04
2.0617e+07, 1.2766e-04
2.0617e+07, 1.2766e-04
2.0650e+07, 1.2887e-04
2.0820e+07, 1.3515e-04
2.0820e+07, 1.3515e-04
2.0903e+07, 1.3822e-04
2.0903e+07, 1.3822e-04
2.0950e+07, 1.3996e-04
2.0976e+07, 1.4093e-04
2.0976e+07, 1.4093e-04
2.0995e+07, 1.4160e-04
2.0995e+07, 1.4160e-04
2.1000e+07, 1.4181e-04
2.1082e+07, 1.4482e-04
2.1082e+07, 1.4482e-04
2.1233e+07, 1.5040e-04
2.1233e+07, 1.5040e-04
2.1250e+07, 1.5104e-04
2.1442e+07, 1.5815e-04
2.1442e+07, 1.5816e-04
2.1500e+07, 1.6028e-04
2.1550e+07, 1.6213e-04
2.1594e+07, 1.6376e-04
2.1594e+07, 1.6377e-04
2.1636e+07, 1.6532e-04
2.1636e+07, 1.6532e-04
2.1725e+07, 1.6860e-04
2.1725e+07, 1.6860e-04
2.1850e+07, 1.7322e-04
2.1895e+07, 1.7488e-04
2.1895e+07, 1.7488e-04
2.1987e+07, 1.7827e-04
2.1987e+07, 1.7827e-04
2.2000e+07, 1.7876e-04
2.2044e+07, 1.7929e-04
2.2044e+07, 1.7929e-04
2.2150e+07, 1.8055e-04
2.2161e+07, 1.8068e-04
2.2223e+07, 1.8142e-04
2.2245e+07, 1.8168e-04
2.2245e+07, 1.8168e-04
2.2450e+07, 1.8412e-04
2.2500e+07, 1.8471e-04
2.2750e+07, 1.8769e-04
2.2864e+07, 1.8905e-04
2.2864e+07, 1.8905e-04
2.3000e+07, 1.9066e-04
2.3043e+07, 1.9117e-04
2.3050e+07, 1.9126e-04
2.3217e+07, 1.9325e-04
2.3350e+07, 1.9483e-04
2.3500e+07, 1.9661e-04
2.3650e+07, 1.9840e-04
2.3743e+07, 1.9951e-04
2.3743e+07, 1.9951e-04
2.3873e+07, 2.0105e-04
2.3944e+07, 2.0189e-04
2.3950e+07, 2.0196e-04
2.4000e+07, 2.0256e-04
2.4250e+07, 1.9821e-04
2.4386e+07, 1.9583e-04
2.4409e+07, 1.9544e-04
2.4409e+07, 1.9544e-04
2.4500e+07, 1.9385e-04
2.4550e+07, 1.9298e-04
2.4577e+07, 1.9251e-04
2.4577e+07, 1.9251e-04
2.4850e+07, 1.8776e-04
2.5000e+07, 1.8515e-04
2.5150e+07, 1.8253e-04
2.5450e+07, 1.7731e-04
2.5500e+07, 1.7644e-04
2.5750e+07, 1.7209e-04
2.6000e+07, 1.6773e-04
2.6050e+07, 1.6666e-04
2.6350e+07, 1.6021e-04
2.6500e+07, 1.5698e-04
2.6650e+07, 1.5376e-04
2.6950e+07, 1.4731e-04
2.7000e+07, 1.4623e-04
2.7250e+07, 1.4086e-04
2.7500e+07, 1.3548e-04
2.7550e+07, 1.3441e-04
2.7850e+07, 1.2796e-04
2.8000e+07, 1.2473e-04
2.8150e+07, 1.2212e-04
2.8450e+07, 1.1690e-04
2.8500e+07, 1.1603e-04
2.8750e+07, 1.1167e-04
2.9000e+07, 1.0732e-04
2.9050e+07, 1.0645e-04
2.9350e+07, 1.0122e-04
2.9500e+07, 9.8610e-05
2.9650e+07, 9.5998e-05
2.9950e+07, 9.0773e-05
3.0000e+07, 8.9903e-05
3.0000e+07, 0.0000e+00
3.0708e+07, 0.0000e+00
3.1000e+07, 0.0000e+00
3.1422e+07, 0.0000e+00
3.2000e+07, 0.0000e+00
3.3000e+07, 0.0000e+00
3.3263e+07, 0.0000e+00
3.4000e+07, 0.0000e+00
3.4148e+07, 0.0000e+00
3.4389e+07, 0.0000e+00
3.5000e+07, 0.0000e+00
3.5535e+07, 0.0000e+00
3.6000e+07, 0.0000e+00
3.7000e+07, 0.0000e+00
3.8000e+07, 0.0000e+00
3.9000e+07, 0.0000e+00
3.9130e+07, 0.0000e+00
4.0000e+07, 0.0000e+00
4.1000e+07, 0.0000e+00
4.2000e+07, 0.0000e+00
4.3000e+07, 0.0000e+00
4.4000e+07, 0.0000e+00
4.5000e+07, 0.0000e+00
4.6000e+07, 0.0000e+00
4.7000e+07, 0.0000e+00
4.8000e+07, 0.0000e+00
4.9000e+07, 0.0000e+00
5.0000e+07, 0.0000e+00
5.1000e+07, 0.0000e+00
5.2000e+07, 0.0000e+00
5.3000e+07, 0.0000e+00
5.4000e+07, 0.0000e+00
5.5000e+07, 0.0000e+00
5.6000e+07, 0.0000e+00
5.7000e+07, 0.0000e+00
5.8000e+07, 0.0000e+00
5.9000e+07, 0.0000e+00
6.0000e+07, 0.0000e+00
6.1000e+07, 0.0000e+00
6.2000e+07, 0.0000e+00
6.3000e+07, 0.0000e+00
6.4000e+07, 0.0000e+00
6.5000e+07, 0.0000e+00
6.6000e+07, 0.0000e+00
6.7000e+07, 0.0000e+00
6.8000e+07, 0.0000e+00
6.9000e+07, 0.0000e+00
7.0000e+07, 0.0000e+00
7.1000e+07, 0.0000e+00
7.2000e+07, 0.0000e+00
7.3000e+07, 0.0000e+00
7.4000e+07, 0.0000e+00
7.5000e+07, 0.0000e+00
7.6000e+07, 0.0000e+00
7.7000e+07, 0.0000e+00
7.8000e+07, 0.0000e+00
7.9000e+07, 0.0000e+00
8.0000e+07, 0.0000e+00
8.1000e+07, 0.0000e+00
8.2000e+07, 0.0000e+00
8.3000e+07, 0.0000e+00
8.4000e+07, 0.0000e+00
8.5000e+07, 0.0000e+00
8.6000e+07, 0.0000e+00
8.7000e+07, 0.0000e+00
8.8000e+07, 0.0000e+00
8.9000e+07, 0.0000e+00
9.0000e+07, 0.0000e+00
9.1000e+07, 0.0000e+00
9.2000e+07, 0.0000e+00
9.3000e+07, 0.0000e+00
9.4000e+07, 0.0000e+00
9.5000e+07, 0.0000e+00
9.6000e+07, 0.0000e+00
9.7000e+07, 0.0000e+00
9.8000e+07, 0.0000e+00
9.9000e+07, 0.0000e+00
1.0000e+08, 0.0000e+00
1.0200e+08, 0.0000e+00
1.0400e+08, 0.0000e+00
1.0600e+08, 0.0000e+00
1.0800e+08, 0.0000e+00
1.1000e+08, 0.0000e+00
1.1200e+08, 0.0000e+00
1.1400e+08, 0.0000e+00
1.1600e+08, 0.0000e+00
1.1800e+08, 0.0000e+00
1.2000e+08, 0.0000e+00
1.2200e+08, 0.0000e+00
1.2400e+08, 0.0000e+00
1.2600e+08, 0.0000e+00
1.2800e+08, 0.0000e+00
1.3000e+08, 0.0000e+00
1.3200e+08, 0.0000e+00
1.3400e+08, 0.0000e+00
1.3600e+08, 0.0000e+00
1.3800e+08, 0.0000e+00
1.4000e+08, 0.0000e+00
1.4200e+08, 0.0000e+00
1.4400e+08, 0.0000e+00
1.4600e+08, 0.0000e+00
1.4800e+08, 0.0000e+00
1.5000e+08, 0.0000e+00
