ebin, xs
1.0000e-05, 1.2531e+03
1.0625e-05, 1.2157e+03
1.1250e-05, 1.1814e+03
1.1875e-05, 1.1499e+03
1.2500e-05, 1.1208e+03
1.3750e-05, 1.0686e+03
1.5000e-05, 1.0231e+03
1.6250e-05, 9.8301e+02
1.7500e-05, 9.4725e+02
1.8750e-05, 9.1513e+02
2.0000e-05, 8.8607e+02
2.1875e-05, 8.4725e+02
2.3750e-05, 8.1312e+02
2.5625e-05, 7.8280e+02
2.7500e-05, 7.5565e+02
2.9375e-05, 7.3113e+02
3.1250e-05, 7.0886e+02
3.3125e-05, 6.8851e+02
3.5000e-05, 6.6981e+02
3.8750e-05, 6.3658e+02
4.2500e-05, 6.0784e+02
4.6250e-05, 5.8268e+02
5.0000e-05, 5.6040e+02
5.3125e-05, 5.4367e+02
5.6250e-05, 5.2836e+02
5.9375e-05, 5.1426e+02
6.2500e-05, 5.0124e+02
6.8750e-05, 4.7792e+02
7.5000e-05, 4.5757e+02
8.1250e-05, 4.3962e+02
8.7500e-05, 4.2363e+02
9.3750e-05, 4.0926e+02
1.0000e-04, 3.9627e+02
1.0625e-04, 3.8444e+02
1.1250e-04, 3.7361e+02
1.1875e-04, 3.6364e+02
1.2500e-04, 3.5444e+02
1.3750e-04, 3.3794e+02
1.5000e-04, 3.2356e+02
1.6250e-04, 3.1086e+02
1.7500e-04, 2.9956e+02
1.8750e-04, 2.8940e+02
2.0000e-04, 2.8021e+02
2.1875e-04, 2.6793e+02
2.3750e-04, 2.5714e+02
2.5625e-04, 2.4755e+02
2.7500e-04, 2.3897e+02
2.9375e-04, 2.3121e+02
3.1250e-04, 2.2417e+02
3.3125e-04, 2.1773e+02
3.5000e-04, 2.1182e+02
3.8750e-04, 2.0131e+02
4.2500e-04, 1.9223e+02
4.6250e-04, 1.8427e+02
5.0000e-04, 1.7723e+02
5.3125e-04, 1.7194e+02
5.6250e-04, 1.6709e+02
5.9375e-04, 1.6264e+02
6.2500e-04, 1.5852e+02
6.8750e-04, 1.5114e+02
7.5000e-04, 1.4471e+02
8.1250e-04, 1.3903e+02
8.7500e-04, 1.3398e+02
9.3750e-04, 1.2944e+02
1.0000e-03, 1.2533e+02
1.0625e-03, 1.2159e+02
1.1250e-03, 1.1816e+02
1.1875e-03, 1.1501e+02
1.2500e-03, 1.1210e+02
1.3750e-03, 1.0689e+02
1.5000e-03, 1.0234e+02
1.6250e-03, 9.8324e+01
1.7500e-03, 9.4749e+01
1.8750e-03, 9.1538e+01
2.0000e-03, 8.8633e+01
2.1875e-03, 8.4752e+01
2.3750e-03, 8.1340e+01
2.5625e-03, 7.8310e+01
2.7500e-03, 7.5595e+01
2.9375e-03, 7.3145e+01
3.1250e-03, 7.0919e+01
3.3125e-03, 6.8885e+01
3.5000e-03, 6.7017e+01
3.8750e-03, 6.3695e+01
4.2500e-03, 6.0823e+01
4.6250e-03, 5.8308e+01
5.0000e-03, 5.6081e+01
5.3125e-03, 5.4409e+01
5.6250e-03, 5.2878e+01
5.9375e-03, 5.1471e+01
6.2500e-03, 5.0170e+01
6.8750e-03, 4.7840e+01
7.5000e-03, 4.5807e+01
8.1250e-03, 4.4013e+01
8.7500e-03, 4.2415e+01
9.3750e-03, 4.0979e+01
1.0000e-02, 3.9681e+01
1.0625e-02, 3.8500e+01
1.1250e-02, 3.7419e+01
1.1875e-02, 3.6425e+01
1.2500e-02, 3.5507e+01
1.3750e-02, 3.3863e+01
1.5000e-02, 3.2427e+01
1.6250e-02, 3.1159e+01
1.7500e-02, 3.0030e+01
1.8750e-02, 2.9016e+01
2.0000e-02, 2.8099e+01
2.1325e-02, 2.7217e+01
2.2650e-02, 2.6414e+01
2.3975e-02, 2.5678e+01
2.5300e-02, 2.5003e+01
2.6844e-02, 2.4280e+01
2.8387e-02, 2.3618e+01
3.1475e-02, 2.2442e+01
3.4563e-02, 2.1426e+01
3.7650e-02, 2.0536e+01
4.0738e-02, 1.9750e+01
4.3825e-02, 1.9050e+01
4.6913e-02, 1.8420e+01
5.0000e-02, 1.7849e+01
5.3125e-02, 1.7324e+01
5.6250e-02, 1.6844e+01
5.9375e-02, 1.6403e+01
6.2500e-02, 1.5997e+01
6.8750e-02, 1.5268e+01
7.5000e-02, 1.4631e+01
8.1250e-02, 1.4069e+01
8.7500e-02, 1.3569e+01
9.3750e-02, 1.3121e+01
1.0000e-01, 1.2715e+01
1.0625e-01, 1.2347e+01
1.1250e-01, 1.2010e+01
1.1875e-01, 1.1701e+01
1.2500e-01, 1.1417e+01
1.3750e-01, 1.0907e+01
1.5000e-01, 1.0462e+01
1.6250e-01, 1.0070e+01
1.7500e-01, 9.7215e+00
1.8750e-01, 9.4094e+00
2.0000e-01, 9.1288e+00
2.1875e-01, 8.7544e+00
2.3750e-01, 8.4254e+00
2.5625e-01, 8.1344e+00
2.7500e-01, 7.8747e+00
2.9375e-01, 7.6412e+00
3.1250e-01, 7.4299e+00
3.3125e-01, 7.2377e+00
3.5000e-01, 7.0631e+00
3.8750e-01, 6.7536e+00
4.2500e-01, 6.4871e+00
5.0000e-01, 6.0542e+00
6.2500e-01, 5.5287e+00
7.5000e-01, 5.1556e+00
8.7500e-01, 4.8800e+00
1.0000e+00, 4.6703e+00
1.2500e+00, 4.3809e+00
1.5000e+00, 4.2077e+00
1.7500e+00, 4.1135e+00
2.0000e+00, 4.0786e+00
2.3750e+00, 4.1178e+00
2.7500e+00, 4.2585e+00
3.1250e+00, 4.5060e+00
3.5000e+00, 4.8821e+00
3.6875e+00, 5.1312e+00
3.8750e+00, 5.4336e+00
4.0625e+00, 5.8001e+00
4.2500e+00, 6.2475e+00
4.4375e+00, 6.7993e+00
4.6250e+00, 7.4896e+00
4.8125e+00, 8.3697e+00
5.0000e+00, 9.5107e+00
5.1107e+00, 1.0356e+01
5.2214e+00, 1.1383e+01
5.3320e+00, 1.2641e+01
5.4427e+00, 1.4212e+01
5.5534e+00, 1.6215e+01
5.6641e+00, 1.8792e+01
5.7194e+00, 2.0409e+01
5.7748e+00, 2.2309e+01
5.8301e+00, 2.4560e+01
5.8854e+00, 2.7258e+01
5.9278e+00, 2.9704e+01
5.9701e+00, 3.2567e+01
6.0124e+00, 3.5952e+01
6.0547e+00, 3.9997e+01
6.0970e+00, 4.4880e+01
6.1393e+00, 5.0838e+01
6.1817e+00, 5.8264e+01
6.2240e+00, 6.7742e+01
6.2533e+00, 7.5925e+01
6.2826e+00, 8.5869e+01
6.3119e+00, 9.8125e+01
6.3412e+00, 1.1348e+02
6.3558e+00, 1.2265e+02
6.3705e+00, 1.3307e+02
6.3851e+00, 1.4497e+02
6.3998e+00, 1.5866e+02
6.4144e+00, 1.7455e+02
6.4291e+00, 1.9314e+02
6.4437e+00, 2.1511e+02
6.4584e+00, 2.4134e+02
6.4714e+00, 2.6920e+02
6.4844e+00, 3.0252e+02
6.4974e+00, 3.4284e+02
6.5104e+00, 3.9232e+02
6.5227e+00, 4.4967e+02
6.5349e+00, 5.2109e+02
6.5410e+00, 5.6348e+02
6.5471e+00, 6.1124e+02
6.5532e+00, 6.6521e+02
6.5593e+00, 7.2633e+02
6.5654e+00, 7.9567e+02
6.5715e+00, 8.7437e+02
6.5776e+00, 9.6370e+02
6.5837e+00, 1.0650e+03
6.5898e+00, 1.1795e+03
6.5959e+00, 1.3086e+03
6.6020e+00, 1.4534e+03
6.6081e+00, 1.6147e+03
6.6168e+00, 1.8738e+03
6.6255e+00, 2.1672e+03
6.6341e+00, 2.4921e+03
6.6428e+00, 2.8421e+03
6.6602e+00, 3.5731e+03
6.6775e+00, 4.2389e+03
6.6856e+00, 4.4862e+03
6.6938e+00, 4.6726e+03
6.7019e+00, 4.7871e+03
6.7100e+00, 4.8226e+03
6.7114e+00, 4.8206e+03
6.7127e+00, 4.8163e+03
6.7163e+00, 4.7941e+03
6.7199e+00, 4.7562e+03
6.7271e+00, 4.6358e+03
6.7343e+00, 4.4609e+03
6.7415e+00, 4.2397e+03
6.7558e+00, 3.6986e+03
6.7702e+00, 3.0966e+03
6.7808e+00, 2.6595e+03
6.7913e+00, 2.2526e+03
6.8019e+00, 1.8896e+03
6.8125e+00, 1.5768e+03
6.8230e+00, 1.3143e+03
6.8336e+00, 1.0986e+03
6.8442e+00, 9.2361e+02
6.8547e+00, 7.8270e+02
6.8611e+00, 7.1181e+02
6.8674e+00, 6.4959e+02
6.8738e+00, 5.9489e+02
6.8801e+00, 5.4671e+02
6.8928e+00, 4.6640e+02
6.9055e+00, 4.0289e+02
6.9171e+00, 3.5579e+02
6.9287e+00, 3.1683e+02
6.9403e+00, 2.8424e+02
6.9520e+00, 2.5669e+02
6.9636e+00, 2.3318e+02
6.9752e+00, 2.1296e+02
6.9868e+00, 1.9542e+02
6.9985e+00, 1.8012e+02
7.0217e+00, 1.5485e+02
7.0450e+00, 1.3498e+02
7.0682e+00, 1.1911e+02
7.0915e+00, 1.0623e+02
7.1168e+00, 9.4775e+01
7.1422e+00, 8.5388e+01
7.1675e+00, 7.7610e+01
7.1929e+00, 7.1108e+01
7.2183e+00, 6.5639e+01
7.2436e+00, 6.1010e+01
7.2690e+00, 5.7075e+01
7.2944e+00, 5.3717e+01
7.3451e+00, 4.8379e+01
7.3958e+00, 4.4470e+01
7.4465e+00, 4.1643e+01
7.4972e+00, 3.9626e+01
7.5649e+00, 3.7927e+01
7.6325e+00, 3.7181e+01
7.7128e+00, 3.7354e+01
7.7931e+00, 3.8592e+01
7.8734e+00, 4.0917e+01
7.9538e+00, 4.4463e+01
8.0341e+00, 4.9499e+01
8.0742e+00, 5.2707e+01
8.1144e+00, 5.6468e+01
8.1545e+00, 6.0868e+01
8.1947e+00, 6.6045e+01
8.2348e+00, 7.2204e+01
8.2750e+00, 7.9581e+01
8.3173e+00, 8.8984e+01
8.3595e+00, 1.0053e+02
8.4018e+00, 1.1489e+02
8.4229e+00, 1.2340e+02
8.4441e+00, 1.3301e+02
8.4673e+00, 1.4510e+02
8.4906e+00, 1.5910e+02
8.5138e+00, 1.7545e+02
8.5255e+00, 1.8467e+02
8.5371e+00, 1.9470e+02
8.5487e+00, 2.0562e+02
8.5603e+00, 2.1756e+02
8.5719e+00, 2.3065e+02
8.5836e+00, 2.4502e+02
8.5952e+00, 2.6087e+02
8.6068e+00, 2.7841e+02
8.6184e+00, 2.9789e+02
8.6301e+00, 3.1961e+02
8.6385e+00, 3.3703e+02
8.6470e+00, 3.5599e+02
8.6586e+00, 3.8497e+02
8.6702e+00, 4.1787e+02
8.6818e+00, 4.5544e+02
8.6935e+00, 4.9867e+02
8.7051e+00, 5.4879e+02
8.7167e+00, 6.0740e+02
8.7283e+00, 6.7659e+02
8.7342e+00, 7.1599e+02
8.7400e+00, 7.5914e+02
8.7458e+00, 8.0654e+02
8.7516e+00, 8.5875e+02
8.7574e+00, 9.1642e+02
8.7632e+00, 9.8032e+02
8.7690e+00, 1.0513e+03
8.7748e+00, 1.1304e+03
8.7807e+00, 1.2186e+03
8.7865e+00, 1.3174e+03
8.7923e+00, 1.4280e+03
8.7981e+00, 1.5521e+03
8.8039e+00, 1.6914e+03
8.8097e+00, 1.8476e+03
8.8155e+00, 2.0229e+03
8.8213e+00, 2.2190e+03
8.8271e+00, 2.4381e+03
8.8330e+00, 2.6820e+03
8.8404e+00, 3.0311e+03
8.8478e+00, 3.4259e+03
8.8552e+00, 3.8681e+03
8.8626e+00, 4.3576e+03
8.8699e+00, 4.8923e+03
8.8773e+00, 5.4673e+03
8.8921e+00, 6.7047e+03
8.9064e+00, 7.9322e+03
8.9208e+00, 9.0648e+03
8.9351e+00, 9.9630e+03
8.9422e+00, 1.0284e+04
8.9494e+00, 1.0501e+04
8.9600e+00, 1.0618e+04
8.9653e+00, 1.0580e+04
8.9748e+00, 1.0357e+04
8.9844e+00, 9.9470e+03
8.9939e+00, 9.3789e+03
9.0034e+00, 8.6886e+03
9.0224e+00, 7.1049e+03
9.0415e+00, 5.5041e+03
9.0522e+00, 4.6829e+03
9.0629e+00, 3.9495e+03
9.0736e+00, 3.3135e+03
9.0843e+00, 2.7751e+03
9.0950e+00, 2.3279e+03
9.1058e+00, 1.9613e+03
9.1165e+00, 1.6635e+03
9.1272e+00, 1.4225e+03
9.1350e+00, 1.2765e+03
9.1428e+00, 1.1512e+03
9.1535e+00, 1.0065e+03
9.1642e+00, 8.8771e+02
9.1749e+00, 7.8928e+02
9.1856e+00, 7.0695e+02
9.1964e+00, 6.3741e+02
9.2071e+00, 5.7814e+02
9.2178e+00, 5.2719e+02
9.2285e+00, 4.8304e+02
9.2392e+00, 4.4451e+02
9.2499e+00, 4.1069e+02
9.2714e+00, 3.5432e+02
9.2928e+00, 3.0951e+02
9.3142e+00, 2.7330e+02
9.3356e+00, 2.4362e+02
9.3571e+00, 2.1900e+02
9.3785e+00, 1.9834e+02
9.3999e+00, 1.8088e+02
9.4214e+00, 1.6601e+02
9.4428e+00, 1.5330e+02
9.4642e+00, 1.4237e+02
9.4857e+00, 1.3296e+02
9.5285e+00, 1.1782e+02
9.5714e+00, 1.0658e+02
9.6142e+00, 9.8401e+01
9.6571e+00, 9.2767e+01
9.7039e+00, 8.9186e+01
9.7506e+00, 8.8175e+01
9.7779e+00, 8.8822e+01
9.8052e+00, 9.0472e+01
9.8325e+00, 9.3252e+01
9.8597e+00, 9.7349e+01
9.8870e+00, 1.0303e+02
9.9143e+00, 1.1069e+02
9.9416e+00, 1.2088e+02
9.9688e+00, 1.3446e+02
9.9844e+00, 1.4423e+02
1.0000e+01, 1.5586e+02
1.0017e+01, 1.7079e+02
1.0031e+01, 1.8659e+02
1.0046e+01, 2.0562e+02
1.0060e+01, 2.2881e+02
1.0075e+01, 2.5744e+02
1.0089e+01, 2.9326e+02
1.0104e+01, 3.3877e+02
1.0111e+01, 3.6621e+02
1.0118e+01, 3.9740e+02
1.0125e+01, 4.3306e+02
1.0133e+01, 4.7378e+02
1.0144e+01, 5.5013e+02
1.0155e+01, 6.4453e+02
1.0167e+01, 7.6074e+02
1.0178e+01, 9.0230e+02
1.0189e+01, 1.0726e+03
1.0201e+01, 1.2732e+03
1.0212e+01, 1.5037e+03
1.0224e+01, 1.7605e+03
1.0240e+01, 2.1511e+03
1.0256e+01, 2.5458e+03
1.0272e+01, 2.9000e+03
1.0287e+01, 3.1644e+03
1.0299e+01, 3.2740e+03
1.0310e+01, 3.3092e+03
1.0316e+01, 3.2978e+03
1.0326e+01, 3.2306e+03
1.0336e+01, 3.1076e+03
1.0346e+01, 2.9369e+03
1.0356e+01, 2.7291e+03
1.0376e+01, 2.2489e+03
1.0396e+01, 1.7587e+03
1.0407e+01, 1.5067e+03
1.0418e+01, 1.2799e+03
1.0429e+01, 1.0813e+03
1.0440e+01, 9.1153e+02
1.0451e+01, 7.6916e+02
1.0462e+01, 6.5144e+02
1.0474e+01, 5.5502e+02
1.0485e+01, 4.7644e+02
1.0496e+01, 4.1241e+02
1.0507e+01, 3.6020e+02
1.0518e+01, 3.1735e+02
1.0529e+01, 2.8191e+02
1.0540e+01, 2.5233e+02
1.0552e+01, 2.2745e+02
1.0563e+01, 2.0631e+02
1.0574e+01, 1.8819e+02
1.0585e+01, 1.7252e+02
1.0596e+01, 1.5888e+02
1.0618e+01, 1.3637e+02
1.0641e+01, 1.1865e+02
1.0663e+01, 1.0444e+02
1.0684e+01, 9.3305e+01
1.0705e+01, 8.4008e+01
1.0727e+01, 7.6148e+01
1.0748e+01, 6.9431e+01
1.0769e+01, 6.3640e+01
1.0791e+01, 5.8607e+01
1.0833e+01, 5.0329e+01
1.0876e+01, 4.3842e+01
1.0918e+01, 3.8658e+01
1.0961e+01, 3.4444e+01
1.1003e+01, 3.0970e+01
1.1052e+01, 2.7680e+01
1.1101e+01, 2.4940e+01
1.1149e+01, 2.2631e+01
1.1198e+01, 2.0668e+01
1.1246e+01, 1.8983e+01
1.1295e+01, 1.7524e+01
1.1392e+01, 1.5131e+01
1.1489e+01, 1.3260e+01
1.1587e+01, 1.1764e+01
1.1684e+01, 1.0556e+01
1.1781e+01, 9.5472e+00
1.1903e+01, 8.5031e+00
1.2024e+01, 7.6502e+00
1.2146e+01, 6.9433e+00
1.2267e+01, 6.3500e+00
1.2389e+01, 5.8469e+00
1.2510e+01, 5.4166e+00
1.2632e+01, 5.0465e+00
1.2754e+01, 4.7339e+00
1.2997e+01, 4.2047e+00
1.3240e+01, 3.7962e+00
1.3483e+01, 3.4786e+00
1.3726e+01, 3.2313e+00
1.4050e+01, 2.9878e+00
1.4374e+01, 2.8233e+00
1.4698e+01, 2.7246e+00
1.5023e+01, 2.6882e+00
1.5282e+01, 2.7051e+00
1.5541e+01, 2.7669e+00
1.5800e+01, 2.8815e+00
1.6060e+01, 3.0628e+00
1.6319e+01, 3.3305e+00
1.6449e+01, 3.5074e+00
1.6578e+01, 3.7255e+00
1.6708e+01, 3.9920e+00
1.6838e+01, 4.3198e+00
1.6967e+01, 4.7274e+00
1.7097e+01, 5.2405e+00
1.7202e+01, 5.7609e+00
1.7308e+01, 6.4010e+00
1.7413e+01, 7.1978e+00
1.7518e+01, 8.2258e+00
1.7571e+01, 8.8531e+00
1.7624e+01, 9.5752e+00
1.7676e+01, 1.0412e+01
1.7729e+01, 1.1391e+01
1.7782e+01, 1.2544e+01
1.7834e+01, 1.3916e+01
1.7887e+01, 1.5564e+01
1.7940e+01, 1.7567e+01
1.7984e+01, 1.9630e+01
1.8029e+01, 2.2134e+01
1.8073e+01, 2.5219e+01
1.8118e+01, 2.9078e+01
1.8163e+01, 3.3999e+01
1.8185e+01, 3.6987e+01
1.8207e+01, 4.0419e+01
1.8229e+01, 4.4394e+01
1.8252e+01, 4.9032e+01
1.8274e+01, 5.4499e+01
1.8296e+01, 6.1017e+01
1.8312e+01, 6.6590e+01
1.8329e+01, 7.3030e+01
1.8351e+01, 8.3704e+01
1.8373e+01, 9.7171e+01
1.8384e+01, 1.0530e+02
1.8396e+01, 1.1459e+02
1.8407e+01, 1.2529e+02
1.8418e+01, 1.3769e+02
1.8429e+01, 1.5220e+02
1.8440e+01, 1.6925e+02
1.8451e+01, 1.8940e+02
1.8462e+01, 2.1334e+02
1.8474e+01, 2.4188e+02
1.8485e+01, 2.7594e+02
1.8490e+01, 2.9537e+02
1.8496e+01, 3.1657e+02
1.8501e+01, 3.3970e+02
1.8507e+01, 3.6491e+02
1.8516e+01, 4.1102e+02
1.8525e+01, 4.6370e+02
1.8534e+01, 5.2350e+02
1.8543e+01, 5.9082e+02
1.8553e+01, 6.6609e+02
1.8562e+01, 7.4925e+02
1.8571e+01, 8.4032e+02
1.8580e+01, 9.3858e+02
1.8591e+01, 1.0675e+03
1.8602e+01, 1.2035e+03
1.8613e+01, 1.3434e+03
1.8624e+01, 1.4832e+03
1.8650e+01, 1.7811e+03
1.8663e+01, 1.8995e+03
1.8676e+01, 1.9872e+03
1.8688e+01, 2.0356e+03
1.8700e+01, 2.0513e+03
1.8712e+01, 2.0333e+03
1.8728e+01, 1.9562e+03
1.8744e+01, 1.8262e+03
1.8760e+01, 1.6562e+03
1.8777e+01, 1.4618e+03
1.8801e+01, 1.1559e+03
1.8826e+01, 8.7358e+02
1.8838e+01, 7.4996e+02
1.8850e+01, 6.4033e+02
1.8862e+01, 5.4492e+02
1.8874e+01, 4.6323e+02
1.8885e+01, 4.0381e+02
1.8895e+01, 3.5275e+02
1.8906e+01, 3.0914e+02
1.8916e+01, 2.7204e+02
1.8926e+01, 2.4056e+02
1.8937e+01, 2.1386e+02
1.8947e+01, 1.9118e+02
1.8958e+01, 1.7188e+02
1.8968e+01, 1.5539e+02
1.8978e+01, 1.4124e+02
1.8989e+01, 1.2902e+02
1.8999e+01, 1.1841e+02
1.9010e+01, 1.0915e+02
1.9020e+01, 1.0101e+02
1.9041e+01, 8.7433e+01
1.9058e+01, 7.8347e+01
1.9075e+01, 7.0709e+01
1.9092e+01, 6.4216e+01
1.9109e+01, 5.8646e+01
1.9126e+01, 5.3822e+01
1.9144e+01, 4.9615e+01
1.9178e+01, 4.2664e+01
1.9210e+01, 3.7536e+01
1.9241e+01, 3.3357e+01
1.9273e+01, 2.9902e+01
1.9305e+01, 2.7013e+01
1.9337e+01, 2.4574e+01
1.9369e+01, 2.2496e+01
1.9401e+01, 2.0715e+01
1.9432e+01, 1.9178e+01
1.9496e+01, 1.6681e+01
1.9560e+01, 1.4766e+01
1.9623e+01, 1.3266e+01
1.9687e+01, 1.2077e+01
1.9765e+01, 1.0938e+01
1.9843e+01, 1.0077e+01
1.9922e+01, 9.4308e+00
2.0000e+01, 8.9586e+00
2.0130e+01, 8.4669e+00
2.0261e+01, 8.2718e+00
2.0383e+01, 8.3314e+00
2.0506e+01, 8.6208e+00
2.0628e+01, 9.1590e+00
2.0750e+01, 9.9839e+00
2.0811e+01, 1.0525e+01
2.0872e+01, 1.1178e+01
2.0934e+01, 1.1963e+01
2.0995e+01, 1.2904e+01
2.1056e+01, 1.4033e+01
2.1117e+01, 1.5396e+01
2.1178e+01, 1.7053e+01
2.1239e+01, 1.9084e+01
2.1305e+01, 2.1788e+01
2.1370e+01, 2.5242e+01
2.1402e+01, 2.7342e+01
2.1435e+01, 2.9759e+01
2.1468e+01, 3.2560e+01
2.1500e+01, 3.5830e+01
2.1533e+01, 3.9681e+01
2.1565e+01, 4.4257e+01
2.1598e+01, 4.9752e+01
2.1631e+01, 5.6437e+01
2.1663e+01, 6.4692e+01
2.1696e+01, 7.5064e+01
2.1712e+01, 8.1292e+01
2.1728e+01, 8.8392e+01
2.1745e+01, 9.6556e+01
2.1761e+01, 1.0601e+02
2.1784e+01, 1.2171e+02
2.1806e+01, 1.4157e+02
2.1817e+01, 1.5355e+02
2.1828e+01, 1.6726e+02
2.1840e+01, 1.8302e+02
2.1851e+01, 2.0126e+02
2.1862e+01, 2.2246e+02
2.1873e+01, 2.4722e+02
2.1884e+01, 2.7623e+02
2.1896e+01, 3.1029e+02
2.1907e+01, 3.5032e+02
2.1918e+01, 3.9732e+02
2.1929e+01, 4.5236e+02
2.1940e+01, 5.1654e+02
2.1953e+01, 5.9822e+02
2.1965e+01, 6.9322e+02
2.1977e+01, 8.0240e+02
2.1989e+01, 9.2610e+02
2.2002e+01, 1.0640e+03
2.2014e+01, 1.2147e+03
2.2038e+01, 1.5446e+03
2.2060e+01, 1.8529e+03
2.2083e+01, 2.1361e+03
2.2105e+01, 2.3567e+03
2.2116e+01, 2.4328e+03
2.2127e+01, 2.4816e+03
2.2140e+01, 2.5015e+03
2.2147e+01, 2.4955e+03
2.2165e+01, 2.4222e+03
2.2184e+01, 2.2742e+03
2.2202e+01, 2.0677e+03
2.2221e+01, 1.8241e+03
2.2245e+01, 1.4918e+03
2.2269e+01, 1.1748e+03
2.2281e+01, 1.0309e+03
2.2293e+01, 8.9965e+02
2.2304e+01, 7.8190e+02
2.2316e+01, 6.7796e+02
2.2327e+01, 5.9722e+02
2.2337e+01, 5.2638e+02
2.2348e+01, 4.6454e+02
2.2359e+01, 4.1097e+02
2.2369e+01, 3.6468e+02
2.2380e+01, 3.2487e+02
2.2390e+01, 2.9064e+02
2.2401e+01, 2.6121e+02
2.2411e+01, 2.3586e+02
2.2422e+01, 2.1401e+02
2.2432e+01, 1.9510e+02
2.2443e+01, 1.7868e+02
2.2453e+01, 1.6434e+02
2.2464e+01, 1.5177e+02
2.2485e+01, 1.3091e+02
2.2500e+01, 1.1845e+02
2.2516e+01, 1.0787e+02
2.2531e+01, 9.8792e+01
2.2547e+01, 9.0958e+01
2.2562e+01, 8.4154e+01
2.2578e+01, 7.8218e+01
2.2609e+01, 6.8473e+01
2.2639e+01, 6.1022e+01
2.2670e+01, 5.5489e+01
2.2701e+01, 5.1767e+01
2.2717e+01, 5.0625e+01
2.2732e+01, 5.0015e+01
2.2755e+01, 5.0197e+01
2.2777e+01, 5.1826e+01
2.2793e+01, 5.3990e+01
2.2809e+01, 5.7016e+01
2.2826e+01, 6.0877e+01
2.2842e+01, 6.5464e+01
2.2906e+01, 8.5798e+01
2.2918e+01, 8.8554e+01
2.2939e+01, 9.1767e+01
2.2960e+01, 9.2182e+01
2.2978e+01, 9.0123e+01
2.2996e+01, 8.5958e+01
2.3019e+01, 7.8360e+01
2.3041e+01, 6.9075e+01
2.3086e+01, 4.9804e+01
2.3110e+01, 4.1025e+01
2.3122e+01, 3.7227e+01
2.3134e+01, 3.3846e+01
2.3146e+01, 3.0867e+01
2.3158e+01, 2.8270e+01
2.3170e+01, 2.6021e+01
2.3182e+01, 2.4084e+01
2.3200e+01, 2.1610e+01
2.3218e+01, 1.9650e+01
2.3237e+01, 1.8084e+01
2.3255e+01, 1.6814e+01
2.3274e+01, 1.5766e+01
2.3292e+01, 1.4884e+01
2.3329e+01, 1.3471e+01
2.3366e+01, 1.2370e+01
2.3403e+01, 1.1474e+01
2.3477e+01, 1.0074e+01
2.3550e+01, 9.0096e+00
2.3624e+01, 8.1674e+00
2.3698e+01, 7.4828e+00
2.3771e+01, 6.9173e+00
2.3845e+01, 6.4450e+00
2.3919e+01, 6.0443e+00
2.4066e+01, 5.4014e+00
2.4214e+01, 4.9238e+00
2.4361e+01, 4.5698e+00
2.4509e+01, 4.3115e+00
2.4656e+01, 4.1309e+00
2.4804e+01, 4.0165e+00
2.4951e+01, 3.9616e+00
2.5125e+01, 3.9696e+00
2.5298e+01, 4.0574e+00
2.5471e+01, 4.2331e+00
2.5645e+01, 4.5136e+00
2.5818e+01, 4.9281e+00
2.5905e+01, 5.1997e+00
2.5992e+01, 5.5254e+00
2.6079e+01, 5.9158e+00
2.6165e+01, 6.3833e+00
2.6252e+01, 6.9493e+00
2.6339e+01, 7.6485e+00
2.6443e+01, 8.7228e+00
2.6495e+01, 9.3855e+00
2.6547e+01, 1.0156e+01
2.6599e+01, 1.1059e+01
2.6651e+01, 1.2126e+01
2.6703e+01, 1.3401e+01
2.6755e+01, 1.4946e+01
2.6801e+01, 1.6589e+01
2.6846e+01, 1.8592e+01
2.6892e+01, 2.1075e+01
2.6937e+01, 2.4214e+01
2.6960e+01, 2.6109e+01
2.6983e+01, 2.8279e+01
2.7006e+01, 3.0785e+01
2.7028e+01, 3.3706e+01
2.7051e+01, 3.7149e+01
2.7074e+01, 4.1260e+01
2.7097e+01, 4.6244e+01
2.7119e+01, 5.2395e+01
2.7143e+01, 6.0570e+01
2.7155e+01, 6.5536e+01
2.7167e+01, 7.1241e+01
2.7179e+01, 7.7847e+01
2.7191e+01, 8.5525e+01
2.7203e+01, 9.4509e+01
2.7215e+01, 1.0505e+02
2.7227e+01, 1.1746e+02
2.7239e+01, 1.3210e+02
2.7251e+01, 1.4936e+02
2.7263e+01, 1.6964e+02
2.7275e+01, 1.9344e+02
2.7286e+01, 2.2117e+02
2.7298e+01, 2.5331e+02
2.7310e+01, 2.9015e+02
2.7319e+01, 3.2012e+02
2.7330e+01, 3.6140e+02
2.7341e+01, 4.0685e+02
2.7352e+01, 4.5633e+02
2.7362e+01, 5.0950e+02
2.7373e+01, 5.6586e+02
2.7384e+01, 6.2453e+02
2.7406e+01, 7.4487e+02
2.7431e+01, 8.7657e+02
2.7455e+01, 9.8446e+02
2.7478e+01, 1.0471e+03
2.7489e+01, 1.0634e+03
2.7500e+01, 1.0688e+03
2.7513e+01, 1.0613e+03
2.7533e+01, 1.0211e+03
2.7553e+01, 9.5040e+02
2.7573e+01, 8.5697e+02
2.7593e+01, 7.5022e+02
2.7618e+01, 6.1453e+02
2.7643e+01, 4.8713e+02
2.7655e+01, 4.2960e+02
2.7667e+01, 3.7717e+02
2.7680e+01, 3.3016e+02
2.7692e+01, 2.8865e+02
2.7704e+01, 2.5241e+02
2.7717e+01, 2.2116e+02
2.7729e+01, 1.9447e+02
2.7742e+01, 1.7187e+02
2.7754e+01, 1.5283e+02
2.7766e+01, 1.3690e+02
2.7779e+01, 1.2358e+02
2.7791e+01, 1.1251e+02
2.7803e+01, 1.0329e+02
2.7816e+01, 9.5621e+01
2.7828e+01, 8.9252e+01
2.7840e+01, 8.3966e+01
2.7865e+01, 7.5953e+01
2.7890e+01, 7.0545e+01
2.7918e+01, 6.6721e+01
2.7946e+01, 6.4867e+01
2.7980e+01, 6.4815e+01
2.8013e+01, 6.6963e+01
2.8047e+01, 7.1472e+01
2.8064e+01, 7.4756e+01
2.8080e+01, 7.8861e+01
2.8097e+01, 8.3938e+01
2.8114e+01, 9.0197e+01
2.8131e+01, 9.7923e+01
2.8148e+01, 1.0751e+02
2.8164e+01, 1.1949e+02
2.8181e+01, 1.3460e+02
2.8198e+01, 1.5379e+02
2.8206e+01, 1.6530e+02
2.8215e+01, 1.7832e+02
2.8222e+01, 1.9064e+02
2.8229e+01, 2.0431e+02
2.8236e+01, 2.1949e+02
2.8243e+01, 2.3634e+02
2.8250e+01, 2.5503e+02
2.8257e+01, 2.7573e+02
2.8264e+01, 2.9864e+02
2.8271e+01, 3.2392e+02
2.8282e+01, 3.6677e+02
2.8292e+01, 4.1597e+02
2.8303e+01, 4.7211e+02
2.8313e+01, 5.3565e+02
2.8324e+01, 6.0696e+02
2.8335e+01, 6.8602e+02
2.8345e+01, 7.7276e+02
2.8356e+01, 8.6674e+02
2.8371e+01, 1.0108e+03
2.8386e+01, 1.1642e+03
2.8416e+01, 1.4784e+03
2.8435e+01, 1.6663e+03
2.8455e+01, 1.8227e+03
2.8477e+01, 1.9452e+03
2.8489e+01, 1.9768e+03
2.8500e+01, 1.9870e+03
2.8511e+01, 1.9752e+03
2.8531e+01, 1.9051e+03
2.8550e+01, 1.7794e+03
2.8570e+01, 1.6108e+03
2.8589e+01, 1.4156e+03
2.8633e+01, 9.5969e+02
2.8656e+01, 7.5843e+02
2.8667e+01, 6.6918e+02
2.8678e+01, 5.8823e+02
2.8688e+01, 5.2134e+02
2.8698e+01, 4.6144e+02
2.8708e+01, 4.0818e+02
2.8718e+01, 3.6116e+02
2.8728e+01, 3.1991e+02
2.8738e+01, 2.8390e+02
2.8748e+01, 2.5260e+02
2.8758e+01, 2.2548e+02
2.8768e+01, 2.0199e+02
2.8779e+01, 1.8173e+02
2.8789e+01, 1.6421e+02
2.8799e+01, 1.4906e+02
2.8809e+01, 1.3593e+02
2.8819e+01, 1.2451e+02
2.8829e+01, 1.1455e+02
2.8839e+01, 1.0582e+02
2.8859e+01, 9.1348e+01
2.8880e+01, 7.9931e+01
2.8900e+01, 7.0740e+01
2.8920e+01, 6.3214e+01
2.8940e+01, 5.6945e+01
2.8960e+01, 5.1656e+01
2.8981e+01, 4.7140e+01
2.9001e+01, 4.3244e+01
2.9021e+01, 3.9853e+01
2.9041e+01, 3.6883e+01
2.9082e+01, 3.1939e+01
2.9122e+01, 2.8010e+01
2.9162e+01, 2.4834e+01
2.9192e+01, 2.2890e+01
2.9232e+01, 2.0612e+01
2.9273e+01, 1.8701e+01
2.9313e+01, 1.7084e+01
2.9353e+01, 1.5704e+01
2.9394e+01, 1.4521e+01
2.9434e+01, 1.3502e+01
2.9515e+01, 1.1864e+01
2.9596e+01, 1.0648e+01
2.9677e+01, 9.7740e+00
2.9757e+01, 9.2033e+00
2.9838e+01, 8.9438e+00
2.9897e+01, 8.9864e+00
2.9956e+01, 9.2903e+00
2.9985e+01, 9.5759e+00
3.0015e+01, 9.9832e+00
3.0046e+01, 1.0594e+01
3.0077e+01, 1.1463e+01
3.0108e+01, 1.2710e+01
3.0124e+01, 1.3535e+01
3.0140e+01, 1.4540e+01
3.0155e+01, 1.5772e+01
3.0171e+01, 1.7287e+01
3.0186e+01, 1.9159e+01
3.0202e+01, 2.1474e+01
3.0218e+01, 2.4332e+01
3.0233e+01, 2.7848e+01
3.0249e+01, 3.2142e+01
3.0264e+01, 3.7331e+01
3.0279e+01, 4.3131e+01
3.0294e+01, 4.9875e+01
3.0308e+01, 5.7591e+01
3.0323e+01, 6.6251e+01
3.0353e+01, 8.5950e+01
3.0382e+01, 1.0727e+02
3.0404e+01, 1.2265e+02
3.0423e+01, 1.3424e+02
3.0442e+01, 1.4331e+02
3.0461e+01, 1.4904e+02
3.0480e+01, 1.5092e+02
3.0500e+01, 1.4849e+02
3.0520e+01, 1.4174e+02
3.0543e+01, 1.3017e+02
3.0565e+01, 1.1557e+02
3.0610e+01, 8.3312e+01
3.0627e+01, 7.1091e+01
3.0645e+01, 5.9970e+01
3.0663e+01, 5.0183e+01
3.0681e+01, 4.1814e+01
3.0699e+01, 3.4828e+01
3.0716e+01, 2.9110e+01
3.0734e+01, 2.4498e+01
3.0752e+01, 2.0818e+01
3.0770e+01, 1.7892e+01
3.0788e+01, 1.5569e+01
3.0806e+01, 1.3718e+01
3.0823e+01, 1.2230e+01
3.0841e+01, 1.1023e+01
3.0859e+01, 1.0032e+01
3.0877e+01, 9.2066e+00
3.0895e+01, 8.5119e+00
3.0913e+01, 7.9192e+00
3.0930e+01, 7.4084e+00
3.0966e+01, 6.5734e+00
3.1002e+01, 5.9204e+00
3.1037e+01, 5.3964e+00
3.1071e+01, 4.9901e+00
3.1105e+01, 4.6475e+00
3.1138e+01, 4.3548e+00
3.1205e+01, 3.8804e+00
3.1272e+01, 3.5123e+00
3.1339e+01, 3.2186e+00
3.1407e+01, 2.9790e+00
3.1474e+01, 2.7798e+00
3.1608e+01, 2.4648e+00
3.1742e+01, 2.2240e+00
3.1876e+01, 2.0343e+00
3.2011e+01, 1.8808e+00
3.2145e+01, 1.7551e+00
3.2346e+01, 1.6019e+00
3.2548e+01, 1.4777e+00
3.2749e+01, 1.3766e+00
3.2950e+01, 1.2932e+00
3.3353e+01, 1.1656e+00
3.3756e+01, 1.0756e+00
3.4158e+01, 1.0137e+00
3.4561e+01, 9.7172e-01
3.4964e+01, 9.4709e-01
3.5367e+01, 9.3988e-01
3.5652e+01, 9.4714e-01
3.5937e+01, 9.6660e-01
3.6222e+01, 1.0005e+00
3.6508e+01, 1.0536e+00
3.6793e+01, 1.1340e+00
3.6935e+01, 1.1872e+00
3.7078e+01, 1.2525e+00
3.7221e+01, 1.3353e+00
3.7363e+01, 1.4399e+00
3.7506e+01, 1.5737e+00
3.7649e+01, 1.7477e+00
3.7741e+01, 1.8889e+00
3.7833e+01, 2.0604e+00
3.7925e+01, 2.2731e+00
3.8018e+01, 2.5411e+00
3.8110e+01, 2.8847e+00
3.8156e+01, 3.0940e+00
3.8202e+01, 3.3350e+00
3.8248e+01, 3.6146e+00
3.8295e+01, 3.9414e+00
3.8341e+01, 4.3270e+00
3.8387e+01, 4.7873e+00
3.8433e+01, 5.3440e+00
3.8479e+01, 6.0273e+00
3.8525e+01, 6.8808e+00
3.8571e+01, 7.9683e+00
3.8595e+01, 8.6294e+00
3.8618e+01, 9.3905e+00
3.8641e+01, 1.0275e+01
3.8664e+01, 1.1314e+01
3.8687e+01, 1.2550e+01
3.8710e+01, 1.4043e+01
3.8733e+01, 1.5879e+01
3.8756e+01, 1.8183e+01
3.8769e+01, 1.9701e+01
3.8781e+01, 2.1449e+01
3.8794e+01, 2.3479e+01
3.8806e+01, 2.5845e+01
3.8819e+01, 2.8623e+01
3.8832e+01, 3.1891e+01
3.8844e+01, 3.5755e+01
3.8857e+01, 4.0322e+01
3.8869e+01, 4.5731e+01
3.8882e+01, 5.2119e+01
3.8894e+01, 5.9655e+01
3.8907e+01, 6.8493e+01
3.8920e+01, 7.8819e+01
3.8932e+01, 9.0780e+01
3.8945e+01, 1.0454e+02
3.8957e+01, 1.2021e+02
3.8970e+01, 1.3789e+02
3.8983e+01, 1.5756e+02
3.8995e+01, 1.7922e+02
3.9008e+01, 2.0270e+02
3.9020e+01, 2.2781e+02
3.9033e+01, 2.5417e+02
3.9058e+01, 3.0891e+02
3.9075e+01, 3.4505e+02
3.9101e+01, 3.9720e+02
3.9128e+01, 4.3734e+02
3.9149e+01, 4.5680e+02
3.9170e+01, 4.6334e+02
3.9192e+01, 4.5540e+02
3.9209e+01, 4.4035e+02
3.9225e+01, 4.1842e+02
3.9241e+01, 3.9083e+02
3.9258e+01, 3.5905e+02
3.9281e+01, 3.1012e+02
3.9304e+01, 2.6011e+02
3.9327e+01, 2.1250e+02
3.9350e+01, 1.6978e+02
3.9370e+01, 1.3779e+02
3.9380e+01, 1.2367e+02
3.9390e+01, 1.1081e+02
3.9400e+01, 9.9165e+01
3.9410e+01, 8.8689e+01
3.9420e+01, 7.9318e+01
3.9430e+01, 7.0984e+01
3.9439e+01, 6.3591e+01
3.9449e+01, 5.7064e+01
3.9459e+01, 5.1320e+01
3.9469e+01, 4.6282e+01
3.9479e+01, 4.1860e+01
3.9489e+01, 3.7989e+01
3.9499e+01, 3.4600e+01
3.9509e+01, 3.1635e+01
3.9528e+01, 2.7078e+01
3.9546e+01, 2.3481e+01
3.9564e+01, 2.0610e+01
3.9583e+01, 1.8293e+01
3.9601e+01, 1.6395e+01
3.9620e+01, 1.4821e+01
3.9638e+01, 1.3497e+01
3.9656e+01, 1.2370e+01
3.9675e+01, 1.1401e+01
3.9693e+01, 1.0559e+01
3.9730e+01, 9.1716e+00
3.9767e+01, 8.0791e+00
3.9804e+01, 7.2010e+00
3.9853e+01, 6.2721e+00
3.9902e+01, 5.5451e+00
3.9951e+01, 4.9655e+00
4.0000e+01, 4.4969e+00
4.0053e+01, 4.0858e+00
4.0106e+01, 3.7520e+00
4.0159e+01, 3.4789e+00
4.0212e+01, 3.2545e+00
4.0265e+01, 3.0693e+00
4.0318e+01, 2.9166e+00
4.0424e+01, 2.6896e+00
4.0530e+01, 2.5484e+00
4.0637e+01, 2.4810e+00
4.0743e+01, 2.4845e+00
4.0849e+01, 2.5669e+00
4.0908e+01, 2.6567e+00
4.0968e+01, 2.7877e+00
4.1028e+01, 2.9722e+00
4.1087e+01, 3.2299e+00
4.1147e+01, 3.5933e+00
4.1177e+01, 3.8312e+00
4.1207e+01, 4.1206e+00
4.1237e+01, 4.4777e+00
4.1267e+01, 4.9264e+00
4.1296e+01, 5.5032e+00
4.1326e+01, 6.2643e+00
4.1353e+01, 7.1671e+00
4.1366e+01, 7.7270e+00
4.1379e+01, 8.3791e+00
4.1392e+01, 9.1423e+00
4.1406e+01, 1.0037e+01
4.1419e+01, 1.1089e+01
4.1432e+01, 1.2327e+01
4.1446e+01, 1.3784e+01
4.1459e+01, 1.5493e+01
4.1472e+01, 1.7491e+01
4.1485e+01, 1.9819e+01
4.1499e+01, 2.2511e+01
4.1512e+01, 2.5603e+01
4.1525e+01, 2.9123e+01
4.1538e+01, 3.3089e+01
4.1552e+01, 3.7802e+01
4.1567e+01, 4.3016e+01
4.1595e+01, 5.4779e+01
4.1651e+01, 8.0868e+01
4.1671e+01, 8.9436e+01
4.1691e+01, 9.6769e+01
4.1710e+01, 1.0242e+02
4.1730e+01, 1.0598e+02
4.1750e+01, 1.0717e+02
4.1770e+01, 1.0591e+02
4.1789e+01, 1.0231e+02
4.1806e+01, 9.7545e+01
4.1823e+01, 9.1513e+01
4.1857e+01, 7.6912e+01
4.1889e+01, 6.2053e+01
4.1921e+01, 4.8034e+01
4.1937e+01, 4.1747e+01
4.1953e+01, 3.6071e+01
4.1969e+01, 3.1037e+01
4.1985e+01, 2.6654e+01
4.1999e+01, 2.3223e+01
4.2013e+01, 2.0267e+01
4.2028e+01, 1.7744e+01
4.2042e+01, 1.5607e+01
4.2057e+01, 1.3806e+01
4.2071e+01, 1.2297e+01
4.2085e+01, 1.1033e+01
4.2100e+01, 9.9784e+00
4.2114e+01, 9.0951e+00
4.2129e+01, 8.3547e+00
4.2143e+01, 7.7319e+00
4.2157e+01, 7.2058e+00
4.2186e+01, 6.3781e+00
4.2215e+01, 5.7695e+00
4.2248e+01, 5.2520e+00
4.2282e+01, 4.8749e+00
4.2315e+01, 4.5985e+00
4.2349e+01, 4.3979e+00
4.2382e+01, 4.2571e+00
4.2415e+01, 4.1655e+00
4.2482e+01, 4.1058e+00
4.2540e+01, 4.1715e+00
4.2597e+01, 4.3438e+00
4.2655e+01, 4.6347e+00
4.2713e+01, 5.0708e+00
4.2741e+01, 5.3575e+00
4.2770e+01, 5.7015e+00
4.2799e+01, 6.1152e+00
4.2828e+01, 6.6155e+00
4.2857e+01, 7.2268e+00
4.2885e+01, 7.9836e+00
4.2914e+01, 8.9378e+00
4.2943e+01, 1.0169e+01
4.2970e+01, 1.1704e+01
4.2984e+01, 1.2657e+01
4.2998e+01, 1.3768e+01
4.3011e+01, 1.5074e+01
4.3025e+01, 1.6618e+01
4.3039e+01, 1.8451e+01
4.3052e+01, 2.0636e+01
4.3066e+01, 2.3246e+01
4.3080e+01, 2.6367e+01
4.3093e+01, 3.0094e+01
4.3107e+01, 3.4534e+01
4.3121e+01, 3.9801e+01
4.3134e+01, 4.6014e+01
4.3148e+01, 5.3287e+01
4.3161e+01, 6.1729e+01
4.3177e+01, 7.2591e+01
4.3192e+01, 8.5089e+01
4.3207e+01, 9.9245e+01
4.3222e+01, 1.1499e+02
4.3252e+01, 1.5058e+02
4.3283e+01, 1.8932e+02
4.3319e+01, 2.3405e+02
4.3335e+01, 2.5099e+02
4.3351e+01, 2.6513e+02
4.3367e+01, 2.7579e+02
4.3383e+01, 2.8244e+02
4.3400e+01, 2.8474e+02
4.3414e+01, 2.8297e+02
4.3428e+01, 2.7793e+02
4.3445e+01, 2.6760e+02
4.3462e+01, 2.5325e+02
4.3496e+01, 2.1573e+02
4.3521e+01, 1.8329e+02
4.3547e+01, 1.5069e+02
4.3572e+01, 1.2035e+02
4.3585e+01, 1.0656e+02
4.3598e+01, 9.3867e+01
4.3609e+01, 8.3704e+01
4.3620e+01, 7.4450e+01
4.3632e+01, 6.6081e+01
4.3643e+01, 5.8586e+01
4.3654e+01, 5.1909e+01
4.3665e+01, 4.6009e+01
4.3676e+01, 4.0822e+01
4.3688e+01, 3.6283e+01
4.3699e+01, 3.2324e+01
4.3710e+01, 2.8889e+01
4.3721e+01, 2.5913e+01
4.3733e+01, 2.3339e+01
4.3744e+01, 2.1111e+01
4.3755e+01, 1.9186e+01
4.3766e+01, 1.7519e+01
4.3777e+01, 1.6073e+01
4.3789e+01, 1.4730e+01
4.3801e+01, 1.3570e+01
4.3813e+01, 1.2561e+01
4.3825e+01, 1.1681e+01
4.3849e+01, 1.0226e+01
4.3873e+01, 9.0794e+00
4.3897e+01, 8.1563e+00
4.3921e+01, 7.3987e+00
4.3945e+01, 6.7666e+00
4.3969e+01, 6.2320e+00
4.3993e+01, 5.7742e+00
4.4017e+01, 5.3784e+00
4.4065e+01, 4.7304e+00
4.4113e+01, 4.2247e+00
4.4161e+01, 3.8217e+00
4.4213e+01, 3.4755e+00
4.4264e+01, 3.1949e+00
4.4315e+01, 2.9645e+00
4.4366e+01, 2.7732e+00
4.4437e+01, 2.5592e+00
4.4507e+01, 2.3882e+00
4.4578e+01, 2.2499e+00
4.4648e+01, 2.1373e+00
4.4789e+01, 1.9702e+00
4.4930e+01, 1.8591e+00
4.5071e+01, 1.7843e+00
4.5211e+01, 1.7359e+00
4.5493e+01, 1.6979e+00
4.5775e+01, 1.7172e+00
4.6056e+01, 1.7811e+00
4.6338e+01, 1.8861e+00
4.6620e+01, 2.0343e+00
4.6901e+01, 2.2326e+00
4.7183e+01, 2.4937e+00
4.7465e+01, 2.8379e+00
4.7606e+01, 3.0507e+00
4.7747e+01, 3.2978e+00
4.7913e+01, 3.6440e+00
4.8079e+01, 4.0621e+00
4.8246e+01, 4.5722e+00
4.8412e+01, 5.2129e+00
4.8579e+01, 6.0286e+00
4.8662e+01, 6.5221e+00
4.8745e+01, 7.0873e+00
4.8828e+01, 7.7395e+00
4.8912e+01, 8.4974e+00
4.8995e+01, 9.3857e+00
4.9078e+01, 1.0435e+01
4.9181e+01, 1.2011e+01
4.9283e+01, 1.4003e+01
4.9353e+01, 1.5702e+01
4.9424e+01, 1.7760e+01
4.9494e+01, 2.0289e+01
4.9565e+01, 2.3443e+01
4.9635e+01, 2.7453e+01
4.9670e+01, 2.9881e+01
4.9706e+01, 3.2667e+01
4.9741e+01, 3.5886e+01
4.9776e+01, 3.9637e+01
4.9811e+01, 4.4051e+01
4.9846e+01, 4.9304e+01
4.9872e+01, 5.3787e+01
4.9898e+01, 5.8964e+01
4.9923e+01, 6.5005e+01
4.9949e+01, 7.2128e+01
4.9974e+01, 8.0634e+01
4.9987e+01, 8.5528e+01
5.0000e+01, 9.0934e+01
5.0011e+01, 9.6072e+01
5.0022e+01, 1.0171e+02
5.0033e+01, 1.0791e+02
5.0044e+01, 1.1475e+02
5.0055e+01, 1.2233e+02
5.0066e+01, 1.3074e+02
5.0077e+01, 1.4010e+02
5.0088e+01, 1.5054e+02
5.0099e+01, 1.6223e+02
5.0110e+01, 1.7533e+02
5.0122e+01, 1.9003e+02
5.0133e+01, 2.0653e+02
5.0144e+01, 2.2508e+02
5.0155e+01, 2.4594e+02
5.0166e+01, 2.6935e+02
5.0177e+01, 2.9559e+02
5.0186e+01, 3.1909e+02
5.0195e+01, 3.4477e+02
5.0204e+01, 3.7284e+02
5.0212e+01, 4.0339e+02
5.0221e+01, 4.3664e+02
5.0230e+01, 4.7263e+02
5.0248e+01, 5.5345e+02
5.0266e+01, 6.4661e+02
5.0284e+01, 7.5219e+02
5.0302e+01, 8.6986e+02
5.0320e+01, 9.9823e+02
5.0338e+01, 1.1420e+03
5.0357e+01, 1.2916e+03
5.0394e+01, 1.5892e+03
5.0417e+01, 1.7506e+03
5.0439e+01, 1.8864e+03
5.0461e+01, 1.9869e+03
5.0484e+01, 2.0445e+03
5.0500e+01, 2.0568e+03
5.0508e+01, 2.0533e+03
5.0530e+01, 2.0111e+03
5.0553e+01, 1.9243e+03
5.0575e+01, 1.7996e+03
5.0597e+01, 1.6462e+03
5.0628e+01, 1.4058e+03
5.0659e+01, 1.1576e+03
5.0690e+01, 9.2401e+02
5.0706e+01, 8.1764e+02
5.0721e+01, 7.1983e+02
5.0734e+01, 6.4455e+02
5.0747e+01, 5.7590e+02
5.0760e+01, 5.1383e+02
5.0773e+01, 4.5813e+02
5.0786e+01, 4.0848e+02
5.0799e+01, 3.6450e+02
5.0812e+01, 3.2574e+02
5.0825e+01, 2.9175e+02
5.0838e+01, 2.6199e+02
5.0851e+01, 2.3602e+02
5.0864e+01, 2.1340e+02
5.0877e+01, 1.9371e+02
5.0890e+01, 1.7658e+02
5.0903e+01, 1.6165e+02
5.0916e+01, 1.4862e+02
5.0929e+01, 1.3725e+02
5.0946e+01, 1.2499e+02
5.0962e+01, 1.1457e+02
5.0978e+01, 1.0569e+02
5.0995e+01, 9.8099e+01
5.1011e+01, 9.1608e+01
5.1027e+01, 8.6075e+01
5.1060e+01, 7.7462e+01
5.1092e+01, 7.1723e+01
5.1125e+01, 6.8703e+01
5.1141e+01, 6.8238e+01
5.1157e+01, 6.8508e+01
5.1174e+01, 6.9547e+01
5.1190e+01, 7.1392e+01
5.1211e+01, 7.5040e+01
5.1232e+01, 8.0116e+01
5.1253e+01, 8.6571e+01
5.1274e+01, 9.4255e+01
5.1317e+01, 1.1215e+02
5.1359e+01, 1.3031e+02
5.1385e+01, 1.3958e+02
5.1418e+01, 1.4713e+02
5.1434e+01, 1.4875e+02
5.1450e+01, 1.4878e+02
5.1476e+01, 1.4544e+02
5.1495e+01, 1.4031e+02
5.1515e+01, 1.3321e+02
5.1554e+01, 1.1468e+02
5.1600e+01, 8.9893e+01
5.1623e+01, 7.7862e+01
5.1646e+01, 6.6755e+01
5.1668e+01, 5.6879e+01
5.1691e+01, 4.8377e+01
5.1714e+01, 4.1256e+01
5.1737e+01, 3.5425e+01
5.1761e+01, 3.0436e+01
5.1786e+01, 2.6537e+01
5.1810e+01, 2.3507e+01
5.1835e+01, 2.1148e+01
5.1859e+01, 1.9296e+01
5.1884e+01, 1.7822e+01
5.1908e+01, 1.6627e+01
5.1933e+01, 1.5639e+01
5.1982e+01, 1.4092e+01
5.2031e+01, 1.2924e+01
5.2080e+01, 1.1999e+01
5.2129e+01, 1.1245e+01
5.2220e+01, 1.0151e+01
5.2311e+01, 9.3409e+00
5.2403e+01, 8.7304e+00
5.2494e+01, 8.2727e+00
5.2586e+01, 7.9383e+00
5.2677e+01, 7.7083e+00
5.2768e+01, 7.5707e+00
5.2860e+01, 7.5188e+00
5.2964e+01, 7.5616e+00
5.3069e+01, 7.7160e+00
5.3173e+01, 7.9909e+00
5.3278e+01, 8.4032e+00
5.3382e+01, 8.9789e+00
5.3487e+01, 9.7572e+00
5.3591e+01, 1.0794e+01
5.3696e+01, 1.2178e+01
5.3767e+01, 1.3401e+01
5.3839e+01, 1.4920e+01
5.3911e+01, 1.6831e+01
5.3983e+01, 1.9267e+01
5.4019e+01, 2.0742e+01
5.4055e+01, 2.2432e+01
5.4091e+01, 2.4381e+01
5.4126e+01, 2.6642e+01
5.4162e+01, 2.9291e+01
5.4198e+01, 3.2423e+01
5.4234e+01, 3.6171e+01
5.4270e+01, 4.0719e+01
5.4309e+01, 4.6915e+01
5.4329e+01, 5.0648e+01
5.4348e+01, 5.4923e+01
5.4368e+01, 5.9865e+01
5.4388e+01, 6.5627e+01
5.4407e+01, 7.2423e+01
5.4427e+01, 8.0516e+01
5.4437e+01, 8.5566e+01
5.4448e+01, 9.1168e+01
5.4459e+01, 9.7400e+01
5.4469e+01, 1.0435e+02
5.4480e+01, 1.1213e+02
5.4490e+01, 1.2084e+02
5.4501e+01, 1.3061e+02
5.4512e+01, 1.4160e+02
5.4522e+01, 1.5396e+02
5.4533e+01, 1.6786e+02
5.4543e+01, 1.8349e+02
5.4554e+01, 2.0107e+02
5.4565e+01, 2.2080e+02
5.4575e+01, 2.4292e+02
5.4586e+01, 2.6765e+02
5.4597e+01, 2.9520e+02
5.4611e+01, 3.3850e+02
5.4626e+01, 3.8827e+02
5.4641e+01, 4.4499e+02
5.4655e+01, 5.0902e+02
5.4670e+01, 5.8055e+02
5.4685e+01, 6.5952e+02
5.4699e+01, 7.4559e+02
5.4714e+01, 8.3812e+02
5.4732e+01, 9.5850e+02
5.4750e+01, 1.0843e+03
5.4786e+01, 1.3384e+03
5.4822e+01, 1.5686e+03
5.4840e+01, 1.6616e+03
5.4858e+01, 1.7338e+03
5.4879e+01, 1.7866e+03
5.4900e+01, 1.8042e+03
5.4907e+01, 1.8019e+03
5.4926e+01, 1.7750e+03
5.4945e+01, 1.7190e+03
5.4964e+01, 1.6372e+03
5.4983e+01, 1.5339e+03
5.5010e+01, 1.3652e+03
5.5036e+01, 1.1805e+03
5.5089e+01, 8.1705e+02
5.5111e+01, 6.8194e+02
5.5133e+01, 5.6261e+02
5.5155e+01, 4.6023e+02
5.5178e+01, 3.7462e+02
5.5189e+01, 3.3773e+02
5.5200e+01, 3.0451e+02
5.5211e+01, 2.7472e+02
5.5222e+01, 2.4811e+02
5.5233e+01, 2.2441e+02
5.5244e+01, 2.0336e+02
5.5255e+01, 1.8469e+02
5.5266e+01, 1.6818e+02
5.5286e+01, 1.4372e+02
5.5305e+01, 1.2398e+02
5.5325e+01, 1.0801e+02
5.5344e+01, 9.5016e+01
5.5364e+01, 8.4361e+01
5.5383e+01, 7.5543e+01
5.5403e+01, 6.8171e+01
5.5422e+01, 6.1943e+01
5.5441e+01, 5.6625e+01
5.5461e+01, 5.2041e+01
5.5480e+01, 4.8052e+01
5.5500e+01, 4.4552e+01
5.5539e+01, 3.8708e+01
5.5577e+01, 3.4032e+01
5.5622e+01, 2.9728e+01
5.5666e+01, 2.6248e+01
5.5711e+01, 2.3388e+01
5.5755e+01, 2.1006e+01
5.5800e+01, 1.8998e+01
5.5844e+01, 1.7291e+01
5.5889e+01, 1.5826e+01
5.5933e+01, 1.4558e+01
5.6005e+01, 1.2833e+01
5.6077e+01, 1.1430e+01
5.6150e+01, 1.0272e+01
5.6222e+01, 9.3059e+00
5.6294e+01, 8.4925e+00
5.6366e+01, 7.8020e+00
5.6438e+01, 7.2115e+00
5.6511e+01, 6.7035e+00
5.6655e+01, 5.8832e+00
5.6799e+01, 5.2608e+00
5.6944e+01, 4.7781e+00
5.7088e+01, 4.4010e+00
5.7199e+01, 4.1697e+00
5.7310e+01, 3.9811e+00
5.7533e+01, 3.7097e+00
5.7755e+01, 3.5559e+00
5.7977e+01, 3.5045e+00
5.8155e+01, 3.5351e+00
5.8332e+01, 3.6337e+00
5.8510e+01, 3.8102e+00
5.8688e+01, 4.0820e+00
5.8866e+01, 4.4748e+00
5.8955e+01, 4.7314e+00
5.9043e+01, 5.0404e+00
5.9132e+01, 5.4134e+00
5.9221e+01, 5.8652e+00
5.9310e+01, 6.4161e+00
5.9399e+01, 7.0940e+00
5.9465e+01, 7.7089e+00
5.9532e+01, 8.4389e+00
5.9599e+01, 9.3141e+00
5.9665e+01, 1.0376e+01
5.9727e+01, 1.1564e+01
5.9788e+01, 1.3022e+01
5.9849e+01, 1.4841e+01
5.9910e+01, 1.7153e+01
5.9940e+01, 1.8554e+01
5.9971e+01, 2.0163e+01
6.0001e+01, 2.2025e+01
6.0032e+01, 2.4202e+01
6.0063e+01, 2.6776e+01
6.0093e+01, 2.9861e+01
6.0124e+01, 3.3619e+01
6.0154e+01, 3.8287e+01
6.0185e+01, 4.4219e+01
6.0200e+01, 4.7815e+01
6.0215e+01, 5.1939e+01
6.0231e+01, 5.6703e+01
6.0246e+01, 6.2228e+01
6.0261e+01, 6.8676e+01
6.0276e+01, 7.6218e+01
6.0292e+01, 8.5080e+01
6.0307e+01, 9.5496e+01
6.0322e+01, 1.0776e+02
6.0338e+01, 1.2217e+02
6.0353e+01, 1.3908e+02
6.0368e+01, 1.5883e+02
6.0383e+01, 1.8181e+02
6.0399e+01, 2.0837e+02
6.0411e+01, 2.3302e+02
6.0424e+01, 2.6046e+02
6.0436e+01, 2.9082e+02
6.0449e+01, 3.2415e+02
6.0461e+01, 3.6053e+02
6.0474e+01, 3.9992e+02
6.0486e+01, 4.4218e+02
6.0499e+01, 4.8708e+02
6.0514e+01, 5.4522e+02
6.0529e+01, 6.0615e+02
6.0560e+01, 7.3255e+02
6.0590e+01, 8.5643e+02
6.0621e+01, 9.6583e+02
6.0639e+01, 1.0187e+03
6.0657e+01, 1.0599e+03
6.0675e+01, 1.0878e+03
6.0693e+01, 1.1012e+03
6.0700e+01, 1.1022e+03
6.0714e+01, 1.0972e+03
6.0734e+01, 1.0753e+03
6.0753e+01, 1.0370e+03
6.0773e+01, 9.8439e+02
6.0792e+01, 9.2012e+02
6.0821e+01, 8.0833e+02
6.0851e+01, 6.8785e+02
6.0880e+01, 5.6858e+02
6.0909e+01, 4.5826e+02
6.0934e+01, 3.7526e+02
6.0959e+01, 3.0384e+02
6.0971e+01, 2.7256e+02
6.0983e+01, 2.4419e+02
6.0996e+01, 2.1862e+02
6.1008e+01, 1.9571e+02
6.1021e+01, 1.7527e+02
6.1033e+01, 1.5712e+02
6.1046e+01, 1.4108e+02
6.1058e+01, 1.2694e+02
6.1070e+01, 1.1450e+02
6.1083e+01, 1.0359e+02
6.1095e+01, 9.4023e+01
6.1108e+01, 8.5642e+01
6.1130e+01, 7.3280e+01
6.1151e+01, 6.3449e+01
6.1173e+01, 5.5574e+01
6.1195e+01, 4.9204e+01
6.1217e+01, 4.3992e+01
6.1239e+01, 3.9680e+01
6.1261e+01, 3.6066e+01
6.1283e+01, 3.3002e+01
6.1305e+01, 3.0374e+01
6.1327e+01, 2.8101e+01
6.1371e+01, 2.4370e+01
6.1414e+01, 2.1446e+01
6.1458e+01, 1.9106e+01
6.1517e+01, 1.6643e+01
6.1575e+01, 1.4728e+01
6.1634e+01, 1.3215e+01
6.1692e+01, 1.2003e+01
6.1774e+01, 1.0683e+01
6.1856e+01, 9.6908e+00
6.1937e+01, 8.9427e+00
6.2019e+01, 8.3861e+00
6.2101e+01, 7.9854e+00
6.2183e+01, 7.7170e+00
6.2265e+01, 7.5660e+00
6.2346e+01, 7.5248e+00
6.2417e+01, 7.5760e+00
6.2487e+01, 7.7100e+00
6.2557e+01, 7.9338e+00
6.2627e+01, 8.2590e+00
6.2697e+01, 8.7029e+00
6.2767e+01, 9.2910e+00
6.2837e+01, 1.0061e+01
6.2907e+01, 1.1072e+01
6.2948e+01, 1.1807e+01
6.2989e+01, 1.2679e+01
6.3030e+01, 1.3723e+01
6.3071e+01, 1.4983e+01
6.3112e+01, 1.6527e+01
6.3153e+01, 1.8451e+01
6.3194e+01, 2.0905e+01
6.3214e+01, 2.2403e+01
6.3235e+01, 2.4135e+01
6.3252e+01, 2.5852e+01
6.3270e+01, 2.7831e+01
6.3287e+01, 3.0131e+01
6.3305e+01, 3.2829e+01
6.3322e+01, 3.6019e+01
6.3340e+01, 3.9819e+01
6.3357e+01, 4.4377e+01
6.3375e+01, 4.9870e+01
6.3392e+01, 5.6514e+01
6.3410e+01, 6.4560e+01
6.3427e+01, 7.4298e+01
6.3445e+01, 8.6055e+01
6.3462e+01, 1.0018e+02
6.3480e+01, 1.1704e+02
6.3498e+01, 1.3700e+02
6.3515e+01, 1.6038e+02
6.3533e+01, 1.8746e+02
6.3550e+01, 2.1841e+02
6.3568e+01, 2.5327e+02
6.3585e+01, 2.9189e+02
6.3620e+01, 3.7882e+02
6.3655e+01, 4.7364e+02
6.3696e+01, 5.8195e+02
6.3717e+01, 6.2974e+02
6.3737e+01, 6.7012e+02
6.3769e+01, 7.1299e+02
6.3784e+01, 7.2415e+02
6.3800e+01, 7.2787e+02
6.3806e+01, 7.2722e+02
6.3828e+01, 7.1561e+02
6.3850e+01, 6.9020e+02
6.3872e+01, 6.5265e+02
6.3894e+01, 6.0534e+02
6.3941e+01, 4.8381e+02
6.3988e+01, 3.5825e+02
6.4014e+01, 2.9606e+02
6.4040e+01, 2.4118e+02
6.4065e+01, 1.9453e+02
6.4078e+01, 1.7435e+02
6.4091e+01, 1.5619e+02
6.4104e+01, 1.3997e+02
6.4117e+01, 1.2558e+02
6.4130e+01, 1.1288e+02
6.4142e+01, 1.0175e+02
6.4155e+01, 9.2031e+01
6.4168e+01, 8.3591e+01
6.4181e+01, 7.6289e+01
6.4194e+01, 6.9995e+01
6.4207e+01, 6.4585e+01
6.4220e+01, 5.9956e+01
6.4232e+01, 5.6003e+01
6.4245e+01, 5.2639e+01
6.4271e+01, 4.7375e+01
6.4297e+01, 4.3661e+01
6.4322e+01, 4.1137e+01
6.4348e+01, 3.9555e+01
6.4374e+01, 3.8760e+01
6.4400e+01, 3.8668e+01
6.4432e+01, 3.9518e+01
6.4464e+01, 4.1535e+01
6.4496e+01, 4.4978e+01
6.4512e+01, 4.7371e+01
6.4528e+01, 5.0318e+01
6.4544e+01, 5.3925e+01
6.4560e+01, 5.8314e+01
6.4576e+01, 6.3643e+01
6.4592e+01, 7.0085e+01
6.4608e+01, 7.7856e+01
6.4624e+01, 8.7181e+01
6.4640e+01, 9.8325e+01
6.4657e+01, 1.1157e+02
6.4677e+01, 1.3182e+02
6.4697e+01, 1.5649e+02
6.4718e+01, 1.8610e+02
6.4738e+01, 2.2105e+02
6.4758e+01, 2.6156e+02
6.4779e+01, 3.0754e+02
6.4799e+01, 3.5852e+02
6.4819e+01, 4.1362e+02
6.4843e+01, 4.8085e+02
6.4866e+01, 5.4909e+02
6.4890e+01, 6.1494e+02
6.4914e+01, 6.7462e+02
6.4940e+01, 7.3041e+02
6.4967e+01, 7.6822e+02
6.4984e+01, 7.8079e+02
6.5000e+01, 7.8498e+02
6.5007e+01, 7.8425e+02
6.5025e+01, 7.7500e+02
6.5043e+01, 7.5551e+02
6.5061e+01, 7.2664e+02
6.5080e+01, 6.8970e+02
6.5106e+01, 6.2615e+02
6.5132e+01, 5.5444e+02
6.5184e+01, 4.0632e+02
6.5206e+01, 3.4843e+02
6.5228e+01, 2.9577e+02
6.5250e+01, 2.4925e+02
6.5272e+01, 2.0934e+02
6.5293e+01, 1.7601e+02
6.5315e+01, 1.4898e+02
6.5326e+01, 1.3767e+02
6.5337e+01, 1.2775e+02
6.5348e+01, 1.1914e+02
6.5359e+01, 1.1179e+02
6.5370e+01, 1.0561e+02
6.5381e+01, 1.0054e+02
6.5392e+01, 9.6551e+01
6.5403e+01, 9.3585e+01
6.5414e+01, 9.1605e+01
6.5425e+01, 9.0588e+01
6.5436e+01, 9.0515e+01
6.5447e+01, 9.1377e+01
6.5459e+01, 9.3319e+01
6.5470e+01, 9.6321e+01
6.5482e+01, 1.0040e+02
6.5494e+01, 1.0557e+02
6.5505e+01, 1.1186e+02
6.5517e+01, 1.1927e+02
6.5540e+01, 1.3753e+02
6.5564e+01, 1.6035e+02
6.5587e+01, 1.8749e+02
6.5610e+01, 2.1840e+02
6.5633e+01, 2.5213e+02
6.5661e+01, 2.9356e+02
6.5688e+01, 3.3418e+02
6.5721e+01, 3.7722e+02
6.5754e+01, 4.0871e+02
6.5777e+01, 4.2134e+02
6.5800e+01, 4.2515e+02
6.5817e+01, 4.2197e+02
6.5839e+01, 4.1102e+02
6.5860e+01, 3.9292e+02
6.5881e+01, 3.6874e+02
6.5903e+01, 3.3985e+02
6.5929e+01, 2.9999e+02
6.5955e+01, 2.5822e+02
6.5982e+01, 2.1716e+02
6.6008e+01, 1.7890e+02
6.6037e+01, 1.4244e+02
6.6051e+01, 1.2634e+02
6.6065e+01, 1.1173e+02
6.6079e+01, 9.8599e+01
6.6093e+01, 8.6900e+01
6.6108e+01, 7.6563e+01
6.6122e+01, 6.7502e+01
6.6136e+01, 5.9601e+01
6.6150e+01, 5.2756e+01
6.6164e+01, 4.6852e+01
6.6179e+01, 4.1781e+01
6.6193e+01, 3.7435e+01
6.6207e+01, 3.3717e+01
6.6221e+01, 3.0538e+01
6.6235e+01, 2.7819e+01
6.6252e+01, 2.5180e+01
6.6268e+01, 2.2959e+01
6.6284e+01, 2.1078e+01
6.6300e+01, 1.9477e+01
6.6317e+01, 1.8102e+01
6.6333e+01, 1.6913e+01
6.6365e+01, 1.4965e+01
6.6398e+01, 1.3435e+01
6.6430e+01, 1.2201e+01
6.6463e+01, 1.1181e+01
6.6495e+01, 1.0321e+01
6.6527e+01, 9.5842e+00
6.6560e+01, 8.9463e+00
6.6625e+01, 7.8942e+00
6.6690e+01, 7.0624e+00
6.6755e+01, 6.3890e+00
6.6820e+01, 5.8337e+00
6.6884e+01, 5.3689e+00
6.6949e+01, 4.9751e+00
6.7014e+01, 4.6376e+00
6.7136e+01, 4.1201e+00
6.7258e+01, 3.7131e+00
6.7379e+01, 3.3868e+00
6.7501e+01, 3.1215e+00
6.7623e+01, 2.9034e+00
6.7744e+01, 2.7227e+00
6.7988e+01, 2.4473e+00
6.8231e+01, 2.2511e+00
6.8475e+01, 2.1123e+00
6.8718e+01, 2.0190e+00
6.8961e+01, 1.9627e+00
6.9221e+01, 1.9383e+00
6.9611e+01, 1.9660e+00
6.9805e+01, 2.0102e+00
7.0000e+01, 2.0775e+00
7.0303e+01, 2.2387e+00
7.0455e+01, 2.3515e+00
7.0606e+01, 2.4931e+00
7.0758e+01, 2.6765e+00
7.0909e+01, 2.9189e+00
7.1061e+01, 3.2477e+00
7.1137e+01, 3.4593e+00
7.1212e+01, 3.7161e+00
7.1280e+01, 3.9959e+00
7.1347e+01, 4.3428e+00
7.1414e+01, 4.7846e+00
7.1482e+01, 5.3675e+00
7.1515e+01, 5.7360e+00
7.1549e+01, 6.1771e+00
7.1583e+01, 6.7168e+00
7.1616e+01, 7.3945e+00
7.1650e+01, 8.2728e+00
7.1667e+01, 8.8159e+00
7.1684e+01, 9.4495e+00
7.1701e+01, 1.0195e+01
7.1717e+01, 1.1079e+01
7.1734e+01, 1.2133e+01
7.1751e+01, 1.3394e+01
7.1766e+01, 1.4706e+01
7.1781e+01, 1.6247e+01
7.1795e+01, 1.8059e+01
7.1810e+01, 2.0186e+01
7.1825e+01, 2.2679e+01
7.1840e+01, 2.5587e+01
7.1854e+01, 2.8966e+01
7.1869e+01, 3.2872e+01
7.1884e+01, 3.7361e+01
7.1898e+01, 4.2476e+01
7.1913e+01, 4.8263e+01
7.1928e+01, 5.4752e+01
7.1943e+01, 6.1966e+01
7.1957e+01, 6.9893e+01
7.1987e+01, 8.7786e+01
7.2014e+01, 1.0645e+02
7.2042e+01, 1.2633e+02
7.2069e+01, 1.4638e+02
7.2096e+01, 1.6528e+02
7.2105e+01, 1.7065e+02
7.2136e+01, 1.8758e+02
7.2166e+01, 1.9888e+02
7.2183e+01, 2.0216e+02
7.2200e+01, 2.0326e+02
7.2222e+01, 2.0128e+02
7.2253e+01, 1.9234e+02
7.2284e+01, 1.7724e+02
7.2308e+01, 1.6237e+02
7.2332e+01, 1.4576e+02
7.2380e+01, 1.1099e+02
7.2402e+01, 9.5375e+01
7.2425e+01, 8.0938e+01
7.2448e+01, 6.7979e+01
7.2470e+01, 5.6658e+01
7.2493e+01, 4.7006e+01
7.2515e+01, 3.8963e+01
7.2538e+01, 3.2390e+01
7.2549e+01, 2.9600e+01
7.2560e+01, 2.7109e+01
7.2573e+01, 2.4634e+01
7.2585e+01, 2.2472e+01
7.2598e+01, 2.0590e+01
7.2611e+01, 1.8957e+01
7.2623e+01, 1.7542e+01
7.2636e+01, 1.6318e+01
7.2661e+01, 1.4347e+01
7.2687e+01, 1.2875e+01
7.2712e+01, 1.1771e+01
7.2737e+01, 1.0938e+01
7.2763e+01, 1.0303e+01
7.2788e+01, 9.8147e+00
7.2814e+01, 9.4362e+00
7.2864e+01, 8.9127e+00
7.2915e+01, 8.6018e+00
7.2966e+01, 8.4347e+00
7.3027e+01, 8.3713e+00
7.3089e+01, 8.4262e+00
7.3213e+01, 8.8118e+00
7.3337e+01, 9.5120e+00
7.3461e+01, 1.0522e+01
7.3585e+01, 1.1886e+01
7.3709e+01, 1.3693e+01
7.3771e+01, 1.4807e+01
7.3833e+01, 1.6093e+01
7.3895e+01, 1.7585e+01
7.3957e+01, 1.9324e+01
7.4024e+01, 2.1572e+01
7.4092e+01, 2.4281e+01
7.4142e+01, 2.6696e+01
7.4193e+01, 2.9522e+01
7.4244e+01, 3.2860e+01
7.4294e+01, 3.6841e+01
7.4320e+01, 3.9129e+01
7.4345e+01, 4.1652e+01
7.4370e+01, 4.4444e+01
7.4396e+01, 4.7546e+01
7.4421e+01, 5.1013e+01
7.4446e+01, 5.4905e+01
7.4472e+01, 5.9300e+01
7.4497e+01, 6.4295e+01
7.4528e+01, 7.1405e+01
7.4544e+01, 7.5461e+01
7.4559e+01, 7.9910e+01
7.4575e+01, 8.4813e+01
7.4590e+01, 9.0234e+01
7.4605e+01, 9.6260e+01
7.4621e+01, 1.0298e+02
7.4636e+01, 1.1051e+02
7.4652e+01, 1.1899e+02
7.4667e+01, 1.2858e+02
7.4683e+01, 1.3946e+02
7.4698e+01, 1.5186e+02
7.4714e+01, 1.6603e+02
7.4729e+01, 1.8227e+02
7.4745e+01, 2.0092e+02
7.4757e+01, 2.1724e+02
7.4769e+01, 2.3540e+02
7.4781e+01, 2.5565e+02
7.4793e+01, 2.7818e+02
7.4805e+01, 3.0326e+02
7.4817e+01, 3.3108e+02
7.4829e+01, 3.6196e+02
7.4841e+01, 3.9607e+02
7.4853e+01, 4.3373e+02
7.4864e+01, 4.7511e+02
7.4876e+01, 5.2048e+02
7.4888e+01, 5.6996e+02
7.4912e+01, 6.8196e+02
7.4936e+01, 8.1167e+02
7.4952e+01, 9.0491e+02
7.4967e+01, 1.0049e+03
7.4998e+01, 1.2224e+03
7.5060e+01, 1.6900e+03
7.5091e+01, 1.9064e+03
7.5121e+01, 2.0910e+03
7.5151e+01, 2.2272e+03
7.5182e+01, 2.3019e+03
7.5200e+01, 2.3137e+03
7.5209e+01, 2.3103e+03
7.5235e+01, 2.2667e+03
7.5261e+01, 2.1758e+03
7.5287e+01, 2.0442e+03
7.5312e+01, 1.8808e+03
7.5347e+01, 1.6343e+03
7.5381e+01, 1.3751e+03
7.5415e+01, 1.1241e+03
7.5449e+01, 8.9717e+02
7.5475e+01, 7.4545e+02
7.5501e+01, 6.1463e+02
7.5527e+01, 5.0450e+02
7.5540e+01, 4.5678e+02
7.5553e+01, 4.1367e+02
7.5566e+01, 3.7483e+02
7.5579e+01, 3.3997e+02
7.5592e+01, 3.0879e+02
7.5606e+01, 2.8097e+02
7.5619e+01, 2.5617e+02
7.5632e+01, 2.3412e+02
7.5645e+01, 2.1449e+02
7.5658e+01, 1.9705e+02
7.5682e+01, 1.6974e+02
7.5706e+01, 1.4766e+02
7.5730e+01, 1.2970e+02
7.5754e+01, 1.1497e+02
7.5778e+01, 1.0278e+02
7.5802e+01, 9.2573e+01
7.5826e+01, 8.3946e+01
7.5850e+01, 7.6591e+01
7.5874e+01, 7.0267e+01
7.5899e+01, 6.4803e+01
7.5923e+01, 6.0072e+01
7.5947e+01, 5.5987e+01
7.5971e+01, 5.2490e+01
7.5995e+01, 4.9554e+01
7.6019e+01, 4.7171e+01
7.6043e+01, 4.5358e+01
7.6075e+01, 4.3874e+01
7.6107e+01, 4.3537e+01
7.6139e+01, 4.4430e+01
7.6172e+01, 4.6593e+01
7.6204e+01, 4.9996e+01
7.6236e+01, 5.4509e+01
7.6300e+01, 6.5872e+01
7.6300e+01, 1.0270e+02
8.5000e+01, 9.4844e+01
1.0000e+02, 8.4133e+01
1.1250e+02, 7.6845e+01
1.2500e+02, 7.0862e+01
1.3750e+02, 6.5853e+01
1.5000e+02, 6.1589e+01
1.7000e+02, 5.5936e+01
2.0000e+02, 4.9362e+01
2.2500e+02, 4.5086e+01
2.5000e+02, 4.1576e+01
2.7500e+02, 3.8637e+01
3.0000e+02, 3.6136e+01
3.5000e+02, 3.2095e+01
4.0000e+02, 2.8962e+01
4.5000e+02, 2.6358e+01
5.0000e+02, 2.4228e+01
5.5000e+02, 2.2449e+01
6.0000e+02, 2.0940e+01
7.0000e+02, 1.8511e+01
7.2000e+02, 1.8092e+01
7.8500e+02, 1.6864e+01
8.5000e+02, 1.5808e+01
1.0000e+03, 1.3851e+01
1.1250e+03, 1.2580e+01
1.2500e+03, 1.1543e+01
1.3750e+03, 1.0678e+01
1.5000e+03, 9.9456e+00
1.7000e+03, 8.9789e+00
2.0000e+03, 7.8626e+00
2.2500e+03, 7.1413e+00
2.5000e+03, 6.5524e+00
2.7500e+03, 6.0616e+00
3.0000e+03, 5.6457e+00
3.5000e+03, 4.9777e+00
4.0000e+03, 4.4633e+00
4.5000e+03, 4.0686e+00
5.0000e+03, 3.7452e+00
5.5000e+03, 3.4749e+00
6.0000e+03, 3.2452e+00
7.0000e+03, 2.8749e+00
7.2000e+03, 2.8149e+00
8.5000e+03, 2.4863e+00
1.0000e+04, 2.2017e+00
1.1250e+04, 2.0344e+00
1.2500e+04, 1.8955e+00
1.5000e+04, 1.6773e+00
1.7000e+04, 1.5421e+00
2.0000e+04, 1.3828e+00
2.2500e+04, 1.2916e+00
2.5000e+04, 1.2151e+00
3.0000e+04, 1.0932e+00
3.0976e+04, 1.0745e+00
3.0976e+04, 1.0744e+00
3.6372e+04, 9.8206e-01
3.6372e+04, 9.8206e-01
3.6372e+04, 9.8206e-01
4.0000e+04, 8.8875e-01
4.5000e+04, 8.2940e-01
5.0000e+04, 7.7967e-01
6.0000e+04, 7.0839e-01
6.9906e+04, 6.5530e-01
6.9906e+04, 6.5529e-01
7.0000e+04, 6.3026e-01
7.5000e+04, 5.7091e-01
8.0000e+04, 5.2046e-01
9.0000e+04, 4.7442e-01
9.5756e+04, 4.5392e-01
9.5756e+04, 4.5392e-01
9.5756e+04, 4.5392e-01
9.7870e+04, 4.2456e-01
9.7870e+04, 4.2456e-01
1.0000e+05, 4.1280e-01
1.0500e+05, 3.9204e-01
1.1000e+05, 3.7321e-01
1.2000e+05, 3.4522e-01
1.3000e+05, 3.2332e-01
1.4000e+05, 3.0597e-01
1.5000e+05, 2.9257e-01
1.6000e+05, 2.8068e-01
1.7000e+05, 2.6906e-01
1.8000e+05, 2.5922e-01
1.9000e+05, 2.5066e-01
2.0000e+05, 2.4338e-01
2.1782e+05, 2.3277e-01
2.2056e+05, 2.2325e-01
2.2056e+05, 2.2325e-01
2.2500e+05, 2.1222e-01
2.2630e+05, 2.1094e-01
2.3481e+05, 2.0298e-01
2.5000e+05, 1.8513e-01
2.7500e+05, 1.6836e-01
2.7739e+05, 1.6705e-01
2.8954e+05, 1.5659e-01
2.8954e+05, 1.5659e-01
3.0000e+05, 1.5107e-01
3.5187e+05, 1.3350e-01
3.5187e+05, 1.3350e-01
3.5197e+05, 1.3347e-01
3.6772e+05, 1.2876e-01
3.6772e+05, 1.2876e-01
3.6772e+05, 1.2876e-01
3.7308e+05, 1.2712e-01
4.0000e+05, 1.1951e-01
4.3021e+05, 1.1329e-01
4.3021e+05, 1.1329e-01
4.4106e+05, 1.0999e-01
4.4659e+05, 1.0768e-01
4.4659e+05, 1.0768e-01
4.8809e+05, 9.8273e-02
5.0000e+05, 9.5866e-02
5.0145e+05, 9.5698e-02
5.0679e+05, 9.4260e-02
5.0855e+05, 9.3794e-02
5.0855e+05, 9.3794e-02
5.3092e+05, 8.9806e-02
5.3438e+05, 8.9219e-02
5.3438e+05, 8.9219e-02
5.5297e+05, 8.6451e-02
5.5297e+05, 8.6451e-02
5.6033e+05, 8.5045e-02
5.6033e+05, 8.5045e-02
5.6569e+05, 8.3875e-02
5.9808e+05, 7.9432e-02
6.0000e+05, 7.9242e-02
6.0284e+05, 7.8975e-02
6.2533e+05, 7.6450e-02
6.2533e+05, 7.6449e-02
6.3397e+05, 7.4669e-02
6.3397e+05, 7.4669e-02
6.3758e+05, 7.3954e-02
6.3759e+05, 7.3954e-02
6.7096e+05, 7.0275e-02
6.7572e+05, 6.9711e-02
6.7669e+05, 6.9490e-02
6.7669e+05, 6.9490e-02
6.8352e+05, 6.8446e-02
6.8352e+05, 6.8446e-02
6.9210e+05, 6.7364e-02
7.0000e+05, 6.6521e-02
7.1128e+05, 6.5611e-02
7.2073e+05, 6.4869e-02
7.2082e+05, 6.4829e-02
7.2082e+05, 6.4829e-02
7.2997e+05, 6.3929e-02
7.3943e+05, 6.3024e-02
7.3943e+05, 6.3024e-02
8.0000e+05, 5.9908e-02
8.2850e+05, 5.8627e-02
8.6972e+05, 5.6894e-02
8.8480e+05, 5.6293e-02
8.9988e+05, 5.5708e-02
9.0000e+05, 5.5704e-02
9.2702e+05, 5.4475e-02
9.4527e+05, 5.3681e-02
9.6351e+05, 5.2913e-02
9.7263e+05, 5.2539e-02
9.8176e+05, 5.2170e-02
9.9088e+05, 5.1808e-02
1.0000e+06, 5.1451e-02
1.0125e+06, 5.0994e-02
1.0250e+06, 5.0547e-02
1.0375e+06, 5.0108e-02
1.0438e+06, 4.9893e-02
1.0500e+06, 4.9679e-02
1.0562e+06, 4.9468e-02
1.0625e+06, 4.9259e-02
1.0688e+06, 4.9052e-02
1.0750e+06, 4.8847e-02
1.0812e+06, 4.8644e-02
1.0875e+06, 4.8443e-02
1.0938e+06, 4.8244e-02
1.1000e+06, 4.8047e-02
1.1062e+06, 4.7858e-02
1.1125e+06, 4.7671e-02
1.1188e+06, 4.7485e-02
1.1250e+06, 4.7302e-02
1.1312e+06, 4.7120e-02
1.1375e+06, 4.6939e-02
1.1438e+06, 4.6761e-02
1.1500e+06, 4.6584e-02
1.1562e+06, 4.6409e-02
1.1625e+06, 4.6235e-02
1.1688e+06, 4.6063e-02
1.1750e+06, 4.5892e-02
1.1812e+06, 4.5723e-02
1.1875e+06, 4.5556e-02
1.1938e+06, 4.5389e-02
1.2000e+06, 4.5225e-02
1.2062e+06, 4.5060e-02
1.2125e+06, 4.4897e-02
1.2188e+06, 4.4735e-02
1.2250e+06, 4.4574e-02
1.2312e+06, 4.4415e-02
1.2375e+06, 4.4258e-02
1.2438e+06, 4.4101e-02
1.2500e+06, 4.3946e-02
1.2562e+06, 4.3792e-02
1.2625e+06, 4.3640e-02
1.2688e+06, 4.3489e-02
1.2750e+06, 4.3339e-02
1.2812e+06, 4.3190e-02
1.2875e+06, 4.3043e-02
1.2938e+06, 4.2897e-02
1.3000e+06, 4.2751e-02
1.3062e+06, 4.2608e-02
1.3125e+06, 4.2465e-02
1.3188e+06, 4.2324e-02
1.3250e+06, 4.2184e-02
1.3312e+06, 4.2044e-02
1.3375e+06, 4.1906e-02
1.3438e+06, 4.1769e-02
1.3500e+06, 4.1634e-02
1.3562e+06, 4.1499e-02
1.3625e+06, 4.1365e-02
1.3688e+06, 4.1232e-02
1.3750e+06, 4.1101e-02
1.3812e+06, 4.0970e-02
1.3875e+06, 4.0840e-02
1.3938e+06, 4.0712e-02
1.4000e+06, 4.0584e-02
1.4062e+06, 4.0449e-02
1.4125e+06, 4.0315e-02
1.4188e+06, 4.0183e-02
1.4250e+06, 4.0051e-02
1.4312e+06, 3.9921e-02
1.4375e+06, 3.9791e-02
1.4438e+06, 3.9662e-02
1.4500e+06, 3.9535e-02
1.4562e+06, 3.9408e-02
1.4625e+06, 3.9282e-02
1.4688e+06, 3.9157e-02
1.4750e+06, 3.9033e-02
1.4812e+06, 3.8910e-02
1.4875e+06, 3.8788e-02
1.4938e+06, 3.8667e-02
1.5000e+06, 3.8547e-02
1.5062e+06, 3.8421e-02
1.5125e+06, 3.8296e-02
1.5188e+06, 3.8172e-02
1.5250e+06, 3.8048e-02
1.5312e+06, 3.7926e-02
1.5375e+06, 3.7805e-02
1.5438e+06, 3.7684e-02
1.5500e+06, 3.7565e-02
1.5562e+06, 3.7446e-02
1.5625e+06, 3.7328e-02
1.5688e+06, 3.7211e-02
1.5750e+06, 3.7095e-02
1.5812e+06, 3.6979e-02
1.5875e+06, 3.6865e-02
1.6000e+06, 3.6638e-02
1.6062e+06, 3.6520e-02
1.6125e+06, 3.6403e-02
1.6250e+06, 3.6171e-02
1.6375e+06, 3.5943e-02
1.6500e+06, 3.5718e-02
1.6625e+06, 3.5496e-02
1.6750e+06, 3.5277e-02
1.6875e+06, 3.5061e-02
1.7000e+06, 3.4848e-02
1.7125e+06, 3.4625e-02
1.7250e+06, 3.4406e-02
1.7375e+06, 3.4189e-02
1.7500e+06, 3.3976e-02
1.7625e+06, 3.3765e-02
1.7750e+06, 3.3557e-02
1.7875e+06, 3.3352e-02
1.8000e+06, 3.3149e-02
1.8125e+06, 3.2935e-02
1.8250e+06, 3.2724e-02
1.8375e+06, 3.2515e-02
1.8500e+06, 3.2310e-02
1.8625e+06, 3.2107e-02
1.8750e+06, 3.1906e-02
1.8875e+06, 3.1708e-02
1.9000e+06, 3.1513e-02
1.9125e+06, 3.1307e-02
1.9250e+06, 3.1104e-02
1.9375e+06, 3.0904e-02
1.9500e+06, 3.0706e-02
1.9625e+06, 3.0511e-02
1.9750e+06, 3.0318e-02
1.9875e+06, 3.0128e-02
2.0000e+06, 2.9940e-02
2.0078e+06, 2.9790e-02
2.0156e+06, 2.9641e-02
2.0234e+06, 2.9493e-02
2.0312e+06, 2.9347e-02
2.0391e+06, 2.9201e-02
2.0469e+06, 2.9058e-02
2.0547e+06, 2.8915e-02
2.0625e+06, 2.8773e-02
2.0703e+06, 2.8633e-02
2.0781e+06, 2.8494e-02
2.0859e+06, 2.8357e-02
2.0938e+06, 2.8220e-02
2.1016e+06, 2.8085e-02
2.1094e+06, 2.7950e-02
2.1172e+06, 2.7817e-02
2.1250e+06, 2.7685e-02
2.1328e+06, 2.7554e-02
2.1406e+06, 2.7424e-02
2.1484e+06, 2.7296e-02
2.1562e+06, 2.7168e-02
2.1641e+06, 2.7041e-02
2.1719e+06, 2.6916e-02
2.1797e+06, 2.6791e-02
2.1875e+06, 2.6668e-02
2.1953e+06, 2.6545e-02
2.2031e+06, 2.6424e-02
2.2188e+06, 2.6183e-02
2.2344e+06, 2.5947e-02
2.2500e+06, 2.5715e-02
2.2656e+06, 2.5521e-02
2.2812e+06, 2.5330e-02
2.2969e+06, 2.5142e-02
2.3125e+06, 2.4956e-02
2.3281e+06, 2.4773e-02
2.3438e+06, 2.4593e-02
2.3594e+06, 2.4415e-02
2.3750e+06, 2.4240e-02
2.3906e+06, 2.4067e-02
2.4062e+06, 2.3896e-02
2.4219e+06, 2.3727e-02
2.4375e+06, 2.3561e-02
2.4531e+06, 2.3397e-02
2.4688e+06, 2.3236e-02
2.4844e+06, 2.3076e-02
2.5000e+06, 2.2919e-02
2.5156e+06, 2.2713e-02
2.5312e+06, 2.2511e-02
2.5469e+06, 2.2312e-02
2.5625e+06, 2.2116e-02
2.5781e+06, 2.1923e-02
2.5938e+06, 2.1733e-02
2.6094e+06, 2.1545e-02
2.6250e+06, 2.1360e-02
2.6406e+06, 2.1178e-02
2.6562e+06, 2.0999e-02
2.6719e+06, 2.0822e-02
2.6875e+06, 2.0647e-02
2.7031e+06, 2.0475e-02
2.7188e+06, 2.0305e-02
2.7344e+06, 2.0138e-02
2.7500e+06, 1.9973e-02
2.7656e+06, 1.9765e-02
2.7812e+06, 1.9560e-02
2.7969e+06, 1.9359e-02
2.8125e+06, 1.9160e-02
2.8281e+06, 1.8965e-02
2.8438e+06, 1.8773e-02
2.8594e+06, 1.8583e-02
2.8750e+06, 1.8397e-02
2.8906e+06, 1.8214e-02
2.9062e+06, 1.8033e-02
2.9219e+06, 1.7855e-02
2.9375e+06, 1.7680e-02
2.9531e+06, 1.7507e-02
2.9688e+06, 1.7337e-02
2.9844e+06, 1.7170e-02
3.0000e+06, 1.7005e-02
3.0156e+06, 1.6830e-02
3.0312e+06, 1.6659e-02
3.0469e+06, 1.6490e-02
3.0625e+06, 1.6323e-02
3.0781e+06, 1.6159e-02
3.0938e+06, 1.5998e-02
3.1094e+06, 1.5838e-02
3.1250e+06, 1.5682e-02
3.1406e+06, 1.5527e-02
3.1562e+06, 1.5375e-02
3.1719e+06, 1.5225e-02
3.1875e+06, 1.5077e-02
3.2031e+06, 1.4932e-02
3.2188e+06, 1.4788e-02
3.2344e+06, 1.4647e-02
3.2500e+06, 1.4507e-02
3.2656e+06, 1.4370e-02
3.2812e+06, 1.4235e-02
3.2969e+06, 1.4101e-02
3.3125e+06, 1.3969e-02
3.3281e+06, 1.3839e-02
3.3438e+06, 1.3711e-02
3.3594e+06, 1.3585e-02
3.3750e+06, 1.3461e-02
3.3906e+06, 1.3338e-02
3.4062e+06, 1.3217e-02
3.4219e+06, 1.3097e-02
3.4375e+06, 1.2979e-02
3.4531e+06, 1.2863e-02
3.4688e+06, 1.2748e-02
3.4844e+06, 1.2635e-02
3.5000e+06, 1.2523e-02
3.5184e+06, 1.2367e-02
3.5368e+06, 1.2212e-02
3.5552e+06, 1.2061e-02
3.5736e+06, 1.1912e-02
3.5920e+06, 1.1766e-02
3.6104e+06, 1.1622e-02
3.6288e+06, 1.1481e-02
3.6472e+06, 1.1342e-02
3.6656e+06, 1.1205e-02
3.6840e+06, 1.1071e-02
3.7024e+06, 1.0939e-02
3.7208e+06, 1.0810e-02
3.7392e+06, 1.0682e-02
3.7577e+06, 1.0557e-02
3.7761e+06, 1.0433e-02
3.7945e+06, 1.0312e-02
3.8202e+06, 1.0146e-02
3.8458e+06, 9.9838e-03
3.8715e+06, 9.8252e-03
3.8972e+06, 9.6701e-03
3.9229e+06, 9.5185e-03
3.9486e+06, 9.3702e-03
3.9743e+06, 9.2251e-03
4.0000e+06, 9.0833e-03
4.0312e+06, 8.8825e-03
4.0625e+06, 8.6877e-03
4.0938e+06, 8.4986e-03
4.1250e+06, 8.3151e-03
4.1562e+06, 8.1368e-03
4.1875e+06, 7.9636e-03
4.2188e+06, 7.7954e-03
4.2500e+06, 7.6319e-03
4.2812e+06, 7.4730e-03
4.3125e+06, 7.3186e-03
4.3438e+06, 7.1684e-03
4.3750e+06, 7.0223e-03
4.4062e+06, 6.8803e-03
4.4375e+06, 6.7421e-03
4.4688e+06, 6.6075e-03
4.5000e+06, 6.4766e-03
4.5216e+06, 6.3704e-03
4.5432e+06, 6.2665e-03
4.5649e+06, 6.1647e-03
4.5865e+06, 6.0651e-03
4.6081e+06, 5.9675e-03
4.6297e+06, 5.8720e-03
4.6513e+06, 5.7784e-03
4.6730e+06, 5.6867e-03
4.7067e+06, 5.5473e-03
4.7404e+06, 5.4124e-03
4.7742e+06, 5.2816e-03
4.8079e+06, 5.1549e-03
4.8441e+06, 5.0233e-03
4.8803e+06, 4.8960e-03
4.9047e+06, 4.8126e-03
4.9290e+06, 4.7311e-03
4.9534e+06, 4.6514e-03
4.9777e+06, 4.5734e-03
5.0000e+06, 4.5035e-03
5.0302e+06, 4.3845e-03
5.0605e+06, 4.2693e-03
5.0605e+06, 4.2693e-03
5.0650e+06, 4.2523e-03
5.1024e+06, 4.1158e-03
5.1244e+06, 4.0379e-03
5.1617e+06, 3.9099e-03
5.1728e+06, 3.8729e-03
5.1875e+06, 3.8246e-03
5.2174e+06, 3.7281e-03
5.2308e+06, 3.6857e-03
5.2335e+06, 3.6775e-03
5.2442e+06, 3.6442e-03
5.2581e+06, 3.6018e-03
5.2652e+06, 3.5800e-03
5.2669e+06, 3.5749e-03
5.2695e+06, 3.5673e-03
5.2926e+06, 3.4984e-03
5.2946e+06, 3.4926e-03
5.3018e+06, 3.4717e-03
5.3188e+06, 3.4227e-03
5.3236e+06, 3.4089e-03
5.3466e+06, 3.3444e-03
5.3492e+06, 3.3373e-03
5.3527e+06, 3.3275e-03
5.3623e+06, 3.3011e-03
5.3624e+06, 3.3009e-03
5.3791e+06, 3.2555e-03
5.3881e+06, 3.2315e-03
5.3930e+06, 3.2186e-03
5.3955e+06, 3.2118e-03
5.4055e+06, 3.1855e-03
5.4089e+06, 3.1767e-03
5.4148e+06, 3.1614e-03
5.4199e+06, 3.1481e-03
5.4233e+06, 3.1394e-03
5.4252e+06, 3.1347e-03
5.4346e+06, 3.1107e-03
5.4449e+06, 3.0846e-03
5.4500e+06, 3.0718e-03
5.4666e+06, 3.0306e-03
5.4926e+06, 2.9675e-03
5.4939e+06, 2.9643e-03
5.4943e+06, 2.9632e-03
5.5000e+06, 2.9497e-03
5.5026e+06, 2.9428e-03
5.5042e+06, 2.9387e-03
5.5111e+06, 2.9204e-03
5.5223e+06, 2.8912e-03
5.5251e+06, 2.8841e-03
5.5332e+06, 2.8633e-03
5.5422e+06, 2.8402e-03
5.5452e+06, 2.8326e-03
5.5571e+06, 2.8028e-03
5.6116e+06, 2.6709e-03
5.6260e+06, 2.6371e-03
5.6383e+06, 2.6089e-03
5.6474e+06, 2.5880e-03
5.6572e+06, 2.5660e-03
5.6792e+06, 2.5172e-03
5.6815e+06, 2.5123e-03
5.7153e+06, 2.4397e-03
5.7491e+06, 2.3696e-03
5.7829e+06, 2.3019e-03
5.8167e+06, 2.2365e-03
5.8505e+06, 2.1733e-03
5.8843e+06, 2.1123e-03
5.9181e+06, 2.0533e-03
5.9519e+06, 1.9963e-03
5.9519e+06, 1.9963e-03
5.9722e+06, 1.9629e-03
6.0000e+06, 1.9184e-03
6.0500e+06, 1.8611e-03
6.1187e+06, 1.7860e-03
6.1747e+06, 1.7276e-03
6.1781e+06, 1.7241e-03
6.2276e+06, 1.6747e-03
6.2770e+06, 1.6270e-03
6.3030e+06, 1.6028e-03
6.3246e+06, 1.5828e-03
6.3402e+06, 1.5687e-03
6.4068e+06, 1.5100e-03
6.4683e+06, 1.4583e-03
6.5000e+06, 1.4325e-03
6.5265e+06, 1.4198e-03
6.5734e+06, 1.3976e-03
6.6161e+06, 1.3779e-03
6.8081e+06, 1.2941e-03
7.0000e+06, 1.2175e-03
7.1485e+06, 1.1941e-03
7.2969e+06, 1.1716e-03
7.2969e+06, 1.1716e-03
7.5000e+06, 1.1422e-03
7.6250e+06, 1.1397e-03
7.7500e+06, 1.1374e-03
7.8750e+06, 1.1350e-03
8.0000e+06, 1.1327e-03
8.1250e+06, 1.1372e-03
8.2500e+06, 1.1416e-03
8.3750e+06, 1.1460e-03
8.5000e+06, 1.1503e-03
8.6250e+06, 1.1570e-03
8.7500e+06, 1.1637e-03
8.8750e+06, 1.1703e-03
9.0000e+06, 1.1768e-03
9.1250e+06, 1.1834e-03
9.2500e+06, 1.1900e-03
9.3750e+06, 1.1965e-03
9.5000e+06, 1.2030e-03
9.6250e+06, 1.2084e-03
9.7500e+06, 1.2138e-03
9.8750e+06, 1.2191e-03
1.0000e+07, 1.2243e-03
1.0125e+07, 1.2277e-03
1.0250e+07, 1.2311e-03
1.0375e+07, 1.2344e-03
1.0500e+07, 1.2377e-03
1.0616e+07, 1.2383e-03
1.0732e+07, 1.2389e-03
1.0848e+07, 1.2395e-03
1.0964e+07, 1.2401e-03
1.1000e+07, 1.2403e-03
1.1125e+07, 1.2373e-03
1.1250e+07, 1.2344e-03
1.1375e+07, 1.2315e-03
1.1500e+07, 1.2286e-03
1.1625e+07, 1.2206e-03
1.1750e+07, 1.2127e-03
1.1875e+07, 1.2049e-03
1.2000e+07, 1.1973e-03
1.2069e+07, 1.1885e-03
1.2285e+07, 1.1617e-03
1.2500e+07, 1.1359e-03
1.2625e+07, 1.1163e-03
1.2750e+07, 1.0972e-03
1.2875e+07, 1.0786e-03
1.3000e+07, 1.0605e-03
1.3200e+07, 1.0239e-03
1.3200e+07, 1.0239e-03
1.3350e+07, 9.9763e-04
1.3500e+07, 9.7233e-04
1.3621e+07, 9.4763e-04
1.3742e+07, 9.2377e-04
1.3863e+07, 9.0071e-04
1.3984e+07, 8.7842e-04
1.4000e+07, 8.7555e-04
1.4125e+07, 8.4923e-04
1.4250e+07, 8.2393e-04
1.4375e+07, 7.9959e-04
1.4500e+07, 7.7617e-04
1.4625e+07, 7.5148e-04
1.4750e+07, 7.2778e-04
1.4875e+07, 7.0501e-04
1.5000e+07, 6.8314e-04
1.5125e+07, 6.6201e-04
1.5250e+07, 6.4171e-04
1.5375e+07, 6.2218e-04
1.5500e+07, 6.0340e-04
1.5750e+07, 5.6931e-04
1.6000e+07, 5.3763e-04
1.6250e+07, 5.0991e-04
1.6500e+07, 4.8400e-04
1.6750e+07, 4.6139e-04
1.7000e+07, 4.4014e-04
1.7250e+07, 4.2151e-04
1.7500e+07, 4.0392e-04
1.7750e+07, 3.8839e-04
1.8000e+07, 3.7367e-04
1.8250e+07, 3.6060e-04
1.8500e+07, 3.4817e-04
1.8750e+07, 3.3748e-04
1.9000e+07, 3.2726e-04
1.9500e+07, 3.0846e-04
2.0000e+07, 2.9200e-04
