ebin, xs
1.0000e-05, 6.7671e+02
1.0625e-05, 6.5650e+02
1.1250e-05, 6.3800e+02
1.1875e-05, 6.2099e+02
1.2500e-05, 6.0526e+02
1.3750e-05, 5.7709e+02
1.5000e-05, 5.5252e+02
1.6250e-05, 5.3085e+02
1.7500e-05, 5.1154e+02
1.8750e-05, 4.9419e+02
2.0000e-05, 4.7850e+02
2.1875e-05, 4.5753e+02
2.3750e-05, 4.3910e+02
2.5625e-05, 4.2273e+02
2.7500e-05, 4.0806e+02
2.9375e-05, 3.9482e+02
3.1250e-05, 3.8279e+02
3.3125e-05, 3.7180e+02
3.5000e-05, 3.6171e+02
3.8750e-05, 3.4376e+02
4.2500e-05, 3.2824e+02
4.6250e-05, 3.1465e+02
5.0000e-05, 3.0262e+02
5.3125e-05, 2.9358e+02
5.6250e-05, 2.8531e+02
5.9375e-05, 2.7770e+02
6.2500e-05, 2.7067e+02
6.8750e-05, 2.5807e+02
7.5000e-05, 2.4708e+02
8.1250e-05, 2.3739e+02
8.7500e-05, 2.2875e+02
9.3750e-05, 2.2099e+02
1.0000e-04, 2.1397e+02
1.0625e-04, 2.0758e+02
1.1250e-04, 2.0173e+02
1.1875e-04, 1.9635e+02
1.2500e-04, 1.9138e+02
1.3750e-04, 1.8247e+02
1.5000e-04, 1.7470e+02
1.6250e-04, 1.6784e+02
1.7500e-04, 1.6174e+02
1.8750e-04, 1.5625e+02
2.0000e-04, 1.5129e+02
2.1875e-04, 1.4466e+02
2.3750e-04, 1.3883e+02
2.5625e-04, 1.3365e+02
2.7500e-04, 1.2901e+02
2.9375e-04, 1.2482e+02
3.1250e-04, 1.2102e+02
3.3125e-04, 1.1754e+02
3.5000e-04, 1.1434e+02
3.8750e-04, 1.0867e+02
4.2500e-04, 1.0376e+02
4.6250e-04, 9.9458e+01
5.0000e-04, 9.5652e+01
5.3125e-04, 9.2793e+01
5.6250e-04, 9.0176e+01
5.9375e-04, 8.7768e+01
6.2500e-04, 8.5543e+01
6.8750e-04, 8.1556e+01
7.5000e-04, 7.8079e+01
8.1250e-04, 7.5011e+01
8.7500e-04, 7.2278e+01
9.3750e-04, 6.9823e+01
1.0000e-03, 6.7601e+01
1.0625e-03, 6.5579e+01
1.1250e-03, 6.3727e+01
1.1875e-03, 6.2023e+01
1.2500e-03, 6.0449e+01
1.3750e-03, 5.7628e+01
1.5000e-03, 5.5168e+01
1.6250e-03, 5.2997e+01
1.7500e-03, 5.1063e+01
1.8750e-03, 4.9325e+01
2.0000e-03, 4.7752e+01
2.1875e-03, 4.5651e+01
2.3750e-03, 4.3804e+01
2.5625e-03, 4.2162e+01
2.7500e-03, 4.0692e+01
2.9375e-03, 3.9365e+01
3.1250e-03, 3.8158e+01
3.3125e-03, 3.7056e+01
3.5000e-03, 3.6042e+01
3.8750e-03, 3.4241e+01
4.2500e-03, 3.2683e+01
4.6250e-03, 3.1317e+01
5.0000e-03, 3.0108e+01
5.3125e-03, 2.9200e+01
5.6250e-03, 2.8368e+01
5.9375e-03, 2.7602e+01
6.2500e-03, 2.6895e+01
6.8750e-03, 2.5627e+01
7.5000e-03, 2.4520e+01
8.1250e-03, 2.3542e+01
8.7500e-03, 2.2671e+01
9.3750e-03, 2.1888e+01
1.0000e-02, 2.1179e+01
1.0625e-02, 2.0533e+01
1.1250e-02, 1.9942e+01
1.1875e-02, 1.9398e+01
1.2500e-02, 1.8896e+01
1.3750e-02, 1.7994e+01
1.5000e-02, 1.7206e+01
1.6250e-02, 1.6509e+01
1.7500e-02, 1.5888e+01
1.8750e-02, 1.5329e+01
2.0000e-02, 1.4823e+01
2.1325e-02, 1.4335e+01
2.2650e-02, 1.3890e+01
2.3975e-02, 1.3483e+01
2.5300e-02, 1.3107e+01
2.6844e-02, 1.2705e+01
2.8387e-02, 1.2335e+01
2.9931e-02, 1.1995e+01
3.1475e-02, 1.1679e+01
3.4563e-02, 1.1112e+01
3.7650e-02, 1.0613e+01
4.0738e-02, 1.0170e+01
4.3825e-02, 9.7744e+00
4.6913e-02, 9.4175e+00
5.0000e-02, 9.0935e+00
5.3125e-02, 8.7941e+00
5.6250e-02, 8.5196e+00
5.9375e-02, 8.2668e+00
6.2500e-02, 8.0333e+00
6.8750e-02, 7.6128e+00
7.5000e-02, 7.2432e+00
8.1250e-02, 6.9155e+00
8.7500e-02, 6.6226e+00
9.3750e-02, 6.3584e+00
1.0000e-01, 6.1186e+00
1.0625e-01, 5.8995e+00
1.1250e-01, 5.6983e+00
1.1875e-01, 5.5126e+00
1.2500e-01, 5.3405e+00
1.3125e-01, 5.1805e+00
1.3750e-01, 5.0318e+00
1.5000e-01, 4.7609e+00
1.6250e-01, 4.5196e+00
1.7500e-01, 4.3037e+00
1.8750e-01, 4.1089e+00
2.0000e-01, 3.9318e+00
2.0938e-01, 3.8092e+00
2.1875e-01, 3.6950e+00
2.3750e-01, 3.4861e+00
2.5625e-01, 3.2990e+00
2.7500e-01, 3.1309e+00
2.9375e-01, 2.9787e+00
3.1250e-01, 2.8402e+00
3.3125e-01, 2.7134e+00
3.5000e-01, 2.5968e+00
3.6875e-01, 2.4891e+00
3.8750e-01, 2.3893e+00
4.0625e-01, 2.2966e+00
4.2500e-01, 2.2101e+00
5.0000e-01, 1.9164e+00
5.6250e-01, 1.7188e+00
6.2500e-01, 1.5527e+00
6.8750e-01, 1.4115e+00
7.5000e-01, 1.2900e+00
8.1250e-01, 1.1844e+00
8.7500e-01, 1.0924e+00
1.0000e+00, 9.3856e-01
1.1250e+00, 8.1544e-01
1.2500e+00, 7.1541e-01
1.3750e+00, 6.3287e-01
1.5000e+00, 5.6388e-01
1.6250e+00, 5.0558e-01
1.7500e+00, 4.5585e-01
1.8750e+00, 4.1307e-01
2.0000e+00, 3.7608e-01
2.1875e+00, 3.2917e-01
2.3750e+00, 2.9039e-01
2.5625e+00, 2.5803e-01
2.7500e+00, 2.3076e-01
2.9375e+00, 2.0757e-01
3.1250e+00, 1.8770e-01
3.3125e+00, 1.7055e-01
3.5000e+00, 1.5565e-01
3.6875e+00, 1.4263e-01
3.8750e+00, 1.3123e-01
4.2500e+00, 1.1221e-01
4.6250e+00, 9.7080e-02
5.0000e+00, 8.4890e-02
5.3125e+00, 7.6466e-02
5.6250e+00, 6.9300e-02
5.9375e+00, 6.3153e-02
6.2500e+00, 5.7844e-02
6.5625e+00, 5.3229e-02
6.8750e+00, 4.9207e-02
7.5000e+00, 4.2541e-02
8.1250e+00, 3.7285e-02
8.7500e+00, 3.3083e-02
9.3750e+00, 2.9675e-02
1.0000e+01, 2.6877e-02
1.0625e+01, 2.4553e-02
1.1250e+01, 2.2604e-02
1.1875e+01, 2.0956e-02
1.2500e+01, 1.9554e-02
1.3750e+01, 1.7308e-02
1.5000e+01, 1.5611e-02
1.6250e+01, 1.4306e-02
1.7500e+01, 1.3286e-02
1.8750e+01, 1.2481e-02
2.0000e+01, 1.1840e-02
2.1875e+01, 1.1108e-02
2.3750e+01, 1.0581e-02
2.5625e+01, 1.0207e-02
2.7500e+01, 9.9514e-03
3.1250e+01, 9.7032e-03
3.5000e+01, 9.7228e-03
3.8750e+01, 9.9613e-03
4.2500e+01, 1.0406e-02
4.6250e+01, 1.1069e-02
5.0000e+01, 1.1989e-02
5.2760e+01, 1.2874e-02
5.5520e+01, 1.3985e-02
5.8280e+01, 1.5386e-02
6.1040e+01, 1.7175e-02
6.2420e+01, 1.8244e-02
6.3800e+01, 1.9501e-02
6.5180e+01, 2.0888e-02
6.6560e+01, 2.2502e-02
6.7940e+01, 2.4422e-02
6.9320e+01, 2.6689e-02
7.0700e+01, 2.9397e-02
7.2080e+01, 3.2675e-02
7.3298e+01, 3.6180e-02
7.4516e+01, 4.0440e-02
7.5733e+01, 4.5692e-02
7.6951e+01, 5.2273e-02
7.7560e+01, 5.6057e-02
7.8168e+01, 6.0481e-02
7.8777e+01, 6.5532e-02
7.9386e+01, 7.1337e-02
7.9995e+01, 7.8058e-02
8.0604e+01, 8.5902e-02
8.1213e+01, 9.5141e-02
8.1821e+01, 1.0613e-01
8.2390e+01, 1.1841e-01
8.2958e+01, 1.3320e-01
8.3526e+01, 1.5120e-01
8.4094e+01, 1.7285e-01
8.4663e+01, 2.0047e-01
8.4947e+01, 2.1700e-01
8.5231e+01, 2.3577e-01
8.5515e+01, 2.5721e-01
8.5799e+01, 2.8188e-01
8.6083e+01, 3.1044e-01
8.6367e+01, 3.4377e-01
8.6692e+01, 3.8917e-01
8.7017e+01, 4.4459e-01
8.7341e+01, 5.1318e-01
8.7666e+01, 5.9870e-01
8.7889e+01, 6.7085e-01
8.8113e+01, 7.5795e-01
8.8336e+01, 8.6373e-01
8.8559e+01, 9.9385e-01
8.8782e+01, 1.1565e+00
8.8894e+01, 1.2535e+00
8.9006e+01, 1.3635e+00
8.9117e+01, 1.4889e+00
8.9229e+01, 1.6327e+00
8.9341e+01, 1.7986e+00
8.9452e+01, 1.9911e+00
8.9574e+01, 2.2386e+00
8.9696e+01, 2.5359e+00
8.9817e+01, 2.8988e+00
8.9939e+01, 3.3483e+00
9.0061e+01, 3.9138e+00
9.0122e+01, 4.2530e+00
9.0183e+01, 4.6393e+00
9.0244e+01, 5.0818e+00
9.0304e+01, 5.5920e+00
9.0365e+01, 6.1847e+00
9.0426e+01, 6.8790e+00
9.0476e+01, 7.5353e+00
9.0525e+01, 8.2929e+00
9.0575e+01, 9.1751e+00
9.0624e+01, 1.0212e+01
9.0674e+01, 1.1446e+01
9.0698e+01, 1.2153e+01
9.0723e+01, 1.2932e+01
9.0748e+01, 1.3795e+01
9.0773e+01, 1.4754e+01
9.0785e+01, 1.5274e+01
9.0797e+01, 1.5826e+01
9.0810e+01, 1.6411e+01
9.0822e+01, 1.7032e+01
9.0832e+01, 1.7572e+01
9.0842e+01, 1.8142e+01
9.0852e+01, 1.8743e+01
9.0863e+01, 1.9379e+01
9.0873e+01, 2.0053e+01
9.0883e+01, 2.0768e+01
9.0893e+01, 2.1530e+01
9.0903e+01, 2.2342e+01
9.0915e+01, 2.3323e+01
9.0926e+01, 2.4383e+01
9.0937e+01, 2.5534e+01
9.0949e+01, 2.6785e+01
9.0960e+01, 2.8154e+01
9.0972e+01, 2.9653e+01
9.0983e+01, 3.1305e+01
9.0994e+01, 3.3128e+01
9.1008e+01, 3.5631e+01
9.1022e+01, 3.8484e+01
9.1036e+01, 4.1758e+01
9.1050e+01, 4.5524e+01
9.1064e+01, 4.9880e+01
9.1078e+01, 5.4929e+01
9.1092e+01, 6.0796e+01
9.1106e+01, 6.7627e+01
9.1120e+01, 7.5593e+01
9.1134e+01, 8.4866e+01
9.1148e+01, 9.5662e+01
9.1162e+01, 1.0821e+02
9.1176e+01, 1.2275e+02
9.1190e+01, 1.3957e+02
9.1204e+01, 1.5893e+02
9.1218e+01, 1.8114e+02
9.1232e+01, 2.0649e+02
9.1246e+01, 2.3526e+02
9.1260e+01, 2.6771e+02
9.1274e+01, 3.0411e+02
9.1287e+01, 3.4468e+02
9.1301e+01, 3.8951e+02
9.1315e+01, 4.3872e+02
9.1329e+01, 4.9231e+02
9.1357e+01, 6.1216e+02
9.1385e+01, 7.4686e+02
9.1441e+01, 1.0425e+03
9.1476e+01, 1.2279e+03
9.1512e+01, 1.3897e+03
9.1540e+01, 1.4875e+03
9.1567e+01, 1.5524e+03
9.1600e+01, 1.5797e+03
9.1601e+01, 1.5796e+03
9.1602e+01, 1.5795e+03
9.1606e+01, 1.5788e+03
9.1609e+01, 1.5775e+03
9.1615e+01, 1.5733e+03
9.1628e+01, 1.5586e+03
9.1654e+01, 1.5045e+03
9.1686e+01, 1.3938e+03
9.1719e+01, 1.2472e+03
9.1833e+01, 6.5401e+02
9.1858e+01, 5.4369e+02
9.1882e+01, 4.4591e+02
9.1907e+01, 3.6151e+02
9.1919e+01, 3.2432e+02
9.1931e+01, 2.9038e+02
9.1944e+01, 2.5956e+02
9.1956e+01, 2.3172e+02
9.1968e+01, 2.0670e+02
9.1980e+01, 1.8430e+02
9.1993e+01, 1.6433e+02
9.2005e+01, 1.4660e+02
9.2017e+01, 1.3091e+02
9.2029e+01, 1.1706e+02
9.2041e+01, 1.0584e+02
9.2052e+01, 9.5869e+01
9.2063e+01, 8.7035e+01
9.2074e+01, 7.9212e+01
9.2086e+01, 7.2290e+01
9.2097e+01, 6.6167e+01
9.2108e+01, 6.0750e+01
9.2119e+01, 5.5956e+01
9.2142e+01, 4.7939e+01
9.2164e+01, 4.1606e+01
9.2187e+01, 3.6556e+01
9.2209e+01, 3.2484e+01
9.2232e+01, 2.9152e+01
9.2254e+01, 2.6389e+01
9.2276e+01, 2.4065e+01
9.2299e+01, 2.2084e+01
9.2321e+01, 2.0373e+01
9.2344e+01, 1.8880e+01
9.2389e+01, 1.6396e+01
9.2432e+01, 1.4492e+01
9.2474e+01, 1.2922e+01
9.2517e+01, 1.1605e+01
9.2560e+01, 1.0489e+01
9.2603e+01, 9.5310e+00
9.2646e+01, 8.7024e+00
9.2689e+01, 7.9797e+00
9.2732e+01, 7.3454e+00
9.2817e+01, 6.2879e+00
9.2903e+01, 5.4468e+00
9.2989e+01, 4.7663e+00
9.3075e+01, 4.2079e+00
9.3140e+01, 3.8469e+00
9.3205e+01, 3.5313e+00
9.3295e+01, 3.1577e+00
9.3385e+01, 2.8407e+00
9.3475e+01, 2.5690e+00
9.3565e+01, 2.3345e+00
9.3655e+01, 2.1307e+00
9.3744e+01, 1.9527e+00
9.3834e+01, 1.7962e+00
9.3924e+01, 1.6579e+00
9.4104e+01, 1.4256e+00
9.4283e+01, 1.2393e+00
9.4463e+01, 1.0874e+00
9.4643e+01, 9.6243e-01
9.4814e+01, 8.6288e-01
9.4986e+01, 7.7806e-01
9.5157e+01, 7.0487e-01
9.5329e+01, 6.4153e-01
9.5500e+01, 5.8646e-01
9.5672e+01, 5.3830e-01
9.6015e+01, 4.5848e-01
9.6358e+01, 3.9548e-01
9.6701e+01, 3.4492e-01
9.7044e+01, 3.0371e-01
9.7387e+01, 2.6971e-01
9.7713e+01, 2.4260e-01
9.8040e+01, 2.1993e-01
9.8367e+01, 2.0017e-01
9.8693e+01, 1.8312e-01
9.9020e+01, 1.6820e-01
9.9347e+01, 1.5526e-01
1.0000e+02, 1.3384e-01
1.0053e+02, 1.2010e-01
1.0105e+02, 1.0856e-01
1.0158e+02, 9.8776e-02
1.0211e+02, 9.0522e-02
1.0263e+02, 8.3551e-02
1.0316e+02, 7.7558e-02
1.0421e+02, 6.7851e-02
1.0527e+02, 6.0586e-02
1.0632e+02, 5.5007e-02
1.0737e+02, 5.0871e-02
1.0842e+02, 4.7546e-02
1.0983e+02, 4.4433e-02
1.1123e+02, 4.2418e-02
1.1264e+02, 4.1289e-02
1.1404e+02, 4.0912e-02
1.1588e+02, 4.1472e-02
1.1773e+02, 4.3113e-02
1.1957e+02, 4.5863e-02
1.2141e+02, 5.0017e-02
1.2233e+02, 5.2620e-02
1.2325e+02, 5.5792e-02
1.2418e+02, 5.9381e-02
1.2510e+02, 6.3571e-02
1.2694e+02, 7.4380e-02
1.2786e+02, 8.1183e-02
1.2878e+02, 8.9155e-02
1.2975e+02, 9.9347e-02
1.3071e+02, 1.1170e-01
1.3168e+02, 1.2689e-01
1.3264e+02, 1.4590e-01
1.3361e+02, 1.6988e-01
1.3409e+02, 1.8446e-01
1.3458e+02, 2.0100e-01
1.3506e+02, 2.1997e-01
1.3554e+02, 2.4216e-01
1.3602e+02, 2.6791e-01
1.3651e+02, 2.9762e-01
1.3699e+02, 3.3310e-01
1.3747e+02, 3.7593e-01
1.3795e+02, 4.2788e-01
1.3844e+02, 4.9173e-01
1.3892e+02, 5.7144e-01
1.3916e+02, 6.1893e-01
1.3940e+02, 6.7272e-01
1.3964e+02, 7.3400e-01
1.3988e+02, 8.0419e-01
1.4013e+02, 8.8513e-01
1.4037e+02, 9.7905e-01
1.4063e+02, 1.0991e+00
1.4089e+02, 1.2425e+00
1.4116e+02, 1.4177e+00
1.4142e+02, 1.6338e+00
1.4168e+02, 1.9042e+00
1.4181e+02, 2.0655e+00
1.4195e+02, 2.2485e+00
1.4208e+02, 2.4573e+00
1.4221e+02, 2.6964e+00
1.4234e+02, 2.9721e+00
1.4247e+02, 3.2922e+00
1.4254e+02, 3.4724e+00
1.4260e+02, 3.6679e+00
1.4267e+02, 3.8807e+00
1.4274e+02, 4.1131e+00
1.4277e+02, 4.2373e+00
1.4280e+02, 4.3674e+00
1.4284e+02, 4.5037e+00
1.4287e+02, 4.6467e+00
1.4290e+02, 4.7966e+00
1.4293e+02, 4.9541e+00
1.4297e+02, 5.1195e+00
1.4300e+02, 5.2936e+00
1.4303e+02, 5.4774e+00
1.4307e+02, 5.6705e+00
1.4309e+02, 5.8224e+00
1.4311e+02, 5.9806e+00
1.4314e+02, 6.1454e+00
1.4316e+02, 6.3166e+00
1.4319e+02, 6.4959e+00
1.4321e+02, 6.6830e+00
1.4324e+02, 6.8785e+00
1.4326e+02, 7.0821e+00
1.4329e+02, 7.3448e+00
1.4332e+02, 7.6227e+00
1.4335e+02, 7.9171e+00
1.4338e+02, 8.2281e+00
1.4341e+02, 8.5594e+00
1.4344e+02, 8.9104e+00
1.4347e+02, 9.2852e+00
1.4350e+02, 9.6835e+00
1.4353e+02, 1.0011e+01
1.4355e+02, 1.0355e+01
1.4357e+02, 1.0718e+01
1.4360e+02, 1.1100e+01
1.4362e+02, 1.1504e+01
1.4364e+02, 1.1931e+01
1.4369e+02, 1.2861e+01
1.4374e+02, 1.3909e+01
1.4378e+02, 1.5096e+01
1.4383e+02, 1.6449e+01
1.4385e+02, 1.7197e+01
1.4388e+02, 1.8001e+01
1.4390e+02, 1.8974e+01
1.4393e+02, 2.0034e+01
1.4396e+02, 2.1190e+01
1.4398e+02, 2.2453e+01
1.4401e+02, 2.3848e+01
1.4403e+02, 2.5383e+01
1.4406e+02, 2.7095e+01
1.4409e+02, 2.9001e+01
1.4411e+02, 3.1152e+01
1.4414e+02, 3.3578e+01
1.4416e+02, 3.6357e+01
1.4419e+02, 3.9544e+01
1.4422e+02, 4.3259e+01
1.4424e+02, 4.7595e+01
1.4427e+02, 5.2743e+01
1.4429e+02, 5.8858e+01
1.4431e+02, 6.2956e+01
1.4432e+02, 6.7523e+01
1.4434e+02, 7.2624e+01
1.4435e+02, 7.8328e+01
1.4437e+02, 8.4717e+01
1.4438e+02, 9.1876e+01
1.4440e+02, 9.9903e+01
1.4441e+02, 1.0884e+02
1.4443e+02, 1.1892e+02
1.4444e+02, 1.3020e+02
1.4446e+02, 1.4282e+02
1.4447e+02, 1.5681e+02
1.4449e+02, 1.7249e+02
1.4451e+02, 1.8993e+02
1.4452e+02, 2.0927e+02
1.4454e+02, 2.3048e+02
1.4456e+02, 2.7258e+02
1.4459e+02, 3.2156e+02
1.4461e+02, 3.7827e+02
1.4464e+02, 4.4249e+02
1.4467e+02, 5.1467e+02
1.4469e+02, 5.9379e+02
1.4474e+02, 7.7007e+02
1.4480e+02, 9.8875e+02
1.4486e+02, 1.1929e+03
1.4489e+02, 1.2768e+03
1.4492e+02, 1.3442e+03
1.4495e+02, 1.3921e+03
1.4498e+02, 1.4177e+03
1.4500e+02, 1.4217e+03
1.4503e+02, 1.4123e+03
1.4505e+02, 1.3849e+03
1.4508e+02, 1.3407e+03
1.4510e+02, 1.2815e+03
1.4514e+02, 1.1813e+03
1.4517e+02, 1.0646e+03
1.4524e+02, 8.1112e+02
1.4530e+02, 6.1507e+02
1.4533e+02, 5.2694e+02
1.4536e+02, 4.4731e+02
1.4539e+02, 3.7683e+02
1.4542e+02, 3.1558e+02
1.4544e+02, 2.6325e+02
1.4547e+02, 2.1920e+02
1.4550e+02, 1.8648e+02
1.4552e+02, 1.5904e+02
1.4555e+02, 1.3601e+02
1.4557e+02, 1.1694e+02
1.4560e+02, 1.0107e+02
1.4562e+02, 8.8001e+01
1.4565e+02, 7.7145e+01
1.4567e+02, 6.8182e+01
1.4570e+02, 6.0697e+01
1.4572e+02, 5.4461e+01
1.4575e+02, 4.9192e+01
1.4577e+02, 4.4740e+01
1.4580e+02, 4.0917e+01
1.4582e+02, 3.7635e+01
1.4585e+02, 3.4779e+01
1.4587e+02, 3.2275e+01
1.4592e+02, 2.8591e+01
1.4596e+02, 2.5561e+01
1.4601e+02, 2.3025e+01
1.4605e+02, 2.0873e+01
1.4609e+02, 1.9026e+01
1.4614e+02, 1.7426e+01
1.4618e+02, 1.6028e+01
1.4622e+02, 1.4800e+01
1.4631e+02, 1.2742e+01
1.4640e+02, 1.1096e+01
1.4649e+02, 9.7551e+00
1.4657e+02, 8.6485e+00
1.4664e+02, 7.9209e+00
1.4671e+02, 7.2831e+00
1.4684e+02, 6.2195e+00
1.4697e+02, 5.3746e+00
1.4711e+02, 4.6921e+00
1.4724e+02, 4.1327e+00
1.4738e+02, 3.6686e+00
1.4751e+02, 3.2796e+00
1.4764e+02, 2.9503e+00
1.4779e+02, 2.6424e+00
1.4794e+02, 2.3802e+00
1.4809e+02, 2.1546e+00
1.4824e+02, 1.9595e+00
1.4838e+02, 1.7896e+00
1.4853e+02, 1.6410e+00
1.4883e+02, 1.3945e+00
1.4912e+02, 1.1997e+00
1.4942e+02, 1.0431e+00
1.4971e+02, 9.1528e-01
1.5001e+02, 8.0982e-01
1.5029e+02, 7.2599e-01
1.5057e+02, 6.5436e-01
1.5085e+02, 5.9238e-01
1.5113e+02, 5.3875e-01
1.5141e+02, 4.9211e-01
1.5170e+02, 4.5130e-01
1.5198e+02, 4.1536e-01
1.5226e+02, 3.8357e-01
1.5282e+02, 3.3005e-01
1.5338e+02, 2.8705e-01
1.5395e+02, 2.5197e-01
1.5451e+02, 2.2299e-01
1.5505e+02, 1.9983e-01
1.5558e+02, 1.8050e-01
1.5612e+02, 1.6354e-01
1.5666e+02, 1.4901e-01
1.5719e+02, 1.3613e-01
1.5773e+02, 1.2505e-01
1.5880e+02, 1.0653e-01
1.5988e+02, 9.1988e-02
1.6095e+02, 8.0328e-02
1.6202e+02, 7.0802e-02
1.6309e+02, 6.2957e-02
1.6411e+02, 5.6747e-02
1.6513e+02, 5.1492e-02
1.6717e+02, 4.3201e-02
1.6921e+02, 3.6962e-02
1.7125e+02, 3.2311e-02
1.7329e+02, 2.8777e-02
1.7431e+02, 2.7304e-02
1.7532e+02, 2.6106e-02
1.7736e+02, 2.4150e-02
1.7940e+02, 2.2841e-02
1.8112e+02, 2.2228e-02
1.8283e+02, 2.2075e-02
1.8412e+02, 2.2327e-02
1.8541e+02, 2.2938e-02
1.8670e+02, 2.3879e-02
1.8798e+02, 2.5450e-02
1.8927e+02, 2.7821e-02
1.8992e+02, 2.9392e-02
1.9056e+02, 3.1300e-02
1.9120e+02, 3.3654e-02
1.9185e+02, 3.6560e-02
1.9249e+02, 4.0043e-02
1.9313e+02, 4.4512e-02
1.9356e+02, 4.8152e-02
1.9399e+02, 5.2458e-02
1.9442e+02, 5.7599e-02
1.9485e+02, 6.3793e-02
1.9528e+02, 7.1347e-02
1.9571e+02, 8.0676e-02
1.9614e+02, 9.2372e-02
1.9657e+02, 1.0716e-01
1.9686e+02, 1.1981e-01
1.9716e+02, 1.3526e-01
1.9745e+02, 1.5429e-01
1.9775e+02, 1.7806e-01
1.9804e+02, 2.0831e-01
1.9819e+02, 2.2663e-01
1.9834e+02, 2.4762e-01
1.9848e+02, 2.7186e-01
1.9863e+02, 2.9999e-01
1.9878e+02, 3.3286e-01
1.9893e+02, 3.7168e-01
1.9906e+02, 4.1349e-01
1.9920e+02, 4.6322e-01
1.9933e+02, 5.2299e-01
1.9946e+02, 5.9572e-01
1.9960e+02, 6.8546e-01
1.9973e+02, 7.9806e-01
1.9980e+02, 8.6553e-01
1.9987e+02, 9.4219e-01
1.9993e+02, 1.0299e+00
2.0000e+02, 1.1312e+00
2.0009e+02, 1.2859e+00
2.0017e+02, 1.4768e+00
2.0026e+02, 1.7172e+00
2.0030e+02, 1.8624e+00
2.0034e+02, 2.0293e+00
2.0039e+02, 2.2240e+00
2.0043e+02, 2.4537e+00
2.0047e+02, 2.7309e+00
2.0052e+02, 3.0740e+00
2.0056e+02, 3.5118e+00
2.0058e+02, 3.7794e+00
2.0060e+02, 4.0893e+00
2.0062e+02, 4.4510e+00
2.0065e+02, 4.8763e+00
2.0067e+02, 5.3799e+00
2.0069e+02, 5.9794e+00
2.0071e+02, 6.7517e+00
2.0073e+02, 7.6860e+00
2.0076e+02, 8.8291e+00
2.0078e+02, 1.0216e+01
2.0080e+02, 1.1913e+01
2.0083e+02, 1.3967e+01
2.0085e+02, 1.6455e+01
2.0087e+02, 1.9455e+01
2.0089e+02, 2.3072e+01
2.0092e+02, 2.7367e+01
2.0094e+02, 3.2478e+01
2.0096e+02, 3.8461e+01
2.0099e+02, 4.5470e+01
2.0101e+02, 5.3538e+01
2.0103e+02, 6.2777e+01
2.0106e+02, 7.3255e+01
2.0108e+02, 8.3511e+01
2.0110e+02, 9.4772e+01
2.0112e+02, 1.0703e+02
2.0114e+02, 1.2019e+02
2.0118e+02, 1.4930e+02
2.0122e+02, 1.8118e+02
2.0124e+02, 2.0509e+02
2.0128e+02, 2.3870e+02
2.0133e+02, 2.7548e+02
2.0136e+02, 2.9817e+02
2.0139e+02, 3.1752e+02
2.0144e+02, 3.3802e+02
2.0147e+02, 3.4612e+02
2.0150e+02, 3.4831e+02
2.0150e+02, 3.4825e+02
2.0152e+02, 3.4761e+02
2.0153e+02, 3.4628e+02
2.0155e+02, 3.4151e+02
2.0158e+02, 3.3032e+02
2.0161e+02, 3.1446e+02
2.0166e+02, 2.7918e+02
2.0172e+02, 2.3708e+02
2.0181e+02, 1.6060e+02
2.0186e+02, 1.2615e+02
2.0188e+02, 1.1060e+02
2.0190e+02, 9.6303e+01
2.0192e+02, 8.5093e+01
2.0194e+02, 7.4856e+01
2.0196e+02, 6.5581e+01
2.0198e+02, 5.7241e+01
2.0200e+02, 4.9797e+01
2.0202e+02, 4.3198e+01
2.0204e+02, 3.7389e+01
2.0206e+02, 3.2306e+01
2.0208e+02, 2.7886e+01
2.0210e+02, 2.4063e+01
2.0212e+02, 2.0774e+01
2.0214e+02, 1.7958e+01
2.0216e+02, 1.5557e+01
2.0218e+02, 1.3516e+01
2.0220e+02, 1.1788e+01
2.0222e+02, 1.0327e+01
2.0224e+02, 9.1863e+00
2.0225e+02, 8.2108e+00
2.0227e+02, 7.3766e+00
2.0229e+02, 6.6663e+00
2.0231e+02, 6.0538e+00
2.0233e+02, 5.5302e+00
2.0235e+02, 5.0763e+00
2.0236e+02, 4.6857e+00
2.0240e+02, 4.0477e+00
2.0244e+02, 3.5558e+00
2.0247e+02, 3.1677e+00
2.0251e+02, 2.8541e+00
2.0255e+02, 2.5950e+00
2.0258e+02, 2.3766e+00
2.0262e+02, 2.1893e+00
2.0265e+02, 2.0265e+00
2.0273e+02, 1.7564e+00
2.0280e+02, 1.5409e+00
2.0287e+02, 1.3648e+00
2.0294e+02, 1.2188e+00
2.0302e+02, 1.0959e+00
2.0309e+02, 9.9126e-01
2.0316e+02, 9.0138e-01
2.0324e+02, 8.2353e-01
2.0331e+02, 7.5561e-01
2.0338e+02, 6.9597e-01
2.0353e+02, 5.9657e-01
2.0367e+02, 5.1755e-01
2.0382e+02, 4.5369e-01
2.0396e+02, 4.0133e-01
2.0410e+02, 3.5965e-01
2.0424e+02, 3.2435e-01
2.0438e+02, 2.9413e-01
2.0452e+02, 2.6804e-01
2.0465e+02, 2.4536e-01
2.0479e+02, 2.2555e-01
2.0507e+02, 1.9279e-01
2.0535e+02, 1.6699e-01
2.0562e+02, 1.4631e-01
2.0590e+02, 1.2949e-01
2.0618e+02, 1.1563e-01
2.0639e+02, 1.0666e-01
2.0660e+02, 9.8852e-02
2.0692e+02, 8.8820e-02
2.0724e+02, 8.0369e-02
2.0755e+02, 7.3230e-02
2.0787e+02, 6.7163e-02
2.0819e+02, 6.1967e-02
2.0850e+02, 5.7493e-02
2.0914e+02, 5.0243e-02
2.0977e+02, 4.4707e-02
2.1040e+02, 4.0430e-02
2.1104e+02, 3.7168e-02
2.1167e+02, 3.4569e-02
2.1252e+02, 3.2008e-02
2.1336e+02, 3.0278e-02
2.1421e+02, 2.9236e-02
2.1505e+02, 2.8803e-02
2.1589e+02, 2.8952e-02
2.1674e+02, 2.9704e-02
2.1758e+02, 3.1128e-02
2.1843e+02, 3.3356e-02
2.1927e+02, 3.6567e-02
2.1970e+02, 3.8641e-02
2.2012e+02, 4.1144e-02
2.2054e+02, 4.4130e-02
2.2096e+02, 4.7702e-02
2.2139e+02, 5.1994e-02
2.2181e+02, 5.7188e-02
2.2223e+02, 6.3529e-02
2.2265e+02, 7.1347e-02
2.2308e+02, 8.1107e-02
2.2350e+02, 9.3378e-02
2.2379e+02, 1.0380e-01
2.2408e+02, 1.1641e-01
2.2437e+02, 1.3181e-01
2.2466e+02, 1.5082e-01
2.2495e+02, 1.7469e-01
2.2510e+02, 1.8896e-01
2.2524e+02, 2.0519e-01
2.2539e+02, 2.2372e-01
2.2553e+02, 2.4503e-01
2.2568e+02, 2.6967e-01
2.2582e+02, 2.9835e-01
2.2598e+02, 3.3541e-01
2.2614e+02, 3.8013e-01
2.2630e+02, 4.3494e-01
2.2646e+02, 5.0319e-01
2.2661e+02, 5.8969e-01
2.2669e+02, 6.4191e-01
2.2677e+02, 7.0166e-01
2.2685e+02, 7.7050e-01
2.2693e+02, 8.5044e-01
2.2701e+02, 9.4408e-01
2.2709e+02, 1.0549e+00
2.2717e+02, 1.1999e+00
2.2726e+02, 1.3796e+00
2.2735e+02, 1.6077e+00
2.2739e+02, 1.7467e+00
2.2743e+02, 1.9079e+00
2.2748e+02, 2.0979e+00
2.2752e+02, 2.3265e+00
2.2756e+02, 2.6081e+00
2.2760e+02, 2.9650e+00
2.2763e+02, 3.1823e+00
2.2765e+02, 3.4312e+00
2.2767e+02, 3.7212e+00
2.2769e+02, 4.0580e+00
2.2771e+02, 4.4554e+00
2.2773e+02, 4.9221e+00
2.2775e+02, 5.4777e+00
2.2778e+02, 6.1350e+00
2.2780e+02, 6.9857e+00
2.2782e+02, 8.0137e+00
2.2784e+02, 9.2558e+00
2.2787e+02, 1.0754e+01
2.2789e+02, 1.2558e+01
2.2791e+02, 1.4721e+01
2.2794e+02, 1.7305e+01
2.2796e+02, 2.0376e+01
2.2798e+02, 2.4005e+01
2.2801e+02, 2.8265e+01
2.2803e+02, 3.3232e+01
2.2805e+02, 3.8981e+01
2.2808e+02, 4.5582e+01
2.2810e+02, 5.3100e+01
2.2812e+02, 6.1588e+01
2.2815e+02, 7.1082e+01
2.2817e+02, 8.1222e+01
2.2819e+02, 9.2314e+01
2.2821e+02, 1.0433e+02
2.2823e+02, 1.1717e+02
2.2828e+02, 1.4521e+02
2.2832e+02, 1.7532e+02
2.2834e+02, 1.8903e+02
2.2838e+02, 2.1624e+02
2.2842e+02, 2.3995e+02
2.2847e+02, 2.6833e+02
2.2851e+02, 2.8733e+02
2.2855e+02, 2.9819e+02
2.2859e+02, 3.0383e+02
2.2860e+02, 3.0414e+02
2.2860e+02, 3.0410e+02
2.2862e+02, 3.0358e+02
2.2863e+02, 3.0246e+02
2.2865e+02, 2.9849e+02
2.2868e+02, 2.8998e+02
2.2871e+02, 2.7806e+02
2.2876e+02, 2.5003e+02
2.2882e+02, 2.1600e+02
2.2891e+02, 1.5273e+02
2.2896e+02, 1.2309e+02
2.2900e+02, 9.6664e+01
2.2904e+02, 7.7257e+01
2.2906e+02, 6.8670e+01
2.2908e+02, 6.0810e+01
2.2910e+02, 5.3630e+01
2.2912e+02, 4.7180e+01
2.2914e+02, 4.1389e+01
2.2916e+02, 3.6222e+01
2.2918e+02, 3.1616e+01
2.2920e+02, 2.7574e+01
2.2922e+02, 2.4025e+01
2.2924e+02, 2.0925e+01
2.2926e+02, 1.8217e+01
2.2928e+02, 1.5885e+01
2.2929e+02, 1.3872e+01
2.2931e+02, 1.2142e+01
2.2933e+02, 1.0652e+01
2.2935e+02, 9.3840e+00
2.2937e+02, 8.2963e+00
2.2939e+02, 7.3737e+00
2.2941e+02, 6.5835e+00
2.2943e+02, 5.9132e+00
2.2945e+02, 5.3410e+00
2.2947e+02, 4.8515e+00
2.2949e+02, 4.4298e+00
2.2951e+02, 4.0688e+00
2.2953e+02, 3.7569e+00
2.2955e+02, 3.4861e+00
2.2959e+02, 3.0411e+00
2.2963e+02, 2.6951e+00
2.2967e+02, 2.4178e+00
2.2970e+02, 2.1913e+00
2.2974e+02, 2.0014e+00
2.2978e+02, 1.8399e+00
2.2982e+02, 1.6998e+00
2.2986e+02, 1.5774e+00
2.2994e+02, 1.3723e+00
2.3001e+02, 1.2141e+00
2.3009e+02, 1.0831e+00
2.3016e+02, 9.7305e-01
2.3024e+02, 8.7966e-01
2.3031e+02, 7.9940e-01
2.3039e+02, 7.3001e-01
2.3046e+02, 6.6941e-01
2.3054e+02, 6.1630e-01
2.3068e+02, 5.2772e-01
2.3083e+02, 4.5731e-01
2.3098e+02, 4.0040e-01
2.3113e+02, 3.5373e-01
2.3127e+02, 3.1665e-01
2.3142e+02, 2.8529e-01
2.3156e+02, 2.5846e-01
2.3170e+02, 2.3528e-01
2.3184e+02, 2.1512e-01
2.3198e+02, 1.9748e-01
2.3227e+02, 1.6825e-01
2.3255e+02, 1.4520e-01
2.3284e+02, 1.2671e-01
2.3312e+02, 1.1163e-01
2.3340e+02, 9.9177e-02
2.3375e+02, 8.6905e-02
2.3409e+02, 7.6922e-02
2.3443e+02, 6.8645e-02
2.3477e+02, 6.1648e-02
2.3511e+02, 5.5713e-02
2.3545e+02, 5.0644e-02
2.3579e+02, 4.6278e-02
2.3613e+02, 4.2492e-02
2.3647e+02, 3.9185e-02
2.3681e+02, 3.6280e-02
2.3749e+02, 3.1434e-02
2.3818e+02, 2.7578e-02
2.3886e+02, 2.4505e-02
2.3954e+02, 2.1930e-02
2.4033e+02, 1.9467e-02
2.4113e+02, 1.7449e-02
2.4192e+02, 1.5773e-02
2.4272e+02, 1.4362e-02
2.4352e+02, 1.3162e-02
2.4431e+02, 1.2133e-02
2.4590e+02, 1.0470e-02
2.4749e+02, 9.2219e-03
2.4908e+02, 8.2007e-03
2.5067e+02, 7.3817e-03
2.5226e+02, 6.7156e-03
2.5419e+02, 6.0579e-03
2.5613e+02, 5.5240e-03
2.5806e+02, 5.0834e-03
2.5999e+02, 4.7150e-03
2.6385e+02, 4.1486e-03
2.6771e+02, 3.7175e-03
2.7158e+02, 3.3935e-03
2.7544e+02, 3.1477e-03
2.7930e+02, 2.9623e-03
2.8316e+02, 2.8262e-03
2.8862e+02, 2.7085e-03
2.9407e+02, 2.6618e-03
2.9771e+02, 2.6777e-03
3.0134e+02, 2.7352e-03
3.0498e+02, 2.8432e-03
3.0861e+02, 3.0172e-03
3.1225e+02, 3.2811e-03
3.1588e+02, 3.6786e-03
3.1952e+02, 4.2875e-03
3.2134e+02, 4.7120e-03
3.2315e+02, 5.2531e-03
3.2588e+02, 6.3759e-03
3.2724e+02, 7.1506e-03
3.2861e+02, 8.1275e-03
3.2997e+02, 9.3893e-03
3.3133e+02, 1.1047e-02
3.3270e+02, 1.3298e-02
3.3338e+02, 1.4730e-02
3.3406e+02, 1.6418e-02
3.3468e+02, 1.8273e-02
3.3531e+02, 2.0517e-02
3.3593e+02, 2.3244e-02
3.3656e+02, 2.6603e-02
3.3718e+02, 3.0806e-02
3.3781e+02, 3.6160e-02
3.3843e+02, 4.3131e-02
3.3875e+02, 4.7434e-02
3.3906e+02, 5.2433e-02
3.3951e+02, 6.1244e-02
3.3983e+02, 6.8706e-02
3.4014e+02, 7.7711e-02
3.4045e+02, 8.8687e-02
3.4076e+02, 1.0224e-01
3.4107e+02, 1.1924e-01
3.4123e+02, 1.2942e-01
3.4139e+02, 1.4098e-01
3.4154e+02, 1.5420e-01
3.4170e+02, 1.6940e-01
3.4186e+02, 1.8700e-01
3.4201e+02, 2.0751e-01
3.4218e+02, 2.3408e-01
3.4235e+02, 2.6623e-01
3.4252e+02, 3.0573e-01
3.4269e+02, 3.5509e-01
3.4278e+02, 3.8455e-01
3.4286e+02, 4.1796e-01
3.4295e+02, 4.5610e-01
3.4303e+02, 4.9991e-01
3.4312e+02, 5.5064e-01
3.4320e+02, 6.0991e-01
3.4329e+02, 6.7990e-01
3.4338e+02, 7.6367e-01
3.4347e+02, 8.7525e-01
3.4356e+02, 1.0178e+00
3.4361e+02, 1.1056e+00
3.4365e+02, 1.2086e+00
3.4370e+02, 1.3323e+00
3.4374e+02, 1.4833e+00
3.4379e+02, 1.6734e+00
3.4384e+02, 1.9175e+00
3.4386e+02, 2.0671e+00
3.4388e+02, 2.2396e+00
3.4391e+02, 2.4397e+00
3.4393e+02, 2.6714e+00
3.4395e+02, 2.9430e+00
3.4398e+02, 3.2608e+00
3.4400e+02, 3.6333e+00
3.4402e+02, 4.0683e+00
3.4404e+02, 4.5808e+00
3.4407e+02, 5.1819e+00
3.4409e+02, 5.8861e+00
3.4411e+02, 6.7058e+00
3.4414e+02, 7.7473e+00
3.4416e+02, 8.9679e+00
3.4419e+02, 1.0405e+01
3.4421e+02, 1.2075e+01
3.4424e+02, 1.4023e+01
3.4426e+02, 1.6267e+01
3.4429e+02, 1.8856e+01
3.4431e+02, 2.1804e+01
3.4434e+02, 2.5166e+01
3.4436e+02, 2.8946e+01
3.4439e+02, 3.3202e+01
3.4441e+02, 3.7923e+01
3.4444e+02, 4.3164e+01
3.4446e+02, 4.8892e+01
3.4449e+02, 5.5157e+01
3.4451e+02, 6.1899e+01
3.4456e+02, 7.6830e+01
3.4461e+02, 9.3379e+01
3.4466e+02, 1.1103e+02
3.4471e+02, 1.2907e+02
3.4474e+02, 1.3922e+02
3.4480e+02, 1.5829e+02
3.4483e+02, 1.6984e+02
3.4487e+02, 1.7953e+02
3.4491e+02, 1.8701e+02
3.4495e+02, 1.9190e+02
3.4500e+02, 1.9409e+02
3.4500e+02, 1.9410e+02
3.4500e+02, 1.9408e+02
3.4502e+02, 1.9379e+02
3.4503e+02, 1.9316e+02
3.4506e+02, 1.9089e+02
3.4512e+02, 1.8096e+02
3.4517e+02, 1.6803e+02
3.4522e+02, 1.5203e+02
3.4528e+02, 1.3402e+02
3.4533e+02, 1.1520e+02
3.4538e+02, 9.6603e+01
3.4543e+02, 7.9077e+01
3.4548e+02, 6.3911e+01
3.4553e+02, 5.0635e+01
3.4556e+02, 4.4745e+01
3.4558e+02, 3.9387e+01
3.4561e+02, 3.4529e+01
3.4563e+02, 3.0157e+01
3.4566e+02, 2.6234e+01
3.4568e+02, 2.2766e+01
3.4570e+02, 1.9705e+01
3.4573e+02, 1.7022e+01
3.4575e+02, 1.4673e+01
3.4578e+02, 1.2646e+01
3.4580e+02, 1.0897e+01
3.4583e+02, 9.3965e+00
3.4585e+02, 8.2243e+00
3.4587e+02, 7.2110e+00
3.4590e+02, 6.3376e+00
3.4592e+02, 5.5897e+00
3.4594e+02, 4.9448e+00
3.4596e+02, 4.3945e+00
3.4599e+02, 3.9210e+00
3.4601e+02, 3.5173e+00
3.4603e+02, 3.1700e+00
3.4605e+02, 2.8723e+00
3.4608e+02, 2.6167e+00
3.4610e+02, 2.3976e+00
3.4612e+02, 2.2075e+00
3.4614e+02, 2.0434e+00
3.4619e+02, 1.7749e+00
3.4623e+02, 1.5666e+00
3.4628e+02, 1.4021e+00
3.4632e+02, 1.2687e+00
3.4637e+02, 1.1581e+00
3.4641e+02, 1.0645e+00
3.4646e+02, 9.8394e-01
3.4655e+02, 8.5162e-01
3.4663e+02, 7.5165e-01
3.4672e+02, 6.6960e-01
3.4680e+02, 6.0092e-01
3.4689e+02, 5.4281e-01
3.4697e+02, 4.9299e-01
3.4706e+02, 4.4999e-01
3.4714e+02, 4.1253e-01
3.4723e+02, 3.7966e-01
3.4740e+02, 3.2486e-01
3.4757e+02, 2.8131e-01
3.4774e+02, 2.4608e-01
3.4791e+02, 2.1718e-01
3.4807e+02, 1.9438e-01
3.4823e+02, 1.7505e-01
3.4839e+02, 1.5852e-01
3.4855e+02, 1.4428e-01
3.4871e+02, 1.3192e-01
3.4887e+02, 1.2111e-01
3.4920e+02, 1.0313e-01
3.4952e+02, 8.8877e-02
3.4984e+02, 7.7419e-02
3.5016e+02, 6.8074e-02
3.5048e+02, 6.0353e-02
3.5094e+02, 5.1541e-02
3.5139e+02, 4.4563e-02
3.5184e+02, 3.8946e-02
3.5230e+02, 3.4382e-02
3.5271e+02, 3.0896e-02
3.5313e+02, 2.7906e-02
3.5396e+02, 2.3128e-02
3.5480e+02, 1.9525e-02
3.5563e+02, 1.6741e-02
3.5646e+02, 1.4545e-02
3.5729e+02, 1.2784e-02
3.5812e+02, 1.1348e-02
3.5896e+02, 1.0164e-02
3.6085e+02, 8.1467e-03
3.6274e+02, 6.7346e-03
3.6463e+02, 5.7078e-03
3.6652e+02, 4.9451e-03
3.6842e+02, 4.3611e-03
3.7031e+02, 3.9188e-03
3.7409e+02, 3.2524e-03
3.7733e+02, 2.8725e-03
3.8057e+02, 2.5937e-03
3.8705e+02, 2.2347e-03
3.9352e+02, 2.0301e-03
4.0000e+02, 1.9155e-03
4.0563e+02, 1.8696e-03
4.1126e+02, 1.8600e-03
4.1781e+02, 1.8894e-03
4.2436e+02, 1.9580e-03
4.3092e+02, 2.0678e-03
4.3747e+02, 2.2263e-03
4.4402e+02, 2.4526e-03
4.5057e+02, 2.7599e-03
4.5713e+02, 3.1943e-03
4.6368e+02, 3.8152e-03
4.6943e+02, 4.6288e-03
4.7231e+02, 5.1754e-03
4.7518e+02, 5.8542e-03
4.7806e+02, 6.7158e-03
4.8093e+02, 7.8460e-03
4.8381e+02, 9.3368e-03
4.8525e+02, 1.0285e-02
4.8668e+02, 1.1409e-02
4.8804e+02, 1.2682e-02
4.8941e+02, 1.4210e-02
4.9077e+02, 1.6070e-02
4.9213e+02, 1.8363e-02
4.9349e+02, 2.1237e-02
4.9485e+02, 2.4900e-02
4.9554e+02, 2.7087e-02
4.9622e+02, 2.9644e-02
4.9690e+02, 3.2612e-02
4.9758e+02, 3.6080e-02
4.9818e+02, 3.9676e-02
4.9879e+02, 4.3869e-02
4.9939e+02, 4.8800e-02
5.0000e+02, 5.4655e-02
5.0062e+02, 6.1882e-02
5.0124e+02, 7.0702e-02
5.0186e+02, 8.1624e-02
5.0248e+02, 9.5266e-02
5.0291e+02, 1.0679e-01
5.0334e+02, 1.2070e-01
5.0376e+02, 1.3763e-01
5.0419e+02, 1.5847e-01
5.0462e+02, 1.8458e-01
5.0483e+02, 2.0018e-01
5.0505e+02, 2.1787e-01
5.0526e+02, 2.3809e-01
5.0547e+02, 2.6128e-01
5.0569e+02, 2.8810e-01
5.0590e+02, 3.1928e-01
5.0613e+02, 3.5951e-01
5.0636e+02, 4.0802e-01
5.0660e+02, 4.6744e-01
5.0683e+02, 5.4131e-01
5.0706e+02, 6.3486e-01
5.0718e+02, 6.9125e-01
5.0730e+02, 7.5574e-01
5.0741e+02, 8.3005e-01
5.0753e+02, 9.1619e-01
5.0765e+02, 1.0170e+00
5.0776e+02, 1.1362e+00
5.0789e+02, 1.2922e+00
5.0801e+02, 1.4850e+00
5.0814e+02, 1.7294e+00
5.0820e+02, 1.8779e+00
5.0827e+02, 2.0495e+00
5.0833e+02, 2.2510e+00
5.0839e+02, 2.4914e+00
5.0846e+02, 2.7843e+00
5.0849e+02, 2.9560e+00
5.0852e+02, 3.1488e+00
5.0855e+02, 3.3673e+00
5.0858e+02, 3.6151e+00
5.0861e+02, 3.8985e+00
5.0864e+02, 4.2245e+00
5.0868e+02, 4.6026e+00
5.0871e+02, 5.0405e+00
5.0872e+02, 5.2867e+00
5.0874e+02, 5.5510e+00
5.0876e+02, 5.8386e+00
5.0877e+02, 6.1478e+00
5.0879e+02, 6.5382e+00
5.0881e+02, 6.9663e+00
5.0883e+02, 7.4357e+00
5.0884e+02, 7.9507e+00
5.0886e+02, 8.5157e+00
5.0888e+02, 9.1353e+00
5.0890e+02, 9.8146e+00
5.0892e+02, 1.0555e+01
5.0893e+02, 1.1370e+01
5.0895e+02, 1.2262e+01
5.0897e+02, 1.3237e+01
5.0899e+02, 1.4302e+01
5.0901e+02, 1.5465e+01
5.0903e+02, 1.6732e+01
5.0904e+02, 1.8111e+01
5.0906e+02, 1.9601e+01
5.0908e+02, 2.1573e+01
5.0911e+02, 2.3733e+01
5.0913e+02, 2.6104e+01
5.0915e+02, 2.8699e+01
5.0917e+02, 3.1545e+01
5.0919e+02, 3.4630e+01
5.0921e+02, 3.7977e+01
5.0924e+02, 4.1597e+01
5.0926e+02, 4.6418e+01
5.0929e+02, 5.1678e+01
5.0932e+02, 5.7388e+01
5.0934e+02, 6.3551e+01
5.0940e+02, 7.7226e+01
5.0945e+02, 9.2576e+01
5.0950e+02, 1.0943e+02
5.0956e+02, 1.2736e+02
5.0966e+02, 1.6443e+02
5.0973e+02, 1.8529e+02
5.0979e+02, 2.0379e+02
5.0984e+02, 2.1671e+02
5.0990e+02, 2.2637e+02
5.0995e+02, 2.3218e+02
5.1000e+02, 2.3414e+02
5.1001e+02, 2.3409e+02
5.1003e+02, 2.3342e+02
5.1005e+02, 2.3200e+02
5.1010e+02, 2.2697e+02
5.1016e+02, 2.1661e+02
5.1021e+02, 2.0245e+02
5.1032e+02, 1.7088e+02
5.1042e+02, 1.3552e+02
5.1051e+02, 1.0564e+02
5.1055e+02, 9.1817e+01
5.1060e+02, 7.9047e+01
5.1064e+02, 6.7407e+01
5.1069e+02, 5.6995e+01
5.1073e+02, 4.7828e+01
5.1077e+02, 3.9891e+01
5.1081e+02, 3.4057e+01
5.1085e+02, 2.8990e+01
5.1089e+02, 2.4629e+01
5.1092e+02, 2.0914e+01
5.1096e+02, 1.7756e+01
5.1100e+02, 1.5103e+01
5.1104e+02, 1.2875e+01
5.1107e+02, 1.1024e+01
5.1111e+02, 9.4817e+00
5.1115e+02, 8.2082e+00
5.1119e+02, 7.1520e+00
5.1122e+02, 6.2808e+00
5.1126e+02, 5.5573e+00
5.1130e+02, 4.9580e+00
5.1134e+02, 4.4568e+00
5.1137e+02, 4.0374e+00
5.1141e+02, 3.6824e+00
5.1145e+02, 3.3804e+00
5.1149e+02, 3.1213e+00
5.1152e+02, 2.8977e+00
5.1160e+02, 2.5301e+00
5.1167e+02, 2.2405e+00
5.1175e+02, 2.0055e+00
5.1182e+02, 1.8106e+00
5.1190e+02, 1.6458e+00
5.1197e+02, 1.5044e+00
5.1205e+02, 1.3816e+00
5.1212e+02, 1.2742e+00
5.1227e+02, 1.0954e+00
5.1242e+02, 9.5299e-01
5.1257e+02, 8.3761e-01
5.1271e+02, 7.4647e-01
5.1286e+02, 6.6985e-01
5.1300e+02, 6.0466e-01
5.1314e+02, 5.4874e-01
5.1329e+02, 5.0032e-01
5.1343e+02, 4.5815e-01
5.1357e+02, 4.2118e-01
5.1372e+02, 3.8858e-01
5.1400e+02, 3.3397e-01
5.1429e+02, 2.9032e-01
5.1457e+02, 2.5486e-01
5.1486e+02, 2.2570e-01
5.1513e+02, 2.0250e-01
5.1540e+02, 1.8285e-01
5.1568e+02, 1.6599e-01
5.1595e+02, 1.5141e-01
5.1622e+02, 1.3870e-01
5.1649e+02, 1.2759e-01
5.1704e+02, 1.0920e-01
5.1758e+02, 9.4736e-02
5.1813e+02, 8.3165e-02
5.1867e+02, 7.3781e-02
5.1922e+02, 6.6084e-02
5.1987e+02, 5.8570e-02
5.2053e+02, 5.2561e-02
5.2129e+02, 4.6955e-02
5.2205e+02, 4.2484e-02
5.2282e+02, 3.8961e-02
5.2358e+02, 3.6213e-02
5.2434e+02, 3.4120e-02
5.2510e+02, 3.2605e-02
5.2587e+02, 3.1624e-02
5.2663e+02, 3.1166e-02
5.2728e+02, 3.1206e-02
5.2794e+02, 3.1681e-02
5.2859e+02, 3.2649e-02
5.2925e+02, 3.4170e-02
5.2979e+02, 3.5988e-02
5.3034e+02, 3.8470e-02
5.3088e+02, 4.1772e-02
5.3142e+02, 4.6154e-02
5.3197e+02, 5.2010e-02
5.3251e+02, 5.9938e-02
5.3306e+02, 7.0848e-02
5.3333e+02, 7.7882e-02
5.3360e+02, 8.6373e-02
5.3386e+02, 9.6176e-02
5.3412e+02, 1.0815e-01
5.3438e+02, 1.2297e-01
5.3464e+02, 1.4158e-01
5.3490e+02, 1.6541e-01
5.3503e+02, 1.7990e-01
5.3516e+02, 1.9659e-01
5.3529e+02, 2.1596e-01
5.3542e+02, 2.3864e-01
5.3555e+02, 2.6547e-01
5.3567e+02, 2.9758e-01
5.3581e+02, 3.3886e-01
5.3595e+02, 3.9040e-01
5.3602e+02, 4.2127e-01
5.3608e+02, 4.5653e-01
5.3615e+02, 4.9727e-01
5.3622e+02, 5.4510e-01
5.3629e+02, 6.0240e-01
5.3636e+02, 6.7292e-01
5.3642e+02, 7.6257e-01
5.3646e+02, 8.1742e-01
5.3649e+02, 8.8082e-01
5.3653e+02, 9.5520e-01
5.3656e+02, 1.0427e+00
5.3659e+02, 1.1471e+00
5.3663e+02, 1.2719e+00
5.3666e+02, 1.4225e+00
5.3670e+02, 1.6043e+00
5.3673e+02, 1.8256e+00
5.3676e+02, 2.0938e+00
5.3680e+02, 2.4389e+00
5.3684e+02, 2.8625e+00
5.3687e+02, 3.3812e+00
5.3691e+02, 4.0123e+00
5.3694e+02, 4.7812e+00
5.3698e+02, 5.7079e+00
5.3702e+02, 6.8247e+00
5.3705e+02, 8.1541e+00
5.3709e+02, 9.7343e+00
5.3712e+02, 1.1594e+01
5.3716e+02, 1.3763e+01
5.3719e+02, 1.6267e+01
5.3723e+02, 1.9145e+01
5.3727e+02, 2.2406e+01
5.3730e+02, 2.6085e+01
5.3734e+02, 3.0172e+01
5.3737e+02, 3.4914e+01
5.3741e+02, 4.0090e+01
5.3745e+02, 4.5699e+01
5.3749e+02, 5.1666e+01
5.3756e+02, 6.4473e+01
5.3764e+02, 7.7807e+01
5.3774e+02, 9.5138e+01
5.3781e+02, 1.0579e+02
5.3787e+02, 1.1177e+02
5.3791e+02, 1.1503e+02
5.3795e+02, 1.1702e+02
5.3799e+02, 1.1805e+02
5.3800e+02, 1.1808e+02
5.3800e+02, 1.1807e+02
5.3802e+02, 1.1793e+02
5.3803e+02, 1.1762e+02
5.3807e+02, 1.1647e+02
5.3813e+02, 1.1204e+02
5.3819e+02, 1.0509e+02
5.3825e+02, 9.6126e+01
5.3831e+02, 8.6267e+01
5.3837e+02, 7.5725e+01
5.3850e+02, 5.4652e+01
5.3855e+02, 4.5411e+01
5.3861e+02, 3.7047e+01
5.3867e+02, 2.9699e+01
5.3870e+02, 2.6432e+01
5.3872e+02, 2.3433e+01
5.3875e+02, 2.0689e+01
5.3878e+02, 1.8210e+01
5.3881e+02, 1.5969e+01
5.3884e+02, 1.3970e+01
5.3887e+02, 1.2183e+01
5.3890e+02, 1.0607e+01
5.3892e+02, 9.2180e+00
5.3895e+02, 8.0005e+00
5.3898e+02, 7.0358e+00
5.3900e+02, 6.1861e+00
5.3903e+02, 5.4401e+00
5.3906e+02, 4.7875e+00
5.3908e+02, 4.2182e+00
5.3911e+02, 3.7229e+00
5.3913e+02, 3.2930e+00
5.3916e+02, 2.9221e+00
5.3919e+02, 2.6001e+00
5.3921e+02, 2.3220e+00
5.3924e+02, 2.0821e+00
5.3926e+02, 1.8760e+00
5.3929e+02, 1.6974e+00
5.3931e+02, 1.5433e+00
5.3934e+02, 1.4101e+00
5.3937e+02, 1.2952e+00
5.3939e+02, 1.1951e+00
5.3942e+02, 1.1079e+00
5.3947e+02, 9.6513e-01
5.3952e+02, 8.5403e-01
5.3957e+02, 7.6617e-01
5.3962e+02, 6.9490e-01
5.3967e+02, 6.3608e-01
5.3973e+02, 5.8636e-01
5.3978e+02, 5.4375e-01
5.3988e+02, 4.7723e-01
5.3997e+02, 4.2388e-01
5.4007e+02, 3.7993e-01
5.4017e+02, 3.4302e-01
5.4027e+02, 3.1161e-01
5.4036e+02, 2.8459e-01
5.4046e+02, 2.6113e-01
5.4056e+02, 2.4062e-01
5.4075e+02, 2.0652e-01
5.4095e+02, 1.7949e-01
5.4114e+02, 1.5765e-01
5.4134e+02, 1.3976e-01
5.4152e+02, 1.2568e-01
5.4170e+02, 1.1376e-01
5.4207e+02, 9.4752e-02
5.4244e+02, 8.0432e-02
5.4280e+02, 6.9340e-02
5.4317e+02, 6.0534e-02
5.4354e+02, 5.3427e-02
5.4390e+02, 4.7615e-02
5.4427e+02, 4.2801e-02
5.4473e+02, 3.7860e-02
5.4519e+02, 3.3837e-02
5.4610e+02, 2.7765e-02
5.4670e+02, 2.4807e-02
5.4729e+02, 2.2371e-02
5.4849e+02, 1.8672e-02
5.4968e+02, 1.6041e-02
5.5087e+02, 1.4107e-02
5.5206e+02, 1.2649e-02
5.5325e+02, 1.1554e-02
5.5563e+02, 9.9984e-03
5.5857e+02, 8.9270e-03
5.6150e+02, 8.4872e-03
5.6480e+02, 8.6127e-03
5.6645e+02, 8.9549e-03
5.6810e+02, 9.5368e-03
5.6975e+02, 1.0435e-02
5.7140e+02, 1.1762e-02
5.7305e+02, 1.3813e-02
5.7387e+02, 1.5235e-02
5.7470e+02, 1.7035e-02
5.7580e+02, 2.0273e-02
5.7690e+02, 2.4935e-02
5.7738e+02, 2.7643e-02
5.7786e+02, 3.0952e-02
5.7834e+02, 3.5027e-02
5.7882e+02, 4.0117e-02
5.7930e+02, 4.6586e-02
5.7978e+02, 5.4981e-02
5.8027e+02, 6.6117e-02
5.8051e+02, 7.3098e-02
5.8075e+02, 8.1338e-02
5.8100e+02, 9.1704e-02
5.8125e+02, 1.0435e-01
5.8150e+02, 1.2002e-01
5.8176e+02, 1.3973e-01
5.8201e+02, 1.6506e-01
5.8213e+02, 1.8052e-01
5.8226e+02, 1.9838e-01
5.8239e+02, 2.1917e-01
5.8251e+02, 2.4362e-01
5.8264e+02, 2.7267e-01
5.8276e+02, 3.0769e-01
5.8289e+02, 3.5065e-01
5.8302e+02, 4.0455e-01
5.8308e+02, 4.3712e-01
5.8314e+02, 4.7472e-01
5.8320e+02, 5.1887e-01
5.8327e+02, 5.7177e-01
5.8333e+02, 6.3691e-01
5.8339e+02, 7.1919e-01
5.8346e+02, 8.2642e-01
5.8349e+02, 8.9284e-01
5.8352e+02, 9.7026e-01
5.8355e+02, 1.0610e+00
5.8358e+02, 1.1679e+00
5.8361e+02, 1.2944e+00
5.8365e+02, 1.4445e+00
5.8368e+02, 1.6230e+00
5.8371e+02, 1.8355e+00
5.8374e+02, 2.0885e+00
5.8377e+02, 2.3896e+00
5.8381e+02, 2.7837e+00
5.8384e+02, 3.2583e+00
5.8387e+02, 3.8283e+00
5.8391e+02, 4.5076e+00
5.8394e+02, 5.3184e+00
5.8398e+02, 6.2784e+00
5.8401e+02, 7.4086e+00
5.8405e+02, 8.7269e+00
5.8408e+02, 1.0264e+01
5.8412e+02, 1.2038e+01
5.8415e+02, 1.4071e+01
5.8418e+02, 1.6377e+01
5.8422e+02, 1.8987e+01
5.8425e+02, 2.1900e+01
5.8429e+02, 2.5142e+01
5.8432e+02, 2.8700e+01
5.8436e+02, 3.3267e+01
5.8440e+02, 3.8255e+01
5.8444e+02, 4.3632e+01
5.8448e+02, 4.9346e+01
5.8456e+02, 6.1496e+01
5.8464e+02, 7.3954e+01
5.8473e+02, 8.7315e+01
5.8480e+02, 9.5187e+01
5.8486e+02, 1.0139e+02
5.8492e+02, 1.0552e+02
5.8496e+02, 1.0687e+02
5.8500e+02, 1.0736e+02
5.8500e+02, 1.0736e+02
5.8502e+02, 1.0723e+02
5.8504e+02, 1.0696e+02
5.8507e+02, 1.0599e+02
5.8513e+02, 1.0217e+02
5.8519e+02, 9.6174e+01
5.8526e+02, 8.8431e+01
5.8532e+02, 7.9847e+01
5.8538e+02, 7.0603e+01
5.8550e+02, 5.1880e+01
5.8556e+02, 4.3538e+01
5.8562e+02, 3.5912e+01
5.8567e+02, 2.9117e+01
5.8573e+02, 2.3245e+01
5.8576e+02, 2.0649e+01
5.8579e+02, 1.8279e+01
5.8582e+02, 1.6128e+01
5.8585e+02, 1.4193e+01
5.8588e+02, 1.2450e+01
5.8591e+02, 1.0899e+01
5.8594e+02, 9.5172e+00
5.8596e+02, 8.2999e+00
5.8599e+02, 7.3267e+00
5.8602e+02, 6.4630e+00
5.8604e+02, 5.6992e+00
5.8607e+02, 5.0285e+00
5.8609e+02, 4.4367e+00
5.8612e+02, 3.9184e+00
5.8615e+02, 3.4654e+00
5.8617e+02, 3.0721e+00
5.8620e+02, 2.7286e+00
5.8623e+02, 2.4303e+00
5.8625e+02, 2.1717e+00
5.8628e+02, 1.9486e+00
5.8630e+02, 1.7546e+00
5.8633e+02, 1.5868e+00
5.8636e+02, 1.4415e+00
5.8638e+02, 1.3160e+00
5.8641e+02, 1.2067e+00
5.8643e+02, 1.1117e+00
5.8649e+02, 9.5669e-01
5.8654e+02, 8.3719e-01
5.8659e+02, 7.4384e-01
5.8664e+02, 6.6923e-01
5.8669e+02, 6.0860e-01
5.8675e+02, 5.5821e-01
5.8680e+02, 5.1553e-01
5.8690e+02, 4.4995e-01
5.8700e+02, 3.9816e-01
5.8709e+02, 3.5588e-01
5.8719e+02, 3.2059e-01
5.8729e+02, 2.9066e-01
5.8739e+02, 2.6498e-01
5.8759e+02, 2.2329e-01
5.8778e+02, 1.9106e-01
5.8798e+02, 1.6555e-01
5.8818e+02, 1.4499e-01
5.8837e+02, 1.2817e-01
5.8856e+02, 1.1496e-01
5.8875e+02, 1.0377e-01
5.8912e+02, 8.5963e-02
5.8949e+02, 7.2575e-02
5.8986e+02, 6.2226e-02
5.9023e+02, 5.4029e-02
5.9060e+02, 4.7427e-02
5.9097e+02, 4.2039e-02
5.9134e+02, 3.7587e-02
5.9180e+02, 3.3030e-02
5.9227e+02, 2.9331e-02
5.9319e+02, 2.3774e-02
5.9440e+02, 1.8874e-02
5.9561e+02, 1.5543e-02
5.9681e+02, 1.3191e-02
5.9802e+02, 1.1473e-02
5.9922e+02, 1.0181e-02
6.0043e+02, 9.2086e-03
6.0284e+02, 7.8027e-03
6.0506e+02, 6.9605e-03
6.0729e+02, 6.3797e-03
6.1173e+02, 5.7068e-03
6.1618e+02, 5.4096e-03
6.2063e+02, 5.3249e-03
6.2545e+02, 5.4220e-03
6.3027e+02, 5.6856e-03
6.3510e+02, 6.0788e-03
6.3992e+02, 6.6056e-03
6.4474e+02, 7.3449e-03
6.4956e+02, 8.3549e-03
6.5438e+02, 9.7664e-03
6.5679e+02, 1.0686e-02
6.5920e+02, 1.1813e-02
6.6142e+02, 1.3145e-02
6.6365e+02, 1.4877e-02
6.6587e+02, 1.7258e-02
6.6698e+02, 1.8813e-02
6.6810e+02, 2.0700e-02
6.6967e+02, 2.4319e-02
6.7046e+02, 2.6749e-02
6.7125e+02, 2.9791e-02
6.7204e+02, 3.3684e-02
6.7282e+02, 3.8776e-02
6.7361e+02, 4.5802e-02
6.7401e+02, 5.0374e-02
6.7440e+02, 5.5925e-02
6.7475e+02, 6.1889e-02
6.7510e+02, 6.9161e-02
6.7544e+02, 7.8158e-02
6.7579e+02, 8.9487e-02
6.7614e+02, 1.0411e-01
6.7649e+02, 1.2355e-01
6.7666e+02, 1.3579e-01
6.7683e+02, 1.5025e-01
6.7701e+02, 1.6754e-01
6.7718e+02, 1.8847e-01
6.7734e+02, 2.1231e-01
6.7751e+02, 2.4165e-01
6.7767e+02, 2.7856e-01
6.7783e+02, 3.2634e-01
6.7791e+02, 3.5608e-01
6.7799e+02, 3.9122e-01
6.7807e+02, 4.3378e-01
6.7815e+02, 4.8694e-01
6.7824e+02, 5.5593e-01
6.7832e+02, 6.4942e-01
6.7836e+02, 7.0957e-01
6.7840e+02, 7.8162e-01
6.7844e+02, 8.6908e-01
6.7848e+02, 9.7549e-01
6.7852e+02, 1.1167e+00
6.7857e+02, 1.2933e+00
6.7861e+02, 1.5146e+00
6.7865e+02, 1.7912e+00
6.7870e+02, 2.1383e+00
6.7872e+02, 2.3425e+00
6.7874e+02, 2.5703e+00
6.7876e+02, 2.8255e+00
6.7878e+02, 3.1083e+00
6.7880e+02, 3.4227e+00
6.7883e+02, 3.7716e+00
6.7887e+02, 4.5876e+00
6.7891e+02, 5.5797e+00
6.7896e+02, 6.7813e+00
6.7900e+02, 8.2175e+00
6.7904e+02, 9.9257e+00
6.7909e+02, 1.1928e+01
6.7913e+02, 1.4262e+01
6.7917e+02, 1.6939e+01
6.7922e+02, 2.0426e+01
6.7927e+02, 2.4390e+01
6.7932e+02, 2.8844e+01
6.7937e+02, 3.3744e+01
6.7942e+02, 3.9062e+01
6.7947e+02, 4.4704e+01
6.7957e+02, 5.6586e+01
6.7970e+02, 7.2208e+01
6.7978e+02, 8.0232e+01
6.7985e+02, 8.5170e+01
6.7991e+02, 8.8573e+01
6.7996e+02, 9.0074e+01
6.8000e+02, 9.0399e+01
6.8000e+02, 9.0393e+01
6.8002e+02, 9.0312e+01
6.8003e+02, 9.0137e+01
6.8006e+02, 8.9506e+01
6.8013e+02, 8.6839e+01
6.8018e+02, 8.3319e+01
6.8023e+02, 7.8796e+01
6.8034e+02, 6.7493e+01
6.8045e+02, 5.4634e+01
6.8055e+02, 4.2396e+01
6.8060e+02, 3.6666e+01
6.8065e+02, 3.1345e+01
6.8070e+02, 2.6482e+01
6.8075e+02, 2.2128e+01
6.8081e+02, 1.8297e+01
6.8086e+02, 1.4989e+01
6.8090e+02, 1.2416e+01
6.8095e+02, 1.0219e+01
6.8100e+02, 8.3647e+00
6.8104e+02, 6.8181e+00
6.8107e+02, 6.1470e+00
6.8109e+02, 5.5415e+00
6.8111e+02, 4.9919e+00
6.8113e+02, 4.4983e+00
6.8116e+02, 4.0524e+00
6.8118e+02, 3.6537e+00
6.8120e+02, 3.2949e+00
6.8123e+02, 2.9754e+00
6.8125e+02, 2.6889e+00
6.8127e+02, 2.4347e+00
6.8130e+02, 2.2073e+00
6.8132e+02, 2.0061e+00
6.8134e+02, 1.8265e+00
6.8137e+02, 1.6679e+00
6.8139e+02, 1.5265e+00
6.8141e+02, 1.4017e+00
6.8146e+02, 1.1924e+00
6.8151e+02, 1.0276e+00
6.8155e+02, 8.9730e-01
6.8160e+02, 7.9380e-01
6.8164e+02, 7.1442e-01
6.8169e+02, 6.4934e-01
6.8173e+02, 5.9537e-01
6.8177e+02, 5.5016e-01
6.8186e+02, 4.7850e-01
6.8195e+02, 4.2409e-01
6.8204e+02, 3.8091e-01
6.8212e+02, 3.4557e-01
6.8221e+02, 3.1587e-01
6.8230e+02, 2.9048e-01
6.8247e+02, 2.4922e-01
6.8265e+02, 2.1724e-01
6.8283e+02, 1.9179e-01
6.8300e+02, 1.7121e-01
6.8321e+02, 1.5177e-01
6.8341e+02, 1.3606e-01
6.8362e+02, 1.2317e-01
6.8382e+02, 1.1245e-01
6.8423e+02, 9.5788e-02
6.8464e+02, 8.3629e-02
6.8505e+02, 7.4543e-02
6.8546e+02, 6.7643e-02
6.8587e+02, 6.2324e-02
6.8628e+02, 5.8137e-02
6.8690e+02, 5.3341e-02
6.8752e+02, 4.9970e-02
6.8815e+02, 4.7628e-02
6.8877e+02, 4.6087e-02
6.9002e+02, 4.4568e-02
6.9127e+02, 4.4511e-02
6.9251e+02, 4.5572e-02
6.9376e+02, 4.7545e-02
6.9501e+02, 5.0346e-02
6.9626e+02, 5.3975e-02
6.9750e+02, 5.8490e-02
6.9875e+02, 6.4009e-02
7.0000e+02, 7.0716e-02
7.0132e+02, 7.9393e-02
7.0264e+02, 9.0102e-02
7.0396e+02, 1.0346e-01
7.0528e+02, 1.2017e-01
7.0619e+02, 1.3428e-01
7.0710e+02, 1.5132e-01
7.0801e+02, 1.7196e-01
7.0892e+02, 1.9729e-01
7.0983e+02, 2.2882e-01
7.1074e+02, 2.6875e-01
7.1119e+02, 2.9283e-01
7.1164e+02, 3.2034e-01
7.1210e+02, 3.5198e-01
7.1255e+02, 3.8854e-01
7.1317e+02, 4.4808e-01
7.1348e+02, 4.8307e-01
7.1379e+02, 5.2246e-01
7.1395e+02, 5.4407e-01
7.1410e+02, 5.6708e-01
7.1426e+02, 5.9162e-01
7.1441e+02, 6.1780e-01
7.1456e+02, 6.4581e-01
7.1472e+02, 6.7576e-01
7.1487e+02, 7.0787e-01
7.1503e+02, 7.4235e-01
7.1513e+02, 7.6554e-01
7.1523e+02, 7.8982e-01
7.1532e+02, 8.1462e-01
7.1542e+02, 8.4061e-01
7.1551e+02, 8.6789e-01
7.1561e+02, 8.9650e-01
7.1572e+02, 9.3246e-01
7.1583e+02, 9.7062e-01
7.1595e+02, 1.0112e+00
7.1606e+02, 1.0544e+00
7.1618e+02, 1.1005e+00
7.1629e+02, 1.1497e+00
7.1640e+02, 1.2023e+00
7.1652e+02, 1.2586e+00
7.1663e+02, 1.3190e+00
7.1674e+02, 1.3839e+00
7.1686e+02, 1.4538e+00
7.1697e+02, 1.5291e+00
7.1708e+02, 1.6105e+00
7.1720e+02, 1.6987e+00
7.1731e+02, 1.7944e+00
7.1742e+02, 1.8985e+00
7.1754e+02, 2.0122e+00
7.1765e+02, 2.1364e+00
7.1776e+02, 2.2727e+00
7.1788e+02, 2.4226e+00
7.1799e+02, 2.5883e+00
7.1811e+02, 2.7717e+00
7.1822e+02, 2.9756e+00
7.1833e+02, 3.2035e+00
7.1845e+02, 3.4593e+00
7.1856e+02, 3.7476e+00
7.1867e+02, 4.0747e+00
7.1879e+02, 4.4476e+00
7.1890e+02, 4.8763e+00
7.1901e+02, 5.3719e+00
7.1913e+02, 5.9509e+00
7.1924e+02, 6.6325e+00
7.1935e+02, 7.4451e+00
7.1941e+02, 7.9114e+00
7.1947e+02, 8.4241e+00
7.1952e+02, 8.9918e+00
7.1958e+02, 9.6216e+00
7.1964e+02, 1.0323e+01
7.1970e+02, 1.1105e+01
7.1975e+02, 1.1984e+01
7.1981e+02, 1.2973e+01
7.1987e+02, 1.4090e+01
7.1992e+02, 1.5353e+01
7.1998e+02, 1.6788e+01
7.2004e+02, 1.8418e+01
7.2009e+02, 2.0276e+01
7.2015e+02, 2.2388e+01
7.2023e+02, 2.5751e+01
7.2030e+02, 2.9742e+01
7.2038e+02, 3.4454e+01
7.2046e+02, 3.9966e+01
7.2054e+02, 4.6346e+01
7.2061e+02, 5.3602e+01
7.2069e+02, 6.1719e+01
7.2077e+02, 7.0610e+01
7.2088e+02, 8.4943e+01
7.2100e+02, 9.9783e+01
7.2111e+02, 1.1394e+02
7.2123e+02, 1.2603e+02
7.2130e+02, 1.3160e+02
7.2137e+02, 1.3576e+02
7.2143e+02, 1.3832e+02
7.2150e+02, 1.3918e+02
7.2156e+02, 1.3838e+02
7.2163e+02, 1.3604e+02
7.2169e+02, 1.3225e+02
7.2176e+02, 1.2717e+02
7.2188e+02, 1.1391e+02
7.2201e+02, 9.8131e+01
7.2217e+02, 7.8594e+01
7.2232e+02, 6.0638e+01
7.2239e+02, 5.2739e+01
7.2247e+02, 4.5681e+01
7.2255e+02, 3.9480e+01
7.2262e+02, 3.4109e+01
7.2269e+02, 3.0043e+01
7.2276e+02, 2.6518e+01
7.2282e+02, 2.3477e+01
7.2289e+02, 2.0865e+01
7.2296e+02, 1.8619e+01
7.2302e+02, 1.6691e+01
7.2309e+02, 1.5033e+01
7.2316e+02, 1.3606e+01
7.2322e+02, 1.2370e+01
7.2329e+02, 1.1296e+01
7.2336e+02, 1.0359e+01
7.2342e+02, 9.5377e+00
7.2356e+02, 8.1710e+00
7.2369e+02, 7.0875e+00
7.2381e+02, 6.3265e+00
7.2392e+02, 5.6854e+00
7.2403e+02, 5.1396e+00
7.2415e+02, 4.6711e+00
7.2426e+02, 4.2649e+00
7.2438e+02, 3.9109e+00
7.2449e+02, 3.5998e+00
7.2461e+02, 3.3253e+00
7.2484e+02, 2.8640e+00
7.2507e+02, 2.4941e+00
7.2529e+02, 2.1925e+00
7.2552e+02, 1.9431e+00
7.2573e+02, 1.7501e+00
7.2594e+02, 1.5847e+00
7.2615e+02, 1.4415e+00
7.2636e+02, 1.3170e+00
7.2657e+02, 1.2080e+00
7.2678e+02, 1.1121e+00
7.2720e+02, 9.5166e-01
7.2762e+02, 8.2374e-01
7.2804e+02, 7.2007e-01
7.2846e+02, 6.3490e-01
7.2888e+02, 5.6419e-01
7.2928e+02, 5.0739e-01
7.2968e+02, 4.5876e-01
7.3008e+02, 4.1664e-01
7.3048e+02, 3.7998e-01
7.3088e+02, 3.4795e-01
7.3128e+02, 3.1981e-01
7.3209e+02, 2.7289e-01
7.3289e+02, 2.3560e-01
7.3369e+02, 2.0547e-01
7.3449e+02, 1.8077e-01
7.3529e+02, 1.6028e-01
7.3590e+02, 1.4693e-01
7.3651e+02, 1.3530e-01
7.3735e+02, 1.2145e-01
7.3819e+02, 1.0947e-01
7.3903e+02, 9.9169e-02
7.3987e+02, 9.0281e-02
7.4071e+02, 8.2530e-02
7.4155e+02, 7.5724e-02
7.4323e+02, 6.4440e-02
7.4491e+02, 5.5493e-02
7.4658e+02, 4.8293e-02
7.4826e+02, 4.2410e-02
7.4994e+02, 3.7537e-02
7.5154e+02, 3.3684e-02
7.5315e+02, 3.0368e-02
7.5475e+02, 2.7527e-02
7.5635e+02, 2.5011e-02
7.5795e+02, 2.2867e-02
7.5956e+02, 2.0988e-02
7.6276e+02, 1.7839e-02
7.6597e+02, 1.5347e-02
7.6917e+02, 1.3360e-02
7.7238e+02, 1.1727e-02
7.7558e+02, 1.0372e-02
7.7863e+02, 9.2957e-03
7.8169e+02, 8.3979e-03
7.8474e+02, 7.5980e-03
7.8779e+02, 6.9277e-03
7.9390e+02, 5.8021e-03
7.9695e+02, 5.3440e-03
7.9771e+02, 5.2403e-03
7.9809e+02, 5.2601e-03
7.9828e+02, 5.5618e-03
7.9847e+02, 6.9946e-03
7.9857e+02, 8.8956e-03
7.9866e+02, 1.2470e-02
7.9876e+02, 1.8907e-02
7.9886e+02, 3.0009e-02
7.9895e+02, 4.8369e-02
7.9905e+02, 7.7475e-02
7.9914e+02, 1.2172e-01
7.9924e+02, 1.8613e-01
7.9933e+02, 2.7623e-01
7.9943e+02, 3.9701e-01
7.9948e+02, 4.7015e-01
7.9952e+02, 5.5224e-01
7.9957e+02, 6.4340e-01
7.9962e+02, 7.4336e-01
7.9971e+02, 9.6948e-01
7.9981e+02, 1.2258e+00
8.0000e+02, 1.7946e+00
8.0000e+02, 3.5846e+00
9.0000e+02, 3.2260e+00
1.0000e+03, 2.9357e+00
1.1250e+03, 2.6628e+00
1.2500e+03, 2.4403e+00
1.3750e+03, 2.2551e+00
1.5000e+03, 2.0983e+00
1.7000e+03, 1.8917e+00
1.8500e+03, 1.7638e+00
2.0000e+03, 1.6535e+00
2.2500e+03, 1.4998e+00
2.5000e+03, 1.3745e+00
2.7500e+03, 1.2701e+00
3.0000e+03, 1.1818e+00
3.5000e+03, 1.0402e+00
4.0000e+03, 9.3129e-01
4.5000e+03, 8.6031e-01
5.0000e+03, 8.0141e-01
6.0000e+03, 7.0886e-01
7.0000e+03, 6.3900e-01
7.2000e+03, 6.2866e-01
8.5000e+03, 5.7105e-01
1.0000e+04, 5.1976e-01
1.2500e+04, 4.6700e-01
1.5000e+04, 4.2789e-01
1.7000e+04, 4.0296e-01
2.0000e+04, 3.7274e-01
2.5000e+04, 3.4194e-01
3.0000e+04, 3.1868e-01
3.5000e+04, 3.0490e-01
4.0000e+04, 2.9344e-01
5.0000e+04, 2.7783e-01
6.0000e+04, 2.6869e-01
7.0000e+04, 2.6237e-01
8.0000e+04, 2.5768e-01
9.0000e+04, 2.5433e-01
1.0000e+05, 2.5192e-01
1.0500e+05, 2.5036e-01
1.1000e+05, 2.4888e-01
1.2000e+05, 2.4621e-01
1.3000e+05, 2.4388e-01
1.4000e+05, 2.4334e-01
1.5000e+05, 2.4166e-01
1.6000e+05, 2.4017e-01
1.7000e+05, 2.3821e-01
1.8000e+05, 2.3644e-01
1.8771e+05, 2.3521e-01
1.8771e+05, 2.3521e-01
1.8771e+05, 2.3521e-01
1.8885e+05, 1.9855e-01
1.9000e+05, 1.6762e-01
2.0000e+05, 1.4709e-01
2.2500e+05, 1.2745e-01
2.5000e+05, 1.1778e-01
2.7500e+05, 1.1082e-01
3.0000e+05, 1.0592e-01
3.5000e+05, 1.0164e-01
4.0000e+05, 9.8070e-02
4.5000e+05, 9.8095e-02
5.0000e+05, 9.8117e-02
5.5076e+05, 9.9962e-02
5.5076e+05, 9.9962e-02
5.6094e+05, 9.9166e-02
6.0000e+05, 8.6126e-02
6.5000e+05, 8.3473e-02
7.0000e+05, 8.1089e-02
7.6004e+05, 8.0422e-02
7.6004e+05, 8.0422e-02
8.0000e+05, 7.6353e-02
8.5000e+05, 7.5906e-02
9.0000e+05, 7.5486e-02
9.1662e+05, 7.5372e-02
9.1662e+05, 7.5372e-02
9.1662e+05, 7.5372e-02
9.6044e+05, 7.3984e-02
1.0000e+06, 7.3781e-02
1.0560e+06, 7.4556e-02
1.1000e+06, 7.5173e-02
1.1206e+06, 7.5390e-02
1.1214e+06, 7.4821e-02
1.1214e+06, 7.4820e-02
1.1694e+06, 6.9374e-02
1.2000e+06, 6.8848e-02
1.2102e+06, 6.8772e-02
1.2103e+06, 6.8772e-02
1.2551e+06, 6.9116e-02
1.3000e+06, 6.9450e-02
1.3340e+06, 6.9748e-02
1.3897e+06, 6.9568e-02
1.3897e+06, 6.9568e-02
1.3944e+06, 6.8849e-02
1.3944e+06, 6.8847e-02
1.4000e+06, 6.7279e-02
1.4434e+06, 6.5922e-02
1.4434e+06, 6.5922e-02
1.4538e+06, 6.5146e-02
1.4820e+06, 6.4633e-02
1.4899e+06, 6.4598e-02
1.5000e+06, 6.3473e-02
1.5221e+06, 6.2913e-02
1.5221e+06, 6.2913e-02
1.5535e+06, 6.2868e-02
1.5535e+06, 6.2868e-02
1.5554e+06, 6.2771e-02
1.5774e+06, 6.2219e-02
1.5774e+06, 6.2219e-02
1.5786e+06, 6.2059e-02
1.5923e+06, 6.1234e-02
1.5923e+06, 6.1234e-02
1.6000e+06, 6.0257e-02
1.6246e+06, 5.9461e-02
1.6246e+06, 5.9461e-02
1.6753e+06, 5.8505e-02
1.6846e+06, 5.8496e-02
1.6884e+06, 5.8267e-02
1.6895e+06, 5.8144e-02
1.6895e+06, 5.8144e-02
1.6906e+06, 5.7998e-02
1.6906e+06, 5.7998e-02
1.6980e+06, 5.7357e-02
1.7000e+06, 5.7126e-02
1.7145e+06, 5.6442e-02
1.7174e+06, 5.6356e-02
1.7174e+06, 5.6355e-02
1.7340e+06, 5.5641e-02
1.7421e+06, 5.5121e-02
1.7421e+06, 5.5121e-02
1.7864e+06, 5.4368e-02
1.8000e+06, 5.4027e-02
1.8123e+06, 5.3884e-02
1.8123e+06, 5.3884e-02
1.8231e+06, 5.3753e-02
1.8231e+06, 5.3753e-02
1.8333e+06, 5.3643e-02
1.8333e+06, 5.3643e-02
1.8461e+06, 5.3664e-02
1.8461e+06, 5.3664e-02
1.8730e+06, 5.3695e-02
1.9000e+06, 5.3726e-02
1.9062e+06, 5.3698e-02
1.9125e+06, 5.3670e-02
1.9188e+06, 5.3642e-02
1.9219e+06, 5.3628e-02
1.9250e+06, 5.3614e-02
1.9281e+06, 5.3600e-02
1.9312e+06, 5.3586e-02
1.9344e+06, 5.3572e-02
1.9375e+06, 5.3559e-02
1.9406e+06, 5.3545e-02
1.9438e+06, 5.3531e-02
1.9469e+06, 5.3517e-02
1.9500e+06, 5.3504e-02
1.9531e+06, 5.3490e-02
1.9562e+06, 5.3476e-02
1.9594e+06, 5.3463e-02
1.9625e+06, 5.3449e-02
1.9656e+06, 5.3435e-02
1.9688e+06, 5.3422e-02
1.9719e+06, 5.3408e-02
1.9750e+06, 5.3395e-02
1.9781e+06, 5.3381e-02
1.9812e+06, 5.3368e-02
1.9844e+06, 5.3354e-02
1.9875e+06, 5.3341e-02
1.9891e+06, 5.3334e-02
1.9906e+06, 5.3327e-02
1.9922e+06, 5.3321e-02
1.9938e+06, 5.3314e-02
1.9953e+06, 5.3307e-02
1.9969e+06, 5.3301e-02
1.9984e+06, 5.3294e-02
2.0000e+06, 5.3287e-02
2.0078e+06, 5.3114e-02
2.0156e+06, 5.2943e-02
2.0234e+06, 5.2772e-02
2.0312e+06, 5.2603e-02
2.0391e+06, 5.2435e-02
2.0469e+06, 5.2268e-02
2.0547e+06, 5.2102e-02
2.0625e+06, 5.1937e-02
2.0703e+06, 5.1774e-02
2.0781e+06, 5.1611e-02
2.0859e+06, 5.1450e-02
2.0938e+06, 5.1290e-02
2.1016e+06, 5.1131e-02
2.1094e+06, 5.0973e-02
2.1172e+06, 5.0816e-02
2.1250e+06, 5.0660e-02
2.1328e+06, 5.0506e-02
2.1406e+06, 5.0352e-02
2.1484e+06, 5.0199e-02
2.1562e+06, 5.0047e-02
2.1641e+06, 4.9897e-02
2.1719e+06, 4.9747e-02
2.1797e+06, 4.9598e-02
2.1875e+06, 4.9450e-02
2.1953e+06, 4.9304e-02
2.2031e+06, 4.9158e-02
2.2109e+06, 4.9013e-02
2.2188e+06, 4.8869e-02
2.2266e+06, 4.8726e-02
2.2344e+06, 4.8584e-02
2.2422e+06, 4.8443e-02
2.2500e+06, 4.8302e-02
2.2575e+06, 4.8233e-02
2.2650e+06, 4.8164e-02
2.2725e+06, 4.8095e-02
2.2800e+06, 4.8026e-02
2.2876e+06, 4.7958e-02
2.2951e+06, 4.7890e-02
2.3026e+06, 4.7823e-02
2.3101e+06, 4.7756e-02
2.3176e+06, 4.7689e-02
2.3251e+06, 4.7622e-02
2.3326e+06, 4.7556e-02
2.3401e+06, 4.7490e-02
2.3476e+06, 4.7424e-02
2.3551e+06, 4.7359e-02
2.3627e+06, 4.7294e-02
2.3702e+06, 4.7229e-02
2.3777e+06, 4.7165e-02
2.3851e+06, 4.7101e-02
2.3926e+06, 4.7037e-02
2.4001e+06, 4.6974e-02
2.4076e+06, 4.6910e-02
2.4151e+06, 4.6848e-02
2.4226e+06, 4.6785e-02
2.4300e+06, 4.6723e-02
2.4375e+06, 4.6661e-02
2.4450e+06, 4.6599e-02
2.4525e+06, 4.6537e-02
2.4600e+06, 4.6476e-02
2.4675e+06, 4.6415e-02
2.4750e+06, 4.6355e-02
2.4824e+06, 4.6294e-02
2.4899e+06, 4.6234e-02
2.5000e+06, 4.6154e-02
2.5083e+06, 4.6039e-02
2.5166e+06, 4.5926e-02
2.5248e+06, 4.5813e-02
2.5331e+06, 4.5701e-02
2.5452e+06, 4.5539e-02
2.5572e+06, 4.5378e-02
2.5692e+06, 4.5219e-02
2.5813e+06, 4.5060e-02
2.5882e+06, 4.4971e-02
2.5951e+06, 4.4881e-02
2.6089e+06, 4.4703e-02
2.6226e+06, 4.4527e-02
2.6364e+06, 4.4353e-02
2.6502e+06, 4.4180e-02
2.6640e+06, 4.4008e-02
2.6778e+06, 4.3839e-02
2.6916e+06, 4.3670e-02
2.6989e+06, 4.3582e-02
2.7062e+06, 4.3494e-02
2.7135e+06, 4.3406e-02
2.7208e+06, 4.3319e-02
2.7281e+06, 4.3232e-02
2.7354e+06, 4.3145e-02
2.7427e+06, 4.3059e-02
2.7500e+06, 4.2973e-02
2.7578e+06, 4.2760e-02
2.7656e+06, 4.2547e-02
2.7734e+06, 4.2337e-02
2.7812e+06, 4.2128e-02
2.7891e+06, 4.1921e-02
2.7969e+06, 4.1715e-02
2.8047e+06, 4.1511e-02
2.8125e+06, 4.1308e-02
2.8203e+06, 4.1107e-02
2.8281e+06, 4.0908e-02
2.8359e+06, 4.0710e-02
2.8438e+06, 4.0513e-02
2.8516e+06, 4.0318e-02
2.8594e+06, 4.0125e-02
2.8672e+06, 3.9932e-02
2.8750e+06, 3.9742e-02
2.8828e+06, 3.9553e-02
2.8906e+06, 3.9365e-02
2.8984e+06, 3.9178e-02
2.9062e+06, 3.8993e-02
2.9141e+06, 3.8810e-02
2.9219e+06, 3.8627e-02
2.9297e+06, 3.8446e-02
2.9375e+06, 3.8267e-02
2.9453e+06, 3.8088e-02
2.9531e+06, 3.7911e-02
2.9609e+06, 3.7736e-02
2.9688e+06, 3.7561e-02
2.9766e+06, 3.7388e-02
2.9844e+06, 3.7216e-02
3.0000e+06, 3.6876e-02
3.0156e+06, 3.6550e-02
3.0312e+06, 3.6229e-02
3.0469e+06, 3.5912e-02
3.0625e+06, 3.5600e-02
3.0781e+06, 3.5292e-02
3.0938e+06, 3.4988e-02
3.1094e+06, 3.4689e-02
3.1250e+06, 3.4393e-02
3.1406e+06, 3.4101e-02
3.1562e+06, 3.3814e-02
3.1719e+06, 3.3530e-02
3.1875e+06, 3.3250e-02
3.2031e+06, 3.2973e-02
3.2188e+06, 3.2700e-02
3.2344e+06, 3.2431e-02
3.2500e+06, 3.2165e-02
3.2656e+06, 3.1903e-02
3.2812e+06, 3.1644e-02
3.2969e+06, 3.1388e-02
3.3125e+06, 3.1136e-02
3.3281e+06, 3.0887e-02
3.3438e+06, 3.0641e-02
3.3594e+06, 3.0398e-02
3.3750e+06, 3.0158e-02
3.3906e+06, 2.9921e-02
3.4062e+06, 2.9687e-02
3.4219e+06, 2.9456e-02
3.4375e+06, 2.9228e-02
3.4531e+06, 2.9002e-02
3.4688e+06, 2.8780e-02
3.4844e+06, 2.8560e-02
3.5000e+06, 2.8342e-02
3.5156e+06, 2.8062e-02
3.5312e+06, 2.7787e-02
3.5469e+06, 2.7515e-02
3.5625e+06, 2.7247e-02
3.5781e+06, 2.6982e-02
3.5938e+06, 2.6722e-02
3.6094e+06, 2.6465e-02
3.6250e+06, 2.6211e-02
3.6406e+06, 2.5961e-02
3.6562e+06, 2.5715e-02
3.6719e+06, 2.5472e-02
3.6875e+06, 2.5232e-02
3.7031e+06, 2.4996e-02
3.7188e+06, 2.4762e-02
3.7344e+06, 2.4532e-02
3.7500e+06, 2.4305e-02
3.7656e+06, 2.4081e-02
3.7812e+06, 2.3860e-02
3.7969e+06, 2.3642e-02
3.8125e+06, 2.3427e-02
3.8281e+06, 2.3214e-02
3.8438e+06, 2.3004e-02
3.8594e+06, 2.2798e-02
3.8750e+06, 2.2593e-02
3.8906e+06, 2.2392e-02
3.9062e+06, 2.2193e-02
3.9219e+06, 2.1996e-02
3.9375e+06, 2.1802e-02
3.9531e+06, 2.1611e-02
3.9688e+06, 2.1422e-02
3.9844e+06, 2.1235e-02
4.0000e+06, 2.1051e-02
4.0156e+06, 2.0825e-02
4.0312e+06, 2.0602e-02
4.0469e+06, 2.0383e-02
4.0625e+06, 2.0167e-02
4.0781e+06, 1.9954e-02
4.0938e+06, 1.9744e-02
4.1094e+06, 1.9536e-02
4.1250e+06, 1.9332e-02
4.1406e+06, 1.9131e-02
4.1562e+06, 1.8933e-02
4.1719e+06, 1.8737e-02
4.1875e+06, 1.8544e-02
4.2031e+06, 1.8354e-02
4.2188e+06, 1.8167e-02
4.2344e+06, 1.7982e-02
4.2500e+06, 1.7799e-02
4.2656e+06, 1.7620e-02
4.2812e+06, 1.7442e-02
4.2969e+06, 1.7267e-02
4.3125e+06, 1.7095e-02
4.3281e+06, 1.6924e-02
4.3438e+06, 1.6756e-02
4.3594e+06, 1.6591e-02
4.3750e+06, 1.6427e-02
4.3906e+06, 1.6266e-02
4.4062e+06, 1.6107e-02
4.4219e+06, 1.5950e-02
4.4375e+06, 1.5795e-02
4.4531e+06, 1.5642e-02
4.4688e+06, 1.5491e-02
4.4844e+06, 1.5342e-02
4.5000e+06, 1.5195e-02
4.5156e+06, 1.5019e-02
4.5312e+06, 1.4846e-02
4.5469e+06, 1.4675e-02
4.5625e+06, 1.4506e-02
4.5781e+06, 1.4340e-02
4.5938e+06, 1.4177e-02
4.6094e+06, 1.4016e-02
4.6250e+06, 1.3857e-02
4.6562e+06, 1.3547e-02
4.6875e+06, 1.3246e-02
4.7188e+06, 1.2953e-02
4.7500e+06, 1.2669e-02
4.7812e+06, 1.2392e-02
4.8125e+06, 1.2124e-02
4.8438e+06, 1.1862e-02
4.8750e+06, 1.1609e-02
4.9062e+06, 1.1362e-02
4.9375e+06, 1.1122e-02
4.9688e+06, 1.0888e-02
5.0000e+06, 1.0661e-02
5.0312e+06, 1.0392e-02
5.0625e+06, 1.0132e-02
5.0938e+06, 9.8800e-03
5.1250e+06, 9.6355e-03
5.1562e+06, 9.3986e-03
5.1875e+06, 9.1689e-03
5.2188e+06, 8.9461e-03
5.2500e+06, 8.7300e-03
5.2812e+06, 8.5203e-03
5.3125e+06, 8.3169e-03
5.3438e+06, 8.1195e-03
5.3750e+06, 7.9279e-03
5.4062e+06, 7.7419e-03
5.4375e+06, 7.5612e-03
5.4688e+06, 7.3858e-03
5.5000e+06, 7.2155e-03
5.5404e+06, 6.9649e-03
5.5809e+06, 6.7247e-03
5.6213e+06, 6.4944e-03
5.6618e+06, 6.2736e-03
5.7022e+06, 6.0618e-03
5.7427e+06, 5.8586e-03
5.7831e+06, 5.6635e-03
5.8236e+06, 5.4763e-03
5.8236e+06, 5.4762e-03
5.8438e+06, 5.3855e-03
5.8701e+06, 5.2698e-03
5.8965e+06, 5.1571e-03
5.9229e+06, 5.0472e-03
5.9492e+06, 4.9402e-03
5.9703e+06, 4.8565e-03
6.0000e+06, 4.7417e-03
6.0427e+06, 4.5718e-03
6.0853e+06, 4.4092e-03
6.1040e+06, 4.3400e-03
6.1282e+06, 4.2528e-03
6.1732e+06, 4.0953e-03
6.2183e+06, 3.9447e-03
6.2634e+06, 3.8006e-03
6.3085e+06, 3.6628e-03
6.3272e+06, 3.6075e-03
6.3765e+06, 3.4663e-03
6.4257e+06, 3.3316e-03
6.4670e+06, 3.2237e-03
6.4971e+06, 3.1474e-03
6.5000e+06, 3.1402e-03
6.5243e+06, 3.0833e-03
6.5639e+06, 2.9929e-03
6.6035e+06, 2.9057e-03
6.6455e+06, 2.8167e-03
6.6675e+06, 2.7714e-03
6.7048e+06, 2.6964e-03
6.7158e+06, 2.6747e-03
6.7604e+06, 2.5892e-03
6.7739e+06, 2.5640e-03
6.7765e+06, 2.5591e-03
6.7873e+06, 2.5393e-03
6.8100e+06, 2.4980e-03
6.8125e+06, 2.4934e-03
6.8357e+06, 2.4522e-03
6.8618e+06, 2.4066e-03
6.8896e+06, 2.3593e-03
6.8922e+06, 2.3550e-03
6.8958e+06, 2.3490e-03
6.9054e+06, 2.3330e-03
6.9222e+06, 2.3053e-03
6.9311e+06, 2.2907e-03
6.9357e+06, 2.2833e-03
6.9360e+06, 2.2828e-03
6.9486e+06, 2.2626e-03
6.9520e+06, 2.2572e-03
6.9578e+06, 2.2478e-03
6.9663e+06, 2.2344e-03
6.9682e+06, 2.2315e-03
6.9776e+06, 2.2168e-03
7.0000e+06, 2.1821e-03
7.0096e+06, 2.1698e-03
7.0356e+06, 2.1367e-03
7.0456e+06, 2.1241e-03
7.0541e+06, 2.1135e-03
7.0681e+06, 2.0962e-03
7.0762e+06, 2.0863e-03
7.0796e+06, 2.0821e-03
7.0883e+06, 2.0716e-03
7.1606e+06, 1.9861e-03
7.2329e+06, 1.9050e-03
7.3052e+06, 1.8280e-03
7.3775e+06, 1.7548e-03
7.4388e+06, 1.6956e-03
7.5000e+06, 1.6389e-03
7.5672e+06, 1.5954e-03
7.6435e+06, 1.5478e-03
7.7198e+06, 1.5022e-03
7.7944e+06, 1.4593e-03
7.8114e+06, 1.4497e-03
7.8264e+06, 1.4413e-03
7.8336e+06, 1.4373e-03
7.8799e+06, 1.4120e-03
7.9203e+06, 1.3904e-03
8.0000e+06, 1.3491e-03
8.0121e+06, 1.3455e-03
8.0599e+06, 1.3314e-03
8.0599e+06, 1.3314e-03
8.2800e+06, 1.2696e-03
8.5000e+06, 1.2121e-03
8.6250e+06, 1.1988e-03
8.7500e+06, 1.1858e-03
8.8750e+06, 1.1731e-03
9.0000e+06, 1.1608e-03
9.1250e+06, 1.1577e-03
9.2500e+06, 1.1547e-03
9.3750e+06, 1.1517e-03
9.5000e+06, 1.1488e-03
9.6250e+06, 1.1495e-03
9.7500e+06, 1.1502e-03
9.8750e+06, 1.1510e-03
1.0000e+07, 1.1517e-03
1.0125e+07, 1.1533e-03
1.0250e+07, 1.1548e-03
1.0375e+07, 1.1563e-03
1.0500e+07, 1.1578e-03
1.0625e+07, 1.1588e-03
1.0750e+07, 1.1597e-03
1.0875e+07, 1.1607e-03
1.1000e+07, 1.1616e-03
1.1125e+07, 1.1608e-03
1.1250e+07, 1.1600e-03
1.1375e+07, 1.1593e-03
1.1500e+07, 1.1585e-03
1.1625e+07, 1.1549e-03
1.1750e+07, 1.1513e-03
1.1875e+07, 1.1477e-03
1.2000e+07, 1.1442e-03
1.2125e+07, 1.1367e-03
1.2250e+07, 1.1294e-03
1.2375e+07, 1.1221e-03
1.2500e+07, 1.1150e-03
1.2506e+07, 1.1143e-03
1.2700e+07, 1.0951e-03
1.2894e+07, 1.0764e-03
1.3000e+07, 1.0665e-03
1.3125e+07, 1.0499e-03
1.3250e+07, 1.0337e-03
1.3375e+07, 1.0180e-03
1.3500e+07, 1.0026e-03
1.3643e+07, 9.8008e-04
1.3785e+07, 9.5832e-04
1.3785e+07, 9.5832e-04
1.4000e+07, 9.2688e-04
1.4125e+07, 9.0487e-04
1.4250e+07, 8.8357e-04
1.4375e+07, 8.6294e-04
1.4500e+07, 8.4298e-04
1.4625e+07, 8.2019e-04
1.4750e+07, 7.9821e-04
1.4875e+07, 7.7700e-04
1.5000e+07, 7.5652e-04
1.5125e+07, 7.3481e-04
1.5250e+07, 7.1389e-04
1.5375e+07, 6.9373e-04
1.5500e+07, 6.7430e-04
1.5625e+07, 6.5479e-04
1.5750e+07, 6.3600e-04
1.5875e+07, 6.1789e-04
1.6000e+07, 6.0043e-04
1.6125e+07, 5.8349e-04
1.6250e+07, 5.6715e-04
1.6375e+07, 5.5139e-04
1.6500e+07, 5.3618e-04
1.6750e+07, 5.0791e-04
1.7000e+07, 4.8151e-04
1.7250e+07, 4.5779e-04
1.7500e+07, 4.3555e-04
1.7750e+07, 4.1359e-04
1.8000e+07, 3.9301e-04
1.8250e+07, 3.7643e-04
1.8500e+07, 3.6075e-04
1.8750e+07, 3.4687e-04
1.9000e+07, 3.3370e-04
1.9250e+07, 3.2185e-04
1.9500e+07, 3.1058e-04
1.9750e+07, 3.0048e-04
2.0000e+07, 2.9083e-04
