ebin, xs
1.0000e-05, 8.5069e+03
1.0625e-05, 8.2529e+03
1.1250e-05, 8.0204e+03
1.1875e-05, 7.8065e+03
1.2500e-05, 7.6088e+03
1.3750e-05, 7.2547e+03
1.5000e-05, 6.9458e+03
1.6250e-05, 6.6733e+03
1.7500e-05, 6.4306e+03
1.8750e-05, 6.2125e+03
2.0000e-05, 6.0153e+03
2.1875e-05, 5.7517e+03
2.3750e-05, 5.5200e+03
2.5625e-05, 5.3142e+03
2.7500e-05, 5.1298e+03
2.9375e-05, 4.9634e+03
3.1250e-05, 4.8122e+03
3.3125e-05, 4.6740e+03
3.5000e-05, 4.5471e+03
3.8750e-05, 4.3215e+03
4.2500e-05, 4.1264e+03
4.6250e-05, 3.9556e+03
5.0000e-05, 3.8043e+03
5.3125e-05, 3.6908e+03
5.6250e-05, 3.5868e+03
5.9375e-05, 3.4911e+03
6.2500e-05, 3.4027e+03
6.8750e-05, 3.2443e+03
7.5000e-05, 3.1062e+03
8.1250e-05, 2.9843e+03
8.7500e-05, 2.8758e+03
9.3750e-05, 2.7783e+03
1.0000e-04, 2.6900e+03
1.0625e-04, 2.6097e+03
1.1250e-04, 2.5362e+03
1.1875e-04, 2.4685e+03
1.2500e-04, 2.4060e+03
1.3750e-04, 2.2940e+03
1.5000e-04, 2.1964e+03
1.6250e-04, 2.1102e+03
1.7500e-04, 2.0334e+03
1.8750e-04, 1.9645e+03
2.0000e-04, 1.9021e+03
2.1875e-04, 1.8187e+03
2.3750e-04, 1.7454e+03
2.5625e-04, 1.6804e+03
2.7500e-04, 1.6221e+03
2.9375e-04, 1.5694e+03
3.1250e-04, 1.5216e+03
3.3125e-04, 1.4779e+03
3.5000e-04, 1.4378e+03
3.8750e-04, 1.3664e+03
4.2500e-04, 1.3047e+03
4.6250e-04, 1.2507e+03
5.0000e-04, 1.2029e+03
5.3125e-04, 1.1669e+03
5.6250e-04, 1.1340e+03
5.9375e-04, 1.1038e+03
6.2500e-04, 1.0758e+03
6.8750e-04, 1.0257e+03
7.5000e-04, 9.8204e+02
8.1250e-04, 9.4350e+02
8.7500e-04, 9.0916e+02
9.3750e-04, 8.7831e+02
1.0000e-03, 8.5040e+02
1.0625e-03, 8.2500e+02
1.1250e-03, 8.0173e+02
1.1875e-03, 7.8034e+02
1.2500e-03, 7.6056e+02
1.3750e-03, 7.2514e+02
1.5000e-03, 6.9424e+02
1.6250e-03, 6.6697e+02
1.7500e-03, 6.4269e+02
1.8750e-03, 6.2087e+02
2.0000e-03, 6.0113e+02
2.1875e-03, 5.7475e+02
2.3750e-03, 5.5157e+02
2.5625e-03, 5.3097e+02
2.7500e-03, 5.1252e+02
2.9375e-03, 4.9587e+02
3.1250e-03, 4.8073e+02
3.3125e-03, 4.6690e+02
3.5000e-03, 4.5419e+02
3.8750e-03, 4.3160e+02
4.2500e-03, 4.1207e+02
4.6250e-03, 3.9496e+02
5.0000e-03, 3.7981e+02
5.3125e-03, 3.6843e+02
5.6250e-03, 3.5801e+02
5.9375e-03, 3.4843e+02
6.2500e-03, 3.3957e+02
6.8750e-03, 3.2370e+02
7.5000e-03, 3.0986e+02
8.1250e-03, 2.9764e+02
8.7500e-03, 2.8674e+02
9.3750e-03, 2.7696e+02
1.0000e-02, 2.6811e+02
1.0625e-02, 2.6005e+02
1.1250e-02, 2.5268e+02
1.1875e-02, 2.4589e+02
1.2500e-02, 2.3962e+02
1.3750e-02, 2.2839e+02
1.5000e-02, 2.1858e+02
1.6250e-02, 2.0991e+02
1.7500e-02, 2.0219e+02
1.8750e-02, 1.9525e+02
2.0000e-02, 1.8897e+02
2.1325e-02, 1.8292e+02
2.2650e-02, 1.7742e+02
2.3975e-02, 1.7237e+02
2.5300e-02, 1.6773e+02
2.6844e-02, 1.6276e+02
2.8387e-02, 1.5820e+02
2.9931e-02, 1.5400e+02
3.1475e-02, 1.5011e+02
3.4563e-02, 1.4313e+02
3.7650e-02, 1.3700e+02
4.0738e-02, 1.3158e+02
4.3825e-02, 1.2674e+02
4.6913e-02, 1.2239e+02
5.0000e-02, 1.1844e+02
5.3125e-02, 1.1480e+02
5.6250e-02, 1.1147e+02
5.9375e-02, 1.0840e+02
6.2500e-02, 1.0558e+02
6.8750e-02, 1.0050e+02
7.5000e-02, 9.6062e+01
8.1250e-02, 9.2137e+01
8.7500e-02, 8.8639e+01
9.3750e-02, 8.5497e+01
1.0000e-01, 8.2653e+01
1.0625e-01, 8.0064e+01
1.1250e-01, 7.7694e+01
1.1875e-01, 7.5517e+01
1.2500e-01, 7.3513e+01
1.3750e-01, 6.9915e+01
1.5000e-01, 6.6764e+01
1.6250e-01, 6.3985e+01
1.7500e-01, 6.1514e+01
1.8750e-01, 5.9298e+01
2.0000e-01, 5.7303e+01
2.1875e-01, 5.4642e+01
2.3750e-01, 5.2302e+01
2.5625e-01, 5.0233e+01
2.7500e-01, 4.8389e+01
2.9375e-01, 4.6732e+01
3.1250e-01, 4.5236e+01
3.3125e-01, 4.3878e+01
3.5000e-01, 4.2638e+01
3.6875e-01, 4.1503e+01
3.8750e-01, 4.0467e+01
4.2500e-01, 3.8620e+01
5.0000e-01, 3.5648e+01
5.6250e-01, 3.3722e+01
6.2500e-01, 3.2155e+01
7.5000e-01, 2.9816e+01
8.7500e-01, 2.8230e+01
1.0000e+00, 2.7162e+01
1.1250e+00, 2.6473e+01
1.2500e+00, 2.6088e+01
1.3750e+00, 2.5953e+01
1.5000e+00, 2.6036e+01
1.7500e+00, 2.6788e+01
2.0000e+00, 2.8271e+01
2.1875e+00, 2.9885e+01
2.3750e+00, 3.1995e+01
2.5625e+00, 3.4689e+01
2.7500e+00, 3.8099e+01
2.9375e+00, 4.2423e+01
3.1250e+00, 4.7913e+01
3.2188e+00, 5.1217e+01
3.3125e+00, 5.5018e+01
3.4062e+00, 5.9381e+01
3.5000e+00, 6.4419e+01
3.5938e+00, 7.0274e+01
3.6875e+00, 7.7129e+01
3.7812e+00, 8.5224e+01
3.8750e+00, 9.4875e+01
3.9688e+00, 1.0651e+02
4.0625e+00, 1.2071e+02
4.1562e+00, 1.3815e+02
4.2031e+00, 1.4843e+02
4.2500e+00, 1.6010e+02
4.3145e+00, 1.7877e+02
4.3789e+00, 2.0119e+02
4.4434e+00, 2.2843e+02
4.5078e+00, 2.6200e+02
4.5723e+00, 3.0406e+02
4.6045e+00, 3.2920e+02
4.6367e+00, 3.5775e+02
4.6689e+00, 3.9037e+02
4.7012e+00, 4.2781e+02
4.7334e+00, 4.7102e+02
4.7656e+00, 5.2125e+02
4.7949e+00, 5.7455e+02
4.8242e+00, 6.3695e+02
4.8535e+00, 7.1062e+02
4.8828e+00, 7.9837e+02
4.9121e+00, 9.0399e+02
4.9414e+00, 1.0327e+03
4.9707e+00, 1.1917e+03
5.0000e+00, 1.3916e+03
5.0223e+00, 1.5805e+03
5.0446e+00, 1.8116e+03
5.0669e+00, 2.0988e+03
5.0781e+00, 2.2692e+03
5.0892e+00, 2.4615e+03
5.1004e+00, 2.6798e+03
5.1115e+00, 2.9287e+03
5.1227e+00, 3.2145e+03
5.1338e+00, 3.5447e+03
5.1450e+00, 3.9288e+03
5.1561e+00, 4.3789e+03
5.1673e+00, 4.9101e+03
5.1784e+00, 5.5414e+03
5.1913e+00, 6.4284e+03
5.2042e+00, 7.5256e+03
5.2172e+00, 8.8854e+03
5.2301e+00, 1.0565e+04
5.2430e+00, 1.2618e+04
5.2559e+00, 1.5083e+04
5.2688e+00, 1.7959e+04
5.2817e+00, 2.1189e+04
5.3013e+00, 2.6437e+04
5.3209e+00, 3.1354e+04
5.3306e+00, 3.3356e+04
5.3404e+00, 3.4875e+04
5.3502e+00, 3.5807e+04
5.3600e+00, 3.6084e+04
5.3718e+00, 3.5520e+04
5.3836e+00, 3.4036e+04
5.3954e+00, 3.1786e+04
5.4073e+00, 2.8989e+04
5.4309e+00, 2.2703e+04
5.4427e+00, 1.9631e+04
5.4545e+00, 1.6802e+04
5.4665e+00, 1.4248e+04
5.4786e+00, 1.2054e+04
5.4906e+00, 1.0208e+04
5.5026e+00, 8.6791e+03
5.5147e+00, 7.4226e+03
5.5267e+00, 6.3936e+03
5.5387e+00, 5.5497e+03
5.5507e+00, 4.8547e+03
5.5622e+00, 4.3025e+03
5.5737e+00, 3.8378e+03
5.5852e+00, 3.4436e+03
5.5967e+00, 3.1068e+03
5.6082e+00, 2.8169e+03
5.6197e+00, 2.5658e+03
5.6311e+00, 2.3469e+03
5.6426e+00, 2.1549e+03
5.6656e+00, 1.8357e+03
5.6886e+00, 1.5831e+03
5.7115e+00, 1.3798e+03
5.7345e+00, 1.2141e+03
5.7564e+00, 1.0832e+03
5.7782e+00, 9.7293e+02
5.8001e+00, 8.7922e+02
5.8220e+00, 7.9885e+02
5.8439e+00, 7.2942e+02
5.8658e+00, 6.6911e+02
5.8876e+00, 6.1648e+02
5.9095e+00, 5.7037e+02
5.9532e+00, 4.9405e+02
5.9970e+00, 4.3441e+02
6.0408e+00, 3.8759e+02
6.0845e+00, 3.5099e+02
6.1283e+00, 3.2298e+02
6.1720e+00, 3.0268e+02
6.2157e+00, 2.9002e+02
6.2595e+00, 2.8599e+02
6.2836e+00, 2.8840e+02
6.3076e+00, 2.9523e+02
6.3317e+00, 3.0820e+02
6.3557e+00, 3.3052e+02
6.3678e+00, 3.4694e+02
6.3798e+00, 3.6843e+02
6.3918e+00, 3.9682e+02
6.4039e+00, 4.3467e+02
6.4159e+00, 4.8553e+02
6.4279e+00, 5.5402e+02
6.4340e+00, 5.9663e+02
6.4400e+00, 6.4583e+02
6.4460e+00, 7.0244e+02
6.4520e+00, 7.6723e+02
6.4607e+00, 8.7757e+02
6.4695e+00, 1.0085e+03
6.4783e+00, 1.1608e+03
6.4870e+00, 1.3339e+03
6.4990e+00, 1.6011e+03
6.5111e+00, 1.8901e+03
6.5231e+00, 2.1805e+03
6.5351e+00, 2.4463e+03
6.5438e+00, 2.6075e+03
6.5526e+00, 2.7313e+03
6.5613e+00, 2.8096e+03
6.5700e+00, 2.8375e+03
6.5776e+00, 2.8193e+03
6.5899e+00, 2.7105e+03
6.6022e+00, 2.5188e+03
6.6145e+00, 2.2699e+03
6.6268e+00, 1.9935e+03
6.6464e+00, 1.5619e+03
6.6563e+00, 1.3737e+03
6.6661e+00, 1.2123e+03
6.6760e+00, 1.0801e+03
6.6858e+00, 9.7736e+02
6.6957e+00, 9.0267e+02
6.7055e+00, 8.5403e+02
6.7142e+00, 8.3098e+02
6.7241e+00, 8.2631e+02
6.7339e+00, 8.4332e+02
6.7438e+00, 8.8218e+02
6.7536e+00, 9.4419e+02
6.7585e+00, 9.8460e+02
6.7635e+00, 1.0318e+03
6.7684e+00, 1.0863e+03
6.7733e+00, 1.1486e+03
6.7782e+00, 1.2192e+03
6.7832e+00, 1.2988e+03
6.7881e+00, 1.3880e+03
6.7930e+00, 1.4873e+03
6.7990e+00, 1.6234e+03
6.8050e+00, 1.7763e+03
6.8110e+00, 1.9469e+03
6.8171e+00, 2.1352e+03
6.8231e+00, 2.3414e+03
6.8291e+00, 2.5646e+03
6.8351e+00, 2.8037e+03
6.8411e+00, 3.0566e+03
6.8473e+00, 3.3269e+03
6.8534e+00, 3.6051e+03
6.8658e+00, 4.1663e+03
6.8781e+00, 4.6963e+03
6.8904e+00, 5.1452e+03
6.8978e+00, 5.3558e+03
6.9052e+00, 5.5108e+03
6.9126e+00, 5.6034e+03
6.9200e+00, 5.6295e+03
6.9299e+00, 5.5593e+03
6.9380e+00, 5.4143e+03
6.9462e+00, 5.1985e+03
6.9543e+00, 4.9226e+03
6.9625e+00, 4.5999e+03
6.9788e+00, 3.8716e+03
6.9951e+00, 3.1238e+03
7.0055e+00, 2.6778e+03
7.0159e+00, 2.2732e+03
7.0263e+00, 1.9175e+03
7.0367e+00, 1.6130e+03
7.0471e+00, 1.3577e+03
7.0575e+00, 1.1473e+03
7.0679e+00, 9.7564e+02
7.0783e+00, 8.3656e+02
7.0887e+00, 7.2406e+02
7.0991e+00, 6.3290e+02
7.1094e+00, 5.5859e+02
7.1198e+00, 4.9758e+02
7.1302e+00, 4.4699e+02
7.1406e+00, 4.0464e+02
7.1510e+00, 3.6882e+02
7.1614e+00, 3.3822e+02
7.1718e+00, 3.1183e+02
7.1822e+00, 2.8890e+02
7.2030e+00, 2.5108e+02
7.2238e+00, 2.2128e+02
7.2445e+00, 1.9728e+02
7.2683e+00, 1.7506e+02
7.2921e+00, 1.5701e+02
7.3158e+00, 1.4210e+02
7.3396e+00, 1.2961e+02
7.3633e+00, 1.1902e+02
7.3871e+00, 1.0995e+02
7.4346e+00, 9.5212e+01
7.4821e+00, 8.3745e+01
7.5296e+00, 7.4592e+01
7.5771e+00, 6.7141e+01
7.6246e+00, 6.0964e+01
7.6781e+00, 5.5171e+01
7.7315e+00, 5.0317e+01
7.7849e+00, 4.6206e+01
7.8384e+00, 4.2683e+01
7.9453e+00, 3.6880e+01
8.0522e+00, 3.2313e+01
8.1591e+00, 2.8642e+01
8.2660e+00, 2.5628e+01
8.3729e+00, 2.3110e+01
8.4797e+00, 2.0975e+01
8.5748e+00, 1.9336e+01
8.6698e+00, 1.7908e+01
8.8598e+00, 1.5505e+01
9.0498e+00, 1.3563e+01
9.2399e+00, 1.1979e+01
9.4299e+00, 1.0667e+01
9.6199e+00, 9.5676e+00
9.8100e+00, 8.6358e+00
1.0000e+01, 7.8434e+00
1.0202e+01, 7.1348e+00
1.0403e+01, 6.5033e+00
1.0605e+01, 5.9605e+00
1.0807e+01, 5.4969e+00
1.1008e+01, 5.0808e+00
1.1210e+01, 4.7250e+00
1.1613e+01, 4.1325e+00
1.2016e+01, 3.6834e+00
1.2420e+01, 3.3503e+00
1.2823e+01, 3.1242e+00
1.3226e+01, 3.0219e+00
1.3383e+01, 3.0263e+00
1.3539e+01, 3.0676e+00
1.3695e+01, 3.1559e+00
1.3851e+01, 3.3112e+00
1.4008e+01, 3.5635e+00
1.4086e+01, 3.7412e+00
1.4164e+01, 3.9732e+00
1.4242e+01, 4.2759e+00
1.4320e+01, 4.6736e+00
1.4398e+01, 5.2030e+00
1.4438e+01, 5.5349e+00
1.4477e+01, 5.9264e+00
1.4522e+01, 6.4771e+00
1.4567e+01, 7.1615e+00
1.4613e+01, 8.0246e+00
1.4658e+01, 9.1329e+00
1.4681e+01, 9.8089e+00
1.4703e+01, 1.0588e+01
1.4726e+01, 1.1495e+01
1.4749e+01, 1.2558e+01
1.4772e+01, 1.3819e+01
1.4794e+01, 1.5333e+01
1.4817e+01, 1.7177e+01
1.4840e+01, 1.9460e+01
1.4861e+01, 2.2172e+01
1.4882e+01, 2.5642e+01
1.4893e+01, 2.7761e+01
1.4904e+01, 3.0208e+01
1.4915e+01, 3.3058e+01
1.4925e+01, 3.6405e+01
1.4936e+01, 4.0369e+01
1.4947e+01, 4.5089e+01
1.4957e+01, 5.0744e+01
1.4968e+01, 5.7549e+01
1.4979e+01, 6.5766e+01
1.4990e+01, 7.5669e+01
1.5000e+01, 8.7590e+01
1.5011e+01, 1.0188e+02
1.5021e+01, 1.1783e+02
1.5031e+01, 1.3646e+02
1.5041e+01, 1.5804e+02
1.5051e+01, 1.8275e+02
1.5061e+01, 2.1071e+02
1.5071e+01, 2.4184e+02
1.5082e+01, 2.7596e+02
1.5092e+01, 3.1269e+02
1.5105e+01, 3.6636e+02
1.5119e+01, 4.2173e+02
1.5147e+01, 5.2611e+02
1.5160e+01, 5.6689e+02
1.5174e+01, 5.9809e+02
1.5187e+01, 6.1754e+02
1.5200e+01, 6.2384e+02
1.5214e+01, 6.1548e+02
1.5227e+01, 5.9408e+02
1.5241e+01, 5.6116e+02
1.5254e+01, 5.1899e+02
1.5267e+01, 4.7040e+02
1.5287e+01, 3.9127e+02
1.5307e+01, 3.1316e+02
1.5328e+01, 2.4283e+02
1.5338e+01, 2.1187e+02
1.5348e+01, 1.8406e+02
1.5357e+01, 1.6181e+02
1.5366e+01, 1.4207e+02
1.5375e+01, 1.2468e+02
1.5383e+01, 1.0949e+02
1.5392e+01, 9.6288e+01
1.5401e+01, 8.4909e+01
1.5410e+01, 7.5130e+01
1.5419e+01, 6.6748e+01
1.5428e+01, 5.9569e+01
1.5437e+01, 5.3436e+01
1.5446e+01, 4.8185e+01
1.5455e+01, 4.3679e+01
1.5464e+01, 3.9798e+01
1.5473e+01, 3.6449e+01
1.5482e+01, 3.3541e+01
1.5491e+01, 3.1005e+01
1.5509e+01, 2.6816e+01
1.5527e+01, 2.3524e+01
1.5545e+01, 2.0881e+01
1.5563e+01, 1.8721e+01
1.5581e+01, 1.6925e+01
1.5599e+01, 1.5412e+01
1.5617e+01, 1.4122e+01
1.5635e+01, 1.3013e+01
1.5653e+01, 1.2048e+01
1.5671e+01, 1.1205e+01
1.5707e+01, 9.8047e+00
1.5742e+01, 8.6952e+00
1.5778e+01, 7.8005e+00
1.5821e+01, 6.9528e+00
1.5863e+01, 6.2720e+00
1.5905e+01, 5.7165e+00
1.5947e+01, 5.2571e+00
1.5989e+01, 4.8720e+00
1.6032e+01, 4.5457e+00
1.6116e+01, 4.0275e+00
1.6201e+01, 3.6409e+00
1.6285e+01, 3.3479e+00
1.6369e+01, 3.1228e+00
1.6454e+01, 2.9448e+00
1.6538e+01, 2.8036e+00
1.6623e+01, 2.6926e+00
1.6792e+01, 2.5403e+00
1.6961e+01, 2.4590e+00
1.7129e+01, 2.4342e+00
1.7290e+01, 2.4576e+00
1.7450e+01, 2.5274e+00
1.7611e+01, 2.6490e+00
1.7771e+01, 2.8337e+00
1.7932e+01, 3.1010e+00
1.8012e+01, 3.2750e+00
1.8092e+01, 3.4825e+00
1.8172e+01, 3.7296e+00
1.8253e+01, 4.0259e+00
1.8333e+01, 4.3879e+00
1.8413e+01, 4.8337e+00
1.8485e+01, 5.3231e+00
1.8557e+01, 5.9231e+00
1.8628e+01, 6.6685e+00
1.8700e+01, 7.6078e+00
1.8772e+01, 8.8114e+00
1.8808e+01, 9.5448e+00
1.8844e+01, 1.0391e+01
1.8880e+01, 1.1375e+01
1.8916e+01, 1.2529e+01
1.8951e+01, 1.3895e+01
1.8987e+01, 1.5530e+01
1.9023e+01, 1.7508e+01
1.9059e+01, 1.9935e+01
1.9095e+01, 2.2962e+01
1.9131e+01, 2.6818e+01
1.9149e+01, 2.9161e+01
1.9167e+01, 3.1859e+01
1.9185e+01, 3.4998e+01
1.9203e+01, 3.8686e+01
1.9221e+01, 4.3078e+01
1.9239e+01, 4.8382e+01
1.9257e+01, 5.4904e+01
1.9274e+01, 6.3064e+01
1.9285e+01, 6.8561e+01
1.9295e+01, 7.4898e+01
1.9305e+01, 8.2245e+01
1.9315e+01, 9.0804e+01
1.9325e+01, 1.0082e+02
1.9335e+01, 1.1257e+02
1.9345e+01, 1.2639e+02
1.9355e+01, 1.4264e+02
1.9365e+01, 1.6176e+02
1.9375e+01, 1.8420e+02
1.9385e+01, 2.1046e+02
1.9395e+01, 2.4102e+02
1.9405e+01, 2.7638e+02
1.9415e+01, 3.1699e+02
1.9425e+01, 3.6324e+02
1.9435e+01, 4.1534e+02
1.9444e+01, 4.7029e+02
1.9454e+01, 5.3061e+02
1.9463e+01, 5.9604e+02
1.9473e+01, 6.6613e+02
1.9492e+01, 8.1729e+02
1.9511e+01, 9.7574e+02
1.9534e+01, 1.1619e+03
1.9557e+01, 1.3160e+03
1.9568e+01, 1.3691e+03
1.9579e+01, 1.4083e+03
1.9589e+01, 1.4321e+03
1.9600e+01, 1.4396e+03
1.9605e+01, 1.4376e+03
1.9620e+01, 1.4086e+03
1.9636e+01, 1.3473e+03
1.9651e+01, 1.2587e+03
1.9667e+01, 1.1492e+03
1.9698e+01, 8.9669e+02
1.9729e+01, 6.4795e+02
1.9744e+01, 5.3800e+02
1.9760e+01, 4.4144e+02
1.9775e+01, 3.5915e+02
1.9783e+01, 3.2330e+02
1.9791e+01, 2.9086e+02
1.9799e+01, 2.6160e+02
1.9806e+01, 2.3536e+02
1.9814e+01, 2.1193e+02
1.9822e+01, 1.9107e+02
1.9830e+01, 1.7257e+02
1.9838e+01, 1.5619e+02
1.9845e+01, 1.4172e+02
1.9853e+01, 1.2897e+02
1.9862e+01, 1.1579e+02
1.9871e+01, 1.0443e+02
1.9881e+01, 9.4629e+01
1.9890e+01, 8.6144e+01
1.9899e+01, 7.8781e+01
1.9908e+01, 7.2366e+01
1.9917e+01, 6.6756e+01
1.9927e+01, 6.1825e+01
1.9945e+01, 5.3604e+01
1.9963e+01, 4.7068e+01
1.9982e+01, 4.1770e+01
2.0000e+01, 3.7398e+01
2.0023e+01, 3.2834e+01
2.0047e+01, 2.9117e+01
2.0070e+01, 2.6040e+01
2.0094e+01, 2.3458e+01
2.0117e+01, 2.1264e+01
2.0140e+01, 1.9384e+01
2.0164e+01, 1.7756e+01
2.0187e+01, 1.6338e+01
2.0234e+01, 1.3993e+01
2.0281e+01, 1.2145e+01
2.0327e+01, 1.0661e+01
2.0374e+01, 9.4503e+00
2.0421e+01, 8.4500e+00
2.0468e+01, 7.6143e+00
2.0515e+01, 6.9089e+00
2.0561e+01, 6.3084e+00
2.0608e+01, 5.7935e+00
2.0655e+01, 5.3491e+00
2.0748e+01, 4.6236e+00
2.0842e+01, 4.0622e+00
2.0935e+01, 3.6259e+00
2.1029e+01, 3.2926e+00
2.1123e+01, 3.0603e+00
2.1158e+01, 3.0077e+00
2.1193e+01, 2.9861e+00
2.1228e+01, 3.0161e+00
2.1245e+01, 3.0622e+00
2.1263e+01, 3.1391e+00
2.1286e+01, 3.3078e+00
2.1310e+01, 3.5808e+00
2.1321e+01, 3.7679e+00
2.1333e+01, 3.9944e+00
2.1345e+01, 4.2645e+00
2.1356e+01, 4.5815e+00
2.1380e+01, 5.3620e+00
2.1403e+01, 6.3249e+00
2.1450e+01, 8.5415e+00
2.1473e+01, 9.5575e+00
2.1497e+01, 1.0316e+01
2.1513e+01, 1.0628e+01
2.1530e+01, 1.0715e+01
2.1547e+01, 1.0567e+01
2.1563e+01, 1.0197e+01
2.1581e+01, 9.6000e+00
2.1598e+01, 8.8424e+00
2.1633e+01, 7.0928e+00
2.1660e+01, 5.8032e+00
2.1673e+01, 5.2183e+00
2.1686e+01, 4.6883e+00
2.1699e+01, 4.2174e+00
2.1712e+01, 3.8077e+00
2.1725e+01, 3.4566e+00
2.1738e+01, 3.1605e+00
2.1751e+01, 2.9133e+00
2.1765e+01, 2.7091e+00
2.1778e+01, 2.5412e+00
2.1791e+01, 2.4037e+00
2.1817e+01, 2.1982e+00
2.1843e+01, 2.0570e+00
2.1884e+01, 1.9114e+00
2.1925e+01, 1.8139e+00
2.2007e+01, 1.6840e+00
2.2088e+01, 1.5954e+00
2.2170e+01, 1.5298e+00
2.2333e+01, 1.4461e+00
2.2415e+01, 1.4267e+00
2.2497e+01, 1.4263e+00
2.2548e+01, 1.4397e+00
2.2599e+01, 1.4690e+00
2.2650e+01, 1.5237e+00
2.2701e+01, 1.6237e+00
2.2726e+01, 1.7042e+00
2.2752e+01, 1.8198e+00
2.2777e+01, 1.9907e+00
2.2790e+01, 2.1067e+00
2.2803e+01, 2.2501e+00
2.2816e+01, 2.4279e+00
2.2828e+01, 2.6482e+00
2.2841e+01, 2.9203e+00
2.2854e+01, 3.2549e+00
2.2867e+01, 3.6633e+00
2.2880e+01, 4.1570e+00
2.2892e+01, 4.7469e+00
2.2905e+01, 5.4424e+00
2.2917e+01, 6.2255e+00
2.2930e+01, 7.1167e+00
2.2942e+01, 8.1130e+00
2.2955e+01, 9.2047e+00
2.3004e+01, 1.4116e+01
2.3028e+01, 1.6302e+01
2.3051e+01, 1.8027e+01
2.3070e+01, 1.8931e+01
2.3090e+01, 1.9230e+01
2.3107e+01, 1.8982e+01
2.3123e+01, 1.8290e+01
2.3140e+01, 1.7223e+01
2.3156e+01, 1.5857e+01
2.3189e+01, 1.2626e+01
2.3218e+01, 9.7849e+00
2.3232e+01, 8.4792e+00
2.3246e+01, 7.2931e+00
2.3261e+01, 6.2413e+00
2.3275e+01, 5.3306e+00
2.3289e+01, 4.5581e+00
2.3303e+01, 3.9151e+00
2.3319e+01, 3.3498e+00
2.3334e+01, 2.9002e+00
2.3349e+01, 2.5462e+00
2.3365e+01, 2.2692e+00
2.3380e+01, 2.0530e+00
2.3395e+01, 1.8839e+00
2.3411e+01, 1.7506e+00
2.3426e+01, 1.6445e+00
2.3457e+01, 1.4890e+00
2.3488e+01, 1.3818e+00
2.3518e+01, 1.3035e+00
2.3549e+01, 1.2435e+00
2.3611e+01, 1.1571e+00
2.3672e+01, 1.0972e+00
2.3795e+01, 1.0183e+00
2.3897e+01, 9.7561e-01
2.3999e+01, 9.4398e-01
2.4203e+01, 8.9857e-01
2.4611e+01, 8.4691e-01
2.5019e+01, 8.2024e-01
2.5427e+01, 8.1157e-01
2.5739e+01, 8.1600e-01
2.6051e+01, 8.3095e-01
2.6363e+01, 8.5851e-01
2.6674e+01, 9.0043e-01
2.6986e+01, 9.6851e-01
2.7142e+01, 1.0160e+00
2.7298e+01, 1.0760e+00
2.7454e+01, 1.1528e+00
2.7610e+01, 1.2523e+00
2.7766e+01, 1.3825e+00
2.7844e+01, 1.4644e+00
2.7922e+01, 1.5616e+00
2.8012e+01, 1.6971e+00
2.8102e+01, 1.8652e+00
2.8192e+01, 2.0765e+00
2.8282e+01, 2.3470e+00
2.8327e+01, 2.5121e+00
2.8372e+01, 2.7031e+00
2.8417e+01, 2.9258e+00
2.8462e+01, 3.1877e+00
2.8507e+01, 3.4988e+00
2.8552e+01, 3.8721e+00
2.8597e+01, 4.3258e+00
2.8642e+01, 4.8853e+00
2.8681e+01, 5.4848e+00
2.8720e+01, 6.2279e+00
2.8759e+01, 7.1691e+00
2.8778e+01, 7.7392e+00
2.8798e+01, 8.3945e+00
2.8817e+01, 9.1559e+00
2.8837e+01, 1.0050e+01
2.8856e+01, 1.1117e+01
2.8876e+01, 1.2410e+01
2.8895e+01, 1.4006e+01
2.8915e+01, 1.6016e+01
2.8934e+01, 1.8601e+01
2.8944e+01, 2.0175e+01
2.8954e+01, 2.1980e+01
2.8964e+01, 2.4236e+01
2.8975e+01, 2.6870e+01
2.8985e+01, 2.9954e+01
2.8996e+01, 3.3562e+01
2.9006e+01, 3.7792e+01
2.9017e+01, 4.2742e+01
2.9027e+01, 4.8519e+01
2.9038e+01, 5.5233e+01
2.9048e+01, 6.3018e+01
2.9059e+01, 7.1990e+01
2.9069e+01, 8.2270e+01
2.9080e+01, 9.3954e+01
2.9090e+01, 1.0716e+02
2.9101e+01, 1.2194e+02
2.9111e+01, 1.3836e+02
2.9122e+01, 1.5638e+02
2.9132e+01, 1.7602e+02
2.9143e+01, 1.9714e+02
2.9153e+01, 2.1961e+02
2.9164e+01, 2.4320e+02
2.9180e+01, 2.8006e+02
2.9195e+01, 3.1759e+02
2.9227e+01, 3.8882e+02
2.9243e+01, 4.2053e+02
2.9260e+01, 4.4596e+02
2.9280e+01, 4.6624e+02
2.9300e+01, 4.7301e+02
2.9309e+01, 4.7160e+02
2.9324e+01, 4.6278e+02
2.9339e+01, 4.4636e+02
2.9354e+01, 4.2325e+02
2.9370e+01, 3.9466e+02
2.9387e+01, 3.5655e+02
2.9405e+01, 3.1537e+02
2.9440e+01, 2.3255e+02
2.9456e+01, 1.9751e+02
2.9473e+01, 1.6561e+02
2.9489e+01, 1.3736e+02
2.9505e+01, 1.1294e+02
2.9521e+01, 9.2314e+01
2.9529e+01, 8.3344e+01
2.9537e+01, 7.5217e+01
2.9546e+01, 6.7883e+01
2.9554e+01, 6.1289e+01
2.9562e+01, 5.5380e+01
2.9570e+01, 5.0102e+01
2.9578e+01, 4.5393e+01
2.9586e+01, 4.1212e+01
2.9594e+01, 3.7500e+01
2.9602e+01, 3.4210e+01
2.9610e+01, 3.1295e+01
2.9618e+01, 2.8715e+01
2.9635e+01, 2.4403e+01
2.9651e+01, 2.1008e+01
2.9667e+01, 1.8317e+01
2.9683e+01, 1.6163e+01
2.9699e+01, 1.4417e+01
2.9716e+01, 1.2983e+01
2.9732e+01, 1.1789e+01
2.9748e+01, 1.0782e+01
2.9764e+01, 9.9217e+00
2.9780e+01, 9.1785e+00
2.9797e+01, 8.5302e+00
2.9829e+01, 7.4544e+00
2.9863e+01, 6.5641e+00
2.9897e+01, 5.8474e+00
2.9931e+01, 5.2596e+00
2.9965e+01, 4.7706e+00
2.9998e+01, 4.3586e+00
3.0032e+01, 4.0081e+00
3.0066e+01, 3.7072e+00
3.0100e+01, 3.4470e+00
3.0168e+01, 3.0220e+00
3.0236e+01, 2.6928e+00
3.0303e+01, 2.4327e+00
3.0371e+01, 2.2234e+00
3.0471e+01, 1.9813e+00
3.0571e+01, 1.7977e+00
3.0671e+01, 1.6562e+00
3.0772e+01, 1.5462e+00
3.0872e+01, 1.4599e+00
3.0972e+01, 1.3910e+00
3.1172e+01, 1.2901e+00
3.1373e+01, 1.2259e+00
3.1573e+01, 1.1871e+00
3.1773e+01, 1.1669e+00
3.1973e+01, 1.1618e+00
3.2303e+01, 1.1778e+00
3.2633e+01, 1.2191e+00
3.2963e+01, 1.2857e+00
3.3293e+01, 1.3802e+00
3.3623e+01, 1.5052e+00
3.3953e+01, 1.6817e+00
3.4118e+01, 1.7971e+00
3.4283e+01, 1.9398e+00
3.4448e+01, 2.1226e+00
3.4530e+01, 2.2382e+00
3.4613e+01, 2.3790e+00
3.4677e+01, 2.5147e+00
3.4742e+01, 2.6822e+00
3.4807e+01, 2.8986e+00
3.4872e+01, 3.1973e+00
3.4904e+01, 3.3984e+00
3.4937e+01, 3.6565e+00
3.4969e+01, 4.0041e+00
3.4985e+01, 4.2281e+00
3.5001e+01, 4.4987e+00
3.5018e+01, 4.8299e+00
3.5034e+01, 5.2393e+00
3.5050e+01, 5.7494e+00
3.5066e+01, 6.3879e+00
3.5082e+01, 7.1881e+00
3.5099e+01, 8.1888e+00
3.5115e+01, 9.4339e+00
3.5131e+01, 1.0970e+01
3.5149e+01, 1.3130e+01
3.5168e+01, 1.5791e+01
3.5186e+01, 1.9004e+01
3.5205e+01, 2.2793e+01
3.5223e+01, 2.7145e+01
3.5241e+01, 3.2000e+01
3.5278e+01, 4.2702e+01
3.5311e+01, 5.2131e+01
3.5327e+01, 5.6381e+01
3.5343e+01, 6.0065e+01
3.5349e+01, 6.1230e+01
3.5362e+01, 6.3383e+01
3.5374e+01, 6.4972e+01
3.5400e+01, 6.6271e+01
3.5421e+01, 6.5396e+01
3.5448e+01, 6.1866e+01
3.5474e+01, 5.6118e+01
3.5515e+01, 4.4773e+01
3.5556e+01, 3.2968e+01
3.5582e+01, 2.6395e+01
3.5595e+01, 2.3476e+01
3.5608e+01, 2.0830e+01
3.5620e+01, 1.8460e+01
3.5633e+01, 1.6367e+01
3.5646e+01, 1.4536e+01
3.5659e+01, 1.2954e+01
3.5672e+01, 1.1599e+01
3.5684e+01, 1.0449e+01
3.5697e+01, 9.4808e+00
3.5710e+01, 8.6725e+00
3.5723e+01, 8.0004e+00
3.5736e+01, 7.4453e+00
3.5748e+01, 6.9880e+00
3.5761e+01, 6.6130e+00
3.5782e+01, 6.1486e+00
3.5802e+01, 5.8123e+00
3.5823e+01, 5.5687e+00
3.5843e+01, 5.3925e+00
3.5884e+01, 5.1748e+00
3.5925e+01, 5.0702e+00
3.5982e+01, 5.0343e+00
3.6038e+01, 5.0781e+00
3.6151e+01, 5.3226e+00
3.6263e+01, 5.7243e+00
3.6376e+01, 6.2681e+00
3.6489e+01, 6.9662e+00
3.6601e+01, 7.8504e+00
3.6714e+01, 8.9730e+00
3.6770e+01, 9.6475e+00
3.6827e+01, 1.0415e+01
3.6893e+01, 1.1469e+01
3.6927e+01, 1.2066e+01
3.6960e+01, 1.2717e+01
3.6993e+01, 1.3430e+01
3.7027e+01, 1.4213e+01
3.7060e+01, 1.5075e+01
3.7093e+01, 1.6027e+01
3.7121e+01, 1.6913e+01
3.7150e+01, 1.7883e+01
3.7178e+01, 1.8947e+01
3.7206e+01, 2.0120e+01
3.7220e+01, 2.0751e+01
3.7234e+01, 2.1416e+01
3.7248e+01, 2.2116e+01
3.7262e+01, 2.2854e+01
3.7276e+01, 2.3634e+01
3.7290e+01, 2.4457e+01
3.7304e+01, 2.5328e+01
3.7319e+01, 2.6251e+01
3.7333e+01, 2.7231e+01
3.7347e+01, 2.8271e+01
3.7361e+01, 2.9378e+01
3.7375e+01, 3.0557e+01
3.7389e+01, 3.1815e+01
3.7403e+01, 3.3161e+01
3.7417e+01, 3.4602e+01
3.7431e+01, 3.6148e+01
3.7445e+01, 3.7811e+01
3.7459e+01, 3.9604e+01
3.7474e+01, 4.1542e+01
3.7488e+01, 4.3640e+01
3.7502e+01, 4.5922e+01
3.7516e+01, 4.8410e+01
3.7530e+01, 5.1133e+01
3.7544e+01, 5.4123e+01
3.7558e+01, 5.7425e+01
3.7572e+01, 6.1088e+01
3.7586e+01, 6.5174e+01
3.7600e+01, 6.9756e+01
3.7614e+01, 7.4934e+01
3.7628e+01, 8.0823e+01
3.7643e+01, 8.7571e+01
3.7657e+01, 9.5355e+01
3.7671e+01, 1.0441e+02
3.7685e+01, 1.1502e+02
3.7699e+01, 1.2751e+02
3.7713e+01, 1.4231e+02
3.7727e+01, 1.5992e+02
3.7741e+01, 1.8094e+02
3.7755e+01, 2.0604e+02
3.7769e+01, 2.3601e+02
3.7777e+01, 2.5475e+02
3.7785e+01, 2.7532e+02
3.7792e+01, 2.9795e+02
3.7800e+01, 3.2274e+02
3.7815e+01, 3.7957e+02
3.7831e+01, 4.4709e+02
3.7846e+01, 5.2662e+02
3.7862e+01, 6.1919e+02
3.7877e+01, 7.2553e+02
3.7892e+01, 8.4584e+02
3.7905e+01, 9.5673e+02
3.7918e+01, 1.0766e+03
3.7944e+01, 1.3393e+03
3.7995e+01, 1.9042e+03
3.8023e+01, 2.1880e+03
3.8051e+01, 2.4110e+03
3.8076e+01, 2.5325e+03
3.8100e+01, 2.5735e+03
3.8118e+01, 2.5502e+03
3.8135e+01, 2.4839e+03
3.8153e+01, 2.3783e+03
3.8171e+01, 2.2391e+03
3.8189e+01, 2.0660e+03
3.8207e+01, 1.8733e+03
3.8244e+01, 1.4664e+03
3.8279e+01, 1.0988e+03
3.8297e+01, 9.3523e+02
3.8314e+01, 7.8873e+02
3.8332e+01, 6.6036e+02
3.8350e+01, 5.5006e+02
3.8367e+01, 4.5694e+02
3.8385e+01, 3.7951e+02
3.8402e+01, 3.1867e+02
3.8418e+01, 2.6876e+02
3.8435e+01, 2.2806e+02
3.8452e+01, 1.9507e+02
3.8468e+01, 1.6835e+02
3.8485e+01, 1.4673e+02
3.8502e+01, 1.2916e+02
3.8519e+01, 1.1481e+02
3.8535e+01, 1.0301e+02
3.8552e+01, 9.3224e+01
3.8569e+01, 8.5027e+01
3.8586e+01, 7.8102e+01
3.8602e+01, 7.2188e+01
3.8619e+01, 6.7098e+01
3.8653e+01, 5.8814e+01
3.8678e+01, 5.3860e+01
3.8703e+01, 4.9722e+01
3.8728e+01, 4.6235e+01
3.8753e+01, 4.3277e+01
3.8803e+01, 3.8610e+01
3.8853e+01, 3.5219e+01
3.8904e+01, 3.2803e+01
3.8954e+01, 3.1176e+01
3.9004e+01, 3.0232e+01
3.9054e+01, 2.9920e+01
3.9108e+01, 3.0282e+01
3.9161e+01, 3.1423e+01
3.9215e+01, 3.3489e+01
3.9268e+01, 3.6753e+01
3.9308e+01, 4.0279e+01
3.9349e+01, 4.5121e+01
3.9369e+01, 4.8218e+01
3.9389e+01, 5.1913e+01
3.9409e+01, 5.6366e+01
3.9429e+01, 6.1796e+01
3.9449e+01, 6.8502e+01
3.9469e+01, 7.6892e+01
3.9489e+01, 8.7513e+01
3.9509e+01, 1.0109e+02
3.9519e+01, 1.0927e+02
3.9529e+01, 1.1857e+02
3.9539e+01, 1.2913e+02
3.9549e+01, 1.4112e+02
3.9559e+01, 1.5475e+02
3.9569e+01, 1.7020e+02
3.9580e+01, 1.8771e+02
3.9590e+01, 2.0748e+02
3.9599e+01, 2.2783e+02
3.9608e+01, 2.5044e+02
3.9626e+01, 3.0332e+02
3.9645e+01, 3.6747e+02
3.9663e+01, 4.4400e+02
3.9682e+01, 5.3366e+02
3.9700e+01, 6.3638e+02
3.9718e+01, 7.5143e+02
3.9737e+01, 8.7684e+02
3.9777e+01, 1.1707e+03
3.9817e+01, 1.4510e+03
3.9835e+01, 1.5564e+03
3.9853e+01, 1.6415e+03
3.9871e+01, 1.7017e+03
3.9889e+01, 1.7336e+03
3.9900e+01, 1.7384e+03
3.9916e+01, 1.7253e+03
3.9933e+01, 1.6882e+03
3.9949e+01, 1.6289e+03
3.9965e+01, 1.5500e+03
3.9998e+01, 1.3408e+03
4.0032e+01, 1.0980e+03
4.0063e+01, 8.7471e+02
4.0093e+01, 6.7167e+02
4.0109e+01, 5.8174e+02
4.0124e+01, 5.0072e+02
4.0139e+01, 4.2880e+02
4.0155e+01, 3.6585e+02
4.0169e+01, 3.1373e+02
4.0184e+01, 2.6887e+02
4.0199e+01, 2.3062e+02
4.0213e+01, 1.9826e+02
4.0228e+01, 1.7104e+02
4.0242e+01, 1.4828e+02
4.0257e+01, 1.2928e+02
4.0272e+01, 1.1346e+02
4.0286e+01, 1.0028e+02
4.0301e+01, 8.9292e+01
4.0316e+01, 8.0084e+01
4.0330e+01, 7.2341e+01
4.0345e+01, 6.5782e+01
4.0359e+01, 6.0196e+01
4.0374e+01, 5.5395e+01
4.0389e+01, 5.1242e+01
4.0417e+01, 4.4718e+01
4.0445e+01, 3.9553e+01
4.0472e+01, 3.5366e+01
4.0500e+01, 3.1905e+01
4.0528e+01, 2.8995e+01
4.0556e+01, 2.6516e+01
4.0584e+01, 2.4381e+01
4.0612e+01, 2.2527e+01
4.0668e+01, 1.9469e+01
4.0723e+01, 1.7064e+01
4.0779e+01, 1.5134e+01
4.0835e+01, 1.3560e+01
4.0891e+01, 1.2257e+01
4.0946e+01, 1.1165e+01
4.1002e+01, 1.0239e+01
4.1058e+01, 9.4458e+00
4.1114e+01, 8.7610e+00
4.1169e+01, 8.1657e+00
4.1281e+01, 7.1879e+00
4.1392e+01, 6.4264e+00
4.1504e+01, 5.8244e+00
4.1615e+01, 5.3439e+00
4.1727e+01, 4.9583e+00
4.1861e+01, 4.5911e+00
4.1994e+01, 4.3040e+00
4.2128e+01, 4.0830e+00
4.2262e+01, 3.9177e+00
4.2396e+01, 3.8005e+00
4.2530e+01, 3.7259e+00
4.2664e+01, 3.6907e+00
4.2797e+01, 3.6933e+00
4.2953e+01, 3.7442e+00
4.3110e+01, 3.8494e+00
4.3266e+01, 4.0146e+00
4.3422e+01, 4.2498e+00
4.3578e+01, 4.5701e+00
4.3734e+01, 4.9962e+00
4.3890e+01, 5.5583e+00
4.4046e+01, 6.3132e+00
4.4147e+01, 6.9387e+00
4.4247e+01, 7.7092e+00
4.4347e+01, 8.6693e+00
4.4448e+01, 9.8830e+00
4.4548e+01, 1.1444e+01
4.4598e+01, 1.2397e+01
4.4648e+01, 1.3497e+01
4.4699e+01, 1.4778e+01
4.4749e+01, 1.6283e+01
4.4799e+01, 1.8070e+01
4.4849e+01, 2.0215e+01
4.4899e+01, 2.2825e+01
4.4950e+01, 2.6048e+01
4.5000e+01, 3.0107e+01
4.5025e+01, 3.2550e+01
4.5050e+01, 3.5344e+01
4.5075e+01, 3.8568e+01
4.5100e+01, 4.2327e+01
4.5125e+01, 4.6764e+01
4.5150e+01, 5.2078e+01
4.5175e+01, 5.8550e+01
4.5200e+01, 6.6578e+01
4.5225e+01, 7.6734e+01
4.5238e+01, 8.2848e+01
4.5251e+01, 8.9819e+01
4.5264e+01, 9.8284e+01
4.5277e+01, 1.0808e+02
4.5290e+01, 1.1945e+02
4.5304e+01, 1.3268e+02
4.5317e+01, 1.4810e+02
4.5330e+01, 1.6606e+02
4.5343e+01, 1.8695e+02
4.5357e+01, 2.1123e+02
4.5370e+01, 2.3937e+02
4.5383e+01, 2.7183e+02
4.5396e+01, 3.0909e+02
4.5409e+01, 3.5165e+02
4.5423e+01, 3.9992e+02
4.5436e+01, 4.5430e+02
4.5449e+01, 5.1507e+02
4.5462e+01, 5.8237e+02
4.5478e+01, 6.6853e+02
4.5493e+01, 7.6310e+02
4.5524e+01, 9.7444e+02
4.5585e+01, 1.4389e+03
4.5616e+01, 1.6513e+03
4.5646e+01, 1.8183e+03
4.5673e+01, 1.9100e+03
4.5700e+01, 1.9410e+03
4.5717e+01, 1.9278e+03
4.5733e+01, 1.8901e+03
4.5750e+01, 1.8296e+03
4.5767e+01, 1.7487e+03
4.5790e+01, 1.6065e+03
4.5814e+01, 1.4410e+03
4.5861e+01, 1.0838e+03
4.5898e+01, 8.1473e+02
4.5917e+01, 6.9517e+02
4.5936e+01, 5.8803e+02
4.5955e+01, 4.9398e+02
4.5974e+01, 4.1294e+02
4.5993e+01, 3.4428e+02
4.6011e+01, 2.8693e+02
4.6028e+01, 2.4503e+02
4.6044e+01, 2.0990e+02
4.6061e+01, 1.8063e+02
4.6077e+01, 1.5634e+02
4.6094e+01, 1.3623e+02
4.6110e+01, 1.1959e+02
4.6127e+01, 1.0580e+02
4.6143e+01, 9.4348e+01
4.6159e+01, 8.4777e+01
4.6176e+01, 7.6736e+01
4.6192e+01, 6.9930e+01
4.6209e+01, 6.4130e+01
4.6225e+01, 5.9139e+01
4.6242e+01, 5.4813e+01
4.6275e+01, 4.7709e+01
4.6308e+01, 4.2132e+01
4.6341e+01, 3.7652e+01
4.6373e+01, 3.3984e+01
4.6406e+01, 3.0939e+01
4.6439e+01, 2.8380e+01
4.6472e+01, 2.6212e+01
4.6505e+01, 2.4360e+01
4.6538e+01, 2.2772e+01
4.6604e+01, 2.0220e+01
4.6670e+01, 1.8310e+01
4.6736e+01, 1.6885e+01
4.6801e+01, 1.5843e+01
4.6858e+01, 1.5205e+01
4.6914e+01, 1.4775e+01
4.6971e+01, 1.4537e+01
4.7027e+01, 1.4485e+01
4.7093e+01, 1.4662e+01
4.7159e+01, 1.5112e+01
4.7225e+01, 1.5873e+01
4.7290e+01, 1.7009e+01
4.7356e+01, 1.8625e+01
4.7422e+01, 2.0889e+01
4.7455e+01, 2.2345e+01
4.7488e+01, 2.4082e+01
4.7521e+01, 2.6168e+01
4.7554e+01, 2.8701e+01
4.7589e+01, 3.2069e+01
4.7607e+01, 3.4082e+01
4.7624e+01, 3.6370e+01
4.7642e+01, 3.8993e+01
4.7660e+01, 4.2022e+01
4.7677e+01, 4.5555e+01
4.7695e+01, 4.9713e+01
4.7712e+01, 5.4656e+01
4.7730e+01, 6.0583e+01
4.7748e+01, 6.7757e+01
4.7757e+01, 7.1908e+01
4.7765e+01, 7.6492e+01
4.7774e+01, 8.1571e+01
4.7783e+01, 8.7198e+01
4.7792e+01, 9.3437e+01
4.7801e+01, 1.0035e+02
4.7809e+01, 1.0802e+02
4.7818e+01, 1.1653e+02
4.7827e+01, 1.2596e+02
4.7836e+01, 1.3640e+02
4.7845e+01, 1.4796e+02
4.7853e+01, 1.6074e+02
4.7862e+01, 1.7484e+02
4.7871e+01, 1.9036e+02
4.7880e+01, 2.0742e+02
4.7889e+01, 2.2613e+02
4.7898e+01, 2.4659e+02
4.7906e+01, 2.6888e+02
4.7924e+01, 3.1942e+02
4.7942e+01, 3.7832e+02
4.7959e+01, 4.4598e+02
4.7977e+01, 5.2243e+02
4.8003e+01, 6.4959e+02
4.8029e+01, 7.9138e+02
4.8080e+01, 1.0928e+03
4.8109e+01, 1.2458e+03
4.8137e+01, 1.3726e+03
4.8153e+01, 1.4272e+03
4.8168e+01, 1.4674e+03
4.8184e+01, 1.4920e+03
4.8200e+01, 1.5000e+03
4.8206e+01, 1.4988e+03
4.8224e+01, 1.4801e+03
4.8242e+01, 1.4398e+03
4.8260e+01, 1.3798e+03
4.8279e+01, 1.3030e+03
4.8316e+01, 1.1064e+03
4.8354e+01, 8.8664e+02
4.8392e+01, 6.7420e+02
4.8411e+01, 5.7787e+02
4.8430e+01, 4.9047e+02
4.8448e+01, 4.1286e+02
4.8467e+01, 3.4528e+02
4.8486e+01, 2.8747e+02
4.8505e+01, 2.3879e+02
4.8523e+01, 2.0002e+02
4.8541e+01, 1.6792e+02
4.8559e+01, 1.4155e+02
4.8577e+01, 1.2004e+02
4.8595e+01, 1.0256e+02
4.8613e+01, 8.8377e+01
4.8631e+01, 7.6871e+01
4.8649e+01, 6.7505e+01
4.8667e+01, 5.9836e+01
4.8685e+01, 5.3518e+01
4.8703e+01, 4.8264e+01
4.8721e+01, 4.3852e+01
4.8739e+01, 4.0109e+01
4.8757e+01, 3.6901e+01
4.8775e+01, 3.4124e+01
4.8793e+01, 3.1698e+01
4.8827e+01, 2.7835e+01
4.8862e+01, 2.4722e+01
4.8896e+01, 2.2162e+01
4.8930e+01, 2.0020e+01
4.8964e+01, 1.8204e+01
4.8999e+01, 1.6648e+01
4.9033e+01, 1.5302e+01
4.9067e+01, 1.4128e+01
4.9136e+01, 1.2186e+01
4.9205e+01, 1.0653e+01
4.9273e+01, 9.4204e+00
4.9342e+01, 8.4136e+00
4.9424e+01, 7.4299e+00
4.9506e+01, 6.6313e+00
4.9589e+01, 5.9723e+00
4.9671e+01, 5.4213e+00
4.9753e+01, 4.9558e+00
4.9835e+01, 4.5598e+00
4.9918e+01, 4.2208e+00
5.0000e+01, 3.9287e+00
5.0129e+01, 3.5459e+00
5.0259e+01, 3.2368e+00
5.0388e+01, 2.9870e+00
5.0517e+01, 2.7863e+00
5.0647e+01, 2.6281e+00
5.0776e+01, 2.5086e+00
5.0906e+01, 2.4265e+00
5.1035e+01, 2.3843e+00
5.1137e+01, 2.3827e+00
5.1238e+01, 2.4149e+00
5.1340e+01, 2.4909e+00
5.1441e+01, 2.6288e+00
5.1492e+01, 2.7301e+00
5.1543e+01, 2.8601e+00
5.1594e+01, 3.0273e+00
5.1645e+01, 3.2438e+00
5.1696e+01, 3.5282e+00
5.1746e+01, 3.9110e+00
5.1772e+01, 4.1550e+00
5.1797e+01, 4.4472e+00
5.1823e+01, 4.8032e+00
5.1848e+01, 5.2453e+00
5.1865e+01, 5.6126e+00
5.1883e+01, 6.0491e+00
5.1900e+01, 6.5740e+00
5.1917e+01, 7.2105e+00
5.1935e+01, 7.9899e+00
5.1952e+01, 8.9498e+00
5.1969e+01, 1.0139e+01
5.1987e+01, 1.1615e+01
5.2004e+01, 1.3449e+01
5.2021e+01, 1.5720e+01
5.2039e+01, 1.8525e+01
5.2056e+01, 2.1962e+01
5.2073e+01, 2.6145e+01
5.2091e+01, 3.1180e+01
5.2108e+01, 3.7179e+01
5.2125e+01, 4.4228e+01
5.2141e+01, 5.1821e+01
5.2158e+01, 6.0423e+01
5.2174e+01, 7.0029e+01
5.2190e+01, 8.0594e+01
5.2222e+01, 1.0417e+02
5.2255e+01, 1.2979e+02
5.2292e+01, 1.5875e+02
5.2319e+01, 1.7791e+02
5.2347e+01, 1.9293e+02
5.2371e+01, 2.0150e+02
5.2396e+01, 2.0502e+02
5.2400e+01, 2.0508e+02
5.2413e+01, 2.0427e+02
5.2443e+01, 1.9657e+02
5.2474e+01, 1.8165e+02
5.2510e+01, 1.5722e+02
5.2546e+01, 1.2901e+02
5.2580e+01, 1.0196e+02
5.2614e+01, 7.7359e+01
5.2631e+01, 6.6483e+01
5.2649e+01, 5.6708e+01
5.2666e+01, 4.8063e+01
5.2683e+01, 4.0534e+01
5.2700e+01, 3.4065e+01
5.2717e+01, 2.8585e+01
5.2734e+01, 2.3994e+01
5.2751e+01, 2.0186e+01
5.2769e+01, 1.7055e+01
5.2786e+01, 1.4500e+01
5.2803e+01, 1.2426e+01
5.2820e+01, 1.0746e+01
5.2837e+01, 9.3864e+00
5.2854e+01, 8.2860e+00
5.2871e+01, 7.3915e+00
5.2889e+01, 6.6601e+00
5.2906e+01, 6.0572e+00
5.2923e+01, 5.5563e+00
5.2940e+01, 5.1356e+00
5.2957e+01, 4.7784e+00
5.2980e+01, 4.3789e+00
5.3003e+01, 4.0473e+00
5.3026e+01, 3.7672e+00
5.3049e+01, 3.5272e+00
5.3094e+01, 3.1366e+00
5.3140e+01, 2.8317e+00
5.3186e+01, 2.5870e+00
5.3232e+01, 2.3868e+00
5.3277e+01, 2.2203e+00
5.3323e+01, 2.0800e+00
5.3415e+01, 1.8579e+00
5.3506e+01, 1.6910e+00
5.3598e+01, 1.5618e+00
5.3689e+01, 1.4601e+00
5.3794e+01, 1.3690e+00
5.3898e+01, 1.2983e+00
5.4107e+01, 1.2007e+00
5.4316e+01, 1.1469e+00
5.4526e+01, 1.1332e+00
5.4627e+01, 1.1437e+00
5.4728e+01, 1.1693e+00
5.4829e+01, 1.2154e+00
5.4931e+01, 1.2913e+00
5.4981e+01, 1.3456e+00
5.5032e+01, 1.4154e+00
5.5083e+01, 1.5069e+00
5.5133e+01, 1.6302e+00
5.5184e+01, 1.8049e+00
5.5209e+01, 1.9233e+00
5.5234e+01, 2.0740e+00
5.5260e+01, 2.2718e+00
5.5285e+01, 2.5392e+00
5.5298e+01, 2.7093e+00
5.5310e+01, 2.9108e+00
5.5323e+01, 3.1508e+00
5.5336e+01, 3.4375e+00
5.5350e+01, 3.8427e+00
5.5365e+01, 4.3426e+00
5.5380e+01, 4.9596e+00
5.5395e+01, 5.7199e+00
5.5409e+01, 6.6540e+00
5.5424e+01, 7.7947e+00
5.5439e+01, 9.1803e+00
5.5453e+01, 1.0852e+01
5.5468e+01, 1.2853e+01
5.5483e+01, 1.5226e+01
5.5498e+01, 1.8015e+01
5.5512e+01, 2.1259e+01
5.5527e+01, 2.4992e+01
5.5542e+01, 2.9240e+01
5.5556e+01, 3.4015e+01
5.5571e+01, 3.9317e+01
5.5599e+01, 5.0689e+01
5.5627e+01, 6.3519e+01
5.5682e+01, 9.0833e+01
5.5721e+01, 1.0796e+02
5.5741e+01, 1.1472e+02
5.5761e+01, 1.1981e+02
5.5785e+01, 1.2345e+02
5.5800e+01, 1.2404e+02
5.5805e+01, 1.2396e+02
5.5819e+01, 1.2294e+02
5.5834e+01, 1.2078e+02
5.5852e+01, 1.1644e+02
5.5871e+01, 1.1052e+02
5.5906e+01, 9.6156e+01
5.5941e+01, 7.9360e+01
5.5976e+01, 6.2252e+01
5.6010e+01, 4.6566e+01
5.6028e+01, 3.9617e+01
5.6045e+01, 3.3377e+01
5.6063e+01, 2.7868e+01
5.6080e+01, 2.3094e+01
5.6099e+01, 1.8771e+01
5.6108e+01, 1.6890e+01
5.6117e+01, 1.5184e+01
5.6126e+01, 1.3643e+01
5.6136e+01, 1.2255e+01
5.6145e+01, 1.1011e+01
5.6154e+01, 9.9003e+00
5.6164e+01, 8.9094e+00
5.6173e+01, 8.0293e+00
5.6182e+01, 7.2496e+00
5.6191e+01, 6.5607e+00
5.6201e+01, 5.9532e+00
5.6210e+01, 5.4187e+00
5.6219e+01, 4.9490e+00
5.6229e+01, 4.5372e+00
5.6238e+01, 4.1758e+00
5.6247e+01, 3.8591e+00
5.6266e+01, 3.3383e+00
5.6284e+01, 2.9373e+00
5.6303e+01, 2.6270e+00
5.6322e+01, 2.3841e+00
5.6340e+01, 2.1918e+00
5.6359e+01, 2.0373e+00
5.6377e+01, 1.9110e+00
5.6416e+01, 1.7121e+00
5.6454e+01, 1.5671e+00
5.6492e+01, 1.4556e+00
5.6531e+01, 1.3666e+00
5.6607e+01, 1.2328e+00
5.6684e+01, 1.1375e+00
5.6760e+01, 1.0667e+00
5.6837e+01, 1.0128e+00
5.6990e+01, 9.3749e-01
5.7144e+01, 8.8891e-01
5.7297e+01, 8.5709e-01
5.7603e+01, 8.2224e-01
5.7901e+01, 8.0997e-01
5.8309e+01, 8.1563e-01
5.8718e+01, 8.4046e-01
5.9127e+01, 8.8239e-01
5.9535e+01, 9.4232e-01
5.9944e+01, 1.0233e+00
6.0353e+01, 1.1306e+00
6.0762e+01, 1.2728e+00
6.0966e+01, 1.3608e+00
6.1170e+01, 1.4628e+00
6.1356e+01, 1.5703e+00
6.1542e+01, 1.6945e+00
6.1728e+01, 1.8388e+00
6.1913e+01, 2.0071e+00
6.2099e+01, 2.2031e+00
6.2285e+01, 2.4371e+00
6.2471e+01, 2.7197e+00
6.2657e+01, 3.0632e+00
6.2814e+01, 3.4165e+00
6.2972e+01, 3.8424e+00
6.3130e+01, 4.3622e+00
6.3288e+01, 5.0052e+00
6.3446e+01, 5.8116e+00
6.3525e+01, 6.2939e+00
6.3604e+01, 6.8427e+00
6.3683e+01, 7.4720e+00
6.3762e+01, 8.1985e+00
6.3841e+01, 9.0433e+00
6.3920e+01, 1.0033e+01
6.3999e+01, 1.1203e+01
6.4078e+01, 1.2600e+01
6.4157e+01, 1.4287e+01
6.4236e+01, 1.6352e+01
6.4275e+01, 1.7563e+01
6.4315e+01, 1.8919e+01
6.4354e+01, 2.0446e+01
6.4394e+01, 2.2175e+01
6.4433e+01, 2.4145e+01
6.4472e+01, 2.6404e+01
6.4512e+01, 2.9016e+01
6.4551e+01, 3.2062e+01
6.4598e+01, 3.6350e+01
6.4621e+01, 3.8850e+01
6.4644e+01, 4.1640e+01
6.4668e+01, 4.4772e+01
6.4691e+01, 4.8308e+01
6.4714e+01, 5.2330e+01
6.4737e+01, 5.6942e+01
6.4760e+01, 6.2279e+01
6.4784e+01, 6.8509e+01
6.4807e+01, 7.5855e+01
6.4830e+01, 8.4606e+01
6.4853e+01, 9.5131e+01
6.4877e+01, 1.0790e+02
6.4900e+01, 1.2350e+02
6.4923e+01, 1.4266e+02
6.4936e+01, 1.5504e+02
6.4949e+01, 1.6891e+02
6.4961e+01, 1.8446e+02
6.4974e+01, 2.0188e+02
6.4987e+01, 2.2139e+02
6.5000e+01, 2.4317e+02
6.5012e+01, 2.6745e+02
6.5025e+01, 2.9443e+02
6.5038e+01, 3.2437e+02
6.5051e+01, 3.5740e+02
6.5076e+01, 4.3355e+02
6.5102e+01, 5.2402e+02
6.5127e+01, 6.2926e+02
6.5160e+01, 7.8368e+02
6.5192e+01, 9.5722e+02
6.5257e+01, 1.3280e+03
6.5285e+01, 1.4733e+03
6.5312e+01, 1.6007e+03
6.5339e+01, 1.7019e+03
6.5366e+01, 1.7700e+03
6.5400e+01, 1.8010e+03
6.5425e+01, 1.7826e+03
6.5451e+01, 1.7300e+03
6.5476e+01, 1.6465e+03
6.5501e+01, 1.5375e+03
6.5531e+01, 1.3896e+03
6.5560e+01, 1.2271e+03
6.5618e+01, 8.9830e+02
6.5640e+01, 7.7879e+02
6.5663e+01, 6.6882e+02
6.5686e+01, 5.6986e+02
6.5709e+01, 4.8256e+02
6.5732e+01, 4.0691e+02
6.5754e+01, 3.4239e+02
6.5777e+01, 2.8810e+02
6.5800e+01, 2.4293e+02
6.5823e+01, 2.0569e+02
6.5846e+01, 1.7517e+02
6.5869e+01, 1.5025e+02
6.5891e+01, 1.2994e+02
6.5914e+01, 1.1335e+02
6.5937e+01, 9.9748e+01
6.5960e+01, 8.8530e+01
6.5983e+01, 7.9208e+01
6.6005e+01, 7.1392e+01
6.6028e+01, 6.4777e+01
6.6051e+01, 5.9126e+01
6.6074e+01, 5.4253e+01
6.6097e+01, 5.0013e+01
6.6119e+01, 4.6295e+01
6.6165e+01, 4.0090e+01
6.6209e+01, 3.5332e+01
6.6252e+01, 3.1417e+01
6.6296e+01, 2.8147e+01
6.6339e+01, 2.5382e+01
6.6383e+01, 2.3018e+01
6.6426e+01, 2.0980e+01
6.6470e+01, 1.9208e+01
6.6513e+01, 1.7657e+01
6.6601e+01, 1.5082e+01
6.6688e+01, 1.3044e+01
6.6775e+01, 1.1403e+01
6.6862e+01, 1.0061e+01
6.6941e+01, 9.0463e+00
6.7019e+01, 8.1832e+00
6.7098e+01, 7.4421e+00
6.7177e+01, 6.8002e+00
6.7256e+01, 6.2398e+00
6.7335e+01, 5.7473e+00
6.7492e+01, 4.9269e+00
6.7650e+01, 4.2762e+00
6.7807e+01, 3.7518e+00
6.7965e+01, 3.3229e+00
6.8123e+01, 2.9678e+00
6.8288e+01, 2.6572e+00
6.8454e+01, 2.3980e+00
6.8620e+01, 2.1775e+00
6.8786e+01, 1.9879e+00
6.8952e+01, 1.8244e+00
6.9118e+01, 1.6828e+00
6.9450e+01, 1.4513e+00
6.9781e+01, 1.2717e+00
7.0113e+01, 1.1301e+00
7.0445e+01, 1.0167e+00
7.0777e+01, 9.2481e-01
7.1042e+01, 8.6364e-01
7.1308e+01, 8.1196e-01
7.1838e+01, 7.2908e-01
7.2369e+01, 6.6726e-01
7.2900e+01, 6.2209e-01
7.3431e+01, 5.9010e-01
7.3962e+01, 5.6908e-01
7.4493e+01, 5.5773e-01
7.5024e+01, 5.5551e-01
7.5554e+01, 5.6249e-01
7.6085e+01, 5.7952e-01
7.6616e+01, 6.0829e-01
7.7147e+01, 6.5181e-01
7.7678e+01, 7.1417e-01
7.7943e+01, 7.5474e-01
7.8209e+01, 8.0425e-01
7.8474e+01, 8.6426e-01
7.8739e+01, 9.3748e-01
7.9005e+01, 1.0278e+00
7.9270e+01, 1.1407e+00
7.9486e+01, 1.2545e+00
7.9702e+01, 1.3937e+00
7.9917e+01, 1.5668e+00
8.0133e+01, 1.7888e+00
8.0241e+01, 1.9241e+00
8.0349e+01, 2.0798e+00
8.0456e+01, 2.2604e+00
8.0564e+01, 2.4715e+00
8.0672e+01, 2.7207e+00
8.0780e+01, 3.0179e+00
8.0888e+01, 3.3762e+00
8.0996e+01, 3.8151e+00
8.1095e+01, 4.3160e+00
8.1195e+01, 4.9420e+00
8.1294e+01, 5.7404e+00
8.1344e+01, 6.2257e+00
8.1394e+01, 6.7840e+00
8.1460e+01, 7.6715e+00
8.1526e+01, 8.7728e+00
8.1593e+01, 1.0170e+01
8.1626e+01, 1.1017e+01
8.1659e+01, 1.1994e+01
8.1692e+01, 1.3133e+01
8.1725e+01, 1.4480e+01
8.1759e+01, 1.6099e+01
8.1792e+01, 1.8086e+01
8.1808e+01, 1.9260e+01
8.1825e+01, 2.0583e+01
8.1842e+01, 2.2084e+01
8.1858e+01, 2.3798e+01
8.1875e+01, 2.5768e+01
8.1891e+01, 2.8044e+01
8.1908e+01, 3.0687e+01
8.1925e+01, 3.3769e+01
8.1939e+01, 3.6898e+01
8.1954e+01, 4.0498e+01
8.1968e+01, 4.4646e+01
8.1983e+01, 4.9425e+01
8.1997e+01, 5.4939e+01
8.2012e+01, 6.1289e+01
8.2026e+01, 6.8601e+01
8.2041e+01, 7.6993e+01
8.2055e+01, 8.6613e+01
8.2070e+01, 9.7590e+01
8.2084e+01, 1.1009e+02
8.2099e+01, 1.2423e+02
8.2113e+01, 1.4020e+02
8.2128e+01, 1.5809e+02
8.2142e+01, 1.7807e+02
8.2157e+01, 2.0022e+02
8.2177e+01, 2.3391e+02
8.2196e+01, 2.7186e+02
8.2216e+01, 3.1407e+02
8.2236e+01, 3.6032e+02
8.2275e+01, 4.6325e+02
8.2314e+01, 5.7506e+02
8.2360e+01, 7.0410e+02
8.2406e+01, 8.1617e+02
8.2433e+01, 8.6834e+02
8.2461e+01, 9.0442e+02
8.2480e+01, 9.1885e+02
8.2500e+01, 9.2358e+02
8.2533e+01, 9.0898e+02
8.2567e+01, 8.6733e+02
8.2605e+01, 7.9092e+02
8.2643e+01, 6.9306e+02
8.2704e+01, 5.2153e+02
8.2734e+01, 4.3779e+02
8.2764e+01, 3.6031e+02
8.2794e+01, 2.9133e+02
8.2824e+01, 2.3209e+02
8.2839e+01, 2.0620e+02
8.2855e+01, 1.8276e+02
8.2870e+01, 1.6168e+02
8.2885e+01, 1.4285e+02
8.2900e+01, 1.2611e+02
8.2915e+01, 1.1133e+02
8.2930e+01, 9.8334e+01
8.2945e+01, 8.6976e+01
8.2960e+01, 7.7073e+01
8.2975e+01, 6.8480e+01
8.2990e+01, 6.1033e+01
8.3005e+01, 5.4603e+01
8.3020e+01, 4.9288e+01
8.3034e+01, 4.4674e+01
8.3049e+01, 4.0669e+01
8.3063e+01, 3.7190e+01
8.3077e+01, 3.4164e+01
8.3092e+01, 3.1527e+01
8.3121e+01, 2.7206e+01
8.3149e+01, 2.3864e+01
8.3178e+01, 2.1237e+01
8.3207e+01, 1.9137e+01
8.3236e+01, 1.7427e+01
8.3265e+01, 1.6012e+01
8.3293e+01, 1.4823e+01
8.3322e+01, 1.3813e+01
8.3351e+01, 1.2944e+01
8.3409e+01, 1.1537e+01
8.3466e+01, 1.0460e+01
8.3527e+01, 9.5897e+00
8.3587e+01, 8.9223e+00
8.3647e+01, 8.4143e+00
8.3708e+01, 8.0366e+00
8.3768e+01, 7.7694e+00
8.3828e+01, 7.5996e+00
8.3889e+01, 7.5189e+00
8.3949e+01, 7.5231e+00
8.4037e+01, 7.6806e+00
8.4124e+01, 8.0284e+00
8.4212e+01, 8.5956e+00
8.4300e+01, 9.4359e+00
8.4344e+01, 9.9853e+00
8.4388e+01, 1.0642e+01
8.4432e+01, 1.1428e+01
8.4476e+01, 1.2375e+01
8.4519e+01, 1.3523e+01
8.4563e+01, 1.4933e+01
8.4607e+01, 1.6696e+01
8.4629e+01, 1.7752e+01
8.4651e+01, 1.8955e+01
8.4669e+01, 2.0063e+01
8.4687e+01, 2.1311e+01
8.4705e+01, 2.2725e+01
8.4722e+01, 2.4339e+01
8.4740e+01, 2.6193e+01
8.4758e+01, 2.8337e+01
8.4776e+01, 3.0830e+01
8.4794e+01, 3.3747e+01
8.4812e+01, 3.7177e+01
8.4829e+01, 4.1225e+01
8.4847e+01, 4.6016e+01
8.4865e+01, 5.1699e+01
8.4883e+01, 5.8441e+01
8.4901e+01, 6.6437e+01
8.4919e+01, 7.5902e+01
8.4936e+01, 8.7069e+01
8.4947e+01, 9.4393e+01
8.4957e+01, 1.0242e+02
8.4967e+01, 1.1121e+02
8.4978e+01, 1.2080e+02
8.4988e+01, 1.3126e+02
8.4998e+01, 1.4263e+02
8.5019e+01, 1.6833e+02
8.5039e+01, 1.9826e+02
8.5060e+01, 2.3273e+02
8.5080e+01, 2.7194e+02
8.5101e+01, 3.1593e+02
8.5131e+01, 3.8879e+02
8.5161e+01, 4.7040e+02
8.5222e+01, 6.4932e+02
8.5263e+01, 7.6987e+02
8.5304e+01, 8.7441e+02
8.5334e+01, 9.3391e+02
8.5365e+01, 9.7298e+02
8.5400e+01, 9.8882e+02
8.5406e+01, 9.8830e+02
8.5427e+01, 9.7910e+02
8.5447e+01, 9.5877e+02
8.5468e+01, 9.2804e+02
8.5489e+01, 8.8806e+02
8.5535e+01, 7.7275e+02
8.5582e+01, 6.3678e+02
8.5624e+01, 5.1079e+02
8.5666e+01, 3.9424e+02
8.5687e+01, 3.4190e+02
8.5708e+01, 2.9429e+02
8.5729e+01, 2.5163e+02
8.5751e+01, 2.1397e+02
8.5770e+01, 1.8423e+02
8.5788e+01, 1.5824e+02
8.5807e+01, 1.3573e+02
8.5826e+01, 1.1640e+02
8.5845e+01, 9.9917e+01
8.5864e+01, 8.5963e+01
8.5883e+01, 7.4209e+01
8.5902e+01, 6.4350e+01
8.5921e+01, 5.6101e+01
8.5940e+01, 4.9217e+01
8.5959e+01, 4.3470e+01
8.5978e+01, 3.8667e+01
8.5997e+01, 3.4640e+01
8.6016e+01, 3.1254e+01
8.6035e+01, 2.8391e+01
8.6054e+01, 2.5954e+01
8.6073e+01, 2.3865e+01
8.6092e+01, 2.2063e+01
8.6130e+01, 1.9119e+01
8.6168e+01, 1.6824e+01
8.6206e+01, 1.4983e+01
8.6244e+01, 1.3473e+01
8.6282e+01, 1.2210e+01
8.6320e+01, 1.1138e+01
8.6358e+01, 1.0217e+01
8.6396e+01, 9.4168e+00
8.6434e+01, 8.7168e+00
8.6510e+01, 7.5523e+00
8.6586e+01, 6.6269e+00
8.6662e+01, 5.8779e+00
8.6738e+01, 5.2624e+00
8.6814e+01, 4.7500e+00
8.6889e+01, 4.3188e+00
8.6965e+01, 3.9521e+00
8.7041e+01, 3.6373e+00
8.7117e+01, 3.3648e+00
8.7269e+01, 2.9191e+00
8.7421e+01, 2.5737e+00
8.7573e+01, 2.3021e+00
8.7725e+01, 2.0862e+00
8.7877e+01, 1.9137e+00
8.8079e+01, 1.7373e+00
8.8281e+01, 1.6117e+00
8.8484e+01, 1.5332e+00
8.8585e+01, 1.5130e+00
8.8686e+01, 1.5082e+00
8.8775e+01, 1.5199e+00
8.8864e+01, 1.5520e+00
8.8952e+01, 1.6149e+00
8.8996e+01, 1.6643e+00
8.9041e+01, 1.7324e+00
8.9085e+01, 1.8288e+00
8.9129e+01, 1.9704e+00
8.9152e+01, 2.0665e+00
8.9174e+01, 2.1862e+00
8.9196e+01, 2.3363e+00
8.9218e+01, 2.5254e+00
8.9240e+01, 2.7646e+00
8.9262e+01, 3.0671e+00
8.9284e+01, 3.4491e+00
8.9307e+01, 3.9293e+00
8.9329e+01, 4.5301e+00
8.9351e+01, 5.2752e+00
8.9373e+01, 6.1915e+00
8.9395e+01, 7.3050e+00
8.9409e+01, 8.1053e+00
8.9423e+01, 8.9973e+00
8.9436e+01, 9.9863e+00
8.9450e+01, 1.1077e+01
8.9477e+01, 1.3575e+01
8.9505e+01, 1.6501e+01
8.9532e+01, 1.9840e+01
8.9560e+01, 2.3540e+01
8.9614e+01, 3.1628e+01
8.9661e+01, 3.8457e+01
8.9707e+01, 4.4306e+01
8.9728e+01, 4.6388e+01
8.9749e+01, 4.8000e+01
8.9773e+01, 4.9162e+01
8.9796e+01, 4.9633e+01
8.9800e+01, 4.9643e+01
8.9811e+01, 4.9563e+01
8.9821e+01, 4.9337e+01
8.9853e+01, 4.7792e+01
8.9885e+01, 4.5069e+01
8.9929e+01, 3.9702e+01
8.9974e+01, 3.3261e+01
9.0022e+01, 2.6113e+01
9.0070e+01, 1.9532e+01
9.0094e+01, 1.6632e+01
9.0118e+01, 1.4044e+01
9.0141e+01, 1.1781e+01
9.0165e+01, 9.8407e+00
9.0180e+01, 8.7704e+00
9.0196e+01, 7.8165e+00
9.0211e+01, 6.9718e+00
9.0226e+01, 6.2288e+00
9.0241e+01, 5.5779e+00
9.0256e+01, 5.0116e+00
9.0271e+01, 4.5204e+00
9.0287e+01, 4.0970e+00
9.0302e+01, 3.7328e+00
9.0317e+01, 3.4210e+00
9.0332e+01, 3.1546e+00
9.0347e+01, 2.9278e+00
9.0362e+01, 2.7348e+00
9.0377e+01, 2.5709e+00
9.0408e+01, 2.3136e+00
9.0438e+01, 2.1280e+00
9.0468e+01, 1.9939e+00
9.0499e+01, 1.8968e+00
9.0529e+01, 1.8265e+00
9.0589e+01, 1.7419e+00
9.0650e+01, 1.7103e+00
9.0714e+01, 1.7246e+00
9.0778e+01, 1.7956e+00
9.0809e+01, 1.8611e+00
9.0841e+01, 1.9559e+00
9.0873e+01, 2.0916e+00
9.0905e+01, 2.2849e+00
9.0937e+01, 2.5596e+00
9.0953e+01, 2.7372e+00
9.0969e+01, 2.9479e+00
9.0985e+01, 3.1974e+00
9.1001e+01, 3.4918e+00
9.1017e+01, 3.8378e+00
9.1033e+01, 4.2430e+00
9.1049e+01, 4.7155e+00
9.1065e+01, 5.2629e+00
9.1080e+01, 5.8938e+00
9.1096e+01, 6.6165e+00
9.1112e+01, 7.4396e+00
9.1128e+01, 8.3693e+00
9.1144e+01, 9.4125e+00
9.1160e+01, 1.0574e+01
9.1183e+01, 1.2405e+01
9.1205e+01, 1.4473e+01
9.1227e+01, 1.6769e+01
9.1249e+01, 1.9270e+01
9.1294e+01, 2.4725e+01
9.1339e+01, 3.0384e+01
9.1380e+01, 3.5268e+01
9.1422e+01, 3.9217e+01
9.1454e+01, 4.1295e+01
9.1477e+01, 4.2170e+01
9.1500e+01, 4.2459e+01
9.1525e+01, 4.2095e+01
9.1547e+01, 4.1221e+01
9.1569e+01, 3.9865e+01
9.1608e+01, 3.6440e+01
9.1647e+01, 3.2068e+01
9.1718e+01, 2.3185e+01
9.1753e+01, 1.8937e+01
9.1788e+01, 1.5121e+01
9.1815e+01, 1.2617e+01
9.1842e+01, 1.0448e+01
9.1868e+01, 8.6105e+00
9.1895e+01, 7.0885e+00
9.1908e+01, 6.4365e+00
9.1921e+01, 5.8517e+00
9.1934e+01, 5.3295e+00
9.1948e+01, 4.8655e+00
9.1961e+01, 4.4541e+00
9.1974e+01, 4.0910e+00
9.1987e+01, 3.7716e+00
9.2001e+01, 3.4916e+00
9.2027e+01, 3.0326e+00
9.2054e+01, 2.6843e+00
9.2080e+01, 2.4212e+00
9.2107e+01, 2.2230e+00
9.2133e+01, 2.0734e+00
9.2160e+01, 1.9599e+00
9.2186e+01, 1.8731e+00
9.2213e+01, 1.8062e+00
9.2270e+01, 1.7083e+00
9.2326e+01, 1.6490e+00
9.2439e+01, 1.5929e+00
9.2517e+01, 1.5834e+00
9.2595e+01, 1.5900e+00
9.2751e+01, 1.6407e+00
9.2906e+01, 1.7339e+00
9.3062e+01, 1.8694e+00
9.3218e+01, 2.0533e+00
9.3373e+01, 2.2985e+00
9.3529e+01, 2.6264e+00
9.3607e+01, 2.8316e+00
9.3685e+01, 3.0719e+00
9.3777e+01, 3.4128e+00
9.3869e+01, 3.8334e+00
9.3961e+01, 4.3612e+00
9.4053e+01, 5.0376e+00
9.4099e+01, 5.4505e+00
9.4145e+01, 5.9272e+00
9.4191e+01, 6.4830e+00
9.4237e+01, 7.1374e+00
9.4283e+01, 7.9189e+00
9.4329e+01, 8.8677e+00
9.4375e+01, 1.0047e+01
9.4398e+01, 1.0752e+01
9.4421e+01, 1.1556e+01
9.4445e+01, 1.2561e+01
9.4470e+01, 1.3746e+01
9.4483e+01, 1.4422e+01
9.4495e+01, 1.5163e+01
9.4507e+01, 1.5978e+01
9.4520e+01, 1.6878e+01
9.4532e+01, 1.7876e+01
9.4545e+01, 1.8982e+01
9.4557e+01, 2.0214e+01
9.4569e+01, 2.1589e+01
9.4582e+01, 2.3127e+01
9.4594e+01, 2.4849e+01
9.4606e+01, 2.6781e+01
9.4619e+01, 2.8951e+01
9.4629e+01, 3.0842e+01
9.4638e+01, 3.2916e+01
9.4648e+01, 3.5189e+01
9.4658e+01, 3.7681e+01
9.4667e+01, 4.0412e+01
9.4677e+01, 4.3402e+01
9.4687e+01, 4.6675e+01
9.4697e+01, 5.0255e+01
9.4706e+01, 5.4165e+01
9.4716e+01, 5.8433e+01
9.4726e+01, 6.3085e+01
9.4736e+01, 6.8147e+01
9.4745e+01, 7.3649e+01
9.4755e+01, 7.9618e+01
9.4775e+01, 9.3064e+01
9.4794e+01, 1.0872e+02
9.4813e+01, 1.2678e+02
9.4833e+01, 1.4743e+02
9.4852e+01, 1.7078e+02
9.4872e+01, 1.9693e+02
9.4891e+01, 2.2588e+02
9.4911e+01, 2.5751e+02
9.4930e+01, 2.9164e+02
9.4955e+01, 3.3822e+02
9.4980e+01, 3.8743e+02
9.5029e+01, 4.8861e+02
9.5065e+01, 5.5733e+02
9.5100e+01, 6.1716e+02
9.5139e+01, 6.6685e+02
9.5178e+01, 6.9386e+02
9.5200e+01, 6.9778e+02
9.5205e+01, 6.9749e+02
9.5223e+01, 6.9300e+02
9.5241e+01, 6.8322e+02
9.5276e+01, 6.4885e+02
9.5321e+01, 5.8117e+02
9.5366e+01, 4.9591e+02
9.5444e+01, 3.3850e+02
9.5483e+01, 2.6692e+02
9.5503e+01, 2.3459e+02
9.5522e+01, 2.0493e+02
9.5540e+01, 1.8072e+02
9.5557e+01, 1.5876e+02
9.5575e+01, 1.3900e+02
9.5592e+01, 1.2138e+02
9.5610e+01, 1.0577e+02
9.5627e+01, 9.2068e+01
9.5644e+01, 8.0101e+01
9.5662e+01, 6.9727e+01
9.5679e+01, 6.0773e+01
9.5697e+01, 5.3090e+01
9.5714e+01, 4.6518e+01
9.5732e+01, 4.0921e+01
9.5749e+01, 3.6160e+01
9.5766e+01, 3.2121e+01
9.5784e+01, 2.8694e+01
9.5801e+01, 2.5784e+01
9.5819e+01, 2.3310e+01
9.5836e+01, 2.1202e+01
9.5854e+01, 1.9399e+01
9.5871e+01, 1.7851e+01
9.5888e+01, 1.6515e+01
9.5906e+01, 1.5355e+01
9.5941e+01, 1.3453e+01
9.5976e+01, 1.1966e+01
9.6011e+01, 1.0775e+01
9.6045e+01, 9.8003e+00
9.6080e+01, 8.9868e+00
9.6115e+01, 8.2976e+00
9.6150e+01, 7.7063e+00
9.6220e+01, 6.7466e+00
9.6289e+01, 6.0059e+00
9.6359e+01, 5.4232e+00
9.6413e+01, 5.0587e+00
9.6466e+01, 4.7503e+00
9.6573e+01, 4.2657e+00
9.6679e+01, 3.9145e+00
9.6786e+01, 3.6623e+00
9.6893e+01, 3.4873e+00
9.6999e+01, 3.3759e+00
9.7106e+01, 3.3195e+00
9.7212e+01, 3.3131e+00
9.7311e+01, 3.3496e+00
9.7409e+01, 3.4272e+00
9.7508e+01, 3.5481e+00
9.7606e+01, 3.7165e+00
9.7705e+01, 3.9387e+00
9.7803e+01, 4.2243e+00
9.7902e+01, 4.5867e+00
9.8000e+01, 5.0458e+00
9.8090e+01, 5.5759e+00
9.8181e+01, 6.2432e+00
9.8271e+01, 7.0932e+00
9.8361e+01, 8.1941e+00
9.8406e+01, 8.8700e+00
9.8451e+01, 9.6530e+00
9.8496e+01, 1.0568e+01
9.8542e+01, 1.1650e+01
9.8587e+01, 1.2944e+01
9.8632e+01, 1.4520e+01
9.8677e+01, 1.6480e+01
9.8722e+01, 1.8984e+01
9.8745e+01, 2.0515e+01
9.8767e+01, 2.2288e+01
9.8790e+01, 2.4357e+01
9.8812e+01, 2.6796e+01
9.8835e+01, 2.9693e+01
9.8858e+01, 3.3157e+01
9.8880e+01, 3.7323e+01
9.8903e+01, 4.2358e+01
9.8925e+01, 4.8461e+01
9.8948e+01, 5.5860e+01
9.8970e+01, 6.4824e+01
9.8993e+01, 7.5656e+01
9.9015e+01, 8.8689e+01
9.9038e+01, 1.0428e+02
9.9061e+01, 1.2278e+02
9.9083e+01, 1.4456e+02
9.9106e+01, 1.6994e+02
9.9128e+01, 1.9916e+02
9.9151e+01, 2.3243e+02
9.9173e+01, 2.6978e+02
9.9196e+01, 3.1114e+02
9.9218e+01, 3.5619e+02
9.9264e+01, 4.5528e+02
9.9321e+01, 5.8929e+02
9.9378e+01, 7.1315e+02
9.9425e+01, 7.9028e+02
9.9449e+01, 8.1687e+02
9.9472e+01, 8.3400e+02
9.9500e+01, 8.4117e+02
9.9542e+01, 8.2428e+02
9.9584e+01, 7.7645e+02
9.9632e+01, 6.9005e+02
9.9681e+01, 5.8307e+02
9.9757e+01, 4.0692e+02
9.9795e+01, 3.2699e+02
9.9834e+01, 2.5713e+02
9.9854e+01, 2.2380e+02
9.9875e+01, 1.9395e+02
9.9896e+01, 1.6750e+02
9.9917e+01, 1.4430e+02
9.9938e+01, 1.2413e+02
9.9958e+01, 1.0677e+02
9.9979e+01, 9.1917e+01
1.0000e+02, 7.9299e+01
1.0001e+02, 7.2077e+01
1.0003e+02, 6.5625e+01
1.0004e+02, 5.9871e+01
1.0005e+02, 5.4779e+01
1.0007e+02, 5.0210e+01
1.0008e+02, 4.6145e+01
1.0011e+02, 3.9329e+01
1.0014e+02, 3.3894e+01
1.0016e+02, 2.9569e+01
1.0019e+02, 2.6074e+01
1.0022e+02, 2.3241e+01
1.0025e+02, 2.0899e+01
1.0027e+02, 1.8954e+01
1.0030e+02, 1.7304e+01
1.0033e+02, 1.5900e+01
1.0036e+02, 1.4680e+01
1.0038e+02, 1.3620e+01
1.0044e+02, 1.1854e+01
1.0047e+02, 1.0911e+01
1.0051e+02, 1.0087e+01
1.0058e+02, 8.7192e+00
1.0065e+02, 7.6312e+00
1.0072e+02, 6.7488e+00
1.0079e+02, 6.0220e+00
1.0086e+02, 5.4153e+00
1.0093e+02, 4.9031e+00
1.0100e+02, 4.4665e+00
1.0112e+02, 3.8333e+00
1.0125e+02, 3.3385e+00
1.0131e+02, 3.1355e+00
1.0138e+02, 2.9688e+00
1.0144e+02, 2.8629e+00
1.0147e+02, 2.8498e+00
1.0150e+02, 2.8792e+00
1.0153e+02, 2.9697e+00
1.0156e+02, 3.1451e+00
1.0158e+02, 3.2752e+00
1.0159e+02, 3.4381e+00
1.0161e+02, 3.6396e+00
1.0162e+02, 3.8851e+00
1.0164e+02, 4.1826e+00
1.0166e+02, 4.5344e+00
1.0167e+02, 4.9486e+00
1.0169e+02, 5.4317e+00
1.0170e+02, 5.9940e+00
1.0172e+02, 6.6346e+00
1.0173e+02, 7.3631e+00
1.0175e+02, 8.1848e+00
1.0177e+02, 9.1110e+00
1.0178e+02, 1.0134e+01
1.0181e+02, 1.2498e+01
1.0184e+02, 1.5301e+01
1.0188e+02, 1.8511e+01
1.0191e+02, 2.2108e+01
1.0194e+02, 2.6004e+01
1.0200e+02, 3.4352e+01
1.0200e+02, 6.6745e+01
1.1350e+02, 6.1839e+01
1.2500e+02, 5.7718e+01
1.3750e+02, 5.3863e+01
1.5000e+02, 5.0569e+01
1.7000e+02, 4.6128e+01
2.0000e+02, 4.0881e+01
2.2500e+02, 3.7446e+01
2.5000e+02, 3.4618e+01
2.7500e+02, 3.2211e+01
3.0000e+02, 3.0159e+01
3.5000e+02, 2.6824e+01
4.0000e+02, 2.4211e+01
4.5000e+02, 2.2105e+01
5.0000e+02, 2.0378e+01
5.5000e+02, 1.8919e+01
6.0000e+02, 1.7678e+01
6.6000e+02, 1.6405e+01
7.2000e+02, 1.5323e+01
8.0000e+02, 1.4098e+01
9.0000e+02, 1.2841e+01
1.0000e+03, 1.1811e+01
1.1250e+03, 1.0753e+01
1.2500e+03, 9.8865e+00
1.3750e+03, 9.1581e+00
1.5000e+03, 8.5401e+00
1.7000e+03, 7.7340e+00
2.0000e+03, 6.7992e+00
2.2500e+03, 6.1869e+00
2.5000e+03, 5.6861e+00
2.7500e+03, 5.2684e+00
3.0000e+03, 4.9139e+00
3.5000e+03, 4.3477e+00
4.0000e+03, 3.9124e+00
4.5000e+03, 3.5691e+00
5.0000e+03, 3.2875e+00
5.5000e+03, 3.0560e+00
6.0000e+03, 2.8589e+00
7.0000e+03, 2.5476e+00
8.0000e+03, 2.3094e+00
9.0000e+03, 2.1231e+00
1.0000e+04, 1.9693e+00
1.1250e+04, 1.8170e+00
1.2500e+04, 1.6907e+00
1.5000e+04, 1.5005e+00
1.7000e+04, 1.3865e+00
2.0000e+04, 1.2556e+00
2.2500e+04, 1.1722e+00
2.5000e+04, 1.1022e+00
3.0000e+04, 9.9563e-01
3.5000e+04, 9.1490e-01
4.0000e+04, 8.5183e-01
5.0000e+04, 7.6132e-01
6.0000e+04, 6.9756e-01
7.0000e+04, 6.5010e-01
8.0000e+04, 6.1350e-01
9.1726e+04, 5.6134e-01
9.2760e+04, 5.5726e-01
9.3794e+04, 5.5326e-01
9.5863e+04, 5.4548e-01
1.0000e+05, 5.3071e-01
1.0000e+05, 5.3085e-01
1.1432e+05, 4.9792e-01
1.2035e+05, 4.8583e-01
1.2637e+05, 4.7461e-01
1.3240e+05, 4.6415e-01
1.3842e+05, 4.5437e-01
1.4445e+05, 4.4520e-01
1.5000e+05, 4.3724e-01
1.5048e+05, 4.3675e-01
1.5650e+05, 4.3079e-01
1.6253e+05, 4.2513e-01
1.6856e+05, 4.1974e-01
1.7458e+05, 4.1461e-01
1.8061e+05, 4.0972e-01
1.8664e+05, 4.0504e-01
1.9266e+05, 4.0055e-01
1.9869e+05, 3.9626e-01
2.0000e+05, 3.9535e-01
2.0471e+05, 3.9281e-01
2.1074e+05, 3.8967e-01
2.1677e+05, 3.8664e-01
2.2279e+05, 3.8372e-01
2.2882e+05, 3.8090e-01
2.3484e+05, 3.7817e-01
2.4087e+05, 3.7553e-01
2.4690e+05, 3.7297e-01
2.5000e+05, 3.7169e-01
2.5292e+05, 3.7071e-01
2.5895e+05, 3.6873e-01
2.6498e+05, 3.6681e-01
2.7100e+05, 3.6494e-01
2.7703e+05, 3.6312e-01
2.8306e+05, 3.6135e-01
2.8908e+05, 3.5963e-01
2.9511e+05, 3.5795e-01
3.0000e+05, 3.5662e-01
3.0113e+05, 3.5641e-01
3.0716e+05, 3.5531e-01
3.1319e+05, 3.5424e-01
3.1921e+05, 3.5319e-01
3.2524e+05, 3.5217e-01
3.3126e+05, 3.5117e-01
3.3729e+05, 3.5019e-01
3.4332e+05, 3.4923e-01
3.4934e+05, 3.4828e-01
3.5537e+05, 3.4736e-01
3.6140e+05, 3.4645e-01
3.6742e+05, 3.4557e-01
3.7345e+05, 3.4469e-01
3.7948e+05, 3.4384e-01
3.8550e+05, 3.4300e-01
3.9153e+05, 3.4217e-01
3.9755e+05, 3.4136e-01
4.0358e+05, 3.4057e-01
4.0961e+05, 3.3978e-01
4.1332e+05, 3.3931e-01
4.1563e+05, 3.3899e-01
4.2166e+05, 3.3819e-01
4.2768e+05, 3.3740e-01
4.3371e+05, 3.3661e-01
4.3974e+05, 3.3585e-01
4.4576e+05, 3.3509e-01
4.5179e+05, 3.3435e-01
4.5782e+05, 3.3362e-01
4.6384e+05, 3.3289e-01
4.6987e+05, 3.3218e-01
4.7590e+05, 3.3148e-01
4.8192e+05, 3.3080e-01
4.8795e+05, 3.3012e-01
4.9266e+05, 3.2959e-01
4.9397e+05, 3.2893e-01
5.0000e+05, 3.2593e-01
5.1732e+05, 3.2360e-01
5.3465e+05, 3.2136e-01
5.4402e+05, 3.2037e-01
5.5340e+05, 3.1940e-01
5.7215e+05, 3.1752e-01
5.9090e+05, 3.1570e-01
6.0966e+05, 3.1396e-01
6.4716e+05, 3.1065e-01
6.8467e+05, 3.0755e-01
6.9051e+05, 3.0310e-01
7.0000e+05, 2.9984e-01
7.0481e+05, 2.9873e-01
7.1671e+05, 2.9529e-01
7.2860e+05, 2.9194e-01
7.5240e+05, 2.8552e-01
8.0000e+05, 2.7366e-01
8.5000e+05, 2.5911e-01
9.0000e+05, 2.4610e-01
9.5000e+05, 2.3234e-01
1.0000e+06, 2.2000e-01
1.0625e+06, 2.0236e-01
1.1250e+06, 1.8703e-01
1.2500e+06, 1.6174e-01
1.3750e+06, 1.3915e-01
1.5000e+06, 1.2129e-01
1.6250e+06, 1.0563e-01
1.7500e+06, 9.2940e-02
1.8750e+06, 8.1980e-02
2.0000e+06, 7.2902e-02
2.0156e+06, 7.1584e-02
2.0312e+06, 7.0300e-02
2.0469e+06, 6.9048e-02
2.0625e+06, 6.7828e-02
2.0781e+06, 6.6638e-02
2.0938e+06, 6.5478e-02
2.1094e+06, 6.4347e-02
2.1250e+06, 6.3243e-02
2.1406e+06, 6.2167e-02
2.1562e+06, 6.1116e-02
2.1719e+06, 6.0090e-02
2.1875e+06, 5.9088e-02
2.2031e+06, 5.8111e-02
2.2188e+06, 5.7156e-02
2.2344e+06, 5.6223e-02
2.2500e+06, 5.5312e-02
2.2656e+06, 5.4422e-02
2.2812e+06, 5.3552e-02
2.2969e+06, 5.2702e-02
2.3125e+06, 5.1871e-02
2.3281e+06, 5.1059e-02
2.3438e+06, 5.0264e-02
2.3594e+06, 4.9488e-02
2.3750e+06, 4.8728e-02
2.3906e+06, 4.7984e-02
2.4062e+06, 4.7257e-02
2.4219e+06, 4.6545e-02
2.4375e+06, 4.5849e-02
2.4531e+06, 4.5167e-02
2.4688e+06, 4.4500e-02
2.4844e+06, 4.3847e-02
2.5000e+06, 4.3207e-02
2.5156e+06, 4.2580e-02
2.5312e+06, 4.1967e-02
2.5469e+06, 4.1366e-02
2.5625e+06, 4.0777e-02
2.5781e+06, 4.0200e-02
2.5938e+06, 3.9634e-02
2.6094e+06, 3.9080e-02
2.6250e+06, 3.8537e-02
2.6406e+06, 3.8005e-02
2.6562e+06, 3.7483e-02
2.6719e+06, 3.6971e-02
2.6875e+06, 3.6469e-02
2.7031e+06, 3.5977e-02
2.7188e+06, 3.5494e-02
2.7344e+06, 3.5020e-02
2.7500e+06, 3.4556e-02
2.7656e+06, 3.4100e-02
2.7812e+06, 3.3652e-02
2.7969e+06, 3.3213e-02
2.8125e+06, 3.2782e-02
2.8281e+06, 3.2359e-02
2.8438e+06, 3.1944e-02
2.8594e+06, 3.1536e-02
2.8750e+06, 3.1136e-02
2.8906e+06, 3.0743e-02
2.9062e+06, 3.0357e-02
2.9219e+06, 2.9977e-02
2.9375e+06, 2.9605e-02
2.9531e+06, 2.9239e-02
2.9688e+06, 2.8880e-02
2.9844e+06, 2.8526e-02
3.0000e+06, 2.8179e-02
3.0152e+06, 2.7699e-02
3.0305e+06, 2.7230e-02
3.0457e+06, 2.6771e-02
3.0609e+06, 2.6322e-02
3.0761e+06, 2.5883e-02
3.0914e+06, 2.5453e-02
3.1066e+06, 2.5032e-02
3.1218e+06, 2.4620e-02
3.1355e+06, 2.4257e-02
3.1493e+06, 2.3900e-02
3.1630e+06, 2.3550e-02
3.1767e+06, 2.3207e-02
3.1904e+06, 2.2870e-02
3.2041e+06, 2.2540e-02
3.2179e+06, 2.2215e-02
3.2316e+06, 2.1897e-02
3.2453e+06, 2.1584e-02
3.2590e+06, 2.1278e-02
3.2727e+06, 2.0977e-02
3.2865e+06, 2.0681e-02
3.3002e+06, 2.0391e-02
3.3139e+06, 2.0106e-02
3.3276e+06, 1.9826e-02
3.3414e+06, 1.9551e-02
3.3551e+06, 1.9281e-02
3.3688e+06, 1.9016e-02
3.3825e+06, 1.8756e-02
3.3962e+06, 1.8500e-02
3.4100e+06, 1.8248e-02
3.4237e+06, 1.8002e-02
3.4374e+06, 1.7759e-02
3.4511e+06, 1.7521e-02
3.4648e+06, 1.7286e-02
3.4786e+06, 1.7056e-02
3.4923e+06, 1.6830e-02
3.5060e+06, 1.6607e-02
3.5197e+06, 1.6389e-02
3.5335e+06, 1.6174e-02
3.5472e+06, 1.5963e-02
3.5609e+06, 1.5755e-02
3.5746e+06, 1.5551e-02
3.5883e+06, 1.5350e-02
3.6021e+06, 1.5152e-02
3.6158e+06, 1.4958e-02
3.6295e+06, 1.4767e-02
3.6432e+06, 1.4579e-02
3.6569e+06, 1.4395e-02
3.6707e+06, 1.4213e-02
3.6844e+06, 1.4034e-02
3.6981e+06, 1.3858e-02
3.7118e+06, 1.3685e-02
3.7256e+06, 1.3515e-02
3.7393e+06, 1.3348e-02
3.7530e+06, 1.3183e-02
3.7667e+06, 1.3021e-02
3.7804e+06, 1.2861e-02
3.7942e+06, 1.2704e-02
3.8079e+06, 1.2549e-02
3.8216e+06, 1.2397e-02
3.8353e+06, 1.2247e-02
3.8491e+06, 1.2100e-02
3.8628e+06, 1.1955e-02
3.8765e+06, 1.1812e-02
3.8902e+06, 1.1671e-02
3.9039e+06, 1.1532e-02
3.9177e+06, 1.1396e-02
3.9314e+06, 1.1261e-02
3.9451e+06, 1.1129e-02
3.9588e+06, 1.0999e-02
3.9726e+06, 1.0870e-02
3.9863e+06, 1.0744e-02
4.0000e+06, 1.0620e-02
4.0161e+06, 1.0424e-02
4.0322e+06, 1.0233e-02
4.0483e+06, 1.0047e-02
4.0644e+06, 9.8643e-03
4.0805e+06, 9.6857e-03
4.0966e+06, 9.5111e-03
4.1127e+06, 9.3403e-03
4.1288e+06, 9.1733e-03
4.1449e+06, 9.0098e-03
4.1610e+06, 8.8499e-03
4.1771e+06, 8.6934e-03
4.1932e+06, 8.5403e-03
4.2093e+06, 8.3904e-03
4.2254e+06, 8.2437e-03
4.2415e+06, 8.1002e-03
4.2576e+06, 7.9596e-03
4.2737e+06, 7.8221e-03
4.2898e+06, 7.6874e-03
4.3059e+06, 7.5555e-03
4.3220e+06, 7.4264e-03
4.3381e+06, 7.2999e-03
4.3542e+06, 7.1760e-03
4.3703e+06, 7.0547e-03
4.3864e+06, 6.9359e-03
4.4025e+06, 6.8195e-03
4.4186e+06, 6.7055e-03
4.4347e+06, 6.5937e-03
4.4508e+06, 6.4843e-03
4.4670e+06, 6.3770e-03
4.4831e+06, 6.2719e-03
4.4992e+06, 6.1689e-03
4.5153e+06, 6.0679e-03
4.5304e+06, 5.9748e-03
4.5456e+06, 5.8833e-03
4.5607e+06, 5.7936e-03
4.5758e+06, 5.7056e-03
4.5910e+06, 5.6191e-03
4.6061e+06, 5.5343e-03
4.6213e+06, 5.4510e-03
4.6364e+06, 5.3692e-03
4.6516e+06, 5.2889e-03
4.6667e+06, 5.2101e-03
4.6819e+06, 5.1327e-03
4.6970e+06, 5.0567e-03
4.7122e+06, 4.9820e-03
4.7273e+06, 4.9087e-03
4.7425e+06, 4.8367e-03
4.7576e+06, 4.7660e-03
4.7728e+06, 4.6965e-03
4.7879e+06, 4.6283e-03
4.8031e+06, 4.5612e-03
4.8182e+06, 4.4954e-03
4.8334e+06, 4.4307e-03
4.8485e+06, 4.3671e-03
4.8637e+06, 4.3046e-03
4.8788e+06, 4.2432e-03
4.8940e+06, 4.1829e-03
4.9091e+06, 4.1236e-03
4.9243e+06, 4.0653e-03
4.9394e+06, 4.0081e-03
4.9546e+06, 3.9518e-03
4.9697e+06, 3.8964e-03
4.9848e+06, 3.8420e-03
5.0000e+06, 3.7886e-03
5.0140e+06, 3.7290e-03
5.0280e+06, 3.6706e-03
5.0420e+06, 3.6132e-03
5.0560e+06, 3.5569e-03
5.0700e+06, 3.5016e-03
5.0840e+06, 3.4473e-03
5.0979e+06, 3.3941e-03
5.1119e+06, 3.3417e-03
5.1259e+06, 3.2903e-03
5.1399e+06, 3.2399e-03
5.1539e+06, 3.1903e-03
5.1679e+06, 3.1417e-03
5.1819e+06, 3.0939e-03
5.1959e+06, 3.0470e-03
5.2099e+06, 3.0009e-03
5.2239e+06, 2.9556e-03
5.2379e+06, 2.9111e-03
5.2519e+06, 2.8674e-03
5.2659e+06, 2.8245e-03
5.2799e+06, 2.7823e-03
5.2939e+06, 2.7409e-03
5.3079e+06, 2.7002e-03
5.3218e+06, 2.6602e-03
5.3358e+06, 2.6209e-03
5.3498e+06, 2.5822e-03
5.3638e+06, 2.5443e-03
5.3778e+06, 2.5070e-03
5.3918e+06, 2.4703e-03
5.4058e+06, 2.4343e-03
5.4198e+06, 2.3989e-03
5.4338e+06, 2.3641e-03
5.4478e+06, 2.3299e-03
5.4650e+06, 2.2885e-03
5.4823e+06, 2.2480e-03
5.4996e+06, 2.2083e-03
5.5168e+06, 2.1694e-03
5.5341e+06, 2.1313e-03
5.5513e+06, 2.0940e-03
5.5686e+06, 2.0575e-03
5.5858e+06, 2.0218e-03
5.6031e+06, 1.9867e-03
5.6204e+06, 1.9524e-03
5.6376e+06, 1.9188e-03
5.6549e+06, 1.8858e-03
5.6721e+06, 1.8535e-03
5.6894e+06, 1.8219e-03
5.7066e+06, 1.7909e-03
5.7239e+06, 1.7605e-03
5.7411e+06, 1.7307e-03
5.7584e+06, 1.7015e-03
5.7757e+06, 1.6729e-03
5.7929e+06, 1.6448e-03
5.8102e+06, 1.6173e-03
5.8274e+06, 1.5904e-03
5.8447e+06, 1.5639e-03
5.8619e+06, 1.5380e-03
5.8792e+06, 1.5126e-03
5.8965e+06, 1.4877e-03
5.9137e+06, 1.4632e-03
5.9310e+06, 1.4393e-03
5.9482e+06, 1.4158e-03
5.9655e+06, 1.3927e-03
5.9827e+06, 1.3701e-03
6.0000e+06, 1.3479e-03
6.0196e+06, 1.3231e-03
6.0392e+06, 1.2989e-03
6.0589e+06, 1.2752e-03
6.0785e+06, 1.2520e-03
6.0981e+06, 1.2293e-03
6.1177e+06, 1.2071e-03
6.1373e+06, 1.1853e-03
6.1569e+06, 1.1640e-03
6.1766e+06, 1.1432e-03
6.1962e+06, 1.1227e-03
6.2158e+06, 1.1028e-03
6.2354e+06, 1.0832e-03
6.2550e+06, 1.0640e-03
6.2746e+06, 1.0453e-03
6.2943e+06, 1.0269e-03
6.3139e+06, 1.0089e-03
6.3353e+06, 9.8966e-04
6.3568e+06, 9.7085e-04
6.3782e+06, 9.5246e-04
6.3996e+06, 9.3447e-04
6.4199e+06, 9.1783e-04
6.4402e+06, 9.0154e-04
6.4605e+06, 8.8559e-04
6.4807e+06, 8.6996e-04
6.4854e+06, 8.6689e-04
6.5068e+06, 8.5294e-04
6.5283e+06, 8.3925e-04
6.5497e+06, 8.2583e-04
6.5712e+06, 8.1267e-04
6.5926e+06, 7.9976e-04
6.6141e+06, 7.8709e-04
6.6355e+06, 7.7467e-04
6.6569e+06, 7.6248e-04
6.6784e+06, 7.5052e-04
6.6998e+06, 7.3879e-04
6.7213e+06, 7.2727e-04
6.7427e+06, 7.1598e-04
6.7641e+06, 7.0489e-04
6.7856e+06, 6.9400e-04
6.8070e+06, 6.8332e-04
6.8285e+06, 6.7284e-04
6.8499e+06, 6.6255e-04
6.8714e+06, 6.5245e-04
6.8928e+06, 6.4253e-04
6.9142e+06, 6.3279e-04
6.9357e+06, 6.2323e-04
6.9571e+06, 6.1385e-04
6.9786e+06, 6.0463e-04
7.0000e+06, 5.9558e-04
7.0227e+06, 5.8980e-04
7.0454e+06, 5.8409e-04
7.0681e+06, 5.7845e-04
7.0908e+06, 5.7288e-04
7.1136e+06, 5.6739e-04
7.1363e+06, 5.6196e-04
7.1590e+06, 5.5661e-04
7.1817e+06, 5.5132e-04
7.1957e+06, 5.4810e-04
7.2097e+06, 5.4490e-04
7.2236e+06, 5.4173e-04
7.2376e+06, 5.3858e-04
7.2551e+06, 5.3596e-04
7.2725e+06, 5.3336e-04
7.2953e+06, 5.3001e-04
7.3180e+06, 5.2669e-04
7.3407e+06, 5.2340e-04
7.3634e+06, 5.2014e-04
7.3861e+06, 5.1691e-04
7.4088e+06, 5.1371e-04
7.4315e+06, 5.1054e-04
7.4542e+06, 5.0740e-04
7.4688e+06, 5.0540e-04
7.4833e+06, 5.0342e-04
7.4988e+06, 5.0232e-04
7.5142e+06, 5.0123e-04
7.5296e+06, 5.0014e-04
7.5451e+06, 4.9906e-04
7.5678e+06, 4.9748e-04
7.5905e+06, 4.9590e-04
7.6132e+06, 4.9434e-04
7.6359e+06, 4.9278e-04
7.6587e+06, 4.9124e-04
7.6814e+06, 4.8970e-04
7.7041e+06, 4.8818e-04
7.7268e+06, 4.8666e-04
7.7373e+06, 4.8596e-04
7.7538e+06, 4.8576e-04
7.7702e+06, 4.8557e-04
7.7866e+06, 4.8538e-04
7.8030e+06, 4.8519e-04
7.8194e+06, 4.8499e-04
7.8358e+06, 4.8480e-04
7.8523e+06, 4.8461e-04
7.8687e+06, 4.8442e-04
7.8851e+06, 4.8423e-04
7.9015e+06, 4.8404e-04
7.9179e+06, 4.8385e-04
7.9343e+06, 4.8366e-04
7.9508e+06, 4.8348e-04
7.9672e+06, 4.8329e-04
7.9836e+06, 4.8310e-04
8.0000e+06, 4.8291e-04
8.0149e+06, 4.8438e-04
8.0299e+06, 4.8585e-04
8.0448e+06, 4.8732e-04
8.0598e+06, 4.8880e-04
8.0747e+06, 4.9027e-04
8.0897e+06, 4.9175e-04
8.1046e+06, 4.9323e-04
8.1195e+06, 4.9471e-04
8.1345e+06, 4.9619e-04
8.1494e+06, 4.9767e-04
8.1644e+06, 4.9916e-04
8.1793e+06, 5.0065e-04
8.1942e+06, 5.0213e-04
8.2092e+06, 5.0363e-04
8.2241e+06, 5.0512e-04
8.2391e+06, 5.0661e-04
8.2545e+06, 5.0905e-04
8.2698e+06, 5.1150e-04
8.2852e+06, 5.1396e-04
8.3006e+06, 5.1642e-04
8.3160e+06, 5.1889e-04
8.3314e+06, 5.2136e-04
8.3468e+06, 5.2385e-04
8.3622e+06, 5.2634e-04
8.3776e+06, 5.2884e-04
8.3930e+06, 5.3134e-04
8.4083e+06, 5.3386e-04
8.4237e+06, 5.3638e-04
8.4391e+06, 5.3890e-04
8.4545e+06, 5.4144e-04
8.4699e+06, 5.4398e-04
8.4853e+06, 5.4653e-04
8.5031e+06, 5.5026e-04
8.5210e+06, 5.5401e-04
8.5389e+06, 5.5778e-04
8.5567e+06, 5.6156e-04
8.5746e+06, 5.6536e-04
8.5924e+06, 5.6918e-04
8.6103e+06, 5.7302e-04
8.6281e+06, 5.7688e-04
8.6460e+06, 5.8075e-04
8.6638e+06, 5.8464e-04
8.6817e+06, 5.8855e-04
8.6996e+06, 5.9248e-04
8.7174e+06, 5.9642e-04
8.7353e+06, 6.0039e-04
8.7531e+06, 6.0437e-04
8.7710e+06, 6.0837e-04
8.7853e+06, 6.1159e-04
8.7996e+06, 6.1482e-04
8.8139e+06, 6.1806e-04
8.8282e+06, 6.2131e-04
8.8426e+06, 6.2458e-04
8.8569e+06, 6.2786e-04
8.8712e+06, 6.3115e-04
8.8855e+06, 6.3445e-04
8.8998e+06, 6.3776e-04
8.9141e+06, 6.4109e-04
8.9284e+06, 6.4443e-04
8.9427e+06, 6.4778e-04
8.9571e+06, 6.5114e-04
8.9714e+06, 6.5451e-04
8.9857e+06, 6.5790e-04
9.0000e+06, 6.6130e-04
9.0152e+06, 6.6476e-04
9.0304e+06, 6.6823e-04
9.0456e+06, 6.7172e-04
9.0609e+06, 6.7522e-04
9.0761e+06, 6.7873e-04
9.0913e+06, 6.8226e-04
9.1065e+06, 6.8579e-04
9.1217e+06, 6.8934e-04
9.1369e+06, 6.9290e-04
9.1521e+06, 6.9648e-04
9.1673e+06, 7.0006e-04
9.1826e+06, 7.0366e-04
9.1978e+06, 7.0727e-04
9.2130e+06, 7.1089e-04
9.2282e+06, 7.1453e-04
9.2434e+06, 7.1818e-04
9.2586e+06, 7.2184e-04
9.2738e+06, 7.2551e-04
9.2891e+06, 7.2920e-04
9.3043e+06, 7.3290e-04
9.3195e+06, 7.3661e-04
9.3347e+06, 7.4033e-04
9.3499e+06, 7.4407e-04
9.3651e+06, 7.4782e-04
9.3803e+06, 7.5158e-04
9.3956e+06, 7.5536e-04
9.4108e+06, 7.5915e-04
9.4260e+06, 7.6295e-04
9.4412e+06, 7.6676e-04
9.4564e+06, 7.7059e-04
9.4716e+06, 7.7443e-04
9.4868e+06, 7.7828e-04
9.5029e+06, 7.8236e-04
9.5189e+06, 7.8644e-04
9.5349e+06, 7.9055e-04
9.5510e+06, 7.9467e-04
9.5670e+06, 7.9880e-04
9.5830e+06, 8.0295e-04
9.5991e+06, 8.0711e-04
9.6151e+06, 8.1128e-04
9.6312e+06, 8.1548e-04
9.6472e+06, 8.1968e-04
9.6632e+06, 8.2390e-04
9.6793e+06, 8.2814e-04
9.6953e+06, 8.3239e-04
9.7113e+06, 8.3665e-04
9.7274e+06, 8.4093e-04
9.7434e+06, 8.4522e-04
9.7595e+06, 8.4953e-04
9.7755e+06, 8.5386e-04
9.7915e+06, 8.5819e-04
9.8076e+06, 8.6255e-04
9.8236e+06, 8.6692e-04
9.8396e+06, 8.7130e-04
9.8557e+06, 8.7570e-04
9.8717e+06, 8.8011e-04
9.8877e+06, 8.8454e-04
9.9038e+06, 8.8898e-04
9.9198e+06, 8.9344e-04
9.9359e+06, 8.9791e-04
9.9519e+06, 9.0240e-04
9.9679e+06, 9.0691e-04
9.9840e+06, 9.1143e-04
1.0000e+07, 9.1596e-04
1.0020e+07, 9.1804e-04
1.0039e+07, 9.2013e-04
1.0059e+07, 9.2221e-04
1.0079e+07, 9.2430e-04
1.0098e+07, 9.2639e-04
1.0118e+07, 9.2847e-04
1.0138e+07, 9.3056e-04
1.0157e+07, 9.3265e-04
1.0177e+07, 9.3474e-04
1.0197e+07, 9.3683e-04
1.0216e+07, 9.3892e-04
1.0236e+07, 9.4101e-04
1.0256e+07, 9.4310e-04
1.0276e+07, 9.4520e-04
1.0295e+07, 9.4729e-04
1.0315e+07, 9.4938e-04
1.0328e+07, 9.5081e-04
1.0342e+07, 9.5223e-04
1.0355e+07, 9.5366e-04
1.0368e+07, 9.5508e-04
1.0382e+07, 9.5650e-04
1.0395e+07, 9.5793e-04
1.0409e+07, 9.5935e-04
1.0422e+07, 9.6078e-04
1.0435e+07, 9.6220e-04
1.0449e+07, 9.6363e-04
1.0462e+07, 9.6506e-04
1.0475e+07, 9.6648e-04
1.0489e+07, 9.6791e-04
1.0502e+07, 9.6934e-04
1.0516e+07, 9.7076e-04
1.0529e+07, 9.7219e-04
1.0542e+07, 9.7362e-04
1.0556e+07, 9.7505e-04
1.0569e+07, 9.7648e-04
1.0582e+07, 9.7790e-04
1.0596e+07, 9.7933e-04
1.0609e+07, 9.8076e-04
1.0623e+07, 9.8219e-04
1.0636e+07, 9.8362e-04
1.0649e+07, 9.8505e-04
1.0663e+07, 9.8648e-04
1.0676e+07, 9.8791e-04
1.0689e+07, 9.8934e-04
1.0703e+07, 9.9077e-04
1.0716e+07, 9.9221e-04
1.0730e+07, 9.9364e-04
1.0743e+07, 9.9507e-04
1.0775e+07, 9.9851e-04
1.0807e+07, 1.0020e-03
1.0839e+07, 1.0054e-03
1.0871e+07, 1.0088e-03
1.0904e+07, 1.0123e-03
1.0936e+07, 1.0157e-03
1.0968e+07, 1.0192e-03
1.1000e+07, 1.0226e-03
1.1031e+07, 1.0227e-03
1.1061e+07, 1.0228e-03
1.1092e+07, 1.0229e-03
1.1122e+07, 1.0229e-03
1.1153e+07, 1.0230e-03
1.1183e+07, 1.0231e-03
1.1214e+07, 1.0231e-03
1.1245e+07, 1.0232e-03
1.1275e+07, 1.0233e-03
1.1306e+07, 1.0234e-03
1.1336e+07, 1.0234e-03
1.1367e+07, 1.0235e-03
1.1397e+07, 1.0236e-03
1.1428e+07, 1.0236e-03
1.1459e+07, 1.0237e-03
1.1489e+07, 1.0238e-03
1.1521e+07, 1.0238e-03
1.1553e+07, 1.0239e-03
1.1585e+07, 1.0240e-03
1.1617e+07, 1.0241e-03
1.1649e+07, 1.0241e-03
1.1681e+07, 1.0242e-03
1.1713e+07, 1.0243e-03
1.1745e+07, 1.0243e-03
1.1776e+07, 1.0244e-03
1.1808e+07, 1.0245e-03
1.1840e+07, 1.0246e-03
1.1872e+07, 1.0246e-03
1.1904e+07, 1.0247e-03
1.1936e+07, 1.0248e-03
1.1968e+07, 1.0248e-03
1.2000e+07, 1.0249e-03
1.2031e+07, 1.0243e-03
1.2062e+07, 1.0238e-03
1.2094e+07, 1.0232e-03
1.2125e+07, 1.0227e-03
1.2156e+07, 1.0221e-03
1.2188e+07, 1.0216e-03
1.2219e+07, 1.0210e-03
1.2250e+07, 1.0205e-03
1.2281e+07, 1.0199e-03
1.2312e+07, 1.0194e-03
1.2344e+07, 1.0189e-03
1.2375e+07, 1.0183e-03
1.2406e+07, 1.0178e-03
1.2438e+07, 1.0172e-03
1.2469e+07, 1.0167e-03
1.2500e+07, 1.0162e-03
1.2531e+07, 1.0156e-03
1.2562e+07, 1.0151e-03
1.2594e+07, 1.0146e-03
1.2625e+07, 1.0141e-03
1.2656e+07, 1.0135e-03
1.2688e+07, 1.0130e-03
1.2719e+07, 1.0125e-03
1.2750e+07, 1.0120e-03
1.2781e+07, 1.0114e-03
1.2812e+07, 1.0109e-03
1.2844e+07, 1.0104e-03
1.2875e+07, 1.0099e-03
1.2906e+07, 1.0094e-03
1.2938e+07, 1.0089e-03
1.2969e+07, 1.0084e-03
1.3000e+07, 1.0079e-03
1.3016e+07, 1.0077e-03
1.3031e+07, 1.0076e-03
1.3047e+07, 1.0075e-03
1.3062e+07, 1.0074e-03
1.3078e+07, 1.0073e-03
1.3094e+07, 1.0072e-03
1.3109e+07, 1.0071e-03
1.3125e+07, 1.0070e-03
1.3141e+07, 1.0068e-03
1.3156e+07, 1.0067e-03
1.3172e+07, 1.0066e-03
1.3188e+07, 1.0065e-03
1.3203e+07, 1.0064e-03
1.3219e+07, 1.0063e-03
1.3234e+07, 1.0062e-03
1.3250e+07, 1.0061e-03
1.3266e+07, 1.0060e-03
1.3281e+07, 1.0059e-03
1.3297e+07, 1.0057e-03
1.3312e+07, 1.0056e-03
1.3328e+07, 1.0055e-03
1.3344e+07, 1.0054e-03
1.3359e+07, 1.0053e-03
1.3375e+07, 1.0052e-03
1.3391e+07, 1.0051e-03
1.3406e+07, 1.0050e-03
1.3422e+07, 1.0049e-03
1.3438e+07, 1.0048e-03
1.3453e+07, 1.0047e-03
1.3469e+07, 1.0046e-03
1.3484e+07, 1.0044e-03
1.3500e+07, 1.0043e-03
1.3516e+07, 1.0042e-03
1.3531e+07, 1.0041e-03
1.3547e+07, 1.0040e-03
1.3562e+07, 1.0039e-03
1.3578e+07, 1.0038e-03
1.3594e+07, 1.0037e-03
1.3609e+07, 1.0036e-03
1.3625e+07, 1.0035e-03
1.3641e+07, 1.0034e-03
1.3656e+07, 1.0033e-03
1.3672e+07, 1.0032e-03
1.3688e+07, 1.0031e-03
1.3703e+07, 1.0029e-03
1.3719e+07, 1.0028e-03
1.3734e+07, 1.0027e-03
1.3750e+07, 1.0026e-03
1.3766e+07, 1.0025e-03
1.3781e+07, 1.0024e-03
1.3797e+07, 1.0023e-03
1.3812e+07, 1.0022e-03
1.3828e+07, 1.0021e-03
1.3844e+07, 1.0020e-03
1.3859e+07, 1.0019e-03
1.3875e+07, 1.0018e-03
1.3891e+07, 1.0017e-03
1.3906e+07, 1.0016e-03
1.3922e+07, 1.0015e-03
1.3938e+07, 1.0014e-03
1.3953e+07, 1.0013e-03
1.3969e+07, 1.0012e-03
1.3984e+07, 1.0011e-03
1.4000e+07, 1.0010e-03
1.4009e+07, 1.0010e-03
1.4018e+07, 1.0011e-03
1.4033e+07, 1.0013e-03
1.4048e+07, 1.0014e-03
1.4063e+07, 1.0015e-03
1.4078e+07, 1.0017e-03
1.4093e+07, 1.0018e-03
1.4108e+07, 1.0020e-03
1.4123e+07, 1.0021e-03
1.4138e+07, 1.0022e-03
1.4153e+07, 1.0024e-03
1.4168e+07, 1.0025e-03
1.4184e+07, 1.0027e-03
1.4199e+07, 1.0028e-03
1.4214e+07, 1.0029e-03
1.4229e+07, 1.0031e-03
1.4244e+07, 1.0032e-03
1.4259e+07, 1.0034e-03
1.4274e+07, 1.0035e-03
1.4289e+07, 1.0036e-03
1.4304e+07, 1.0038e-03
1.4319e+07, 1.0039e-03
1.4334e+07, 1.0041e-03
1.4349e+07, 1.0042e-03
1.4364e+07, 1.0043e-03
1.4379e+07, 1.0045e-03
1.4395e+07, 1.0046e-03
1.4410e+07, 1.0047e-03
1.4425e+07, 1.0049e-03
1.4440e+07, 1.0050e-03
1.4455e+07, 1.0052e-03
1.4470e+07, 1.0053e-03
1.4485e+07, 1.0054e-03
1.4500e+07, 1.0056e-03
1.4516e+07, 1.0057e-03
1.4531e+07, 1.0058e-03
1.4547e+07, 1.0060e-03
1.4562e+07, 1.0061e-03
1.4578e+07, 1.0063e-03
1.4594e+07, 1.0064e-03
1.4609e+07, 1.0066e-03
1.4625e+07, 1.0067e-03
1.4641e+07, 1.0068e-03
1.4656e+07, 1.0070e-03
1.4672e+07, 1.0071e-03
1.4688e+07, 1.0073e-03
1.4703e+07, 1.0074e-03
1.4719e+07, 1.0075e-03
1.4734e+07, 1.0077e-03
1.4750e+07, 1.0078e-03
1.4766e+07, 1.0080e-03
1.4781e+07, 1.0081e-03
1.4797e+07, 1.0082e-03
1.4812e+07, 1.0084e-03
1.4828e+07, 1.0085e-03
1.4844e+07, 1.0086e-03
1.4859e+07, 1.0088e-03
1.4875e+07, 1.0089e-03
1.4891e+07, 1.0091e-03
1.4906e+07, 1.0092e-03
1.4922e+07, 1.0093e-03
1.4938e+07, 1.0095e-03
1.4953e+07, 1.0096e-03
1.4969e+07, 1.0098e-03
1.4984e+07, 1.0099e-03
1.5000e+07, 1.0100e-03
1.5016e+07, 1.0104e-03
1.5031e+07, 1.0108e-03
1.5047e+07, 1.0112e-03
1.5062e+07, 1.0116e-03
1.5078e+07, 1.0120e-03
1.5094e+07, 1.0123e-03
1.5109e+07, 1.0127e-03
1.5125e+07, 1.0131e-03
1.5141e+07, 1.0135e-03
1.5156e+07, 1.0139e-03
1.5172e+07, 1.0142e-03
1.5188e+07, 1.0146e-03
1.5203e+07, 1.0150e-03
1.5219e+07, 1.0154e-03
1.5234e+07, 1.0158e-03
1.5250e+07, 1.0162e-03
1.5266e+07, 1.0165e-03
1.5281e+07, 1.0169e-03
1.5297e+07, 1.0173e-03
1.5312e+07, 1.0177e-03
1.5328e+07, 1.0181e-03
1.5344e+07, 1.0184e-03
1.5359e+07, 1.0188e-03
1.5375e+07, 1.0192e-03
1.5391e+07, 1.0196e-03
1.5406e+07, 1.0199e-03
1.5422e+07, 1.0203e-03
1.5438e+07, 1.0207e-03
1.5453e+07, 1.0211e-03
1.5469e+07, 1.0215e-03
1.5484e+07, 1.0218e-03
1.5500e+07, 1.0222e-03
1.5516e+07, 1.0226e-03
1.5531e+07, 1.0230e-03
1.5547e+07, 1.0233e-03
1.5562e+07, 1.0237e-03
1.5578e+07, 1.0241e-03
1.5594e+07, 1.0245e-03
1.5609e+07, 1.0248e-03
1.5625e+07, 1.0252e-03
1.5641e+07, 1.0256e-03
1.5656e+07, 1.0260e-03
1.5672e+07, 1.0263e-03
1.5688e+07, 1.0267e-03
1.5703e+07, 1.0271e-03
1.5719e+07, 1.0275e-03
1.5734e+07, 1.0278e-03
1.5750e+07, 1.0282e-03
1.5766e+07, 1.0286e-03
1.5781e+07, 1.0290e-03
1.5797e+07, 1.0293e-03
1.5812e+07, 1.0297e-03
1.5828e+07, 1.0301e-03
1.5844e+07, 1.0304e-03
1.5859e+07, 1.0308e-03
1.5875e+07, 1.0312e-03
1.5891e+07, 1.0316e-03
1.5906e+07, 1.0319e-03
1.5922e+07, 1.0323e-03
1.5938e+07, 1.0327e-03
1.5953e+07, 1.0330e-03
1.5969e+07, 1.0334e-03
1.5984e+07, 1.0338e-03
1.6000e+07, 1.0341e-03
1.6062e+07, 1.0365e-03
1.6125e+07, 1.0388e-03
1.6188e+07, 1.0411e-03
1.6250e+07, 1.0435e-03
1.6312e+07, 1.0458e-03
1.6375e+07, 1.0481e-03
1.6438e+07, 1.0504e-03
1.6500e+07, 1.0527e-03
1.6562e+07, 1.0550e-03
1.6625e+07, 1.0573e-03
1.6688e+07, 1.0596e-03
1.6750e+07, 1.0619e-03
1.6812e+07, 1.0642e-03
1.6875e+07, 1.0665e-03
1.6938e+07, 1.0688e-03
1.7000e+07, 1.0711e-03
1.7062e+07, 1.0741e-03
1.7125e+07, 1.0771e-03
1.7188e+07, 1.0801e-03
1.7250e+07, 1.0831e-03
1.7312e+07, 1.0861e-03
1.7375e+07, 1.0891e-03
1.7438e+07, 1.0921e-03
1.7500e+07, 1.0951e-03
1.7562e+07, 1.0981e-03
1.7625e+07, 1.1011e-03
1.7688e+07, 1.1041e-03
1.7750e+07, 1.1071e-03
1.7812e+07, 1.1101e-03
1.7875e+07, 1.1131e-03
1.7938e+07, 1.1161e-03
1.8000e+07, 1.1191e-03
1.8125e+07, 1.1263e-03
1.8250e+07, 1.1335e-03
1.8375e+07, 1.1408e-03
1.8500e+07, 1.1480e-03
1.8625e+07, 1.1552e-03
1.8750e+07, 1.1624e-03
1.8875e+07, 1.1696e-03
1.9000e+07, 1.1768e-03
1.9125e+07, 1.1851e-03
1.9250e+07, 1.1934e-03
1.9375e+07, 1.2018e-03
1.9500e+07, 1.2101e-03
1.9625e+07, 1.2184e-03
1.9750e+07, 1.2267e-03
1.9875e+07, 1.2351e-03
2.0000e+07, 1.2434e-03
