ebin, xs
1.0000e-05, 2.6577e+01
1.0625e-05, 2.5783e+01
1.1250e-05, 2.5057e+01
1.1875e-05, 2.4388e+01
1.2500e-05, 2.3771e+01
1.3750e-05, 2.2665e+01
1.5000e-05, 2.1700e+01
1.6250e-05, 2.0849e+01
1.7500e-05, 2.0090e+01
1.8750e-05, 1.9409e+01
2.0000e-05, 1.8793e+01
2.1875e-05, 1.7969e+01
2.3750e-05, 1.7245e+01
2.5625e-05, 1.6602e+01
2.7500e-05, 1.6026e+01
2.9375e-05, 1.5506e+01
3.1250e-05, 1.5034e+01
3.3125e-05, 1.4602e+01
3.5000e-05, 1.4206e+01
3.8750e-05, 1.3501e+01
4.2500e-05, 1.2892e+01
4.6250e-05, 1.2358e+01
5.0000e-05, 1.1885e+01
5.3125e-05, 1.1531e+01
5.6250e-05, 1.1206e+01
5.9375e-05, 1.0907e+01
6.2500e-05, 1.0631e+01
6.8750e-05, 1.0136e+01
7.5000e-05, 9.7044e+00
8.1250e-05, 9.3237e+00
8.7500e-05, 8.9846e+00
9.3750e-05, 8.6799e+00
1.0000e-04, 8.4043e+00
1.0625e-04, 8.1534e+00
1.1250e-04, 7.9237e+00
1.1875e-04, 7.7123e+00
1.2500e-04, 7.5170e+00
1.3750e-04, 7.1672e+00
1.5000e-04, 6.8621e+00
1.6250e-04, 6.5929e+00
1.7500e-04, 6.3531e+00
1.8750e-04, 6.1376e+00
2.0000e-04, 5.9427e+00
2.1875e-04, 5.6823e+00
2.3750e-04, 5.4534e+00
2.5625e-04, 5.2501e+00
2.7500e-04, 5.0680e+00
2.9375e-04, 4.9036e+00
3.1250e-04, 4.7542e+00
3.3125e-04, 4.6177e+00
3.5000e-04, 4.4923e+00
3.8750e-04, 4.2694e+00
4.2500e-04, 4.0767e+00
4.6250e-04, 3.9079e+00
5.0000e-04, 3.7585e+00
5.3125e-04, 3.6463e+00
5.6250e-04, 3.5436e+00
5.9375e-04, 3.4491e+00
6.2500e-04, 3.3617e+00
6.8750e-04, 3.2053e+00
7.5000e-04, 3.0688e+00
8.1250e-04, 2.9484e+00
8.7500e-04, 2.8412e+00
9.3750e-04, 2.7448e+00
1.0000e-03, 2.6577e+00
1.0625e-03, 2.5783e+00
1.1250e-03, 2.5057e+00
1.1875e-03, 2.4389e+00
1.2500e-03, 2.3771e+00
1.3750e-03, 2.2665e+00
1.5000e-03, 2.1700e+00
1.6250e-03, 2.0849e+00
1.7500e-03, 2.0090e+00
1.8750e-03, 1.9409e+00
2.0000e-03, 1.8793e+00
2.1875e-03, 1.7969e+00
2.3750e-03, 1.7245e+00
2.5625e-03, 1.6602e+00
2.7500e-03, 1.6026e+00
2.9375e-03, 1.5507e+00
3.1250e-03, 1.5034e+00
3.3125e-03, 1.4602e+00
3.5000e-03, 1.4206e+00
3.8750e-03, 1.3501e+00
4.2500e-03, 1.2892e+00
4.6250e-03, 1.2358e+00
5.0000e-03, 1.1885e+00
5.3125e-03, 1.1531e+00
5.6250e-03, 1.1206e+00
5.9375e-03, 1.0907e+00
6.2500e-03, 1.0631e+00
6.8750e-03, 1.0136e+00
7.5000e-03, 9.7043e-01
8.1250e-03, 9.3236e-01
8.7500e-03, 8.9844e-01
9.3750e-03, 8.6798e-01
1.0000e-02, 8.4041e-01
1.0625e-02, 8.1532e-01
1.1250e-02, 7.9235e-01
1.1875e-02, 7.7121e-01
1.2500e-02, 7.5169e-01
1.3750e-02, 7.1670e-01
1.5000e-02, 6.8619e-01
1.6250e-02, 6.5926e-01
1.7500e-02, 6.3528e-01
1.8750e-02, 6.1373e-01
2.0000e-02, 5.9425e-01
2.1325e-02, 5.7549e-01
2.2650e-02, 5.5841e-01
2.3975e-02, 5.4276e-01
2.5300e-02, 5.2837e-01
2.6844e-02, 5.1296e-01
2.8387e-02, 4.9883e-01
3.1475e-02, 4.7374e-01
3.4563e-02, 4.5208e-01
3.7650e-02, 4.3314e-01
4.0738e-02, 4.1639e-01
4.3825e-02, 4.0144e-01
4.6913e-02, 3.8800e-01
5.0000e-02, 3.7582e-01
5.3125e-02, 3.6460e-01
5.6250e-02, 3.5434e-01
5.9375e-02, 3.4489e-01
6.2500e-02, 3.3617e-01
6.8750e-02, 3.2053e-01
7.5000e-02, 3.0689e-01
8.1250e-02, 2.9484e-01
8.7500e-02, 2.8410e-01
9.3750e-02, 2.7446e-01
1.0000e-01, 2.6574e-01
1.0625e-01, 2.5780e-01
1.1250e-01, 2.5054e-01
1.1875e-01, 2.4387e-01
1.2500e-01, 2.3771e-01
1.3750e-01, 2.2666e-01
1.5000e-01, 2.1701e-01
1.6250e-01, 2.0848e-01
1.7500e-01, 2.0089e-01
1.8750e-01, 1.9408e-01
2.0000e-01, 1.8793e-01
2.1875e-01, 1.7970e-01
2.3750e-01, 1.7245e-01
2.5625e-01, 1.6601e-01
2.7500e-01, 1.6025e-01
2.9375e-01, 1.5504e-01
3.1250e-01, 1.5032e-01
3.3125e-01, 1.4601e-01
3.5000e-01, 1.4206e-01
3.8750e-01, 1.3503e-01
4.2500e-01, 1.2893e-01
5.0000e-01, 1.1888e-01
6.2500e-01, 1.0633e-01
7.5000e-01, 9.7042e-02
8.7500e-01, 8.9864e-02
1.0000e+00, 8.4077e-02
1.2500e+00, 7.5175e-02
1.5000e+00, 6.8611e-02
1.7500e+00, 6.3530e-02
2.0000e+00, 5.9428e-02
2.3750e+00, 5.4531e-02
2.7500e+00, 5.0682e-02
3.1250e+00, 4.7534e-02
3.5000e+00, 4.4908e-02
4.2500e+00, 4.0744e-02
5.0000e+00, 3.7561e-02
6.2500e+00, 3.3589e-02
7.5000e+00, 3.0654e-02
8.7500e+00, 2.8377e-02
1.0000e+01, 2.6542e-02
1.2500e+01, 2.3729e-02
1.5000e+01, 2.1652e-02
1.7500e+01, 2.0040e-02
2.0000e+01, 1.8740e-02
2.3750e+01, 1.7188e-02
2.7500e+01, 1.5965e-02
3.1250e+01, 1.4968e-02
3.5000e+01, 1.4136e-02
4.2500e+01, 1.2814e-02
5.0000e+01, 1.1802e-02
6.2500e+01, 1.0538e-02
7.5000e+01, 9.6036e-03
8.7500e+01, 8.8764e-03
1.0000e+02, 8.2894e-03
1.2500e+02, 7.3891e-03
1.5000e+02, 6.7226e-03
1.7500e+02, 6.2034e-03
2.0000e+02, 5.7836e-03
2.3750e+02, 5.2812e-03
2.7500e+02, 4.8840e-03
3.1250e+02, 4.5593e-03
3.5000e+02, 4.2873e-03
4.2500e+02, 3.8535e-03
5.0000e+02, 3.5193e-03
5.6250e+02, 3.2923e-03
6.2500e+02, 3.0994e-03
7.5000e+02, 2.7868e-03
8.7500e+02, 2.5421e-03
1.0000e+03, 2.3437e-03
1.1250e+03, 2.1786e-03
1.2500e+03, 2.0383e-03
1.5000e+03, 1.8114e-03
1.7500e+03, 1.6345e-03
2.0000e+03, 1.4918e-03
2.3750e+03, 1.3220e-03
2.7500e+03, 1.1891e-03
3.1250e+03, 1.0819e-03
3.5000e+03, 9.9345e-04
3.8750e+03, 9.1926e-04
4.2500e+03, 8.5613e-04
5.0000e+03, 7.5456e-04
5.6250e+03, 6.8834e-04
6.2500e+03, 6.3420e-04
6.8750e+03, 5.8929e-04
7.5000e+03, 5.5156e-04
8.7500e+03, 4.9212e-04
1.0000e+04, 4.4796e-04
1.1250e+04, 4.1441e-04
1.2500e+04, 3.8852e-04
1.5000e+04, 3.5267e-04
1.7500e+04, 3.3140e-04
2.0000e+04, 3.2090e-04
2.1293e+04, 3.1955e-04
2.2910e+04, 3.2350e-04
2.4527e+04, 3.3734e-04
2.6144e+04, 3.7290e-04
2.6952e+04, 4.1353e-04
2.7761e+04, 4.9885e-04
2.8448e+04, 6.7451e-04
2.8792e+04, 8.5732e-04
2.9135e+04, 1.2138e-03
2.9287e+04, 1.4894e-03
2.9438e+04, 1.9110e-03
2.9590e+04, 2.5886e-03
2.9666e+04, 3.1027e-03
2.9741e+04, 3.8107e-03
2.9817e+04, 4.8257e-03
2.9855e+04, 5.5072e-03
2.9893e+04, 6.3544e-03
2.9931e+04, 7.4039e-03
2.9969e+04, 8.7730e-03
3.0007e+04, 1.0577e-02
3.0045e+04, 1.3023e-02
3.0065e+04, 1.4700e-02
3.0085e+04, 1.6730e-02
3.0105e+04, 1.9218e-02
3.0125e+04, 2.2315e-02
3.0146e+04, 2.6196e-02
3.0166e+04, 3.1200e-02
3.0176e+04, 3.4282e-02
3.0186e+04, 3.7839e-02
3.0196e+04, 4.1985e-02
3.0206e+04, 4.6844e-02
3.0217e+04, 5.2993e-02
3.0228e+04, 6.0426e-02
3.0238e+04, 6.9523e-02
3.0249e+04, 8.0795e-02
3.0260e+04, 9.4964e-02
3.0265e+04, 1.0340e-01
3.0271e+04, 1.1299e-01
3.0276e+04, 1.2397e-01
3.0281e+04, 1.3662e-01
3.0287e+04, 1.5126e-01
3.0292e+04, 1.6824e-01
3.0299e+04, 1.9464e-01
3.0306e+04, 2.2733e-01
3.0313e+04, 2.6829e-01
3.0316e+04, 2.9262e-01
3.0320e+04, 3.2006e-01
3.0323e+04, 3.5117e-01
3.0327e+04, 3.8628e-01
3.0330e+04, 4.2606e-01
3.0334e+04, 4.7111e-01
3.0337e+04, 5.2220e-01
3.0341e+04, 5.7961e-01
3.0344e+04, 6.4390e-01
3.0348e+04, 7.1526e-01
3.0356e+04, 9.0588e-01
3.0364e+04, 1.1100e+00
3.0368e+04, 1.2023e+00
3.0372e+04, 1.2769e+00
3.0376e+04, 1.3255e+00
3.0380e+04, 1.3421e+00
3.0383e+04, 1.3336e+00
3.0386e+04, 1.3093e+00
3.0391e+04, 1.2197e+00
3.0397e+04, 1.0929e+00
3.0402e+04, 9.5133e-01
3.0408e+04, 8.1248e-01
3.0414e+04, 6.8729e-01
3.0419e+04, 5.8003e-01
3.0425e+04, 4.9094e-01
3.0429e+04, 4.3857e-01
3.0432e+04, 3.9315e-01
3.0436e+04, 3.5351e-01
3.0440e+04, 3.1902e-01
3.0444e+04, 2.8879e-01
3.0448e+04, 2.6237e-01
3.0452e+04, 2.3917e-01
3.0456e+04, 2.1874e-01
3.0463e+04, 1.8463e-01
3.0471e+04, 1.5768e-01
3.0479e+04, 1.3603e-01
3.0487e+04, 1.1846e-01
3.0493e+04, 1.0669e-01
3.0499e+04, 9.6549e-02
3.0505e+04, 8.7770e-02
3.0511e+04, 8.0134e-02
3.0524e+04, 6.7598e-02
3.0536e+04, 5.7779e-02
3.0549e+04, 4.9884e-02
3.0561e+04, 4.3500e-02
3.0573e+04, 3.8267e-02
3.0586e+04, 3.3925e-02
3.0597e+04, 3.0704e-02
3.0608e+04, 2.7925e-02
3.0629e+04, 2.3393e-02
3.0651e+04, 1.9889e-02
3.0673e+04, 1.7126e-02
3.0694e+04, 1.4941e-02
3.0716e+04, 1.3125e-02
3.0738e+04, 1.1625e-02
3.0759e+04, 1.0376e-02
3.0803e+04, 8.4285e-03
3.0846e+04, 6.9954e-03
3.0889e+04, 5.9090e-03
3.0933e+04, 5.0679e-03
3.1020e+04, 3.8771e-03
3.1106e+04, 3.0746e-03
3.1193e+04, 2.5196e-03
3.1280e+04, 2.1156e-03
3.1453e+04, 1.5786e-03
3.1627e+04, 1.2534e-03
3.1800e+04, 1.0357e-03
3.2073e+04, 8.2184e-04
3.2346e+04, 6.9164e-04
3.2891e+04, 5.4433e-04
3.3981e+04, 4.2580e-04
3.5072e+04, 3.8288e-04
3.6162e+04, 3.6337e-04
3.8344e+04, 3.5139e-04
4.0649e+04, 3.5771e-04
4.1801e+04, 3.7217e-04
4.2377e+04, 3.9608e-04
4.2665e+04, 4.6277e-04
4.2809e+04, 5.7520e-04
4.2882e+04, 7.4533e-04
4.2918e+04, 9.1776e-04
4.2954e+04, 1.1988e-03
4.2985e+04, 1.7266e-03
4.3001e+04, 2.1811e-03
4.3017e+04, 2.9260e-03
4.3033e+04, 4.3044e-03
4.3041e+04, 5.4550e-03
4.3049e+04, 7.1806e-03
4.3057e+04, 1.0023e-02
4.3065e+04, 1.5542e-02
4.3069e+04, 2.1126e-02
4.3071e+04, 2.5859e-02
4.3073e+04, 3.3223e-02
4.3075e+04, 4.5413e-02
4.3077e+04, 6.5928e-02
4.3079e+04, 1.0063e-01
4.3081e+04, 1.5822e-01
4.3083e+04, 2.7152e-01
4.3084e+04, 3.5313e-01
4.3085e+04, 4.5559e-01
4.3086e+04, 5.8294e-01
4.3088e+04, 7.3531e-01
4.3089e+04, 9.1505e-01
4.3090e+04, 1.1222e+00
4.3091e+04, 1.3573e+00
4.3092e+04, 1.6127e+00
4.3095e+04, 2.1652e+00
4.3097e+04, 2.7130e+00
4.3098e+04, 2.9575e+00
4.3099e+04, 3.1671e+00
4.3101e+04, 3.3641e+00
4.3102e+04, 3.4741e+00
4.3103e+04, 3.4943e+00
4.3104e+04, 3.4617e+00
4.3106e+04, 3.3199e+00
4.3107e+04, 3.0812e+00
4.3109e+04, 2.8149e+00
4.3110e+04, 2.5106e+00
4.3113e+04, 1.8602e+00
4.3114e+04, 1.5466e+00
4.3115e+04, 1.2576e+00
4.3117e+04, 1.0009e+00
4.3118e+04, 7.8057e-01
4.3119e+04, 5.9748e-01
4.3121e+04, 4.4980e-01
4.3122e+04, 3.3399e-01
4.3124e+04, 2.4551e-01
4.3125e+04, 1.7951e-01
4.3126e+04, 1.3133e-01
4.3128e+04, 9.6795e-02
4.3129e+04, 7.2403e-02
4.3131e+04, 4.9786e-02
4.3133e+04, 3.6272e-02
4.3135e+04, 2.7996e-02
4.3137e+04, 2.2717e-02
4.3140e+04, 1.6561e-02
4.3144e+04, 1.3028e-02
4.3152e+04, 8.9101e-03
4.3160e+04, 6.5863e-03
4.3175e+04, 4.1331e-03
4.3190e+04, 2.8782e-03
4.3205e+04, 2.1955e-03
4.3219e+04, 1.7677e-03
4.3246e+04, 1.2892e-03
4.3273e+04, 1.0159e-03
4.3327e+04, 7.4531e-04
4.3435e+04, 5.4405e-04
4.3543e+04, 4.6653e-04
4.3651e+04, 4.4259e-04
4.4083e+04, 3.9208e-04
4.4946e+04, 3.8479e-04
4.5781e+04, 4.0092e-04
4.6199e+04, 4.4664e-04
4.6408e+04, 5.0614e-04
4.6512e+04, 6.2872e-04
4.6564e+04, 7.2600e-04
4.6616e+04, 9.5658e-04
4.6653e+04, 1.3165e-03
4.6672e+04, 1.6239e-03
4.6690e+04, 2.1270e-03
4.6709e+04, 3.0546e-03
4.6727e+04, 4.9695e-03
4.6736e+04, 6.8220e-03
4.6746e+04, 1.0257e-02
4.6750e+04, 1.3312e-02
4.6755e+04, 1.8816e-02
4.6757e+04, 2.3830e-02
4.6759e+04, 3.2167e-02
4.6762e+04, 4.6891e-02
4.6764e+04, 7.3104e-02
4.6767e+04, 1.3015e-01
4.6769e+04, 2.3500e-01
4.6771e+04, 3.1325e-01
4.6772e+04, 4.1314e-01
4.6773e+04, 5.3752e-01
4.6775e+04, 6.8836e-01
4.6776e+04, 8.6621e-01
4.6777e+04, 1.0697e+00
4.6780e+04, 1.5359e+00
4.6783e+04, 2.0273e+00
4.6784e+04, 2.2545e+00
4.6786e+04, 2.4524e+00
4.6787e+04, 2.6408e+00
4.6789e+04, 2.7454e+00
4.6790e+04, 2.7637e+00
4.6792e+04, 2.7091e+00
4.6794e+04, 2.5608e+00
4.6795e+04, 2.3361e+00
4.6797e+04, 2.0568e+00
4.6799e+04, 1.7485e+00
4.6801e+04, 1.2706e+00
4.6803e+04, 1.0521e+00
4.6804e+04, 8.5492e-01
4.6805e+04, 6.8113e-01
4.6807e+04, 5.3456e-01
4.6808e+04, 4.1326e-01
4.6809e+04, 3.1536e-01
4.6811e+04, 2.3769e-01
4.6812e+04, 1.7832e-01
4.6815e+04, 1.0017e-01
4.6817e+04, 5.8097e-02
4.6820e+04, 3.6462e-02
4.6822e+04, 2.5209e-02
4.6825e+04, 1.9074e-02
4.6830e+04, 1.2881e-02
4.6836e+04, 9.6658e-03
4.6841e+04, 7.6372e-03
4.6853e+04, 5.0225e-03
4.6864e+04, 3.6043e-03
4.6876e+04, 2.7525e-03
4.6888e+04, 2.2091e-03
4.6911e+04, 1.5760e-03
4.6935e+04, 1.2157e-03
4.6982e+04, 8.6929e-04
4.7029e+04, 6.9609e-04
4.7123e+04, 5.5271e-04
4.7217e+04, 4.9290e-04
4.7593e+04, 4.2291e-04
4.8395e+04, 4.0939e-04
5.0000e+04, 4.1956e-04
5.4944e+04, 4.7930e-04
5.9889e+04, 5.6490e-04
6.4833e+04, 6.8470e-04
6.6069e+04, 7.2254e-04
6.7305e+04, 7.6377e-04
6.8542e+04, 8.0973e-04
6.9160e+04, 8.3448e-04
6.9778e+04, 8.6051e-04
7.0263e+04, 8.8207e-04
7.0749e+04, 9.0449e-04
7.1234e+04, 9.2787e-04
7.1477e+04, 9.3996e-04
7.1720e+04, 9.5233e-04
7.1963e+04, 9.6492e-04
7.2206e+04, 9.7780e-04
7.2691e+04, 1.0045e-03
7.2934e+04, 1.0182e-03
7.3177e+04, 1.0324e-03
7.3420e+04, 1.0468e-03
7.3663e+04, 1.0614e-03
7.4016e+04, 1.0835e-03
7.4258e+04, 1.0991e-03
7.4501e+04, 1.1151e-03
7.4744e+04, 1.1314e-03
7.4987e+04, 1.1482e-03
7.5230e+04, 1.1653e-03
7.5473e+04, 1.1828e-03
7.5715e+04, 1.2008e-03
7.5958e+04, 1.2193e-03
7.6201e+04, 1.2381e-03
7.6444e+04, 1.2574e-03
7.6687e+04, 1.2773e-03
7.6929e+04, 1.2976e-03
7.7172e+04, 1.3183e-03
7.7415e+04, 1.3398e-03
7.7658e+04, 1.3617e-03
7.7901e+04, 1.3841e-03
7.8386e+04, 1.4310e-03
7.8629e+04, 1.4552e-03
7.8872e+04, 1.4803e-03
7.9357e+04, 1.5322e-03
7.9843e+04, 1.5872e-03
8.0329e+04, 1.6451e-03
8.0814e+04, 1.7065e-03
8.1300e+04, 1.7715e-03
8.1785e+04, 1.8400e-03
8.2227e+04, 1.9063e-03
8.2668e+04, 1.9768e-03
8.3110e+04, 2.0501e-03
8.3551e+04, 2.1289e-03
8.3993e+04, 2.2106e-03
8.4434e+04, 2.2984e-03
8.5317e+04, 2.4879e-03
8.6200e+04, 2.7044e-03
8.6642e+04, 2.8214e-03
8.7083e+04, 2.9482e-03
8.7525e+04, 3.0803e-03
8.7966e+04, 3.2234e-03
8.8849e+04, 3.5351e-03
8.9783e+04, 3.9191e-03
9.0250e+04, 4.1272e-03
9.0718e+04, 4.3587e-03
9.1652e+04, 4.8626e-03
9.2586e+04, 5.4553e-03
9.3053e+04, 5.7790e-03
9.3521e+04, 6.1383e-03
9.4455e+04, 6.9246e-03
9.5389e+04, 7.8664e-03
9.5856e+04, 8.4240e-03
9.6324e+04, 9.0972e-03
9.6555e+04, 9.5784e-03
9.6786e+04, 1.0295e-02
9.6902e+04, 1.0850e-02
9.7018e+04, 1.1774e-02
9.7134e+04, 1.3534e-02
9.7191e+04, 1.5165e-02
9.7249e+04, 1.7895e-02
9.7286e+04, 2.0826e-02
9.7305e+04, 2.2890e-02
9.7323e+04, 2.5553e-02
9.7342e+04, 2.9051e-02
9.7361e+04, 3.3727e-02
9.7379e+04, 4.0208e-02
9.7388e+04, 4.4394e-02
9.7398e+04, 4.9391e-02
9.7410e+04, 5.7275e-02
9.7421e+04, 6.7229e-02
9.7433e+04, 7.9683e-02
9.7445e+04, 9.4870e-02
9.7469e+04, 1.3095e-01
9.7481e+04, 1.4729e-01
9.7487e+04, 1.5343e-01
9.7493e+04, 1.5757e-01
9.7500e+04, 1.5944e-01
9.7506e+04, 1.5813e-01
9.7512e+04, 1.5436e-01
9.7524e+04, 1.4083e-01
9.7548e+04, 1.0414e-01
9.7561e+04, 8.7301e-02
9.7573e+04, 7.3254e-02
9.7585e+04, 6.1953e-02
9.7597e+04, 5.3026e-02
9.7606e+04, 4.7345e-02
9.7616e+04, 4.2628e-02
9.7625e+04, 3.8694e-02
9.7635e+04, 3.5401e-02
9.7654e+04, 3.0282e-02
9.7673e+04, 2.6548e-02
9.7692e+04, 2.3730e-02
9.7711e+04, 2.1577e-02
9.7749e+04, 1.8581e-02
9.7783e+04, 1.6865e-02
9.7816e+04, 1.5666e-02
9.7883e+04, 1.4106e-02
9.8016e+04, 1.2667e-02
9.8245e+04, 1.1928e-02
9.8474e+04, 1.1776e-02
9.8856e+04, 1.1959e-02
9.9237e+04, 1.2292e-02
1.0000e+05, 1.2956e-02
1.0102e+05, 1.3691e-02
1.0203e+05, 1.4076e-02
1.0267e+05, 1.4052e-02
1.0331e+05, 1.3797e-02
1.0395e+05, 1.3412e-02
1.0458e+05, 1.2896e-02
1.0531e+05, 1.2120e-02
1.0604e+05, 1.1279e-02
1.0750e+05, 9.5842e-03
1.0823e+05, 8.7450e-03
1.0896e+05, 8.0461e-03
1.0969e+05, 7.4670e-03
1.1042e+05, 7.2359e-03
1.1074e+05, 7.4060e-03
1.1106e+05, 7.9350e-03
1.1121e+05, 8.5215e-03
1.1137e+05, 9.4823e-03
1.1145e+05, 1.0229e-02
1.1153e+05, 1.1176e-02
1.1161e+05, 1.2510e-02
1.1169e+05, 1.4336e-02
1.1175e+05, 1.6247e-02
1.1181e+05, 1.8742e-02
1.1187e+05, 2.1969e-02
1.1193e+05, 2.6005e-02
1.1206e+05, 3.6015e-02
1.1212e+05, 4.0177e-02
1.1215e+05, 4.1377e-02
1.1218e+05, 4.1767e-02
1.1221e+05, 4.1425e-02
1.1223e+05, 4.0520e-02
1.1228e+05, 3.7364e-02
1.1238e+05, 2.8868e-02
1.1243e+05, 2.4898e-02
1.1249e+05, 2.1518e-02
1.1254e+05, 1.8733e-02
1.1259e+05, 1.6483e-02
1.1264e+05, 1.4505e-02
1.1270e+05, 1.2924e-02
1.1275e+05, 1.1652e-02
1.1281e+05, 1.0622e-02
1.1292e+05, 9.0786e-03
1.1303e+05, 8.0050e-03
1.1315e+05, 7.2508e-03
1.1326e+05, 6.6552e-03
1.1348e+05, 5.8308e-03
1.1380e+05, 5.1167e-03
1.1412e+05, 4.6417e-03
1.1476e+05, 4.0317e-03
1.1540e+05, 3.6048e-03
1.1603e+05, 3.2747e-03
1.1731e+05, 2.7808e-03
1.1859e+05, 2.3902e-03
1.2037e+05, 1.9784e-03
1.2216e+05, 1.6609e-03
1.2395e+05, 1.4109e-03
1.2573e+05, 1.2110e-03
1.2931e+05, 9.2103e-04
1.3288e+05, 7.1778e-04
1.3569e+05, 6.0326e-04
1.3850e+05, 5.1219e-04
1.4131e+05, 4.4056e-04
1.4412e+05, 3.9659e-04
1.4455e+05, 4.2106e-04
1.4476e+05, 4.8590e-04
1.4487e+05, 5.9564e-04
1.4492e+05, 7.2684e-04
1.4498e+05, 1.0196e-03
1.4501e+05, 1.4246e-03
1.4503e+05, 1.7953e-03
1.4505e+05, 2.4180e-03
1.4506e+05, 3.5997e-03
1.4507e+05, 4.6902e-03
1.4508e+05, 6.7155e-03
1.4508e+05, 8.6444e-03
1.4509e+05, 1.1797e-02
1.4509e+05, 1.7406e-02
1.4510e+05, 2.6953e-02
1.4510e+05, 4.3578e-02
1.4511e+05, 6.9906e-02
1.4511e+05, 1.0982e-01
1.4511e+05, 1.6606e-01
1.4512e+05, 2.1292e-01
1.4512e+05, 2.6439e-01
1.4512e+05, 3.2253e-01
1.4512e+05, 3.8068e-01
1.4513e+05, 4.9150e-01
1.4514e+05, 5.6647e-01
1.4514e+05, 5.8412e-01
1.4514e+05, 5.8300e-01
1.4514e+05, 5.6558e-01
1.4515e+05, 5.3033e-01
1.4515e+05, 4.8058e-01
1.4515e+05, 4.2106e-01
1.4516e+05, 3.4612e-01
1.4516e+05, 2.7445e-01
1.4517e+05, 1.5254e-01
1.4517e+05, 1.0754e-01
1.4517e+05, 7.4669e-02
1.4518e+05, 5.0464e-02
1.4518e+05, 3.4364e-02
1.4518e+05, 2.3409e-02
1.4519e+05, 1.6559e-02
1.4519e+05, 1.2073e-02
1.4519e+05, 9.2952e-03
1.4520e+05, 6.2063e-03
1.4521e+05, 4.6815e-03
1.4522e+05, 3.0833e-03
1.4524e+05, 2.2720e-03
1.4527e+05, 1.4571e-03
1.4529e+05, 1.0779e-03
1.4532e+05, 8.6741e-04
1.4538e+05, 6.4866e-04
1.4544e+05, 5.4619e-04
1.4560e+05, 4.3116e-04
1.4577e+05, 3.9358e-04
1.4610e+05, 3.6416e-04
1.4677e+05, 3.4230e-04
1.4811e+05, 3.1915e-04
1.5079e+05, 2.8232e-04
1.5784e+05, 2.2230e-04
1.5878e+05, 2.3018e-04
1.5925e+05, 2.5567e-04
1.5949e+05, 2.9430e-04
1.5961e+05, 3.3378e-04
1.5972e+05, 4.0743e-04
1.5981e+05, 5.0855e-04
1.5989e+05, 6.9907e-04
1.5994e+05, 8.7465e-04
1.5998e+05, 1.1626e-03
1.6002e+05, 1.6781e-03
1.6004e+05, 2.1080e-03
1.6006e+05, 2.7698e-03
1.6009e+05, 4.2690e-03
1.6010e+05, 5.5739e-03
1.6012e+05, 7.6614e-03
1.6013e+05, 1.1517e-02
1.6014e+05, 1.4955e-02
1.6014e+05, 2.0566e-02
1.6015e+05, 3.0833e-02
1.6016e+05, 4.9812e-02
1.6016e+05, 6.5212e-02
1.6016e+05, 8.5233e-02
1.6017e+05, 1.1131e-01
1.6017e+05, 1.4430e-01
1.6017e+05, 1.7544e-01
1.6017e+05, 2.0957e-01
1.6018e+05, 2.4740e-01
1.6018e+05, 2.8817e-01
1.6018e+05, 3.3249e-01
1.6018e+05, 3.7544e-01
1.6019e+05, 4.1695e-01
1.6019e+05, 4.5511e-01
1.6019e+05, 5.0837e-01
1.6020e+05, 5.3643e-01
1.6020e+05, 5.3931e-01
1.6020e+05, 5.3341e-01
1.6021e+05, 5.0721e-01
1.6021e+05, 4.6325e-01
1.6021e+05, 4.0683e-01
1.6022e+05, 3.4412e-01
1.6022e+05, 2.6620e-01
1.6023e+05, 1.9638e-01
1.6024e+05, 9.7503e-02
1.6024e+05, 6.7067e-02
1.6024e+05, 4.6610e-02
1.6025e+05, 3.3288e-02
1.6025e+05, 2.4853e-02
1.6026e+05, 1.6501e-02
1.6027e+05, 1.2065e-02
1.6028e+05, 7.5536e-03
1.6030e+05, 5.2742e-03
1.6032e+05, 3.9343e-03
1.6035e+05, 2.4761e-03
1.6038e+05, 1.7409e-03
1.6043e+05, 1.1047e-03
1.6048e+05, 7.9485e-04
1.6058e+05, 5.1345e-04
1.6069e+05, 3.9028e-04
1.6079e+05, 3.2654e-04
1.6105e+05, 2.5650e-04
1.6130e+05, 2.2869e-04
1.6182e+05, 2.0464e-04
1.6284e+05, 1.8768e-04
1.6489e+05, 1.7180e-04
1.7036e+05, 1.4960e-04
1.7140e+05, 1.5400e-04
1.7193e+05, 1.7179e-04
1.7219e+05, 2.1176e-04
1.7232e+05, 2.6958e-04
1.7239e+05, 3.3083e-04
1.7245e+05, 4.4975e-04
1.7251e+05, 6.3843e-04
1.7253e+05, 8.0733e-04
1.7256e+05, 1.0878e-03
1.7258e+05, 1.5937e-03
1.7260e+05, 2.0125e-03
1.7261e+05, 2.6533e-03
1.7262e+05, 3.7663e-03
1.7263e+05, 4.7002e-03
1.7264e+05, 6.1842e-03
1.7264e+05, 8.9642e-03
1.7265e+05, 1.4687e-02
1.7265e+05, 1.9733e-02
1.7265e+05, 2.6826e-02
1.7266e+05, 3.6894e-02
1.7266e+05, 5.0874e-02
1.7267e+05, 7.7551e-02
1.7267e+05, 1.1517e-01
1.7267e+05, 1.6472e-01
1.7268e+05, 2.2509e-01
1.7268e+05, 2.9238e-01
1.7269e+05, 3.5975e-01
1.7270e+05, 4.5858e-01
1.7270e+05, 4.7563e-01
1.7270e+05, 4.7434e-01
1.7270e+05, 4.6182e-01
1.7271e+05, 4.3800e-01
1.7271e+05, 4.0457e-01
1.7271e+05, 3.6404e-01
1.7272e+05, 3.0654e-01
1.7272e+05, 2.4786e-01
1.7273e+05, 1.4472e-01
1.7274e+05, 7.4500e-02
1.7274e+05, 5.1793e-02
1.7274e+05, 3.6078e-02
1.7275e+05, 2.4989e-02
1.7275e+05, 1.7627e-02
1.7275e+05, 1.2825e-02
1.7276e+05, 9.7736e-03
1.7276e+05, 6.3000e-03
1.7277e+05, 4.6120e-03
1.7278e+05, 3.1941e-03
1.7280e+05, 2.3965e-03
1.7282e+05, 1.5399e-03
1.7284e+05, 1.0993e-03
1.7287e+05, 8.3519e-04
1.7291e+05, 5.5432e-04
1.7296e+05, 4.1968e-04
1.7305e+05, 2.8657e-04
1.7315e+05, 2.2980e-04
1.7335e+05, 1.7950e-04
1.7356e+05, 1.6050e-04
1.7398e+05, 1.4595e-04
1.7481e+05, 1.3698e-04
1.7647e+05, 1.2994e-04
1.7980e+05, 1.2353e-04
1.8335e+05, 1.2184e-04
1.8854e+05, 1.3374e-04
1.9048e+05, 1.4739e-04
1.9243e+05, 1.7165e-04
1.9437e+05, 2.1687e-04
1.9534e+05, 2.5485e-04
1.9632e+05, 3.1072e-04
1.9713e+05, 3.8152e-04
1.9795e+05, 4.8876e-04
1.9836e+05, 5.6378e-04
1.9877e+05, 6.5993e-04
1.9918e+05, 7.8539e-04
1.9959e+05, 9.5185e-04
2.0000e+05, 1.1767e-03
2.0033e+05, 1.4189e-03
2.0066e+05, 1.7316e-03
2.0082e+05, 1.9128e-03
2.0099e+05, 2.1314e-03
2.0115e+05, 2.3639e-03
2.0132e+05, 2.6264e-03
2.0197e+05, 3.8449e-03
2.0214e+05, 4.1209e-03
2.0230e+05, 4.3438e-03
2.0247e+05, 4.4907e-03
2.0263e+05, 4.5385e-03
2.0278e+05, 4.4797e-03
2.0293e+05, 4.3416e-03
2.0323e+05, 3.8948e-03
2.0384e+05, 2.7662e-03
2.0414e+05, 2.2763e-03
2.0444e+05, 1.8791e-03
2.0475e+05, 1.5604e-03
2.0505e+05, 1.3053e-03
2.0538e+05, 1.0899e-03
2.0572e+05, 9.1878e-04
2.0605e+05, 7.8683e-04
2.0638e+05, 6.7983e-04
2.0672e+05, 5.9515e-04
2.0705e+05, 5.2498e-04
2.0772e+05, 4.2012e-04
2.0850e+05, 3.3653e-04
2.0927e+05, 2.7780e-04
2.1005e+05, 2.3514e-04
2.1083e+05, 2.0330e-04
2.1239e+05, 1.6063e-04
2.1394e+05, 1.3286e-04
2.1772e+05, 9.6751e-05
2.2150e+05, 7.9271e-05
2.2906e+05, 6.3690e-05
2.3617e+05, 5.9680e-05
2.4684e+05, 6.8675e-05
2.5218e+05, 8.6150e-05
2.5485e+05, 1.0294e-04
2.5751e+05, 1.3243e-04
2.5896e+05, 1.6401e-04
2.5968e+05, 1.9755e-04
2.6004e+05, 2.3434e-04
2.6022e+05, 2.6946e-04
2.6040e+05, 3.3215e-04
2.6054e+05, 4.1924e-04
2.6067e+05, 6.0291e-04
2.6073e+05, 7.8414e-04
2.6080e+05, 1.1027e-03
2.6083e+05, 1.3691e-03
2.6087e+05, 1.7782e-03
2.6090e+05, 2.4482e-03
2.6093e+05, 3.6578e-03
2.6096e+05, 5.9954e-03
2.6098e+05, 8.2792e-03
2.6100e+05, 1.2494e-02
2.6100e+05, 1.6282e-02
2.6101e+05, 2.2311e-02
2.6102e+05, 3.2461e-02
2.6103e+05, 4.9702e-02
2.6103e+05, 7.7985e-02
2.6104e+05, 9.7496e-02
2.6104e+05, 1.2100e-01
2.6105e+05, 1.4849e-01
2.6105e+05, 1.7956e-01
2.6105e+05, 2.1331e-01
2.6106e+05, 2.4838e-01
2.6106e+05, 3.0141e-01
2.6107e+05, 3.6709e-01
2.6108e+05, 3.7573e-01
2.6108e+05, 3.7007e-01
2.6109e+05, 3.5612e-01
2.6109e+05, 3.3551e-01
2.6110e+05, 3.0860e-01
2.6110e+05, 2.7857e-01
2.6110e+05, 2.4561e-01
2.6111e+05, 2.1322e-01
2.6111e+05, 1.5292e-01
2.6112e+05, 1.0415e-01
2.6113e+05, 6.9315e-02
2.6113e+05, 4.5807e-02
2.6114e+05, 3.1231e-02
2.6115e+05, 2.2151e-02
2.6116e+05, 1.6598e-02
2.6117e+05, 1.0563e-02
2.6118e+05, 7.4848e-03
2.6120e+05, 5.6700e-03
2.6123e+05, 3.6343e-03
2.6126e+05, 2.4939e-03
2.6129e+05, 1.8519e-03
2.6135e+05, 1.1755e-03
2.6141e+05, 8.4317e-04
2.6148e+05, 6.5911e-04
2.6160e+05, 4.7370e-04
2.6172e+05, 3.8493e-04
2.6192e+05, 3.2213e-04
2.6212e+05, 2.9501e-04
2.6252e+05, 2.7958e-04
2.6339e+05, 3.0277e-04
2.6426e+05, 3.5522e-04
2.6522e+05, 4.4303e-04
2.6617e+05, 5.7821e-04
2.6712e+05, 7.9673e-04
2.6807e+05, 1.1807e-03
2.6855e+05, 1.4903e-03
2.6903e+05, 1.9431e-03
2.6950e+05, 2.6379e-03
2.6974e+05, 3.1359e-03
2.6998e+05, 3.7714e-03
2.7016e+05, 4.4100e-03
2.7035e+05, 5.2153e-03
2.7053e+05, 6.2379e-03
2.7062e+05, 6.8366e-03
2.7072e+05, 7.5466e-03
2.7090e+05, 9.2353e-03
2.7099e+05, 1.0248e-02
2.7109e+05, 1.1423e-02
2.7127e+05, 1.4249e-02
2.7146e+05, 1.7727e-02
2.7177e+05, 2.4243e-02
2.7192e+05, 2.6643e-02
2.7200e+05, 2.7332e-02
2.7208e+05, 2.7575e-02
2.7216e+05, 2.7281e-02
2.7224e+05, 2.6505e-02
2.7232e+05, 2.5352e-02
2.7240e+05, 2.3898e-02
2.7273e+05, 1.7124e-02
2.7289e+05, 1.4125e-02
2.7305e+05, 1.1644e-02
2.7322e+05, 9.6506e-03
2.7338e+05, 8.0500e-03
2.7355e+05, 6.7070e-03
2.7373e+05, 5.6403e-03
2.7390e+05, 4.8044e-03
2.7408e+05, 4.1280e-03
2.7443e+05, 3.1389e-03
2.7478e+05, 2.4666e-03
2.7512e+05, 1.9949e-03
2.7547e+05, 1.6426e-03
2.7617e+05, 1.1844e-03
2.7687e+05, 9.0794e-04
2.7757e+05, 7.3206e-04
2.7920e+05, 5.2220e-04
2.8083e+05, 4.5792e-04
2.8176e+05, 4.6967e-04
2.8264e+05, 5.1806e-04
2.8351e+05, 6.2028e-04
2.8438e+05, 8.1418e-04
2.8482e+05, 9.7510e-04
2.8526e+05, 1.2099e-03
2.8564e+05, 1.5143e-03
2.8582e+05, 1.7097e-03
2.8601e+05, 1.9587e-03
2.8620e+05, 2.2689e-03
2.8639e+05, 2.6658e-03
2.8658e+05, 3.1819e-03
2.8677e+05, 3.8601e-03
2.8689e+05, 4.3937e-03
2.8700e+05, 5.0429e-03
2.8712e+05, 5.8421e-03
2.8724e+05, 6.8346e-03
2.8735e+05, 8.0750e-03
2.8747e+05, 9.6455e-03
2.8759e+05, 1.1657e-02
2.8764e+05, 1.2862e-02
2.8770e+05, 1.4223e-02
2.8779e+05, 1.6511e-02
2.8787e+05, 1.9191e-02
2.8796e+05, 2.2238e-02
2.8804e+05, 2.5565e-02
2.8821e+05, 3.1843e-02
2.8830e+05, 3.3925e-02
2.8838e+05, 3.4666e-02
2.8843e+05, 3.4320e-02
2.8849e+05, 3.3368e-02
2.8854e+05, 3.1918e-02
2.8860e+05, 3.0090e-02
2.8882e+05, 2.1586e-02
2.8893e+05, 1.7807e-02
2.8904e+05, 1.4678e-02
2.8915e+05, 1.2158e-02
2.8926e+05, 1.0145e-02
2.8937e+05, 8.4384e-03
2.8949e+05, 7.0935e-03
2.8961e+05, 6.0323e-03
2.8973e+05, 5.1795e-03
2.8985e+05, 4.4917e-03
2.8997e+05, 3.9273e-03
2.9020e+05, 3.0765e-03
2.9042e+05, 2.5184e-03
2.9064e+05, 2.0953e-03
2.9085e+05, 1.7708e-03
2.9107e+05, 1.5201e-03
2.9150e+05, 1.1554e-03
2.9194e+05, 9.1116e-04
2.9235e+05, 7.4817e-04
2.9276e+05, 6.2550e-04
2.9359e+05, 4.6115e-04
2.9442e+05, 3.5763e-04
2.9525e+05, 2.8794e-04
2.9714e+05, 1.9480e-04
2.9903e+05, 1.4528e-04
3.0281e+05, 9.7520e-05
3.0534e+05, 8.5794e-05
3.0683e+05, 9.3413e-05
3.0758e+05, 1.1803e-04
3.0796e+05, 1.5459e-04
3.0814e+05, 1.9057e-04
3.0833e+05, 2.5485e-04
3.0849e+05, 3.5951e-04
3.0857e+05, 4.4883e-04
3.0865e+05, 5.8650e-04
3.0873e+05, 8.0870e-04
3.0880e+05, 1.2155e-03
3.0884e+05, 1.5630e-03
3.0888e+05, 2.0981e-03
3.0892e+05, 2.9846e-03
3.0896e+05, 4.5722e-03
3.0898e+05, 5.7761e-03
3.0900e+05, 7.5846e-03
3.0902e+05, 1.0476e-02
3.0903e+05, 1.5609e-02
3.0904e+05, 2.0033e-02
3.0905e+05, 2.6854e-02
3.0906e+05, 3.8025e-02
3.0907e+05, 5.6738e-02
3.0908e+05, 8.7940e-02
3.0909e+05, 1.3566e-01
3.0909e+05, 1.6698e-01
3.0910e+05, 2.0198e-01
3.0910e+05, 2.4134e-01
3.0910e+05, 2.8180e-01
3.0911e+05, 3.2662e-01
3.0912e+05, 3.9696e-01
3.0913e+05, 4.3379e-01
3.0913e+05, 4.3603e-01
3.0914e+05, 4.2722e-01
3.0914e+05, 3.9743e-01
3.0915e+05, 3.5228e-01
3.0915e+05, 2.9718e-01
3.0916e+05, 2.4089e-01
3.0917e+05, 1.8747e-01
3.0917e+05, 1.4231e-01
3.0918e+05, 7.8019e-02
3.0920e+05, 4.5328e-02
3.0921e+05, 2.8480e-02
3.0922e+05, 1.9553e-02
3.0923e+05, 1.4425e-02
3.0925e+05, 8.9841e-03
3.0928e+05, 6.2255e-03
3.0930e+05, 4.5892e-03
3.0932e+05, 3.5315e-03
3.0937e+05, 2.2908e-03
3.0941e+05, 1.5941e-03
3.0946e+05, 1.1732e-03
3.0956e+05, 7.2241e-04
3.0966e+05, 5.0283e-04
3.0975e+05, 3.7559e-04
3.0995e+05, 2.4347e-04
3.1014e+05, 1.8063e-04
3.1039e+05, 1.3925e-04
3.1064e+05, 1.1702e-04
3.1114e+05, 9.9129e-05
3.1141e+05, 1.0310e-04
3.1169e+05, 1.1955e-04
3.1183e+05, 1.4378e-04
3.1196e+05, 2.0895e-04
3.1203e+05, 2.7469e-04
3.1210e+05, 4.1143e-04
3.1213e+05, 5.3758e-04
3.1217e+05, 7.5393e-04
3.1220e+05, 1.1825e-03
3.1222e+05, 1.5734e-03
3.1224e+05, 2.2431e-03
3.1225e+05, 3.0386e-03
3.1226e+05, 4.6460e-03
3.1226e+05, 6.1805e-03
3.1227e+05, 8.6152e-03
3.1228e+05, 1.2648e-02
3.1228e+05, 1.8990e-02
3.1229e+05, 2.9028e-02
3.1229e+05, 4.4024e-02
3.1230e+05, 6.5269e-02
3.1230e+05, 9.3008e-02
3.1231e+05, 1.6789e-01
3.1232e+05, 2.5042e-01
3.1234e+05, 3.0512e-01
3.1234e+05, 3.0996e-01
3.1234e+05, 3.0851e-01
3.1235e+05, 2.9324e-01
3.1235e+05, 2.6431e-01
3.1236e+05, 2.2598e-01
3.1236e+05, 1.8348e-01
3.1237e+05, 1.2891e-01
3.1238e+05, 8.4117e-02
3.1239e+05, 5.1369e-02
3.1239e+05, 2.9949e-02
3.1240e+05, 1.7196e-02
3.1241e+05, 1.0137e-02
3.1241e+05, 6.3963e-03
3.1242e+05, 4.4161e-03
3.1243e+05, 3.3037e-03
3.1244e+05, 2.6390e-03
3.1245e+05, 1.8684e-03
3.1247e+05, 1.4232e-03
3.1248e+05, 1.1326e-03
3.1252e+05, 7.0019e-04
3.1256e+05, 4.8429e-04
3.1260e+05, 3.6284e-04
3.1263e+05, 2.9008e-04
3.1271e+05, 2.0355e-04
3.1279e+05, 1.6020e-04
3.1294e+05, 1.1450e-04
3.1310e+05, 9.3511e-05
3.1340e+05, 7.5219e-05
3.1371e+05, 6.6779e-05
3.1474e+05, 5.6687e-05
3.1576e+05, 5.2657e-05
3.1781e+05, 4.9373e-05
3.1921e+05, 5.1669e-05
3.1992e+05, 6.0878e-05
3.2027e+05, 7.6395e-05
3.2044e+05, 9.6447e-05
3.2062e+05, 1.3995e-04
3.2072e+05, 2.0035e-04
3.2077e+05, 2.5477e-04
3.2082e+05, 3.3844e-04
3.2087e+05, 4.9025e-04
3.2090e+05, 6.1834e-04
3.2092e+05, 8.0986e-04
3.2095e+05, 1.1146e-03
3.2098e+05, 1.6579e-03
3.2099e+05, 2.1211e-03
3.2100e+05, 2.8604e-03
3.2101e+05, 4.2446e-03
3.2102e+05, 5.4846e-03
3.2103e+05, 7.4574e-03
3.2103e+05, 1.1682e-02
3.2104e+05, 1.9325e-02
3.2105e+05, 3.2452e-02
3.2106e+05, 5.3156e-02
3.2107e+05, 8.2373e-02
3.2107e+05, 1.1835e-01
3.2108e+05, 1.5571e-01
3.2109e+05, 1.8593e-01
3.2109e+05, 1.8889e-01
3.2109e+05, 1.9492e-01
3.2110e+05, 1.9914e-01
3.2110e+05, 2.0260e-01
3.2110e+05, 2.0159e-01
3.2111e+05, 1.8478e-01
3.2111e+05, 1.6993e-01
3.2112e+05, 1.5269e-01
3.2113e+05, 1.1372e-01
3.2114e+05, 7.7547e-02
3.2114e+05, 5.3577e-02
3.2115e+05, 3.5597e-02
3.2115e+05, 2.3138e-02
3.2116e+05, 1.5142e-02
3.2117e+05, 1.0088e-02
3.2117e+05, 7.0291e-03
3.2118e+05, 5.1740e-03
3.2119e+05, 4.0284e-03
3.2120e+05, 2.7253e-03
3.2121e+05, 2.0302e-03
3.2124e+05, 1.2849e-03
3.2127e+05, 8.9748e-04
3.2129e+05, 6.7120e-04
3.2135e+05, 4.2709e-04
3.2139e+05, 3.2240e-04
3.2143e+05, 2.5554e-04
3.2151e+05, 1.7980e-04
3.2159e+05, 1.3759e-04
3.2167e+05, 1.1226e-04
3.2183e+05, 8.4667e-05
3.2199e+05, 7.1414e-05
3.2232e+05, 5.7716e-05
3.2264e+05, 5.1767e-05
3.2360e+05, 4.5626e-05
3.2457e+05, 4.3460e-05
3.2649e+05, 4.1879e-05
3.3033e+05, 4.1399e-05
3.3687e+05, 4.5515e-05
3.4014e+05, 5.1861e-05
3.4178e+05, 5.9382e-05
3.4259e+05, 6.6817e-05
3.4341e+05, 8.2073e-05
3.4387e+05, 9.9821e-05
3.4432e+05, 1.3637e-04
3.4455e+05, 1.7160e-04
3.4478e+05, 2.3461e-04
3.4501e+05, 3.6652e-04
3.4512e+05, 4.9362e-04
3.4524e+05, 7.1455e-04
3.4534e+05, 1.0954e-03
3.4539e+05, 1.4278e-03
3.4544e+05, 1.9500e-03
3.4549e+05, 2.8405e-03
3.4552e+05, 3.5233e-03
3.4554e+05, 4.4936e-03
3.4557e+05, 5.9899e-03
3.4559e+05, 8.4220e-03
3.4562e+05, 1.2749e-02
3.4563e+05, 1.6329e-02
3.4565e+05, 2.1655e-02
3.4566e+05, 2.9485e-02
3.4567e+05, 4.1890e-02
3.4568e+05, 5.0580e-02
3.4568e+05, 6.1366e-02
3.4569e+05, 7.4498e-02
3.4569e+05, 9.0059e-02
3.4570e+05, 1.1485e-01
3.4571e+05, 1.4181e-01
3.4572e+05, 1.6830e-01
3.4573e+05, 1.9042e-01
3.4573e+05, 2.0300e-01
3.4574e+05, 2.0753e-01
3.4575e+05, 2.0474e-01
3.4575e+05, 1.9659e-01
3.4576e+05, 1.8693e-01
3.4576e+05, 1.7529e-01
3.4576e+05, 1.6175e-01
3.4577e+05, 1.4757e-01
3.4578e+05, 1.1838e-01
3.4579e+05, 9.1626e-02
3.4580e+05, 5.2342e-02
3.4581e+05, 3.9777e-02
3.4582e+05, 3.0859e-02
3.4584e+05, 2.1091e-02
3.4585e+05, 1.5304e-02
3.4586e+05, 1.1639e-02
3.4588e+05, 9.1858e-03
3.4591e+05, 6.1664e-03
3.4594e+05, 4.4538e-03
3.4597e+05, 3.3650e-03
3.4600e+05, 2.6371e-03
3.4605e+05, 1.7620e-03
3.4612e+05, 1.2008e-03
3.4619e+05, 8.7359e-04
3.4626e+05, 6.6963e-04
3.4633e+05, 5.3457e-04
3.4647e+05, 3.7207e-04
3.4661e+05, 2.8028e-04
3.4688e+05, 1.8701e-04
3.4716e+05, 1.4349e-04
3.4763e+05, 1.0976e-04
3.4809e+05, 9.5376e-05
3.4902e+05, 8.6441e-05
3.5083e+05, 1.0199e-04
3.5128e+05, 1.1707e-04
3.5173e+05, 1.4667e-04
3.5196e+05, 1.7502e-04
3.5218e+05, 2.2416e-04
3.5241e+05, 3.1058e-04
3.5252e+05, 3.9196e-04
3.5264e+05, 5.2489e-04
3.5276e+05, 8.0068e-04
3.5283e+05, 1.0500e-03
3.5289e+05, 1.4611e-03
3.5295e+05, 2.2028e-03
3.5299e+05, 2.7925e-03
3.5302e+05, 3.6934e-03
3.5305e+05, 5.1890e-03
3.5308e+05, 7.8909e-03
3.5310e+05, 1.0162e-02
3.5311e+05, 1.3606e-02
3.5313e+05, 1.9438e-02
3.5315e+05, 3.1017e-02
3.5315e+05, 4.1250e-02
3.5316e+05, 5.6738e-02
3.5317e+05, 8.0681e-02
3.5318e+05, 1.1567e-01
3.5318e+05, 1.6539e-01
3.5319e+05, 2.2921e-01
3.5320e+05, 3.0441e-01
3.5321e+05, 3.8282e-01
3.5322e+05, 4.7613e-01
3.5323e+05, 5.1245e-01
3.5324e+05, 5.0253e-01
3.5324e+05, 4.5925e-01
3.5325e+05, 3.9110e-01
3.5326e+05, 3.1197e-01
3.5327e+05, 2.3503e-01
3.5328e+05, 1.1843e-01
3.5329e+05, 8.2114e-02
3.5330e+05, 5.7598e-02
3.5331e+05, 3.8030e-02
3.5332e+05, 2.6784e-02
3.5333e+05, 2.0040e-02
3.5334e+05, 1.5745e-02
3.5336e+05, 1.0606e-02
3.5338e+05, 7.7103e-03
3.5342e+05, 4.6845e-03
3.5346e+05, 3.1537e-03
3.5350e+05, 2.2764e-03
3.5354e+05, 1.7374e-03
3.5362e+05, 1.1254e-03
3.5368e+05, 8.4766e-04
3.5375e+05, 6.6836e-04
3.5388e+05, 4.6272e-04
3.5400e+05, 3.4656e-04
3.5413e+05, 2.7834e-04
3.5439e+05, 2.0404e-04
3.5464e+05, 1.6887e-04
3.5515e+05, 1.3427e-04
3.5566e+05, 1.2149e-04
3.5687e+05, 1.1611e-04
3.5930e+05, 1.3310e-04
3.6172e+05, 1.6794e-04
3.6293e+05, 1.9309e-04
3.6414e+05, 2.2541e-04
3.6656e+05, 3.2331e-04
3.6736e+05, 3.7072e-04
3.6776e+05, 3.9742e-04
3.6815e+05, 4.2779e-04
3.6855e+05, 4.6165e-04
3.6875e+05, 4.7992e-04
3.6895e+05, 4.9924e-04
3.6915e+05, 5.1996e-04
3.6935e+05, 5.4157e-04
3.6954e+05, 5.6455e-04
3.6974e+05, 5.8878e-04
3.6995e+05, 6.1595e-04
3.7016e+05, 6.4478e-04
3.7037e+05, 6.7546e-04
3.7058e+05, 7.0816e-04
3.7078e+05, 7.4288e-04
3.7099e+05, 7.7990e-04
3.7110e+05, 7.9925e-04
3.7120e+05, 8.1932e-04
3.7141e+05, 8.6114e-04
3.7153e+05, 8.8692e-04
3.7165e+05, 9.1363e-04
3.7177e+05, 9.4128e-04
3.7190e+05, 9.6985e-04
3.7202e+05, 9.9946e-04
3.7214e+05, 1.0302e-03
3.7238e+05, 1.0948e-03
3.7263e+05, 1.1636e-03
3.7287e+05, 1.2368e-03
3.7311e+05, 1.3143e-03
3.7336e+05, 1.3958e-03
3.7356e+05, 1.4655e-03
3.7376e+05, 1.5373e-03
3.7396e+05, 1.6107e-03
3.7416e+05, 1.6851e-03
3.7435e+05, 1.7601e-03
3.7455e+05, 1.8346e-03
3.7495e+05, 1.9775e-03
3.7655e+05, 2.2935e-03
3.7692e+05, 2.2696e-03
3.7729e+05, 2.2180e-03
3.7765e+05, 2.1511e-03
3.7802e+05, 2.1157e-03
3.7814e+05, 2.1633e-03
3.7830e+05, 2.5046e-03
3.7834e+05, 2.7885e-03
3.7837e+05, 3.3648e-03
3.7839e+05, 3.9133e-03
3.7841e+05, 4.9016e-03
3.7843e+05, 7.1491e-03
3.7844e+05, 9.5393e-03
3.7845e+05, 1.3772e-02
3.7846e+05, 2.3393e-02
3.7847e+05, 3.1015e-02
3.7847e+05, 4.0749e-02
3.7848e+05, 5.3051e-02
3.7848e+05, 6.7287e-02
3.7849e+05, 8.3318e-02
3.7850e+05, 9.9525e-02
3.7851e+05, 1.2627e-01
3.7852e+05, 1.3934e-01
3.7852e+05, 1.3967e-01
3.7852e+05, 1.3882e-01
3.7853e+05, 1.3248e-01
3.7854e+05, 1.2103e-01
3.7854e+05, 1.0568e-01
3.7855e+05, 8.8800e-02
3.7857e+05, 4.2863e-02
3.7857e+05, 2.7655e-02
3.7858e+05, 1.7908e-02
3.7859e+05, 1.2004e-02
3.7860e+05, 8.6457e-03
3.7861e+05, 6.6823e-03
3.7862e+05, 5.5073e-03
3.7864e+05, 4.0666e-03
3.7866e+05, 3.3522e-03
3.7870e+05, 2.6568e-03
3.7879e+05, 2.1298e-03
3.7896e+05, 1.8072e-03
3.7934e+05, 1.5575e-03
3.7972e+05, 1.4017e-03
3.8048e+05, 1.1447e-03
3.8200e+05, 7.8549e-04
3.8202e+05, 8.0169e-04
3.8204e+05, 8.5890e-04
3.8205e+05, 1.0235e-03
3.8207e+05, 1.6353e-03
3.8209e+05, 2.4821e-03
3.8210e+05, 2.7310e-03
3.8210e+05, 2.7328e-03
3.8210e+05, 2.7353e-03
3.8210e+05, 2.7341e-03
3.8210e+05, 2.7305e-03
3.8210e+05, 2.7121e-03
3.8211e+05, 2.6823e-03
3.8211e+05, 2.5886e-03
3.8212e+05, 2.0215e-03
3.8214e+05, 1.4006e-03
3.8215e+05, 9.9932e-04
3.8217e+05, 8.2372e-04
3.8222e+05, 7.4342e-04
3.8233e+05, 7.2261e-04
3.8255e+05, 6.8610e-04
3.8300e+05, 6.2131e-04
3.8389e+05, 5.1121e-04
3.8566e+05, 3.6163e-04
3.8685e+05, 2.9448e-04
3.8804e+05, 2.4419e-04
3.9041e+05, 1.7585e-04
3.9279e+05, 1.3321e-04
3.9516e+05, 1.0543e-04
3.9873e+05, 8.4874e-05
3.9973e+05, 9.5661e-05
3.9998e+05, 1.0548e-04
4.0023e+05, 1.2723e-04
4.0048e+05, 1.8252e-04
4.0061e+05, 2.4498e-04
4.0067e+05, 2.9978e-04
4.0073e+05, 3.8514e-04
4.0081e+05, 5.7469e-04
4.0085e+05, 7.4286e-04
4.0089e+05, 1.0192e-03
4.0093e+05, 1.5094e-03
4.0095e+05, 1.9070e-03
4.0097e+05, 2.5084e-03
4.0099e+05, 3.5046e-03
4.0101e+05, 5.4190e-03
4.0102e+05, 7.2161e-03
4.0103e+05, 1.0240e-02
4.0104e+05, 1.5706e-02
4.0105e+05, 2.5391e-02
4.0105e+05, 3.5202e-02
4.0106e+05, 4.8595e-02
4.0107e+05, 6.6026e-02
4.0107e+05, 8.7083e-02
4.0108e+05, 1.1164e-01
4.0108e+05, 1.3769e-01
4.0109e+05, 1.6272e-01
4.0110e+05, 1.8347e-01
4.0111e+05, 2.0308e-01
4.0112e+05, 1.9833e-01
4.0112e+05, 1.8618e-01
4.0113e+05, 1.6842e-01
4.0113e+05, 1.4689e-01
4.0114e+05, 1.2373e-01
4.0114e+05, 1.0052e-01
4.0115e+05, 7.9594e-02
4.0116e+05, 4.6646e-02
4.0117e+05, 3.0774e-02
4.0118e+05, 2.0330e-02
4.0119e+05, 1.3794e-02
4.0119e+05, 9.7938e-03
4.0120e+05, 7.3237e-03
4.0121e+05, 5.7415e-03
4.0123e+05, 3.9155e-03
4.0124e+05, 2.8925e-03
4.0126e+05, 2.2435e-03
4.0129e+05, 1.4894e-03
4.0133e+05, 1.0758e-03
4.0136e+05, 8.1705e-04
4.0142e+05, 5.2698e-04
4.0148e+05, 3.9770e-04
4.0154e+05, 3.1611e-04
4.0165e+05, 2.1914e-04
4.0176e+05, 1.6907e-04
4.0187e+05, 1.4100e-04
4.0210e+05, 1.0814e-04
4.0232e+05, 9.1225e-05
4.0321e+05, 6.7839e-05
4.0496e+05, 5.6800e-05
4.0671e+05, 5.3614e-05
4.0793e+05, 5.5326e-05
4.0915e+05, 6.6007e-05
4.0976e+05, 7.7584e-05
4.1037e+05, 1.0238e-04
4.1068e+05, 1.2901e-04
4.1098e+05, 1.7671e-04
4.1129e+05, 2.6437e-04
4.1144e+05, 3.4978e-04
4.1159e+05, 4.9062e-04
4.1174e+05, 7.3601e-04
4.1181e+05, 9.4398e-04
4.1188e+05, 1.2586e-03
4.1195e+05, 1.7437e-03
4.1202e+05, 2.6207e-03
4.1206e+05, 3.3388e-03
4.1209e+05, 4.3884e-03
4.1213e+05, 6.0683e-03
4.1216e+05, 8.9453e-03
4.1218e+05, 1.0632e-02
4.1219e+05, 1.2830e-02
4.1220e+05, 1.5813e-02
4.1222e+05, 1.9916e-02
4.1223e+05, 2.5786e-02
4.1224e+05, 2.9605e-02
4.1224e+05, 3.4197e-02
4.1225e+05, 3.9702e-02
4.1226e+05, 4.6257e-02
4.1226e+05, 5.3965e-02
4.1227e+05, 6.2862e-02
4.1228e+05, 7.3812e-02
4.1229e+05, 8.5627e-02
4.1230e+05, 1.0997e-01
4.1231e+05, 1.2082e-01
4.1232e+05, 1.2949e-01
4.1232e+05, 1.3510e-01
4.1233e+05, 1.3705e-01
4.1234e+05, 1.3477e-01
4.1235e+05, 1.2825e-01
4.1235e+05, 1.1831e-01
4.1236e+05, 1.0610e-01
4.1238e+05, 7.9708e-02
4.1239e+05, 6.7453e-02
4.1239e+05, 5.6717e-02
4.1240e+05, 4.8841e-02
4.1241e+05, 4.2073e-02
4.1241e+05, 3.6336e-02
4.1242e+05, 3.1583e-02
4.1243e+05, 2.4207e-02
4.1245e+05, 1.9012e-02
4.1246e+05, 1.5285e-02
4.1247e+05, 1.2543e-02
4.1248e+05, 1.0475e-02
4.1250e+05, 8.8805e-03
4.1252e+05, 6.9691e-03
4.1254e+05, 5.6266e-03
4.1258e+05, 3.8878e-03
4.1263e+05, 2.8470e-03
4.1267e+05, 2.1810e-03
4.1275e+05, 1.4057e-03
4.1284e+05, 9.8131e-04
4.1294e+05, 6.9877e-04
4.1304e+05, 5.1985e-04
4.1325e+05, 3.2574e-04
4.1345e+05, 2.2937e-04
4.1365e+05, 1.7267e-04
4.1406e+05, 1.1346e-04
4.1446e+05, 8.4691e-05
4.1491e+05, 6.7226e-05
4.1536e+05, 5.6682e-05
4.1625e+05, 4.4889e-05
4.1803e+05, 3.4749e-05
4.2160e+05, 2.7744e-05
4.2244e+05, 2.7374e-05
4.2391e+05, 3.0234e-05
4.2427e+05, 3.3077e-05
4.2464e+05, 4.0034e-05
4.2501e+05, 5.8585e-05
4.2519e+05, 8.3728e-05
4.2528e+05, 1.0775e-04
4.2537e+05, 1.4781e-04
4.2546e+05, 2.2329e-04
4.2551e+05, 2.9131e-04
4.2555e+05, 4.0007e-04
4.2560e+05, 5.8655e-04
4.2562e+05, 7.4124e-04
4.2564e+05, 9.7504e-04
4.2566e+05, 1.3536e-03
4.2568e+05, 2.0466e-03
4.2569e+05, 2.6795e-03
4.2571e+05, 3.7629e-03
4.2572e+05, 5.8629e-03
4.2573e+05, 1.0065e-02
4.2574e+05, 1.5347e-02
4.2574e+05, 2.3525e-02
4.2575e+05, 3.5414e-02
4.2576e+05, 5.1373e-02
4.2577e+05, 7.0841e-02
4.2577e+05, 9.2007e-02
4.2578e+05, 1.1188e-01
4.2579e+05, 1.2674e-01
4.2579e+05, 1.2788e-01
4.2579e+05, 1.3067e-01
4.2580e+05, 1.3261e-01
4.2580e+05, 1.3424e-01
4.2580e+05, 1.3235e-01
4.2581e+05, 1.2445e-01
4.2582e+05, 1.1153e-01
4.2582e+05, 9.5368e-02
4.2583e+05, 7.7969e-02
4.2584e+05, 6.1124e-02
4.2584e+05, 4.6144e-02
4.2586e+05, 2.4102e-02
4.2587e+05, 1.3275e-02
4.2588e+05, 7.5474e-03
4.2589e+05, 4.6381e-03
4.2590e+05, 3.1683e-03
4.2591e+05, 2.3475e-03
4.2592e+05, 1.8460e-03
4.2594e+05, 1.2604e-03
4.2596e+05, 9.2784e-04
4.2599e+05, 7.1490e-04
4.2603e+05, 4.6568e-04
4.2607e+05, 3.3296e-04
4.2612e+05, 2.5361e-04
4.2620e+05, 1.6221e-04
4.2627e+05, 1.2282e-04
4.2634e+05, 9.8489e-05
4.2648e+05, 6.9980e-05
4.2662e+05, 5.4645e-05
4.2676e+05, 4.5538e-05
4.2704e+05, 3.6003e-05
4.2733e+05, 3.0742e-05
4.2789e+05, 2.5786e-05
4.2845e+05, 2.3489e-05
4.3023e+05, 2.0464e-05
4.3201e+05, 1.9023e-05
4.3558e+05, 1.7305e-05
4.4271e+05, 1.5561e-05
4.4879e+05, 1.6270e-05
4.5182e+05, 1.9034e-05
4.5334e+05, 2.2296e-05
4.5486e+05, 2.9342e-05
4.5565e+05, 3.6811e-05
4.5645e+05, 4.9543e-05
4.5724e+05, 7.6889e-05
4.5764e+05, 1.0446e-04
4.5803e+05, 1.5158e-04
4.5831e+05, 2.1373e-04
4.5859e+05, 3.3082e-04
4.5873e+05, 4.3303e-04
4.5887e+05, 5.8696e-04
4.5901e+05, 8.5634e-04
4.5915e+05, 1.3756e-03
4.5925e+05, 2.0840e-03
4.5930e+05, 2.6754e-03
4.5935e+05, 3.5647e-03
4.5940e+05, 4.9876e-03
4.5943e+05, 6.0453e-03
4.5945e+05, 7.4714e-03
4.5948e+05, 9.4731e-03
4.5950e+05, 1.2357e-02
4.5953e+05, 1.6687e-02
4.5955e+05, 2.3411e-02
4.5956e+05, 2.7359e-02
4.5957e+05, 3.2164e-02
4.5958e+05, 3.8034e-02
4.5959e+05, 4.5108e-02
4.5960e+05, 5.2996e-02
4.5961e+05, 6.1900e-02
4.5962e+05, 7.1493e-02
4.5963e+05, 8.1199e-02
4.5964e+05, 9.0210e-02
4.5965e+05, 9.7590e-02
4.5967e+05, 1.0413e-01
4.5968e+05, 1.0233e-01
4.5969e+05, 9.7249e-02
4.5970e+05, 8.9490e-02
4.5971e+05, 8.0179e-02
4.5972e+05, 7.2036e-02
4.5973e+05, 6.3948e-02
4.5974e+05, 4.9320e-02
4.5978e+05, 2.8861e-02
4.5981e+05, 1.7913e-02
4.5984e+05, 1.2016e-02
4.5986e+05, 9.5088e-03
4.5988e+05, 7.7055e-03
4.5993e+05, 5.3427e-03
4.5997e+05, 3.9229e-03
4.6002e+05, 3.0142e-03
4.6010e+05, 1.9347e-03
4.6019e+05, 1.3497e-03
4.6030e+05, 9.4638e-04
4.6040e+05, 7.0889e-04
4.6061e+05, 4.4863e-04
4.6082e+05, 3.2211e-04
4.6103e+05, 2.5650e-04
4.6141e+05, 2.1673e-04
4.6160e+05, 2.2562e-04
4.6178e+05, 2.5898e-04
4.6196e+05, 3.2922e-04
4.6213e+05, 4.8253e-04
4.6222e+05, 6.2641e-04
4.6231e+05, 8.5729e-04
4.6240e+05, 1.2911e-03
4.6244e+05, 1.6507e-03
4.6249e+05, 2.1988e-03
4.6253e+05, 3.1017e-03
4.6255e+05, 3.7843e-03
4.6257e+05, 4.7170e-03
4.6259e+05, 6.0577e-03
4.6261e+05, 6.9573e-03
4.6262e+05, 8.0631e-03
4.6263e+05, 9.4666e-03
4.6264e+05, 1.1241e-02
4.6265e+05, 1.3556e-02
4.6266e+05, 1.6552e-02
4.6267e+05, 1.9325e-02
4.6268e+05, 2.2692e-02
4.6268e+05, 2.6743e-02
4.6269e+05, 3.1473e-02
4.6270e+05, 3.7003e-02
4.6271e+05, 4.3106e-02
4.6272e+05, 5.6347e-02
4.6273e+05, 6.3415e-02
4.6274e+05, 6.9169e-02
4.6275e+05, 7.2972e-02
4.6276e+05, 7.4301e-02
4.6277e+05, 7.3374e-02
4.6277e+05, 7.0691e-02
4.6278e+05, 6.6512e-02
4.6279e+05, 6.1220e-02
4.6282e+05, 3.7284e-02
4.6283e+05, 3.0259e-02
4.6284e+05, 2.4521e-02
4.6285e+05, 1.9944e-02
4.6286e+05, 1.6362e-02
4.6287e+05, 1.3551e-02
4.6288e+05, 1.1385e-02
4.6289e+05, 9.6809e-03
4.6290e+05, 8.3263e-03
4.6292e+05, 6.6655e-03
4.6293e+05, 5.4563e-03
4.6295e+05, 4.5489e-03
4.6297e+05, 3.8545e-03
4.6300e+05, 2.8717e-03
4.6303e+05, 2.2293e-03
4.6310e+05, 1.4560e-03
4.6316e+05, 1.0325e-03
4.6327e+05, 6.6570e-04
4.6337e+05, 4.6682e-04
4.6348e+05, 3.4848e-04
4.6358e+05, 2.7553e-04
4.6379e+05, 1.8383e-04
4.6400e+05, 1.3519e-04
4.6442e+05, 8.5734e-05
4.6484e+05, 6.0825e-05
4.6536e+05, 4.5553e-05
4.6589e+05, 3.5863e-05
4.6694e+05, 2.5705e-05
4.6800e+05, 2.0619e-05
4.6905e+05, 1.7734e-05
4.7116e+05, 1.4291e-05
4.7326e+05, 1.2485e-05
4.7878e+05, 1.0309e-05
4.8431e+05, 9.3676e-06
4.9535e+05, 8.5791e-06
5.0000e+05, 8.6388e-06
5.0562e+05, 9.7038e-06
5.0843e+05, 1.2169e-05
5.0983e+05, 1.6340e-05
5.1053e+05, 2.1010e-05
5.1124e+05, 3.1043e-05
5.1168e+05, 4.5078e-05
5.1190e+05, 5.7630e-05
5.1212e+05, 7.7939e-05
5.1234e+05, 1.1407e-04
5.1256e+05, 1.8063e-04
5.1267e+05, 2.4459e-04
5.1278e+05, 3.5238e-04
5.1289e+05, 5.5057e-04
5.1295e+05, 7.1891e-04
5.1300e+05, 9.8983e-04
5.1307e+05, 1.6313e-03
5.1311e+05, 2.2054e-03
5.1314e+05, 3.1752e-03
5.1318e+05, 5.0600e-03
5.1320e+05, 6.7619e-03
5.1321e+05, 9.6020e-03
5.1323e+05, 1.5102e-02
5.1324e+05, 1.9856e-02
5.1325e+05, 2.6945e-02
5.1326e+05, 3.7573e-02
5.1327e+05, 5.2693e-02
5.1328e+05, 7.3381e-02
5.1328e+05, 9.9879e-02
5.1329e+05, 1.2623e-01
5.1330e+05, 1.5399e-01
5.1331e+05, 1.8111e-01
5.1331e+05, 2.0464e-01
5.1333e+05, 2.3018e-01
5.1334e+05, 2.2047e-01
5.1335e+05, 2.0595e-01
5.1335e+05, 1.8658e-01
5.1336e+05, 1.6413e-01
5.1336e+05, 1.4048e-01
5.1338e+05, 9.5809e-02
5.1339e+05, 6.0940e-02
5.1340e+05, 3.7669e-02
5.1341e+05, 2.3705e-02
5.1343e+05, 1.5744e-02
5.1344e+05, 1.1175e-02
5.1346e+05, 7.7809e-03
5.1347e+05, 5.8028e-03
5.1350e+05, 3.6613e-03
5.1354e+05, 2.5458e-03
5.1357e+05, 1.8721e-03
5.1363e+05, 1.1402e-03
5.1370e+05, 7.7957e-04
5.1376e+05, 5.6008e-04
5.1383e+05, 4.2276e-04
5.1396e+05, 2.6824e-04
5.1407e+05, 1.9594e-04
5.1419e+05, 1.4813e-04
5.1442e+05, 9.3817e-05
5.1465e+05, 6.7487e-05
5.1488e+05, 5.0393e-05
5.1534e+05, 3.3420e-05
5.1579e+05, 2.4644e-05
5.1671e+05, 1.7089e-05
5.1763e+05, 1.3604e-05
5.2039e+05, 1.0502e-05
5.2315e+05, 9.9996e-06
5.2529e+05, 1.0501e-05
5.2744e+05, 1.2163e-05
5.2851e+05, 1.3963e-05
5.2958e+05, 1.8121e-05
5.3012e+05, 2.2232e-05
5.3066e+05, 2.8890e-05
5.3119e+05, 4.3240e-05
5.3146e+05, 5.6615e-05
5.3173e+05, 7.9005e-05
5.3199e+05, 1.2159e-04
5.3212e+05, 1.5968e-04
5.3225e+05, 2.2048e-04
5.3237e+05, 3.1693e-04
5.3250e+05, 5.1588e-04
5.3257e+05, 6.9820e-04
5.3263e+05, 9.9242e-04
5.3270e+05, 1.5222e-03
5.3273e+05, 1.9814e-03
5.3276e+05, 2.6873e-03
5.3278e+05, 3.4391e-03
5.3281e+05, 4.5696e-03
5.3283e+05, 6.4528e-03
5.3285e+05, 9.9911e-03
5.3286e+05, 1.3118e-02
5.3288e+05, 1.8015e-02
5.3289e+05, 2.5868e-02
5.3290e+05, 3.8197e-02
5.3291e+05, 5.6964e-02
5.3292e+05, 8.2992e-02
5.3293e+05, 1.1494e-01
5.3294e+05, 1.4791e-01
5.3295e+05, 1.6059e-01
5.3296e+05, 1.8184e-01
5.3297e+05, 1.8957e-01
5.3298e+05, 1.7917e-01
5.3299e+05, 1.6222e-01
5.3300e+05, 1.4045e-01
5.3301e+05, 1.1630e-01
5.3301e+05, 9.3035e-02
5.3303e+05, 5.4763e-02
5.3305e+05, 3.1036e-02
5.3306e+05, 1.8260e-02
5.3308e+05, 1.1738e-02
5.3310e+05, 8.2283e-03
5.3311e+05, 6.1550e-03
5.3313e+05, 4.4150e-03
5.3316e+05, 3.3521e-03
5.3320e+05, 2.1366e-03
5.3325e+05, 1.4778e-03
5.3329e+05, 1.0865e-03
5.3338e+05, 6.7070e-04
5.3347e+05, 4.4987e-04
5.3356e+05, 3.2381e-04
5.3365e+05, 2.4577e-04
5.3383e+05, 1.5743e-04
5.3397e+05, 1.1805e-04
5.3411e+05, 9.2475e-05
5.3439e+05, 6.2734e-05
5.3468e+05, 4.5770e-05
5.3496e+05, 3.6057e-05
5.3553e+05, 2.5311e-05
5.3610e+05, 2.0116e-05
5.3723e+05, 1.4827e-05
5.3837e+05, 1.2621e-05
5.4106e+05, 1.0857e-05
5.4375e+05, 1.0498e-05
5.5081e+05, 1.1361e-05
5.5787e+05, 1.3845e-05
5.6493e+05, 1.9340e-05
5.6846e+05, 2.4978e-05
5.7200e+05, 3.5155e-05
5.7385e+05, 4.7028e-05
5.7477e+05, 6.2668e-05
5.7500e+05, 7.1103e-05
5.7523e+05, 8.7567e-05
5.7535e+05, 1.0159e-04
5.7546e+05, 1.2659e-04
5.7558e+05, 1.6647e-04
5.7564e+05, 2.0320e-04
5.7569e+05, 2.6052e-04
5.7577e+05, 3.9803e-04
5.7581e+05, 5.2420e-04
5.7585e+05, 7.4366e-04
5.7589e+05, 1.1811e-03
5.7590e+05, 1.6078e-03
5.7592e+05, 2.4056e-03
5.7593e+05, 3.1267e-03
5.7594e+05, 4.2639e-03
5.7595e+05, 6.1207e-03
5.7596e+05, 9.1434e-03
5.7597e+05, 1.3908e-02
5.7598e+05, 2.1001e-02
5.7599e+05, 3.0774e-02
5.7600e+05, 4.3008e-02
5.7601e+05, 5.3441e-02
5.7601e+05, 6.3722e-02
5.7603e+05, 8.0072e-02
5.7604e+05, 8.4877e-02
5.7605e+05, 8.3233e-02
5.7606e+05, 7.5336e-02
5.7607e+05, 6.2938e-02
5.7608e+05, 4.8716e-02
5.7609e+05, 3.5198e-02
5.7610e+05, 2.3919e-02
5.7611e+05, 1.5682e-02
5.7612e+05, 1.0123e-02
5.7613e+05, 6.6191e-03
5.7614e+05, 4.3411e-03
5.7615e+05, 3.0437e-03
5.7616e+05, 2.2791e-03
5.7617e+05, 1.8020e-03
5.7619e+05, 1.2440e-03
5.7621e+05, 9.3180e-04
5.7626e+05, 5.9764e-04
5.7630e+05, 4.3018e-04
5.7634e+05, 3.3020e-04
5.7639e+05, 2.6411e-04
5.7647e+05, 1.8964e-04
5.7665e+05, 1.2945e-04
5.7682e+05, 1.0477e-04
5.7721e+05, 8.8702e-05
5.7759e+05, 8.5996e-05
5.7844e+05, 9.5228e-05
5.7929e+05, 1.1366e-04
5.8099e+05, 1.8306e-04
5.8164e+05, 2.3117e-04
5.8230e+05, 3.0288e-04
5.8296e+05, 4.1467e-04
5.8361e+05, 6.0769e-04
5.8396e+05, 7.7316e-04
5.8431e+05, 1.0207e-03
5.8466e+05, 1.4172e-03
5.8483e+05, 1.7124e-03
5.8500e+05, 2.1270e-03
5.8520e+05, 2.8225e-03
5.8539e+05, 4.0039e-03
5.8558e+05, 6.3812e-03
5.8568e+05, 8.6459e-03
5.8577e+05, 1.2576e-02
5.8584e+05, 1.6909e-02
5.8587e+05, 1.9921e-02
5.8590e+05, 2.3694e-02
5.8593e+05, 2.8367e-02
5.8596e+05, 3.3869e-02
5.8599e+05, 3.9856e-02
5.8602e+05, 4.5480e-02
5.8608e+05, 5.0740e-02
5.8612e+05, 4.8504e-02
5.8616e+05, 4.2577e-02
5.8620e+05, 3.5550e-02
5.8624e+05, 2.9426e-02
5.8632e+05, 2.0918e-02
5.8640e+05, 1.6444e-02
5.8652e+05, 1.3888e-02
5.8664e+05, 1.3349e-02
5.8672e+05, 1.3322e-02
5.8680e+05, 1.3281e-02
5.8688e+05, 1.3066e-02
5.8695e+05, 1.2685e-02
5.8702e+05, 1.2117e-02
5.8715e+05, 1.0569e-02
5.8743e+05, 7.1801e-03
5.8750e+05, 6.4601e-03
5.8757e+05, 5.8200e-03
5.8763e+05, 5.2375e-03
5.8770e+05, 4.7287e-03
5.8777e+05, 4.2723e-03
5.8784e+05, 3.8737e-03
5.8798e+05, 3.2087e-03
5.8813e+05, 2.6299e-03
5.8829e+05, 2.1853e-03
5.8844e+05, 1.8399e-03
5.8860e+05, 1.5691e-03
5.8876e+05, 1.3516e-03
5.8891e+05, 1.1760e-03
5.8922e+05, 9.1279e-04
5.8952e+05, 7.3742e-04
5.8982e+05, 6.0653e-04
5.9011e+05, 5.0891e-04
5.9041e+05, 4.3253e-04
5.9101e+05, 3.2464e-04
5.9160e+05, 2.5316e-04
5.9273e+05, 1.7166e-04
5.9386e+05, 1.2479e-04
5.9613e+05, 7.7345e-05
5.9896e+05, 5.1465e-05
6.0179e+05, 3.9072e-05
6.0745e+05, 2.9295e-05
6.1288e+05, 2.7561e-05
6.2194e+05, 3.3969e-05
6.2873e+05, 5.0148e-05
6.3213e+05, 6.6573e-05
6.3383e+05, 7.9141e-05
6.3553e+05, 9.6484e-05
6.3722e+05, 1.2158e-04
6.3892e+05, 1.5946e-04
6.3977e+05, 1.8540e-04
6.4062e+05, 2.1916e-04
6.4147e+05, 2.6343e-04
6.4232e+05, 3.2308e-04
6.4306e+05, 3.9430e-04
6.4379e+05, 4.9185e-04
6.4416e+05, 5.5464e-04
6.4453e+05, 6.3708e-04
6.4490e+05, 7.6835e-04
6.4508e+05, 8.8693e-04
6.4517e+05, 1.0025e-03
6.4526e+05, 1.2665e-03
6.4531e+05, 1.5292e-03
6.4535e+05, 2.0847e-03
6.4537e+05, 2.5437e-03
6.4538e+05, 3.3689e-03
6.4540e+05, 5.1085e-03
6.4541e+05, 6.6653e-03
6.4542e+05, 8.9899e-03
6.4543e+05, 1.2426e-02
6.4543e+05, 1.7195e-02
6.4545e+05, 3.1445e-02
6.4546e+05, 4.0698e-02
6.4547e+05, 5.0339e-02
6.4549e+05, 6.6591e-02
6.4550e+05, 7.1616e-02
6.4551e+05, 7.0005e-02
6.4552e+05, 6.0471e-02
6.4554e+05, 4.6018e-02
6.4555e+05, 3.1305e-02
6.4556e+05, 1.9572e-02
6.4558e+05, 1.1764e-02
6.4559e+05, 7.2193e-03
6.4560e+05, 4.7829e-03
6.4562e+05, 3.5006e-03
6.4564e+05, 2.5324e-03
6.4566e+05, 2.0185e-03
6.4569e+05, 1.7327e-03
6.4573e+05, 1.4338e-03
6.4583e+05, 1.2265e-03
6.4602e+05, 1.1586e-03
6.4642e+05, 1.2900e-03
6.4683e+05, 1.5136e-03
6.4723e+05, 1.7921e-03
6.4763e+05, 2.1198e-03
6.4844e+05, 2.7932e-03
6.4864e+05, 2.9333e-03
6.4884e+05, 3.0326e-03
6.4904e+05, 3.0975e-03
6.4924e+05, 3.1245e-03
6.4944e+05, 3.0907e-03
6.4965e+05, 3.0180e-03
6.4985e+05, 2.9112e-03
6.5006e+05, 2.7655e-03
6.5087e+05, 2.0791e-03
6.5128e+05, 1.7503e-03
6.5169e+05, 1.4706e-03
6.5210e+05, 1.2377e-03
6.5251e+05, 1.0481e-03
6.5281e+05, 9.3231e-04
6.5312e+05, 8.3027e-04
6.5343e+05, 7.4070e-04
6.5374e+05, 6.6732e-04
6.5435e+05, 5.4610e-04
6.5497e+05, 4.5619e-04
6.5559e+05, 3.8585e-04
6.5620e+05, 3.3179e-04
6.5682e+05, 2.8897e-04
6.5743e+05, 2.5426e-04
6.5816e+05, 2.2224e-04
6.5889e+05, 1.9693e-04
6.6034e+05, 1.6085e-04
6.6180e+05, 1.3886e-04
6.6326e+05, 1.3030e-04
6.6440e+05, 1.5188e-04
6.6469e+05, 1.7391e-04
6.6498e+05, 2.1894e-04
6.6512e+05, 2.5796e-04
6.6526e+05, 3.2723e-04
6.6541e+05, 4.5886e-04
6.6548e+05, 5.6736e-04
6.6555e+05, 7.3433e-04
6.6565e+05, 1.1573e-03
6.6569e+05, 1.5516e-03
6.6574e+05, 2.2069e-03
6.6579e+05, 3.4127e-03
6.6581e+05, 4.4738e-03
6.6583e+05, 6.1609e-03
6.6586e+05, 9.0267e-03
6.6588e+05, 1.4106e-02
6.6589e+05, 1.7970e-02
6.6591e+05, 2.2969e-02
6.6592e+05, 2.9144e-02
6.6593e+05, 3.6268e-02
6.6594e+05, 4.4319e-02
6.6595e+05, 5.1608e-02
6.6598e+05, 5.8616e-02
6.6599e+05, 5.6464e-02
6.6601e+05, 5.0535e-02
6.6602e+05, 4.5825e-02
6.6602e+05, 4.0691e-02
6.6604e+05, 3.0561e-02
6.6606e+05, 2.1953e-02
6.6607e+05, 1.5617e-02
6.6609e+05, 1.1247e-02
6.6611e+05, 8.3624e-03
6.6614e+05, 5.1108e-03
6.6617e+05, 3.4614e-03
6.6620e+05, 2.5078e-03
6.6624e+05, 1.9088e-03
6.6627e+05, 1.5116e-03
6.6632e+05, 1.1465e-03
6.6636e+05, 9.0719e-04
6.6645e+05, 6.1574e-04
6.6655e+05, 4.5730e-04
6.6664e+05, 3.6575e-04
6.6682e+05, 2.5830e-04
6.6701e+05, 2.0291e-04
6.6738e+05, 1.5287e-04
6.6775e+05, 1.2885e-04
6.6861e+05, 1.0865e-04
6.6947e+05, 1.0190e-04
6.7066e+05, 1.0268e-04
6.7185e+05, 1.1405e-04
6.7304e+05, 1.5365e-04
6.7364e+05, 2.0764e-04
6.7393e+05, 2.6516e-04
6.7423e+05, 3.6406e-04
6.7441e+05, 4.7552e-04
6.7450e+05, 5.5899e-04
6.7459e+05, 6.7228e-04
6.7468e+05, 8.3146e-04
6.7472e+05, 9.3596e-04
6.7477e+05, 1.0632e-03
6.7482e+05, 1.2183e-03
6.7486e+05, 1.4144e-03
6.7490e+05, 1.6671e-03
6.7495e+05, 1.9972e-03
6.7498e+05, 2.2682e-03
6.7501e+05, 2.5971e-03
6.7504e+05, 3.0015e-03
6.7507e+05, 3.5048e-03
6.7510e+05, 4.1431e-03
6.7511e+05, 4.5237e-03
6.7513e+05, 4.9546e-03
6.7514e+05, 5.4467e-03
6.7515e+05, 6.0018e-03
6.7517e+05, 6.6323e-03
6.7518e+05, 7.3477e-03
6.7521e+05, 8.6879e-03
6.7523e+05, 1.0287e-02
6.7525e+05, 1.2155e-02
6.7528e+05, 1.4206e-02
6.7532e+05, 1.8136e-02
6.7535e+05, 1.9424e-02
6.7536e+05, 1.9771e-02
6.7537e+05, 1.9888e-02
6.7539e+05, 1.9649e-02
6.7540e+05, 1.9053e-02
6.7542e+05, 1.8159e-02
6.7543e+05, 1.7040e-02
6.7545e+05, 1.5779e-02
6.7550e+05, 1.0685e-02
6.7553e+05, 8.6260e-03
6.7556e+05, 6.9924e-03
6.7559e+05, 5.7199e-03
6.7562e+05, 4.7341e-03
6.7564e+05, 4.2046e-03
6.7566e+05, 3.7544e-03
6.7570e+05, 3.0400e-03
6.7574e+05, 2.5082e-03
6.7578e+05, 2.1042e-03
6.7582e+05, 1.7923e-03
6.7586e+05, 1.5474e-03
6.7589e+05, 1.3504e-03
6.7593e+05, 1.1895e-03
6.7598e+05, 1.0389e-03
6.7602e+05, 9.1706e-04
6.7611e+05, 7.3426e-04
6.7620e+05, 6.0598e-04
6.7629e+05, 5.1384e-04
6.7638e+05, 4.4377e-04
6.7647e+05, 3.8975e-04
6.7665e+05, 3.1377e-04
6.7680e+05, 2.7265e-04
6.7694e+05, 2.4350e-04
6.7723e+05, 2.0216e-04
6.7752e+05, 1.7756e-04
6.7781e+05, 1.6140e-04
6.7838e+05, 1.4411e-04
6.7896e+05, 1.3578e-04
6.8011e+05, 1.3307e-04
6.8380e+05, 1.7148e-04
6.8565e+05, 2.1495e-04
6.8658e+05, 2.5895e-04
6.8704e+05, 2.9526e-04
6.8727e+05, 3.5752e-04
6.8739e+05, 4.1901e-04
6.8750e+05, 5.6523e-04
6.8754e+05, 6.7665e-04
6.8758e+05, 8.7082e-04
6.8763e+05, 1.2439e-03
6.8765e+05, 1.5893e-03
6.8767e+05, 2.2104e-03
6.8768e+05, 3.0473e-03
6.8770e+05, 4.6328e-03
6.8771e+05, 7.7326e-03
6.8773e+05, 1.3508e-02
6.8774e+05, 2.3056e-02
6.8776e+05, 3.6263e-02
6.8777e+05, 5.0591e-02
6.8779e+05, 6.1241e-02
6.8780e+05, 6.4107e-02
6.8781e+05, 6.2612e-02
6.8782e+05, 5.8362e-02
6.8783e+05, 4.4395e-02
6.8785e+05, 2.8749e-02
6.8787e+05, 1.6473e-02
6.8788e+05, 1.0247e-02
6.8789e+05, 6.4269e-03
6.8790e+05, 4.2342e-03
6.8792e+05, 2.9993e-03
6.8793e+05, 2.2822e-03
6.8794e+05, 1.8369e-03
6.8797e+05, 1.3239e-03
6.8799e+05, 1.0384e-03
6.8802e+05, 8.6122e-04
6.8807e+05, 6.6236e-04
6.8817e+05, 4.9675e-04
6.8828e+05, 4.1630e-04
6.8848e+05, 3.6772e-04
6.8868e+05, 3.5091e-04
6.8898e+05, 3.5062e-04
6.8927e+05, 3.5923e-04
6.8956e+05, 3.7193e-04
6.8985e+05, 3.8700e-04
6.9015e+05, 4.0376e-04
6.9044e+05, 4.2193e-04
6.9073e+05, 4.4127e-04
6.9103e+05, 4.6170e-04
6.9132e+05, 4.8310e-04
6.9162e+05, 5.0532e-04
6.9185e+05, 5.2331e-04
6.9208e+05, 5.4166e-04
6.9231e+05, 5.6027e-04
6.9254e+05, 5.7907e-04
6.9277e+05, 5.9788e-04
6.9300e+05, 6.1662e-04
6.9346e+05, 6.5325e-04
6.9392e+05, 6.8730e-04
6.9438e+05, 7.1736e-04
6.9530e+05, 7.5949e-04
6.9604e+05, 7.6972e-04
6.9669e+05, 7.5893e-04
6.9733e+05, 7.3207e-04
6.9798e+05, 6.9293e-04
6.9862e+05, 6.4548e-04
6.9927e+05, 5.9365e-04
6.9991e+05, 5.4078e-04
7.0056e+05, 4.8943e-04
7.0120e+05, 4.4140e-04
7.0242e+05, 3.6321e-04
7.0364e+05, 3.0048e-04
7.0608e+05, 2.1332e-04
7.0852e+05, 1.6149e-04
7.1095e+05, 1.3151e-04
7.1417e+05, 1.1631e-04
7.1675e+05, 1.2599e-04
7.1795e+05, 1.4192e-04
7.1916e+05, 1.7155e-04
7.1976e+05, 1.9394e-04
7.2037e+05, 2.2490e-04
7.2097e+05, 2.6735e-04
7.2157e+05, 3.2611e-04
7.2198e+05, 3.7780e-04
7.2238e+05, 4.4130e-04
7.2278e+05, 5.1717e-04
7.2318e+05, 6.0651e-04
7.2399e+05, 7.9457e-04
7.2439e+05, 8.6156e-04
7.2479e+05, 8.8769e-04
7.2507e+05, 8.7356e-04
7.2530e+05, 8.4357e-04
7.2553e+05, 8.0131e-04
7.2599e+05, 6.9663e-04
7.2691e+05, 4.8509e-04
7.2737e+05, 4.0157e-04
7.2783e+05, 3.3566e-04
7.2829e+05, 2.8332e-04
7.2875e+05, 2.4173e-04
7.2939e+05, 1.9844e-04
7.3003e+05, 1.6685e-04
7.3132e+05, 1.2608e-04
7.3260e+05, 1.0273e-04
7.3388e+05, 9.0765e-05
7.3457e+05, 8.8351e-05
7.3611e+05, 9.8122e-05
7.3688e+05, 1.2161e-04
7.3726e+05, 1.5785e-04
7.3745e+05, 2.0461e-04
7.3755e+05, 2.4976e-04
7.3765e+05, 3.3917e-04
7.3773e+05, 4.9257e-04
7.3777e+05, 6.3823e-04
7.3781e+05, 9.0237e-04
7.3783e+05, 1.1220e-03
7.3785e+05, 1.4587e-03
7.3787e+05, 2.0500e-03
7.3789e+05, 3.2589e-03
7.3790e+05, 4.3712e-03
7.3791e+05, 6.0594e-03
7.3792e+05, 8.6020e-03
7.3793e+05, 1.2297e-02
7.3795e+05, 2.3934e-02
7.3796e+05, 3.1673e-02
7.3797e+05, 3.9926e-02
7.3798e+05, 4.7212e-02
7.3798e+05, 5.2943e-02
7.3800e+05, 5.6918e-02
7.3801e+05, 5.4150e-02
7.3803e+05, 4.6117e-02
7.3804e+05, 3.5455e-02
7.3805e+05, 2.4803e-02
7.3807e+05, 1.6193e-02
7.3808e+05, 1.0106e-02
7.3809e+05, 6.3197e-03
7.3811e+05, 4.1095e-03
7.3812e+05, 2.8540e-03
7.3813e+05, 2.1677e-03
7.3814e+05, 1.7333e-03
7.3817e+05, 1.2226e-03
7.3819e+05, 9.3614e-04
7.3822e+05, 7.5752e-04
7.3827e+05, 5.5284e-04
7.3832e+05, 4.3908e-04
7.3841e+05, 3.2894e-04
7.3851e+05, 2.8392e-04
7.3872e+05, 2.6070e-04
7.3901e+05, 2.8696e-04
7.3929e+05, 3.5440e-04
7.3944e+05, 4.0557e-04
7.3958e+05, 4.7284e-04
7.3972e+05, 5.6221e-04
7.3986e+05, 6.8133e-04
7.3997e+05, 7.9597e-04
7.4007e+05, 9.3942e-04
7.4018e+05, 1.1187e-03
7.4029e+05, 1.3399e-03
7.4039e+05, 1.6063e-03
7.4050e+05, 1.9102e-03
7.4071e+05, 2.4783e-03
7.4078e+05, 2.5869e-03
7.4085e+05, 2.6247e-03
7.4092e+05, 2.5853e-03
7.4097e+05, 2.5096e-03
7.4102e+05, 2.4015e-03
7.4113e+05, 2.1233e-03
7.4134e+05, 1.5259e-03
7.4144e+05, 1.2749e-03
7.4154e+05, 1.0672e-03
7.4165e+05, 8.9874e-04
7.4175e+05, 7.6307e-04
7.4188e+05, 6.3189e-04
7.4200e+05, 5.3052e-04
7.4213e+05, 4.5129e-04
7.4226e+05, 3.8934e-04
7.4251e+05, 2.9800e-04
7.4277e+05, 2.3661e-04
7.4304e+05, 1.9121e-04
7.4331e+05, 1.5889e-04
7.4386e+05, 1.1715e-04
7.4440e+05, 9.2010e-05
7.4494e+05, 7.5707e-05
7.4651e+05, 5.1107e-05
7.4807e+05, 3.9579e-05
7.5120e+05, 2.9049e-05
7.5609e+05, 2.2840e-05
7.6098e+05, 2.1044e-05
7.6642e+05, 2.4126e-05
7.6913e+05, 3.0648e-05
7.7049e+05, 3.7104e-05
7.7185e+05, 4.9164e-05
7.7270e+05, 6.3389e-05
7.7355e+05, 8.8264e-05
7.7398e+05, 1.1011e-04
7.7440e+05, 1.4608e-04
7.7483e+05, 2.0986e-04
7.7504e+05, 2.6567e-04
7.7525e+05, 3.5525e-04
7.7545e+05, 5.0103e-04
7.7554e+05, 6.1068e-04
7.7564e+05, 7.7517e-04
7.7574e+05, 1.0298e-03
7.7584e+05, 1.4541e-03
7.7588e+05, 1.7794e-03
7.7593e+05, 2.2237e-03
7.7598e+05, 2.8725e-03
7.7603e+05, 3.8707e-03
7.7607e+05, 5.0613e-03
7.7611e+05, 6.8403e-03
7.7615e+05, 9.5475e-03
7.7617e+05, 1.1383e-02
7.7618e+05, 1.3601e-02
7.7620e+05, 1.5541e-02
7.7621e+05, 1.7665e-02
7.7623e+05, 1.9893e-02
7.7624e+05, 2.2082e-02
7.7626e+05, 2.4092e-02
7.7627e+05, 2.5707e-02
7.7630e+05, 2.7135e-02
7.7632e+05, 2.6083e-02
7.7634e+05, 2.4852e-02
7.7635e+05, 2.3292e-02
7.7636e+05, 2.1499e-02
7.7637e+05, 1.9618e-02
7.7639e+05, 1.7720e-02
7.7640e+05, 1.5912e-02
7.7643e+05, 1.2087e-02
7.7646e+05, 9.2146e-03
7.7652e+05, 5.6233e-03
7.7658e+05, 3.7175e-03
7.7664e+05, 2.6494e-03
7.7670e+05, 2.0045e-03
7.7676e+05, 1.5906e-03
7.7688e+05, 1.1182e-03
7.7697e+05, 9.1602e-04
7.7716e+05, 7.2581e-04
7.7736e+05, 6.7387e-04
7.7750e+05, 6.8859e-04
7.7763e+05, 7.3826e-04
7.7777e+05, 8.2179e-04
7.7791e+05, 9.3965e-04
7.7805e+05, 1.0923e-03
7.7819e+05, 1.2749e-03
7.7847e+05, 1.6244e-03
7.7856e+05, 1.6891e-03
7.7865e+05, 1.7096e-03
7.7874e+05, 1.6819e-03
7.7882e+05, 1.6184e-03
7.7890e+05, 1.5267e-03
7.7907e+05, 1.2993e-03
7.7939e+05, 8.6700e-04
7.7955e+05, 7.0827e-04
7.7972e+05, 5.8563e-04
7.7988e+05, 4.9202e-04
7.8004e+05, 4.2097e-04
7.8019e+05, 3.7041e-04
7.8035e+05, 3.3121e-04
7.8065e+05, 2.7765e-04
7.8095e+05, 2.4793e-04
7.8125e+05, 2.3639e-04
7.8167e+05, 2.4887e-04
7.8209e+05, 3.0781e-04
7.8251e+05, 4.5800e-04
7.8272e+05, 6.1591e-04
7.8293e+05, 9.0192e-04
7.8311e+05, 1.3731e-03
7.8320e+05, 1.7744e-03
7.8329e+05, 2.3896e-03
7.8338e+05, 3.3984e-03
7.8342e+05, 4.1585e-03
7.8346e+05, 5.1969e-03
7.8351e+05, 6.6597e-03
7.8355e+05, 8.7548e-03
7.8360e+05, 1.1756e-02
7.8362e+05, 1.3738e-02
7.8364e+05, 1.6139e-02
7.8366e+05, 1.8298e-02
7.8367e+05, 2.0913e-02
7.8369e+05, 2.3812e-02
7.8371e+05, 2.6898e-02
7.8373e+05, 2.9997e-02
7.8375e+05, 3.2867e-02
7.8376e+05, 3.5218e-02
7.8378e+05, 3.6769e-02
7.8380e+05, 3.7310e-02
7.8382e+05, 3.6885e-02
7.8383e+05, 3.5659e-02
7.8385e+05, 3.3763e-02
7.8386e+05, 3.1384e-02
7.8388e+05, 2.8726e-02
7.8389e+05, 2.5977e-02
7.8391e+05, 2.3288e-02
7.8393e+05, 2.0761e-02
7.8396e+05, 1.6133e-02
7.8399e+05, 1.2622e-02
7.8406e+05, 8.0010e-03
7.8413e+05, 5.3482e-03
7.8420e+05, 3.8298e-03
7.8426e+05, 2.8734e-03
7.8433e+05, 2.2247e-03
7.8447e+05, 1.4466e-03
7.8462e+05, 9.7826e-04
7.8477e+05, 7.1204e-04
7.8492e+05, 5.4168e-04
7.8507e+05, 4.2732e-04
7.8538e+05, 2.8830e-04
7.8568e+05, 2.1029e-04
7.8607e+05, 1.5226e-04
7.8645e+05, 1.1710e-04
7.8723e+05, 7.7678e-05
7.8800e+05, 5.7287e-05
7.8878e+05, 4.5248e-05
7.8979e+05, 3.5603e-05
7.9080e+05, 2.9531e-05
7.9282e+05, 2.2561e-05
7.9687e+05, 1.6565e-05
8.0334e+05, 1.4323e-05
8.0819e+05, 1.6349e-05
8.1062e+05, 1.9945e-05
8.1183e+05, 2.3397e-05
8.1305e+05, 2.9253e-05
8.1399e+05, 3.7426e-05
8.1493e+05, 5.2512e-05
8.1540e+05, 6.4434e-05
8.1588e+05, 8.3589e-05
8.1635e+05, 1.1487e-04
8.1682e+05, 1.7060e-04
8.1707e+05, 2.2187e-04
8.1733e+05, 3.0211e-04
8.1745e+05, 3.5932e-04
8.1758e+05, 4.3620e-04
8.1771e+05, 5.4096e-04
8.1783e+05, 6.8822e-04
8.1795e+05, 8.8633e-04
8.1801e+05, 1.0172e-03
8.1807e+05, 1.1764e-03
8.1813e+05, 1.3756e-03
8.1819e+05, 1.6258e-03
8.1824e+05, 1.9426e-03
8.1830e+05, 2.3458e-03
8.1836e+05, 2.7946e-03
8.1841e+05, 3.3484e-03
8.1846e+05, 4.0195e-03
8.1851e+05, 4.8021e-03
8.1862e+05, 6.4459e-03
8.1867e+05, 7.0373e-03
8.1869e+05, 7.2015e-03
8.1872e+05, 7.2571e-03
8.1874e+05, 7.2053e-03
8.1877e+05, 7.0551e-03
8.1882e+05, 6.5121e-03
8.1887e+05, 5.7672e-03
8.1892e+05, 4.9631e-03
8.1897e+05, 4.1993e-03
8.1902e+05, 3.5316e-03
8.1907e+05, 2.9711e-03
8.1912e+05, 2.5106e-03
8.1918e+05, 2.0375e-03
8.1924e+05, 1.6772e-03
8.1931e+05, 1.3975e-03
8.1937e+05, 1.1782e-03
8.1944e+05, 1.0046e-03
8.1950e+05, 8.6576e-04
8.1963e+05, 6.6110e-04
8.1975e+05, 5.2731e-04
8.1987e+05, 4.3063e-04
8.2012e+05, 3.0416e-04
8.2036e+05, 2.2689e-04
8.2060e+05, 1.7687e-04
8.2097e+05, 1.2950e-04
8.2134e+05, 9.9922e-05
8.2208e+05, 6.7936e-05
8.2283e+05, 5.2414e-05
8.2357e+05, 4.3844e-05
8.2540e+05, 3.7395e-05
8.2688e+05, 4.1134e-05
8.2836e+05, 5.3540e-05
8.2911e+05, 6.6145e-05
8.2985e+05, 8.7736e-05
8.3059e+05, 1.2767e-04
8.3096e+05, 1.5879e-04
8.3133e+05, 2.0710e-04
8.3176e+05, 3.0133e-04
8.3219e+05, 4.8631e-04
8.3240e+05, 6.4727e-04
8.3262e+05, 9.1491e-04
8.3283e+05, 1.3951e-03
8.3294e+05, 1.7925e-03
8.3305e+05, 2.3746e-03
8.3312e+05, 2.9203e-03
8.3319e+05, 3.6910e-03
8.3325e+05, 4.8096e-03
8.3332e+05, 6.5123e-03
8.3339e+05, 9.2798e-03
8.3343e+05, 1.1345e-02
8.3346e+05, 1.4135e-02
8.3353e+05, 2.3249e-02
8.3357e+05, 3.0581e-02
8.3359e+05, 3.5265e-02
8.3360e+05, 4.0695e-02
8.3362e+05, 4.5720e-02
8.3363e+05, 5.1180e-02
8.3365e+05, 5.6885e-02
8.3366e+05, 6.2680e-02
8.3367e+05, 6.8170e-02
8.3369e+05, 7.3054e-02
8.3370e+05, 7.6875e-02
8.3373e+05, 8.0171e-02
8.3376e+05, 7.6847e-02
8.3377e+05, 7.2987e-02
8.3379e+05, 6.8132e-02
8.3380e+05, 6.2608e-02
8.3381e+05, 5.6865e-02
8.3383e+05, 5.1177e-02
8.3384e+05, 4.5769e-02
8.3386e+05, 3.9036e-02
8.3388e+05, 3.3255e-02
8.3392e+05, 2.4401e-02
8.3400e+05, 1.4002e-02
8.3408e+05, 8.8148e-03
8.3415e+05, 6.0108e-03
8.3423e+05, 4.3459e-03
8.3431e+05, 3.2851e-03
8.3446e+05, 2.0699e-03
8.3458e+05, 1.5558e-03
8.3470e+05, 1.2070e-03
8.3493e+05, 7.8843e-04
8.3516e+05, 5.5620e-04
8.3539e+05, 4.1712e-04
8.3586e+05, 2.5759e-04
8.3632e+05, 1.7658e-04
8.3673e+05, 1.3505e-04
8.3713e+05, 1.0823e-04
8.3794e+05, 7.3648e-05
8.3874e+05, 5.4651e-05
8.3955e+05, 4.3196e-05
8.4116e+05, 3.0533e-05
8.4277e+05, 2.3838e-05
8.4625e+05, 1.7879e-05
8.4972e+05, 1.5906e-05
8.5319e+05, 1.6116e-05
8.5666e+05, 1.8127e-05
8.5840e+05, 2.0245e-05
8.6014e+05, 2.4484e-05
8.6187e+05, 3.3807e-05
8.6274e+05, 4.4733e-05
8.6317e+05, 5.4288e-05
8.6361e+05, 6.9617e-05
8.6403e+05, 9.7799e-05
8.6424e+05, 1.2239e-04
8.6445e+05, 1.6105e-04
8.6466e+05, 2.2129e-04
8.6486e+05, 3.4416e-04
8.6497e+05, 4.5530e-04
8.6507e+05, 6.3504e-04
8.6518e+05, 9.5251e-04
8.6523e+05, 1.2254e-03
8.6528e+05, 1.6438e-03
8.6532e+05, 2.1033e-03
8.6536e+05, 2.7871e-03
8.6540e+05, 3.8601e-03
8.6543e+05, 5.7668e-03
8.6545e+05, 7.3654e-03
8.6547e+05, 9.8041e-03
8.6549e+05, 1.3763e-02
8.6551e+05, 2.0495e-02
8.6553e+05, 3.1921e-02
8.6555e+05, 5.0023e-02
8.6557e+05, 7.4952e-02
8.6558e+05, 8.8810e-02
8.6559e+05, 1.0241e-01
8.6559e+05, 1.1251e-01
8.6561e+05, 1.2579e-01
8.6562e+05, 1.3065e-01
8.6563e+05, 1.2585e-01
8.6565e+05, 1.1261e-01
8.6566e+05, 1.0029e-01
8.6567e+05, 8.6713e-02
8.6568e+05, 6.0378e-02
8.6570e+05, 3.9455e-02
8.6572e+05, 2.5370e-02
8.6574e+05, 1.6728e-02
8.6576e+05, 1.1646e-02
8.6578e+05, 8.5676e-03
8.6580e+05, 6.6048e-03
8.6583e+05, 4.3244e-03
8.6587e+05, 3.0699e-03
8.6591e+05, 2.2956e-03
8.6594e+05, 1.7874e-03
8.6602e+05, 1.1504e-03
8.6610e+05, 8.2040e-04
8.6618e+05, 6.1418e-04
8.6626e+05, 4.8282e-04
8.6643e+05, 3.3370e-04
8.6659e+05, 2.5956e-04
8.6675e+05, 2.1596e-04
8.6691e+05, 1.9515e-04
8.6723e+05, 1.8230e-04
8.6756e+05, 2.1612e-04
8.6773e+05, 2.5794e-04
8.6789e+05, 3.2948e-04
8.6806e+05, 4.4570e-04
8.6823e+05, 6.8560e-04
8.6831e+05, 9.0172e-04
8.6839e+05, 1.2438e-03
8.6848e+05, 1.8397e-03
8.6852e+05, 2.3374e-03
8.6856e+05, 3.0779e-03
8.6859e+05, 3.8884e-03
8.6862e+05, 5.0638e-03
8.6865e+05, 6.8692e-03
8.6868e+05, 9.8968e-03
8.6872e+05, 1.5518e-02
8.6875e+05, 2.6411e-02
8.6876e+05, 3.5076e-02
8.6878e+05, 4.6173e-02
8.6879e+05, 5.9327e-02
8.6881e+05, 7.3150e-02
8.6882e+05, 8.1791e-02
8.6883e+05, 8.8800e-02
8.6885e+05, 9.4951e-02
8.6887e+05, 8.8759e-02
8.6888e+05, 8.1730e-02
8.6889e+05, 7.3155e-02
8.6890e+05, 6.2919e-02
8.6891e+05, 5.2776e-02
8.6893e+05, 4.3462e-02
8.6894e+05, 3.5397e-02
8.6896e+05, 2.3353e-02
8.6898e+05, 1.5839e-02
8.6901e+05, 1.1253e-02
8.6903e+05, 8.3708e-03
8.6907e+05, 5.1792e-03
8.6912e+05, 3.5500e-03
8.6917e+05, 2.5777e-03
8.6921e+05, 1.9563e-03
8.6926e+05, 1.5390e-03
8.6932e+05, 1.1481e-03
8.6939e+05, 8.9821e-04
8.6952e+05, 5.9550e-04
8.6964e+05, 4.2580e-04
8.6977e+05, 3.2325e-04
8.7003e+05, 2.1431e-04
8.7029e+05, 1.5444e-04
8.7055e+05, 1.2044e-04
8.7081e+05, 9.9395e-05
8.7132e+05, 7.6158e-05
8.7193e+05, 6.3411e-05
8.7254e+05, 5.7471e-05
8.7375e+05, 5.5010e-05
8.7476e+05, 5.8628e-05
8.7576e+05, 6.8137e-05
8.7676e+05, 7.8455e-05
8.7777e+05, 9.7828e-05
8.7877e+05, 1.2814e-04
8.7977e+05, 1.8073e-04
8.8077e+05, 2.8110e-04
8.8128e+05, 3.6941e-04
8.8178e+05, 5.0064e-04
8.8226e+05, 7.2554e-04
8.8275e+05, 1.1516e-03
8.8299e+05, 1.5202e-03
8.8324e+05, 2.1032e-03
8.8348e+05, 3.1095e-03
8.8372e+05, 5.0613e-03
8.8390e+05, 7.7967e-03
8.8398e+05, 1.0110e-02
8.8407e+05, 1.3605e-02
8.8416e+05, 1.9223e-02
8.8420e+05, 2.3378e-02
8.8425e+05, 2.8957e-02
8.8429e+05, 3.6620e-02
8.8433e+05, 4.7325e-02
8.8438e+05, 6.2309e-02
8.8442e+05, 8.3336e-02
8.8445e+05, 1.0245e-01
8.8447e+05, 1.1510e-01
8.8449e+05, 1.2853e-01
8.8450e+05, 1.4237e-01
8.8452e+05, 1.5571e-01
8.8454e+05, 1.6774e-01
8.8456e+05, 1.7729e-01
8.8459e+05, 1.8560e-01
8.8462e+05, 1.7722e-01
8.8464e+05, 1.6759e-01
8.8466e+05, 1.5561e-01
8.8468e+05, 1.4218e-01
8.8469e+05, 1.2842e-01
8.8471e+05, 1.1500e-01
8.8473e+05, 1.0243e-01
8.8477e+05, 7.8067e-02
8.8481e+05, 5.9993e-02
8.8489e+05, 3.7027e-02
8.8497e+05, 2.4463e-02
8.8505e+05, 1.7211e-02
8.8513e+05, 1.2711e-02
8.8521e+05, 9.7545e-03
8.8537e+05, 6.2668e-03
8.8561e+05, 3.7124e-03
8.8585e+05, 2.4448e-03
8.8608e+05, 1.7317e-03
8.8632e+05, 1.3003e-03
8.8680e+05, 8.0139e-04
8.8728e+05, 5.4603e-04
8.8776e+05, 3.9800e-04
8.8824e+05, 3.0561e-04
8.8919e+05, 1.9783e-04
8.9015e+05, 1.4088e-04
8.9111e+05, 1.0823e-04
8.9302e+05, 7.3191e-05
8.9493e+05, 5.7865e-05
8.9646e+05, 5.3804e-05
8.9825e+05, 6.1531e-05
8.9914e+05, 8.1318e-05
8.9959e+05, 1.0819e-04
8.9981e+05, 1.3208e-04
9.0003e+05, 1.7356e-04
9.0026e+05, 2.5214e-04
9.0037e+05, 3.2091e-04
9.0048e+05, 4.2967e-04
9.0059e+05, 6.0416e-04
9.0070e+05, 9.5013e-04
9.0076e+05, 1.2577e-03
9.0082e+05, 1.7471e-03
9.0087e+05, 2.5780e-03
9.0090e+05, 3.2460e-03
9.0093e+05, 4.2149e-03
9.0096e+05, 5.9378e-03
9.0099e+05, 8.7480e-03
9.0102e+05, 1.3233e-02
9.0104e+05, 1.6190e-02
9.0105e+05, 1.9507e-02
9.0107e+05, 2.3028e-02
9.0109e+05, 2.6134e-02
9.0110e+05, 2.8312e-02
9.0112e+05, 2.9091e-02
9.0114e+05, 2.8311e-02
9.0115e+05, 2.6151e-02
9.0117e+05, 2.3032e-02
9.0119e+05, 1.9536e-02
9.0120e+05, 1.6664e-02
9.0121e+05, 1.4055e-02
9.0124e+05, 9.8737e-03
9.0127e+05, 7.0101e-03
9.0129e+05, 5.1299e-03
9.0132e+05, 3.8765e-03
9.0135e+05, 3.0255e-03
9.0140e+05, 1.9881e-03
9.0146e+05, 1.4128e-03
9.0151e+05, 1.0642e-03
9.0162e+05, 6.6651e-04
9.0174e+05, 4.5005e-04
9.0186e+05, 3.3380e-04
9.0198e+05, 2.5726e-04
9.0209e+05, 2.0725e-04
9.0233e+05, 1.4865e-04
9.0257e+05, 1.1674e-04
9.0304e+05, 8.5464e-05
9.0351e+05, 7.0771e-05
9.0438e+05, 6.0508e-05
9.0525e+05, 5.7417e-05
9.0772e+05, 6.7375e-05
9.0896e+05, 8.1776e-05
9.0958e+05, 1.0758e-04
9.0973e+05, 1.2271e-04
9.0989e+05, 1.5065e-04
9.1004e+05, 2.0921e-04
9.1012e+05, 2.6772e-04
9.1019e+05, 3.8216e-04
9.1026e+05, 5.9301e-04
9.1030e+05, 8.0032e-04
9.1033e+05, 1.1887e-03
9.1035e+05, 1.5380e-03
9.1036e+05, 2.1150e-03
9.1038e+05, 3.1532e-03
9.1040e+05, 5.0862e-03
9.1042e+05, 8.5894e-03
9.1043e+05, 1.4259e-02
9.1045e+05, 2.2133e-02
9.1047e+05, 3.0940e-02
9.1049e+05, 3.8707e-02
9.1050e+05, 4.0808e-02
9.1052e+05, 3.8449e-02
9.1053e+05, 3.4344e-02
9.1054e+05, 2.9058e-02
9.1055e+05, 2.3363e-02
9.1056e+05, 1.7958e-02
9.1058e+05, 9.5858e-03
9.1059e+05, 6.8494e-03
9.1060e+05, 4.9173e-03
9.1061e+05, 3.5902e-03
9.1062e+05, 2.7104e-03
9.1065e+05, 1.7139e-03
9.1067e+05, 1.2141e-03
9.1069e+05, 9.2788e-04
9.1073e+05, 6.4539e-04
9.1077e+05, 4.9035e-04
9.1084e+05, 3.2535e-04
9.1092e+05, 2.4666e-04
9.1100e+05, 2.0577e-04
9.1115e+05, 1.6042e-04
9.1130e+05, 1.4048e-04
9.1191e+05, 1.2420e-04
9.1247e+05, 1.3109e-04
9.1429e+05, 1.9693e-04
9.1520e+05, 2.6071e-04
9.1611e+05, 3.6662e-04
9.1663e+05, 4.6313e-04
9.1716e+05, 6.0695e-04
9.1742e+05, 7.0497e-04
9.1768e+05, 8.3253e-04
9.1795e+05, 1.0010e-03
9.1821e+05, 1.2315e-03
9.1845e+05, 1.5362e-03
9.1858e+05, 1.7378e-03
9.1870e+05, 1.9810e-03
9.1882e+05, 2.2918e-03
9.1894e+05, 2.6914e-03
9.1906e+05, 3.2174e-03
9.1919e+05, 3.9265e-03
9.1927e+05, 4.5741e-03
9.1936e+05, 5.3872e-03
9.1944e+05, 6.4046e-03
9.1953e+05, 7.6565e-03
9.1970e+05, 1.0559e-02
9.1978e+05, 1.1752e-02
9.1983e+05, 1.2120e-02
9.1987e+05, 1.2283e-02
9.1992e+05, 1.2198e-02
9.1997e+05, 1.1837e-02
9.2002e+05, 1.1264e-02
9.2012e+05, 9.8143e-03
9.2022e+05, 8.3939e-03
9.2032e+05, 7.2186e-03
9.2043e+05, 6.3430e-03
9.2053e+05, 5.7036e-03
9.2073e+05, 4.8749e-03
9.2104e+05, 4.0972e-03
9.2120e+05, 3.7547e-03
9.2135e+05, 3.4274e-03
9.2198e+05, 2.2351e-03
9.2229e+05, 1.7781e-03
9.2260e+05, 1.4234e-03
9.2291e+05, 1.1515e-03
9.2322e+05, 9.4308e-04
9.2354e+05, 7.8463e-04
9.2385e+05, 6.6065e-04
9.2416e+05, 5.6306e-04
9.2447e+05, 4.8552e-04
9.2509e+05, 3.7239e-04
9.2571e+05, 2.9351e-04
9.2633e+05, 2.3880e-04
9.2695e+05, 1.9825e-04
9.2820e+05, 1.4475e-04
9.2944e+05, 1.1247e-04
9.3068e+05, 9.1075e-05
9.3374e+05, 6.4428e-05
9.3680e+05, 5.6377e-05
9.3910e+05, 6.0086e-05
9.4139e+05, 7.9379e-05
9.4220e+05, 9.4934e-05
9.4302e+05, 1.2101e-04
9.4383e+05, 1.6726e-04
9.4424e+05, 2.0553e-04
9.4464e+05, 2.6233e-04
9.4498e+05, 3.3261e-04
9.4531e+05, 4.3786e-04
9.4548e+05, 5.1236e-04
9.4565e+05, 6.0846e-04
9.4581e+05, 7.3490e-04
9.4598e+05, 9.0503e-04
9.4611e+05, 1.0771e-03
9.4624e+05, 1.3002e-03
9.4636e+05, 1.5939e-03
9.4643e+05, 1.7754e-03
9.4649e+05, 1.9853e-03
9.4656e+05, 2.2277e-03
9.4662e+05, 2.5085e-03
9.4668e+05, 2.8314e-03
9.4675e+05, 3.1975e-03
9.4681e+05, 3.6112e-03
9.4687e+05, 4.0709e-03
9.4700e+05, 5.0572e-03
9.4713e+05, 5.9189e-03
9.4720e+05, 6.1807e-03
9.4726e+05, 6.2720e-03
9.4731e+05, 6.2147e-03
9.4736e+05, 6.0508e-03
9.4741e+05, 5.7962e-03
9.4746e+05, 5.4735e-03
9.4766e+05, 3.9565e-03
9.4776e+05, 3.2733e-03
9.4786e+05, 2.7038e-03
9.4796e+05, 2.2431e-03
9.4806e+05, 1.8755e-03
9.4817e+05, 1.5649e-03
9.4827e+05, 1.3204e-03
9.4838e+05, 1.1261e-03
9.4849e+05, 9.7045e-04
9.4859e+05, 8.4410e-04
9.4870e+05, 7.4063e-04
9.4892e+05, 5.8458e-04
9.4913e+05, 4.7313e-04
9.4934e+05, 3.9117e-04
9.4977e+05, 2.8266e-04
9.5020e+05, 2.1618e-04
9.5062e+05, 1.7285e-04
9.5162e+05, 1.1581e-04
9.5262e+05, 8.7279e-05
9.5462e+05, 6.1997e-05
9.5725e+05, 5.1139e-05
9.5989e+05, 4.9443e-05
9.6363e+05, 5.5644e-05
9.6737e+05, 7.1141e-05
9.6961e+05, 8.7469e-05
9.7185e+05, 1.1264e-04
9.7410e+05, 1.5292e-04
9.7634e+05, 2.2107e-04
9.7729e+05, 2.6478e-04
9.7824e+05, 3.2113e-04
9.7920e+05, 3.9390e-04
9.8015e+05, 4.8921e-04
9.8110e+05, 6.1279e-04
9.8205e+05, 7.6397e-04
9.8395e+05, 1.0728e-03
9.8447e+05, 1.1209e-03
9.8499e+05, 1.1372e-03
9.8551e+05, 1.1187e-03
9.8595e+05, 1.0772e-03
9.8639e+05, 1.0185e-03
9.8727e+05, 8.7402e-04
9.8903e+05, 5.8780e-04
9.8990e+05, 4.7798e-04
9.9078e+05, 3.9221e-04
9.9166e+05, 3.2447e-04
9.9254e+05, 2.7126e-04
9.9441e+05, 1.9458e-04
9.9627e+05, 1.4724e-04
9.9814e+05, 1.1758e-04
1.0000e+06, 1.0008e-04
1.0018e+06, 9.3911e-05
1.0026e+06, 9.5920e-05
1.0035e+06, 1.0390e-04
1.0044e+06, 1.2326e-04
1.0048e+06, 1.4127e-04
1.0053e+06, 1.6960e-04
1.0057e+06, 2.1644e-04
1.0059e+06, 2.5163e-04
1.0061e+06, 2.9900e-04
1.0066e+06, 4.5711e-04
1.0067e+06, 5.1784e-04
1.0068e+06, 5.9187e-04
1.0069e+06, 6.8377e-04
1.0070e+06, 7.9666e-04
1.0071e+06, 8.8975e-04
1.0072e+06, 1.0011e-03
1.0072e+06, 1.1367e-03
1.0073e+06, 1.3070e-03
1.0074e+06, 1.5302e-03
1.0074e+06, 1.6763e-03
1.0075e+06, 1.8576e-03
1.0075e+06, 2.0893e-03
1.0075e+06, 2.3948e-03
1.0076e+06, 2.8134e-03
1.0076e+06, 3.0763e-03
1.0076e+06, 3.3909e-03
1.0076e+06, 3.9097e-03
1.0077e+06, 4.5644e-03
1.0077e+06, 5.3677e-03
1.0077e+06, 6.2600e-03
1.0077e+06, 7.2471e-03
1.0078e+06, 8.1180e-03
1.0078e+06, 8.7694e-03
1.0078e+06, 8.9965e-03
1.0078e+06, 8.8277e-03
1.0078e+06, 8.3504e-03
1.0079e+06, 7.7288e-03
1.0079e+06, 7.0500e-03
1.0079e+06, 5.6323e-03
1.0079e+06, 4.4451e-03
1.0080e+06, 3.5903e-03
1.0080e+06, 2.9660e-03
1.0080e+06, 2.5343e-03
1.0081e+06, 1.9661e-03
1.0082e+06, 1.5670e-03
1.0083e+06, 1.3108e-03
1.0084e+06, 9.7971e-04
1.0088e+06, 6.1776e-04
1.0091e+06, 4.1008e-04
1.0094e+06, 2.9608e-04
1.0099e+06, 1.9987e-04
1.0104e+06, 1.4726e-04
1.0109e+06, 1.1589e-04
1.0114e+06, 9.5255e-05
1.0122e+06, 7.5062e-05
1.0130e+06, 6.2760e-05
1.0145e+06, 4.8516e-05
1.0176e+06, 3.6087e-05
1.0210e+06, 3.0646e-05
1.0244e+06, 2.8679e-05
1.0306e+06, 3.1655e-05
1.0337e+06, 3.7874e-05
1.0368e+06, 5.1705e-05
1.0380e+06, 6.1708e-05
1.0392e+06, 7.7259e-05
1.0404e+06, 1.0335e-04
1.0410e+06, 1.2442e-04
1.0416e+06, 1.5573e-04
1.0423e+06, 2.1516e-04
1.0429e+06, 3.3547e-04
1.0433e+06, 4.5306e-04
1.0436e+06, 6.7922e-04
1.0438e+06, 8.8030e-04
1.0439e+06, 1.1713e-03
1.0441e+06, 1.7225e-03
1.0443e+06, 2.8253e-03
1.0443e+06, 3.6720e-03
1.0444e+06, 5.0093e-03
1.0445e+06, 7.3017e-03
1.0446e+06, 1.1375e-02
1.0446e+06, 1.4288e-02
1.0446e+06, 1.8211e-02
1.0446e+06, 2.3822e-02
1.0447e+06, 3.1081e-02
1.0447e+06, 4.0345e-02
1.0447e+06, 4.9864e-02
1.0448e+06, 5.7734e-02
1.0448e+06, 6.0684e-02
1.0448e+06, 5.8516e-02
1.0448e+06, 5.4752e-02
1.0449e+06, 5.0029e-02
1.0449e+06, 3.8941e-02
1.0450e+06, 2.1325e-02
1.0450e+06, 1.5908e-02
1.0450e+06, 1.2219e-02
1.0451e+06, 7.8626e-03
1.0452e+06, 5.4363e-03
1.0452e+06, 4.0415e-03
1.0453e+06, 3.1573e-03
1.0454e+06, 2.5835e-03
1.0454e+06, 2.1985e-03
1.0455e+06, 1.9238e-03
1.0456e+06, 1.6666e-03
1.0457e+06, 1.4987e-03
1.0458e+06, 1.3875e-03
1.0459e+06, 1.3151e-03
1.0460e+06, 1.2691e-03
1.0461e+06, 1.2418e-03
1.0461e+06, 1.2262e-03
1.0462e+06, 1.2169e-03
1.0463e+06, 1.2089e-03
1.0464e+06, 1.1984e-03
1.0466e+06, 1.1620e-03
1.0468e+06, 1.1053e-03
1.0470e+06, 1.0388e-03
1.0472e+06, 9.7708e-04
1.0474e+06, 9.3127e-04
1.0478e+06, 9.0142e-04
1.0483e+06, 9.1645e-04
1.0485e+06, 9.0669e-04
1.0487e+06, 8.7728e-04
1.0488e+06, 8.4131e-04
1.0489e+06, 7.9556e-04
1.0492e+06, 6.9992e-04
1.0498e+06, 5.3371e-04
1.0501e+06, 4.8090e-04
1.0504e+06, 4.4729e-04
1.0507e+06, 4.2910e-04
1.0510e+06, 4.2492e-04
1.0514e+06, 4.4001e-04
1.0517e+06, 4.7882e-04
1.0521e+06, 5.4384e-04
1.0525e+06, 6.4950e-04
1.0529e+06, 8.0527e-04
1.0532e+06, 1.0478e-03
1.0534e+06, 1.2200e-03
1.0536e+06, 1.4432e-03
1.0538e+06, 1.7325e-03
1.0540e+06, 2.1197e-03
1.0541e+06, 2.4106e-03
1.0542e+06, 2.7575e-03
1.0543e+06, 3.1811e-03
1.0544e+06, 3.6903e-03
1.0545e+06, 4.3134e-03
1.0546e+06, 5.0573e-03
1.0547e+06, 5.9402e-03
1.0548e+06, 6.9566e-03
1.0551e+06, 9.4647e-03
1.0552e+06, 1.0394e-02
1.0552e+06, 1.0652e-02
1.0553e+06, 1.0738e-02
1.0554e+06, 1.0632e-02
1.0554e+06, 1.0339e-02
1.0556e+06, 9.3181e-03
1.0558e+06, 6.6690e-03
1.0559e+06, 5.4913e-03
1.0561e+06, 4.5247e-03
1.0562e+06, 3.7465e-03
1.0563e+06, 3.1279e-03
1.0565e+06, 2.5897e-03
1.0566e+06, 2.1729e-03
1.0568e+06, 1.8425e-03
1.0569e+06, 1.5811e-03
1.0572e+06, 1.1977e-03
1.0575e+06, 9.4051e-04
1.0577e+06, 7.5827e-04
1.0580e+06, 6.2462e-04
1.0586e+06, 4.5055e-04
1.0592e+06, 3.4647e-04
1.0597e+06, 2.8208e-04
1.0608e+06, 2.2888e-04
1.0611e+06, 2.3623e-04
1.0614e+06, 2.6810e-04
1.0615e+06, 3.0797e-04
1.0616e+06, 4.0587e-04
1.0617e+06, 5.0750e-04
1.0618e+06, 7.1498e-04
1.0618e+06, 9.1851e-04
1.0618e+06, 1.2696e-03
1.0618e+06, 1.5664e-03
1.0619e+06, 2.0269e-03
1.0619e+06, 2.7796e-03
1.0619e+06, 4.0395e-03
1.0619e+06, 5.6456e-03
1.0619e+06, 7.7609e-03
1.0619e+06, 1.4485e-02
1.0619e+06, 1.9020e-02
1.0620e+06, 2.3364e-02
1.0620e+06, 2.7292e-02
1.0620e+06, 3.0186e-02
1.0620e+06, 3.1595e-02
1.0620e+06, 2.9392e-02
1.0620e+06, 2.5448e-02
1.0620e+06, 2.0872e-02
1.0621e+06, 1.5855e-02
1.0621e+06, 1.1726e-02
1.0621e+06, 8.1956e-03
1.0621e+06, 5.8064e-03
1.0621e+06, 4.1489e-03
1.0621e+06, 3.0429e-03
1.0621e+06, 2.2720e-03
1.0622e+06, 1.8057e-03
1.0622e+06, 1.2479e-03
1.0622e+06, 9.5151e-04
1.0622e+06, 7.7624e-04
1.0623e+06, 5.5973e-04
1.0624e+06, 4.5250e-04
1.0625e+06, 3.4981e-04
1.0627e+06, 2.9697e-04
1.0631e+06, 3.2143e-04
1.0635e+06, 4.4004e-04
1.0637e+06, 5.6017e-04
1.0639e+06, 7.6115e-04
1.0641e+06, 1.1420e-03
1.0642e+06, 1.4669e-03
1.0643e+06, 1.9668e-03
1.0644e+06, 2.3675e-03
1.0644e+06, 2.9034e-03
1.0645e+06, 3.6253e-03
1.0645e+06, 4.6482e-03
1.0646e+06, 6.2127e-03
1.0647e+06, 8.4067e-03
1.0647e+06, 1.1715e-02
1.0647e+06, 1.3910e-02
1.0648e+06, 1.6358e-02
1.0648e+06, 1.8026e-02
1.0648e+06, 1.9738e-02
1.0648e+06, 2.1422e-02
1.0648e+06, 2.2901e-02
1.0648e+06, 2.4263e-02
1.0649e+06, 2.5308e-02
1.0649e+06, 2.6149e-02
1.0649e+06, 2.5672e-02
1.0649e+06, 2.4361e-02
1.0650e+06, 2.2422e-02
1.0650e+06, 2.0120e-02
1.0650e+06, 1.7713e-02
1.0650e+06, 1.5402e-02
1.0651e+06, 1.3310e-02
1.0651e+06, 1.1485e-02
1.0651e+06, 8.3368e-03
1.0652e+06, 6.2212e-03
1.0653e+06, 3.7053e-03
1.0654e+06, 2.4309e-03
1.0655e+06, 1.7200e-03
1.0656e+06, 1.2803e-03
1.0657e+06, 9.9313e-04
1.0659e+06, 6.5845e-04
1.0661e+06, 5.0330e-04
1.0663e+06, 4.0110e-04
1.0666e+06, 2.7956e-04
1.0670e+06, 2.0942e-04
1.0673e+06, 1.6583e-04
1.0680e+06, 1.1613e-04
1.0686e+06, 8.9751e-05
1.0701e+06, 6.1552e-05
1.0716e+06, 4.8439e-05
1.0746e+06, 3.8502e-05
1.0765e+06, 3.9017e-05
1.0784e+06, 4.5087e-05
1.0794e+06, 5.3467e-05
1.0804e+06, 7.0346e-05
1.0813e+06, 1.0696e-04
1.0818e+06, 1.4521e-04
1.0823e+06, 2.1460e-04
1.0826e+06, 3.1111e-04
1.0830e+06, 5.0551e-04
1.0832e+06, 6.8647e-04
1.0834e+06, 9.8280e-04
1.0835e+06, 1.5393e-03
1.0836e+06, 2.0190e-03
1.0837e+06, 2.7645e-03
1.0838e+06, 3.3721e-03
1.0838e+06, 4.1807e-03
1.0838e+06, 5.3349e-03
1.0839e+06, 6.9693e-03
1.0839e+06, 9.4397e-03
1.0840e+06, 1.3045e-02
1.0840e+06, 1.8506e-02
1.0841e+06, 2.2125e-02
1.0841e+06, 2.6286e-02
1.0841e+06, 3.1488e-02
1.0841e+06, 3.6160e-02
1.0842e+06, 3.9528e-02
1.0842e+06, 4.0746e-02
1.0842e+06, 3.8332e-02
1.0843e+06, 3.5649e-02
1.0843e+06, 3.2382e-02
1.0843e+06, 2.8863e-02
1.0843e+06, 2.5373e-02
1.0843e+06, 2.2110e-02
1.0844e+06, 1.9187e-02
1.0844e+06, 1.3076e-02
1.0845e+06, 9.1650e-03
1.0845e+06, 6.6598e-03
1.0846e+06, 5.0216e-03
1.0847e+06, 3.1493e-03
1.0848e+06, 2.1480e-03
1.0849e+06, 1.5491e-03
1.0850e+06, 1.1711e-03
1.0852e+06, 7.4026e-04
1.0854e+06, 5.3084e-04
1.0856e+06, 4.0516e-04
1.0859e+06, 2.5920e-04
1.0863e+06, 1.8465e-04
1.0867e+06, 1.4483e-04
1.0874e+06, 1.0231e-04
1.0882e+06, 8.8862e-05
1.0890e+06, 9.9216e-05
1.0895e+06, 1.2094e-04
1.0899e+06, 1.6841e-04
1.0902e+06, 2.3408e-04
1.0905e+06, 3.6119e-04
1.0906e+06, 4.8152e-04
1.0908e+06, 6.7861e-04
1.0908e+06, 8.2736e-04
1.0909e+06, 1.0319e-03
1.0910e+06, 1.3201e-03
1.0910e+06, 1.5079e-03
1.0910e+06, 1.7339e-03
1.0911e+06, 2.0525e-03
1.0911e+06, 2.4421e-03
1.0912e+06, 2.9259e-03
1.0912e+06, 3.5163e-03
1.0912e+06, 4.2306e-03
1.0913e+06, 4.9976e-03
1.0913e+06, 5.7486e-03
1.0913e+06, 6.3497e-03
1.0914e+06, 6.5940e-03
1.0914e+06, 6.6745e-03
1.0914e+06, 6.5866e-03
1.0914e+06, 6.4068e-03
1.0915e+06, 6.1442e-03
1.0915e+06, 5.4480e-03
1.0916e+06, 3.9123e-03
1.0916e+06, 3.2430e-03
1.0917e+06, 2.6874e-03
1.0917e+06, 2.2387e-03
1.0917e+06, 1.8890e-03
1.0918e+06, 1.5588e-03
1.0918e+06, 1.3025e-03
1.0919e+06, 9.4422e-04
1.0920e+06, 7.1371e-04
1.0921e+06, 5.5884e-04
1.0923e+06, 3.7251e-04
1.0925e+06, 2.6743e-04
1.0928e+06, 1.8122e-04
1.0930e+06, 1.3502e-04
1.0936e+06, 8.6876e-05
1.0941e+06, 6.4802e-05
1.0947e+06, 5.2829e-05
1.0955e+06, 4.3782e-05
1.0962e+06, 3.9216e-05
1.0978e+06, 3.5829e-05
1.0996e+06, 3.9075e-05
1.1013e+06, 4.8128e-05
1.1022e+06, 5.8804e-05
1.1031e+06, 7.9277e-05
1.1035e+06, 9.7737e-05
1.1040e+06, 1.2846e-04
1.1044e+06, 1.8542e-04
1.1046e+06, 2.3517e-04
1.1049e+06, 3.1527e-04
1.1051e+06, 4.5819e-04
1.1053e+06, 7.4746e-04
1.1054e+06, 1.0080e-03
1.1055e+06, 1.1916e-03
1.1056e+06, 1.4293e-03
1.1056e+06, 1.7437e-03
1.1057e+06, 2.1465e-03
1.1057e+06, 2.6644e-03
1.1058e+06, 3.3109e-03
1.1058e+06, 4.0370e-03
1.1059e+06, 4.7685e-03
1.1059e+06, 5.3454e-03
1.1060e+06, 5.5666e-03
1.1060e+06, 5.4901e-03
1.1061e+06, 5.2786e-03
1.1061e+06, 4.9373e-03
1.1061e+06, 4.5204e-03
1.1062e+06, 3.6279e-03
1.1063e+06, 2.2008e-03
1.1064e+06, 1.7328e-03
1.1065e+06, 1.3883e-03
1.1065e+06, 1.1333e-03
1.1066e+06, 9.4226e-04
1.1067e+06, 7.5841e-04
1.1068e+06, 6.2422e-04
1.1069e+06, 4.5148e-04
1.1071e+06, 3.4982e-04
1.1073e+06, 2.8863e-04
1.1076e+06, 2.1868e-04
1.1080e+06, 1.8765e-04
1.1086e+06, 1.7440e-04
1.1094e+06, 1.9688e-04
1.1099e+06, 2.4060e-04
1.1105e+06, 3.1834e-04
1.1108e+06, 3.7758e-04
1.1111e+06, 4.5626e-04
1.1114e+06, 5.6561e-04
1.1117e+06, 7.1536e-04
1.1118e+06, 8.2129e-04
1.1120e+06, 9.4962e-04
1.1121e+06, 1.1055e-03
1.1123e+06, 1.2943e-03
1.1125e+06, 1.5210e-03
1.1126e+06, 1.7870e-03
1.1128e+06, 2.0875e-03
1.1129e+06, 2.3992e-03
1.1132e+06, 2.8128e-03
1.1133e+06, 2.9387e-03
1.1134e+06, 2.9822e-03
1.1135e+06, 2.9364e-03
1.1136e+06, 2.8334e-03
1.1137e+06, 2.6840e-03
1.1139e+06, 2.3091e-03
1.1143e+06, 1.5573e-03
1.1145e+06, 1.2661e-03
1.1147e+06, 1.0363e-03
1.1149e+06, 8.5498e-04
1.1151e+06, 7.1366e-04
1.1153e+06, 5.9703e-04
1.1155e+06, 5.0568e-04
1.1160e+06, 3.7502e-04
1.1164e+06, 2.8872e-04
1.1168e+06, 2.2948e-04
1.1173e+06, 1.8434e-04
1.1177e+06, 1.5127e-04
1.1186e+06, 1.0915e-04
1.1195e+06, 8.4671e-05
1.1205e+06, 7.0487e-05
1.1217e+06, 6.4432e-05
1.1222e+06, 6.9685e-05
1.1228e+06, 8.9681e-05
1.1231e+06, 1.1641e-04
1.1232e+06, 1.3549e-04
1.1234e+06, 1.6856e-04
1.1235e+06, 2.2527e-04
1.1236e+06, 3.2896e-04
1.1237e+06, 4.1051e-04
1.1238e+06, 5.3986e-04
1.1238e+06, 7.5324e-04
1.1239e+06, 1.1246e-03
1.1239e+06, 1.4363e-03
1.1240e+06, 1.9093e-03
1.1240e+06, 2.6585e-03
1.1240e+06, 3.9003e-03
1.1241e+06, 4.8448e-03
1.1241e+06, 5.9953e-03
1.1241e+06, 7.5244e-03
1.1241e+06, 9.2517e-03
1.1242e+06, 1.6008e-02
1.1242e+06, 1.6387e-02
1.1242e+06, 1.5983e-02
1.1242e+06, 1.4190e-02
1.1243e+06, 1.1573e-02
1.1243e+06, 6.5874e-03
1.1243e+06, 4.8615e-03
1.1244e+06, 3.6390e-03
1.1244e+06, 2.7913e-03
1.1244e+06, 2.2206e-03
1.1245e+06, 1.4800e-03
1.1245e+06, 1.0651e-03
1.1246e+06, 7.9950e-04
1.1246e+06, 6.3044e-04
1.1247e+06, 3.7541e-04
1.1249e+06, 2.5280e-04
1.1250e+06, 1.8891e-04
1.1251e+06, 1.4775e-04
1.1254e+06, 1.0041e-04
1.1256e+06, 7.7205e-05
1.1261e+06, 5.4805e-05
1.1266e+06, 4.4415e-05
1.1277e+06, 3.5452e-05
1.1287e+06, 3.1743e-05
1.1296e+06, 3.0701e-05
1.1314e+06, 3.2754e-05
1.1333e+06, 4.1885e-05
1.1342e+06, 5.2284e-05
1.1352e+06, 7.1962e-05
1.1356e+06, 8.6236e-05
1.1361e+06, 1.0960e-04
1.1366e+06, 1.4886e-04
1.1370e+06, 2.2046e-04
1.1373e+06, 3.0685e-04
1.1376e+06, 4.5735e-04
1.1378e+06, 5.8670e-04
1.1379e+06, 7.8072e-04
1.1381e+06, 1.0807e-03
1.1382e+06, 1.2996e-03
1.1382e+06, 1.5778e-03
1.1383e+06, 1.8399e-03
1.1384e+06, 2.1516e-03
1.1384e+06, 2.5143e-03
1.1385e+06, 2.9173e-03
1.1386e+06, 3.6987e-03
1.1386e+06, 3.9720e-03
1.1387e+06, 4.0735e-03
1.1387e+06, 4.0207e-03
1.1388e+06, 3.8660e-03
1.1388e+06, 3.6510e-03
1.1389e+06, 3.3922e-03
1.1389e+06, 2.8339e-03
1.1391e+06, 1.8967e-03
1.1392e+06, 1.5757e-03
1.1393e+06, 1.3376e-03
1.1394e+06, 1.0407e-03
1.1396e+06, 9.1840e-04
1.1397e+06, 8.7470e-04
1.1399e+06, 9.5636e-04
1.1401e+06, 1.1444e-03
1.1401e+06, 1.3038e-03
1.1402e+06, 1.5291e-03
1.1403e+06, 1.8510e-03
1.1404e+06, 2.3235e-03
1.1404e+06, 3.0392e-03
1.1405e+06, 3.5325e-03
1.1405e+06, 4.1680e-03
1.1405e+06, 4.7774e-03
1.1406e+06, 5.5039e-03
1.1406e+06, 6.4081e-03
1.1406e+06, 7.5470e-03
1.1407e+06, 9.0002e-03
1.1407e+06, 1.0878e-02
1.1407e+06, 1.3323e-02
1.1407e+06, 1.4868e-02
1.1407e+06, 1.6499e-02
1.1408e+06, 1.9572e-02
1.1408e+06, 2.3204e-02
1.1408e+06, 3.1742e-02
1.1408e+06, 3.6066e-02
1.1409e+06, 3.9774e-02
1.1409e+06, 4.2299e-02
1.1409e+06, 4.3195e-02
1.1409e+06, 4.2845e-02
1.1409e+06, 4.1926e-02
1.1409e+06, 3.8631e-02
1.1410e+06, 3.4036e-02
1.1410e+06, 2.8981e-02
1.1410e+06, 2.4136e-02
1.1410e+06, 1.9885e-02
1.1411e+06, 1.6354e-02
1.1411e+06, 1.3512e-02
1.1411e+06, 1.1771e-02
1.1411e+06, 1.0384e-02
1.1411e+06, 9.2089e-03
1.1412e+06, 8.2090e-03
1.1412e+06, 7.3089e-03
1.1412e+06, 6.5830e-03
1.1412e+06, 5.4147e-03
1.1413e+06, 4.5055e-03
1.1413e+06, 3.8226e-03
1.1413e+06, 3.2818e-03
1.1414e+06, 2.8472e-03
1.1414e+06, 2.2913e-03
1.1415e+06, 1.8941e-03
1.1416e+06, 1.3595e-03
1.1417e+06, 1.0212e-03
1.1418e+06, 7.9937e-04
1.1420e+06, 5.3564e-04
1.1423e+06, 3.8450e-04
1.1425e+06, 2.7682e-04
1.1428e+06, 2.1272e-04
1.1434e+06, 1.3774e-04
1.1439e+06, 9.8539e-05
1.1445e+06, 7.6736e-05
1.1456e+06, 5.1345e-05
1.1466e+06, 3.8979e-05
1.1488e+06, 2.8997e-05
1.1510e+06, 2.6147e-05
1.1528e+06, 2.8207e-05
1.1546e+06, 3.4500e-05
1.1564e+06, 5.1416e-05
1.1573e+06, 6.6064e-05
1.1582e+06, 9.3991e-05
1.1588e+06, 1.2540e-04
1.1594e+06, 1.7757e-04
1.1597e+06, 2.1614e-04
1.1600e+06, 2.6943e-04
1.1603e+06, 3.4408e-04
1.1606e+06, 4.5013e-04
1.1608e+06, 5.3625e-04
1.1609e+06, 6.4267e-04
1.1611e+06, 7.7280e-04
1.1613e+06, 9.2668e-04
1.1615e+06, 1.0977e-03
1.1616e+06, 1.2558e-03
1.1618e+06, 1.3864e-03
1.1620e+06, 1.4337e-03
1.1621e+06, 1.4116e-03
1.1622e+06, 1.3498e-03
1.1624e+06, 1.2025e-03
1.1626e+06, 1.0303e-03
1.1630e+06, 7.1411e-04
1.1633e+06, 4.9318e-04
1.1637e+06, 3.5154e-04
1.1640e+06, 2.7913e-04
1.1642e+06, 2.2571e-04
1.1648e+06, 1.5594e-04
1.1653e+06, 1.1409e-04
1.1659e+06, 8.7390e-05
1.1666e+06, 6.6213e-05
1.1672e+06, 5.2048e-05
1.1686e+06, 3.5447e-05
1.1700e+06, 2.6486e-05
1.1713e+06, 2.0901e-05
1.1746e+06, 1.4036e-05
1.1780e+06, 1.0995e-05
1.1847e+06, 8.6626e-06
1.1897e+06, 8.3225e-06
1.1980e+06, 9.8982e-06
1.2022e+06, 1.2399e-05
1.2043e+06, 1.4804e-05
1.2064e+06, 1.8695e-05
1.2082e+06, 2.4546e-05
1.2100e+06, 3.5417e-05
1.2117e+06, 5.8359e-05
1.2126e+06, 8.1477e-05
1.2135e+06, 1.2365e-04
1.2140e+06, 1.6467e-04
1.2145e+06, 2.3066e-04
1.2150e+06, 3.4682e-04
1.2152e+06, 4.3912e-04
1.2155e+06, 5.7434e-04
1.2156e+06, 6.7552e-04
1.2158e+06, 8.0298e-04
1.2159e+06, 9.6686e-04
1.2160e+06, 1.1804e-03
1.2162e+06, 1.4635e-03
1.2163e+06, 1.8340e-03
1.2164e+06, 2.3140e-03
1.2166e+06, 2.9134e-03
1.2168e+06, 3.9577e-03
1.2169e+06, 4.3423e-03
1.2169e+06, 4.4483e-03
1.2170e+06, 4.4843e-03
1.2171e+06, 4.4471e-03
1.2171e+06, 4.3401e-03
1.2172e+06, 3.9588e-03
1.2174e+06, 2.9249e-03
1.2175e+06, 2.4423e-03
1.2176e+06, 2.0322e-03
1.2177e+06, 1.6953e-03
1.2178e+06, 1.4255e-03
1.2180e+06, 1.1469e-03
1.2181e+06, 9.3777e-04
1.2183e+06, 7.7761e-04
1.2184e+06, 6.5441e-04
1.2187e+06, 4.7816e-04
1.2190e+06, 3.6357e-04
1.2194e+06, 2.5039e-04
1.2199e+06, 1.8179e-04
1.2203e+06, 1.3851e-04
1.2208e+06, 1.0966e-04
1.2217e+06, 7.4781e-05
1.2226e+06, 5.4606e-05
1.2241e+06, 3.6192e-05
1.2257e+06, 2.7158e-05
1.2273e+06, 2.1915e-05
1.2289e+06, 1.8922e-05
1.2321e+06, 1.6377e-05
1.2353e+06, 1.5490e-05
1.2383e+06, 1.6709e-05
1.2414e+06, 1.9819e-05
1.2444e+06, 2.6818e-05
1.2460e+06, 3.3958e-05
1.2475e+06, 4.6297e-05
1.2485e+06, 6.1389e-05
1.2495e+06, 8.9006e-05
1.2500e+06, 1.1085e-04
1.2505e+06, 1.4522e-04
1.2510e+06, 2.0154e-04
1.2515e+06, 2.9963e-04
1.2518e+06, 3.9856e-04
1.2521e+06, 5.5626e-04
1.2522e+06, 6.7231e-04
1.2524e+06, 8.2417e-04
1.2525e+06, 1.0341e-03
1.2527e+06, 1.3272e-03
1.2528e+06, 1.5849e-03
1.2529e+06, 1.9106e-03
1.2530e+06, 2.3205e-03
1.2531e+06, 2.8210e-03
1.2531e+06, 3.4218e-03
1.2532e+06, 4.0731e-03
1.2533e+06, 4.6717e-03
1.2534e+06, 4.9017e-03
1.2534e+06, 5.0603e-03
1.2535e+06, 5.1353e-03
1.2535e+06, 5.0856e-03
1.2536e+06, 4.9430e-03
1.2537e+06, 4.4496e-03
1.2539e+06, 3.1744e-03
1.2540e+06, 2.6050e-03
1.2541e+06, 2.1406e-03
1.2542e+06, 1.7680e-03
1.2543e+06, 1.4729e-03
1.2544e+06, 1.1441e-03
1.2546e+06, 9.1008e-04
1.2547e+06, 7.3877e-04
1.2549e+06, 6.1173e-04
1.2550e+06, 5.1324e-04
1.2551e+06, 4.3736e-04
1.2554e+06, 3.2907e-04
1.2559e+06, 2.2641e-04
1.2564e+06, 1.6662e-04
1.2573e+06, 1.0648e-04
1.2582e+06, 7.9272e-05
1.2592e+06, 6.4864e-05
1.2609e+06, 5.4736e-05
1.2627e+06, 5.6117e-05
1.2646e+06, 6.6403e-05
1.2665e+06, 8.6411e-05
1.2683e+06, 1.3395e-04
1.2691e+06, 1.7182e-04
1.2695e+06, 1.9796e-04
1.2699e+06, 2.3140e-04
1.2703e+06, 2.7412e-04
1.2707e+06, 3.3080e-04
1.2709e+06, 3.6552e-04
1.2711e+06, 4.0682e-04
1.2713e+06, 4.5427e-04
1.2715e+06, 5.0851e-04
1.2717e+06, 5.8192e-04
1.2719e+06, 6.6960e-04
1.2722e+06, 7.7444e-04
1.2724e+06, 8.9842e-04
1.2726e+06, 1.0423e-03
1.2728e+06, 1.2032e-03
1.2733e+06, 1.5349e-03
1.2735e+06, 1.6862e-03
1.2737e+06, 1.7296e-03
1.2738e+06, 1.7452e-03
1.2740e+06, 1.7189e-03
1.2741e+06, 1.6702e-03
1.2742e+06, 1.6025e-03
1.2745e+06, 1.4280e-03
1.2750e+06, 1.0478e-03
1.2755e+06, 7.4763e-04
1.2758e+06, 6.3557e-04
1.2760e+06, 5.4484e-04
1.2764e+06, 4.4322e-04
1.2767e+06, 3.6814e-04
1.2771e+06, 3.1099e-04
1.2775e+06, 2.6781e-04
1.2778e+06, 2.3440e-04
1.2782e+06, 2.0818e-04
1.2789e+06, 1.7113e-04
1.2797e+06, 1.4738e-04
1.2805e+06, 1.3274e-04
1.2812e+06, 1.2434e-04
1.2820e+06, 1.2069e-04
1.2832e+06, 1.2275e-04
1.2845e+06, 1.3256e-04
1.2851e+06, 1.4012e-04
1.2857e+06, 1.4945e-04
1.2863e+06, 1.6006e-04
1.2866e+06, 1.6591e-04
1.2869e+06, 1.7203e-04
1.2874e+06, 1.8235e-04
1.2876e+06, 1.8761e-04
1.2879e+06, 1.9288e-04
1.2884e+06, 2.0319e-04
1.2886e+06, 2.0809e-04
1.2888e+06, 2.1267e-04
1.2893e+06, 2.2089e-04
1.2898e+06, 2.2704e-04
1.2903e+06, 2.3017e-04
1.2908e+06, 2.3146e-04
1.2917e+06, 2.2415e-04
1.2927e+06, 2.0814e-04
1.2936e+06, 1.8683e-04
1.2946e+06, 1.6384e-04
1.2955e+06, 1.4211e-04
1.2965e+06, 1.2288e-04
1.2983e+06, 9.4134e-05
1.2997e+06, 8.1233e-05
1.3011e+06, 7.8293e-05
1.3019e+06, 8.9500e-05
1.3023e+06, 1.0597e-04
1.3027e+06, 1.4109e-04
1.3030e+06, 2.0079e-04
1.3031e+06, 2.5503e-04
1.3032e+06, 3.3876e-04
1.3034e+06, 5.0545e-04
1.3034e+06, 6.5125e-04
1.3035e+06, 8.6187e-04
1.3036e+06, 1.2251e-03
1.3036e+06, 1.9066e-03
1.3037e+06, 2.4908e-03
1.3037e+06, 3.4084e-03
1.3037e+06, 4.9569e-03
1.3038e+06, 7.6960e-03
1.3038e+06, 9.9825e-03
1.3038e+06, 1.2797e-02
1.3038e+06, 2.0220e-02
1.3038e+06, 2.4547e-02
1.3039e+06, 2.8166e-02
1.3039e+06, 3.0682e-02
1.3039e+06, 3.1589e-02
1.3039e+06, 3.1060e-02
1.3039e+06, 2.9684e-02
1.3040e+06, 2.4799e-02
1.3040e+06, 1.8809e-02
1.3040e+06, 1.3388e-02
1.3040e+06, 9.3023e-03
1.3040e+06, 6.5342e-03
1.3041e+06, 4.7365e-03
1.3041e+06, 3.6015e-03
1.3042e+06, 2.2269e-03
1.3042e+06, 1.5397e-03
1.3042e+06, 1.1331e-03
1.3043e+06, 8.6916e-04
1.3044e+06, 5.6949e-04
1.3045e+06, 4.1095e-04
1.3046e+06, 3.0922e-04
1.3047e+06, 2.4471e-04
1.3049e+06, 1.7366e-04
1.3051e+06, 1.3142e-04
1.3053e+06, 1.0734e-04
1.3057e+06, 7.9066e-05
1.3065e+06, 5.7419e-05
1.3073e+06, 4.7177e-05
1.3089e+06, 3.8115e-05
1.3121e+06, 3.2798e-05
1.3147e+06, 3.4765e-05
1.3160e+06, 3.8415e-05
1.3174e+06, 4.6046e-05
1.3184e+06, 5.7859e-05
1.3194e+06, 8.1981e-05
1.3199e+06, 1.0255e-04
1.3204e+06, 1.3875e-04
1.3209e+06, 2.0542e-04
1.3212e+06, 2.6003e-04
1.3214e+06, 3.4576e-04
1.3217e+06, 4.8820e-04
1.3219e+06, 7.4150e-04
1.3221e+06, 9.5344e-04
1.3222e+06, 1.2650e-03
1.3223e+06, 1.7501e-03
1.3224e+06, 2.0920e-03
1.3225e+06, 2.5166e-03
1.3225e+06, 2.9529e-03
1.3226e+06, 3.4743e-03
1.3227e+06, 4.8335e-03
1.3228e+06, 6.4364e-03
1.3228e+06, 7.1202e-03
1.3229e+06, 7.5612e-03
1.3229e+06, 7.6661e-03
1.3229e+06, 7.5859e-03
1.3230e+06, 7.3551e-03
1.3230e+06, 6.5662e-03
1.3232e+06, 4.5673e-03
1.3232e+06, 3.6973e-03
1.3233e+06, 3.0036e-03
1.3234e+06, 2.4568e-03
1.3234e+06, 2.0304e-03
1.3235e+06, 1.6794e-03
1.3236e+06, 1.4108e-03
1.3237e+06, 1.0349e-03
1.3238e+06, 7.8647e-04
1.3240e+06, 6.1748e-04
1.3242e+06, 4.1186e-04
1.3245e+06, 2.9808e-04
1.3248e+06, 2.2749e-04
1.3251e+06, 1.8367e-04
1.3256e+06, 1.2933e-04
1.3261e+06, 9.9886e-05
1.3267e+06, 8.3015e-05
1.3280e+06, 6.6441e-05
1.3293e+06, 6.3326e-05
1.3305e+06, 6.8931e-05
1.3317e+06, 8.2715e-05
1.3329e+06, 1.0933e-04
1.3341e+06, 1.6162e-04
1.3347e+06, 2.0784e-04
1.3353e+06, 2.8000e-04
1.3356e+06, 3.3148e-04
1.3359e+06, 3.9889e-04
1.3362e+06, 4.8805e-04
1.3365e+06, 6.0694e-04
1.3367e+06, 7.2512e-04
1.3369e+06, 8.7374e-04
1.3372e+06, 1.0574e-03
1.3374e+06, 1.2784e-03
1.3378e+06, 1.7759e-03
1.3381e+06, 1.9665e-03
1.3382e+06, 2.0207e-03
1.3383e+06, 2.0394e-03
1.3384e+06, 2.0213e-03
1.3385e+06, 1.9709e-03
1.3387e+06, 1.7953e-03
1.3392e+06, 1.3243e-03
1.3394e+06, 1.1073e-03
1.3396e+06, 9.2329e-04
1.3398e+06, 7.7292e-04
1.3400e+06, 6.5141e-04
1.3403e+06, 5.4154e-04
1.3405e+06, 4.5600e-04
1.3408e+06, 3.8828e-04
1.3410e+06, 3.3461e-04
1.3415e+06, 2.5673e-04
1.3420e+06, 2.0371e-04
1.3425e+06, 1.6465e-04
1.3430e+06, 1.3721e-04
1.3441e+06, 1.0283e-04
1.3451e+06, 8.3311e-05
1.3462e+06, 7.2358e-05
1.3484e+06, 6.5155e-05
1.3501e+06, 7.0617e-05
1.3524e+06, 9.7840e-05
1.3535e+06, 1.2840e-04
1.3546e+06, 1.8520e-04
1.3552e+06, 2.3987e-04
1.3559e+06, 3.2503e-04
1.3562e+06, 3.8575e-04
1.3565e+06, 4.6370e-04
1.3568e+06, 5.6414e-04
1.3571e+06, 6.9658e-04
1.3573e+06, 8.0592e-04
1.3575e+06, 9.3390e-04
1.3578e+06, 1.0793e-03
1.3580e+06, 1.2382e-03
1.3584e+06, 1.5374e-03
1.3586e+06, 1.6369e-03
1.3588e+06, 1.6727e-03
1.3590e+06, 1.6468e-03
1.3591e+06, 1.5853e-03
1.3593e+06, 1.4958e-03
1.3596e+06, 1.2728e-03
1.3602e+06, 8.4188e-04
1.3605e+06, 6.8118e-04
1.3608e+06, 5.5564e-04
1.3611e+06, 4.5807e-04
1.3614e+06, 3.8290e-04
1.3618e+06, 3.1943e-04
1.3621e+06, 2.7022e-04
1.3628e+06, 2.0174e-04
1.3635e+06, 1.5785e-04
1.3642e+06, 1.2866e-04
1.3654e+06, 9.6779e-05
1.3666e+06, 7.9534e-05
1.3691e+06, 6.8674e-05
1.3703e+06, 7.2509e-05
1.3716e+06, 8.4693e-05
1.3728e+06, 1.1407e-04
1.3734e+06, 1.4237e-04
1.3740e+06, 1.9781e-04
1.3745e+06, 2.7237e-04
1.3749e+06, 4.2637e-04
1.3751e+06, 5.6320e-04
1.3753e+06, 8.0958e-04
1.3754e+06, 1.0096e-03
1.3755e+06, 1.2935e-03
1.3756e+06, 1.7202e-03
1.3757e+06, 2.0263e-03
1.3757e+06, 2.4212e-03
1.3758e+06, 2.8595e-03
1.3758e+06, 3.4090e-03
1.3758e+06, 4.1268e-03
1.3759e+06, 5.0755e-03
1.3759e+06, 6.3350e-03
1.3760e+06, 7.9971e-03
1.3760e+06, 1.0129e-02
1.3761e+06, 1.2679e-02
1.3761e+06, 1.6497e-02
1.3762e+06, 1.7778e-02
1.3762e+06, 1.8242e-02
1.3762e+06, 1.8051e-02
1.3762e+06, 1.7533e-02
1.3763e+06, 1.6687e-02
1.3763e+06, 1.5666e-02
1.3764e+06, 1.0855e-02
1.3764e+06, 8.7304e-03
1.3764e+06, 7.0523e-03
1.3765e+06, 5.7078e-03
1.3765e+06, 4.6961e-03
1.3766e+06, 3.7951e-03
1.3766e+06, 3.1345e-03
1.3767e+06, 2.6326e-03
1.3767e+06, 2.2440e-03
1.3768e+06, 1.6805e-03
1.3769e+06, 1.3140e-03
1.3770e+06, 1.0606e-03
1.3771e+06, 8.8321e-04
1.3773e+06, 6.5602e-04
1.3775e+06, 5.0051e-04
1.3777e+06, 4.1186e-04
1.3782e+06, 3.3024e-04
1.3787e+06, 3.0763e-04
1.3791e+06, 3.2339e-04
1.3795e+06, 3.5806e-04
1.3799e+06, 4.1290e-04
1.3803e+06, 4.9434e-04
1.3805e+06, 5.4533e-04
1.3807e+06, 6.0704e-04
1.3811e+06, 7.5848e-04
1.3813e+06, 8.5153e-04
1.3815e+06, 9.5482e-04
1.3819e+06, 1.1795e-03
1.3823e+06, 1.3781e-03
1.3825e+06, 1.4385e-03
1.3827e+06, 1.4588e-03
1.3829e+06, 1.4356e-03
1.3831e+06, 1.3725e-03
1.3833e+06, 1.2876e-03
1.3835e+06, 1.1872e-03
1.3838e+06, 9.7541e-04
1.3846e+06, 6.2542e-04
1.3849e+06, 5.0378e-04
1.3853e+06, 4.1121e-04
1.3857e+06, 3.3966e-04
1.3860e+06, 2.8432e-04
1.3865e+06, 2.3478e-04
1.3869e+06, 1.9668e-04
1.3878e+06, 1.4439e-04
1.3886e+06, 1.1111e-04
1.3895e+06, 8.8817e-05
1.3914e+06, 6.0257e-05
1.3932e+06, 4.5093e-05
1.3970e+06, 3.0963e-05
1.3999e+06, 2.6760e-05
1.4027e+06, 2.5550e-05
1.4059e+06, 2.7532e-05
1.4091e+06, 3.3416e-05
1.4123e+06, 4.6728e-05
1.4138e+06, 5.9422e-05
1.4154e+06, 7.9224e-05
1.4165e+06, 1.0084e-04
1.4176e+06, 1.3359e-04
1.4181e+06, 1.5593e-04
1.4187e+06, 1.8467e-04
1.4192e+06, 2.2179e-04
1.4198e+06, 2.7017e-04
1.4202e+06, 3.1541e-04
1.4206e+06, 3.7039e-04
1.4209e+06, 4.3740e-04
1.4213e+06, 5.1831e-04
1.4217e+06, 6.1228e-04
1.4221e+06, 7.1646e-04
1.4229e+06, 9.0835e-04
1.4232e+06, 9.4925e-04
1.4235e+06, 9.6337e-04
1.4238e+06, 9.4834e-04
1.4241e+06, 9.0685e-04
1.4243e+06, 8.5732e-04
1.4245e+06, 7.9934e-04
1.4250e+06, 6.7519e-04
1.4260e+06, 4.5458e-04
1.4264e+06, 3.7214e-04
1.4269e+06, 3.0739e-04
1.4278e+06, 2.1590e-04
1.4284e+06, 1.7522e-04
1.4291e+06, 1.4463e-04
1.4303e+06, 1.0317e-04
1.4315e+06, 7.6960e-05
1.4328e+06, 5.9710e-05
1.4351e+06, 4.0097e-05
1.4374e+06, 2.9037e-05
1.4397e+06, 2.2184e-05
1.4420e+06, 1.7645e-05
1.4467e+06, 1.2168e-05
1.4513e+06, 9.0917e-06
1.4606e+06, 5.8819e-06
1.4704e+06, 4.2317e-06
1.4803e+06, 3.2723e-06
1.5000e+06, 2.2441e-06
1.5165e+06, 1.7797e-06
1.5329e+06, 1.4762e-06
1.5494e+06, 1.2626e-06
1.5576e+06, 1.1832e-06
1.5617e+06, 1.1436e-06
1.5638e+06, 1.1238e-06
1.5648e+06, 1.1138e-06
1.5653e+06, 1.1089e-06
1.5656e+06, 1.1064e-06
1.5657e+06, 2.3223e-06
1.5657e+06, 3.0109e-06
1.5657e+06, 4.0210e-06
1.5657e+06, 5.4659e-06
1.5658e+06, 7.4809e-06
1.5658e+06, 1.3853e-05
1.5658e+06, 2.4462e-05
1.5658e+06, 4.0435e-05
1.5658e+06, 6.2179e-05
1.5658e+06, 1.1873e-04
1.5659e+06, 2.4015e-04
1.7500e+06, 2.3869e-04
2.0000e+06, 2.3696e-04
2.2500e+06, 2.2926e-04
2.3004e+06, 2.2784e-04
2.3004e+06, 2.2784e-04
2.3253e+06, 2.1832e-04
2.3502e+06, 2.0930e-04
2.4000e+06, 1.9261e-04
2.5000e+06, 1.8006e-04
2.7500e+06, 1.6019e-04
3.0000e+06, 1.4601e-04
3.5000e+06, 1.3961e-04
3.7500e+06, 1.3836e-04
3.8982e+06, 1.3352e-04
3.9491e+06, 1.3123e-04
4.0000e+06, 1.2900e-04
4.2500e+06, 1.2877e-04
4.4150e+06, 1.2508e-04
4.4171e+06, 1.2504e-04
4.5000e+06, 1.1911e-04
4.5997e+06, 1.1786e-04
4.6498e+06, 1.0818e-04
4.7000e+06, 9.9392e-05
4.8431e+06, 8.9071e-05
4.9216e+06, 8.5066e-05
5.0000e+06, 8.1301e-05
5.1639e+06, 8.0234e-05
5.2500e+06, 7.5181e-05
5.4000e+06, 6.9907e-05
5.5704e+06, 6.7505e-05
5.5704e+06, 6.7505e-05
5.6702e+06, 6.5238e-05
5.7700e+06, 6.3084e-05
5.9696e+06, 5.9089e-05
6.0000e+06, 5.8514e-05
6.1844e+06, 5.5204e-05
6.3688e+06, 5.2170e-05
6.5000e+06, 5.0164e-05
7.0000e+06, 4.3499e-05
7.1673e+06, 4.1566e-05
7.2000e+06, 4.1204e-05
7.6000e+06, 3.8038e-05
8.0000e+06, 3.5260e-05
8.5000e+06, 3.2237e-05
9.0000e+06, 2.9625e-05
9.0023e+06, 2.9614e-05
9.1436e+06, 2.8939e-05
9.2000e+06, 2.8677e-05
9.5000e+06, 2.6603e-05
1.0000e+07, 2.3595e-05
1.0250e+07, 2.0818e-05
1.0500e+07, 1.8423e-05
1.0750e+07, 1.6351e-05
1.0978e+07, 1.4696e-05
1.1000e+07, 1.4551e-05
1.1250e+07, 1.2984e-05
1.1500e+07, 1.1615e-05
1.1750e+07, 1.0414e-05
1.2000e+07, 9.3598e-06
1.2250e+07, 8.1199e-06
1.2500e+07, 7.0645e-06
1.2750e+07, 6.1633e-06
1.3000e+07, 5.3913e-06
1.3250e+07, 4.7280e-06
1.3500e+07, 4.1565e-06
1.3750e+07, 3.6627e-06
1.4000e+07, 3.2350e-06
1.4250e+07, 2.8373e-06
1.4500e+07, 2.4942e-06
1.4750e+07, 2.1974e-06
1.5000e+07, 1.9400e-06
1.5250e+07, 1.7164e-06
1.5500e+07, 1.5215e-06
1.5564e+07, 1.4762e-06
1.5564e+07, 1.4762e-06
1.5782e+07, 1.3331e-06
1.6000e+07, 1.2055e-06
1.6250e+07, 1.0759e-06
1.6500e+07, 9.6198e-07
1.6750e+07, 8.6155e-07
1.6852e+07, 8.2393e-07
1.7000e+07, 7.7286e-07
1.7250e+07, 6.7463e-07
1.7500e+07, 5.9004e-07
1.7750e+07, 5.1703e-07
1.8000e+07, 4.5390e-07
1.8500e+07, 3.8351e-07
1.9000e+07, 3.2550e-07
1.9500e+07, 2.7744e-07
2.0000e+07, 2.3744e-07
