ebin, xs
1.0000e-05, 2.1635e+01
1.0625e-05, 2.0989e+01
1.1250e-05, 2.0398e+01
1.1875e-05, 1.9854e+01
1.2500e-05, 1.9351e+01
1.3750e-05, 1.8451e+01
1.5000e-05, 1.7665e+01
1.6250e-05, 1.6972e+01
1.7500e-05, 1.6355e+01
1.8750e-05, 1.5800e+01
2.0000e-05, 1.5299e+01
2.1875e-05, 1.4628e+01
2.3750e-05, 1.4039e+01
2.5625e-05, 1.3516e+01
2.7500e-05, 1.3047e+01
2.9375e-05, 1.2623e+01
3.1250e-05, 1.2239e+01
3.3125e-05, 1.1887e+01
3.5000e-05, 1.1565e+01
3.8750e-05, 1.0991e+01
4.2500e-05, 1.0495e+01
4.6250e-05, 1.0060e+01
5.0000e-05, 9.6756e+00
5.3125e-05, 9.3868e+00
5.6250e-05, 9.1223e+00
5.9375e-05, 8.8790e+00
6.2500e-05, 8.6542e+00
6.8750e-05, 8.2514e+00
7.5000e-05, 7.9001e+00
8.1250e-05, 7.5902e+00
8.7500e-05, 7.3141e+00
9.3750e-05, 7.0661e+00
1.0000e-04, 6.8417e+00
1.0625e-04, 6.6374e+00
1.1250e-04, 6.4504e+00
1.1875e-04, 6.2784e+00
1.2500e-04, 6.1194e+00
1.3750e-04, 5.8346e+00
1.5000e-04, 5.5862e+00
1.6250e-04, 5.3671e+00
1.7500e-04, 5.1718e+00
1.8750e-04, 4.9965e+00
2.0000e-04, 4.8378e+00
2.1875e-04, 4.6258e+00
2.3750e-04, 4.4395e+00
2.5625e-04, 4.2740e+00
2.7500e-04, 4.1257e+00
2.9375e-04, 3.9919e+00
3.1250e-04, 3.8703e+00
3.3125e-04, 3.7591e+00
3.5000e-04, 3.6570e+00
3.8750e-04, 3.4756e+00
4.2500e-04, 3.3187e+00
4.6250e-04, 3.1813e+00
5.0000e-04, 3.0597e+00
5.3125e-04, 2.9683e+00
5.6250e-04, 2.8847e+00
5.9375e-04, 2.8078e+00
6.2500e-04, 2.7367e+00
6.8750e-04, 2.6093e+00
7.5000e-04, 2.4982e+00
8.1250e-04, 2.4002e+00
8.7500e-04, 2.3129e+00
9.3750e-04, 2.2345e+00
1.0000e-03, 2.1635e+00
1.0625e-03, 2.0989e+00
1.1250e-03, 2.0398e+00
1.1875e-03, 1.9854e+00
1.2500e-03, 1.9351e+00
1.3750e-03, 1.8451e+00
1.5000e-03, 1.7665e+00
1.6250e-03, 1.6972e+00
1.7500e-03, 1.6355e+00
1.8750e-03, 1.5800e+00
2.0000e-03, 1.5299e+00
2.1875e-03, 1.4628e+00
2.3750e-03, 1.4039e+00
2.5625e-03, 1.3516e+00
2.7500e-03, 1.3047e+00
2.9375e-03, 1.2624e+00
3.1250e-03, 1.2239e+00
3.3125e-03, 1.1888e+00
3.5000e-03, 1.1565e+00
3.8750e-03, 1.0991e+00
4.2500e-03, 1.0495e+00
4.6250e-03, 1.0060e+00
5.0000e-03, 9.6758e-01
5.3125e-03, 9.3869e-01
5.6250e-03, 9.1224e-01
5.9375e-03, 8.8790e-01
6.2500e-03, 8.6542e-01
6.8750e-03, 8.2514e-01
7.5000e-03, 7.9001e-01
8.1250e-03, 7.5901e-01
8.7500e-03, 7.3139e-01
9.3750e-03, 7.0659e-01
1.0000e-02, 6.8415e-01
1.0625e-02, 6.6373e-01
1.1250e-02, 6.4503e-01
1.1875e-02, 6.2783e-01
1.2500e-02, 6.1194e-01
1.3750e-02, 5.8347e-01
1.5000e-02, 5.5863e-01
1.6250e-02, 5.3670e-01
1.7500e-02, 5.1717e-01
1.8750e-02, 4.9962e-01
2.0000e-02, 4.8375e-01
2.1325e-02, 4.6848e-01
2.2650e-02, 4.5457e-01
2.3975e-02, 4.4184e-01
2.5300e-02, 4.3012e-01
2.6844e-02, 4.1759e-01
2.8387e-02, 4.0610e-01
3.1475e-02, 3.8569e-01
3.4563e-02, 3.6806e-01
3.7650e-02, 3.5263e-01
4.0738e-02, 3.3899e-01
4.3825e-02, 3.2681e-01
4.6913e-02, 3.1586e-01
5.0000e-02, 3.0595e-01
5.3125e-02, 2.9681e-01
5.6250e-02, 2.8845e-01
5.9375e-02, 2.8077e-01
6.2500e-02, 2.7368e-01
6.8750e-02, 2.6096e-01
7.5000e-02, 2.4985e-01
8.1250e-02, 2.4004e-01
8.7500e-02, 2.3130e-01
9.3750e-02, 2.2344e-01
1.0000e-01, 2.1634e-01
1.0625e-01, 2.0988e-01
1.1250e-01, 2.0397e-01
1.1875e-01, 1.9854e-01
1.2500e-01, 1.9353e-01
1.3750e-01, 1.8454e-01
1.5000e-01, 1.7668e-01
1.6250e-01, 1.6974e-01
1.7500e-01, 1.6356e-01
1.8750e-01, 1.5801e-01
2.0000e-01, 1.5301e-01
2.1875e-01, 1.4631e-01
2.3750e-01, 1.4041e-01
2.5625e-01, 1.3517e-01
2.7500e-01, 1.3048e-01
2.9375e-01, 1.2624e-01
3.1250e-01, 1.2240e-01
3.3125e-01, 1.1888e-01
3.5000e-01, 1.1568e-01
3.8750e-01, 1.0996e-01
4.2500e-01, 1.0499e-01
5.0000e-01, 9.6807e-02
6.2500e-01, 8.6593e-02
7.5000e-01, 7.9041e-02
8.7500e-01, 7.3195e-02
1.0000e+00, 6.8483e-02
1.2500e+00, 6.1249e-02
1.5000e+00, 5.5913e-02
1.7500e+00, 5.1779e-02
2.0000e+00, 4.8444e-02
2.3750e+00, 4.4464e-02
2.7500e+00, 4.1335e-02
3.1250e+00, 3.8781e-02
3.5000e+00, 3.6650e-02
4.2500e+00, 3.3272e-02
5.0000e+00, 3.0691e-02
6.2500e+00, 2.7473e-02
7.5000e+00, 2.5099e-02
8.7500e+00, 2.3258e-02
1.0000e+01, 2.1776e-02
1.2500e+01, 1.9511e-02
1.5000e+01, 1.7843e-02
1.7500e+01, 1.6552e-02
2.0000e+01, 1.5515e-02
2.3750e+01, 1.4282e-02
2.7500e+01, 1.3318e-02
3.1250e+01, 1.2537e-02
3.5000e+01, 1.1890e-02
4.2500e+01, 1.0876e-02
5.0000e+01, 1.0116e-02
6.2500e+01, 9.2000e-03
7.5000e+01, 8.5619e-03
8.7500e+01, 8.1056e-03
1.0000e+02, 7.7792e-03
1.1250e+02, 7.5530e-03
1.2500e+02, 7.4105e-03
1.3750e+02, 7.3423e-03
1.5000e+02, 7.3447e-03
1.6250e+02, 7.4184e-03
1.7500e+02, 7.5682e-03
1.8750e+02, 7.8034e-03
2.0000e+02, 8.1389e-03
2.1213e+02, 8.5841e-03
2.2427e+02, 9.1775e-03
2.3640e+02, 9.9627e-03
2.4854e+02, 1.1006e-02
2.5461e+02, 1.1645e-02
2.6067e+02, 1.2409e-02
2.6674e+02, 1.3262e-02
2.7281e+02, 1.4268e-02
2.7888e+02, 1.5481e-02
2.8494e+02, 1.6929e-02
2.9101e+02, 1.8676e-02
2.9708e+02, 2.0813e-02
3.0243e+02, 2.3119e-02
3.0778e+02, 2.5944e-02
3.1314e+02, 2.9450e-02
3.1849e+02, 3.3869e-02
3.2117e+02, 3.6415e-02
3.2384e+02, 3.9402e-02
3.2652e+02, 4.2819e-02
3.2920e+02, 4.6753e-02
3.3187e+02, 5.1314e-02
3.3455e+02, 5.6644e-02
3.3723e+02, 6.2932e-02
3.3990e+02, 7.0424e-02
3.4240e+02, 7.8810e-02
3.4490e+02, 8.8935e-02
3.4740e+02, 1.0128e-01
3.4990e+02, 1.1605e-01
3.5240e+02, 1.3495e-01
3.5365e+02, 1.4625e-01
3.5489e+02, 1.5909e-01
3.5614e+02, 1.7375e-01
3.5739e+02, 1.9060e-01
3.5864e+02, 2.1009e-01
3.5989e+02, 2.3282e-01
3.6123e+02, 2.6167e-01
3.6257e+02, 2.9637e-01
3.6391e+02, 3.3864e-01
3.6524e+02, 3.9065e-01
3.6658e+02, 4.5515e-01
3.6725e+02, 4.9416e-01
3.6792e+02, 5.3849e-01
3.6859e+02, 5.8916e-01
3.6926e+02, 6.4744e-01
3.6993e+02, 7.1493e-01
3.7060e+02, 7.9369e-01
3.7131e+02, 8.9316e-01
3.7203e+02, 1.0128e+00
3.7274e+02, 1.1585e+00
3.7345e+02, 1.3382e+00
3.7417e+02, 1.5622e+00
3.7452e+02, 1.6960e+00
3.7488e+02, 1.8485e+00
3.7524e+02, 2.0233e+00
3.7560e+02, 2.2245e+00
3.7595e+02, 2.4576e+00
3.7631e+02, 2.7296e+00
3.7673e+02, 3.1156e+00
3.7694e+02, 3.3400e+00
3.7716e+02, 3.5899e+00
3.7737e+02, 3.8693e+00
3.7747e+02, 4.0217e+00
3.7758e+02, 4.1834e+00
3.7769e+02, 4.3553e+00
3.7779e+02, 4.5381e+00
3.7790e+02, 4.7331e+00
3.7800e+02, 4.9409e+00
3.7813e+02, 5.1996e+00
3.7819e+02, 5.3368e+00
3.7825e+02, 5.4795e+00
3.7832e+02, 5.6628e+00
3.7840e+02, 5.8556e+00
3.7848e+02, 6.0586e+00
3.7855e+02, 6.2726e+00
3.7863e+02, 6.4982e+00
3.7870e+02, 6.7365e+00
3.7878e+02, 6.9885e+00
3.7885e+02, 7.2547e+00
3.7894e+02, 7.5696e+00
3.7902e+02, 7.9056e+00
3.7910e+02, 8.2653e+00
3.7919e+02, 8.6503e+00
3.7927e+02, 9.0639e+00
3.7935e+02, 9.5082e+00
3.7944e+02, 9.9867e+00
3.7952e+02, 1.0503e+01
3.7958e+02, 1.0910e+01
3.7964e+02, 1.1340e+01
3.7970e+02, 1.1797e+01
3.7977e+02, 1.2283e+01
3.7983e+02, 1.2802e+01
3.7989e+02, 1.3355e+01
3.7995e+02, 1.3946e+01
3.8001e+02, 1.4578e+01
3.8007e+02, 1.5257e+01
3.8013e+02, 1.5986e+01
3.8020e+02, 1.6773e+01
3.8026e+02, 1.7620e+01
3.8032e+02, 1.8539e+01
3.8038e+02, 1.9534e+01
3.8044e+02, 2.0617e+01
3.8050e+02, 2.1800e+01
3.8056e+02, 2.3097e+01
3.8063e+02, 2.4522e+01
3.8069e+02, 2.6097e+01
3.8075e+02, 2.7841e+01
3.8081e+02, 2.9787e+01
3.8087e+02, 3.1962e+01
3.8093e+02, 3.4415e+01
3.8099e+02, 3.7186e+01
3.8105e+02, 4.0343e+01
3.8112e+02, 4.3948e+01
3.8118e+02, 4.8099e+01
3.8124e+02, 5.2884e+01
3.8130e+02, 5.8440e+01
3.8136e+02, 6.4890e+01
3.8142e+02, 7.2404e+01
3.8148e+02, 8.1168e+01
3.8156e+02, 9.3426e+01
3.8163e+02, 1.0809e+02
3.8170e+02, 1.2556e+02
3.8177e+02, 1.4624e+02
3.8185e+02, 1.7050e+02
3.8192e+02, 1.9867e+02
3.8199e+02, 2.3099e+02
3.8206e+02, 2.6753e+02
3.8213e+02, 3.0170e+02
3.8219e+02, 3.3858e+02
3.8231e+02, 4.1919e+02
3.8255e+02, 5.8932e+02
3.8267e+02, 6.5800e+02
3.8278e+02, 7.1260e+02
3.8289e+02, 7.4778e+02
3.8300e+02, 7.5978e+02
3.8310e+02, 7.5056e+02
3.8319e+02, 7.2404e+02
3.8329e+02, 6.8232e+02
3.8338e+02, 6.2855e+02
3.8350e+02, 5.5388e+02
3.8361e+02, 4.7416e+02
3.8372e+02, 3.9548e+02
3.8384e+02, 3.2257e+02
3.8394e+02, 2.6591e+02
3.8404e+02, 2.1705e+02
3.8414e+02, 1.7608e+02
3.8419e+02, 1.5844e+02
3.8424e+02, 1.4261e+02
3.8429e+02, 1.2841e+02
3.8434e+02, 1.1576e+02
3.8439e+02, 1.0452e+02
3.8444e+02, 9.4579e+01
3.8449e+02, 8.5770e+01
3.8454e+02, 7.7990e+01
3.8459e+02, 7.1123e+01
3.8464e+02, 6.5074e+01
3.8472e+02, 5.6284e+01
3.8481e+02, 4.9147e+01
3.8489e+02, 4.3314e+01
3.8498e+02, 3.8505e+01
3.8506e+02, 3.4502e+01
3.8515e+02, 3.1134e+01
3.8523e+02, 2.8272e+01
3.8532e+02, 2.5816e+01
3.8541e+02, 2.3690e+01
3.8549e+02, 2.1832e+01
3.8566e+02, 1.8751e+01
3.8583e+02, 1.6308e+01
3.8600e+02, 1.4330e+01
3.8616e+02, 1.2825e+01
3.8632e+02, 1.1552e+01
3.8647e+02, 1.0463e+01
3.8663e+02, 9.5241e+00
3.8679e+02, 8.7073e+00
3.8694e+02, 7.9932e+00
3.8726e+02, 6.8077e+00
3.8757e+02, 5.8702e+00
3.8788e+02, 5.1158e+00
3.8820e+02, 4.4995e+00
3.8851e+02, 3.9899e+00
3.8881e+02, 3.5810e+00
3.8911e+02, 3.2324e+00
3.8941e+02, 2.9320e+00
3.8971e+02, 2.6713e+00
3.9001e+02, 2.4437e+00
3.9031e+02, 2.2440e+00
3.9091e+02, 1.9117e+00
3.9150e+02, 1.6481e+00
3.9210e+02, 1.4356e+00
3.9270e+02, 1.2618e+00
3.9330e+02, 1.1178e+00
3.9387e+02, 1.0027e+00
3.9444e+02, 9.0516e-01
3.9501e+02, 8.2088e-01
3.9558e+02, 7.4743e-01
3.9615e+02, 6.8331e-01
3.9672e+02, 6.2710e-01
3.9786e+02, 5.3364e-01
3.9900e+02, 4.5961e-01
4.0014e+02, 3.9997e-01
4.0128e+02, 3.5122e-01
4.0242e+02, 3.1087e-01
4.0350e+02, 2.7864e-01
4.0459e+02, 2.5122e-01
4.0567e+02, 2.2807e-01
4.0675e+02, 2.0760e-01
4.0783e+02, 1.8983e-01
4.0892e+02, 1.7407e-01
4.1108e+02, 1.4812e-01
4.1325e+02, 1.2758e-01
4.1542e+02, 1.1103e-01
4.1758e+02, 9.7495e-02
4.1975e+02, 8.6313e-02
4.2180e+02, 7.7426e-02
4.2385e+02, 6.9860e-02
4.2590e+02, 6.3362e-02
4.2795e+02, 5.7869e-02
4.3001e+02, 5.2944e-02
4.3206e+02, 4.8680e-02
4.3411e+02, 4.4812e-02
4.3616e+02, 4.1531e-02
4.3821e+02, 3.8476e-02
4.4027e+02, 3.5865e-02
4.4437e+02, 3.1303e-02
4.4847e+02, 2.7582e-02
4.5258e+02, 2.4516e-02
4.5851e+02, 2.0974e-02
4.6443e+02, 1.8162e-02
4.7036e+02, 1.5913e-02
4.7629e+02, 1.4124e-02
4.8222e+02, 1.2620e-02
4.8814e+02, 1.1353e-02
4.9407e+02, 1.0280e-02
5.0000e+02, 9.3696e-03
5.0683e+02, 8.4938e-03
5.1367e+02, 7.7678e-03
5.2050e+02, 7.1226e-03
5.2733e+02, 6.5871e-03
5.3417e+02, 6.0991e-03
5.4100e+02, 5.6917e-03
5.5467e+02, 5.0002e-03
5.6834e+02, 4.4689e-03
5.8200e+02, 4.0408e-03
5.9567e+02, 3.6903e-03
6.0934e+02, 3.4013e-03
6.2574e+02, 3.1294e-03
6.4214e+02, 2.9029e-03
6.5854e+02, 2.7153e-03
6.7494e+02, 2.5620e-03
6.9134e+02, 2.4489e-03
7.0774e+02, 2.3631e-03
7.2414e+02, 2.3064e-03
7.4054e+02, 2.2822e-03
7.5694e+02, 2.3237e-03
7.7334e+02, 2.4532e-03
7.8632e+02, 2.6949e-03
7.9282e+02, 2.8987e-03
7.9931e+02, 3.1951e-03
8.0580e+02, 3.6432e-03
8.1229e+02, 4.3725e-03
8.1554e+02, 4.9154e-03
8.1878e+02, 5.5911e-03
8.2203e+02, 6.5609e-03
8.2528e+02, 7.9495e-03
8.2724e+02, 9.1072e-03
8.2921e+02, 1.0623e-02
8.3117e+02, 1.2547e-02
8.3313e+02, 1.5264e-02
8.3510e+02, 1.9164e-02
8.3608e+02, 2.1775e-02
8.3706e+02, 2.5017e-02
8.3805e+02, 2.9092e-02
8.3903e+02, 3.4260e-02
8.4001e+02, 4.1088e-02
8.4099e+02, 5.0412e-02
8.4159e+02, 5.7820e-02
8.4219e+02, 6.7043e-02
8.4279e+02, 7.8724e-02
8.4338e+02, 9.3878e-02
8.4368e+02, 1.0324e-01
8.4398e+02, 1.1414e-01
8.4428e+02, 1.2694e-01
8.4458e+02, 1.4212e-01
8.4488e+02, 1.6031e-01
8.4518e+02, 1.8240e-01
8.4548e+02, 2.0964e-01
8.4578e+02, 2.4389e-01
8.4601e+02, 2.7760e-01
8.4625e+02, 3.1961e-01
8.4636e+02, 3.4479e-01
8.4648e+02, 3.7355e-01
8.4660e+02, 4.0685e-01
8.4672e+02, 4.4590e-01
8.4683e+02, 4.9256e-01
8.4695e+02, 5.4932e-01
8.4707e+02, 6.1998e-01
8.4719e+02, 7.0975e-01
8.4724e+02, 7.6416e-01
8.4730e+02, 8.2634e-01
8.4736e+02, 8.9780e-01
8.4742e+02, 9.8021e-01
8.4748e+02, 1.0757e+00
8.4754e+02, 1.1862e+00
8.4760e+02, 1.3146e+00
8.4766e+02, 1.4638e+00
8.4773e+02, 1.6717e+00
8.4779e+02, 1.9199e+00
8.4786e+02, 2.2157e+00
8.4793e+02, 2.5672e+00
8.4800e+02, 2.9835e+00
8.4807e+02, 3.4742e+00
8.4814e+02, 4.0496e+00
8.4821e+02, 4.7207e+00
8.4828e+02, 5.4983e+00
8.4835e+02, 6.3930e+00
8.4842e+02, 7.4151e+00
8.4849e+02, 8.5734e+00
8.4856e+02, 9.8754e+00
8.4863e+02, 1.1326e+01
8.4870e+02, 1.2928e+01
8.4877e+02, 1.4679e+01
8.4890e+02, 1.8611e+01
8.4904e+02, 2.3019e+01
8.4932e+02, 3.2505e+01
8.4948e+02, 3.7683e+01
8.4964e+02, 4.2016e+01
8.4976e+02, 4.4378e+01
8.4988e+02, 4.5880e+01
8.5000e+02, 4.6425e+01
8.5010e+02, 4.6070e+01
8.5020e+02, 4.5033e+01
8.5030e+02, 4.3314e+01
8.5040e+02, 4.1015e+01
8.5059e+02, 3.5402e+01
8.5078e+02, 2.8915e+01
8.5097e+02, 2.2695e+01
8.5115e+02, 1.7025e+01
8.5124e+02, 1.4516e+01
8.5133e+02, 1.2259e+01
8.5142e+02, 1.0263e+01
8.5151e+02, 8.5278e+00
8.5157e+02, 7.5324e+00
8.5163e+02, 6.6375e+00
8.5169e+02, 5.8377e+00
8.5175e+02, 5.1278e+00
8.5181e+02, 4.4990e+00
8.5187e+02, 3.9465e+00
8.5193e+02, 3.4617e+00
8.5199e+02, 3.0394e+00
8.5205e+02, 2.6717e+00
8.5211e+02, 2.3538e+00
8.5217e+02, 2.0786e+00
8.5223e+02, 1.8419e+00
8.5229e+02, 1.6380e+00
8.5235e+02, 1.4630e+00
8.5241e+02, 1.3124e+00
8.5247e+02, 1.1832e+00
8.5253e+02, 1.0641e+00
8.5259e+02, 9.6279e-01
8.5266e+02, 8.7614e-01
8.5272e+02, 8.0199e-01
8.5279e+02, 7.3805e-01
8.5285e+02, 6.8279e-01
8.5298e+02, 5.9257e-01
8.5311e+02, 5.2244e-01
8.5323e+02, 4.6654e-01
8.5336e+02, 4.2090e-01
8.5349e+02, 3.8283e-01
8.5362e+02, 3.5045e-01
8.5375e+02, 3.2254e-01
8.5400e+02, 2.7672e-01
8.5426e+02, 2.4065e-01
8.5451e+02, 2.1154e-01
8.5483e+02, 1.8304e-01
8.5514e+02, 1.6014e-01
8.5545e+02, 1.4143e-01
8.5576e+02, 1.2593e-01
8.5607e+02, 1.1292e-01
8.5638e+02, 1.0189e-01
8.5700e+02, 8.4279e-02
8.5762e+02, 7.0937e-02
8.5825e+02, 6.0597e-02
8.5887e+02, 5.2423e-02
8.5949e+02, 4.5853e-02
8.6052e+02, 3.7560e-02
8.6154e+02, 3.1430e-02
8.6256e+02, 2.6710e-02
8.6359e+02, 2.3019e-02
8.6461e+02, 2.0086e-02
8.6564e+02, 1.7724e-02
8.6769e+02, 1.4252e-02
8.6974e+02, 1.1723e-02
8.7179e+02, 9.8768e-03
8.7383e+02, 8.4908e-03
8.7588e+02, 7.4234e-03
8.7852e+02, 6.3897e-03
8.8115e+02, 5.6306e-03
8.8642e+02, 4.4964e-03
8.9169e+02, 3.7659e-03
8.9696e+02, 3.2705e-03
9.0340e+02, 2.8729e-03
9.0984e+02, 2.5658e-03
9.2272e+02, 2.1739e-03
9.3560e+02, 1.9363e-03
9.4848e+02, 1.7827e-03
9.7424e+02, 1.5922e-03
1.0000e+03, 1.4719e-03
1.0437e+03, 1.3520e-03
1.0875e+03, 1.2803e-03
1.1312e+03, 1.2384e-03
1.1749e+03, 1.2254e-03
1.2077e+03, 1.2471e-03
1.2405e+03, 1.3181e-03
1.2569e+03, 1.4067e-03
1.2733e+03, 1.5459e-03
1.2897e+03, 1.8556e-03
1.2979e+03, 2.1307e-03
1.3061e+03, 2.5411e-03
1.3143e+03, 3.3309e-03
1.3184e+03, 3.9728e-03
1.3225e+03, 4.8824e-03
1.3266e+03, 6.3618e-03
1.3287e+03, 7.4541e-03
1.3307e+03, 8.9176e-03
1.3328e+03, 1.0932e-02
1.3348e+03, 1.3763e-02
1.3369e+03, 1.8157e-02
1.3379e+03, 2.1270e-02
1.3389e+03, 2.5308e-02
1.3398e+03, 2.9645e-02
1.3407e+03, 3.5240e-02
1.3415e+03, 4.2737e-02
1.3424e+03, 5.3120e-02
1.3432e+03, 6.8048e-02
1.3436e+03, 7.8079e-02
1.3441e+03, 9.0618e-02
1.3445e+03, 1.0665e-01
1.3449e+03, 1.2776e-01
1.3453e+03, 1.5669e-01
1.3456e+03, 1.7570e-01
1.3458e+03, 1.9917e-01
1.3461e+03, 2.4226e-01
1.3462e+03, 2.7125e-01
1.3464e+03, 3.0786e-01
1.3465e+03, 3.5553e-01
1.3466e+03, 4.1804e-01
1.3468e+03, 5.0183e-01
1.3469e+03, 6.1539e-01
1.3470e+03, 6.8782e-01
1.3471e+03, 7.7132e-01
1.3471e+03, 8.6878e-01
1.3472e+03, 9.8239e-01
1.3473e+03, 1.1146e+00
1.3474e+03, 1.2682e+00
1.3474e+03, 1.4461e+00
1.3475e+03, 1.6515e+00
1.3476e+03, 1.8878e+00
1.3477e+03, 2.1586e+00
1.3477e+03, 2.4676e+00
1.3478e+03, 2.8187e+00
1.3479e+03, 3.2155e+00
1.3479e+03, 3.6618e+00
1.3480e+03, 4.1611e+00
1.3481e+03, 4.7165e+00
1.3482e+03, 5.7076e+00
1.3483e+03, 6.8399e+00
1.3484e+03, 8.1242e+00
1.3485e+03, 9.5567e+00
1.3486e+03, 1.1127e+01
1.3488e+03, 1.2817e+01
1.3490e+03, 1.6438e+01
1.3492e+03, 2.0290e+01
1.3494e+03, 2.3722e+01
1.3496e+03, 2.5371e+01
1.3497e+03, 2.6615e+01
1.3498e+03, 2.7282e+01
1.3500e+03, 2.7601e+01
1.3500e+03, 2.7630e+01
1.3501e+03, 2.7480e+01
1.3502e+03, 2.7041e+01
1.3503e+03, 2.6267e+01
1.3504e+03, 2.5219e+01
1.3506e+03, 2.2579e+01
1.3508e+03, 1.9373e+01
1.3512e+03, 1.3526e+01
1.3514e+03, 1.0814e+01
1.3516e+03, 8.4258e+00
1.3517e+03, 7.0327e+00
1.3518e+03, 5.8106e+00
1.3519e+03, 4.7573e+00
1.3520e+03, 3.8645e+00
1.3521e+03, 3.4713e+00
1.3522e+03, 3.1195e+00
1.3522e+03, 2.7952e+00
1.3523e+03, 2.5070e+00
1.3523e+03, 2.2432e+00
1.3524e+03, 2.0102e+00
1.3524e+03, 1.7982e+00
1.3525e+03, 1.6121e+00
1.3526e+03, 1.3791e+00
1.3527e+03, 1.1849e+00
1.3528e+03, 1.0197e+00
1.3528e+03, 8.8292e-01
1.3529e+03, 7.6727e-01
1.3530e+03, 6.7190e-01
1.3531e+03, 5.9228e-01
1.3532e+03, 5.2577e-01
1.3533e+03, 4.6950e-01
1.3534e+03, 4.2287e-01
1.3535e+03, 3.5032e-01
1.3537e+03, 2.9738e-01
1.3539e+03, 2.5811e-01
1.3540e+03, 2.2769e-01
1.3542e+03, 2.0366e-01
1.3545e+03, 1.6749e-01
1.3549e+03, 1.4132e-01
1.3552e+03, 1.2134e-01
1.3555e+03, 1.0637e-01
1.3558e+03, 9.4181e-02
1.3565e+03, 7.5503e-02
1.3571e+03, 6.2014e-02
1.3577e+03, 5.1951e-02
1.3584e+03, 4.4232e-02
1.3590e+03, 3.8203e-02
1.3603e+03, 2.9425e-02
1.3616e+03, 2.3393e-02
1.3628e+03, 1.9099e-02
1.3641e+03, 1.5945e-02
1.3654e+03, 1.3590e-02
1.3669e+03, 1.1377e-02
1.3685e+03, 9.6532e-03
1.3717e+03, 7.2937e-03
1.3749e+03, 5.7909e-03
1.3781e+03, 4.8282e-03
1.3812e+03, 4.0595e-03
1.3844e+03, 3.5315e-03
1.3907e+03, 2.8033e-03
1.4034e+03, 2.0664e-03
1.4161e+03, 1.7014e-03
1.4288e+03, 1.4933e-03
1.4415e+03, 1.3775e-03
1.4669e+03, 1.2290e-03
1.4923e+03, 1.1530e-03
1.5431e+03, 1.0892e-03
1.5938e+03, 1.0646e-03
1.6751e+03, 1.0742e-03
1.7563e+03, 1.1367e-03
1.7969e+03, 1.2007e-03
1.8375e+03, 1.3093e-03
1.8781e+03, 1.5133e-03
1.8985e+03, 1.6916e-03
1.9188e+03, 1.9763e-03
1.9315e+03, 2.2806e-03
1.9442e+03, 2.6669e-03
1.9568e+03, 3.3138e-03
1.9695e+03, 4.4159e-03
1.9772e+03, 5.5367e-03
1.9848e+03, 7.3044e-03
1.9886e+03, 8.6292e-03
1.9924e+03, 1.0441e-02
1.9962e+03, 1.2810e-02
2.0000e+03, 1.6420e-02
2.0021e+03, 1.9169e-02
2.0042e+03, 2.2579e-02
2.0063e+03, 2.7193e-02
2.0084e+03, 3.3511e-02
2.0105e+03, 4.2448e-02
2.0115e+03, 4.8368e-02
2.0126e+03, 5.5605e-02
2.0136e+03, 6.4609e-02
2.0147e+03, 7.6110e-02
2.0157e+03, 9.1188e-02
2.0168e+03, 1.1141e-01
2.0174e+03, 1.2848e-01
2.0181e+03, 1.4990e-01
2.0188e+03, 1.7738e-01
2.0195e+03, 2.1352e-01
2.0198e+03, 2.3619e-01
2.0202e+03, 2.6278e-01
2.0205e+03, 2.9453e-01
2.0208e+03, 3.3275e-01
2.0212e+03, 3.7989e-01
2.0215e+03, 4.3918e-01
2.0219e+03, 5.1682e-01
2.0220e+03, 5.6572e-01
2.0222e+03, 6.2410e-01
2.0223e+03, 6.8372e-01
2.0225e+03, 7.5462e-01
2.0226e+03, 8.4066e-01
2.0228e+03, 9.4646e-01
2.0229e+03, 1.0781e+00
2.0231e+03, 1.2433e+00
2.0232e+03, 1.4523e+00
2.0233e+03, 1.5770e+00
2.0234e+03, 1.7176e+00
2.0234e+03, 1.8761e+00
2.0235e+03, 2.0548e+00
2.0236e+03, 2.2562e+00
2.0236e+03, 2.4829e+00
2.0237e+03, 2.7379e+00
2.0238e+03, 3.0243e+00
2.0239e+03, 3.3454e+00
2.0239e+03, 3.7048e+00
2.0240e+03, 4.1061e+00
2.0241e+03, 4.5532e+00
2.0242e+03, 5.0500e+00
2.0242e+03, 5.6007e+00
2.0244e+03, 6.8796e+00
2.0245e+03, 8.4217e+00
2.0247e+03, 1.0256e+01
2.0248e+03, 1.2405e+01
2.0249e+03, 1.4884e+01
2.0251e+03, 1.7696e+01
2.0252e+03, 2.0830e+01
2.0254e+03, 2.4254e+01
2.0257e+03, 3.1765e+01
2.0260e+03, 4.0332e+01
2.0263e+03, 4.8118e+01
2.0265e+03, 5.1802e+01
2.0267e+03, 5.4568e+01
2.0268e+03, 5.6017e+01
2.0270e+03, 5.6670e+01
2.0270e+03, 5.6708e+01
2.0271e+03, 5.6341e+01
2.0273e+03, 5.5270e+01
2.0274e+03, 5.3254e+01
2.0276e+03, 5.0484e+01
2.0278e+03, 4.4940e+01
2.0281e+03, 3.8474e+01
2.0286e+03, 2.5183e+01
2.0288e+03, 1.9343e+01
2.0290e+03, 1.6754e+01
2.0291e+03, 1.4407e+01
2.0292e+03, 1.2386e+01
2.0293e+03, 1.0605e+01
2.0294e+03, 9.0253e+00
2.0296e+03, 7.6614e+00
2.0297e+03, 6.4752e+00
2.0298e+03, 5.4699e+00
2.0299e+03, 4.6106e+00
2.0300e+03, 3.8937e+00
2.0302e+03, 3.2896e+00
2.0303e+03, 2.7920e+00
2.0304e+03, 2.3770e+00
2.0305e+03, 2.0381e+00
2.0306e+03, 1.7572e+00
2.0307e+03, 1.5285e+00
2.0309e+03, 1.3405e+00
2.0310e+03, 1.1856e+00
2.0311e+03, 1.0675e+00
2.0312e+03, 9.6879e-01
2.0313e+03, 8.8492e-01
2.0314e+03, 8.1326e-01
2.0316e+03, 6.9771e-01
2.0318e+03, 6.1010e-01
2.0321e+03, 5.4095e-01
2.0323e+03, 4.8534e-01
2.0325e+03, 4.3927e-01
2.0327e+03, 4.0035e-01
2.0331e+03, 3.3781e-01
2.0336e+03, 2.8990e-01
2.0340e+03, 2.5193e-01
2.0344e+03, 2.2132e-01
2.0350e+03, 1.8570e-01
2.0357e+03, 1.5825e-01
2.0363e+03, 1.3657e-01
2.0369e+03, 1.1916e-01
2.0376e+03, 1.0492e-01
2.0382e+03, 9.3138e-02
2.0395e+03, 7.4990e-02
2.0402e+03, 6.6988e-02
2.0416e+03, 5.4471e-02
2.0431e+03, 4.5177e-02
2.0442e+03, 3.9710e-02
2.0452e+03, 3.5209e-02
2.0474e+03, 2.8364e-02
2.0503e+03, 2.2055e-02
2.0532e+03, 1.7659e-02
2.0561e+03, 1.4524e-02
2.0590e+03, 1.2210e-02
2.0618e+03, 1.0474e-02
2.0683e+03, 7.8000e-03
2.0748e+03, 6.1310e-03
2.0813e+03, 5.0284e-03
2.0878e+03, 4.2959e-03
2.1008e+03, 3.3212e-03
2.1138e+03, 2.7568e-03
2.1268e+03, 2.4064e-03
2.1398e+03, 2.1790e-03
2.1658e+03, 1.9276e-03
2.1889e+03, 1.8313e-03
2.2120e+03, 1.8053e-03
2.2467e+03, 1.8789e-03
2.2813e+03, 2.1023e-03
2.2986e+03, 2.3409e-03
2.3160e+03, 2.7361e-03
2.3246e+03, 3.0623e-03
2.3333e+03, 3.5383e-03
2.3420e+03, 4.1829e-03
2.3506e+03, 5.2692e-03
2.3550e+03, 6.0943e-03
2.3593e+03, 7.2376e-03
2.3636e+03, 8.8356e-03
2.3679e+03, 1.1103e-02
2.3704e+03, 1.2917e-02
2.3728e+03, 1.5359e-02
2.3753e+03, 1.8692e-02
2.3777e+03, 2.3386e-02
2.3801e+03, 3.0116e-02
2.3813e+03, 3.4796e-02
2.3826e+03, 4.0799e-02
2.3838e+03, 4.8599e-02
2.3850e+03, 5.8935e-02
2.3862e+03, 7.3172e-02
2.3868e+03, 8.2449e-02
2.3874e+03, 9.3723e-02
2.3881e+03, 1.0935e-01
2.3888e+03, 1.2945e-01
2.3895e+03, 1.5598e-01
2.3901e+03, 1.9228e-01
2.3905e+03, 2.1590e-01
2.3908e+03, 2.4467e-01
2.3912e+03, 2.8088e-01
2.3915e+03, 3.2795e-01
2.3918e+03, 3.9285e-01
2.3920e+03, 4.3545e-01
2.3922e+03, 4.8793e-01
2.3923e+03, 5.5372e-01
2.3925e+03, 6.3746e-01
2.3927e+03, 7.4536e-01
2.3929e+03, 8.8566e-01
2.3930e+03, 1.0222e+00
2.3931e+03, 1.1902e+00
2.3932e+03, 1.3968e+00
2.3934e+03, 1.6481e+00
2.3935e+03, 1.9574e+00
2.3936e+03, 2.3338e+00
2.3938e+03, 2.7891e+00
2.3939e+03, 3.3315e+00
2.3940e+03, 3.9827e+00
2.3942e+03, 4.7527e+00
2.3943e+03, 5.6546e+00
2.3944e+03, 6.6923e+00
2.3945e+03, 7.8922e+00
2.3947e+03, 9.2549e+00
2.3948e+03, 1.0785e+01
2.3949e+03, 1.2468e+01
2.3952e+03, 1.6156e+01
2.3954e+03, 2.0312e+01
2.3959e+03, 2.9211e+01
2.3962e+03, 3.3340e+01
2.3964e+03, 3.6781e+01
2.3966e+03, 3.8359e+01
2.3967e+03, 3.9516e+01
2.3970e+03, 4.0444e+01
2.3970e+03, 4.0449e+01
2.3971e+03, 4.0392e+01
2.3971e+03, 4.0227e+01
2.3973e+03, 3.9577e+01
2.3974e+03, 3.8404e+01
2.3976e+03, 3.6790e+01
2.3979e+03, 3.2899e+01
2.3981e+03, 2.8221e+01
2.3987e+03, 1.8797e+01
2.3989e+03, 1.4556e+01
2.3991e+03, 1.2654e+01
2.3992e+03, 1.0931e+01
2.3993e+03, 9.4321e+00
2.3994e+03, 8.0906e+00
2.3996e+03, 6.9026e+00
2.3997e+03, 5.8691e+00
2.3998e+03, 4.9644e+00
2.3999e+03, 4.1864e+00
2.4001e+03, 3.5233e+00
2.4002e+03, 2.9666e+00
2.4003e+03, 2.4954e+00
2.4004e+03, 2.1026e+00
2.4006e+03, 1.7770e+00
2.4007e+03, 1.5103e+00
2.4008e+03, 1.2894e+00
2.4009e+03, 1.1096e+00
2.4011e+03, 9.6112e-01
2.4012e+03, 8.4049e-01
2.4014e+03, 7.0623e-01
2.4016e+03, 6.0377e-01
2.4017e+03, 5.2472e-01
2.4019e+03, 4.6281e-01
2.4021e+03, 4.1347e-01
2.4023e+03, 3.7341e-01
2.4026e+03, 3.1231e-01
2.4030e+03, 2.6759e-01
2.4033e+03, 2.3311e-01
2.4037e+03, 2.0556e-01
2.4040e+03, 1.8304e-01
2.4047e+03, 1.4830e-01
2.4054e+03, 1.2299e-01
2.4061e+03, 1.0383e-01
2.4068e+03, 8.8968e-02
2.4078e+03, 7.2870e-02
2.4088e+03, 6.0962e-02
2.4098e+03, 5.1830e-02
2.4108e+03, 4.4641e-02
2.4129e+03, 3.4206e-02
2.4149e+03, 2.7191e-02
2.4165e+03, 2.3164e-02
2.4191e+03, 1.8414e-02
2.4217e+03, 1.5024e-02
2.4243e+03, 1.2574e-02
2.4269e+03, 1.0749e-02
2.4322e+03, 8.3663e-03
2.4374e+03, 6.7295e-03
2.4426e+03, 5.6484e-03
2.4478e+03, 4.9061e-03
2.4583e+03, 4.0000e-03
2.4688e+03, 3.4298e-03
2.4792e+03, 3.0708e-03
2.5001e+03, 2.6877e-03
2.5259e+03, 2.5065e-03
2.5516e+03, 2.4622e-03
2.5870e+03, 2.5177e-03
2.6224e+03, 2.6496e-03
2.6578e+03, 2.8458e-03
2.6931e+03, 3.1097e-03
2.7285e+03, 3.4407e-03
2.7639e+03, 3.8665e-03
2.7993e+03, 4.4082e-03
2.8347e+03, 5.0958e-03
2.8588e+03, 5.6920e-03
2.8829e+03, 6.4215e-03
2.9071e+03, 7.3239e-03
2.9312e+03, 8.4574e-03
2.9553e+03, 9.8719e-03
2.9674e+03, 1.0742e-02
2.9794e+03, 1.1741e-02
2.9915e+03, 1.2896e-02
3.0036e+03, 1.4241e-02
3.0156e+03, 1.5821e-02
3.0277e+03, 1.7696e-02
3.0390e+03, 1.9791e-02
3.0502e+03, 2.2311e-02
3.0615e+03, 2.5362e-02
3.0727e+03, 2.8977e-02
3.0840e+03, 3.3583e-02
3.0953e+03, 3.9418e-02
3.1009e+03, 4.2929e-02
3.1065e+03, 4.6934e-02
3.1121e+03, 5.1535e-02
3.1178e+03, 5.6866e-02
3.1224e+03, 6.1936e-02
3.1270e+03, 6.7723e-02
3.1317e+03, 7.4292e-02
3.1363e+03, 8.1886e-02
3.1409e+03, 9.0672e-02
3.1432e+03, 9.5661e-02
3.1455e+03, 1.0107e-01
3.1478e+03, 1.0693e-01
3.1490e+03, 1.1006e-01
3.1501e+03, 1.1334e-01
3.1513e+03, 1.1677e-01
3.1525e+03, 1.2036e-01
3.1536e+03, 1.2412e-01
3.1548e+03, 1.2806e-01
3.1561e+03, 1.3274e-01
3.1574e+03, 1.3769e-01
3.1580e+03, 1.4026e-01
3.1587e+03, 1.4291e-01
3.1593e+03, 1.4564e-01
3.1600e+03, 1.4845e-01
3.1605e+03, 1.5056e-01
3.1610e+03, 1.5271e-01
3.1619e+03, 1.5715e-01
3.1629e+03, 1.6179e-01
3.1638e+03, 1.6664e-01
3.1648e+03, 1.7171e-01
3.1657e+03, 1.7702e-01
3.1667e+03, 1.8257e-01
3.1676e+03, 1.8840e-01
3.1687e+03, 1.9550e-01
3.1699e+03, 2.0301e-01
3.1710e+03, 2.1096e-01
3.1721e+03, 2.1939e-01
3.1732e+03, 2.2834e-01
3.1743e+03, 2.3784e-01
3.1754e+03, 2.4796e-01
3.1765e+03, 2.5872e-01
3.1773e+03, 2.6754e-01
3.1782e+03, 2.7680e-01
3.1791e+03, 2.8658e-01
3.1799e+03, 2.9688e-01
3.1808e+03, 3.0777e-01
3.1816e+03, 3.1925e-01
3.1825e+03, 3.3139e-01
3.1833e+03, 3.4420e-01
3.1842e+03, 3.5778e-01
3.1850e+03, 3.7216e-01
3.1867e+03, 4.0365e-01
3.1885e+03, 4.3930e-01
3.1902e+03, 4.7987e-01
3.1919e+03, 5.2629e-01
3.1936e+03, 5.7974e-01
3.1944e+03, 6.0956e-01
3.1953e+03, 6.4168e-01
3.1961e+03, 6.7643e-01
3.1970e+03, 7.1398e-01
3.1979e+03, 7.5473e-01
3.1987e+03, 7.9889e-01
3.1996e+03, 8.4697e-01
3.2004e+03, 8.9939e-01
3.2013e+03, 9.5689e-01
3.2021e+03, 1.0200e+00
3.2030e+03, 1.0896e+00
3.2038e+03, 1.1664e+00
3.2049e+03, 1.2782e+00
3.2060e+03, 1.4065e+00
3.2072e+03, 1.5544e+00
3.2083e+03, 1.7261e+00
3.2094e+03, 1.9267e+00
3.2105e+03, 2.1626e+00
3.2116e+03, 2.4421e+00
3.2127e+03, 2.7754e+00
3.2138e+03, 3.1756e+00
3.2143e+03, 3.4061e+00
3.2149e+03, 3.6596e+00
3.2154e+03, 3.9399e+00
3.2160e+03, 4.2490e+00
3.2165e+03, 4.5914e+00
3.2171e+03, 4.9695e+00
3.2176e+03, 5.3887e+00
3.2182e+03, 5.8521e+00
3.2187e+03, 6.3637e+00
3.2193e+03, 6.9257e+00
3.2199e+03, 7.5427e+00
3.2204e+03, 8.2136e+00
3.2215e+03, 9.7141e+00
3.2229e+03, 1.1792e+01
3.2243e+03, 1.3836e+01
3.2249e+03, 1.4704e+01
3.2256e+03, 1.5384e+01
3.2263e+03, 1.5817e+01
3.2270e+03, 1.5962e+01
3.2278e+03, 1.5761e+01
3.2284e+03, 1.5381e+01
3.2289e+03, 1.4831e+01
3.2301e+03, 1.3357e+01
3.2323e+03, 9.9001e+00
3.2335e+03, 8.3289e+00
3.2346e+03, 6.9804e+00
3.2358e+03, 5.8615e+00
3.2369e+03, 4.9511e+00
3.2377e+03, 4.3978e+00
3.2386e+03, 3.9229e+00
3.2394e+03, 3.5130e+00
3.2402e+03, 3.1591e+00
3.2411e+03, 2.8520e+00
3.2419e+03, 2.5852e+00
3.2427e+03, 2.3519e+00
3.2435e+03, 2.1477e+00
3.2444e+03, 1.9676e+00
3.2452e+03, 1.8087e+00
3.2469e+03, 1.5417e+00
3.2485e+03, 1.3284e+00
3.2502e+03, 1.1556e+00
3.2516e+03, 1.0376e+00
3.2529e+03, 9.3662e-01
3.2543e+03, 8.4977e-01
3.2556e+03, 7.7462e-01
3.2570e+03, 7.0874e-01
3.2583e+03, 6.5052e-01
3.2611e+03, 5.5334e-01
3.2638e+03, 4.7622e-01
3.2665e+03, 4.1408e-01
3.2692e+03, 3.6327e-01
3.2719e+03, 3.2123e-01
3.2743e+03, 2.8966e-01
3.2768e+03, 2.6251e-01
3.2792e+03, 2.3898e-01
3.2816e+03, 2.1848e-01
3.2840e+03, 2.0051e-01
3.2864e+03, 1.8480e-01
3.2913e+03, 1.5836e-01
3.2961e+03, 1.3706e-01
3.3009e+03, 1.1978e-01
3.3058e+03, 1.0557e-01
3.3106e+03, 9.3752e-02
3.3148e+03, 8.4969e-02
3.3190e+03, 7.7368e-02
3.3233e+03, 7.0744e-02
3.3275e+03, 6.4934e-02
3.3359e+03, 5.5269e-02
3.3444e+03, 4.7620e-02
3.3529e+03, 4.1588e-02
3.3613e+03, 3.6508e-02
3.3698e+03, 3.2314e-02
3.3782e+03, 2.8822e-02
3.3861e+03, 2.6087e-02
3.3939e+03, 2.3731e-02
3.4018e+03, 2.1673e-02
3.4096e+03, 1.9866e-02
3.4253e+03, 1.6893e-02
3.4410e+03, 1.4568e-02
3.4567e+03, 1.2692e-02
3.4724e+03, 1.1216e-02
3.4881e+03, 9.9479e-03
3.5038e+03, 8.8983e-03
3.5304e+03, 7.5210e-03
3.5570e+03, 6.4590e-03
3.5836e+03, 5.6404e-03
3.6101e+03, 5.0169e-03
3.6367e+03, 4.5295e-03
3.6633e+03, 4.1767e-03
3.6899e+03, 3.9488e-03
3.7164e+03, 3.8628e-03
3.7394e+03, 3.9781e-03
3.7623e+03, 4.4203e-03
3.7738e+03, 4.8805e-03
3.7853e+03, 5.6514e-03
3.7968e+03, 7.0272e-03
3.8025e+03, 8.1274e-03
3.8082e+03, 9.7127e-03
3.8155e+03, 1.2943e-02
3.8191e+03, 1.5440e-02
3.8227e+03, 1.8837e-02
3.8250e+03, 2.1706e-02
3.8272e+03, 2.5481e-02
3.8295e+03, 3.0492e-02
3.8318e+03, 3.7269e-02
3.8340e+03, 4.6818e-02
3.8363e+03, 6.1104e-02
3.8374e+03, 7.1034e-02
3.8386e+03, 8.3720e-02
3.8397e+03, 1.0030e-01
3.8408e+03, 1.2264e-01
3.8416e+03, 1.4116e-01
3.8423e+03, 1.6451e-01
3.8430e+03, 1.9466e-01
3.8437e+03, 2.3480e-01
3.8444e+03, 2.9070e-01
3.8448e+03, 3.2801e-01
3.8451e+03, 3.7477e-01
3.8455e+03, 4.3580e-01
3.8459e+03, 5.1828e-01
3.8462e+03, 6.3516e-01
3.8464e+03, 7.1213e-01
3.8466e+03, 8.0595e-01
3.8467e+03, 9.0829e-01
3.8469e+03, 1.0307e+00
3.8471e+03, 1.1793e+00
3.8472e+03, 1.3574e+00
3.8474e+03, 1.5733e+00
3.8475e+03, 1.8312e+00
3.8477e+03, 2.1400e+00
3.8479e+03, 2.5080e+00
3.8480e+03, 2.9471e+00
3.8482e+03, 3.4613e+00
3.8483e+03, 4.0667e+00
3.8485e+03, 4.7651e+00
3.8487e+03, 5.5740e+00
3.8488e+03, 6.4910e+00
3.8490e+03, 7.5265e+00
3.8491e+03, 8.6841e+00
3.8493e+03, 1.0048e+01
3.8495e+03, 1.1547e+01
3.8498e+03, 1.4909e+01
3.8505e+03, 2.2467e+01
3.8509e+03, 2.6516e+01
3.8513e+03, 2.9853e+01
3.8515e+03, 3.1229e+01
3.8517e+03, 3.2192e+01
3.8520e+03, 3.2787e+01
3.8522e+03, 3.2464e+01
3.8525e+03, 3.1515e+01
3.8527e+03, 2.9859e+01
3.8530e+03, 2.7657e+01
3.8535e+03, 2.2467e+01
3.8540e+03, 1.6894e+01
3.8542e+03, 1.4361e+01
3.8545e+03, 1.2027e+01
3.8547e+03, 9.9283e+00
3.8549e+03, 8.0890e+00
3.8552e+03, 6.5158e+00
3.8553e+03, 5.8267e+00
3.8554e+03, 5.1999e+00
3.8555e+03, 4.6326e+00
3.8556e+03, 4.1216e+00
3.8558e+03, 3.6635e+00
3.8559e+03, 3.2545e+00
3.8560e+03, 2.9053e+00
3.8561e+03, 2.5970e+00
3.8562e+03, 2.3230e+00
3.8563e+03, 2.0802e+00
3.8564e+03, 1.8655e+00
3.8566e+03, 1.6762e+00
3.8567e+03, 1.5096e+00
3.8568e+03, 1.3630e+00
3.8570e+03, 1.1205e+00
3.8572e+03, 9.3471e-01
3.8575e+03, 7.9133e-01
3.8577e+03, 6.8006e-01
3.8579e+03, 5.9255e-01
3.8581e+03, 5.2348e-01
3.8583e+03, 4.6788e-01
3.8586e+03, 4.2238e-01
3.8590e+03, 3.5243e-01
3.8595e+03, 3.0124e-01
3.8601e+03, 2.5115e-01
3.8607e+03, 2.1361e-01
3.8612e+03, 1.8440e-01
3.8618e+03, 1.6108e-01
3.8624e+03, 1.4209e-01
3.8630e+03, 1.2639e-01
3.8642e+03, 1.0214e-01
3.8654e+03, 8.4487e-02
3.8666e+03, 7.1211e-02
3.8677e+03, 6.0928e-02
3.8689e+03, 5.2774e-02
3.8713e+03, 4.0836e-02
3.8736e+03, 3.2758e-02
3.8760e+03, 2.6980e-02
3.8784e+03, 2.2637e-02
3.8831e+03, 1.6756e-02
3.8878e+03, 1.3086e-02
3.8925e+03, 1.0685e-02
3.8972e+03, 8.9162e-03
3.9067e+03, 6.6524e-03
3.9195e+03, 4.9642e-03
3.9324e+03, 4.0049e-03
3.9452e+03, 3.4149e-03
3.9580e+03, 2.9987e-03
3.9837e+03, 2.4811e-03
4.0094e+03, 2.1750e-03
4.0441e+03, 1.9181e-03
4.0789e+03, 1.7531e-03
4.1484e+03, 1.5541e-03
4.2178e+03, 1.4519e-03
4.2873e+03, 1.4065e-03
4.3462e+03, 1.4211e-03
4.4052e+03, 1.4933e-03
4.4641e+03, 1.7095e-03
4.4935e+03, 1.9500e-03
4.5230e+03, 2.4277e-03
4.5366e+03, 2.8251e-03
4.5502e+03, 3.4552e-03
4.5638e+03, 4.5396e-03
4.5706e+03, 5.3929e-03
4.5774e+03, 6.6435e-03
4.5834e+03, 8.2982e-03
4.5894e+03, 1.0848e-02
4.5955e+03, 1.5038e-02
4.5985e+03, 1.8277e-02
4.6015e+03, 2.2816e-02
4.6044e+03, 2.8962e-02
4.6072e+03, 3.8155e-02
4.6086e+03, 4.4584e-02
4.6100e+03, 5.2902e-02
4.6114e+03, 6.3939e-02
4.6129e+03, 7.9035e-02
4.6144e+03, 1.0227e-01
4.6151e+03, 1.1813e-01
4.6159e+03, 1.3824e-01
4.6166e+03, 1.6447e-01
4.6174e+03, 1.9987e-01
4.6181e+03, 2.5057e-01
4.6185e+03, 2.8551e-01
4.6189e+03, 3.3063e-01
4.6194e+03, 4.1001e-01
4.6196e+03, 4.6419e-01
4.6198e+03, 5.3233e-01
4.6201e+03, 6.1897e-01
4.6203e+03, 7.3004e-01
4.6205e+03, 8.7308e-01
4.6208e+03, 1.0575e+00
4.6210e+03, 1.2949e+00
4.6213e+03, 1.5987e+00
4.6214e+03, 1.7805e+00
4.6215e+03, 1.9848e+00
4.6216e+03, 2.2140e+00
4.6217e+03, 2.4703e+00
4.6218e+03, 2.7561e+00
4.6220e+03, 3.0736e+00
4.6221e+03, 3.4251e+00
4.6222e+03, 3.8128e+00
4.6223e+03, 4.2388e+00
4.6224e+03, 4.7048e+00
4.6226e+03, 5.2124e+00
4.6227e+03, 5.7630e+00
4.6229e+03, 6.6764e+00
4.6230e+03, 7.6841e+00
4.6232e+03, 8.7891e+00
4.6234e+03, 9.9861e+00
4.6236e+03, 1.1266e+01
4.6237e+03, 1.2617e+01
4.6241e+03, 1.5460e+01
4.6241e+03, 1.5657e+01
4.6242e+03, 1.6386e+01
4.6243e+03, 1.7105e+01
4.6245e+03, 1.8532e+01
4.6248e+03, 2.0872e+01
4.6251e+03, 2.2900e+01
4.6255e+03, 2.4765e+01
4.6257e+03, 2.5559e+01
4.6260e+03, 2.5820e+01
4.6260e+03, 2.5814e+01
4.6262e+03, 2.5721e+01
4.6263e+03, 2.5516e+01
4.6265e+03, 2.4780e+01
4.6268e+03, 2.3636e+01
4.6270e+03, 2.2156e+01
4.6273e+03, 2.0404e+01
4.6275e+03, 1.8468e+01
4.6280e+03, 1.4387e+01
4.6285e+03, 1.0681e+01
4.6288e+03, 9.0151e+00
4.6290e+03, 7.5215e+00
4.6292e+03, 6.2003e+00
4.6295e+03, 5.0653e+00
4.6297e+03, 4.1006e+00
4.6298e+03, 3.6804e+00
4.6300e+03, 3.3020e+00
4.6301e+03, 2.9706e+00
4.6302e+03, 2.6732e+00
4.6303e+03, 2.4049e+00
4.6304e+03, 2.1635e+00
4.6305e+03, 1.9470e+00
4.6306e+03, 1.7532e+00
4.6309e+03, 1.4263e+00
4.6311e+03, 1.1679e+00
4.6313e+03, 9.6498e-01
4.6316e+03, 8.0611e-01
4.6318e+03, 6.8182e-01
4.6320e+03, 5.8433e-01
4.6322e+03, 5.0745e-01
4.6325e+03, 4.4630e-01
4.6327e+03, 3.9712e-01
4.6332e+03, 3.2394e-01
4.6336e+03, 2.7257e-01
4.6340e+03, 2.3779e-01
4.6344e+03, 2.1023e-01
4.6352e+03, 1.6906e-01
4.6361e+03, 1.3963e-01
4.6369e+03, 1.1761e-01
4.6377e+03, 1.0059e-01
4.6385e+03, 8.7131e-02
4.6402e+03, 6.7392e-02
4.6417e+03, 5.4471e-02
4.6433e+03, 4.5050e-02
4.6448e+03, 3.7958e-02
4.6464e+03, 3.2464e-02
4.6495e+03, 2.4615e-02
4.6526e+03, 1.9402e-02
4.6555e+03, 1.5945e-02
4.6584e+03, 1.3394e-02
4.6643e+03, 9.9654e-03
4.6701e+03, 7.7999e-03
4.6759e+03, 6.3550e-03
4.6829e+03, 5.1893e-03
4.6898e+03, 4.3936e-03
4.7037e+03, 3.3844e-03
4.7175e+03, 2.8052e-03
4.7314e+03, 2.4449e-03
4.7533e+03, 2.1064e-03
4.7752e+03, 1.9146e-03
4.8190e+03, 1.7339e-03
4.8628e+03, 1.6732e-03
4.9066e+03, 1.6702e-03
5.0000e+03, 1.7677e-03
5.1102e+03, 2.0110e-03
5.1654e+03, 2.1830e-03
5.2205e+03, 2.4044e-03
5.2756e+03, 2.6850e-03
5.3307e+03, 3.0440e-03
5.3859e+03, 3.5380e-03
5.4410e+03, 4.2330e-03
5.4777e+03, 4.9270e-03
5.5145e+03, 5.9769e-03
5.5329e+03, 6.7089e-03
5.5512e+03, 7.7545e-03
5.5696e+03, 9.2907e-03
5.5788e+03, 1.0346e-02
5.5880e+03, 1.1745e-02
5.5991e+03, 1.4137e-02
5.6103e+03, 1.7835e-02
5.6159e+03, 2.0514e-02
5.6215e+03, 2.4019e-02
5.6270e+03, 2.8906e-02
5.6326e+03, 3.5941e-02
5.6375e+03, 4.5096e-02
5.6400e+03, 5.1285e-02
5.6425e+03, 5.8994e-02
5.6449e+03, 6.8813e-02
5.6474e+03, 8.1701e-02
5.6498e+03, 9.9039e-02
5.6523e+03, 1.2313e-01
5.6543e+03, 1.4989e-01
5.6553e+03, 1.6688e-01
5.6562e+03, 1.8705e-01
5.6572e+03, 2.1133e-01
5.6582e+03, 2.4093e-01
5.6592e+03, 2.7762e-01
5.6597e+03, 2.9937e-01
5.6602e+03, 3.2393e-01
5.6607e+03, 3.5690e-01
5.6613e+03, 3.9542e-01
5.6619e+03, 4.4095e-01
5.6622e+03, 4.6692e-01
5.6625e+03, 4.9542e-01
5.6628e+03, 5.2693e-01
5.6630e+03, 5.6166e-01
5.6633e+03, 6.0024e-01
5.6636e+03, 6.4331e-01
5.6639e+03, 6.9166e-01
5.6642e+03, 7.4628e-01
5.6645e+03, 8.0838e-01
5.6648e+03, 8.7950e-01
5.6649e+03, 9.2521e-01
5.6651e+03, 9.7466e-01
5.6653e+03, 1.0286e+00
5.6654e+03, 1.0876e+00
5.6656e+03, 1.1524e+00
5.6658e+03, 1.2236e+00
5.6659e+03, 1.3020e+00
5.6661e+03, 1.3887e+00
5.6662e+03, 1.4847e+00
5.6664e+03, 1.5911e+00
5.6666e+03, 1.7093e+00
5.6667e+03, 1.8407e+00
5.6669e+03, 1.9870e+00
5.6671e+03, 2.1499e+00
5.6672e+03, 2.3313e+00
5.6674e+03, 2.5333e+00
5.6676e+03, 2.8492e+00
5.6678e+03, 3.2124e+00
5.6681e+03, 3.6321e+00
5.6683e+03, 4.1107e+00
5.6685e+03, 4.6580e+00
5.6687e+03, 5.2743e+00
5.6690e+03, 5.9688e+00
5.6692e+03, 6.7379e+00
5.6694e+03, 7.5888e+00
5.6696e+03, 8.5119e+00
5.6699e+03, 9.5103e+00
5.6701e+03, 1.0567e+01
5.6706e+03, 1.2825e+01
5.6710e+03, 1.5151e+01
5.6714e+03, 1.7299e+01
5.6719e+03, 1.9152e+01
5.6723e+03, 2.0535e+01
5.6727e+03, 2.1294e+01
5.6730e+03, 2.1415e+01
5.6731e+03, 2.1384e+01
5.6735e+03, 2.0957e+01
5.6739e+03, 2.0066e+01
5.6742e+03, 1.8774e+01
5.6746e+03, 1.7182e+01
5.6751e+03, 1.4782e+01
5.6756e+03, 1.2289e+01
5.6760e+03, 9.9144e+00
5.6765e+03, 7.8067e+00
5.6769e+03, 6.4244e+00
5.6773e+03, 5.2518e+00
5.6774e+03, 4.7422e+00
5.6776e+03, 4.2812e+00
5.6778e+03, 3.8659e+00
5.6780e+03, 3.4954e+00
5.6782e+03, 3.1625e+00
5.6784e+03, 2.8658e+00
5.6786e+03, 2.6022e+00
5.6787e+03, 2.3682e+00
5.6789e+03, 2.1609e+00
5.6791e+03, 1.9772e+00
5.6793e+03, 1.8145e+00
5.6795e+03, 1.6710e+00
5.6798e+03, 1.4454e+00
5.6802e+03, 1.2637e+00
5.6805e+03, 1.1153e+00
5.6808e+03, 9.9355e-01
5.6812e+03, 8.9187e-01
5.6815e+03, 8.0652e-01
5.6819e+03, 7.3367e-01
5.6822e+03, 6.7122e-01
5.6829e+03, 5.6949e-01
5.6836e+03, 4.9058e-01
5.6843e+03, 4.2784e-01
5.6849e+03, 3.7704e-01
5.6856e+03, 3.3511e-01
5.6863e+03, 3.0008e-01
5.6870e+03, 2.7047e-01
5.6877e+03, 2.4521e-01
5.6890e+03, 2.0460e-01
5.6904e+03, 1.7370e-01
5.6918e+03, 1.4961e-01
5.6931e+03, 1.3047e-01
5.6945e+03, 1.1502e-01
5.6959e+03, 1.0234e-01
5.6986e+03, 8.2858e-02
5.7013e+03, 6.8836e-02
5.7041e+03, 5.8432e-02
5.7068e+03, 5.0507e-02
5.7095e+03, 4.4334e-02
5.7123e+03, 3.9448e-02
5.7177e+03, 3.2328e-02
5.7250e+03, 2.6142e-02
5.7323e+03, 2.2203e-02
5.7396e+03, 1.9602e-02
5.7469e+03, 1.7823e-02
5.7614e+03, 1.5710e-02
5.7760e+03, 1.4746e-02
5.7906e+03, 1.4434e-02
5.8056e+03, 1.4548e-02
5.8206e+03, 1.4996e-02
5.8356e+03, 1.5720e-02
5.8507e+03, 1.6698e-02
5.8657e+03, 1.7934e-02
5.8807e+03, 1.9433e-02
5.8882e+03, 2.0302e-02
5.8957e+03, 2.1257e-02
5.9032e+03, 2.2304e-02
5.9108e+03, 2.3444e-02
5.9151e+03, 2.4155e-02
5.9194e+03, 2.4904e-02
5.9237e+03, 2.5696e-02
5.9281e+03, 2.6532e-02
5.9324e+03, 2.7415e-02
5.9367e+03, 2.8349e-02
5.9389e+03, 2.8835e-02
5.9410e+03, 2.9335e-02
5.9432e+03, 2.9850e-02
5.9443e+03, 3.0113e-02
5.9454e+03, 3.0380e-02
5.9463e+03, 3.0608e-02
5.9476e+03, 3.0940e-02
5.9489e+03, 3.1279e-02
5.9502e+03, 3.1624e-02
5.9515e+03, 3.1975e-02
5.9541e+03, 3.2697e-02
5.9567e+03, 3.3446e-02
5.9594e+03, 3.4222e-02
5.9620e+03, 3.5024e-02
5.9646e+03, 3.5858e-02
5.9672e+03, 3.6724e-02
5.9706e+03, 3.7906e-02
5.9723e+03, 3.8519e-02
5.9740e+03, 3.9148e-02
5.9757e+03, 3.9793e-02
5.9774e+03, 4.0456e-02
5.9809e+03, 4.1836e-02
5.9843e+03, 4.3289e-02
5.9877e+03, 4.4820e-02
5.9911e+03, 4.6436e-02
5.9945e+03, 4.8144e-02
5.9970e+03, 4.9460e-02
5.9995e+03, 5.0831e-02
6.0020e+03, 5.2261e-02
6.0045e+03, 5.3754e-02
6.0095e+03, 5.6942e-02
6.0146e+03, 6.0427e-02
6.0196e+03, 6.4247e-02
6.0246e+03, 6.8444e-02
6.0296e+03, 7.3069e-02
6.0346e+03, 7.8180e-02
6.0396e+03, 8.3848e-02
6.0446e+03, 9.0154e-02
6.0496e+03, 9.7194e-02
6.0546e+03, 1.0508e-01
6.0596e+03, 1.1396e-01
6.0646e+03, 1.2399e-01
6.0696e+03, 1.3539e-01
6.0746e+03, 1.4838e-01
6.0797e+03, 1.6328e-01
6.0847e+03, 1.8046e-01
6.0897e+03, 2.0038e-01
6.0947e+03, 2.2362e-01
6.0997e+03, 2.5090e-01
6.1047e+03, 2.8313e-01
6.1072e+03, 3.0145e-01
6.1097e+03, 3.2146e-01
6.1122e+03, 3.4334e-01
6.1147e+03, 3.6730e-01
6.1173e+03, 3.9416e-01
6.1198e+03, 4.2371e-01
6.1224e+03, 4.5625e-01
6.1249e+03, 4.9212e-01
6.1275e+03, 5.3165e-01
6.1300e+03, 5.7522e-01
6.1326e+03, 6.2319e-01
6.1352e+03, 6.7589e-01
6.1377e+03, 7.3364e-01
6.1403e+03, 7.9667e-01
6.1428e+03, 8.6498e-01
6.1454e+03, 9.3830e-01
6.1505e+03, 1.0974e+00
6.1556e+03, 1.2634e+00
6.1594e+03, 1.3808e+00
6.1633e+03, 1.4783e+00
6.1671e+03, 1.5431e+00
6.1710e+03, 1.5650e+00
6.1749e+03, 1.5403e+00
6.1781e+03, 1.4854e+00
6.1814e+03, 1.4058e+00
6.1847e+03, 1.3096e+00
6.1880e+03, 1.2050e+00
6.1945e+03, 9.9348e-01
6.2011e+03, 8.0583e-01
6.2044e+03, 7.2518e-01
6.2076e+03, 6.5256e-01
6.2109e+03, 5.8812e-01
6.2142e+03, 5.3115e-01
6.2175e+03, 4.8075e-01
6.2208e+03, 4.3640e-01
6.2240e+03, 3.9719e-01
6.2273e+03, 3.6251e-01
6.2308e+03, 3.2982e-01
6.2343e+03, 3.0100e-01
6.2379e+03, 2.7553e-01
6.2414e+03, 2.5300e-01
6.2484e+03, 2.1509e-01
6.2554e+03, 1.8479e-01
6.2624e+03, 1.6024e-01
6.2694e+03, 1.4014e-01
6.2764e+03, 1.2352e-01
6.2835e+03, 1.0970e-01
6.2905e+03, 9.8182e-02
6.2975e+03, 8.8172e-02
6.3045e+03, 7.9507e-02
6.3115e+03, 7.2184e-02
6.3186e+03, 6.5795e-02
6.3256e+03, 6.0137e-02
6.3326e+03, 5.5242e-02
6.3396e+03, 5.0934e-02
6.3537e+03, 4.3630e-02
6.3677e+03, 3.7830e-02
6.3817e+03, 3.3127e-02
6.3958e+03, 2.9241e-02
6.4092e+03, 2.6208e-02
6.4226e+03, 2.3613e-02
6.4360e+03, 2.1414e-02
6.4494e+03, 1.9456e-02
6.4762e+03, 1.6407e-02
6.5029e+03, 1.4055e-02
6.5297e+03, 1.2242e-02
6.5565e+03, 1.0869e-02
6.5833e+03, 9.8055e-03
6.6101e+03, 9.0121e-03
6.6408e+03, 8.4499e-03
6.6714e+03, 8.2328e-03
6.6969e+03, 8.4379e-03
6.7224e+03, 9.1859e-03
6.7352e+03, 9.9010e-03
6.7480e+03, 1.0977e-02
6.7607e+03, 1.2559e-02
6.7735e+03, 1.5068e-02
6.7837e+03, 1.8172e-02
6.7939e+03, 2.2987e-02
6.7990e+03, 2.6401e-02
6.8041e+03, 3.0874e-02
6.8092e+03, 3.6922e-02
6.8143e+03, 4.5311e-02
6.8194e+03, 5.7415e-02
6.8220e+03, 6.5580e-02
6.8245e+03, 7.5758e-02
6.8271e+03, 8.8626e-02
6.8296e+03, 1.0533e-01
6.8322e+03, 1.2766e-01
6.8347e+03, 1.5837e-01
6.8362e+03, 1.8100e-01
6.8376e+03, 2.0903e-01
6.8390e+03, 2.4438e-01
6.8405e+03, 2.8978e-01
6.8419e+03, 3.4953e-01
6.8426e+03, 3.8678e-01
6.8433e+03, 4.3045e-01
6.8441e+03, 4.8233e-01
6.8444e+03, 5.1199e-01
6.8448e+03, 5.4460e-01
6.8451e+03, 5.8057e-01
6.8455e+03, 6.2038e-01
6.8459e+03, 6.6464e-01
6.8462e+03, 7.1389e-01
6.8465e+03, 7.6278e-01
6.8468e+03, 8.1713e-01
6.8472e+03, 8.7779e-01
6.8475e+03, 9.4578e-01
6.8477e+03, 9.8544e-01
6.8478e+03, 1.0275e+00
6.8480e+03, 1.0726e+00
6.8482e+03, 1.1206e+00
6.8483e+03, 1.1723e+00
6.8485e+03, 1.2274e+00
6.8487e+03, 1.2869e+00
6.8488e+03, 1.3504e+00
6.8490e+03, 1.4191e+00
6.8492e+03, 1.4927e+00
6.8493e+03, 1.5725e+00
6.8495e+03, 1.6580e+00
6.8497e+03, 1.7509e+00
6.8499e+03, 1.8506e+00
6.8500e+03, 1.9589e+00
6.8502e+03, 2.0753e+00
6.8504e+03, 2.2408e+00
6.8506e+03, 2.4228e+00
6.8509e+03, 2.6237e+00
6.8511e+03, 2.8450e+00
6.8513e+03, 3.0896e+00
6.8515e+03, 3.3568e+00
6.8517e+03, 3.6489e+00
6.8519e+03, 3.9673e+00
6.8522e+03, 4.3144e+00
6.8524e+03, 4.6877e+00
6.8526e+03, 5.0906e+00
6.8528e+03, 5.5191e+00
6.8530e+03, 5.9759e+00
6.8533e+03, 6.4550e+00
6.8537e+03, 7.4752e+00
6.8542e+03, 8.6433e+00
6.8547e+03, 9.8207e+00
6.8551e+03, 1.0937e+01
6.8556e+03, 1.1912e+01
6.8560e+03, 1.2494e+01
6.8563e+03, 1.2931e+01
6.8567e+03, 1.3202e+01
6.8570e+03, 1.3293e+01
6.8575e+03, 1.3130e+01
6.8579e+03, 1.2749e+01
6.8582e+03, 1.2170e+01
6.8586e+03, 1.1428e+01
6.8590e+03, 1.0564e+01
6.8598e+03, 8.6493e+00
6.8606e+03, 6.7561e+00
6.8610e+03, 5.8003e+00
6.8615e+03, 4.9429e+00
6.8619e+03, 4.1934e+00
6.8623e+03, 3.5533e+00
6.8628e+03, 3.0133e+00
6.8632e+03, 2.5646e+00
6.8636e+03, 2.1946e+00
6.8641e+03, 1.8916e+00
6.8645e+03, 1.6611e+00
6.8649e+03, 1.4685e+00
6.8653e+03, 1.3069e+00
6.8657e+03, 1.1708e+00
6.8661e+03, 1.0550e+00
6.8665e+03, 9.5606e-01
6.8669e+03, 8.7065e-01
6.8673e+03, 7.9672e-01
6.8681e+03, 6.7524e-01
6.8689e+03, 5.8038e-01
6.8697e+03, 5.0476e-01
6.8705e+03, 4.4342e-01
6.8713e+03, 3.9284e-01
6.8721e+03, 3.5068e-01
6.8728e+03, 3.1510e-01
6.8736e+03, 2.8475e-01
6.8752e+03, 2.3603e-01
6.8768e+03, 1.9902e-01
6.8784e+03, 1.7021e-01
6.8800e+03, 1.4737e-01
6.8816e+03, 1.2895e-01
6.8832e+03, 1.1388e-01
6.8863e+03, 9.1799e-02
6.8893e+03, 7.5670e-02
6.8923e+03, 6.3536e-02
6.8954e+03, 5.4203e-02
6.8984e+03, 4.6866e-02
6.9015e+03, 4.0994e-02
6.9076e+03, 3.2289e-02
6.9142e+03, 2.5806e-02
6.9209e+03, 2.1188e-02
6.9276e+03, 1.7812e-02
6.9342e+03, 1.5267e-02
6.9476e+03, 1.1742e-02
6.9609e+03, 9.4786e-03
6.9783e+03, 7.5266e-03
6.9957e+03, 6.2367e-03
7.0131e+03, 5.3313e-03
7.0305e+03, 4.6755e-03
7.0652e+03, 3.7615e-03
7.1000e+03, 3.1737e-03
7.1534e+03, 2.5909e-03
7.2067e+03, 2.2147e-03
7.2600e+03, 1.9415e-03
7.3134e+03, 1.7390e-03
7.4200e+03, 1.4619e-03
7.5267e+03, 1.2744e-03
7.6380e+03, 1.1509e-03
7.7493e+03, 1.0685e-03
7.9719e+03, 1.0097e-03
8.1389e+03, 1.0479e-03
8.3058e+03, 1.1723e-03
8.4728e+03, 1.4351e-03
8.5563e+03, 1.6532e-03
8.6398e+03, 1.9767e-03
8.7140e+03, 2.4065e-03
8.7882e+03, 3.0623e-03
8.8253e+03, 3.5257e-03
8.8624e+03, 4.1279e-03
8.8995e+03, 4.9314e-03
8.9366e+03, 6.0349e-03
8.9737e+03, 7.6089e-03
8.9922e+03, 8.6607e-03
9.0108e+03, 9.9647e-03
9.0293e+03, 1.1601e-02
9.0479e+03, 1.3704e-02
9.0664e+03, 1.6475e-02
9.0850e+03, 2.0220e-02
9.0995e+03, 2.4155e-02
9.1140e+03, 2.9368e-02
9.1212e+03, 3.2629e-02
9.1248e+03, 3.4451e-02
9.1285e+03, 3.6458e-02
9.1321e+03, 3.8643e-02
9.1357e+03, 4.1038e-02
9.1393e+03, 4.3671e-02
9.1411e+03, 4.5085e-02
9.1430e+03, 4.6568e-02
9.1451e+03, 4.8448e-02
9.1473e+03, 5.0441e-02
9.1495e+03, 5.2560e-02
9.1506e+03, 5.3671e-02
9.1517e+03, 5.4819e-02
9.1525e+03, 5.5724e-02
9.1533e+03, 5.6652e-02
9.1550e+03, 5.8582e-02
9.1567e+03, 6.0612e-02
9.1583e+03, 6.2748e-02
9.1600e+03, 6.4997e-02
9.1617e+03, 6.7364e-02
9.1633e+03, 6.9864e-02
9.1650e+03, 7.2506e-02
9.1666e+03, 7.5178e-02
9.1682e+03, 7.8000e-02
9.1698e+03, 8.0982e-02
9.1714e+03, 8.4138e-02
9.1730e+03, 8.7481e-02
9.1745e+03, 9.1026e-02
9.1761e+03, 9.4789e-02
9.1777e+03, 9.8792e-02
9.1792e+03, 1.0266e-01
9.1806e+03, 1.0675e-01
9.1821e+03, 1.1109e-01
9.1835e+03, 1.1569e-01
9.1850e+03, 1.2058e-01
9.1864e+03, 1.2578e-01
9.1879e+03, 1.3131e-01
9.1893e+03, 1.3721e-01
9.1908e+03, 1.4351e-01
9.1922e+03, 1.5024e-01
9.1937e+03, 1.5744e-01
9.1951e+03, 1.6516e-01
9.1966e+03, 1.7345e-01
9.1980e+03, 1.8236e-01
9.1995e+03, 1.9194e-01
9.2009e+03, 2.0228e-01
9.2025e+03, 2.1462e-01
9.2041e+03, 2.2807e-01
9.2057e+03, 2.4276e-01
9.2073e+03, 2.5885e-01
9.2089e+03, 2.7652e-01
9.2105e+03, 2.9594e-01
9.2121e+03, 3.1735e-01
9.2137e+03, 3.4100e-01
9.2153e+03, 3.6721e-01
9.2169e+03, 3.9627e-01
9.2185e+03, 4.2858e-01
9.2201e+03, 4.6457e-01
9.2217e+03, 5.0476e-01
9.2232e+03, 5.4964e-01
9.2248e+03, 5.9983e-01
9.2264e+03, 6.5595e-01
9.2279e+03, 7.1367e-01
9.2294e+03, 7.7752e-01
9.2309e+03, 8.4795e-01
9.2323e+03, 9.2528e-01
9.2338e+03, 1.0097e+00
9.2353e+03, 1.1009e+00
9.2367e+03, 1.1985e+00
9.2382e+03, 1.3010e+00
9.2412e+03, 1.5119e+00
9.2441e+03, 1.7066e+00
9.2456e+03, 1.7862e+00
9.2471e+03, 1.8473e+00
9.2485e+03, 1.8856e+00
9.2500e+03, 1.8984e+00
9.2521e+03, 1.8716e+00
9.2539e+03, 1.8087e+00
9.2557e+03, 1.7159e+00
9.2575e+03, 1.6021e+00
9.2593e+03, 1.4764e+00
9.2629e+03, 1.2195e+00
9.2665e+03, 9.8852e-01
9.2683e+03, 8.8830e-01
9.2701e+03, 7.9851e-01
9.2719e+03, 7.1867e-01
9.2737e+03, 6.4809e-01
9.2755e+03, 5.8582e-01
9.2773e+03, 5.3098e-01
9.2791e+03, 4.8262e-01
9.2809e+03, 4.3997e-01
9.2829e+03, 3.9898e-01
9.2849e+03, 3.6306e-01
9.2868e+03, 3.3145e-01
9.2888e+03, 3.0357e-01
9.2928e+03, 2.5694e-01
9.2967e+03, 2.1990e-01
9.3006e+03, 1.9008e-01
9.3046e+03, 1.6579e-01
9.3085e+03, 1.4579e-01
9.3124e+03, 1.2925e-01
9.3164e+03, 1.1537e-01
9.3203e+03, 1.0346e-01
9.3243e+03, 9.3263e-02
9.3282e+03, 8.4501e-02
9.3361e+03, 7.0281e-02
9.3440e+03, 5.9366e-02
9.3518e+03, 5.0802e-02
9.3597e+03, 4.3972e-02
9.3676e+03, 3.8438e-02
9.3755e+03, 3.3892e-02
9.3891e+03, 2.7758e-02
9.4027e+03, 2.3206e-02
9.4163e+03, 1.9670e-02
9.4299e+03, 1.6913e-02
9.4435e+03, 1.4714e-02
9.4571e+03, 1.2926e-02
9.4843e+03, 1.0237e-02
9.5116e+03, 8.3535e-03
9.5388e+03, 6.9864e-03
9.5660e+03, 5.9493e-03
9.5932e+03, 5.1626e-03
9.6476e+03, 4.0519e-03
9.7021e+03, 3.3312e-03
9.7765e+03, 2.7222e-03
9.8510e+03, 2.3624e-03
9.9255e+03, 2.1566e-03
1.0000e+04, 2.0568e-03
1.0064e+04, 2.0434e-03
1.0183e+04, 2.1749e-03
1.0303e+04, 2.5344e-03
1.0363e+04, 2.8206e-03
1.0422e+04, 3.2189e-03
1.0482e+04, 3.7651e-03
1.0542e+04, 4.5271e-03
1.0602e+04, 5.6255e-03
1.0661e+04, 7.2700e-03
1.0691e+04, 8.3856e-03
1.0721e+04, 9.8240e-03
1.0751e+04, 1.1692e-02
1.0781e+04, 1.4180e-02
1.0800e+04, 1.6216e-02
1.0809e+04, 1.7402e-02
1.0819e+04, 1.8702e-02
1.0828e+04, 2.0179e-02
1.0833e+04, 2.0982e-02
1.0838e+04, 2.1838e-02
1.0842e+04, 2.2749e-02
1.0847e+04, 2.3719e-02
1.0852e+04, 2.4752e-02
1.0857e+04, 2.5854e-02
1.0860e+04, 2.6590e-02
1.0863e+04, 2.7357e-02
1.0866e+04, 2.8156e-02
1.0869e+04, 2.8990e-02
1.0872e+04, 2.9865e-02
1.0875e+04, 3.0781e-02
1.0878e+04, 3.1737e-02
1.0881e+04, 3.2735e-02
1.0884e+04, 3.3786e-02
1.0887e+04, 3.4887e-02
1.0890e+04, 3.6044e-02
1.0892e+04, 3.7254e-02
1.0894e+04, 3.7992e-02
1.0896e+04, 3.8749e-02
1.0898e+04, 3.9533e-02
1.0899e+04, 4.0335e-02
1.0903e+04, 4.2021e-02
1.0906e+04, 4.3809e-02
1.0910e+04, 4.5720e-02
1.0913e+04, 4.7755e-02
1.0917e+04, 4.9924e-02
1.0920e+04, 5.2234e-02
1.0923e+04, 5.4165e-02
1.0926e+04, 5.6203e-02
1.0929e+04, 5.8356e-02
1.0931e+04, 6.0631e-02
1.0934e+04, 6.3038e-02
1.0937e+04, 6.5587e-02
1.0940e+04, 6.8290e-02
1.0942e+04, 7.1146e-02
1.0945e+04, 7.4191e-02
1.0948e+04, 7.7427e-02
1.0951e+04, 8.0872e-02
1.0953e+04, 8.4542e-02
1.0956e+04, 8.8456e-02
1.0959e+04, 9.2635e-02
1.0961e+04, 9.7101e-02
1.0964e+04, 1.0186e-01
1.0967e+04, 1.0698e-01
1.0970e+04, 1.1247e-01
1.0972e+04, 1.1836e-01
1.0975e+04, 1.2470e-01
1.0978e+04, 1.3152e-01
1.0981e+04, 1.3886e-01
1.0983e+04, 1.4678e-01
1.0986e+04, 1.5534e-01
1.0989e+04, 1.6458e-01
1.0992e+04, 1.7457e-01
1.0994e+04, 1.8538e-01
1.0997e+04, 1.9710e-01
1.1000e+04, 2.0979e-01
1.1003e+04, 2.2354e-01
1.1005e+04, 2.3844e-01
1.1008e+04, 2.5457e-01
1.1011e+04, 2.7543e-01
1.1015e+04, 2.9828e-01
1.1018e+04, 3.2326e-01
1.1021e+04, 3.5036e-01
1.1024e+04, 3.7965e-01
1.1028e+04, 4.1082e-01
1.1034e+04, 4.7804e-01
1.1041e+04, 5.4749e-01
1.1047e+04, 6.1035e-01
1.1054e+04, 6.5512e-01
1.1057e+04, 6.6720e-01
1.1060e+04, 6.7113e-01
1.1065e+04, 6.6077e-01
1.1070e+04, 6.3226e-01
1.1074e+04, 6.0153e-01
1.1078e+04, 5.6540e-01
1.1085e+04, 4.8611e-01
1.1092e+04, 4.0781e-01
1.1100e+04, 3.3914e-01
1.1105e+04, 3.0097e-01
1.1110e+04, 2.6730e-01
1.1115e+04, 2.3782e-01
1.1119e+04, 2.1232e-01
1.1124e+04, 1.9012e-01
1.1129e+04, 1.7086e-01
1.1134e+04, 1.5410e-01
1.1139e+04, 1.3951e-01
1.1144e+04, 1.2670e-01
1.1148e+04, 1.1550e-01
1.1158e+04, 9.6904e-02
1.1168e+04, 8.2281e-02
1.1177e+04, 7.0623e-02
1.1184e+04, 6.3987e-02
1.1191e+04, 5.8226e-02
1.1204e+04, 4.8765e-02
1.1217e+04, 4.1391e-02
1.1230e+04, 3.5622e-02
1.1243e+04, 3.0895e-02
1.1256e+04, 2.7043e-02
1.1270e+04, 2.3866e-02
1.1283e+04, 2.1216e-02
1.1306e+04, 1.7572e-02
1.1329e+04, 1.4775e-02
1.1351e+04, 1.2598e-02
1.1374e+04, 1.0876e-02
1.1397e+04, 9.4773e-03
1.1420e+04, 8.3642e-03
1.1466e+04, 6.6031e-03
1.1511e+04, 5.3696e-03
1.1557e+04, 4.4453e-03
1.1603e+04, 3.7441e-03
1.1648e+04, 3.2032e-03
1.1740e+04, 2.4312e-03
1.1831e+04, 1.9019e-03
1.1916e+04, 1.5649e-03
1.1958e+04, 1.4272e-03
1.1979e+04, 1.3668e-03
1.1989e+04, 1.3529e-03
1.1991e+04, 1.4285e-03
1.1992e+04, 1.7843e-03
1.1993e+04, 2.2472e-03
1.1993e+04, 3.0932e-03
1.1994e+04, 4.5557e-03
1.1995e+04, 6.9033e-03
1.1995e+04, 1.0585e-02
1.1996e+04, 1.5986e-02
1.1997e+04, 2.3487e-02
1.1997e+04, 3.3348e-02
1.1999e+04, 6.0083e-02
1.2000e+04, 9.2995e-02
1.2000e+04, 1.8518e-01
1.3500e+04, 1.7215e-01
1.5000e+04, 1.6128e-01
1.7000e+04, 1.4887e-01
2.0000e+04, 1.3356e-01
2.2500e+04, 1.2291e-01
2.5000e+04, 1.1410e-01
3.0000e+04, 1.0042e-01
3.5000e+04, 9.0228e-02
4.0000e+04, 8.2183e-02
4.5000e+04, 7.5570e-02
5.0000e+04, 7.0106e-02
6.0000e+04, 6.2443e-02
7.0000e+04, 5.7718e-02
8.0000e+04, 5.3701e-02
1.0000e+05, 4.8293e-02
1.0000e+05, 4.8154e-02
1.2500e+05, 4.4564e-02
1.5000e+05, 4.1831e-02
2.0000e+05, 3.9603e-02
2.5000e+05, 3.9017e-02
3.0000e+05, 3.9196e-02
4.0000e+05, 4.0652e-02
5.0000e+05, 4.1819e-02
5.1522e+05, 4.2082e-02
5.3044e+05, 4.2339e-02
5.4565e+05, 4.2589e-02
5.6087e+05, 4.2835e-02
5.7609e+05, 4.3075e-02
5.9131e+05, 4.3310e-02
6.0653e+05, 4.3540e-02
6.2175e+05, 4.3766e-02
6.3153e+05, 4.0548e-02
6.4131e+05, 3.7611e-02
6.6087e+05, 3.2468e-02
6.8044e+05, 2.8150e-02
7.0000e+05, 2.4504e-02
7.2500e+05, 2.3532e-02
7.5000e+05, 2.2630e-02
7.7500e+05, 2.1789e-02
8.0000e+05, 2.1006e-02
8.2500e+05, 2.0705e-02
8.5000e+05, 2.0418e-02
8.7500e+05, 2.0143e-02
9.0000e+05, 1.9879e-02
9.2500e+05, 1.9818e-02
9.5000e+05, 1.9758e-02
9.7500e+05, 1.9701e-02
1.0000e+06, 1.9645e-02
1.0156e+06, 1.9739e-02
1.0312e+06, 1.9832e-02
1.0469e+06, 1.9924e-02
1.0625e+06, 2.0016e-02
1.0781e+06, 2.0106e-02
1.0938e+06, 2.0195e-02
1.1094e+06, 2.0284e-02
1.1250e+06, 2.0371e-02
1.1406e+06, 2.0458e-02
1.1562e+06, 2.0544e-02
1.1719e+06, 2.0629e-02
1.1875e+06, 2.0714e-02
1.2031e+06, 2.0797e-02
1.2188e+06, 2.0880e-02
1.2344e+06, 2.0962e-02
1.2500e+06, 2.1044e-02
1.2689e+06, 2.1215e-02
1.2878e+06, 2.1385e-02
1.3067e+06, 2.1553e-02
1.3255e+06, 2.1721e-02
1.3255e+06, 2.1721e-02
1.3473e+06, 2.1334e-02
1.3692e+06, 2.0960e-02
1.3910e+06, 2.0598e-02
1.4128e+06, 2.0248e-02
1.4346e+06, 1.9909e-02
1.4564e+06, 1.9581e-02
1.4782e+06, 1.9263e-02
1.5000e+06, 1.8954e-02
1.5180e+06, 1.8928e-02
1.5180e+06, 1.8928e-02
1.5220e+06, 1.8822e-02
1.5221e+06, 1.8822e-02
1.5363e+06, 1.8595e-02
1.5505e+06, 1.8373e-02
1.5648e+06, 1.8155e-02
1.5790e+06, 1.7942e-02
1.5933e+06, 1.7734e-02
1.6075e+06, 1.7529e-02
1.6218e+06, 1.7329e-02
1.6360e+06, 1.7133e-02
1.6503e+06, 1.6940e-02
1.6645e+06, 1.6752e-02
1.6788e+06, 1.6567e-02
1.6930e+06, 1.6385e-02
1.7073e+06, 1.6207e-02
1.7215e+06, 1.6033e-02
1.7358e+06, 1.5862e-02
1.7500e+06, 1.5694e-02
1.7657e+06, 1.5676e-02
1.7815e+06, 1.5659e-02
1.8056e+06, 1.5623e-02
1.8297e+06, 1.5588e-02
1.8539e+06, 1.5553e-02
1.8780e+06, 1.5519e-02
1.8780e+06, 1.5519e-02
1.8933e+06, 1.5412e-02
1.9085e+06, 1.5306e-02
1.9238e+06, 1.5202e-02
1.9390e+06, 1.5100e-02
1.9543e+06, 1.4999e-02
1.9695e+06, 1.4899e-02
1.9848e+06, 1.4801e-02
2.0000e+06, 1.4704e-02
2.0218e+06, 1.4666e-02
2.0348e+06, 1.4579e-02
2.0477e+06, 1.4494e-02
2.0607e+06, 1.4410e-02
2.0736e+06, 1.4326e-02
2.0866e+06, 1.4244e-02
2.0996e+06, 1.4163e-02
2.1125e+06, 1.4083e-02
2.1255e+06, 1.4003e-02
2.1255e+06, 1.4003e-02
2.1469e+06, 1.3877e-02
2.1683e+06, 1.3753e-02
2.1897e+06, 1.3631e-02
2.2111e+06, 1.3511e-02
2.2325e+06, 1.3394e-02
2.2539e+06, 1.3279e-02
2.2753e+06, 1.3166e-02
2.2966e+06, 1.3055e-02
2.2967e+06, 1.3054e-02
2.3131e+06, 1.2926e-02
2.3296e+06, 1.2800e-02
2.3296e+06, 1.2800e-02
2.3435e+06, 1.2700e-02
2.3574e+06, 1.2602e-02
2.3649e+06, 1.2485e-02
2.3649e+06, 1.2485e-02
2.3778e+06, 1.2370e-02
2.3908e+06, 1.2256e-02
2.3908e+06, 1.2256e-02
2.4094e+06, 1.2144e-02
2.4281e+06, 1.2035e-02
2.4467e+06, 1.1927e-02
2.4654e+06, 1.1821e-02
2.4841e+06, 1.1716e-02
2.5027e+06, 1.1614e-02
2.5214e+06, 1.1513e-02
2.5401e+06, 1.1413e-02
2.5401e+06, 1.1413e-02
2.5552e+06, 1.1316e-02
2.5702e+06, 1.1220e-02
2.5716e+06, 1.1205e-02
2.5716e+06, 1.1205e-02
2.5854e+06, 1.1121e-02
2.5991e+06, 1.1039e-02
2.6129e+06, 1.0957e-02
2.6267e+06, 1.0876e-02
2.6405e+06, 1.0796e-02
2.6543e+06, 1.0717e-02
2.6681e+06, 1.0639e-02
2.6819e+06, 1.0563e-02
2.6819e+06, 1.0563e-02
2.6983e+06, 1.0500e-02
2.7148e+06, 1.0438e-02
2.7148e+06, 1.0438e-02
2.7168e+06, 1.0420e-02
2.7168e+06, 1.0420e-02
2.7356e+06, 1.0324e-02
2.7544e+06, 1.0231e-02
2.7544e+06, 1.0231e-02
2.7688e+06, 1.0140e-02
2.7832e+06, 1.0050e-02
2.7967e+06, 9.9791e-03
2.8103e+06, 9.9086e-03
2.8238e+06, 9.8389e-03
2.8374e+06, 9.7701e-03
2.8509e+06, 9.7020e-03
2.8645e+06, 9.6348e-03
2.8780e+06, 9.5683e-03
2.8916e+06, 9.5026e-03
2.9051e+06, 9.4377e-03
2.9187e+06, 9.3735e-03
2.9322e+06, 9.3100e-03
2.9458e+06, 9.2473e-03
2.9593e+06, 9.1852e-03
2.9729e+06, 9.1239e-03
2.9864e+06, 9.0632e-03
3.0000e+06, 9.0033e-03
3.0173e+06, 8.9213e-03
3.0347e+06, 8.8405e-03
3.0520e+06, 8.7609e-03
3.0693e+06, 8.6825e-03
3.0866e+06, 8.6052e-03
3.1040e+06, 8.5290e-03
3.1213e+06, 8.4539e-03
3.1386e+06, 8.3799e-03
3.1559e+06, 8.3069e-03
3.1733e+06, 8.2350e-03
3.1906e+06, 8.1641e-03
3.2079e+06, 8.0942e-03
3.2252e+06, 8.0252e-03
3.2426e+06, 7.9572e-03
3.2599e+06, 7.8901e-03
3.2772e+06, 7.8239e-03
3.2946e+06, 7.7587e-03
3.3119e+06, 7.6943e-03
3.3292e+06, 7.6308e-03
3.3465e+06, 7.5681e-03
3.3639e+06, 7.5063e-03
3.3812e+06, 7.4453e-03
3.3985e+06, 7.3851e-03
3.4158e+06, 7.3257e-03
3.4332e+06, 7.2670e-03
3.4505e+06, 7.2092e-03
3.4678e+06, 7.1520e-03
3.4851e+06, 7.0956e-03
3.5025e+06, 7.0399e-03
3.5198e+06, 6.9850e-03
3.5371e+06, 6.9307e-03
3.5544e+06, 6.8771e-03
3.5823e+06, 6.7924e-03
3.6101e+06, 6.7094e-03
3.6380e+06, 6.6280e-03
3.6658e+06, 6.5482e-03
3.6937e+06, 6.4699e-03
3.7215e+06, 6.3932e-03
3.7494e+06, 6.3179e-03
3.7772e+06, 6.2441e-03
3.8051e+06, 6.1717e-03
3.8329e+06, 6.1006e-03
3.8608e+06, 6.0308e-03
3.8886e+06, 5.9624e-03
3.9165e+06, 5.8952e-03
3.9443e+06, 5.8292e-03
3.9722e+06, 5.7644e-03
4.0000e+06, 5.7008e-03
4.0312e+06, 5.6229e-03
4.0625e+06, 5.5467e-03
4.0938e+06, 5.4721e-03
4.1250e+06, 5.3990e-03
4.1562e+06, 5.3275e-03
4.1875e+06, 5.2574e-03
4.2188e+06, 5.1887e-03
4.2500e+06, 5.1215e-03
4.2812e+06, 5.0556e-03
4.3125e+06, 4.9910e-03
4.3438e+06, 4.9277e-03
4.3750e+06, 4.8657e-03
4.4062e+06, 4.8048e-03
4.4375e+06, 4.7452e-03
4.4688e+06, 4.6867e-03
4.5000e+06, 4.6293e-03
4.5312e+06, 4.5730e-03
4.5625e+06, 4.5178e-03
4.5938e+06, 4.4636e-03
4.6250e+06, 4.4104e-03
4.6562e+06, 4.3582e-03
4.6875e+06, 4.3070e-03
4.7188e+06, 4.2567e-03
4.7500e+06, 4.2073e-03
4.7812e+06, 4.1589e-03
4.8125e+06, 4.1112e-03
4.8438e+06, 4.0645e-03
4.8750e+06, 4.0185e-03
4.9062e+06, 3.9734e-03
4.9375e+06, 3.9290e-03
4.9688e+06, 3.8855e-03
5.0000e+06, 3.8426e-03
5.0156e+06, 3.8172e-03
5.0312e+06, 3.7920e-03
5.0469e+06, 3.7671e-03
5.0625e+06, 3.7424e-03
5.0781e+06, 3.7179e-03
5.0938e+06, 3.6937e-03
5.1094e+06, 3.6697e-03
5.1250e+06, 3.6459e-03
5.1406e+06, 3.6224e-03
5.1562e+06, 3.5991e-03
5.1719e+06, 3.5760e-03
5.1875e+06, 3.5531e-03
5.2031e+06, 3.5304e-03
5.2188e+06, 3.5080e-03
5.2344e+06, 3.4857e-03
5.2500e+06, 3.4637e-03
5.2656e+06, 3.4418e-03
5.2812e+06, 3.4202e-03
5.2969e+06, 3.3988e-03
5.3125e+06, 3.3775e-03
5.3281e+06, 3.3565e-03
5.3438e+06, 3.3356e-03
5.3594e+06, 3.3150e-03
5.3750e+06, 3.2945e-03
5.3906e+06, 3.2742e-03
5.4062e+06, 3.2541e-03
5.4219e+06, 3.2342e-03
5.4375e+06, 3.2144e-03
5.4531e+06, 3.1949e-03
5.4688e+06, 3.1755e-03
5.4844e+06, 3.1562e-03
5.5000e+06, 3.1372e-03
5.5156e+06, 3.1183e-03
5.5312e+06, 3.0996e-03
5.5469e+06, 3.0810e-03
5.5625e+06, 3.0627e-03
5.5781e+06, 3.0444e-03
5.5938e+06, 3.0264e-03
5.6094e+06, 3.0084e-03
5.6250e+06, 2.9907e-03
5.6406e+06, 2.9731e-03
5.6562e+06, 2.9556e-03
5.6719e+06, 2.9383e-03
5.6875e+06, 2.9212e-03
5.7031e+06, 2.9042e-03
5.7188e+06, 2.8873e-03
5.7344e+06, 2.8706e-03
5.7500e+06, 2.8540e-03
5.7656e+06, 2.8376e-03
5.7812e+06, 2.8213e-03
5.7969e+06, 2.8051e-03
5.8125e+06, 2.7891e-03
5.8281e+06, 2.7732e-03
5.8438e+06, 2.7575e-03
5.8594e+06, 2.7418e-03
5.8750e+06, 2.7263e-03
5.8906e+06, 2.7110e-03
5.9062e+06, 2.6957e-03
5.9219e+06, 2.6806e-03
5.9375e+06, 2.6656e-03
5.9531e+06, 2.6508e-03
5.9688e+06, 2.6360e-03
5.9844e+06, 2.6214e-03
6.0000e+06, 2.6069e-03
6.0547e+06, 2.5408e-03
6.1094e+06, 2.4771e-03
6.1631e+06, 2.4164e-03
6.2169e+06, 2.3578e-03
6.2707e+06, 2.3010e-03
6.3244e+06, 2.2461e-03
6.3782e+06, 2.1930e-03
6.4320e+06, 2.1415e-03
6.4858e+06, 2.0917e-03
6.5395e+06, 2.0434e-03
6.5961e+06, 1.9942e-03
6.6527e+06, 1.9467e-03
6.7093e+06, 1.9006e-03
6.7658e+06, 1.8560e-03
6.8244e+06, 1.8113e-03
6.8829e+06, 1.7681e-03
6.9415e+06, 1.7262e-03
7.0000e+06, 1.6857e-03
7.0149e+06, 1.6733e-03
7.0297e+06, 1.6611e-03
7.0446e+06, 1.6489e-03
7.0594e+06, 1.6369e-03
7.0743e+06, 1.6250e-03
7.0891e+06, 1.6132e-03
7.1040e+06, 1.6015e-03
7.1188e+06, 1.5899e-03
7.1337e+06, 1.5784e-03
7.1485e+06, 1.5670e-03
7.1634e+06, 1.5558e-03
7.1782e+06, 1.5446e-03
7.1931e+06, 1.5335e-03
7.2079e+06, 1.5226e-03
7.2228e+06, 1.5117e-03
7.2376e+06, 1.5010e-03
7.2530e+06, 1.4899e-03
7.2683e+06, 1.4790e-03
7.2837e+06, 1.4682e-03
7.2990e+06, 1.4575e-03
7.3144e+06, 1.4469e-03
7.3298e+06, 1.4364e-03
7.3451e+06, 1.4259e-03
7.3605e+06, 1.4156e-03
7.3758e+06, 1.4054e-03
7.3912e+06, 1.3953e-03
7.4065e+06, 1.3852e-03
7.4219e+06, 1.3753e-03
7.4372e+06, 1.3654e-03
7.4526e+06, 1.3557e-03
7.4680e+06, 1.3460e-03
7.4833e+06, 1.3364e-03
7.4992e+06, 1.3266e-03
7.5151e+06, 1.3169e-03
7.5309e+06, 1.3073e-03
7.5468e+06, 1.2977e-03
7.5627e+06, 1.2883e-03
7.5786e+06, 1.2789e-03
7.5944e+06, 1.2696e-03
7.6103e+06, 1.2605e-03
7.6262e+06, 1.2513e-03
7.6421e+06, 1.2423e-03
7.6580e+06, 1.2334e-03
7.6738e+06, 1.2245e-03
7.6897e+06, 1.2158e-03
7.7056e+06, 1.2071e-03
7.7215e+06, 1.1985e-03
7.7373e+06, 1.1899e-03
7.7538e+06, 1.1812e-03
7.7702e+06, 1.1725e-03
7.7866e+06, 1.1640e-03
7.8030e+06, 1.1555e-03
7.8194e+06, 1.1471e-03
7.8358e+06, 1.1387e-03
7.8523e+06, 1.1305e-03
7.8687e+06, 1.1223e-03
7.8851e+06, 1.1142e-03
7.9015e+06, 1.1062e-03
7.9179e+06, 1.0982e-03
7.9343e+06, 1.0903e-03
7.9508e+06, 1.0825e-03
7.9672e+06, 1.0748e-03
7.9836e+06, 1.0671e-03
8.0000e+06, 1.0595e-03
8.0128e+06, 1.0535e-03
8.0255e+06, 1.0475e-03
8.0383e+06, 1.0416e-03
8.0510e+06, 1.0357e-03
8.0638e+06, 1.0298e-03
8.0766e+06, 1.0240e-03
8.0893e+06, 1.0183e-03
8.1021e+06, 1.0126e-03
8.1148e+06, 1.0069e-03
8.1276e+06, 1.0012e-03
8.1404e+06, 9.9563e-04
8.1531e+06, 9.9008e-04
8.1659e+06, 9.8456e-04
8.1786e+06, 9.7908e-04
8.1914e+06, 9.7363e-04
8.2042e+06, 9.6823e-04
8.2217e+06, 9.6085e-04
8.2393e+06, 9.5355e-04
8.2569e+06, 9.4632e-04
8.2744e+06, 9.3915e-04
8.2920e+06, 9.3206e-04
8.3096e+06, 9.2503e-04
8.3272e+06, 9.1807e-04
8.3447e+06, 9.1118e-04
8.3623e+06, 9.0436e-04
8.3799e+06, 8.9760e-04
8.3974e+06, 8.9090e-04
8.4150e+06, 8.8427e-04
8.4326e+06, 8.7770e-04
8.4501e+06, 8.7120e-04
8.4677e+06, 8.6475e-04
8.4853e+06, 8.5837e-04
8.5011e+06, 8.5328e-04
8.5170e+06, 8.4822e-04
8.5328e+06, 8.4321e-04
8.5487e+06, 8.3824e-04
8.5645e+06, 8.3330e-04
8.5804e+06, 8.2840e-04
8.5962e+06, 8.2354e-04
8.6121e+06, 8.1872e-04
8.6279e+06, 8.1394e-04
8.6438e+06, 8.0919e-04
8.6596e+06, 8.0448e-04
8.6755e+06, 7.9980e-04
8.6913e+06, 7.9516e-04
8.7072e+06, 7.9055e-04
8.7230e+06, 7.8598e-04
8.7388e+06, 7.8145e-04
8.7552e+06, 7.7681e-04
8.7715e+06, 7.7221e-04
8.7878e+06, 7.6765e-04
8.8041e+06, 7.6312e-04
8.8205e+06, 7.5863e-04
8.8368e+06, 7.5417e-04
8.8531e+06, 7.4974e-04
8.8694e+06, 7.4535e-04
8.8857e+06, 7.4100e-04
8.9021e+06, 7.3667e-04
8.9184e+06, 7.3238e-04
8.9347e+06, 7.2813e-04
8.9510e+06, 7.2390e-04
8.9674e+06, 7.1971e-04
8.9837e+06, 7.1555e-04
9.0000e+06, 7.1142e-04
9.0076e+06, 7.1032e-04
9.0152e+06, 7.0922e-04
9.0228e+06, 7.0812e-04
9.0304e+06, 7.0703e-04
9.0380e+06, 7.0594e-04
9.0456e+06, 7.0485e-04
9.0532e+06, 7.0377e-04
9.0609e+06, 7.0268e-04
9.0685e+06, 7.0160e-04
9.0761e+06, 7.0052e-04
9.0837e+06, 6.9945e-04
9.0913e+06, 6.9838e-04
9.0989e+06, 6.9731e-04
9.1065e+06, 6.9624e-04
9.1141e+06, 6.9517e-04
9.1217e+06, 6.9411e-04
9.1293e+06, 6.9305e-04
9.1369e+06, 6.9199e-04
9.1445e+06, 6.9094e-04
9.1521e+06, 6.8989e-04
9.1597e+06, 6.8884e-04
9.1673e+06, 6.8779e-04
9.1750e+06, 6.8674e-04
9.1826e+06, 6.8570e-04
9.1902e+06, 6.8466e-04
9.1978e+06, 6.8362e-04
9.2054e+06, 6.8259e-04
9.2130e+06, 6.8155e-04
9.2206e+06, 6.8052e-04
9.2282e+06, 6.7949e-04
9.2358e+06, 6.7847e-04
9.2434e+06, 6.7745e-04
9.2510e+06, 6.7642e-04
9.2586e+06, 6.7541e-04
9.2662e+06, 6.7439e-04
9.2738e+06, 6.7338e-04
9.2814e+06, 6.7236e-04
9.2891e+06, 6.7135e-04
9.2967e+06, 6.7035e-04
9.3043e+06, 6.6934e-04
9.3119e+06, 6.6834e-04
9.3195e+06, 6.6734e-04
9.3271e+06, 6.6634e-04
9.3347e+06, 6.6535e-04
9.3423e+06, 6.6436e-04
9.3499e+06, 6.6336e-04
9.3575e+06, 6.6238e-04
9.3651e+06, 6.6139e-04
9.3727e+06, 6.6041e-04
9.3803e+06, 6.5942e-04
9.3879e+06, 6.5844e-04
9.3956e+06, 6.5747e-04
9.4032e+06, 6.5649e-04
9.4108e+06, 6.5552e-04
9.4184e+06, 6.5455e-04
9.4260e+06, 6.5358e-04
9.4336e+06, 6.5262e-04
9.4412e+06, 6.5165e-04
9.4488e+06, 6.5069e-04
9.4564e+06, 6.4973e-04
9.4640e+06, 6.4877e-04
9.4716e+06, 6.4782e-04
9.4792e+06, 6.4687e-04
9.4868e+06, 6.4592e-04
9.4948e+06, 6.4541e-04
9.5029e+06, 6.4491e-04
9.5109e+06, 6.4441e-04
9.5189e+06, 6.4391e-04
9.5269e+06, 6.4342e-04
9.5349e+06, 6.4292e-04
9.5430e+06, 6.4242e-04
9.5510e+06, 6.4193e-04
9.5590e+06, 6.4143e-04
9.5670e+06, 6.4094e-04
9.5750e+06, 6.4044e-04
9.5830e+06, 6.3995e-04
9.5911e+06, 6.3946e-04
9.5991e+06, 6.3897e-04
9.6071e+06, 6.3848e-04
9.6151e+06, 6.3799e-04
9.6231e+06, 6.3750e-04
9.6312e+06, 6.3701e-04
9.6392e+06, 6.3652e-04
9.6472e+06, 6.3604e-04
9.6552e+06, 6.3555e-04
9.6632e+06, 6.3507e-04
9.6713e+06, 6.3458e-04
9.6793e+06, 6.3410e-04
9.6873e+06, 6.3362e-04
9.6953e+06, 6.3314e-04
9.7033e+06, 6.3266e-04
9.7113e+06, 6.3218e-04
9.7194e+06, 6.3170e-04
9.7274e+06, 6.3122e-04
9.7354e+06, 6.3074e-04
9.7434e+06, 6.3026e-04
9.7514e+06, 6.2979e-04
9.7595e+06, 6.2931e-04
9.7675e+06, 6.2884e-04
9.7755e+06, 6.2836e-04
9.7835e+06, 6.2789e-04
9.7915e+06, 6.2742e-04
9.7995e+06, 6.2694e-04
9.8076e+06, 6.2647e-04
9.8156e+06, 6.2600e-04
9.8236e+06, 6.2553e-04
9.8316e+06, 6.2506e-04
9.8396e+06, 6.2460e-04
9.8477e+06, 6.2413e-04
9.8557e+06, 6.2366e-04
9.8637e+06, 6.2319e-04
9.8717e+06, 6.2273e-04
9.8797e+06, 6.2226e-04
9.8877e+06, 6.2180e-04
9.8958e+06, 6.2134e-04
9.9038e+06, 6.2088e-04
9.9118e+06, 6.2041e-04
9.9198e+06, 6.1995e-04
9.9278e+06, 6.1949e-04
9.9359e+06, 6.1903e-04
9.9439e+06, 6.1857e-04
9.9519e+06, 6.1812e-04
9.9599e+06, 6.1766e-04
9.9679e+06, 6.1720e-04
9.9759e+06, 6.1675e-04
9.9840e+06, 6.1629e-04
9.9920e+06, 6.1584e-04
1.0000e+07, 6.1538e-04
1.0015e+07, 6.1617e-04
1.0031e+07, 6.1695e-04
1.0046e+07, 6.1774e-04
1.0061e+07, 6.1852e-04
1.0076e+07, 6.1931e-04
1.0092e+07, 6.2009e-04
1.0107e+07, 6.2088e-04
1.0122e+07, 6.2166e-04
1.0137e+07, 6.2245e-04
1.0153e+07, 6.2323e-04
1.0168e+07, 6.2402e-04
1.0183e+07, 6.2480e-04
1.0198e+07, 6.2558e-04
1.0214e+07, 6.2637e-04
1.0229e+07, 6.2715e-04
1.0244e+07, 6.2793e-04
1.0259e+07, 6.2872e-04
1.0275e+07, 6.2950e-04
1.0290e+07, 6.3028e-04
1.0305e+07, 6.3106e-04
1.0320e+07, 6.3185e-04
1.0336e+07, 6.3263e-04
1.0351e+07, 6.3341e-04
1.0366e+07, 6.3419e-04
1.0381e+07, 6.3497e-04
1.0397e+07, 6.3575e-04
1.0412e+07, 6.3653e-04
1.0427e+07, 6.3731e-04
1.0442e+07, 6.3809e-04
1.0458e+07, 6.3887e-04
1.0473e+07, 6.3965e-04
1.0488e+07, 6.4043e-04
1.0516e+07, 6.4407e-04
1.0544e+07, 6.4772e-04
1.0568e+07, 6.5076e-04
1.0591e+07, 6.5381e-04
1.0614e+07, 6.5686e-04
1.0637e+07, 6.5993e-04
1.0637e+07, 6.5993e-04
1.0681e+07, 6.6569e-04
1.0725e+07, 6.7147e-04
1.0768e+07, 6.7728e-04
1.0812e+07, 6.8311e-04
1.0859e+07, 6.8943e-04
1.0906e+07, 6.9577e-04
1.0953e+07, 7.0215e-04
1.1000e+07, 7.0855e-04
1.1048e+07, 7.1915e-04
1.1096e+07, 7.2987e-04
1.1144e+07, 7.4069e-04
1.1191e+07, 7.5163e-04
1.1239e+07, 7.6268e-04
1.1287e+07, 7.7384e-04
1.1335e+07, 7.8512e-04
1.1383e+07, 7.9652e-04
1.1431e+07, 8.0803e-04
1.1479e+07, 8.1966e-04
1.1526e+07, 8.3141e-04
1.1574e+07, 8.4328e-04
1.1622e+07, 8.5526e-04
1.1670e+07, 8.6737e-04
1.1718e+07, 8.7960e-04
1.1766e+07, 8.9194e-04
1.1773e+07, 8.9384e-04
1.1780e+07, 8.9575e-04
1.1788e+07, 8.9765e-04
1.1795e+07, 8.9956e-04
1.1802e+07, 9.0147e-04
1.1810e+07, 9.0339e-04
1.1817e+07, 9.0530e-04
1.1824e+07, 9.0722e-04
1.1832e+07, 9.0915e-04
1.1839e+07, 9.1107e-04
1.1846e+07, 9.1300e-04
1.1854e+07, 9.1493e-04
1.1861e+07, 9.1687e-04
1.1868e+07, 9.1880e-04
1.1876e+07, 9.2074e-04
1.1883e+07, 9.2269e-04
1.1890e+07, 9.2463e-04
1.1898e+07, 9.2658e-04
1.1905e+07, 9.2853e-04
1.1912e+07, 9.3049e-04
1.1919e+07, 9.3245e-04
1.1927e+07, 9.3441e-04
1.1934e+07, 9.3637e-04
1.1941e+07, 9.3834e-04
1.1949e+07, 9.4031e-04
1.1956e+07, 9.4228e-04
1.1963e+07, 9.4426e-04
1.1971e+07, 9.4623e-04
1.1978e+07, 9.4821e-04
1.1985e+07, 9.5020e-04
1.1993e+07, 9.5218e-04
1.2000e+07, 9.5417e-04
1.2008e+07, 9.5492e-04
1.2015e+07, 9.5567e-04
1.2023e+07, 9.5642e-04
1.2030e+07, 9.5716e-04
1.2038e+07, 9.5791e-04
1.2046e+07, 9.5866e-04
1.2053e+07, 9.5941e-04
1.2061e+07, 9.6015e-04
1.2069e+07, 9.6090e-04
1.2076e+07, 9.6165e-04
1.2084e+07, 9.6240e-04
1.2092e+07, 9.6315e-04
1.2099e+07, 9.6390e-04
1.2107e+07, 9.6464e-04
1.2114e+07, 9.6539e-04
1.2122e+07, 9.6614e-04
1.2130e+07, 9.6689e-04
1.2137e+07, 9.6764e-04
1.2145e+07, 9.6839e-04
1.2152e+07, 9.6914e-04
1.2160e+07, 9.6989e-04
1.2168e+07, 9.7064e-04
1.2175e+07, 9.7139e-04
1.2183e+07, 9.7214e-04
1.2191e+07, 9.7289e-04
1.2198e+07, 9.7364e-04
1.2206e+07, 9.7439e-04
1.2214e+07, 9.7514e-04
1.2221e+07, 9.7589e-04
1.2229e+07, 9.7664e-04
1.2236e+07, 9.7739e-04
1.2244e+07, 9.7814e-04
1.2252e+07, 9.7889e-04
1.2259e+07, 9.7964e-04
1.2267e+07, 9.8039e-04
1.2274e+07, 9.8114e-04
1.2282e+07, 9.8189e-04
1.2290e+07, 9.8264e-04
1.2297e+07, 9.8340e-04
1.2305e+07, 9.8415e-04
1.2313e+07, 9.8490e-04
1.2320e+07, 9.8565e-04
1.2328e+07, 9.8640e-04
1.2336e+07, 9.8715e-04
1.2343e+07, 9.8791e-04
1.2351e+07, 9.8866e-04
1.2358e+07, 9.8941e-04
1.2366e+07, 9.9016e-04
1.2374e+07, 9.9092e-04
1.2381e+07, 9.9167e-04
1.2389e+07, 9.9242e-04
1.2396e+07, 9.9317e-04
1.2404e+07, 9.9393e-04
1.2412e+07, 9.9468e-04
1.2419e+07, 9.9543e-04
1.2427e+07, 9.9619e-04
1.2435e+07, 9.9694e-04
1.2442e+07, 9.9769e-04
1.2450e+07, 9.9845e-04
1.2458e+07, 9.9920e-04
1.2465e+07, 9.9995e-04
1.2473e+07, 1.0007e-03
1.2480e+07, 1.0015e-03
1.2488e+07, 1.0022e-03
1.2520e+07, 1.0054e-03
1.2552e+07, 1.0085e-03
1.2584e+07, 1.0117e-03
1.2616e+07, 1.0149e-03
1.2648e+07, 1.0181e-03
1.2680e+07, 1.0212e-03
1.2712e+07, 1.0244e-03
1.2744e+07, 1.0276e-03
1.2776e+07, 1.0308e-03
1.2808e+07, 1.0340e-03
1.2840e+07, 1.0371e-03
1.2872e+07, 1.0403e-03
1.2904e+07, 1.0435e-03
1.2936e+07, 1.0467e-03
1.2968e+07, 1.0499e-03
1.3000e+07, 1.0531e-03
1.3008e+07, 1.0528e-03
1.3016e+07, 1.0525e-03
1.3023e+07, 1.0521e-03
1.3031e+07, 1.0518e-03
1.3039e+07, 1.0515e-03
1.3047e+07, 1.0512e-03
1.3055e+07, 1.0509e-03
1.3062e+07, 1.0506e-03
1.3070e+07, 1.0503e-03
1.3078e+07, 1.0500e-03
1.3086e+07, 1.0496e-03
1.3094e+07, 1.0493e-03
1.3102e+07, 1.0490e-03
1.3109e+07, 1.0487e-03
1.3117e+07, 1.0484e-03
1.3125e+07, 1.0481e-03
1.3133e+07, 1.0478e-03
1.3141e+07, 1.0475e-03
1.3148e+07, 1.0472e-03
1.3156e+07, 1.0469e-03
1.3164e+07, 1.0465e-03
1.3172e+07, 1.0462e-03
1.3180e+07, 1.0459e-03
1.3188e+07, 1.0456e-03
1.3195e+07, 1.0453e-03
1.3203e+07, 1.0450e-03
1.3211e+07, 1.0447e-03
1.3219e+07, 1.0444e-03
1.3227e+07, 1.0441e-03
1.3234e+07, 1.0438e-03
1.3242e+07, 1.0435e-03
1.3250e+07, 1.0432e-03
1.3258e+07, 1.0429e-03
1.3266e+07, 1.0426e-03
1.3273e+07, 1.0422e-03
1.3281e+07, 1.0419e-03
1.3289e+07, 1.0416e-03
1.3297e+07, 1.0413e-03
1.3305e+07, 1.0410e-03
1.3312e+07, 1.0407e-03
1.3320e+07, 1.0404e-03
1.3328e+07, 1.0401e-03
1.3336e+07, 1.0398e-03
1.3344e+07, 1.0395e-03
1.3352e+07, 1.0392e-03
1.3359e+07, 1.0389e-03
1.3367e+07, 1.0386e-03
1.3375e+07, 1.0383e-03
1.3383e+07, 1.0380e-03
1.3391e+07, 1.0377e-03
1.3398e+07, 1.0374e-03
1.3406e+07, 1.0371e-03
1.3414e+07, 1.0368e-03
1.3422e+07, 1.0365e-03
1.3430e+07, 1.0362e-03
1.3438e+07, 1.0359e-03
1.3445e+07, 1.0356e-03
1.3453e+07, 1.0353e-03
1.3461e+07, 1.0350e-03
1.3469e+07, 1.0347e-03
1.3477e+07, 1.0344e-03
1.3484e+07, 1.0341e-03
1.3492e+07, 1.0338e-03
1.3500e+07, 1.0335e-03
1.3508e+07, 1.0332e-03
1.3516e+07, 1.0329e-03
1.3523e+07, 1.0326e-03
1.3531e+07, 1.0323e-03
1.3539e+07, 1.0320e-03
1.3547e+07, 1.0317e-03
1.3555e+07, 1.0314e-03
1.3562e+07, 1.0311e-03
1.3570e+07, 1.0309e-03
1.3578e+07, 1.0306e-03
1.3586e+07, 1.0303e-03
1.3594e+07, 1.0300e-03
1.3602e+07, 1.0297e-03
1.3609e+07, 1.0294e-03
1.3617e+07, 1.0291e-03
1.3625e+07, 1.0288e-03
1.3633e+07, 1.0285e-03
1.3641e+07, 1.0282e-03
1.3648e+07, 1.0279e-03
1.3656e+07, 1.0276e-03
1.3664e+07, 1.0273e-03
1.3672e+07, 1.0270e-03
1.3680e+07, 1.0267e-03
1.3688e+07, 1.0265e-03
1.3695e+07, 1.0262e-03
1.3703e+07, 1.0259e-03
1.3711e+07, 1.0256e-03
1.3719e+07, 1.0253e-03
1.3727e+07, 1.0250e-03
1.3734e+07, 1.0247e-03
1.3742e+07, 1.0244e-03
1.3750e+07, 1.0241e-03
1.3758e+07, 1.0238e-03
1.3766e+07, 1.0236e-03
1.3773e+07, 1.0233e-03
1.3781e+07, 1.0230e-03
1.3789e+07, 1.0227e-03
1.3797e+07, 1.0224e-03
1.3805e+07, 1.0221e-03
1.3812e+07, 1.0218e-03
1.3820e+07, 1.0215e-03
1.3828e+07, 1.0213e-03
1.3836e+07, 1.0210e-03
1.3844e+07, 1.0207e-03
1.3852e+07, 1.0204e-03
1.3859e+07, 1.0201e-03
1.3867e+07, 1.0198e-03
1.3875e+07, 1.0195e-03
1.3883e+07, 1.0192e-03
1.3891e+07, 1.0190e-03
1.3898e+07, 1.0187e-03
1.3906e+07, 1.0184e-03
1.3914e+07, 1.0181e-03
1.3922e+07, 1.0178e-03
1.3930e+07, 1.0175e-03
1.3938e+07, 1.0173e-03
1.3945e+07, 1.0170e-03
1.3953e+07, 1.0167e-03
1.3961e+07, 1.0164e-03
1.3969e+07, 1.0161e-03
1.3977e+07, 1.0158e-03
1.3984e+07, 1.0156e-03
1.3992e+07, 1.0153e-03
1.4000e+07, 1.0150e-03
1.4016e+07, 1.0138e-03
1.4031e+07, 1.0127e-03
1.4047e+07, 1.0115e-03
1.4062e+07, 1.0104e-03
1.4078e+07, 1.0092e-03
1.4094e+07, 1.0080e-03
1.4109e+07, 1.0069e-03
1.4125e+07, 1.0057e-03
1.4141e+07, 1.0046e-03
1.4156e+07, 1.0035e-03
1.4172e+07, 1.0023e-03
1.4188e+07, 1.0012e-03
1.4203e+07, 1.0001e-03
1.4219e+07, 9.9892e-04
1.4234e+07, 9.9779e-04
1.4250e+07, 9.9666e-04
1.4266e+07, 9.9554e-04
1.4281e+07, 9.9442e-04
1.4297e+07, 9.9330e-04
1.4312e+07, 9.9218e-04
1.4328e+07, 9.9107e-04
1.4344e+07, 9.8996e-04
1.4359e+07, 9.8885e-04
1.4375e+07, 9.8774e-04
1.4391e+07, 9.8663e-04
1.4406e+07, 9.8553e-04
1.4422e+07, 9.8443e-04
1.4438e+07, 9.8333e-04
1.4453e+07, 9.8224e-04
1.4469e+07, 9.8115e-04
1.4484e+07, 9.8006e-04
1.4500e+07, 9.7897e-04
1.4531e+07, 9.7680e-04
1.4562e+07, 9.7464e-04
1.4594e+07, 9.7249e-04
1.4625e+07, 9.7035e-04
1.4656e+07, 9.6822e-04
1.4688e+07, 9.6610e-04
1.4719e+07, 9.6399e-04
1.4750e+07, 9.6188e-04
1.4781e+07, 9.5979e-04
1.4812e+07, 9.5770e-04
1.4844e+07, 9.5563e-04
1.4875e+07, 9.5356e-04
1.4906e+07, 9.5150e-04
1.4938e+07, 9.4945e-04
1.4969e+07, 9.4741e-04
1.5000e+07, 9.4538e-04
1.5031e+07, 9.4352e-04
1.5062e+07, 9.4167e-04
1.5094e+07, 9.3983e-04
1.5125e+07, 9.3800e-04
1.5156e+07, 9.3617e-04
1.5188e+07, 9.3435e-04
1.5219e+07, 9.3254e-04
1.5250e+07, 9.3073e-04
1.5281e+07, 9.2893e-04
1.5312e+07, 9.2714e-04
1.5344e+07, 9.2536e-04
1.5375e+07, 9.2358e-04
1.5406e+07, 9.2181e-04
1.5438e+07, 9.2005e-04
1.5469e+07, 9.1830e-04
1.5500e+07, 9.1655e-04
1.5531e+07, 9.1481e-04
1.5562e+07, 9.1307e-04
1.5594e+07, 9.1134e-04
1.5625e+07, 9.0962e-04
1.5656e+07, 9.0791e-04
1.5688e+07, 9.0620e-04
1.5719e+07, 9.0450e-04
1.5750e+07, 9.0280e-04
1.5781e+07, 9.0111e-04
1.5812e+07, 8.9943e-04
1.5844e+07, 8.9776e-04
1.5875e+07, 8.9609e-04
1.5906e+07, 8.9442e-04
1.5938e+07, 8.9277e-04
1.5969e+07, 8.9112e-04
1.6000e+07, 8.8947e-04
1.6062e+07, 8.8720e-04
1.6125e+07, 8.8494e-04
1.6188e+07, 8.8269e-04
1.6250e+07, 8.8046e-04
1.6312e+07, 8.7824e-04
1.6375e+07, 8.7603e-04
1.6438e+07, 8.7384e-04
1.6500e+07, 8.7167e-04
1.6562e+07, 8.6950e-04
1.6625e+07, 8.6736e-04
1.6688e+07, 8.6522e-04
1.6750e+07, 8.6310e-04
1.6812e+07, 8.6099e-04
1.6875e+07, 8.5889e-04
1.6938e+07, 8.5681e-04
1.7000e+07, 8.5473e-04
1.7125e+07, 8.5257e-04
1.7250e+07, 8.5043e-04
1.7375e+07, 8.4831e-04
1.7500e+07, 8.4621e-04
1.7625e+07, 8.4413e-04
1.7750e+07, 8.4207e-04
1.7875e+07, 8.4003e-04
1.8000e+07, 8.3800e-04
1.8031e+07, 8.3793e-04
1.8156e+07, 8.3763e-04
1.8157e+07, 8.3763e-04
1.8367e+07, 8.3712e-04
1.8578e+07, 8.3663e-04
1.8789e+07, 8.3613e-04
1.9000e+07, 8.3565e-04
1.9194e+07, 8.3737e-04
1.9395e+07, 8.3916e-04
1.9597e+07, 8.4093e-04
1.9798e+07, 8.4268e-04
2.0000e+07, 8.4443e-04
