ebin, xs
1.0000e-05, 5.3879e+00
1.0625e-05, 5.2271e+00
1.1250e-05, 5.0798e+00
1.1875e-05, 4.9443e+00
1.2500e-05, 4.8191e+00
1.3750e-05, 4.5948e+00
1.5000e-05, 4.3992e+00
1.6250e-05, 4.2266e+00
1.7500e-05, 4.0729e+00
1.8750e-05, 3.9348e+00
2.0000e-05, 3.8098e+00
2.1875e-05, 3.6429e+00
2.3750e-05, 3.4962e+00
2.5625e-05, 3.3658e+00
2.7500e-05, 3.2490e+00
2.9375e-05, 3.1436e+00
3.1250e-05, 3.0479e+00
3.3125e-05, 2.9604e+00
3.5000e-05, 2.8800e+00
3.8750e-05, 2.7371e+00
4.2500e-05, 2.6135e+00
4.6250e-05, 2.5053e+00
5.0000e-05, 2.4096e+00
5.3125e-05, 2.3376e+00
5.6250e-05, 2.2718e+00
5.9375e-05, 2.2112e+00
6.2500e-05, 2.1552e+00
6.8750e-05, 2.0549e+00
7.5000e-05, 1.9674e+00
8.1250e-05, 1.8902e+00
8.7500e-05, 1.8215e+00
9.3750e-05, 1.7597e+00
1.0000e-04, 1.7038e+00
1.0625e-04, 1.6529e+00
1.1250e-04, 1.6064e+00
1.1875e-04, 1.5635e+00
1.2500e-04, 1.5239e+00
1.3750e-04, 1.4530e+00
1.5000e-04, 1.3912e+00
1.6250e-04, 1.3366e+00
1.7500e-04, 1.2880e+00
1.8750e-04, 1.2443e+00
2.0000e-04, 1.2048e+00
2.1875e-04, 1.1520e+00
2.3750e-04, 1.1056e+00
2.5625e-04, 1.0644e+00
2.7500e-04, 1.0274e+00
2.9375e-04, 9.9411e-01
3.1250e-04, 9.6382e-01
3.3125e-04, 9.3615e-01
3.5000e-04, 9.1073e-01
3.8750e-04, 8.6554e-01
4.2500e-04, 8.2647e-01
4.6250e-04, 7.9226e-01
5.0000e-04, 7.6197e-01
5.3125e-04, 7.3922e-01
5.6250e-04, 7.1839e-01
5.9375e-04, 6.9923e-01
6.2500e-04, 6.8153e-01
6.8750e-04, 6.4981e-01
7.5000e-04, 6.2215e-01
8.1250e-04, 5.9774e-01
8.7500e-04, 5.7600e-01
9.3750e-04, 5.5647e-01
1.0000e-03, 5.3880e-01
1.0625e-03, 5.2271e-01
1.1250e-03, 5.0798e-01
1.1875e-03, 4.9443e-01
1.2500e-03, 4.8191e-01
1.3750e-03, 4.5949e-01
1.5000e-03, 4.3993e-01
1.6250e-03, 4.2267e-01
1.7500e-03, 4.0729e-01
1.8750e-03, 3.9348e-01
2.0000e-03, 3.8099e-01
2.1875e-03, 3.6429e-01
2.3750e-03, 3.4962e-01
2.5625e-03, 3.3658e-01
2.7500e-03, 3.2491e-01
2.9375e-03, 3.1437e-01
3.1250e-03, 3.0479e-01
3.3125e-03, 2.9604e-01
3.5000e-03, 2.8800e-01
3.8750e-03, 2.7371e-01
4.2500e-03, 2.6135e-01
4.6250e-03, 2.5053e-01
5.0000e-03, 2.4096e-01
5.3125e-03, 2.3376e-01
5.6250e-03, 2.2717e-01
5.9375e-03, 2.2112e-01
6.2500e-03, 2.1552e-01
6.8750e-03, 2.0549e-01
7.5000e-03, 1.9674e-01
8.1250e-03, 1.8902e-01
8.7500e-03, 1.8214e-01
9.3750e-03, 1.7597e-01
1.0000e-02, 1.7038e-01
1.0625e-02, 1.6529e-01
1.1250e-02, 1.6063e-01
1.1875e-02, 1.5635e-01
1.2500e-02, 1.5239e-01
1.3750e-02, 1.4530e-01
1.5000e-02, 1.3911e-01
1.6250e-02, 1.3365e-01
1.7500e-02, 1.2879e-01
1.8750e-02, 1.2442e-01
2.0000e-02, 1.2047e-01
2.1325e-02, 1.1667e-01
2.2650e-02, 1.1321e-01
2.3975e-02, 1.1004e-01
2.5300e-02, 1.0712e-01
2.6844e-02, 1.0399e-01
2.8387e-02, 1.0113e-01
3.1475e-02, 9.6042e-02
3.4563e-02, 9.1652e-02
3.7650e-02, 8.7812e-02
4.0738e-02, 8.4416e-02
4.3825e-02, 8.1386e-02
4.6913e-02, 7.8660e-02
5.0000e-02, 7.6192e-02
5.3125e-02, 7.3918e-02
5.6250e-02, 7.1836e-02
5.9375e-02, 6.9921e-02
6.2500e-02, 6.8153e-02
6.8750e-02, 6.4983e-02
7.5000e-02, 6.2217e-02
8.1250e-02, 5.9774e-02
8.7500e-02, 5.7598e-02
9.3750e-02, 5.5643e-02
1.0000e-01, 5.3875e-02
1.0625e-01, 5.2266e-02
1.1250e-01, 5.0794e-02
1.1875e-01, 4.9441e-02
1.2500e-01, 4.8192e-02
1.3750e-01, 4.5952e-02
1.5000e-01, 4.3995e-02
1.6250e-01, 4.2267e-02
1.7500e-01, 4.0729e-02
1.8750e-01, 3.9348e-02
2.0000e-01, 3.8100e-02
2.1875e-01, 3.6431e-02
2.3750e-01, 3.4963e-02
2.5625e-01, 3.3658e-02
2.7500e-01, 3.2489e-02
2.9375e-01, 3.1434e-02
3.1250e-01, 3.0476e-02
3.3125e-01, 2.9603e-02
3.5000e-01, 2.8802e-02
3.8750e-01, 2.7377e-02
4.2500e-01, 2.6139e-02
5.0000e-01, 2.4103e-02
6.2500e-01, 2.1558e-02
7.5000e-01, 1.9676e-02
8.7500e-01, 1.8221e-02
1.0000e+00, 1.7049e-02
1.2500e+00, 1.5244e-02
1.5000e+00, 1.3914e-02
1.7500e+00, 1.2884e-02
2.0000e+00, 1.2053e-02
2.3750e+00, 1.1060e-02
2.7500e+00, 1.0280e-02
3.1250e+00, 9.6427e-03
3.5000e+00, 9.1106e-03
4.2500e+00, 8.2669e-03
5.0000e+00, 7.6222e-03
6.2500e+00, 6.8179e-03
7.5000e+00, 6.2237e-03
8.7500e+00, 5.7628e-03
1.0000e+01, 5.3914e-03
1.2500e+01, 4.8223e-03
1.5000e+01, 4.4024e-03
1.7500e+01, 4.0766e-03
2.0000e+01, 3.8140e-03
2.3750e+01, 3.5006e-03
2.7500e+01, 3.2541e-03
3.1250e+01, 3.0531e-03
3.5000e+01, 2.8855e-03
4.2500e+01, 2.6196e-03
5.0000e+01, 2.4162e-03
6.2500e+01, 2.1628e-03
7.5000e+01, 1.9759e-03
8.7500e+01, 1.8308e-03
1.0000e+02, 1.7141e-03
1.2500e+02, 1.5357e-03
1.5000e+02, 1.4044e-03
1.7500e+02, 1.3027e-03
2.0000e+02, 1.2209e-03
2.3750e+02, 1.1239e-03
2.7500e+02, 1.0479e-03
3.1250e+02, 9.8653e-04
3.5000e+02, 9.3572e-04
4.2500e+02, 8.5632e-04
5.0000e+02, 7.9718e-04
6.2500e+02, 7.2714e-04
7.5000e+02, 6.8068e-04
8.7500e+02, 6.5113e-04
1.0000e+03, 6.3585e-04
1.1250e+03, 6.3493e-04
1.2500e+03, 6.5116e-04
1.3750e+03, 6.9144e-04
1.4375e+03, 7.2468e-04
1.5000e+03, 7.7041e-04
1.5625e+03, 8.3326e-04
1.6250e+03, 9.2041e-04
1.6875e+03, 1.0433e-03
1.7500e+03, 1.2216e-03
1.7812e+03, 1.3417e-03
1.8125e+03, 1.4908e-03
1.8438e+03, 1.6788e-03
1.8750e+03, 1.9197e-03
1.9062e+03, 2.2342e-03
1.9375e+03, 2.6555e-03
1.9688e+03, 3.2379e-03
1.9844e+03, 3.6157e-03
2.0000e+03, 4.0723e-03
2.0137e+03, 4.5576e-03
2.0275e+03, 5.1449e-03
2.0412e+03, 5.8646e-03
2.0549e+03, 6.7586e-03
2.0687e+03, 7.8623e-03
2.0824e+03, 9.2985e-03
2.0961e+03, 1.1185e-02
2.1030e+03, 1.2359e-02
2.1099e+03, 1.3733e-02
2.1172e+03, 1.5475e-02
2.1245e+03, 1.7577e-02
2.1318e+03, 2.0147e-02
2.1391e+03, 2.3333e-02
2.1465e+03, 2.7319e-02
2.1501e+03, 2.9699e-02
2.1538e+03, 3.2437e-02
2.1575e+03, 3.5575e-02
2.1611e+03, 3.9194e-02
2.1648e+03, 4.3400e-02
2.1684e+03, 4.8323e-02
2.1723e+03, 5.4538e-02
2.1762e+03, 6.2039e-02
2.1801e+03, 7.1210e-02
2.1840e+03, 8.2579e-02
2.1879e+03, 9.6896e-02
2.1898e+03, 1.0542e-01
2.1918e+03, 1.1510e-01
2.1937e+03, 1.2626e-01
2.1957e+03, 1.3918e-01
2.1976e+03, 1.5421e-01
2.1996e+03, 1.7182e-01
2.2016e+03, 1.9398e-01
2.2037e+03, 2.2075e-01
2.2057e+03, 2.5349e-01
2.2078e+03, 2.9411e-01
2.2099e+03, 3.4534e-01
2.2109e+03, 3.7607e-01
2.2119e+03, 4.1108e-01
2.2130e+03, 4.5124e-01
2.2140e+03, 4.9771e-01
2.2150e+03, 5.5193e-01
2.2160e+03, 6.1565e-01
2.2171e+03, 6.9603e-01
2.2182e+03, 7.9344e-01
2.2193e+03, 9.1321e-01
2.2204e+03, 1.0629e+00
2.2209e+03, 1.1522e+00
2.2215e+03, 1.2534e+00
2.2220e+03, 1.3692e+00
2.2226e+03, 1.5020e+00
2.2231e+03, 1.6564e+00
2.2237e+03, 1.8366e+00
2.2242e+03, 2.0502e+00
2.2247e+03, 2.3057e+00
2.2253e+03, 2.6540e+00
2.2259e+03, 3.0979e+00
2.2262e+03, 3.3695e+00
2.2265e+03, 3.6830e+00
2.2268e+03, 4.0504e+00
2.2271e+03, 4.4862e+00
2.2274e+03, 5.0115e+00
2.2277e+03, 5.6489e+00
2.2280e+03, 6.4340e+00
2.2283e+03, 7.4115e+00
2.2286e+03, 8.6431e+00
2.2289e+03, 1.0193e+01
2.2291e+03, 1.1116e+01
2.2292e+03, 1.2154e+01
2.2294e+03, 1.3320e+01
2.2295e+03, 1.4630e+01
2.2297e+03, 1.6182e+01
2.2299e+03, 1.7918e+01
2.2300e+03, 1.9880e+01
2.2302e+03, 2.2062e+01
2.2303e+03, 2.4513e+01
2.2305e+03, 2.7222e+01
2.2306e+03, 3.0220e+01
2.2308e+03, 3.3525e+01
2.2311e+03, 4.1136e+01
2.2314e+03, 5.0108e+01
2.2317e+03, 6.0442e+01
2.2321e+03, 7.1999e+01
2.2327e+03, 1.0040e+02
2.2334e+03, 1.2936e+02
2.2337e+03, 1.4103e+02
2.2341e+03, 1.5090e+02
2.2344e+03, 1.5844e+02
2.2347e+03, 1.6322e+02
2.2350e+03, 1.6494e+02
2.2352e+03, 1.6392e+02
2.2355e+03, 1.6093e+02
2.2357e+03, 1.5609e+02
2.2360e+03, 1.4960e+02
2.2365e+03, 1.3228e+02
2.2370e+03, 1.1156e+02
2.2374e+03, 9.1791e+01
2.2379e+03, 7.3001e+01
2.2384e+03, 5.6366e+01
2.2386e+03, 4.9070e+01
2.2388e+03, 4.2503e+01
2.2391e+03, 3.6903e+01
2.2393e+03, 3.1952e+01
2.2395e+03, 2.7616e+01
2.2397e+03, 2.3868e+01
2.2399e+03, 2.0624e+01
2.2401e+03, 1.7860e+01
2.2404e+03, 1.5497e+01
2.2406e+03, 1.3504e+01
2.2408e+03, 1.1813e+01
2.2410e+03, 1.0395e+01
2.2412e+03, 9.1944e+00
2.2415e+03, 8.1873e+00
2.2417e+03, 7.3329e+00
2.2419e+03, 6.6123e+00
2.2421e+03, 5.9961e+00
2.2423e+03, 5.4714e+00
2.2426e+03, 5.0369e+00
2.2428e+03, 4.6598e+00
2.2432e+03, 4.0367e+00
2.2436e+03, 3.5450e+00
2.2440e+03, 3.1477e+00
2.2444e+03, 2.8196e+00
2.2449e+03, 2.5452e+00
2.2453e+03, 2.3118e+00
2.2457e+03, 2.1110e+00
2.2461e+03, 1.9362e+00
2.2465e+03, 1.7835e+00
2.2474e+03, 1.5295e+00
2.2482e+03, 1.3276e+00
2.2490e+03, 1.1641e+00
2.2498e+03, 1.0420e+00
2.2505e+03, 9.3862e-01
2.2513e+03, 8.5021e-01
2.2520e+03, 7.7407e-01
2.2528e+03, 7.0779e-01
2.2536e+03, 6.4976e-01
2.2551e+03, 5.5339e-01
2.2566e+03, 4.7702e-01
2.2581e+03, 4.1557e-01
2.2596e+03, 3.6536e-01
2.2611e+03, 3.2380e-01
2.2625e+03, 2.9077e-01
2.2639e+03, 2.6259e-01
2.2653e+03, 2.3837e-01
2.2668e+03, 2.1746e-01
2.2682e+03, 1.9923e-01
2.2696e+03, 1.8322e-01
2.2725e+03, 1.5640e-01
2.2753e+03, 1.3505e-01
2.2781e+03, 1.1781e-01
2.2810e+03, 1.0370e-01
2.2838e+03, 9.2000e-02
2.2865e+03, 8.2718e-02
2.2892e+03, 7.4786e-02
2.2919e+03, 6.7954e-02
2.2945e+03, 6.2025e-02
2.2972e+03, 5.6851e-02
2.2999e+03, 5.2349e-02
2.3052e+03, 4.4803e-02
2.3106e+03, 3.8749e-02
2.3159e+03, 3.3860e-02
2.3213e+03, 2.9853e-02
2.3266e+03, 2.6529e-02
2.3317e+03, 2.3901e-02
2.3367e+03, 2.1652e-02
2.3417e+03, 1.9713e-02
2.3467e+03, 1.8029e-02
2.3568e+03, 1.5263e-02
2.3668e+03, 1.3131e-02
2.3768e+03, 1.1402e-02
2.3869e+03, 1.0004e-02
2.3969e+03, 8.8593e-03
2.4069e+03, 7.9092e-03
2.4176e+03, 7.0627e-03
2.4283e+03, 6.3522e-03
2.4498e+03, 5.2350e-03
2.4712e+03, 4.4073e-03
2.4926e+03, 3.7757e-03
2.5140e+03, 3.2810e-03
2.5354e+03, 2.8873e-03
2.5782e+03, 2.3071e-03
2.6103e+03, 1.9970e-03
2.6424e+03, 1.7617e-03
2.7067e+03, 1.4043e-03
2.7709e+03, 1.1745e-03
2.8351e+03, 1.0075e-03
2.8994e+03, 8.8894e-04
2.9636e+03, 8.0135e-04
3.0921e+03, 6.7153e-04
3.1991e+03, 6.0280e-04
3.3062e+03, 5.5270e-04
3.5203e+03, 4.9029e-04
3.7344e+03, 4.5684e-04
3.9485e+03, 4.4806e-04
4.1519e+03, 4.7418e-04
4.3552e+03, 5.5538e-04
4.4569e+03, 6.4772e-04
4.5586e+03, 8.2752e-04
4.6095e+03, 9.8367e-04
4.6603e+03, 1.2223e-03
4.7112e+03, 1.6091e-03
4.7366e+03, 1.8924e-03
4.7620e+03, 2.2948e-03
4.7968e+03, 3.1677e-03
4.8142e+03, 3.8325e-03
4.8316e+03, 4.6979e-03
4.8490e+03, 5.9888e-03
4.8664e+03, 7.9484e-03
4.8751e+03, 9.3374e-03
4.8838e+03, 1.1134e-02
4.8925e+03, 1.3437e-02
4.9012e+03, 1.6653e-02
4.9062e+03, 1.9084e-02
4.9112e+03, 2.2100e-02
4.9163e+03, 2.5905e-02
4.9213e+03, 3.0762e-02
4.9263e+03, 3.7112e-02
4.9313e+03, 4.5779e-02
4.9338e+03, 5.1318e-02
4.9363e+03, 5.7938e-02
4.9388e+03, 6.5937e-02
4.9413e+03, 7.5710e-02
4.9434e+03, 8.5182e-02
4.9454e+03, 9.6565e-02
4.9474e+03, 1.1046e-01
4.9494e+03, 1.2766e-01
4.9514e+03, 1.4934e-01
4.9534e+03, 1.7715e-01
4.9544e+03, 1.9414e-01
4.9554e+03, 2.1373e-01
4.9564e+03, 2.3653e-01
4.9574e+03, 2.6327e-01
4.9585e+03, 2.9792e-01
4.9596e+03, 3.4017e-01
4.9607e+03, 3.9266e-01
4.9618e+03, 4.5929e-01
4.9623e+03, 4.9979e-01
4.9628e+03, 5.4649e-01
4.9634e+03, 6.0093e-01
4.9639e+03, 6.6511e-01
4.9645e+03, 7.4226e-01
4.9650e+03, 8.3632e-01
4.9656e+03, 9.5376e-01
4.9661e+03, 1.1029e+00
4.9664e+03, 1.2085e+00
4.9667e+03, 1.3320e+00
4.9670e+03, 1.4771e+00
4.9674e+03, 1.6480e+00
4.9677e+03, 1.8511e+00
4.9680e+03, 2.0912e+00
4.9683e+03, 2.3774e+00
4.9686e+03, 2.7160e+00
4.9689e+03, 3.1184e+00
4.9692e+03, 3.5939e+00
4.9696e+03, 4.1533e+00
4.9699e+03, 4.8057e+00
4.9702e+03, 5.5668e+00
4.9705e+03, 6.4426e+00
4.9708e+03, 7.4488e+00
4.9711e+03, 8.5873e+00
4.9715e+03, 1.0054e+01
4.9718e+03, 1.1703e+01
4.9722e+03, 1.3539e+01
4.9725e+03, 1.5541e+01
4.9733e+03, 1.9973e+01
4.9740e+03, 2.4711e+01
4.9748e+03, 3.0367e+01
4.9753e+03, 3.2823e+01
4.9757e+03, 3.4869e+01
4.9763e+03, 3.6778e+01
4.9769e+03, 3.7580e+01
4.9770e+03, 3.7600e+01
4.9773e+03, 3.7439e+01
4.9776e+03, 3.6965e+01
4.9782e+03, 3.5139e+01
4.9786e+03, 3.3410e+01
4.9790e+03, 3.1340e+01
4.9798e+03, 2.6498e+01
4.9811e+03, 1.7925e+01
4.9817e+03, 1.4078e+01
4.9820e+03, 1.2356e+01
4.9824e+03, 1.0784e+01
4.9826e+03, 9.5411e+00
4.9829e+03, 8.4181e+00
4.9832e+03, 7.4084e+00
4.9835e+03, 6.5073e+00
4.9838e+03, 5.7089e+00
4.9840e+03, 5.0061e+00
4.9843e+03, 4.3910e+00
4.9846e+03, 3.8555e+00
4.9849e+03, 3.3914e+00
4.9852e+03, 2.9908e+00
4.9855e+03, 2.6460e+00
4.9857e+03, 2.3498e+00
4.9860e+03, 2.0958e+00
4.9863e+03, 1.8781e+00
4.9866e+03, 1.6913e+00
4.9869e+03, 1.5308e+00
4.9873e+03, 1.3081e+00
4.9878e+03, 1.1335e+00
4.9883e+03, 9.9500e-01
4.9888e+03, 8.8360e-01
4.9892e+03, 7.9220e-01
4.9897e+03, 7.1634e-01
4.9902e+03, 6.5217e-01
4.9907e+03, 5.9738e-01
4.9911e+03, 5.4987e-01
4.9916e+03, 5.0833e-01
4.9926e+03, 4.3927e-01
4.9935e+03, 3.8417e-01
4.9945e+03, 3.3928e-01
4.9959e+03, 2.8726e-01
4.9972e+03, 2.4669e-01
4.9986e+03, 2.1428e-01
5.0000e+03, 1.8799e-01
5.0012e+03, 1.6865e-01
5.0024e+03, 1.5220e-01
5.0049e+03, 1.2591e-01
5.0073e+03, 1.0599e-01
5.0098e+03, 9.0516e-02
5.0122e+03, 7.8206e-02
5.0146e+03, 6.8254e-02
5.0171e+03, 6.0096e-02
5.0195e+03, 5.3334e-02
5.0226e+03, 4.6387e-02
5.0256e+03, 4.0734e-02
5.0317e+03, 3.2219e-02
5.0378e+03, 2.6106e-02
5.0439e+03, 2.1588e-02
5.0501e+03, 1.8162e-02
5.0562e+03, 1.5512e-02
5.0684e+03, 1.1747e-02
5.0781e+03, 9.6335e-03
5.0879e+03, 8.0568e-03
5.1019e+03, 6.4106e-03
5.1160e+03, 5.2379e-03
5.1440e+03, 3.7352e-03
5.1721e+03, 2.8074e-03
5.2002e+03, 2.2120e-03
5.2283e+03, 1.8058e-03
5.2563e+03, 1.5283e-03
5.3125e+03, 1.1346e-03
5.3711e+03, 9.0041e-04
5.4297e+03, 7.5438e-04
5.5469e+03, 5.6632e-04
5.6641e+03, 4.7371e-04
5.7812e+03, 4.0901e-04
6.0156e+03, 3.4224e-04
6.2500e+03, 3.0341e-04
6.5625e+03, 2.7353e-04
6.8750e+03, 2.5428e-04
7.5000e+03, 2.2973e-04
8.7500e+03, 2.0169e-04
1.0000e+04, 1.8409e-04
1.2500e+04, 1.6097e-04
1.5000e+04, 1.4551e-04
1.7500e+04, 1.3410e-04
2.0000e+04, 1.2520e-04
2.7500e+04, 1.0707e-04
3.5000e+04, 9.5857e-05
4.2500e+04, 8.8331e-05
5.0000e+04, 8.3125e-05
6.2500e+04, 7.7933e-05
7.5000e+04, 7.6067e-05
8.7500e+04, 7.7307e-05
1.0000e+05, 8.2279e-05
1.1104e+05, 9.1305e-05
1.2208e+05, 1.0741e-04
1.3311e+05, 1.3668e-04
1.3863e+05, 1.6005e-04
1.4415e+05, 1.9426e-04
1.4906e+05, 2.3957e-04
1.5396e+05, 3.0864e-04
1.5641e+05, 3.5750e-04
1.5887e+05, 4.2097e-04
1.6132e+05, 5.0535e-04
1.6377e+05, 6.2072e-04
1.6745e+05, 8.9158e-04
1.6837e+05, 9.9052e-04
1.6883e+05, 1.0429e-03
1.6929e+05, 1.1010e-03
1.6975e+05, 1.1653e-03
1.7021e+05, 1.2347e-03
1.7044e+05, 1.2721e-03
1.7067e+05, 1.3110e-03
1.7090e+05, 1.3516e-03
1.7113e+05, 1.3939e-03
1.7136e+05, 1.4386e-03
1.7159e+05, 1.4849e-03
1.7182e+05, 1.5338e-03
1.7205e+05, 1.5849e-03
1.7226e+05, 1.6341e-03
1.7247e+05, 1.6854e-03
1.7268e+05, 1.7390e-03
1.7289e+05, 1.7952e-03
1.7311e+05, 1.8539e-03
1.7332e+05, 1.9154e-03
1.7342e+05, 1.9472e-03
1.7353e+05, 1.9799e-03
1.7374e+05, 2.0472e-03
1.7395e+05, 2.1181e-03
1.7405e+05, 2.1546e-03
1.7416e+05, 2.1922e-03
1.7437e+05, 2.2699e-03
1.7458e+05, 2.3517e-03
1.7479e+05, 2.4373e-03
1.7500e+05, 2.5273e-03
1.7521e+05, 2.6218e-03
1.7542e+05, 2.7209e-03
1.7564e+05, 2.8264e-03
1.7574e+05, 2.8797e-03
1.7585e+05, 2.9363e-03
1.7606e+05, 3.0507e-03
1.7627e+05, 3.1725e-03
1.7648e+05, 3.3003e-03
1.7669e+05, 3.4331e-03
1.7690e+05, 3.5738e-03
1.7711e+05, 3.7220e-03
1.7732e+05, 3.8760e-03
1.7754e+05, 4.0376e-03
1.7796e+05, 4.3858e-03
1.7817e+05, 4.5703e-03
1.7838e+05, 4.7653e-03
1.7880e+05, 5.1749e-03
1.7910e+05, 5.4782e-03
1.7939e+05, 5.7952e-03
1.7968e+05, 6.1236e-03
1.7997e+05, 6.4607e-03
1.8027e+05, 6.8030e-03
1.8056e+05, 7.1433e-03
1.8115e+05, 7.8032e-03
1.8232e+05, 8.8340e-03
1.8290e+05, 9.0809e-03
1.8349e+05, 9.0858e-03
1.8396e+05, 8.8881e-03
1.8443e+05, 8.5717e-03
1.8490e+05, 8.1583e-03
1.8536e+05, 7.6661e-03
1.8630e+05, 6.5648e-03
1.8724e+05, 5.4891e-03
1.8818e+05, 4.5558e-03
1.8912e+05, 3.7709e-03
1.9005e+05, 3.1377e-03
1.9099e+05, 2.6344e-03
1.9287e+05, 1.8965e-03
1.9414e+05, 1.5523e-03
1.9542e+05, 1.2884e-03
1.9670e+05, 1.0832e-03
1.9797e+05, 9.2162e-04
2.0053e+05, 6.9247e-04
2.0308e+05, 5.3589e-04
2.0527e+05, 4.4264e-04
2.0745e+05, 3.7021e-04
2.1183e+05, 2.7221e-04
2.1621e+05, 2.0998e-04
2.2058e+05, 1.6863e-04
2.2496e+05, 1.4127e-04
2.2934e+05, 1.2972e-04
2.3116e+05, 1.3931e-04
2.3207e+05, 1.5797e-04
2.3298e+05, 2.0744e-04
2.3335e+05, 2.5198e-04
2.3371e+05, 3.3375e-04
2.3408e+05, 5.0561e-04
2.3426e+05, 6.7408e-04
2.3444e+05, 9.7156e-04
2.3455e+05, 1.2518e-03
2.3465e+05, 1.6944e-03
2.3475e+05, 2.4464e-03
2.3485e+05, 3.8721e-03
2.3490e+05, 4.9641e-03
2.3494e+05, 6.5995e-03
2.3499e+05, 9.1887e-03
2.3501e+05, 1.1102e-02
2.3504e+05, 1.3673e-02
2.3505e+05, 1.5760e-02
2.3506e+05, 1.8326e-02
2.3508e+05, 2.1570e-02
2.3509e+05, 2.5670e-02
2.3511e+05, 3.0994e-02
2.3512e+05, 3.7887e-02
2.3514e+05, 4.7008e-02
2.3514e+05, 5.2554e-02
2.3515e+05, 5.8886e-02
2.3516e+05, 6.9363e-02
2.3517e+05, 8.1590e-02
2.3519e+05, 1.0981e-01
2.3520e+05, 1.2387e-01
2.3521e+05, 1.3582e-01
2.3522e+05, 1.4392e-01
2.3523e+05, 1.4678e-01
2.3524e+05, 1.4585e-01
2.3524e+05, 1.4313e-01
2.3525e+05, 1.3301e-01
2.3526e+05, 1.1856e-01
2.3528e+05, 1.0229e-01
2.3529e+05, 8.6333e-02
2.3530e+05, 7.2011e-02
2.3531e+05, 5.9861e-02
2.3532e+05, 4.9968e-02
2.3533e+05, 4.1279e-02
2.3535e+05, 3.4487e-02
2.3536e+05, 2.9077e-02
2.3537e+05, 2.4807e-02
2.3538e+05, 2.1350e-02
2.3540e+05, 1.8568e-02
2.3542e+05, 1.4390e-02
2.3544e+05, 1.1444e-02
2.3547e+05, 9.3061e-03
2.3549e+05, 7.7134e-03
2.3552e+05, 6.4974e-03
2.3557e+05, 4.7972e-03
2.3562e+05, 3.6976e-03
2.3568e+05, 2.7348e-03
2.3575e+05, 2.1118e-03
2.3588e+05, 1.3848e-03
2.3601e+05, 9.8657e-04
2.3614e+05, 7.4749e-04
2.3640e+05, 4.9475e-04
2.3665e+05, 3.6175e-04
2.3716e+05, 2.3608e-04
2.3767e+05, 1.7932e-04
2.3818e+05, 1.4884e-04
2.3906e+05, 1.2133e-04
2.3993e+05, 1.0645e-04
2.4167e+05, 9.0712e-05
2.4516e+05, 7.6289e-05
2.5214e+05, 6.1648e-05
2.7110e+05, 4.2904e-05
2.9006e+05, 3.5677e-05
2.9428e+05, 3.7662e-05
2.9638e+05, 4.1780e-05
2.9849e+05, 5.4536e-05
2.9918e+05, 6.4933e-05
2.9987e+05, 8.2486e-05
3.0056e+05, 1.1915e-04
3.0091e+05, 1.5383e-04
3.0125e+05, 2.1345e-04
3.0146e+05, 2.7280e-04
3.0167e+05, 3.6310e-04
3.0187e+05, 5.1768e-04
3.0197e+05, 6.3815e-04
3.0208e+05, 8.0704e-04
3.0217e+05, 1.0225e-03
3.0226e+05, 1.3396e-03
3.0230e+05, 1.5574e-03
3.0235e+05, 1.8320e-03
3.0239e+05, 2.1862e-03
3.0244e+05, 2.6502e-03
3.0247e+05, 2.9959e-03
3.0249e+05, 3.4070e-03
3.0252e+05, 3.9043e-03
3.0255e+05, 4.5118e-03
3.0257e+05, 5.2654e-03
3.0260e+05, 6.1987e-03
3.0263e+05, 7.3706e-03
3.0265e+05, 8.8348e-03
3.0268e+05, 1.0407e-02
3.0270e+05, 1.2292e-02
3.0272e+05, 1.4497e-02
3.0275e+05, 1.6958e-02
3.0279e+05, 2.1785e-02
3.0282e+05, 2.3428e-02
3.0283e+05, 2.3882e-02
3.0284e+05, 2.4048e-02
3.0285e+05, 2.3907e-02
3.0286e+05, 2.3462e-02
3.0289e+05, 2.1800e-02
3.0291e+05, 1.9457e-02
3.0294e+05, 1.6868e-02
3.0296e+05, 1.4364e-02
3.0298e+05, 1.2132e-02
3.0301e+05, 1.0235e-02
3.0303e+05, 8.6641e-03
3.0306e+05, 6.9318e-03
3.0310e+05, 5.6226e-03
3.0313e+05, 4.6232e-03
3.0316e+05, 3.8565e-03
3.0320e+05, 3.2567e-03
3.0323e+05, 2.7825e-03
3.0326e+05, 2.4024e-03
3.0330e+05, 2.0946e-03
3.0335e+05, 1.7105e-03
3.0340e+05, 1.4226e-03
3.0351e+05, 1.0311e-03
3.0362e+05, 7.8126e-04
3.0372e+05, 6.1385e-04
3.0394e+05, 4.1086e-04
3.0415e+05, 2.9792e-04
3.0437e+05, 2.2808e-04
3.0458e+05, 1.8219e-04
3.0509e+05, 1.2079e-04
3.0559e+05, 8.9745e-05
3.0661e+05, 6.0704e-05
3.0765e+05, 4.7766e-05
3.0869e+05, 4.0981e-05
3.1077e+05, 3.4237e-05
3.1494e+05, 2.9055e-05
3.3075e+05, 2.3613e-05
3.4656e+05, 2.1184e-05
3.7817e+05, 1.8738e-05
3.8928e+05, 1.9385e-05
3.9483e+05, 2.0939e-05
4.0039e+05, 2.5523e-05
4.0381e+05, 3.3689e-05
4.0551e+05, 4.2524e-05
4.0722e+05, 6.0029e-05
4.0872e+05, 9.4198e-05
4.0947e+05, 1.2819e-04
4.1021e+05, 1.8869e-04
4.1059e+05, 2.3886e-04
4.1096e+05, 3.1191e-04
4.1115e+05, 3.6239e-04
4.1134e+05, 4.2603e-04
4.1152e+05, 5.0712e-04
4.1171e+05, 6.1197e-04
4.1186e+05, 7.2299e-04
4.1202e+05, 8.6160e-04
4.1217e+05, 1.0368e-03
4.1233e+05, 1.2542e-03
4.1248e+05, 1.5191e-03
4.1263e+05, 1.8264e-03
4.1279e+05, 2.1418e-03
4.1294e+05, 2.4116e-03
4.1304e+05, 2.5218e-03
4.1314e+05, 2.5617e-03
4.1322e+05, 2.5381e-03
4.1330e+05, 2.4691e-03
4.1345e+05, 2.2292e-03
4.1376e+05, 1.6012e-03
4.1392e+05, 1.3218e-03
4.1407e+05, 1.0905e-03
4.1423e+05, 9.0424e-04
4.1438e+05, 7.5541e-04
4.1455e+05, 6.2856e-04
4.1472e+05, 5.2856e-04
4.1489e+05, 4.5014e-04
4.1506e+05, 3.8714e-04
4.1540e+05, 2.9504e-04
4.1574e+05, 2.3268e-04
4.1607e+05, 1.8886e-04
4.1641e+05, 1.5625e-04
4.1709e+05, 1.1359e-04
4.1777e+05, 8.7521e-05
4.1844e+05, 7.0514e-05
4.2002e+05, 4.8159e-05
4.2160e+05, 3.6791e-05
4.2476e+05, 2.6255e-05
4.3063e+05, 1.9400e-05
4.3650e+05, 1.6826e-05
4.4824e+05, 1.4663e-05
4.7171e+05, 1.2868e-05
5.3671e+05, 1.0668e-05
6.0171e+05, 9.7546e-06
6.1615e+05, 1.0062e-05
6.2337e+05, 1.0637e-05
6.3059e+05, 1.2372e-05
6.3353e+05, 1.4246e-05
6.3646e+05, 1.8318e-05
6.3793e+05, 2.2079e-05
6.3940e+05, 2.9517e-05
6.4086e+05, 4.5219e-05
6.4160e+05, 6.1480e-05
6.4233e+05, 9.0429e-05
6.4278e+05, 1.2287e-04
6.4323e+05, 1.7956e-04
6.4368e+05, 2.9090e-04
6.4391e+05, 3.9296e-04
6.4414e+05, 5.6160e-04
6.4429e+05, 7.4756e-04
6.4445e+05, 1.0474e-03
6.4452e+05, 1.2691e-03
6.4460e+05, 1.5675e-03
6.4468e+05, 1.9785e-03
6.4476e+05, 2.5608e-03
6.4480e+05, 2.9457e-03
6.4483e+05, 3.4169e-03
6.4487e+05, 3.9984e-03
6.4491e+05, 4.7211e-03
6.4495e+05, 5.6229e-03
6.4499e+05, 6.7474e-03
6.4503e+05, 8.1349e-03
6.4506e+05, 9.8040e-03
6.4515e+05, 1.4227e-02
6.4517e+05, 1.5200e-02
6.4520e+05, 1.5975e-02
6.4522e+05, 1.6477e-02
6.4524e+05, 1.6653e-02
6.4526e+05, 1.6516e-02
6.4528e+05, 1.6111e-02
6.4532e+05, 1.4656e-02
6.4540e+05, 1.0679e-02
6.4544e+05, 8.8365e-03
6.4548e+05, 7.2837e-03
6.4552e+05, 6.0224e-03
6.4556e+05, 5.0147e-03
6.4561e+05, 4.0193e-03
6.4566e+05, 3.2733e-03
6.4571e+05, 2.7051e-03
6.4576e+05, 2.2683e-03
6.4581e+05, 1.9277e-03
6.4586e+05, 1.6554e-03
6.4596e+05, 1.2546e-03
6.4608e+05, 9.3484e-04
6.4621e+05, 7.2299e-04
6.4645e+05, 4.7098e-04
6.4670e+05, 3.3058e-04
6.4695e+05, 2.4562e-04
6.4745e+05, 1.5135e-04
6.4796e+05, 1.0334e-04
6.4846e+05, 7.7140e-05
6.4897e+05, 5.9883e-05
6.4998e+05, 4.0522e-05
6.5100e+05, 3.0546e-05
6.5227e+05, 2.3772e-05
6.5354e+05, 1.9715e-05
6.5609e+05, 1.5609e-05
6.6118e+05, 1.2526e-05
6.7137e+05, 1.1214e-05
6.8618e+05, 1.2700e-05
6.9336e+05, 1.6412e-05
6.9694e+05, 2.2409e-05
6.9874e+05, 2.9836e-05
7.0053e+05, 4.7128e-05
7.0128e+05, 6.3587e-05
7.0204e+05, 9.3340e-05
7.0241e+05, 1.1930e-04
7.0279e+05, 1.6051e-04
7.0316e+05, 2.3156e-04
7.0354e+05, 3.6263e-04
7.0374e+05, 4.9164e-04
7.0395e+05, 7.0283e-04
7.0405e+05, 8.6577e-04
7.0415e+05, 1.0921e-03
7.0425e+05, 1.4188e-03
7.0435e+05, 1.9070e-03
7.0443e+05, 2.4802e-03
7.0447e+05, 2.8631e-03
7.0451e+05, 3.3319e-03
7.0455e+05, 3.9126e-03
7.0459e+05, 4.6342e-03
7.0463e+05, 5.5316e-03
7.0467e+05, 6.6372e-03
7.0470e+05, 7.6347e-03
7.0473e+05, 8.7626e-03
7.0479e+05, 1.1282e-02
7.0482e+05, 1.2510e-02
7.0485e+05, 1.3546e-02
7.0488e+05, 1.4240e-02
7.0491e+05, 1.4474e-02
7.0493e+05, 1.4334e-02
7.0495e+05, 1.3953e-02
7.0500e+05, 1.2622e-02
7.0508e+05, 9.0859e-03
7.0512e+05, 7.4819e-03
7.0517e+05, 6.1447e-03
7.0521e+05, 5.0668e-03
7.0525e+05, 4.2109e-03
7.0531e+05, 3.3450e-03
7.0536e+05, 2.7046e-03
7.0542e+05, 2.2232e-03
7.0548e+05, 1.8557e-03
7.0553e+05, 1.5716e-03
7.0559e+05, 1.3456e-03
7.0570e+05, 1.0156e-03
7.0584e+05, 7.5468e-04
7.0598e+05, 5.8304e-04
7.0625e+05, 3.8030e-04
7.0652e+05, 2.6813e-04
7.0680e+05, 2.0057e-04
7.0741e+05, 1.2152e-04
7.0802e+05, 8.3893e-05
7.0863e+05, 6.3592e-05
7.0924e+05, 5.0795e-05
7.1014e+05, 4.0007e-05
7.1104e+05, 3.3687e-05
7.1285e+05, 2.7416e-05
7.1645e+05, 2.3848e-05
7.2031e+05, 2.5111e-05
7.2418e+05, 2.9256e-05
7.2611e+05, 3.2513e-05
7.2804e+05, 3.6942e-05
7.2997e+05, 4.2839e-05
7.3190e+05, 5.0753e-05
7.3336e+05, 5.8715e-05
7.3483e+05, 6.8604e-05
7.3629e+05, 8.1258e-05
7.3702e+05, 8.8598e-05
7.3775e+05, 9.7108e-05
7.3922e+05, 1.1646e-04
7.3995e+05, 1.2737e-04
7.4068e+05, 1.3922e-04
7.4361e+05, 1.8331e-04
7.4453e+05, 1.9162e-04
7.4545e+05, 1.9476e-04
7.4637e+05, 1.9216e-04
7.4720e+05, 1.8512e-04
7.4803e+05, 1.7477e-04
7.4970e+05, 1.4903e-04
7.5302e+05, 9.9509e-05
7.5469e+05, 8.1263e-05
7.5635e+05, 6.7014e-05
7.5802e+05, 5.5990e-05
7.5968e+05, 4.7468e-05
7.6191e+05, 3.9164e-05
7.6414e+05, 3.3013e-05
7.6637e+05, 2.8454e-05
7.6859e+05, 2.5044e-05
7.7305e+05, 2.0425e-05
7.7751e+05, 1.7553e-05
7.8437e+05, 1.5752e-05
7.8951e+05, 1.7697e-05
7.9080e+05, 1.9719e-05
7.9209e+05, 2.3848e-05
7.9337e+05, 3.2258e-05
7.9401e+05, 4.1537e-05
7.9466e+05, 5.9260e-05
7.9509e+05, 8.3438e-05
7.9551e+05, 1.2860e-04
7.9573e+05, 1.7168e-04
7.9594e+05, 2.4063e-04
7.9616e+05, 3.6887e-04
7.9626e+05, 4.7618e-04
7.9637e+05, 6.3505e-04
7.9649e+05, 9.0857e-04
7.9654e+05, 1.1119e-03
7.9660e+05, 1.3807e-03
7.9666e+05, 1.7385e-03
7.9672e+05, 2.2057e-03
7.9678e+05, 2.7940e-03
7.9683e+05, 3.4543e-03
7.9689e+05, 4.0548e-03
7.9692e+05, 4.2547e-03
7.9695e+05, 4.3502e-03
7.9698e+05, 4.3280e-03
7.9700e+05, 4.2170e-03
7.9703e+05, 4.0338e-03
7.9708e+05, 3.5214e-03
7.9718e+05, 2.4028e-03
7.9723e+05, 1.9495e-03
7.9728e+05, 1.5870e-03
7.9733e+05, 1.3024e-03
7.9738e+05, 1.0809e-03
7.9747e+05, 7.8861e-04
7.9757e+05, 5.9847e-04
7.9766e+05, 4.6687e-04
7.9775e+05, 3.7412e-04
7.9794e+05, 2.5630e-04
7.9813e+05, 1.8790e-04
7.9848e+05, 1.1830e-04
7.9884e+05, 8.3382e-05
7.9919e+05, 6.4051e-05
7.9954e+05, 5.1715e-05
8.0025e+05, 3.8157e-05
8.0096e+05, 3.1714e-05
8.0221e+05, 2.7740e-05
8.0410e+05, 3.3288e-05
8.0457e+05, 3.8592e-05
8.0504e+05, 4.7919e-05
8.0551e+05, 6.2591e-05
8.0599e+05, 9.5341e-05
8.0626e+05, 1.3633e-04
8.0640e+05, 1.6901e-04
8.0654e+05, 2.2029e-04
8.0667e+05, 2.9748e-04
8.0681e+05, 4.3810e-04
8.0695e+05, 7.1263e-04
8.0702e+05, 9.6192e-04
8.0709e+05, 1.3656e-03
8.0712e+05, 1.6650e-03
8.0715e+05, 2.0595e-03
8.0719e+05, 2.5844e-03
8.0722e+05, 3.2795e-03
8.0736e+05, 6.8984e-03
8.0738e+05, 7.0446e-03
8.0740e+05, 7.0304e-03
8.0741e+05, 6.8649e-03
8.0743e+05, 6.5699e-03
8.0746e+05, 5.7113e-03
8.0753e+05, 3.7838e-03
8.0756e+05, 3.0086e-03
8.0760e+05, 2.4047e-03
8.0763e+05, 1.9436e-03
8.0766e+05, 1.5956e-03
8.0771e+05, 1.2470e-03
8.0775e+05, 9.9748e-04
8.0784e+05, 6.7916e-04
8.0793e+05, 4.9523e-04
8.0802e+05, 3.8250e-04
8.0820e+05, 2.5464e-04
8.0838e+05, 1.9105e-04
8.0872e+05, 1.4233e-04
8.0905e+05, 1.3401e-04
8.0934e+05, 1.5122e-04
8.0963e+05, 1.9720e-04
8.0985e+05, 2.6822e-04
8.1006e+05, 4.1252e-04
8.1017e+05, 5.4159e-04
8.1028e+05, 7.4257e-04
8.1033e+05, 8.9083e-04
8.1039e+05, 1.0861e-03
8.1044e+05, 1.3465e-03
8.1049e+05, 1.6945e-03
8.1053e+05, 2.0115e-03
8.1057e+05, 2.3982e-03
8.1061e+05, 2.8585e-03
8.1065e+05, 3.3754e-03
8.1072e+05, 4.3790e-03
8.1076e+05, 4.6887e-03
8.1080e+05, 4.7556e-03
8.1083e+05, 4.6480e-03
8.1085e+05, 4.4597e-03
8.1087e+05, 4.2052e-03
8.1092e+05, 3.5862e-03
8.1101e+05, 2.3844e-03
8.1106e+05, 1.9229e-03
8.1110e+05, 1.5625e-03
8.1115e+05, 1.2840e-03
8.1120e+05, 1.0694e-03
8.1126e+05, 8.6371e-04
8.1131e+05, 7.0869e-04
8.1143e+05, 4.9995e-04
8.1155e+05, 3.7145e-04
8.1167e+05, 2.8880e-04
8.1190e+05, 1.8909e-04
8.1214e+05, 1.3510e-04
8.1249e+05, 9.0520e-05
8.1285e+05, 6.6894e-05
8.1357e+05, 4.2978e-05
8.1429e+05, 3.2195e-05
8.1501e+05, 2.5945e-05
8.1701e+05, 1.8558e-05
8.1901e+05, 1.5889e-05
8.2301e+05, 1.4546e-05
8.2651e+05, 1.5400e-05
8.3001e+05, 1.8016e-05
8.3351e+05, 2.4465e-05
8.3526e+05, 3.0832e-05
8.3701e+05, 4.1792e-05
8.3801e+05, 5.2250e-05
8.3901e+05, 6.8314e-05
8.4001e+05, 9.4479e-05
8.4051e+05, 1.1409e-04
8.4101e+05, 1.4064e-04
8.4137e+05, 1.6552e-04
8.4172e+05, 1.9676e-04
8.4207e+05, 2.3713e-04
8.4225e+05, 2.6117e-04
8.4243e+05, 2.8903e-04
8.4260e+05, 3.2026e-04
8.4278e+05, 3.5492e-04
8.4296e+05, 3.9438e-04
8.4313e+05, 4.3770e-04
8.4331e+05, 4.8480e-04
8.4349e+05, 5.3442e-04
8.4384e+05, 6.3521e-04
8.4415e+05, 7.0689e-04
8.4446e+05, 7.4349e-04
8.4467e+05, 7.3981e-04
8.4488e+05, 7.1433e-04
8.4505e+05, 6.7979e-04
8.4522e+05, 6.3708e-04
8.4556e+05, 5.4151e-04
8.4624e+05, 3.6568e-04
8.4658e+05, 2.9938e-04
8.4692e+05, 2.4738e-04
8.4726e+05, 2.0629e-04
8.4760e+05, 1.7372e-04
8.4801e+05, 1.4357e-04
8.4842e+05, 1.2031e-04
8.4924e+05, 8.8170e-05
8.5007e+05, 6.7873e-05
8.5089e+05, 5.3926e-05
8.5184e+05, 4.3130e-05
8.5279e+05, 3.5640e-05
8.5469e+05, 2.6279e-05
8.5659e+05, 2.0784e-05
8.5849e+05, 1.7362e-05
8.6356e+05, 1.2869e-05
8.6863e+05, 1.1372e-05
8.7268e+05, 1.2733e-05
8.7471e+05, 1.6965e-05
8.7572e+05, 2.3149e-05
8.7623e+05, 2.9397e-05
8.7674e+05, 4.0929e-05
8.7719e+05, 6.1950e-05
8.7741e+05, 8.0358e-05
8.7764e+05, 1.1182e-04
8.7787e+05, 1.6336e-04
8.7798e+05, 2.0842e-04
8.7809e+05, 2.7660e-04
8.7820e+05, 3.8728e-04
8.7832e+05, 5.8405e-04
8.7843e+05, 9.5039e-04
8.7849e+05, 1.2979e-03
8.7854e+05, 1.8782e-03
8.7860e+05, 2.9608e-03
8.7863e+05, 3.8875e-03
8.7865e+05, 5.3079e-03
8.7867e+05, 6.3134e-03
8.7868e+05, 7.5895e-03
8.7870e+05, 9.2358e-03
8.7871e+05, 1.1314e-02
8.7872e+05, 1.3923e-02
8.7874e+05, 1.7047e-02
8.7876e+05, 2.4492e-02
8.7878e+05, 2.8282e-02
8.7879e+05, 3.1477e-02
8.7881e+05, 3.3627e-02
8.7882e+05, 3.4374e-02
8.7883e+05, 3.3493e-02
8.7885e+05, 3.1091e-02
8.7886e+05, 2.7578e-02
8.7888e+05, 2.3564e-02
8.7891e+05, 1.5872e-02
8.7892e+05, 1.2761e-02
8.7894e+05, 1.0268e-02
8.7895e+05, 8.4447e-03
8.7896e+05, 7.0175e-03
8.7898e+05, 5.8865e-03
8.7899e+05, 4.9994e-03
8.7902e+05, 3.7174e-03
8.7904e+05, 2.8710e-03
8.7910e+05, 1.8632e-03
8.7915e+05, 1.3063e-03
8.7921e+05, 9.6476e-04
8.7926e+05, 7.4529e-04
8.7937e+05, 4.8576e-04
8.7947e+05, 3.3960e-04
8.7958e+05, 2.5181e-04
8.7980e+05, 1.5873e-04
8.8001e+05, 1.0819e-04
8.8023e+05, 7.9461e-05
8.8044e+05, 6.1675e-05
8.8066e+05, 5.0927e-05
8.8109e+05, 3.5789e-05
8.8195e+05, 2.2473e-05
8.8281e+05, 1.6596e-05
8.8386e+05, 1.3333e-05
8.8492e+05, 1.1450e-05
8.8703e+05, 9.5025e-06
8.9126e+05, 8.0466e-06
8.9971e+05, 7.1083e-06
9.1662e+05, 6.4262e-06
9.4178e+05, 6.1038e-06
9.5829e+05, 6.3230e-06
9.6655e+05, 7.1662e-06
9.7068e+05, 8.7669e-06
9.7274e+05, 1.0839e-05
9.7377e+05, 1.2609e-05
9.7481e+05, 1.5666e-05
9.7549e+05, 1.9154e-05
9.7618e+05, 2.4946e-05
9.7687e+05, 3.5518e-05
9.7721e+05, 4.2467e-05
9.7756e+05, 5.4185e-05
9.7799e+05, 7.8879e-05
9.7842e+05, 1.2901e-04
9.7863e+05, 1.7547e-04
9.7885e+05, 2.4906e-04
9.7906e+05, 3.8660e-04
9.7917e+05, 4.9999e-04
9.7928e+05, 6.6294e-04
9.7935e+05, 8.0756e-04
9.7941e+05, 9.9626e-04
9.7948e+05, 1.2416e-03
9.7955e+05, 1.5537e-03
9.7962e+05, 1.9312e-03
9.7968e+05, 2.3297e-03
9.7975e+05, 2.6671e-03
9.7979e+05, 2.7740e-03
9.7982e+05, 2.8194e-03
9.7986e+05, 2.7929e-03
9.7989e+05, 2.6967e-03
9.7993e+05, 2.5456e-03
9.8000e+05, 2.1559e-03
9.8014e+05, 1.3683e-03
9.8021e+05, 1.0792e-03
9.8028e+05, 8.6185e-04
9.8036e+05, 6.9884e-04
9.8043e+05, 5.7474e-04
9.8058e+05, 3.9158e-04
9.8074e+05, 2.8210e-04
9.8089e+05, 2.1284e-04
9.8105e+05, 1.6644e-04
9.8136e+05, 1.0965e-04
9.8167e+05, 7.8231e-05
9.8196e+05, 6.0109e-05
9.8225e+05, 4.8125e-05
9.8283e+05, 3.3392e-05
9.8342e+05, 2.5393e-05
9.8400e+05, 2.0198e-05
9.8516e+05, 1.4488e-05
9.8633e+05, 1.1592e-05
9.8804e+05, 9.4203e-06
9.8975e+05, 8.2103e-06
9.9316e+05, 7.0627e-06
1.0000e+06, 6.2369e-06
1.0224e+06, 5.8066e-06
1.0728e+06, 6.4459e-06
1.0980e+06, 7.6255e-06
1.1232e+06, 1.0707e-05
1.1386e+06, 1.5838e-05
1.1463e+06, 2.1166e-05
1.1540e+06, 3.1254e-05
1.1575e+06, 3.9302e-05
1.1610e+06, 5.1378e-05
1.1645e+06, 7.1454e-05
1.1680e+06, 1.0663e-04
1.1699e+06, 1.3783e-04
1.1717e+06, 1.8509e-04
1.1736e+06, 2.6135e-04
1.1745e+06, 3.1858e-04
1.1754e+06, 3.9434e-04
1.1764e+06, 5.1245e-04
1.1774e+06, 6.8550e-04
1.1784e+06, 9.4566e-04
1.1789e+06, 1.1142e-03
1.1792e+06, 1.2129e-03
1.1794e+06, 1.3189e-03
1.1796e+06, 1.4027e-03
1.1798e+06, 1.4907e-03
1.1800e+06, 1.5823e-03
1.1802e+06, 1.6768e-03
1.1803e+06, 1.7432e-03
1.1804e+06, 1.8095e-03
1.1805e+06, 1.8756e-03
1.1807e+06, 1.9409e-03
1.1808e+06, 2.0052e-03
1.1809e+06, 2.0669e-03
1.1811e+06, 2.1255e-03
1.1812e+06, 2.1799e-03
1.1813e+06, 2.2304e-03
1.1814e+06, 2.2747e-03
1.1816e+06, 2.3121e-03
1.1817e+06, 2.3429e-03
1.1819e+06, 2.3800e-03
1.1822e+06, 2.3827e-03
1.1828e+06, 2.2681e-03
1.1833e+06, 2.0420e-03
1.1836e+06, 1.9020e-03
1.1839e+06, 1.7583e-03
1.1844e+06, 1.4764e-03
1.1850e+06, 1.2281e-03
1.1855e+06, 1.0200e-03
1.1861e+06, 8.4933e-04
1.1866e+06, 7.1287e-04
1.1877e+06, 5.2468e-04
1.1888e+06, 3.9878e-04
1.1909e+06, 2.5093e-04
1.1930e+06, 1.7109e-04
1.1951e+06, 1.2483e-04
1.1978e+06, 8.9996e-05
1.2005e+06, 6.9697e-05
1.2032e+06, 5.7901e-05
1.2060e+06, 5.2344e-05
1.2070e+06, 5.1909e-05
1.2079e+06, 5.2507e-05
1.2108e+06, 6.3775e-05
1.2122e+06, 8.0983e-05
1.2136e+06, 1.1993e-04
1.2142e+06, 1.4901e-04
1.2148e+06, 1.9410e-04
1.2153e+06, 2.6781e-04
1.2156e+06, 3.2253e-04
1.2159e+06, 3.9714e-04
1.2161e+06, 4.6111e-04
1.2162e+06, 5.4024e-04
1.2164e+06, 6.4009e-04
1.2166e+06, 7.6456e-04
1.2168e+06, 9.2087e-04
1.2170e+06, 1.1107e-03
1.2173e+06, 1.5718e-03
1.2176e+06, 1.8367e-03
1.2177e+06, 1.9173e-03
1.2178e+06, 1.9449e-03
1.2179e+06, 1.9286e-03
1.2180e+06, 1.8831e-03
1.2181e+06, 1.7231e-03
1.2185e+06, 1.2864e-03
1.2187e+06, 1.0806e-03
1.2188e+06, 9.0547e-04
1.2190e+06, 7.6089e-04
1.2192e+06, 6.4331e-04
1.2194e+06, 5.2687e-04
1.2196e+06, 4.3740e-04
1.2198e+06, 3.6831e-04
1.2200e+06, 3.1410e-04
1.2205e+06, 2.3590e-04
1.2209e+06, 1.8416e-04
1.2213e+06, 1.4834e-04
1.2218e+06, 1.2272e-04
1.2226e+06, 8.9403e-05
1.2235e+06, 6.9248e-05
1.2243e+06, 5.6153e-05
1.2256e+06, 4.4056e-05
1.2268e+06, 3.6443e-05
1.2293e+06, 2.7299e-05
1.2342e+06, 1.9081e-05
1.2390e+06, 1.5537e-05
1.2437e+06, 1.3594e-05
1.2531e+06, 1.1986e-05
1.2592e+06, 1.2591e-05
1.2622e+06, 1.3752e-05
1.2652e+06, 1.6487e-05
1.2669e+06, 1.9616e-05
1.2685e+06, 2.5480e-05
1.2702e+06, 3.8013e-05
1.2710e+06, 5.0435e-05
1.2719e+06, 7.1988e-05
1.2723e+06, 9.3174e-05
1.2728e+06, 1.2604e-04
1.2731e+06, 1.4931e-04
1.2733e+06, 1.7916e-04
1.2735e+06, 2.1745e-04
1.2738e+06, 2.6731e-04
1.2739e+06, 3.0701e-04
1.2741e+06, 3.5285e-04
1.2744e+06, 4.5664e-04
1.2747e+06, 5.5792e-04
1.2749e+06, 5.9115e-04
1.2750e+06, 6.0395e-04
1.2752e+06, 5.9580e-04
1.2753e+06, 5.6728e-04
1.2755e+06, 5.2354e-04
1.2758e+06, 4.2048e-04
1.2761e+06, 3.2197e-04
1.2764e+06, 2.4599e-04
1.2767e+06, 1.9091e-04
1.2770e+06, 1.5084e-04
1.2773e+06, 1.2198e-04
1.2776e+06, 1.0055e-04
1.2780e+06, 8.0139e-05
1.2784e+06, 6.5672e-05
1.2792e+06, 4.7261e-05
1.2800e+06, 3.6438e-05
1.2809e+06, 2.9633e-05
1.2833e+06, 1.9686e-05
1.2857e+06, 1.5831e-05
1.2905e+06, 1.3798e-05
1.2950e+06, 1.6636e-05
1.2972e+06, 2.2586e-05
1.2983e+06, 3.0914e-05
1.2994e+06, 5.0840e-05
1.2999e+06, 7.4340e-05
1.3002e+06, 9.2590e-05
1.3005e+06, 1.2172e-04
1.3007e+06, 1.7159e-04
1.3010e+06, 2.6203e-04
1.3011e+06, 3.3534e-04
1.3012e+06, 4.5174e-04
1.3014e+06, 6.4320e-04
1.3015e+06, 9.7863e-04
1.3015e+06, 1.1808e-03
1.3016e+06, 1.4513e-03
1.3016e+06, 1.8207e-03
1.3017e+06, 2.3351e-03
1.3017e+06, 3.0630e-03
1.3018e+06, 3.5482e-03
1.3018e+06, 4.1052e-03
1.3018e+06, 4.7927e-03
1.3018e+06, 5.5600e-03
1.3019e+06, 7.3500e-03
1.3019e+06, 9.4198e-03
1.3020e+06, 1.0089e-02
1.3020e+06, 1.0299e-02
1.3020e+06, 1.0157e-02
1.3020e+06, 9.7867e-03
1.3021e+06, 9.2292e-03
1.3021e+06, 8.5397e-03
1.3022e+06, 5.5264e-03
1.3022e+06, 4.3120e-03
1.3022e+06, 3.3778e-03
1.3023e+06, 2.6802e-03
1.3023e+06, 2.1736e-03
1.3024e+06, 1.8094e-03
1.3024e+06, 1.5331e-03
1.3025e+06, 1.1338e-03
1.3025e+06, 8.6569e-04
1.3026e+06, 6.8428e-04
1.3028e+06, 4.6214e-04
1.3029e+06, 3.3076e-04
1.3030e+06, 2.4936e-04
1.3032e+06, 1.9587e-04
1.3035e+06, 1.3244e-04
1.3038e+06, 9.0419e-05
1.3042e+06, 6.7288e-05
1.3049e+06, 4.5113e-05
1.3057e+06, 3.6131e-05
1.3064e+06, 3.1151e-05
1.3072e+06, 3.1242e-05
1.3080e+06, 3.4795e-05
1.3084e+06, 4.0131e-05
1.3088e+06, 4.9960e-05
1.3092e+06, 6.5613e-05
1.3096e+06, 1.0102e-04
1.3098e+06, 1.4543e-04
1.3099e+06, 1.8087e-04
1.3101e+06, 2.3492e-04
1.3102e+06, 3.1726e-04
1.3103e+06, 4.5957e-04
1.3104e+06, 5.6992e-04
1.3104e+06, 7.2270e-04
1.3105e+06, 9.4143e-04
1.3105e+06, 1.0877e-03
1.3105e+06, 1.2669e-03
1.3106e+06, 1.5445e-03
1.3106e+06, 1.8876e-03
1.3106e+06, 2.3260e-03
1.3107e+06, 2.8308e-03
1.3108e+06, 3.8971e-03
1.3108e+06, 4.2522e-03
1.3108e+06, 4.3400e-03
1.3108e+06, 4.3568e-03
1.3108e+06, 4.2853e-03
1.3109e+06, 4.0940e-03
1.3109e+06, 3.8244e-03
1.3109e+06, 3.1527e-03
1.3110e+06, 2.4764e-03
1.3110e+06, 1.9113e-03
1.3111e+06, 1.4737e-03
1.3111e+06, 1.1589e-03
1.3112e+06, 9.2659e-04
1.3112e+06, 7.5372e-04
1.3113e+06, 5.6827e-04
1.3114e+06, 4.4562e-04
1.3114e+06, 3.5843e-04
1.3115e+06, 2.9448e-04
1.3116e+06, 2.0927e-04
1.3118e+06, 1.5780e-04
1.3120e+06, 1.0198e-04
1.3123e+06, 7.2478e-05
1.3126e+06, 5.4723e-05
1.3129e+06, 4.3970e-05
1.3135e+06, 3.2326e-05
1.3141e+06, 2.6215e-05
1.3147e+06, 2.2831e-05
1.3172e+06, 1.7966e-05
1.3187e+06, 1.7364e-05
1.3233e+06, 1.9240e-05
1.3280e+06, 2.6377e-05
1.3303e+06, 3.4486e-05
1.3314e+06, 4.1371e-05
1.3326e+06, 5.1335e-05
1.3336e+06, 6.4741e-05
1.3346e+06, 8.5609e-05
1.3351e+06, 1.0079e-04
1.3356e+06, 1.2017e-04
1.3361e+06, 1.4509e-04
1.3366e+06, 1.7671e-04
1.3376e+06, 2.5763e-04
1.3381e+06, 2.9179e-04
1.3383e+06, 3.0186e-04
1.3386e+06, 3.0508e-04
1.3388e+06, 3.0164e-04
1.3390e+06, 2.9325e-04
1.3395e+06, 2.6588e-04
1.3403e+06, 1.9680e-04
1.3408e+06, 1.6723e-04
1.3412e+06, 1.4301e-04
1.3417e+06, 1.2417e-04
1.3421e+06, 1.0935e-04
1.3427e+06, 9.4642e-05
1.3433e+06, 8.4475e-05
1.3439e+06, 7.7534e-05
1.3445e+06, 7.2947e-05
1.3454e+06, 6.9455e-05
1.3463e+06, 6.8661e-05
1.3472e+06, 7.0460e-05
1.3482e+06, 7.4222e-05
1.3491e+06, 8.0077e-05
1.3500e+06, 8.7751e-05
1.3509e+06, 9.7243e-05
1.3519e+06, 1.0806e-04
1.3528e+06, 1.1950e-04
1.3537e+06, 1.3031e-04
1.3549e+06, 1.3965e-04
1.3560e+06, 1.4261e-04
1.3568e+06, 1.3983e-04
1.3575e+06, 1.3389e-04
1.3582e+06, 1.2644e-04
1.3589e+06, 1.1798e-04
1.3603e+06, 1.0079e-04
1.3631e+06, 7.3688e-05
1.3645e+06, 6.5033e-05
1.3659e+06, 5.8984e-05
1.3673e+06, 5.4911e-05
1.3687e+06, 5.2441e-05
1.3709e+06, 5.1233e-05
1.3723e+06, 5.1770e-05
1.3737e+06, 5.3024e-05
1.3765e+06, 5.6991e-05
1.3820e+06, 6.3566e-05
1.3836e+06, 6.3483e-05
1.3852e+06, 6.2383e-05
1.3876e+06, 5.9698e-05
1.3900e+06, 5.7573e-05
1.3934e+06, 6.2600e-05
1.3951e+06, 7.5272e-05
1.3959e+06, 8.8448e-05
1.3968e+06, 1.1101e-04
1.3979e+06, 1.7199e-04
1.3984e+06, 2.3254e-04
1.3990e+06, 3.3776e-04
1.3993e+06, 4.3739e-04
1.3996e+06, 5.8494e-04
1.3998e+06, 6.8434e-04
1.4000e+06, 8.0431e-04
1.4001e+06, 9.4851e-04
1.4003e+06, 1.1141e-03
1.4006e+06, 1.5036e-03
1.4008e+06, 1.6432e-03
1.4010e+06, 1.6893e-03
1.4011e+06, 1.6668e-03
1.4012e+06, 1.6127e-03
1.4014e+06, 1.4367e-03
1.4018e+06, 1.0078e-03
1.4020e+06, 8.2597e-04
1.4022e+06, 6.7895e-04
1.4024e+06, 5.6163e-04
1.4026e+06, 4.6986e-04
1.4028e+06, 3.8654e-04
1.4030e+06, 3.2284e-04
1.4035e+06, 2.3529e-04
1.4039e+06, 1.8018e-04
1.4044e+06, 1.4387e-04
1.4053e+06, 1.0070e-04
1.4062e+06, 7.8090e-05
1.4081e+06, 6.1434e-05
1.4089e+06, 6.3894e-05
1.4097e+06, 7.8099e-05
1.4101e+06, 9.5459e-05
1.4105e+06, 1.2836e-04
1.4109e+06, 2.0031e-04
1.4111e+06, 2.7168e-04
1.4113e+06, 3.9493e-04
1.4115e+06, 5.4956e-04
1.4115e+06, 6.6161e-04
1.4116e+06, 8.0570e-04
1.4117e+06, 9.9130e-04
1.4117e+06, 1.1045e-03
1.4117e+06, 1.2273e-03
1.4118e+06, 1.3658e-03
1.4118e+06, 1.5099e-03
1.4119e+06, 1.8092e-03
1.4120e+06, 2.0888e-03
1.4121e+06, 2.1942e-03
1.4121e+06, 2.1123e-03
1.4122e+06, 1.9208e-03
1.4122e+06, 1.7311e-03
1.4123e+06, 1.5317e-03
1.4124e+06, 1.1709e-03
1.4126e+06, 6.8022e-04
1.4127e+06, 5.3162e-04
1.4128e+06, 4.2584e-04
1.4129e+06, 2.8976e-04
1.4131e+06, 2.1031e-04
1.4133e+06, 1.6185e-04
1.4137e+06, 1.0657e-04
1.4141e+06, 7.8025e-05
1.4145e+06, 6.1488e-05
1.4151e+06, 4.6679e-05
1.4157e+06, 3.8084e-05
1.4169e+06, 2.8813e-05
1.4193e+06, 2.1017e-05
1.4244e+06, 1.5109e-05
1.4295e+06, 1.2629e-05
1.4398e+06, 1.0351e-05
1.4507e+06, 9.4329e-06
1.4617e+06, 9.2227e-06
1.4808e+06, 9.9838e-06
1.4904e+06, 1.0910e-05
1.4952e+06, 1.1578e-05
1.4976e+06, 1.1912e-05
1.4988e+06, 1.2079e-05
1.4994e+06, 1.2163e-05
1.4997e+06, 1.2205e-05
1.4998e+06, 1.2222e-05
1.4998e+06, 1.2379e-05
1.4999e+06, 1.4329e-05
1.4999e+06, 1.8775e-05
1.4999e+06, 2.3532e-05
1.4999e+06, 3.0162e-05
1.4999e+06, 4.1203e-05
1.4999e+06, 5.5557e-05
1.4999e+06, 1.0150e-04
1.4999e+06, 1.8287e-04
1.5000e+06, 2.9618e-04
1.5000e+06, 1.2000e-03
1.6000e+06, 1.2000e-03
1.7000e+06, 1.2000e-03
1.7500e+06, 1.2000e-03
1.7508e+06, 1.2000e-03
1.7523e+06, 1.2000e-03
1.7539e+06, 1.2000e-03
1.7555e+06, 1.2000e-03
1.7571e+06, 1.2000e-03
1.7587e+06, 1.2000e-03
1.7603e+06, 1.2000e-03
1.7619e+06, 1.2000e-03
1.7636e+06, 1.2000e-03
1.7652e+06, 1.2000e-03
1.7668e+06, 1.2000e-03
1.7684e+06, 1.2000e-03
1.7700e+06, 1.2000e-03
1.7716e+06, 1.2000e-03
1.7732e+06, 1.2000e-03
1.7749e+06, 1.2000e-03
1.7765e+06, 1.2000e-03
1.7781e+06, 1.2000e-03
1.7798e+06, 1.2000e-03
1.7814e+06, 1.2000e-03
1.7824e+06, 1.2000e-03
1.7827e+06, 1.2000e-03
1.7830e+06, 1.2000e-03
1.7834e+06, 1.2000e-03
1.7837e+06, 1.2000e-03
1.7840e+06, 1.2000e-03
1.7843e+06, 1.2000e-03
1.7847e+06, 1.2000e-03
1.7850e+06, 1.2000e-03
1.7853e+06, 1.2000e-03
1.7856e+06, 1.2000e-03
1.7860e+06, 1.2000e-03
1.7863e+06, 1.2000e-03
1.7866e+06, 1.2000e-03
1.7870e+06, 1.2000e-03
1.7873e+06, 1.2000e-03
1.7876e+06, 1.2000e-03
1.7879e+06, 1.2000e-03
1.7886e+06, 1.2000e-03
1.7896e+06, 1.2000e-03
1.7906e+06, 1.2000e-03
1.7916e+06, 1.2000e-03
1.7926e+06, 1.2000e-03
1.7935e+06, 1.2000e-03
1.7945e+06, 1.2000e-03
1.7955e+06, 1.2000e-03
1.7965e+06, 1.2000e-03
1.7975e+06, 1.2000e-03
1.7985e+06, 1.2000e-03
1.7995e+06, 1.2000e-03
1.8005e+06, 1.2000e-03
1.8015e+06, 1.2000e-03
1.8022e+06, 1.2000e-03
1.8025e+06, 1.2000e-03
1.8028e+06, 1.2000e-03
1.8032e+06, 1.2000e-03
1.8035e+06, 1.2000e-03
1.8038e+06, 1.2000e-03
1.8042e+06, 1.2000e-03
1.8045e+06, 1.2000e-03
1.8048e+06, 1.2000e-03
1.8052e+06, 1.2000e-03
1.8055e+06, 1.2000e-03
1.8058e+06, 1.2000e-03
1.8062e+06, 1.2000e-03
1.8065e+06, 1.2000e-03
1.8068e+06, 1.2000e-03
1.8072e+06, 1.2000e-03
1.8075e+06, 1.2000e-03
1.8078e+06, 1.2000e-03
1.8082e+06, 1.2000e-03
1.8085e+06, 1.2000e-03
1.8093e+06, 1.2000e-03
1.8107e+06, 1.2000e-03
1.8120e+06, 1.2000e-03
1.8133e+06, 1.2000e-03
1.8147e+06, 1.2000e-03
1.8160e+06, 1.2000e-03
1.8174e+06, 1.2000e-03
1.8187e+06, 1.2000e-03
1.8201e+06, 1.2000e-03
1.8214e+06, 1.2000e-03
1.8228e+06, 1.2000e-03
1.8241e+06, 1.2000e-03
1.8255e+06, 1.2000e-03
1.8270e+06, 1.2000e-03
1.8287e+06, 1.2000e-03
1.8304e+06, 1.2000e-03
1.8321e+06, 1.2000e-03
1.8338e+06, 1.2000e-03
1.8352e+06, 1.2000e-03
1.8362e+06, 1.2000e-03
1.8372e+06, 1.2000e-03
1.8383e+06, 1.2000e-03
1.8393e+06, 1.2000e-03
1.8403e+06, 1.2000e-03
1.8414e+06, 1.2000e-03
1.8424e+06, 1.2000e-03
1.8434e+06, 1.2000e-03
1.8444e+06, 1.2000e-03
1.8455e+06, 1.2000e-03
1.8465e+06, 1.2000e-03
1.8476e+06, 1.2000e-03
1.8486e+06, 1.2000e-03
1.8496e+06, 1.2000e-03
1.8507e+06, 1.2000e-03
1.8517e+06, 1.2000e-03
1.8527e+06, 1.2000e-03
1.8538e+06, 1.2000e-03
1.8548e+06, 1.2000e-03
1.8559e+06, 1.2000e-03
1.8569e+06, 1.2000e-03
1.8580e+06, 1.2000e-03
1.8590e+06, 1.2000e-03
1.8600e+06, 1.2000e-03
1.8611e+06, 1.2000e-03
1.8621e+06, 1.2000e-03
1.8635e+06, 1.2000e-03
1.8653e+06, 1.2000e-03
1.8670e+06, 1.2000e-03
1.8688e+06, 1.2000e-03
1.8705e+06, 1.2000e-03
1.8723e+06, 1.2000e-03
1.8741e+06, 1.2000e-03
1.8758e+06, 1.2000e-03
1.8776e+06, 1.2000e-03
1.8794e+06, 1.2000e-03
1.8811e+06, 1.2000e-03
1.8829e+06, 1.2000e-03
1.8847e+06, 1.2000e-03
1.8865e+06, 1.2000e-03
1.8882e+06, 1.2000e-03
1.8900e+06, 1.2000e-03
1.8918e+06, 1.2000e-03
1.8936e+06, 1.2000e-03
1.8954e+06, 1.2000e-03
1.8972e+06, 1.2000e-03
1.8990e+06, 1.2000e-03
1.9008e+06, 1.2000e-03
1.9022e+06, 1.2000e-03
1.9033e+06, 1.2000e-03
1.9044e+06, 1.2000e-03
1.9055e+06, 1.2000e-03
1.9066e+06, 1.2000e-03
1.9076e+06, 1.2000e-03
1.9087e+06, 1.2000e-03
1.9098e+06, 1.2000e-03
1.9109e+06, 1.2000e-03
1.9120e+06, 1.2000e-03
1.9131e+06, 1.2000e-03
1.9144e+06, 1.2000e-03
1.9158e+06, 1.2000e-03
1.9173e+06, 1.2000e-03
1.9187e+06, 1.2000e-03
1.9202e+06, 1.2000e-03
1.9217e+06, 1.2000e-03
1.9231e+06, 1.2000e-03
1.9246e+06, 1.2000e-03
1.9257e+06, 1.2000e-03
1.9264e+06, 1.2000e-03
1.9272e+06, 1.2000e-03
1.9279e+06, 1.2000e-03
1.9286e+06, 1.2000e-03
1.9294e+06, 1.2000e-03
1.9301e+06, 1.2000e-03
1.9309e+06, 1.2000e-03
1.9316e+06, 1.2000e-03
1.9323e+06, 1.2000e-03
1.9331e+06, 1.2000e-03
1.9338e+06, 1.2000e-03
1.9351e+06, 1.2000e-03
1.9370e+06, 1.2000e-03
1.9388e+06, 1.2000e-03
1.9407e+06, 1.2000e-03
1.9425e+06, 1.2000e-03
1.9444e+06, 1.2000e-03
1.9462e+06, 1.2000e-03
1.9481e+06, 1.2000e-03
1.9500e+06, 1.2000e-03
1.9519e+06, 1.2000e-03
1.9537e+06, 1.2000e-03
1.9556e+06, 1.2000e-03
1.9575e+06, 1.2000e-03
1.9594e+06, 1.2000e-03
1.9611e+06, 1.2000e-03
1.9626e+06, 1.2000e-03
1.9641e+06, 1.2000e-03
1.9656e+06, 1.2000e-03
1.9671e+06, 1.2000e-03
1.9686e+06, 1.2000e-03
1.9702e+06, 1.2000e-03
1.9717e+06, 1.2000e-03
1.9732e+06, 1.2000e-03
1.9747e+06, 1.2000e-03
1.9763e+06, 1.2000e-03
1.9778e+06, 1.2000e-03
1.9793e+06, 1.2000e-03
1.9809e+06, 1.2000e-03
1.9824e+06, 1.2000e-03
1.9839e+06, 1.2000e-03
1.9855e+06, 1.2000e-03
1.9866e+06, 1.2000e-03
1.9874e+06, 1.2000e-03
1.9882e+06, 1.2000e-03
1.9889e+06, 1.2000e-03
1.9897e+06, 1.2000e-03
1.9905e+06, 1.2000e-03
1.9912e+06, 1.2000e-03
1.9920e+06, 1.2000e-03
1.9928e+06, 1.2000e-03
1.9936e+06, 1.2000e-03
1.9943e+06, 1.2000e-03
1.9951e+06, 1.2000e-03
1.9959e+06, 1.2000e-03
1.9972e+06, 1.2000e-03
1.9992e+06, 1.2000e-03
2.0000e+06, 1.2000e-03
2.0011e+06, 1.1990e-03
2.0031e+06, 1.1972e-03
2.0050e+06, 1.1955e-03
2.0070e+06, 1.1937e-03
2.0089e+06, 1.1919e-03
2.0109e+06, 1.1902e-03
2.0128e+06, 1.1884e-03
2.0148e+06, 1.1867e-03
2.0168e+06, 1.1849e-03
2.0188e+06, 1.1832e-03
2.0207e+06, 1.1814e-03
2.0227e+06, 1.1797e-03
2.0247e+06, 1.1780e-03
2.0267e+06, 1.1762e-03
2.0286e+06, 1.1745e-03
2.0306e+06, 1.1727e-03
2.0326e+06, 1.1710e-03
2.0346e+06, 1.1693e-03
2.0366e+06, 1.1675e-03
2.0380e+06, 1.1663e-03
2.0388e+06, 1.1656e-03
2.0396e+06, 1.1649e-03
2.0404e+06, 1.1642e-03
2.0412e+06, 1.1635e-03
2.0420e+06, 1.1629e-03
2.0428e+06, 1.1622e-03
2.0436e+06, 1.1615e-03
2.0444e+06, 1.1608e-03
2.0452e+06, 1.1601e-03
2.0464e+06, 1.1591e-03
2.0480e+06, 1.1577e-03
2.0497e+06, 1.1563e-03
2.0513e+06, 1.1549e-03
2.0529e+06, 1.1536e-03
2.0545e+06, 1.1522e-03
2.0561e+06, 1.1508e-03
2.0574e+06, 1.1498e-03
2.0582e+06, 1.1491e-03
2.0590e+06, 1.1484e-03
2.0598e+06, 1.1477e-03
2.0606e+06, 1.1470e-03
2.0614e+06, 1.1464e-03
2.0622e+06, 1.1457e-03
2.0630e+06, 1.1450e-03
2.0638e+06, 1.1443e-03
2.0647e+06, 1.1436e-03
2.0655e+06, 1.1429e-03
2.0663e+06, 1.1423e-03
2.0675e+06, 1.1412e-03
2.0692e+06, 1.1399e-03
2.0708e+06, 1.1385e-03
2.0724e+06, 1.1371e-03
2.0741e+06, 1.1358e-03
2.0757e+06, 1.1344e-03
2.0774e+06, 1.1331e-03
2.0790e+06, 1.1317e-03
2.0802e+06, 1.1307e-03
2.0811e+06, 1.1300e-03
2.0819e+06, 1.1293e-03
2.0827e+06, 1.1287e-03
2.0836e+06, 1.1280e-03
2.0844e+06, 1.1273e-03
2.0852e+06, 1.1266e-03
2.0860e+06, 1.1260e-03
2.0869e+06, 1.1253e-03
2.0877e+06, 1.1246e-03
2.0885e+06, 1.1239e-03
2.0894e+06, 1.1232e-03
2.0902e+06, 1.1226e-03
2.0910e+06, 1.1219e-03
2.0918e+06, 1.1212e-03
2.0927e+06, 1.1206e-03
2.0935e+06, 1.1199e-03
2.0944e+06, 1.1192e-03
2.0952e+06, 1.1185e-03
2.0960e+06, 1.1179e-03
2.0973e+06, 1.1169e-03
2.0989e+06, 1.1155e-03
2.1006e+06, 1.1142e-03
2.1023e+06, 1.1128e-03
2.1040e+06, 1.1115e-03
2.1056e+06, 1.1101e-03
2.1073e+06, 1.1088e-03
2.1090e+06, 1.1075e-03
2.1103e+06, 1.1065e-03
2.1111e+06, 1.1058e-03
2.1120e+06, 1.1051e-03
2.1128e+06, 1.1045e-03
2.1136e+06, 1.1038e-03
2.1145e+06, 1.1031e-03
2.1153e+06, 1.1025e-03
2.1162e+06, 1.1018e-03
2.1170e+06, 1.1011e-03
2.1179e+06, 1.1005e-03
2.1187e+06, 1.0998e-03
2.1196e+06, 1.0991e-03
2.1204e+06, 1.0985e-03
2.1213e+06, 1.0978e-03
2.1221e+06, 1.0971e-03
2.1230e+06, 1.0965e-03
2.1238e+06, 1.0958e-03
2.1247e+06, 1.0951e-03
2.1257e+06, 1.0943e-03
2.1270e+06, 1.0933e-03
2.1283e+06, 1.0923e-03
2.1300e+06, 1.0910e-03
2.1321e+06, 1.0893e-03
2.1343e+06, 1.0877e-03
2.1364e+06, 1.0860e-03
2.1386e+06, 1.0844e-03
2.1407e+06, 1.0827e-03
2.1429e+06, 1.0811e-03
2.1450e+06, 1.0795e-03
2.1472e+06, 1.0778e-03
2.1494e+06, 1.0762e-03
2.1515e+06, 1.0745e-03
2.1537e+06, 1.0729e-03
2.1559e+06, 1.0713e-03
2.1580e+06, 1.0696e-03
2.1602e+06, 1.0680e-03
2.1624e+06, 1.0664e-03
2.1646e+06, 1.0647e-03
2.1664e+06, 1.0634e-03
2.1677e+06, 1.0625e-03
2.1690e+06, 1.0615e-03
2.1703e+06, 1.0605e-03
2.1716e+06, 1.0595e-03
2.1730e+06, 1.0586e-03
2.1743e+06, 1.0576e-03
2.1756e+06, 1.0566e-03
2.1769e+06, 1.0556e-03
2.1782e+06, 1.0547e-03
2.1796e+06, 1.0537e-03
2.1813e+06, 1.0524e-03
2.1836e+06, 1.0508e-03
2.1858e+06, 1.0492e-03
2.1880e+06, 1.0476e-03
2.1902e+06, 1.0460e-03
2.1924e+06, 1.0444e-03
2.1947e+06, 1.0427e-03
2.1969e+06, 1.0411e-03
2.1992e+06, 1.0395e-03
2.2014e+06, 1.0379e-03
2.2036e+06, 1.0363e-03
2.2059e+06, 1.0347e-03
2.2082e+06, 1.0331e-03
2.2104e+06, 1.0315e-03
2.2127e+06, 1.0300e-03
2.2149e+06, 1.0284e-03
2.2172e+06, 1.0268e-03
2.2190e+06, 1.0255e-03
2.2204e+06, 1.0245e-03
2.2218e+06, 1.0236e-03
2.2231e+06, 1.0226e-03
2.2245e+06, 1.0217e-03
2.2259e+06, 1.0207e-03
2.2272e+06, 1.0198e-03
2.2286e+06, 1.0188e-03
2.2300e+06, 1.0179e-03
2.2314e+06, 1.0169e-03
2.2327e+06, 1.0160e-03
2.2341e+06, 1.0151e-03
2.2355e+06, 1.0141e-03
2.2369e+06, 1.0132e-03
2.2382e+06, 1.0122e-03
2.2401e+06, 1.0110e-03
2.2424e+06, 1.0094e-03
2.2447e+06, 1.0078e-03
2.2470e+06, 1.0063e-03
2.2493e+06, 1.0047e-03
2.2516e+06, 1.0031e-03
2.2540e+06, 1.0016e-03
2.2563e+06, 9.9999e-04
2.2586e+06, 9.9843e-04
2.2610e+06, 9.9687e-04
2.2633e+06, 9.9532e-04
2.2656e+06, 9.9376e-04
2.2680e+06, 9.9221e-04
2.2703e+06, 9.9066e-04
2.2727e+06, 9.8910e-04
2.2750e+06, 9.8756e-04
2.2774e+06, 9.8601e-04
2.2798e+06, 9.8446e-04
2.2822e+06, 9.8292e-04
2.2845e+06, 9.8137e-04
2.2869e+06, 9.7984e-04
2.2893e+06, 9.7830e-04
2.2917e+06, 9.7675e-04
2.2940e+06, 9.7522e-04
2.2964e+06, 9.7369e-04
2.2988e+06, 9.7215e-04
2.3012e+06, 9.7062e-04
2.3036e+06, 9.6909e-04
2.3060e+06, 9.6757e-04
2.3084e+06, 9.6604e-04
2.3102e+06, 9.6493e-04
2.3102e+06, 9.6492e-04
2.3109e+06, 9.6451e-04
2.3133e+06, 9.6299e-04
2.3157e+06, 9.6147e-04
2.3181e+06, 9.5995e-04
2.3206e+06, 9.5843e-04
2.3230e+06, 9.5691e-04
2.3254e+06, 9.5540e-04
2.3278e+06, 9.5388e-04
2.3303e+06, 9.5237e-04
2.3327e+06, 9.5086e-04
2.3352e+06, 9.4935e-04
2.3374e+06, 9.4800e-04
2.3394e+06, 9.4679e-04
2.3413e+06, 9.4559e-04
2.3433e+06, 9.4438e-04
2.3453e+06, 9.4318e-04
2.3473e+06, 9.4198e-04
2.3492e+06, 9.4078e-04
2.3512e+06, 9.3958e-04
2.3532e+06, 9.3838e-04
2.3552e+06, 9.3719e-04
2.3572e+06, 9.3600e-04
2.3592e+06, 9.3480e-04
2.3612e+06, 9.3360e-04
2.3632e+06, 9.3242e-04
2.3652e+06, 9.3122e-04
2.3667e+06, 9.3033e-04
2.3677e+06, 9.2973e-04
2.3687e+06, 9.2914e-04
2.3697e+06, 9.2855e-04
2.3707e+06, 9.2795e-04
2.3717e+06, 9.2736e-04
2.3727e+06, 9.2676e-04
2.3737e+06, 9.2617e-04
2.3747e+06, 9.2557e-04
2.3757e+06, 9.2498e-04
2.3767e+06, 9.2439e-04
2.3777e+06, 9.2380e-04
2.3787e+06, 9.2320e-04
2.3797e+06, 9.2261e-04
2.3808e+06, 9.2202e-04
2.3818e+06, 9.2143e-04
2.3833e+06, 9.2054e-04
2.3853e+06, 9.1936e-04
2.3873e+06, 9.1818e-04
2.3894e+06, 9.1701e-04
2.3914e+06, 9.1582e-04
2.3934e+06, 9.1465e-04
2.3955e+06, 9.1347e-04
2.3975e+06, 9.1230e-04
2.3995e+06, 9.1112e-04
2.4016e+06, 9.0995e-04
2.4036e+06, 9.0877e-04
2.4057e+06, 9.0760e-04
2.4077e+06, 9.0644e-04
2.4098e+06, 9.0526e-04
2.4119e+06, 9.0409e-04
2.4139e+06, 9.0293e-04
2.4160e+06, 9.0176e-04
2.4180e+06, 9.0060e-04
2.4201e+06, 8.9943e-04
2.4222e+06, 8.9827e-04
2.4243e+06, 8.9711e-04
2.4263e+06, 8.9595e-04
2.4284e+06, 8.9479e-04
2.4305e+06, 8.9363e-04
2.4326e+06, 8.9247e-04
2.4347e+06, 8.9131e-04
2.4368e+06, 8.9016e-04
2.4389e+06, 8.8900e-04
2.4410e+06, 8.8785e-04
2.4431e+06, 8.8669e-04
2.4452e+06, 8.8554e-04
2.4473e+06, 8.8439e-04
2.4494e+06, 8.8324e-04
2.4515e+06, 8.8209e-04
2.4536e+06, 8.8095e-04
2.4557e+06, 8.7980e-04
2.4578e+06, 8.7865e-04
2.4600e+06, 8.7750e-04
2.4621e+06, 8.7636e-04
2.4642e+06, 8.7522e-04
2.4663e+06, 8.7407e-04
2.4685e+06, 8.7293e-04
2.4706e+06, 8.7180e-04
2.4727e+06, 8.7065e-04
2.4749e+06, 8.6952e-04
2.4770e+06, 8.6838e-04
2.4792e+06, 8.6724e-04
2.4813e+06, 8.6611e-04
2.4835e+06, 8.6497e-04
2.4856e+06, 8.6384e-04
2.4872e+06, 8.6299e-04
2.4883e+06, 8.6243e-04
2.4894e+06, 8.6186e-04
2.4905e+06, 8.6129e-04
2.4916e+06, 8.6073e-04
2.4926e+06, 8.6017e-04
2.4937e+06, 8.5960e-04
2.4948e+06, 8.5903e-04
2.4959e+06, 8.5847e-04
2.4970e+06, 8.5791e-04
2.4980e+06, 8.5735e-04
2.4991e+06, 8.5678e-04
2.5000e+06, 8.5633e-04
2.5002e+06, 8.5622e-04
2.5013e+06, 8.5566e-04
2.5024e+06, 8.5509e-04
2.5035e+06, 8.5453e-04
2.5046e+06, 8.5397e-04
2.5059e+06, 8.5327e-04
2.5076e+06, 8.5242e-04
2.5092e+06, 8.5158e-04
2.5109e+06, 8.5074e-04
2.5125e+06, 8.4990e-04
2.5142e+06, 8.4906e-04
2.5158e+06, 8.4822e-04
2.5174e+06, 8.4738e-04
2.5191e+06, 8.4654e-04
2.5207e+06, 8.4570e-04
2.5229e+06, 8.4459e-04
2.5257e+06, 8.4319e-04
2.5285e+06, 8.4180e-04
2.5312e+06, 8.4041e-04
2.5340e+06, 8.3902e-04
2.5368e+06, 8.3764e-04
2.5396e+06, 8.3625e-04
2.5423e+06, 8.3486e-04
2.5451e+06, 8.3348e-04
2.5479e+06, 8.3210e-04
2.5507e+06, 8.3072e-04
2.5535e+06, 8.2934e-04
2.5563e+06, 8.2796e-04
2.5592e+06, 8.2658e-04
2.5620e+06, 8.2521e-04
2.5648e+06, 8.2384e-04
2.5676e+06, 8.2247e-04
2.5704e+06, 8.2110e-04
2.5733e+06, 8.1973e-04
2.5761e+06, 8.1836e-04
2.5790e+06, 8.1700e-04
2.5818e+06, 8.1564e-04
2.5847e+06, 8.1427e-04
2.5875e+06, 8.1291e-04
2.5904e+06, 8.1156e-04
2.5933e+06, 8.1020e-04
2.5961e+06, 8.0884e-04
2.5990e+06, 8.0749e-04
2.6019e+06, 8.0613e-04
2.6042e+06, 8.0505e-04
2.6059e+06, 8.0425e-04
2.6077e+06, 8.0343e-04
2.6094e+06, 8.0262e-04
2.6112e+06, 8.0182e-04
2.6129e+06, 8.0101e-04
2.6146e+06, 8.0020e-04
2.6164e+06, 7.9939e-04
2.6181e+06, 7.9859e-04
2.6199e+06, 7.9778e-04
2.6216e+06, 7.9698e-04
2.6234e+06, 7.9617e-04
2.6251e+06, 7.9537e-04
2.6269e+06, 7.9456e-04
2.6286e+06, 7.9376e-04
2.6304e+06, 7.9296e-04
2.6322e+06, 7.9216e-04
2.6339e+06, 7.9135e-04
2.6357e+06, 7.9055e-04
2.6375e+06, 7.8975e-04
2.6392e+06, 7.8895e-04
2.6410e+06, 7.8815e-04
2.6428e+06, 7.8735e-04
2.6446e+06, 7.8656e-04
2.6463e+06, 7.8576e-04
2.6481e+06, 7.8496e-04
2.6499e+06, 7.8417e-04
2.6517e+06, 7.8337e-04
2.6534e+06, 7.8258e-04
2.6549e+06, 7.8191e-04
2.6561e+06, 7.8138e-04
2.6573e+06, 7.8085e-04
2.6585e+06, 7.8032e-04
2.6597e+06, 7.7979e-04
2.6609e+06, 7.7927e-04
2.6621e+06, 7.7874e-04
2.6633e+06, 7.7821e-04
2.6645e+06, 7.7768e-04
2.6657e+06, 7.7715e-04
2.6669e+06, 7.7662e-04
2.6681e+06, 7.7610e-04
2.6693e+06, 7.7557e-04
2.6708e+06, 7.7491e-04
2.6726e+06, 7.7412e-04
2.6744e+06, 7.7333e-04
2.6762e+06, 7.7254e-04
2.6780e+06, 7.7175e-04
2.6798e+06, 7.7097e-04
2.6816e+06, 7.7018e-04
2.6834e+06, 7.6939e-04
2.6852e+06, 7.6861e-04
2.6870e+06, 7.6782e-04
2.6889e+06, 7.6704e-04
2.6907e+06, 7.6625e-04
2.6925e+06, 7.6547e-04
2.6943e+06, 7.6469e-04
2.6962e+06, 7.6390e-04
2.6980e+06, 7.6312e-04
2.6998e+06, 7.6234e-04
2.7016e+06, 7.6156e-04
2.7035e+06, 7.6078e-04
2.7053e+06, 7.6000e-04
2.7072e+06, 7.5922e-04
2.7090e+06, 7.5844e-04
2.7108e+06, 7.5766e-04
2.7127e+06, 7.5688e-04
2.7145e+06, 7.5610e-04
2.7164e+06, 7.5533e-04
2.7182e+06, 7.5455e-04
2.7201e+06, 7.5378e-04
2.7219e+06, 7.5300e-04
2.7238e+06, 7.5222e-04
2.7256e+06, 7.5145e-04
2.7275e+06, 7.5068e-04
2.7293e+06, 7.4990e-04
2.7312e+06, 7.4913e-04
2.7331e+06, 7.4836e-04
2.7349e+06, 7.4759e-04
2.7368e+06, 7.4682e-04
2.7387e+06, 7.4604e-04
2.7405e+06, 7.4527e-04
2.7424e+06, 7.4451e-04
2.7443e+06, 7.4374e-04
2.7462e+06, 7.4297e-04
2.7480e+06, 7.4220e-04
2.7499e+06, 7.4143e-04
2.7500e+06, 7.4140e-04
2.7518e+06, 7.4067e-04
2.7540e+06, 7.3977e-04
2.7565e+06, 7.3875e-04
2.7590e+06, 7.3773e-04
2.7616e+06, 7.3671e-04
2.7641e+06, 7.3569e-04
2.7666e+06, 7.3468e-04
2.7692e+06, 7.3366e-04
2.7717e+06, 7.3265e-04
2.7742e+06, 7.3163e-04
2.7768e+06, 7.3062e-04
2.7793e+06, 7.2961e-04
2.7819e+06, 7.2860e-04
2.7844e+06, 7.2758e-04
2.7870e+06, 7.2658e-04
2.7896e+06, 7.2556e-04
2.7921e+06, 7.2456e-04
2.7947e+06, 7.2355e-04
2.7972e+06, 7.2255e-04
2.7998e+06, 7.2154e-04
2.8024e+06, 7.2054e-04
2.8050e+06, 7.1953e-04
2.8076e+06, 7.1853e-04
2.8102e+06, 7.1753e-04
2.8128e+06, 7.1653e-04
2.8154e+06, 7.1553e-04
2.8180e+06, 7.1453e-04
2.8206e+06, 7.1354e-04
2.8232e+06, 7.1254e-04
2.8258e+06, 7.1154e-04
2.8284e+06, 7.1055e-04
2.8310e+06, 7.0956e-04
2.8336e+06, 7.0856e-04
2.8363e+06, 7.0757e-04
2.8389e+06, 7.0658e-04
2.8415e+06, 7.0559e-04
2.8442e+06, 7.0460e-04
2.8468e+06, 7.0361e-04
2.8494e+06, 7.0263e-04
2.8521e+06, 7.0164e-04
2.8548e+06, 7.0065e-04
2.8574e+06, 6.9967e-04
2.8601e+06, 6.9868e-04
2.8627e+06, 6.9770e-04
2.8654e+06, 6.9672e-04
2.8681e+06, 6.9574e-04
2.8707e+06, 6.9476e-04
2.8731e+06, 6.9391e-04
2.8751e+06, 6.9317e-04
2.8771e+06, 6.9244e-04
2.8791e+06, 6.9171e-04
2.8811e+06, 6.9097e-04
2.8832e+06, 6.9024e-04
2.8852e+06, 6.8951e-04
2.8872e+06, 6.8878e-04
2.8892e+06, 6.8805e-04
2.8912e+06, 6.8732e-04
2.8933e+06, 6.8659e-04
2.8953e+06, 6.8586e-04
2.8974e+06, 6.8514e-04
2.8994e+06, 6.8441e-04
2.9014e+06, 6.8368e-04
2.9035e+06, 6.8295e-04
2.9055e+06, 6.8223e-04
2.9076e+06, 6.8150e-04
2.9096e+06, 6.8078e-04
2.9116e+06, 6.8005e-04
2.9137e+06, 6.7933e-04
2.9158e+06, 6.7861e-04
2.9175e+06, 6.7800e-04
2.9188e+06, 6.7752e-04
2.9202e+06, 6.7704e-04
2.9216e+06, 6.7656e-04
2.9230e+06, 6.7608e-04
2.9243e+06, 6.7560e-04
2.9257e+06, 6.7512e-04
2.9271e+06, 6.7464e-04
2.9285e+06, 6.7416e-04
2.9298e+06, 6.7368e-04
2.9312e+06, 6.7320e-04
2.9326e+06, 6.7272e-04
2.9340e+06, 6.7224e-04
2.9354e+06, 6.7176e-04
2.9368e+06, 6.7128e-04
2.9381e+06, 6.7080e-04
2.9395e+06, 6.7033e-04
2.9409e+06, 6.6985e-04
2.9423e+06, 6.6937e-04
2.9437e+06, 6.6889e-04
2.9451e+06, 6.6842e-04
2.9465e+06, 6.6794e-04
2.9479e+06, 6.6746e-04
2.9493e+06, 6.6698e-04
2.9506e+06, 6.6651e-04
2.9520e+06, 6.6603e-04
2.9541e+06, 6.6532e-04
2.9569e+06, 6.6437e-04
2.9597e+06, 6.6342e-04
2.9625e+06, 6.6247e-04
2.9654e+06, 6.6152e-04
2.9682e+06, 6.6057e-04
2.9710e+06, 6.5963e-04
2.9738e+06, 6.5868e-04
2.9766e+06, 6.5774e-04
2.9794e+06, 6.5679e-04
2.9823e+06, 6.5585e-04
2.9851e+06, 6.5491e-04
2.9880e+06, 6.5397e-04
2.9908e+06, 6.5303e-04
2.9933e+06, 6.5220e-04
2.9954e+06, 6.5150e-04
2.9976e+06, 6.5080e-04
2.9997e+06, 6.5009e-04
3.0000e+06, 6.5000e-04
3.0019e+06, 6.4977e-04
3.0040e+06, 6.4950e-04
3.0062e+06, 6.4923e-04
3.0083e+06, 6.4896e-04
3.0105e+06, 6.4869e-04
3.0126e+06, 6.4842e-04
3.0148e+06, 6.4815e-04
3.0169e+06, 6.4788e-04
3.0191e+06, 6.4761e-04
3.0213e+06, 6.4734e-04
3.0234e+06, 6.4707e-04
3.0256e+06, 6.4680e-04
3.0278e+06, 6.4653e-04
3.0300e+06, 6.4626e-04
3.0321e+06, 6.4599e-04
3.0343e+06, 6.4572e-04
3.0365e+06, 6.4545e-04
3.0387e+06, 6.4518e-04
3.0409e+06, 6.4491e-04
3.0431e+06, 6.4464e-04
3.0452e+06, 6.4437e-04
3.0474e+06, 6.4410e-04
3.0496e+06, 6.4384e-04
3.0518e+06, 6.4357e-04
3.0540e+06, 6.4330e-04
3.0559e+06, 6.4307e-04
3.0574e+06, 6.4289e-04
3.0588e+06, 6.4271e-04
3.0603e+06, 6.4253e-04
3.0618e+06, 6.4235e-04
3.0632e+06, 6.4217e-04
3.0647e+06, 6.4199e-04
3.0662e+06, 6.4181e-04
3.0677e+06, 6.4163e-04
3.0692e+06, 6.4146e-04
3.0706e+06, 6.4128e-04
3.0728e+06, 6.4101e-04
3.0758e+06, 6.4065e-04
3.0788e+06, 6.4029e-04
3.0818e+06, 6.3993e-04
3.0847e+06, 6.3957e-04
3.0877e+06, 6.3921e-04
3.0907e+06, 6.3885e-04
3.0937e+06, 6.3849e-04
3.0960e+06, 6.3822e-04
3.0974e+06, 6.3805e-04
3.0990e+06, 6.3786e-04
3.1005e+06, 6.3769e-04
3.1020e+06, 6.3751e-04
3.1035e+06, 6.3733e-04
3.1050e+06, 6.3715e-04
3.1065e+06, 6.3697e-04
3.1080e+06, 6.3679e-04
3.1095e+06, 6.3661e-04
3.1110e+06, 6.3643e-04
3.1125e+06, 6.3625e-04
3.1140e+06, 6.3607e-04
3.1155e+06, 6.3589e-04
3.1170e+06, 6.3571e-04
3.1186e+06, 6.3553e-04
3.1201e+06, 6.3535e-04
3.1216e+06, 6.3518e-04
3.1231e+06, 6.3500e-04
3.1246e+06, 6.3482e-04
3.1262e+06, 6.3464e-04
3.1277e+06, 6.3446e-04
3.1292e+06, 6.3428e-04
3.1307e+06, 6.3410e-04
3.1322e+06, 6.3392e-04
3.1338e+06, 6.3374e-04
3.1353e+06, 6.3356e-04
3.1368e+06, 6.3338e-04
3.1384e+06, 6.3320e-04
3.1399e+06, 6.3302e-04
3.1414e+06, 6.3284e-04
3.1430e+06, 6.3267e-04
3.1445e+06, 6.3249e-04
3.1460e+06, 6.3231e-04
3.1476e+06, 6.3213e-04
3.1491e+06, 6.3195e-04
3.1506e+06, 6.3177e-04
3.1522e+06, 6.3159e-04
3.1537e+06, 6.3141e-04
3.1552e+06, 6.3123e-04
3.1568e+06, 6.3105e-04
3.1583e+06, 6.3087e-04
3.1599e+06, 6.3069e-04
3.1614e+06, 6.3052e-04
3.1630e+06, 6.3034e-04
3.1645e+06, 6.3016e-04
3.1661e+06, 6.2998e-04
3.1676e+06, 6.2980e-04
3.1692e+06, 6.2962e-04
3.1707e+06, 6.2944e-04
3.1723e+06, 6.2926e-04
3.1738e+06, 6.2908e-04
3.1754e+06, 6.2890e-04
3.1770e+06, 6.2872e-04
3.1785e+06, 6.2855e-04
3.1808e+06, 6.2828e-04
3.1840e+06, 6.2792e-04
3.1871e+06, 6.2756e-04
3.1902e+06, 6.2720e-04
3.1934e+06, 6.2684e-04
3.1965e+06, 6.2649e-04
3.1997e+06, 6.2613e-04
3.2028e+06, 6.2577e-04
3.2060e+06, 6.2541e-04
3.2091e+06, 6.2505e-04
3.2119e+06, 6.2474e-04
3.2143e+06, 6.2447e-04
3.2167e+06, 6.2420e-04
3.2190e+06, 6.2394e-04
3.2214e+06, 6.2367e-04
3.2238e+06, 6.2340e-04
3.2262e+06, 6.2313e-04
3.2286e+06, 6.2286e-04
3.2310e+06, 6.2260e-04
3.2334e+06, 6.2233e-04
3.2358e+06, 6.2206e-04
3.2382e+06, 6.2179e-04
3.2406e+06, 6.2152e-04
3.2430e+06, 6.2125e-04
3.2454e+06, 6.2099e-04
3.2478e+06, 6.2072e-04
3.2503e+06, 6.2045e-04
3.2527e+06, 6.2018e-04
3.2551e+06, 6.1991e-04
3.2575e+06, 6.1965e-04
3.2604e+06, 6.1933e-04
3.2636e+06, 6.1898e-04
3.2669e+06, 6.1862e-04
3.2701e+06, 6.1826e-04
3.2734e+06, 6.1790e-04
3.2766e+06, 6.1755e-04
3.2799e+06, 6.1719e-04
3.2832e+06, 6.1683e-04
3.2864e+06, 6.1648e-04
3.2897e+06, 6.1612e-04
3.2930e+06, 6.1576e-04
3.2963e+06, 6.1540e-04
3.2996e+06, 6.1505e-04
3.3029e+06, 6.1469e-04
3.3062e+06, 6.1433e-04
3.3095e+06, 6.1397e-04
3.3128e+06, 6.1362e-04
3.3162e+06, 6.1326e-04
3.3195e+06, 6.1290e-04
3.3228e+06, 6.1255e-04
3.3262e+06, 6.1219e-04
3.3295e+06, 6.1183e-04
3.3328e+06, 6.1148e-04
3.3362e+06, 6.1112e-04
3.3395e+06, 6.1076e-04
3.3429e+06, 6.1041e-04
3.3463e+06, 6.1005e-04
3.3496e+06, 6.0969e-04
3.3530e+06, 6.0934e-04
3.3564e+06, 6.0898e-04
3.3598e+06, 6.0862e-04
3.3632e+06, 6.0827e-04
3.3666e+06, 6.0791e-04
3.3700e+06, 6.0755e-04
3.3734e+06, 6.0720e-04
3.3764e+06, 6.0689e-04
3.3789e+06, 6.0662e-04
3.3815e+06, 6.0635e-04
3.3841e+06, 6.0608e-04
3.3866e+06, 6.0582e-04
3.3892e+06, 6.0555e-04
3.3918e+06, 6.0528e-04
3.3944e+06, 6.0501e-04
3.3970e+06, 6.0475e-04
3.3996e+06, 6.0448e-04
3.4021e+06, 6.0421e-04
3.4047e+06, 6.0395e-04
3.4073e+06, 6.0368e-04
3.4099e+06, 6.0341e-04
3.4125e+06, 6.0314e-04
3.4151e+06, 6.0288e-04
3.4177e+06, 6.0261e-04
3.4203e+06, 6.0234e-04
3.4230e+06, 6.0208e-04
3.4256e+06, 6.0181e-04
3.4282e+06, 6.0154e-04
3.4308e+06, 6.0128e-04
3.4334e+06, 6.0101e-04
3.4361e+06, 6.0074e-04
3.4387e+06, 6.0047e-04
3.4413e+06, 6.0021e-04
3.4444e+06, 5.9990e-04
3.4479e+06, 5.9954e-04
3.4514e+06, 5.9918e-04
3.4550e+06, 5.9883e-04
3.4585e+06, 5.9847e-04
3.4616e+06, 5.9816e-04
3.4643e+06, 5.9789e-04
3.4670e+06, 5.9763e-04
3.4696e+06, 5.9736e-04
3.4723e+06, 5.9709e-04
3.4750e+06, 5.9683e-04
3.4776e+06, 5.9656e-04
3.4803e+06, 5.9629e-04
3.4830e+06, 5.9603e-04
3.4857e+06, 5.9576e-04
3.4884e+06, 5.9549e-04
3.4911e+06, 5.9523e-04
3.4938e+06, 5.9496e-04
3.4964e+06, 5.9469e-04
3.4992e+06, 5.9443e-04
3.5000e+06, 5.9434e-04
3.5019e+06, 5.9416e-04
3.5046e+06, 5.9389e-04
3.5073e+06, 5.9363e-04
3.5100e+06, 5.9336e-04
3.5127e+06, 5.9310e-04
3.5154e+06, 5.9283e-04
3.5182e+06, 5.9256e-04
3.5209e+06, 5.9230e-04
3.5236e+06, 5.9203e-04
3.5263e+06, 5.9176e-04
3.5291e+06, 5.9150e-04
3.5318e+06, 5.9123e-04
3.5341e+06, 5.9101e-04
3.5359e+06, 5.9083e-04
3.5378e+06, 5.9065e-04
3.5396e+06, 5.9047e-04
3.5414e+06, 5.9030e-04
3.5433e+06, 5.9012e-04
3.5451e+06, 5.8994e-04
3.5469e+06, 5.8977e-04
3.5492e+06, 5.8954e-04
3.5520e+06, 5.8928e-04
3.5548e+06, 5.8901e-04
3.5575e+06, 5.8874e-04
3.5603e+06, 5.8848e-04
3.5631e+06, 5.8821e-04
3.5658e+06, 5.8795e-04
3.5686e+06, 5.8768e-04
3.5714e+06, 5.8741e-04
3.5742e+06, 5.8715e-04
3.5770e+06, 5.8688e-04
3.5798e+06, 5.8662e-04
3.5826e+06, 5.8635e-04
3.5854e+06, 5.8608e-04
3.5882e+06, 5.8582e-04
3.5905e+06, 5.8559e-04
3.5924e+06, 5.8542e-04
3.5943e+06, 5.8524e-04
3.5962e+06, 5.8506e-04
3.5980e+06, 5.8489e-04
3.5999e+06, 5.8471e-04
3.6018e+06, 5.8453e-04
3.6037e+06, 5.8435e-04
3.6056e+06, 5.8418e-04
3.6074e+06, 5.8400e-04
3.6093e+06, 5.8382e-04
3.6117e+06, 5.8360e-04
3.6145e+06, 5.8333e-04
3.6157e+06, 5.8323e-04
3.6157e+06, 5.8322e-04
3.6174e+06, 5.8307e-04
3.6202e+06, 5.8280e-04
3.6231e+06, 5.8254e-04
3.6259e+06, 5.8227e-04
3.6288e+06, 5.8201e-04
3.6316e+06, 5.8174e-04
3.6345e+06, 5.8147e-04
3.6373e+06, 5.8121e-04
3.6402e+06, 5.8094e-04
3.6431e+06, 5.8068e-04
3.6460e+06, 5.8041e-04
3.6488e+06, 5.8014e-04
3.6517e+06, 5.7988e-04
3.6546e+06, 5.7961e-04
3.6575e+06, 5.7935e-04
3.6604e+06, 5.7908e-04
3.6633e+06, 5.7882e-04
3.6662e+06, 5.7855e-04
3.6691e+06, 5.7828e-04
3.6720e+06, 5.7802e-04
3.6749e+06, 5.7775e-04
3.6778e+06, 5.7749e-04
3.6807e+06, 5.7722e-04
3.6836e+06, 5.7696e-04
3.6860e+06, 5.7674e-04
3.6880e+06, 5.7656e-04
3.6899e+06, 5.7638e-04
3.6919e+06, 5.7621e-04
3.6938e+06, 5.7603e-04
3.6958e+06, 5.7585e-04
3.6978e+06, 5.7567e-04
3.6997e+06, 5.7550e-04
3.7017e+06, 5.7532e-04
3.7036e+06, 5.7514e-04
3.7056e+06, 5.7497e-04
3.7076e+06, 5.7479e-04
3.7095e+06, 5.7461e-04
3.7115e+06, 5.7444e-04
3.7135e+06, 5.7426e-04
3.7159e+06, 5.7404e-04
3.7189e+06, 5.7377e-04
3.7219e+06, 5.7351e-04
3.7248e+06, 5.7324e-04
3.7278e+06, 5.7298e-04
3.7308e+06, 5.7271e-04
3.7337e+06, 5.7245e-04
3.7367e+06, 5.7218e-04
3.7397e+06, 5.7192e-04
3.7427e+06, 5.7165e-04
3.7457e+06, 5.7138e-04
3.7487e+06, 5.7112e-04
3.7517e+06, 5.7085e-04
3.7547e+06, 5.7059e-04
3.7577e+06, 5.7032e-04
3.7607e+06, 5.7006e-04
3.7637e+06, 5.6979e-04
3.7667e+06, 5.6953e-04
3.7698e+06, 5.6926e-04
3.7728e+06, 5.6900e-04
3.7758e+06, 5.6873e-04
3.7788e+06, 5.6847e-04
3.7819e+06, 5.6820e-04
3.7849e+06, 5.6794e-04
3.7880e+06, 5.6767e-04
3.7910e+06, 5.6741e-04
3.7940e+06, 5.6714e-04
3.7971e+06, 5.6688e-04
3.8002e+06, 5.6661e-04
3.8032e+06, 5.6635e-04
3.8063e+06, 5.6608e-04
3.8094e+06, 5.6582e-04
3.8124e+06, 5.6555e-04
3.8150e+06, 5.6533e-04
3.8170e+06, 5.6516e-04
3.8191e+06, 5.6498e-04
3.8212e+06, 5.6481e-04
3.8232e+06, 5.6463e-04
3.8253e+06, 5.6445e-04
3.8278e+06, 5.6423e-04
3.8309e+06, 5.6397e-04
3.8340e+06, 5.6370e-04
3.8366e+06, 5.6348e-04
3.8387e+06, 5.6331e-04
3.8408e+06, 5.6313e-04
3.8428e+06, 5.6295e-04
3.8449e+06, 5.6278e-04
3.8470e+06, 5.6260e-04
3.8491e+06, 5.6242e-04
3.8512e+06, 5.6225e-04
3.8538e+06, 5.6203e-04
3.8569e+06, 5.6176e-04
3.8600e+06, 5.6150e-04
3.8631e+06, 5.6123e-04
3.8663e+06, 5.6097e-04
3.8694e+06, 5.6070e-04
3.8726e+06, 5.6044e-04
3.8757e+06, 5.6017e-04
3.8789e+06, 5.5991e-04
3.8820e+06, 5.5965e-04
3.8852e+06, 5.5938e-04
3.8884e+06, 5.5912e-04
3.8915e+06, 5.5885e-04
3.8947e+06, 5.5859e-04
3.8969e+06, 5.5840e-04
3.8979e+06, 5.5832e-04
3.9010e+06, 5.5806e-04
3.9042e+06, 5.5779e-04
3.9074e+06, 5.5753e-04
3.9106e+06, 5.5727e-04
3.9138e+06, 5.5700e-04
3.9155e+06, 5.5686e-04
3.9170e+06, 5.5674e-04
3.9202e+06, 5.5647e-04
3.9234e+06, 5.5621e-04
3.9266e+06, 5.5594e-04
3.9298e+06, 5.5568e-04
3.9331e+06, 5.5542e-04
3.9363e+06, 5.5515e-04
3.9395e+06, 5.5489e-04
3.9427e+06, 5.5462e-04
3.9460e+06, 5.5436e-04
3.9492e+06, 5.5410e-04
3.9525e+06, 5.5383e-04
3.9557e+06, 5.5357e-04
3.9590e+06, 5.5330e-04
3.9622e+06, 5.5304e-04
3.9655e+06, 5.5278e-04
3.9687e+06, 5.5251e-04
3.9720e+06, 5.5225e-04
3.9753e+06, 5.5198e-04
3.9786e+06, 5.5172e-04
3.9818e+06, 5.5146e-04
3.9851e+06, 5.5119e-04
3.9884e+06, 5.5093e-04
3.9917e+06, 5.5066e-04
3.9950e+06, 5.5040e-04
3.9983e+06, 5.5014e-04
4.0000e+06, 5.5000e-04
4.0016e+06, 5.4973e-04
4.0049e+06, 5.4919e-04
4.0082e+06, 5.4864e-04
4.0115e+06, 5.4809e-04
4.0148e+06, 5.4754e-04
4.0182e+06, 5.4699e-04
4.0215e+06, 5.4645e-04
4.0248e+06, 5.4590e-04
4.0282e+06, 5.4535e-04
4.0315e+06, 5.4481e-04
4.0349e+06, 5.4426e-04
4.0382e+06, 5.4372e-04
4.0416e+06, 5.4317e-04
4.0449e+06, 5.4263e-04
4.0483e+06, 5.4208e-04
4.0516e+06, 5.4154e-04
4.0550e+06, 5.4099e-04
4.0584e+06, 5.4045e-04
4.0618e+06, 5.3991e-04
4.0646e+06, 5.3945e-04
4.0669e+06, 5.3909e-04
4.0691e+06, 5.3873e-04
4.0714e+06, 5.3837e-04
4.0736e+06, 5.3801e-04
4.0759e+06, 5.3765e-04
4.0782e+06, 5.3729e-04
4.0804e+06, 5.3692e-04
4.0827e+06, 5.3656e-04
4.0850e+06, 5.3620e-04
4.0878e+06, 5.3575e-04
4.0912e+06, 5.3521e-04
4.0947e+06, 5.3467e-04
4.0981e+06, 5.3413e-04
4.1015e+06, 5.3359e-04
4.1044e+06, 5.3314e-04
4.1067e+06, 5.3278e-04
4.1090e+06, 5.3242e-04
4.1112e+06, 5.3207e-04
4.1136e+06, 5.3171e-04
4.1158e+06, 5.3135e-04
4.1182e+06, 5.3099e-04
4.1204e+06, 5.3063e-04
4.1228e+06, 5.3027e-04
4.1251e+06, 5.2991e-04
4.1280e+06, 5.2947e-04
4.1314e+06, 5.2893e-04
4.1349e+06, 5.2839e-04
4.1384e+06, 5.2786e-04
4.1418e+06, 5.2732e-04
4.1453e+06, 5.2679e-04
4.1488e+06, 5.2625e-04
4.1523e+06, 5.2571e-04
4.1552e+06, 5.2527e-04
4.1576e+06, 5.2491e-04
4.1599e+06, 5.2456e-04
4.1622e+06, 5.2420e-04
4.1646e+06, 5.2384e-04
4.1669e+06, 5.2349e-04
4.1692e+06, 5.2313e-04
4.1716e+06, 5.2278e-04
4.1739e+06, 5.2242e-04
4.1763e+06, 5.2207e-04
4.1786e+06, 5.2171e-04
4.1810e+06, 5.2136e-04
4.1834e+06, 5.2100e-04
4.1857e+06, 5.2065e-04
4.1881e+06, 5.2029e-04
4.1904e+06, 5.1994e-04
4.1928e+06, 5.1959e-04
4.1952e+06, 5.1923e-04
4.1975e+06, 5.1888e-04
4.1999e+06, 5.1852e-04
4.2023e+06, 5.1817e-04
4.2046e+06, 5.1782e-04
4.2070e+06, 5.1746e-04
4.2094e+06, 5.1711e-04
4.2118e+06, 5.1676e-04
4.2142e+06, 5.1641e-04
4.2165e+06, 5.1605e-04
4.2189e+06, 5.1570e-04
4.2213e+06, 5.1535e-04
4.2237e+06, 5.1499e-04
4.2261e+06, 5.1464e-04
4.2285e+06, 5.1429e-04
4.2309e+06, 5.1394e-04
4.2333e+06, 5.1359e-04
4.2357e+06, 5.1323e-04
4.2387e+06, 5.1280e-04
4.2423e+06, 5.1227e-04
4.2459e+06, 5.1174e-04
4.2495e+06, 5.1122e-04
4.2531e+06, 5.1069e-04
4.2568e+06, 5.1017e-04
4.2604e+06, 5.0964e-04
4.2640e+06, 5.0911e-04
4.2677e+06, 5.0859e-04
4.2713e+06, 5.0807e-04
4.2750e+06, 5.0754e-04
4.2786e+06, 5.0702e-04
4.2823e+06, 5.0649e-04
4.2859e+06, 5.0597e-04
4.2896e+06, 5.0545e-04
4.2933e+06, 5.0493e-04
4.2970e+06, 5.0440e-04
4.3006e+06, 5.0388e-04
4.3043e+06, 5.0336e-04
4.3080e+06, 5.0284e-04
4.3117e+06, 5.0232e-04
4.3154e+06, 5.0180e-04
4.3191e+06, 5.0128e-04
4.3228e+06, 5.0076e-04
4.3266e+06, 5.0024e-04
4.3303e+06, 4.9972e-04
4.3340e+06, 4.9920e-04
4.3377e+06, 4.9868e-04
4.3415e+06, 4.9816e-04
4.3415e+06, 4.9816e-04
4.3415e+06, 4.9815e-04
4.3452e+06, 4.9764e-04
4.3489e+06, 4.9713e-04
4.3527e+06, 4.9661e-04
4.3558e+06, 4.9618e-04
4.3583e+06, 4.9583e-04
4.3608e+06, 4.9549e-04
4.3633e+06, 4.9514e-04
4.3665e+06, 4.9471e-04
4.3702e+06, 4.9420e-04
4.3740e+06, 4.9368e-04
4.3778e+06, 4.9317e-04
4.3816e+06, 4.9265e-04
4.3854e+06, 4.9214e-04
4.3892e+06, 4.9162e-04
4.3930e+06, 4.9111e-04
4.3968e+06, 4.9060e-04
4.4006e+06, 4.9008e-04
4.4044e+06, 4.8957e-04
4.4082e+06, 4.8906e-04
4.4121e+06, 4.8854e-04
4.4159e+06, 4.8803e-04
4.4197e+06, 4.8752e-04
4.4236e+06, 4.8701e-04
4.4274e+06, 4.8650e-04
4.4313e+06, 4.8598e-04
4.4351e+06, 4.8548e-04
4.4390e+06, 4.8496e-04
4.4429e+06, 4.8445e-04
4.4467e+06, 4.8395e-04
4.4506e+06, 4.8344e-04
4.4545e+06, 4.8293e-04
4.4584e+06, 4.8242e-04
4.4623e+06, 4.8191e-04
4.4662e+06, 4.8140e-04
4.4701e+06, 4.8089e-04
4.4740e+06, 4.8039e-04
4.4779e+06, 4.7988e-04
4.4818e+06, 4.7937e-04
4.4857e+06, 4.7886e-04
4.4897e+06, 4.7836e-04
4.4936e+06, 4.7785e-04
4.4975e+06, 4.7735e-04
4.5000e+06, 4.7703e-04
4.5015e+06, 4.7684e-04
4.5054e+06, 4.7634e-04
4.5094e+06, 4.7583e-04
4.5127e+06, 4.7541e-04
4.5153e+06, 4.7508e-04
4.5180e+06, 4.7474e-04
4.5206e+06, 4.7440e-04
4.5233e+06, 4.7407e-04
4.5259e+06, 4.7373e-04
4.5286e+06, 4.7340e-04
4.5312e+06, 4.7306e-04
4.5339e+06, 4.7273e-04
4.5365e+06, 4.7239e-04
4.5392e+06, 4.7206e-04
4.5419e+06, 4.7172e-04
4.5445e+06, 4.7139e-04
4.5472e+06, 4.7105e-04
4.5499e+06, 4.7072e-04
4.5526e+06, 4.7038e-04
4.5552e+06, 4.7005e-04
4.5579e+06, 4.6972e-04
4.5606e+06, 4.6938e-04
4.5633e+06, 4.6905e-04
4.5660e+06, 4.6872e-04
4.5686e+06, 4.6838e-04
4.5713e+06, 4.6805e-04
4.5740e+06, 4.6772e-04
4.5767e+06, 4.6738e-04
4.5794e+06, 4.6705e-04
4.5821e+06, 4.6672e-04
4.5855e+06, 4.6630e-04
4.5896e+06, 4.6580e-04
4.5936e+06, 4.6531e-04
4.5977e+06, 4.6481e-04
4.6018e+06, 4.6431e-04
4.6059e+06, 4.6381e-04
4.6100e+06, 4.6332e-04
4.6140e+06, 4.6282e-04
4.6181e+06, 4.6232e-04
4.6222e+06, 4.6183e-04
4.6264e+06, 4.6133e-04
4.6305e+06, 4.6084e-04
4.6346e+06, 4.6034e-04
4.6387e+06, 4.5985e-04
4.6428e+06, 4.5935e-04
4.6470e+06, 4.5886e-04
4.6511e+06, 4.5836e-04
4.6553e+06, 4.5787e-04
4.6594e+06, 4.5738e-04
4.6636e+06, 4.5688e-04
4.6678e+06, 4.5639e-04
4.6719e+06, 4.5590e-04
4.6761e+06, 4.5541e-04
4.6803e+06, 4.5492e-04
4.6845e+06, 4.5442e-04
4.6887e+06, 4.5393e-04
4.6922e+06, 4.5352e-04
4.6950e+06, 4.5320e-04
4.6978e+06, 4.5287e-04
4.7006e+06, 4.5254e-04
4.7034e+06, 4.5222e-04
4.7062e+06, 4.5189e-04
4.7090e+06, 4.5156e-04
4.7118e+06, 4.5124e-04
4.7146e+06, 4.5091e-04
4.7175e+06, 4.5059e-04
4.7203e+06, 4.5026e-04
4.7231e+06, 4.4993e-04
4.7259e+06, 4.4961e-04
4.7288e+06, 4.4928e-04
4.7316e+06, 4.4896e-04
4.7344e+06, 4.4863e-04
4.7373e+06, 4.4831e-04
4.7401e+06, 4.4798e-04
4.7430e+06, 4.4766e-04
4.7465e+06, 4.4725e-04
4.7508e+06, 4.4677e-04
4.7551e+06, 4.4628e-04
4.7594e+06, 4.4580e-04
4.7637e+06, 4.4531e-04
4.7680e+06, 4.4482e-04
4.7723e+06, 4.4434e-04
4.7766e+06, 4.4385e-04
4.7809e+06, 4.4337e-04
4.7852e+06, 4.4289e-04
4.7896e+06, 4.4240e-04
4.7932e+06, 4.4200e-04
4.7961e+06, 4.4168e-04
4.7990e+06, 4.4136e-04
4.8018e+06, 4.4103e-04
4.8048e+06, 4.4071e-04
4.8077e+06, 4.4039e-04
4.8106e+06, 4.4007e-04
4.8135e+06, 4.3975e-04
4.8164e+06, 4.3943e-04
4.8193e+06, 4.3911e-04
4.8222e+06, 4.3878e-04
4.8251e+06, 4.3846e-04
4.8280e+06, 4.3814e-04
4.8310e+06, 4.3782e-04
4.8339e+06, 4.3750e-04
4.8368e+06, 4.3718e-04
4.8398e+06, 4.3686e-04
4.8427e+06, 4.3654e-04
4.8456e+06, 4.3622e-04
4.8486e+06, 4.3590e-04
4.8515e+06, 4.3558e-04
4.8545e+06, 4.3526e-04
4.8574e+06, 4.3494e-04
4.8604e+06, 4.3462e-04
4.8633e+06, 4.3431e-04
4.8663e+06, 4.3399e-04
4.8692e+06, 4.3367e-04
4.8722e+06, 4.3335e-04
4.8752e+06, 4.3303e-04
4.8781e+06, 4.3271e-04
4.8811e+06, 4.3240e-04
4.8841e+06, 4.3208e-04
4.8870e+06, 4.3176e-04
4.8908e+06, 4.3136e-04
4.8952e+06, 4.3089e-04
4.8997e+06, 4.3041e-04
4.9035e+06, 4.3001e-04
4.9065e+06, 4.2970e-04
4.9094e+06, 4.2938e-04
4.9124e+06, 4.2906e-04
4.9154e+06, 4.2875e-04
4.9185e+06, 4.2843e-04
4.9215e+06, 4.2811e-04
4.9245e+06, 4.2780e-04
4.9275e+06, 4.2748e-04
4.9305e+06, 4.2717e-04
4.9343e+06, 4.2677e-04
4.9388e+06, 4.2630e-04
4.9434e+06, 4.2582e-04
4.9479e+06, 4.2535e-04
4.9524e+06, 4.2488e-04
4.9570e+06, 4.2441e-04
4.9616e+06, 4.2393e-04
4.9661e+06, 4.2346e-04
4.9707e+06, 4.2299e-04
4.9708e+06, 4.2298e-04
4.9708e+06, 4.2298e-04
4.9753e+06, 4.2252e-04
4.9799e+06, 4.2205e-04
4.9845e+06, 4.2158e-04
4.9891e+06, 4.2111e-04
4.9925e+06, 4.2076e-04
4.9925e+06, 4.2076e-04
4.9937e+06, 4.2064e-04
4.9983e+06, 4.2017e-04
5.0000e+06, 4.2000e-04
5.0029e+06, 4.2012e-04
5.0076e+06, 4.2032e-04
5.0122e+06, 4.2051e-04
5.0168e+06, 4.2071e-04
5.0215e+06, 4.2090e-04
5.0262e+06, 4.2109e-04
5.0308e+06, 4.2129e-04
5.0347e+06, 4.2145e-04
5.0378e+06, 4.2158e-04
5.0409e+06, 4.2171e-04
5.0440e+06, 4.2184e-04
5.0472e+06, 4.2197e-04
5.0503e+06, 4.2210e-04
5.0534e+06, 4.2223e-04
5.0566e+06, 4.2236e-04
5.0597e+06, 4.2249e-04
5.0628e+06, 4.2263e-04
5.0660e+06, 4.2276e-04
5.0691e+06, 4.2289e-04
5.0723e+06, 4.2302e-04
5.0754e+06, 4.2315e-04
5.0786e+06, 4.2328e-04
5.0817e+06, 4.2341e-04
5.0849e+06, 4.2354e-04
5.0888e+06, 4.2371e-04
5.0936e+06, 4.2390e-04
5.0983e+06, 4.2410e-04
5.1031e+06, 4.2430e-04
5.1079e+06, 4.2450e-04
5.1126e+06, 4.2469e-04
5.1174e+06, 4.2489e-04
5.1222e+06, 4.2509e-04
5.1270e+06, 4.2529e-04
5.1310e+06, 4.2546e-04
5.1342e+06, 4.2559e-04
5.1374e+06, 4.2572e-04
5.1406e+06, 4.2585e-04
5.1438e+06, 4.2599e-04
5.1471e+06, 4.2612e-04
5.1503e+06, 4.2625e-04
5.1535e+06, 4.2639e-04
5.1567e+06, 4.2652e-04
5.1600e+06, 4.2665e-04
5.1632e+06, 4.2679e-04
5.1664e+06, 4.2692e-04
5.1683e+06, 4.2700e-04
5.1697e+06, 4.2705e-04
5.1729e+06, 4.2719e-04
5.1770e+06, 4.2735e-04
5.1818e+06, 4.2755e-04
5.1867e+06, 4.2775e-04
5.1916e+06, 4.2796e-04
5.1965e+06, 4.2816e-04
5.2014e+06, 4.2836e-04
5.2063e+06, 4.2856e-04
5.2112e+06, 4.2876e-04
5.2161e+06, 4.2896e-04
5.2211e+06, 4.2917e-04
5.2260e+06, 4.2937e-04
5.2310e+06, 4.2957e-04
5.2359e+06, 4.2977e-04
5.2409e+06, 4.2998e-04
5.2458e+06, 4.3018e-04
5.2508e+06, 4.3038e-04
5.2558e+06, 4.3059e-04
5.2608e+06, 4.3079e-04
5.2658e+06, 4.3099e-04
5.2708e+06, 4.3120e-04
5.2758e+06, 4.3140e-04
5.2808e+06, 4.3161e-04
5.2858e+06, 4.3181e-04
5.2908e+06, 4.3202e-04
5.2958e+06, 4.3222e-04
5.3009e+06, 4.3243e-04
5.3059e+06, 4.3263e-04
5.3110e+06, 4.3284e-04
5.3161e+06, 4.3304e-04
5.3211e+06, 4.3325e-04
5.3262e+06, 4.3346e-04
5.3313e+06, 4.3366e-04
5.3364e+06, 4.3387e-04
5.3415e+06, 4.3408e-04
5.3466e+06, 4.3428e-04
5.3517e+06, 4.3449e-04
5.3568e+06, 4.3470e-04
5.3597e+06, 4.3481e-04
5.3620e+06, 4.3491e-04
5.3671e+06, 4.3511e-04
5.3722e+06, 4.3532e-04
5.3774e+06, 4.3553e-04
5.3826e+06, 4.3574e-04
5.3877e+06, 4.3595e-04
5.3929e+06, 4.3616e-04
5.3981e+06, 4.3636e-04
5.4033e+06, 4.3657e-04
5.4085e+06, 4.3678e-04
5.4137e+06, 4.3699e-04
5.4189e+06, 4.3720e-04
5.4241e+06, 4.3741e-04
5.4285e+06, 4.3759e-04
5.4320e+06, 4.3773e-04
5.4354e+06, 4.3787e-04
5.4389e+06, 4.3801e-04
5.4424e+06, 4.3815e-04
5.4459e+06, 4.3829e-04
5.4494e+06, 4.3843e-04
5.4530e+06, 4.3857e-04
5.4565e+06, 4.3871e-04
5.4600e+06, 4.3885e-04
5.4635e+06, 4.3900e-04
5.4670e+06, 4.3914e-04
5.4706e+06, 4.3928e-04
5.4741e+06, 4.3942e-04
5.4776e+06, 4.3956e-04
5.4812e+06, 4.3970e-04
5.4847e+06, 4.3984e-04
5.4882e+06, 4.3999e-04
5.4918e+06, 4.4013e-04
5.4953e+06, 4.4027e-04
5.4989e+06, 4.4041e-04
5.5000e+06, 4.4046e-04
5.5024e+06, 4.4055e-04
5.5060e+06, 4.4070e-04
5.5096e+06, 4.4084e-04
5.5131e+06, 4.4098e-04
5.5167e+06, 4.4112e-04
5.5203e+06, 4.4127e-04
5.5238e+06, 4.4141e-04
5.5283e+06, 4.4159e-04
5.5337e+06, 4.4180e-04
5.5391e+06, 4.4202e-04
5.5445e+06, 4.4223e-04
5.5499e+06, 4.4244e-04
5.5553e+06, 4.4266e-04
5.5607e+06, 4.4288e-04
5.5661e+06, 4.4309e-04
5.5716e+06, 4.4331e-04
5.5770e+06, 4.4352e-04
5.5825e+06, 4.4374e-04
5.5879e+06, 4.4396e-04
5.5934e+06, 4.4417e-04
5.5989e+06, 4.4439e-04
5.6044e+06, 4.4461e-04
5.6098e+06, 4.4482e-04
5.6153e+06, 4.4504e-04
5.6208e+06, 4.4526e-04
5.6264e+06, 4.4548e-04
5.6319e+06, 4.4570e-04
5.6374e+06, 4.4591e-04
5.6430e+06, 4.4613e-04
5.6485e+06, 4.4635e-04
5.6541e+06, 4.4657e-04
5.6596e+06, 4.4679e-04
5.6652e+06, 4.4701e-04
5.6708e+06, 4.4723e-04
5.6764e+06, 4.4745e-04
5.6820e+06, 4.4767e-04
5.6876e+06, 4.4789e-04
5.6932e+06, 4.4811e-04
5.6988e+06, 4.4833e-04
5.7044e+06, 4.4855e-04
5.7101e+06, 4.4877e-04
5.7157e+06, 4.4899e-04
5.7214e+06, 4.4921e-04
5.7270e+06, 4.4944e-04
5.7327e+06, 4.4966e-04
5.7384e+06, 4.4988e-04
5.7441e+06, 4.5010e-04
5.7498e+06, 4.5033e-04
5.7555e+06, 4.5055e-04
5.7612e+06, 4.5077e-04
5.7669e+06, 4.5100e-04
5.7727e+06, 4.5122e-04
5.7784e+06, 4.5144e-04
5.7842e+06, 4.5167e-04
5.7899e+06, 4.5189e-04
5.7957e+06, 4.5212e-04
5.8015e+06, 4.5234e-04
5.8072e+06, 4.5257e-04
5.8130e+06, 4.5279e-04
5.8188e+06, 4.5302e-04
5.8246e+06, 4.5324e-04
5.8305e+06, 4.5347e-04
5.8363e+06, 4.5369e-04
5.8421e+06, 4.5392e-04
5.8480e+06, 4.5415e-04
5.8528e+06, 4.5434e-04
5.8568e+06, 4.5449e-04
5.8607e+06, 4.5464e-04
5.8646e+06, 4.5479e-04
5.8685e+06, 4.5494e-04
5.8724e+06, 4.5509e-04
5.8764e+06, 4.5525e-04
5.8803e+06, 4.5540e-04
5.8842e+06, 4.5555e-04
5.8882e+06, 4.5570e-04
5.8921e+06, 4.5585e-04
5.8960e+06, 4.5601e-04
5.9000e+06, 4.5616e-04
5.9039e+06, 4.5631e-04
5.9079e+06, 4.5646e-04
5.9119e+06, 4.5662e-04
5.9158e+06, 4.5677e-04
5.9198e+06, 4.5692e-04
5.9238e+06, 4.5707e-04
5.9278e+06, 4.5723e-04
5.9317e+06, 4.5738e-04
5.9357e+06, 4.5753e-04
5.9397e+06, 4.5769e-04
5.9437e+06, 4.5784e-04
5.9477e+06, 4.5799e-04
5.9517e+06, 4.5815e-04
5.9557e+06, 4.5830e-04
5.9597e+06, 4.5846e-04
5.9637e+06, 4.5861e-04
5.9688e+06, 4.5880e-04
5.9748e+06, 4.5903e-04
5.9808e+06, 4.5927e-04
5.9869e+06, 4.5950e-04
5.9930e+06, 4.5973e-04
5.9990e+06, 4.5996e-04
6.0000e+06, 4.6000e-04
6.0051e+06, 4.5964e-04
6.0112e+06, 4.5922e-04
6.0173e+06, 4.5880e-04
6.0234e+06, 4.5838e-04
6.0295e+06, 4.5796e-04
6.0357e+06, 4.5753e-04
6.0418e+06, 4.5711e-04
6.0480e+06, 4.5669e-04
6.0541e+06, 4.5627e-04
6.0603e+06, 4.5585e-04
6.0665e+06, 4.5543e-04
6.0726e+06, 4.5501e-04
6.0788e+06, 4.5459e-04
6.0850e+06, 4.5417e-04
6.0913e+06, 4.5375e-04
6.0967e+06, 4.5338e-04
6.0975e+06, 4.5333e-04
6.1037e+06, 4.5291e-04
6.1100e+06, 4.5249e-04
6.1162e+06, 4.5207e-04
6.1225e+06, 4.5165e-04
6.1288e+06, 4.5123e-04
6.1350e+06, 4.5081e-04
6.1413e+06, 4.5039e-04
6.1476e+06, 4.4997e-04
6.1539e+06, 4.4955e-04
6.1603e+06, 4.4914e-04
6.1676e+06, 4.4865e-04
6.1761e+06, 4.4809e-04
6.1846e+06, 4.4754e-04
6.1931e+06, 4.4698e-04
6.2016e+06, 4.4642e-04
6.2101e+06, 4.4587e-04
6.2187e+06, 4.4531e-04
6.2272e+06, 4.4476e-04
6.2358e+06, 4.4420e-04
6.2444e+06, 4.4365e-04
6.2530e+06, 4.4309e-04
6.2617e+06, 4.4254e-04
6.2703e+06, 4.4198e-04
6.2790e+06, 4.4143e-04
6.2855e+06, 4.4102e-04
6.2898e+06, 4.4074e-04
6.2942e+06, 4.4046e-04
6.2986e+06, 4.4019e-04
6.3029e+06, 4.3991e-04
6.3073e+06, 4.3963e-04
6.3117e+06, 4.3936e-04
6.3160e+06, 4.3908e-04
6.3204e+06, 4.3881e-04
6.3248e+06, 4.3853e-04
6.3292e+06, 4.3825e-04
6.3336e+06, 4.3798e-04
6.3380e+06, 4.3770e-04
6.3424e+06, 4.3743e-04
6.3468e+06, 4.3715e-04
6.3468e+06, 4.3715e-04
6.3512e+06, 4.3688e-04
6.3556e+06, 4.3660e-04
6.3600e+06, 4.3633e-04
6.3645e+06, 4.3605e-04
6.3689e+06, 4.3578e-04
6.3734e+06, 4.3550e-04
6.3778e+06, 4.3523e-04
6.3822e+06, 4.3495e-04
6.3867e+06, 4.3468e-04
6.3911e+06, 4.3440e-04
6.3956e+06, 4.3413e-04
6.4001e+06, 4.3385e-04
6.4045e+06, 4.3358e-04
6.4090e+06, 4.3330e-04
6.4135e+06, 4.3303e-04
6.4180e+06, 4.3275e-04
6.4225e+06, 4.3248e-04
6.4270e+06, 4.3221e-04
6.4314e+06, 4.3193e-04
6.4360e+06, 4.3166e-04
6.4405e+06, 4.3138e-04
6.4450e+06, 4.3111e-04
6.4495e+06, 4.3084e-04
6.4540e+06, 4.3056e-04
6.4585e+06, 4.3029e-04
6.4631e+06, 4.3002e-04
6.4699e+06, 4.2961e-04
6.4790e+06, 4.2906e-04
6.4881e+06, 4.2851e-04
6.4972e+06, 4.2797e-04
6.5000e+06, 4.2780e-04
6.5063e+06, 4.2742e-04
6.5155e+06, 4.2688e-04
6.5247e+06, 4.2633e-04
6.5339e+06, 4.2579e-04
6.5431e+06, 4.2524e-04
6.5524e+06, 4.2470e-04
6.5616e+06, 4.2415e-04
6.5709e+06, 4.2361e-04
6.5802e+06, 4.2307e-04
6.5896e+06, 4.2253e-04
6.5989e+06, 4.2198e-04
6.6083e+06, 4.2144e-04
6.6176e+06, 4.2090e-04
6.6270e+06, 4.2036e-04
6.6365e+06, 4.1982e-04
6.6459e+06, 4.1927e-04
6.6530e+06, 4.1887e-04
6.6578e+06, 4.1860e-04
6.6625e+06, 4.1833e-04
6.6672e+06, 4.1806e-04
6.6720e+06, 4.1779e-04
6.6768e+06, 4.1752e-04
6.6815e+06, 4.1725e-04
6.6863e+06, 4.1698e-04
6.6911e+06, 4.1671e-04
6.6958e+06, 4.1644e-04
6.7006e+06, 4.1617e-04
6.7054e+06, 4.1590e-04
6.7102e+06, 4.1563e-04
6.7150e+06, 4.1536e-04
6.7198e+06, 4.1509e-04
6.7246e+06, 4.1482e-04
6.7294e+06, 4.1455e-04
6.7342e+06, 4.1429e-04
6.7391e+06, 4.1402e-04
6.7439e+06, 4.1375e-04
6.7500e+06, 4.1341e-04
6.7572e+06, 4.1301e-04
6.7645e+06, 4.1261e-04
6.7718e+06, 4.1220e-04
6.7791e+06, 4.1180e-04
6.7864e+06, 4.1140e-04
6.7937e+06, 4.1100e-04
6.8011e+06, 4.1059e-04
6.8084e+06, 4.1019e-04
6.8158e+06, 4.0979e-04
6.8231e+06, 4.0939e-04
6.8305e+06, 4.0899e-04
6.8379e+06, 4.0859e-04
6.8453e+06, 4.0819e-04
6.8527e+06, 4.0779e-04
6.8602e+06, 4.0738e-04
6.8676e+06, 4.0698e-04
6.8751e+06, 4.0658e-04
6.8825e+06, 4.0618e-04
6.8900e+06, 4.0578e-04
6.8975e+06, 4.0538e-04
6.9050e+06, 4.0499e-04
6.9125e+06, 4.0459e-04
6.9201e+06, 4.0419e-04
6.9276e+06, 4.0379e-04
6.9352e+06, 4.0339e-04
6.9427e+06, 4.0299e-04
6.9503e+06, 4.0259e-04
6.9579e+06, 4.0219e-04
6.9655e+06, 4.0180e-04
6.9731e+06, 4.0140e-04
6.9808e+06, 4.0100e-04
6.9884e+06, 4.0060e-04
6.9961e+06, 4.0020e-04
7.0000e+06, 4.0000e-04
7.0037e+06, 4.0004e-04
7.0114e+06, 4.0012e-04
7.0191e+06, 4.0020e-04
7.0268e+06, 4.0028e-04
7.0345e+06, 4.0036e-04
7.0422e+06, 4.0045e-04
7.0500e+06, 4.0053e-04
7.0578e+06, 4.0061e-04
7.0668e+06, 4.0070e-04
7.0772e+06, 4.0081e-04
7.0876e+06, 4.0092e-04
7.0980e+06, 4.0103e-04
7.1085e+06, 4.0114e-04
7.1190e+06, 4.0125e-04
7.1295e+06, 4.0136e-04
7.1400e+06, 4.0147e-04
7.1505e+06, 4.0158e-04
7.1611e+06, 4.0169e-04
7.1717e+06, 4.0180e-04
7.1823e+06, 4.0191e-04
7.1929e+06, 4.0202e-04
7.2036e+06, 4.0213e-04
7.2143e+06, 4.0224e-04
7.2250e+06, 4.0235e-04
7.2357e+06, 4.0246e-04
7.2451e+06, 4.0255e-04
7.2532e+06, 4.0264e-04
7.2613e+06, 4.0272e-04
7.2694e+06, 4.0280e-04
7.2776e+06, 4.0289e-04
7.2857e+06, 4.0297e-04
7.2938e+06, 4.0305e-04
7.3020e+06, 4.0314e-04
7.3102e+06, 4.0322e-04
7.3184e+06, 4.0330e-04
7.3266e+06, 4.0339e-04
7.3348e+06, 4.0347e-04
7.3430e+06, 4.0355e-04
7.3513e+06, 4.0364e-04
7.3595e+06, 4.0372e-04
7.3678e+06, 4.0381e-04
7.3761e+06, 4.0389e-04
7.3844e+06, 4.0397e-04
7.3927e+06, 4.0406e-04
7.4010e+06, 4.0414e-04
7.4094e+06, 4.0423e-04
7.4178e+06, 4.0431e-04
7.4261e+06, 4.0440e-04
7.4345e+06, 4.0448e-04
7.4429e+06, 4.0456e-04
7.4513e+06, 4.0465e-04
7.4626e+06, 4.0476e-04
7.4767e+06, 4.0490e-04
7.4908e+06, 4.0504e-04
7.5000e+06, 4.0514e-04
7.5050e+06, 4.0519e-04
7.5192e+06, 4.0533e-04
7.5334e+06, 4.0547e-04
7.5477e+06, 4.0561e-04
7.5552e+06, 4.0569e-04
7.5621e+06, 4.0575e-04
7.5764e+06, 4.0590e-04
7.5909e+06, 4.0604e-04
7.6053e+06, 4.0618e-04
7.6198e+06, 4.0633e-04
7.6344e+06, 4.0647e-04
7.6490e+06, 4.0661e-04
7.6636e+06, 4.0676e-04
7.6782e+06, 4.0690e-04
7.6930e+06, 4.0704e-04
7.7077e+06, 4.0719e-04
7.7225e+06, 4.0733e-04
7.7373e+06, 4.0748e-04
7.7522e+06, 4.0762e-04
7.7672e+06, 4.0777e-04
7.7821e+06, 4.0791e-04
7.7971e+06, 4.0806e-04
7.8122e+06, 4.0820e-04
7.8348e+06, 4.0842e-04
7.8652e+06, 4.0871e-04
7.8839e+06, 4.0889e-04
7.8958e+06, 4.0901e-04
7.9265e+06, 4.0930e-04
7.9345e+06, 4.0938e-04
7.9345e+06, 4.0938e-04
7.9438e+06, 4.0947e-04
7.9438e+06, 4.0947e-04
7.9574e+06, 4.0960e-04
7.9885e+06, 4.0989e-04
8.0000e+06, 4.1000e-04
8.0125e+06, 4.0944e-04
8.0198e+06, 4.0912e-04
8.0224e+06, 4.0900e-04
8.0512e+06, 4.0772e-04
8.0829e+06, 4.0633e-04
8.1147e+06, 4.0494e-04
8.1467e+06, 4.0356e-04
8.1790e+06, 4.0217e-04
8.2114e+06, 4.0079e-04
8.2281e+06, 4.0008e-04
8.2440e+06, 3.9941e-04
8.2549e+06, 3.9894e-04
8.2550e+06, 3.9894e-04
8.2709e+06, 3.9827e-04
8.2768e+06, 3.9803e-04
8.3098e+06, 3.9665e-04
8.3429e+06, 3.9527e-04
8.3562e+06, 3.9473e-04
8.3562e+06, 3.9472e-04
8.3763e+06, 3.9390e-04
8.4099e+06, 3.9253e-04
8.4437e+06, 3.9116e-04
8.4762e+06, 3.8985e-04
8.4777e+06, 3.8979e-04
8.5000e+06, 3.8890e-04
8.5119e+06, 3.8842e-04
8.5464e+06, 3.8706e-04
8.5810e+06, 3.8570e-04
8.6158e+06, 3.8434e-04
8.6509e+06, 3.8298e-04
8.6861e+06, 3.8163e-04
8.7216e+06, 3.8027e-04
8.7298e+06, 3.7996e-04
8.7298e+06, 3.7996e-04
8.7573e+06, 3.7892e-04
8.7932e+06, 3.7757e-04
8.8294e+06, 3.7622e-04
8.8658e+06, 3.7488e-04
8.9024e+06, 3.7353e-04
8.9392e+06, 3.7219e-04
8.9762e+06, 3.7085e-04
9.0000e+06, 3.7000e-04
9.0135e+06, 3.6971e-04
9.0461e+06, 3.6900e-04
9.0461e+06, 3.6900e-04
9.0511e+06, 3.6890e-04
9.0888e+06, 3.6809e-04
9.1268e+06, 3.6728e-04
9.1650e+06, 3.6647e-04
9.1856e+06, 3.6604e-04
9.1857e+06, 3.6604e-04
9.2035e+06, 3.6566e-04
9.2422e+06, 3.6485e-04
9.2812e+06, 3.6404e-04
9.3169e+06, 3.6331e-04
9.3169e+06, 3.6331e-04
9.3204e+06, 3.6324e-04
9.3500e+06, 3.6263e-04
9.3698e+06, 3.6222e-04
9.3897e+06, 3.6182e-04
9.4096e+06, 3.6142e-04
9.4296e+06, 3.6101e-04
9.4596e+06, 3.6041e-04
9.4597e+06, 3.6041e-04
9.5000e+06, 3.5960e-04
9.5000e+06, 3.5960e-04
9.5406e+06, 3.5879e-04
9.5815e+06, 3.5798e-04
9.6227e+06, 3.5717e-04
9.6641e+06, 3.5636e-04
9.7058e+06, 3.5556e-04
9.7477e+06, 3.5475e-04
9.7900e+06, 3.5394e-04
9.8325e+06, 3.5313e-04
9.8752e+06, 3.5233e-04
9.9400e+06, 3.5111e-04
1.0000e+07, 3.5000e-04
1.0027e+07, 3.5000e-04
1.0116e+07, 3.5000e-04
1.0205e+07, 3.5000e-04
1.0296e+07, 3.5000e-04
1.0388e+07, 3.5000e-04
1.0481e+07, 3.5000e-04
1.0576e+07, 3.5000e-04
1.0672e+07, 3.5000e-04
1.0769e+07, 3.5000e-04
1.0868e+07, 3.5000e-04
1.0967e+07, 3.5000e-04
1.0967e+07, 3.5000e-04
1.0967e+07, 3.5000e-04
1.1000e+07, 3.5000e-04
1.1002e+07, 3.5012e-04
1.1002e+07, 3.5013e-04
1.1069e+07, 3.5398e-04
1.1171e+07, 3.5997e-04
1.1275e+07, 3.6610e-04
1.1381e+07, 3.7236e-04
1.1488e+07, 3.7875e-04
1.1597e+07, 3.8529e-04
1.1707e+07, 3.9197e-04
1.1819e+07, 3.9881e-04
1.1932e+07, 4.0579e-04
1.2000e+07, 4.1000e-04
1.2047e+07, 4.1187e-04
1.2164e+07, 4.1652e-04
1.2282e+07, 4.2124e-04
1.2402e+07, 4.2603e-04
1.2524e+07, 4.3091e-04
1.2648e+07, 4.3587e-04
1.2774e+07, 4.4091e-04
1.2901e+07, 4.4603e-04
1.3000e+07, 4.5000e-04
1.3031e+07, 4.5415e-04
1.3162e+07, 4.7220e-04
1.3296e+07, 4.9106e-04
1.3431e+07, 5.1078e-04
1.3569e+07, 5.3140e-04
1.3709e+07, 5.5296e-04
1.3851e+07, 5.7552e-04
1.3963e+07, 5.9387e-04
1.3995e+07, 5.9912e-04
1.4000e+07, 6.0000e-04
1.4141e+07, 6.0699e-04
1.4290e+07, 6.1437e-04
1.4441e+07, 6.2188e-04
1.4500e+07, 6.2480e-04
1.4595e+07, 6.2952e-04
1.4751e+07, 6.3729e-04
1.4909e+07, 6.4521e-04
1.5070e+07, 6.5327e-04
1.5234e+07, 6.6148e-04
1.5401e+07, 6.6983e-04
1.5570e+07, 6.7834e-04
1.5742e+07, 6.8701e-04
1.5918e+07, 6.9583e-04
1.6000e+07, 7.0000e-04
1.6096e+07, 7.2133e-04
1.6276e+07, 7.6318e-04
1.6461e+07, 8.0773e-04
1.6648e+07, 8.5517e-04
1.6838e+07, 9.0570e-04
1.7032e+07, 9.5955e-04
1.7230e+07, 1.0169e-03
1.7430e+07, 1.0781e-03
1.7500e+07, 1.1000e-03
1.7635e+07, 1.1756e-03
1.7843e+07, 1.3013e-03
1.8054e+07, 1.4414e-03
1.8270e+07, 1.5975e-03
1.8489e+07, 1.7717e-03
1.8713e+07, 1.9662e-03
1.8940e+07, 2.1834e-03
1.9172e+07, 2.4261e-03
1.9408e+07, 2.6976e-03
1.9649e+07, 3.0016e-03
2.0000e+07, 3.5000e-03
2.0000e+07, 0.0000e+00
2.0962e+07, 0.0000e+00
2.1000e+07, 0.0000e+00
2.1972e+07, 0.0000e+00
2.2000e+07, 0.0000e+00
2.2469e+07, 0.0000e+00
2.2500e+07, 0.0000e+00
2.2933e+07, 0.0000e+00
2.3000e+07, 0.0000e+00
2.3322e+07, 0.0000e+00
2.4000e+07, 0.0000e+00
2.5000e+07, 0.0000e+00
2.6000e+07, 0.0000e+00
2.6169e+07, 0.0000e+00
2.7000e+07, 0.0000e+00
2.7877e+07, 0.0000e+00
2.8000e+07, 0.0000e+00
2.9000e+07, 0.0000e+00
3.0000e+07, 0.0000e+00
3.0046e+07, 0.0000e+00
3.1000e+07, 0.0000e+00
3.1967e+07, 0.0000e+00
3.2000e+07, 0.0000e+00
3.2385e+07, 0.0000e+00
3.2681e+07, 0.0000e+00
3.3000e+07, 0.0000e+00
3.3362e+07, 0.0000e+00
3.4000e+07, 0.0000e+00
3.4381e+07, 0.0000e+00
3.5000e+07, 0.0000e+00
3.5455e+07, 0.0000e+00
3.6000e+07, 0.0000e+00
3.6431e+07, 0.0000e+00
3.7000e+07, 0.0000e+00
3.7144e+07, 0.0000e+00
3.7361e+07, 0.0000e+00
3.7483e+07, 0.0000e+00
3.8000e+07, 0.0000e+00
3.8403e+07, 0.0000e+00
3.9000e+07, 0.0000e+00
3.9670e+07, 0.0000e+00
3.9771e+07, 0.0000e+00
4.0000e+07, 0.0000e+00
4.0282e+07, 0.0000e+00
4.1000e+07, 0.0000e+00
4.2000e+07, 0.0000e+00
4.3000e+07, 0.0000e+00
4.4000e+07, 0.0000e+00
4.4184e+07, 0.0000e+00
4.4565e+07, 0.0000e+00
4.5000e+07, 0.0000e+00
4.5759e+07, 0.0000e+00
4.6000e+07, 0.0000e+00
4.6146e+07, 0.0000e+00
4.6199e+07, 0.0000e+00
4.6855e+07, 0.0000e+00
4.6963e+07, 0.0000e+00
4.7000e+07, 0.0000e+00
4.7133e+07, 0.0000e+00
4.8000e+07, 0.0000e+00
4.8179e+07, 0.0000e+00
4.8333e+07, 0.0000e+00
4.9000e+07, 0.0000e+00
5.0000e+07, 0.0000e+00
5.1000e+07, 0.0000e+00
5.1242e+07, 0.0000e+00
5.1529e+07, 0.0000e+00
5.1968e+07, 0.0000e+00
5.2000e+07, 0.0000e+00
5.3000e+07, 0.0000e+00
5.4000e+07, 0.0000e+00
5.4968e+07, 0.0000e+00
5.5000e+07, 0.0000e+00
5.6000e+07, 0.0000e+00
5.6211e+07, 0.0000e+00
5.7000e+07, 0.0000e+00
5.7108e+07, 0.0000e+00
5.7637e+07, 0.0000e+00
5.7638e+07, 0.0000e+00
5.8000e+07, 0.0000e+00
5.9000e+07, 0.0000e+00
5.9531e+07, 0.0000e+00
5.9695e+07, 0.0000e+00
6.0000e+07, 0.0000e+00
6.0724e+07, 0.0000e+00
6.0756e+07, 0.0000e+00
6.1000e+07, 0.0000e+00
6.2000e+07, 0.0000e+00
6.3000e+07, 0.0000e+00
6.4000e+07, 0.0000e+00
6.4425e+07, 0.0000e+00
6.5000e+07, 0.0000e+00
6.5681e+07, 0.0000e+00
6.6000e+07, 0.0000e+00
6.7000e+07, 0.0000e+00
6.8000e+07, 0.0000e+00
6.9000e+07, 0.0000e+00
7.0000e+07, 0.0000e+00
7.0440e+07, 0.0000e+00
7.1000e+07, 0.0000e+00
7.1320e+07, 0.0000e+00
7.1534e+07, 0.0000e+00
7.2000e+07, 0.0000e+00
7.3000e+07, 0.0000e+00
7.4000e+07, 0.0000e+00
7.4423e+07, 0.0000e+00
7.5000e+07, 0.0000e+00
7.5314e+07, 0.0000e+00
7.6000e+07, 0.0000e+00
7.7000e+07, 0.0000e+00
7.8000e+07, 0.0000e+00
7.9000e+07, 0.0000e+00
8.0000e+07, 0.0000e+00
8.1000e+07, 0.0000e+00
8.2000e+07, 0.0000e+00
8.3000e+07, 0.0000e+00
8.4000e+07, 0.0000e+00
8.5000e+07, 0.0000e+00
8.6000e+07, 0.0000e+00
8.7000e+07, 0.0000e+00
8.8000e+07, 0.0000e+00
8.9000e+07, 0.0000e+00
9.0000e+07, 0.0000e+00
9.1000e+07, 0.0000e+00
9.2000e+07, 0.0000e+00
9.3000e+07, 0.0000e+00
9.4000e+07, 0.0000e+00
9.5000e+07, 0.0000e+00
9.6000e+07, 0.0000e+00
9.7000e+07, 0.0000e+00
9.8000e+07, 0.0000e+00
9.9000e+07, 0.0000e+00
1.0000e+08, 0.0000e+00
1.0200e+08, 0.0000e+00
1.0400e+08, 0.0000e+00
1.0600e+08, 0.0000e+00
1.0800e+08, 0.0000e+00
1.1000e+08, 0.0000e+00
1.1200e+08, 0.0000e+00
1.1400e+08, 0.0000e+00
1.1600e+08, 0.0000e+00
1.1800e+08, 0.0000e+00
1.2000e+08, 0.0000e+00
1.2200e+08, 0.0000e+00
1.2400e+08, 0.0000e+00
1.2600e+08, 0.0000e+00
1.2800e+08, 0.0000e+00
1.3000e+08, 0.0000e+00
1.3200e+08, 0.0000e+00
1.3400e+08, 0.0000e+00
1.3600e+08, 0.0000e+00
1.3800e+08, 0.0000e+00
1.4000e+08, 0.0000e+00
1.4200e+08, 0.0000e+00
1.4400e+08, 0.0000e+00
1.4600e+08, 0.0000e+00
1.4800e+08, 0.0000e+00
1.5000e+08, 0.0000e+00
