ebin, xs
1.0000e-05, 1.2100e+02
1.0625e-05, 1.1739e+02
1.1250e-05, 1.1408e+02
1.1875e-05, 1.1104e+02
1.2500e-05, 1.0823e+02
1.3750e-05, 1.0319e+02
1.5000e-05, 9.8797e+01
1.6250e-05, 9.4922e+01
1.7500e-05, 9.1469e+01
1.8750e-05, 8.8367e+01
2.0000e-05, 8.5561e+01
2.1875e-05, 8.1812e+01
2.3750e-05, 7.8516e+01
2.5625e-05, 7.5589e+01
2.7500e-05, 7.2967e+01
2.9375e-05, 7.0600e+01
3.1250e-05, 6.8449e+01
3.3125e-05, 6.6483e+01
3.5000e-05, 6.4678e+01
3.8750e-05, 6.1469e+01
4.2500e-05, 5.8694e+01
4.6250e-05, 5.6265e+01
5.0000e-05, 5.4114e+01
5.3125e-05, 5.2498e+01
5.6250e-05, 5.1019e+01
5.9375e-05, 4.9658e+01
6.2500e-05, 4.8401e+01
6.8750e-05, 4.6148e+01
7.5000e-05, 4.4183e+01
8.1250e-05, 4.2450e+01
8.7500e-05, 4.0906e+01
9.3750e-05, 3.9519e+01
1.0000e-04, 3.8264e+01
1.0625e-04, 3.7121e+01
1.1250e-04, 3.6076e+01
1.1875e-04, 3.5113e+01
1.2500e-04, 3.4224e+01
1.3750e-04, 3.2631e+01
1.5000e-04, 3.1242e+01
1.6250e-04, 3.0017e+01
1.7500e-04, 2.8925e+01
1.8750e-04, 2.7944e+01
2.0000e-04, 2.7056e+01
2.1875e-04, 2.5871e+01
2.3750e-04, 2.4829e+01
2.5625e-04, 2.3903e+01
2.7500e-04, 2.3074e+01
2.9375e-04, 2.2325e+01
3.1250e-04, 2.1645e+01
3.3125e-04, 2.1023e+01
3.5000e-04, 2.0452e+01
3.8750e-04, 1.9438e+01
4.2500e-04, 1.8560e+01
4.6250e-04, 1.7792e+01
5.0000e-04, 1.7112e+01
5.3125e-04, 1.6601e+01
5.6250e-04, 1.6133e+01
5.9375e-04, 1.5702e+01
6.2500e-04, 1.5305e+01
6.8750e-04, 1.4593e+01
7.5000e-04, 1.3971e+01
8.1250e-04, 1.3423e+01
8.7500e-04, 1.2935e+01
9.3750e-04, 1.2496e+01
1.0000e-03, 1.2099e+01
1.0625e-03, 1.1738e+01
1.1250e-03, 1.1407e+01
1.1875e-03, 1.1103e+01
1.2500e-03, 1.0822e+01
1.3750e-03, 1.0318e+01
1.5000e-03, 9.8786e+00
1.6250e-03, 9.4910e+00
1.7500e-03, 9.1456e+00
1.8750e-03, 8.8355e+00
2.0000e-03, 8.5548e+00
2.1875e-03, 8.1799e+00
2.3750e-03, 7.8502e+00
2.5625e-03, 7.5575e+00
2.7500e-03, 7.2952e+00
2.9375e-03, 7.0585e+00
3.1250e-03, 6.8434e+00
3.3125e-03, 6.6468e+00
3.5000e-03, 6.4662e+00
3.8750e-03, 6.1452e+00
4.2500e-03, 5.8676e+00
4.6250e-03, 5.6245e+00
5.0000e-03, 5.4093e+00
5.3125e-03, 5.2477e+00
5.6250e-03, 5.0997e+00
5.9375e-03, 4.9636e+00
6.2500e-03, 4.8378e+00
6.8750e-03, 4.6124e+00
7.5000e-03, 4.4158e+00
8.1250e-03, 4.2423e+00
8.7500e-03, 4.0877e+00
9.3750e-03, 3.9488e+00
1.0000e-02, 3.8232e+00
1.0625e-02, 3.7089e+00
1.1250e-02, 3.6043e+00
1.1875e-02, 3.5081e+00
1.2500e-02, 3.4191e+00
1.3750e-02, 3.2598e+00
1.5000e-02, 3.1207e+00
1.6250e-02, 2.9979e+00
1.7500e-02, 2.8885e+00
1.8750e-02, 2.7902e+00
2.0000e-02, 2.7013e+00
2.1325e-02, 2.6157e+00
2.2650e-02, 2.5377e+00
2.3975e-02, 2.4663e+00
2.5300e-02, 2.4006e+00
2.6844e-02, 2.3303e+00
2.8387e-02, 2.2659e+00
2.9931e-02, 2.2065e+00
3.1475e-02, 2.1516e+00
3.4563e-02, 2.0529e+00
3.7650e-02, 1.9664e+00
4.0738e-02, 1.8899e+00
4.3825e-02, 1.8216e+00
4.6913e-02, 1.7601e+00
5.0000e-02, 1.7045e+00
5.3125e-02, 1.6532e+00
5.6250e-02, 1.6062e+00
5.9375e-02, 1.5631e+00
6.2500e-02, 1.5233e+00
6.8750e-02, 1.4519e+00
7.5000e-02, 1.3893e+00
8.1250e-02, 1.3341e+00
8.7500e-02, 1.2849e+00
9.3750e-02, 1.2407e+00
1.0000e-01, 1.2007e+00
1.0625e-01, 1.1643e+00
1.1250e-01, 1.1309e+00
1.1875e-01, 1.1003e+00
1.2500e-01, 1.0721e+00
1.3750e-01, 1.0213e+00
1.5000e-01, 9.7688e-01
1.6250e-01, 9.3763e-01
1.7500e-01, 9.0263e-01
1.8750e-01, 8.7120e-01
2.0000e-01, 8.4283e-01
2.1875e-01, 8.0485e-01
2.3750e-01, 7.7132e-01
2.5625e-01, 7.4151e-01
2.7500e-01, 7.1478e-01
2.9375e-01, 6.9063e-01
3.1250e-01, 6.6867e-01
3.3125e-01, 6.4858e-01
3.5000e-01, 6.3011e-01
3.6875e-01, 6.1306e-01
3.8750e-01, 5.9735e-01
4.2500e-01, 5.6896e-01
5.0000e-01, 5.2187e-01
6.2500e-01, 4.6284e-01
7.5000e-01, 4.1899e-01
8.7500e-01, 3.8487e-01
1.0000e+00, 3.5727e-01
1.1250e+00, 3.3427e-01
1.2500e+00, 3.1478e-01
1.5000e+00, 2.8333e-01
1.7500e+00, 2.5889e-01
2.0000e+00, 2.3918e-01
2.3750e+00, 2.1571e-01
2.7500e+00, 1.9733e-01
3.1250e+00, 1.8245e-01
3.5000e+00, 1.7014e-01
4.2500e+00, 1.5091e-01
5.0000e+00, 1.3658e-01
5.6250e+00, 1.2716e-01
6.2500e+00, 1.1938e-01
7.5000e+00, 1.0735e-01
8.7500e+00, 9.8560e-02
1.0000e+01, 9.1919e-02
1.1250e+01, 8.6778e-02
1.2500e+01, 8.2743e-02
1.5000e+01, 7.6992e-02
1.7500e+01, 7.3347e-02
2.0000e+01, 7.1115e-02
2.3750e+01, 6.9618e-02
2.7500e+01, 6.9772e-02
3.1250e+01, 7.1259e-02
3.5000e+01, 7.3978e-02
3.8750e+01, 7.7965e-02
4.2500e+01, 8.3374e-02
4.6250e+01, 9.0486e-02
5.0000e+01, 9.9749e-02
5.2793e+01, 1.0845e-01
5.5586e+01, 1.1914e-01
5.8379e+01, 1.3241e-01
6.1171e+01, 1.4911e-01
6.3964e+01, 1.7041e-01
6.5361e+01, 1.8334e-01
6.6757e+01, 1.9823e-01
6.8153e+01, 2.1546e-01
6.9550e+01, 2.3555e-01
7.0946e+01, 2.5917e-01
7.2343e+01, 2.8721e-01
7.3870e+01, 3.2445e-01
7.5397e+01, 3.7023e-01
7.6161e+01, 3.9747e-01
7.6543e+01, 4.1217e-01
7.6925e+01, 4.2792e-01
7.7307e+01, 4.4475e-01
7.7688e+01, 4.6269e-01
7.7879e+01, 4.7208e-01
7.8070e+01, 4.8179e-01
7.8261e+01, 4.9184e-01
7.8452e+01, 5.0225e-01
7.8621e+01, 5.1178e-01
7.8790e+01, 5.2160e-01
7.8959e+01, 5.3173e-01
7.9129e+01, 5.4218e-01
7.9298e+01, 5.5297e-01
7.9467e+01, 5.6410e-01
7.9551e+01, 5.6980e-01
7.9636e+01, 5.7559e-01
7.9720e+01, 5.8149e-01
7.9805e+01, 5.8748e-01
7.9849e+01, 5.9061e-01
7.9914e+01, 5.9536e-01
7.9979e+01, 6.0017e-01
8.0045e+01, 6.0505e-01
8.0110e+01, 6.0999e-01
8.0241e+01, 6.2007e-01
8.0372e+01, 6.3042e-01
8.0503e+01, 6.4105e-01
8.0634e+01, 6.5195e-01
8.0765e+01, 6.6315e-01
8.0896e+01, 6.7467e-01
8.0994e+01, 6.8352e-01
8.1092e+01, 6.9256e-01
8.1190e+01, 7.0180e-01
8.1289e+01, 7.1124e-01
8.1387e+01, 7.2088e-01
8.1485e+01, 7.3073e-01
8.1681e+01, 7.5108e-01
8.1878e+01, 7.7234e-01
8.2074e+01, 7.9456e-01
8.2270e+01, 8.1783e-01
8.2467e+01, 8.4219e-01
8.2729e+01, 8.7649e-01
8.2990e+01, 9.1306e-01
8.3252e+01, 9.5210e-01
8.3514e+01, 9.9383e-01
8.3776e+01, 1.0385e+00
8.4038e+01, 1.0865e+00
8.4300e+01, 1.1382e+00
8.4561e+01, 1.1938e+00
8.4801e+01, 1.2484e+00
8.5041e+01, 1.3070e+00
8.5281e+01, 1.3700e+00
8.5522e+01, 1.4379e+00
8.5762e+01, 1.5112e+00
8.6002e+01, 1.5905e+00
8.6242e+01, 1.6763e+00
8.6482e+01, 1.7696e+00
8.6722e+01, 1.8712e+00
8.6962e+01, 1.9820e+00
8.7202e+01, 2.1034e+00
8.7442e+01, 2.2365e+00
8.7682e+01, 2.3831e+00
8.7922e+01, 2.5451e+00
8.8162e+01, 2.7246e+00
8.8402e+01, 2.9242e+00
8.8663e+01, 3.1676e+00
8.8925e+01, 3.4424e+00
8.9187e+01, 3.7575e+00
8.9449e+01, 4.1194e+00
8.9711e+01, 4.5374e+00
8.9973e+01, 5.0237e+00
9.0234e+01, 5.5940e+00
9.0496e+01, 6.2691e+00
9.0736e+01, 7.0032e+00
9.0976e+01, 7.8763e+00
9.1216e+01, 8.9261e+00
9.1456e+01, 1.0204e+01
9.1576e+01, 1.0949e+01
9.1696e+01, 1.1781e+01
9.1816e+01, 1.2712e+01
9.1936e+01, 1.3759e+01
9.2056e+01, 1.4943e+01
9.2176e+01, 1.6288e+01
9.2296e+01, 1.7823e+01
9.2416e+01, 1.9585e+01
9.2547e+01, 2.1821e+01
9.2678e+01, 2.4466e+01
9.2809e+01, 2.7635e+01
9.2940e+01, 3.1477e+01
9.3071e+01, 3.6195e+01
9.3136e+01, 3.8967e+01
9.3202e+01, 4.2073e+01
9.3267e+01, 4.5571e+01
9.3333e+01, 4.9530e+01
9.3398e+01, 5.4033e+01
9.3464e+01, 5.9185e+01
9.3545e+01, 6.6743e+01
9.3627e+01, 7.5862e+01
9.3709e+01, 8.7009e+01
9.3791e+01, 1.0085e+02
9.3832e+01, 1.0907e+02
9.3873e+01, 1.1835e+02
9.3914e+01, 1.2890e+02
9.3955e+01, 1.4095e+02
9.3995e+01, 1.5480e+02
9.4036e+01, 1.7082e+02
9.4077e+01, 1.8948e+02
9.4118e+01, 2.1137e+02
9.4173e+01, 2.4682e+02
9.4200e+01, 2.6785e+02
9.4227e+01, 2.9149e+02
9.4255e+01, 3.1813e+02
9.4282e+01, 3.4816e+02
9.4309e+01, 3.8201e+02
9.4336e+01, 4.2016e+02
9.4364e+01, 4.6307e+02
9.4391e+01, 5.1117e+02
9.4418e+01, 5.6491e+02
9.4445e+01, 6.2458e+02
9.4500e+01, 7.6244e+02
9.4555e+01, 9.2408e+02
9.4700e+01, 1.4195e+03
9.4773e+01, 1.6370e+03
9.4810e+01, 1.7186e+03
9.4846e+01, 1.7755e+03
9.4900e+01, 1.8070e+03
9.4946e+01, 1.7822e+03
9.4992e+01, 1.7120e+03
9.5038e+01, 1.6033e+03
9.5084e+01, 1.4662e+03
9.5175e+01, 1.1527e+03
9.5221e+01, 9.9701e+02
9.5267e+01, 8.5233e+02
9.5320e+01, 7.0577e+02
9.5372e+01, 5.8184e+02
9.5398e+01, 5.2829e+02
9.5425e+01, 4.8006e+02
9.5451e+01, 4.3678e+02
9.5477e+01, 3.9809e+02
9.5503e+01, 3.6357e+02
9.5530e+01, 3.3280e+02
9.5582e+01, 2.8097e+02
9.5635e+01, 2.3972e+02
9.5687e+01, 2.0665e+02
9.5732e+01, 1.8323e+02
9.5778e+01, 1.6357e+02
9.5823e+01, 1.4692e+02
9.5868e+01, 1.3271e+02
9.5914e+01, 1.2048e+02
9.5959e+01, 1.0988e+02
9.6004e+01, 1.0063e+02
9.6050e+01, 9.2515e+01
9.6140e+01, 7.8983e+01
9.6231e+01, 6.8230e+01
9.6322e+01, 5.9543e+01
9.6412e+01, 5.2425e+01
9.6493e+01, 4.7091e+01
9.6574e+01, 4.2537e+01
9.6656e+01, 3.8620e+01
9.6737e+01, 3.5226e+01
9.6818e+01, 3.2264e+01
9.6899e+01, 2.9662e+01
9.7061e+01, 2.5316e+01
9.7223e+01, 2.1854e+01
9.7386e+01, 1.9054e+01
9.7548e+01, 1.6759e+01
9.7710e+01, 1.4856e+01
9.7853e+01, 1.3433e+01
9.7996e+01, 1.2206e+01
9.8139e+01, 1.1139e+01
9.8282e+01, 1.0206e+01
9.8426e+01, 9.3863e+00
9.8569e+01, 8.6624e+00
9.8855e+01, 7.4510e+00
9.9141e+01, 6.4744e+00
9.9427e+01, 5.6740e+00
9.9714e+01, 5.0132e+00
1.0000e+02, 4.4616e+00
1.0027e+02, 4.0140e+00
1.0055e+02, 3.6305e+00
1.0082e+02, 3.2995e+00
1.0110e+02, 3.0120e+00
1.0137e+02, 2.7605e+00
1.0165e+02, 2.5394e+00
1.0220e+02, 2.1705e+00
1.0275e+02, 1.8813e+00
1.0329e+02, 1.6429e+00
1.0384e+02, 1.4474e+00
1.0439e+02, 1.2855e+00
1.0490e+02, 1.1589e+00
1.0541e+02, 1.0506e+00
1.0592e+02, 9.5697e-01
1.0643e+02, 8.7562e-01
1.0694e+02, 8.0462e-01
1.0745e+02, 7.4240e-01
1.0847e+02, 6.3880e-01
1.0949e+02, 5.5651e-01
1.1051e+02, 4.9193e-01
1.1153e+02, 4.3725e-01
1.1255e+02, 3.9255e-01
1.1341e+02, 3.6134e-01
1.1428e+02, 3.3408e-01
1.1514e+02, 3.1021e-01
1.1600e+02, 2.9009e-01
1.1773e+02, 2.5699e-01
1.1945e+02, 2.3238e-01
1.2118e+02, 2.1388e-01
1.2290e+02, 2.0097e-01
1.2463e+02, 1.9294e-01
1.2636e+02, 1.8969e-01
1.2742e+02, 1.9059e-01
1.2847e+02, 1.9413e-01
1.2953e+02, 2.0094e-01
1.3059e+02, 2.1134e-01
1.3165e+02, 2.2853e-01
1.3218e+02, 2.4042e-01
1.3271e+02, 2.5532e-01
1.3324e+02, 2.7416e-01
1.3377e+02, 2.9828e-01
1.3430e+02, 3.2952e-01
1.3483e+02, 3.6991e-01
1.3516e+02, 4.0288e-01
1.3549e+02, 4.4333e-01
1.3583e+02, 4.9361e-01
1.3616e+02, 5.5709e-01
1.3649e+02, 6.3859e-01
1.3666e+02, 6.8807e-01
1.3683e+02, 7.4512e-01
1.3699e+02, 8.1169e-01
1.3716e+02, 8.9000e-01
1.3733e+02, 9.8280e-01
1.3749e+02, 1.0937e+00
1.3765e+02, 1.2194e+00
1.3781e+02, 1.3715e+00
1.3797e+02, 1.5578e+00
1.3812e+02, 1.7894e+00
1.3828e+02, 2.0830e+00
1.3836e+02, 2.2606e+00
1.3844e+02, 2.4639e+00
1.3851e+02, 2.6988e+00
1.3859e+02, 2.9717e+00
1.3867e+02, 3.2918e+00
1.3875e+02, 3.6712e+00
1.3879e+02, 3.9171e+00
1.3884e+02, 4.1899e+00
1.3888e+02, 4.4948e+00
1.3893e+02, 4.8373e+00
1.3895e+02, 5.0252e+00
1.3897e+02, 5.2253e+00
1.3899e+02, 5.4387e+00
1.3901e+02, 5.6658e+00
1.3904e+02, 5.9102e+00
1.3906e+02, 6.1714e+00
1.3908e+02, 6.4539e+00
1.3910e+02, 6.7575e+00
1.3913e+02, 7.1650e+00
1.3916e+02, 7.6156e+00
1.3917e+02, 7.9420e+00
1.3919e+02, 8.2944e+00
1.3921e+02, 8.6763e+00
1.3923e+02, 9.0893e+00
1.3925e+02, 9.5431e+00
1.3926e+02, 1.0041e+01
1.3928e+02, 1.0591e+01
1.3930e+02, 1.1198e+01
1.3931e+02, 1.1660e+01
1.3932e+02, 1.2155e+01
1.3934e+02, 1.2697e+01
1.3935e+02, 1.3281e+01
1.3936e+02, 1.3922e+01
1.3937e+02, 1.4617e+01
1.3938e+02, 1.5385e+01
1.3940e+02, 1.6220e+01
1.3941e+02, 1.7147e+01
1.3942e+02, 1.8160e+01
1.3943e+02, 1.9288e+01
1.3945e+02, 2.0526e+01
1.3946e+02, 2.1907e+01
1.3947e+02, 2.3426e+01
1.3948e+02, 2.5125e+01
1.3949e+02, 2.6996e+01
1.3951e+02, 2.9307e+01
1.3952e+02, 3.1902e+01
1.3954e+02, 3.4814e+01
1.3955e+02, 3.8082e+01
1.3956e+02, 4.1745e+01
1.3958e+02, 4.5847e+01
1.3959e+02, 5.0436e+01
1.3960e+02, 5.5519e+01
1.3962e+02, 6.1226e+01
1.3963e+02, 6.7574e+01
1.3964e+02, 7.4622e+01
1.3966e+02, 8.2426e+01
1.3967e+02, 9.1046e+01
1.3968e+02, 1.0054e+02
1.3970e+02, 1.1097e+02
1.3971e+02, 1.2230e+02
1.3974e+02, 1.4707e+02
1.3976e+02, 1.7586e+02
1.3979e+02, 2.0916e+02
1.3981e+02, 2.4685e+02
1.3984e+02, 2.8919e+02
1.3987e+02, 3.3566e+02
1.3989e+02, 3.8599e+02
1.3992e+02, 4.3954e+02
1.3997e+02, 5.5817e+02
1.4002e+02, 6.7576e+02
1.4007e+02, 7.5728e+02
1.4011e+02, 8.2314e+02
1.4013e+02, 8.5483e+02
1.4016e+02, 8.7625e+02
1.4020e+02, 8.8769e+02
1.4023e+02, 8.8040e+02
1.4026e+02, 8.5936e+02
1.4029e+02, 8.2267e+02
1.4032e+02, 7.7352e+02
1.4038e+02, 6.5939e+02
1.4044e+02, 5.3031e+02
1.4050e+02, 4.0878e+02
1.4053e+02, 3.5240e+02
1.4055e+02, 3.0058e+02
1.4058e+02, 2.5356e+02
1.4061e+02, 2.1199e+02
1.4064e+02, 1.7575e+02
1.4067e+02, 1.4467e+02
1.4069e+02, 1.1954e+02
1.4072e+02, 9.8428e+01
1.4075e+02, 8.0900e+01
1.4077e+02, 6.6505e+01
1.4079e+02, 6.0319e+01
1.4080e+02, 5.4793e+01
1.4081e+02, 4.9792e+01
1.4083e+02, 4.5341e+01
1.4084e+02, 4.1326e+01
1.4085e+02, 3.7762e+01
1.4088e+02, 3.1710e+01
1.4091e+02, 2.6891e+01
1.4093e+02, 2.3053e+01
1.4096e+02, 1.9989e+01
1.4099e+02, 1.7532e+01
1.4101e+02, 1.5546e+01
1.4104e+02, 1.3928e+01
1.4107e+02, 1.2594e+01
1.4109e+02, 1.1481e+01
1.4112e+02, 1.0626e+01
1.4114e+02, 9.8874e+00
1.4119e+02, 8.6651e+00
1.4124e+02, 7.6944e+00
1.4129e+02, 6.9029e+00
1.4133e+02, 6.2408e+00
1.4138e+02, 5.6789e+00
1.4143e+02, 5.1959e+00
1.4148e+02, 4.7772e+00
1.4157e+02, 4.0859e+00
1.4167e+02, 3.5425e+00
1.4177e+02, 3.1062e+00
1.4186e+02, 2.7500e+00
1.4195e+02, 2.4701e+00
1.4204e+02, 2.2335e+00
1.4213e+02, 2.0316e+00
1.4223e+02, 1.8580e+00
1.4232e+02, 1.7075e+00
1.4241e+02, 1.5760e+00
1.4259e+02, 1.3582e+00
1.4277e+02, 1.1859e+00
1.4295e+02, 1.0476e+00
1.4313e+02, 9.3489e-01
1.4331e+02, 8.4192e-01
1.4351e+02, 7.6009e-01
1.4370e+02, 6.9179e-01
1.4389e+02, 6.3436e-01
1.4408e+02, 5.8565e-01
1.4428e+02, 5.4369e-01
1.4447e+02, 5.0722e-01
1.4485e+02, 4.4756e-01
1.4524e+02, 4.0147e-01
1.4562e+02, 3.6523e-01
1.4601e+02, 3.3631e-01
1.4639e+02, 3.1322e-01
1.4716e+02, 2.7860e-01
1.4793e+02, 2.5464e-01
1.4870e+02, 2.3801e-01
1.4947e+02, 2.2649e-01
1.5101e+02, 2.1393e-01
1.5254e+02, 2.0992e-01
1.5417e+02, 2.1257e-01
1.5579e+02, 2.2072e-01
1.5741e+02, 2.3378e-01
1.5904e+02, 2.5187e-01
1.6066e+02, 2.7574e-01
1.6228e+02, 3.0682e-01
1.6391e+02, 3.4642e-01
1.6472e+02, 3.7053e-01
1.6553e+02, 3.9795e-01
1.6585e+02, 4.0981e-01
1.6617e+02, 4.2237e-01
1.6649e+02, 4.3566e-01
1.6681e+02, 4.4969e-01
1.6713e+02, 4.6452e-01
1.6729e+02, 4.7227e-01
1.6745e+02, 4.8025e-01
1.6761e+02, 4.8846e-01
1.6777e+02, 4.9692e-01
1.6793e+02, 5.0564e-01
1.6809e+02, 5.1461e-01
1.6829e+02, 5.2622e-01
1.6850e+02, 5.3828e-01
1.6860e+02, 5.4448e-01
1.6870e+02, 5.5080e-01
1.6880e+02, 5.5725e-01
1.6890e+02, 5.6383e-01
1.6897e+02, 5.6856e-01
1.6904e+02, 5.7335e-01
1.6918e+02, 5.8314e-01
1.6932e+02, 5.9322e-01
1.6946e+02, 6.0358e-01
1.6956e+02, 6.1080e-01
1.6965e+02, 6.1815e-01
1.6975e+02, 6.2566e-01
1.6985e+02, 6.3331e-01
1.6994e+02, 6.4111e-01
1.7004e+02, 6.4907e-01
1.7013e+02, 6.5720e-01
1.7023e+02, 6.6549e-01
1.7033e+02, 6.7396e-01
1.7042e+02, 6.8260e-01
1.7052e+02, 6.9143e-01
1.7062e+02, 7.0043e-01
1.7081e+02, 7.1904e-01
1.7100e+02, 7.3845e-01
1.7113e+02, 7.5187e-01
1.7126e+02, 7.6568e-01
1.7151e+02, 7.9455e-01
1.7177e+02, 8.2522e-01
1.7203e+02, 8.5780e-01
1.7228e+02, 8.9250e-01
1.7254e+02, 9.2952e-01
1.7279e+02, 9.6909e-01
1.7305e+02, 1.0113e+00
1.7329e+02, 1.0526e+00
1.7352e+02, 1.0966e+00
1.7376e+02, 1.1435e+00
1.7399e+02, 1.1936e+00
1.7423e+02, 1.2472e+00
1.7446e+02, 1.3047e+00
1.7470e+02, 1.3664e+00
1.7493e+02, 1.4328e+00
1.7517e+02, 1.5042e+00
1.7540e+02, 1.5814e+00
1.7564e+02, 1.6648e+00
1.7587e+02, 1.7553e+00
1.7611e+02, 1.8535e+00
1.7634e+02, 1.9604e+00
1.7658e+02, 2.0771e+00
1.7681e+02, 2.2047e+00
1.7717e+02, 2.4271e+00
1.7754e+02, 2.6857e+00
1.7790e+02, 2.9889e+00
1.7808e+02, 3.1604e+00
1.7826e+02, 3.3473e+00
1.7844e+02, 3.5515e+00
1.7863e+02, 3.7747e+00
1.7881e+02, 4.0192e+00
1.7899e+02, 4.2883e+00
1.7917e+02, 4.5867e+00
1.7935e+02, 4.9185e+00
1.7953e+02, 5.2885e+00
1.7972e+02, 5.7021e+00
1.7995e+02, 6.3148e+00
1.8019e+02, 7.0329e+00
1.8042e+02, 7.8821e+00
1.8066e+02, 8.8958e+00
1.8089e+02, 1.0121e+01
1.8101e+02, 1.0831e+01
1.8113e+02, 1.1620e+01
1.8124e+02, 1.2498e+01
1.8136e+02, 1.3480e+01
1.8148e+02, 1.4584e+01
1.8160e+02, 1.5828e+01
1.8175e+02, 1.7657e+01
1.8189e+02, 1.9821e+01
1.8204e+02, 2.2408e+01
1.8219e+02, 2.5536e+01
1.8234e+02, 2.9378e+01
1.8242e+02, 3.1635e+01
1.8249e+02, 3.4161e+01
1.8257e+02, 3.7007e+01
1.8264e+02, 4.0219e+01
1.8272e+02, 4.3874e+01
1.8279e+02, 4.8043e+01
1.8290e+02, 5.5118e+01
1.8301e+02, 6.3846e+01
1.8306e+02, 6.8992e+01
1.8311e+02, 7.4770e+01
1.8317e+02, 8.1277e+01
1.8322e+02, 8.8633e+01
1.8327e+02, 9.6975e+01
1.8333e+02, 1.0646e+02
1.8338e+02, 1.1728e+02
1.8343e+02, 1.2963e+02
1.8349e+02, 1.4375e+02
1.8354e+02, 1.5987e+02
1.8359e+02, 1.7823e+02
1.8365e+02, 1.9907e+02
1.8371e+02, 2.2968e+02
1.8378e+02, 2.6481e+02
1.8385e+02, 3.0425e+02
1.8392e+02, 3.4724e+02
1.8406e+02, 4.3808e+02
1.8413e+02, 4.8135e+02
1.8419e+02, 5.1929e+02
1.8425e+02, 5.4258e+02
1.8430e+02, 5.6007e+02
1.8435e+02, 5.7087e+02
1.8440e+02, 5.7441e+02
1.8448e+02, 5.6493e+02
1.8456e+02, 5.3830e+02
1.8464e+02, 4.9787e+02
1.8472e+02, 4.4834e+02
1.8489e+02, 3.4097e+02
1.8497e+02, 2.9084e+02
1.8505e+02, 2.4621e+02
1.8514e+02, 2.0439e+02
1.8523e+02, 1.6997e+02
1.8532e+02, 1.4215e+02
1.8541e+02, 1.1984e+02
1.8549e+02, 1.0198e+02
1.8558e+02, 8.7617e+01
1.8567e+02, 7.5975e+01
1.8576e+02, 6.6459e+01
1.8584e+02, 5.9185e+01
1.8592e+02, 5.3026e+01
1.8601e+02, 4.7768e+01
1.8609e+02, 4.3247e+01
1.8617e+02, 3.9334e+01
1.8625e+02, 3.5925e+01
1.8633e+02, 3.2938e+01
1.8641e+02, 3.0311e+01
1.8658e+02, 2.5912e+01
1.8674e+02, 2.2407e+01
1.8690e+02, 1.9568e+01
1.8707e+02, 1.7241e+01
1.8722e+02, 1.5389e+01
1.8738e+02, 1.3820e+01
1.8753e+02, 1.2477e+01
1.8769e+02, 1.1319e+01
1.8785e+02, 1.0312e+01
1.8800e+02, 9.4346e+00
1.8816e+02, 8.6642e+00
1.8831e+02, 7.9845e+00
1.8862e+02, 6.8443e+00
1.8894e+02, 5.9323e+00
1.8925e+02, 5.1909e+00
1.8956e+02, 4.5807e+00
1.8985e+02, 4.0957e+00
1.9015e+02, 3.6867e+00
1.9045e+02, 3.3346e+00
1.9074e+02, 3.0290e+00
1.9104e+02, 2.7631e+00
1.9134e+02, 2.5309e+00
1.9163e+02, 2.3268e+00
1.9193e+02, 2.1465e+00
1.9252e+02, 1.8436e+00
1.9312e+02, 1.6008e+00
1.9371e+02, 1.4031e+00
1.9430e+02, 1.2401e+00
1.9502e+02, 1.0795e+00
1.9573e+02, 9.4851e-01
1.9644e+02, 8.4170e-01
1.9715e+02, 7.5074e-01
1.9786e+02, 6.7419e-01
1.9858e+02, 6.0883e-01
1.9929e+02, 5.5239e-01
2.0000e+02, 5.0351e-01
2.0086e+02, 4.5300e-01
2.0172e+02, 4.1087e-01
2.0258e+02, 3.7365e-01
2.0344e+02, 3.4190e-01
2.0430e+02, 3.1344e-01
2.0515e+02, 2.8906e-01
2.0687e+02, 2.4804e-01
2.0859e+02, 2.1583e-01
2.1031e+02, 1.8992e-01
2.1203e+02, 1.6868e-01
2.1375e+02, 1.5117e-01
2.1546e+02, 1.3668e-01
2.1718e+02, 1.2479e-01
2.1890e+02, 1.1433e-01
2.2062e+02, 1.0574e-01
2.2234e+02, 9.8017e-02
2.2405e+02, 9.1697e-02
2.2749e+02, 8.1357e-02
2.3093e+02, 7.3970e-02
2.3436e+02, 6.8697e-02
2.3780e+02, 6.5150e-02
2.4124e+02, 6.3186e-02
2.4399e+02, 6.2766e-02
2.4691e+02, 6.3448e-02
2.4983e+02, 6.5421e-02
2.5275e+02, 6.8917e-02
2.5567e+02, 7.4327e-02
2.5713e+02, 7.7871e-02
2.5859e+02, 8.2282e-02
2.6005e+02, 8.7314e-02
2.6151e+02, 9.3383e-02
2.6297e+02, 1.0086e-01
2.6443e+02, 1.0993e-01
2.6589e+02, 1.2101e-01
2.6735e+02, 1.3467e-01
2.6864e+02, 1.4948e-01
2.6993e+02, 1.6769e-01
2.7122e+02, 1.9035e-01
2.7251e+02, 2.1893e-01
2.7315e+02, 2.3557e-01
2.7380e+02, 2.5499e-01
2.7444e+02, 2.7728e-01
2.7508e+02, 3.0296e-01
2.7573e+02, 3.3277e-01
2.7637e+02, 3.6762e-01
2.7702e+02, 4.0870e-01
2.7766e+02, 4.5761e-01
2.7813e+02, 4.9966e-01
2.7861e+02, 5.4812e-01
2.7908e+02, 6.0430e-01
2.7955e+02, 6.6959e-01
2.8002e+02, 7.4596e-01
2.8050e+02, 8.3756e-01
2.8073e+02, 8.9002e-01
2.8097e+02, 9.4769e-01
2.8109e+02, 9.7875e-01
2.8120e+02, 1.0114e+00
2.8132e+02, 1.0458e+00
2.8144e+02, 1.0820e+00
2.8152e+02, 1.1087e+00
2.8161e+02, 1.1364e+00
2.8169e+02, 1.1653e+00
2.8177e+02, 1.1952e+00
2.8186e+02, 1.2264e+00
2.8194e+02, 1.2588e+00
2.8202e+02, 1.2925e+00
2.8211e+02, 1.3276e+00
2.8218e+02, 1.3619e+00
2.8226e+02, 1.3975e+00
2.8234e+02, 1.4345e+00
2.8242e+02, 1.4730e+00
2.8250e+02, 1.5132e+00
2.8257e+02, 1.5551e+00
2.8265e+02, 1.5987e+00
2.8273e+02, 1.6442e+00
2.8279e+02, 1.6801e+00
2.8285e+02, 1.7173e+00
2.8291e+02, 1.7556e+00
2.8297e+02, 1.7953e+00
2.8303e+02, 1.8363e+00
2.8308e+02, 1.8788e+00
2.8314e+02, 1.9228e+00
2.8320e+02, 1.9684e+00
2.8332e+02, 2.0647e+00
2.8344e+02, 2.1684e+00
2.8356e+02, 2.2801e+00
2.8367e+02, 2.4009e+00
2.8379e+02, 2.5317e+00
2.8391e+02, 2.6736e+00
2.8403e+02, 2.8280e+00
2.8415e+02, 2.9963e+00
2.8427e+02, 3.1805e+00
2.8438e+02, 3.3823e+00
2.8450e+02, 3.6042e+00
2.8462e+02, 3.8490e+00
2.8474e+02, 4.1202e+00
2.8486e+02, 4.4213e+00
2.8497e+02, 4.7573e+00
2.8509e+02, 5.1336e+00
2.8521e+02, 5.5576e+00
2.8533e+02, 6.0368e+00
2.8545e+02, 6.5820e+00
2.8556e+02, 7.2060e+00
2.8568e+02, 7.9257e+00
2.8580e+02, 8.7606e+00
2.8592e+02, 9.7381e+00
2.8604e+02, 1.0894e+01
2.8616e+02, 1.2274e+01
2.8621e+02, 1.3069e+01
2.8627e+02, 1.3944e+01
2.8633e+02, 1.4915e+01
2.8639e+02, 1.5994e+01
2.8645e+02, 1.7201e+01
2.8651e+02, 1.8554e+01
2.8660e+02, 2.1003e+01
2.8665e+02, 2.2426e+01
2.8669e+02, 2.4003e+01
2.8674e+02, 2.5767e+01
2.8678e+02, 2.7740e+01
2.8683e+02, 2.9970e+01
2.8687e+02, 3.2491e+01
2.8692e+02, 3.5368e+01
2.8697e+02, 3.8657e+01
2.8701e+02, 4.2450e+01
2.8706e+02, 4.6828e+01
2.8710e+02, 5.1922e+01
2.8715e+02, 5.7841e+01
2.8719e+02, 6.4749e+01
2.8724e+02, 7.2816e+01
2.8730e+02, 8.5303e+01
2.8736e+02, 1.0046e+02
2.8742e+02, 1.1877e+02
2.8748e+02, 1.4056e+02
2.8754e+02, 1.6618e+02
2.8759e+02, 1.9564e+02
2.8765e+02, 2.2886e+02
2.8771e+02, 2.6522e+02
2.8786e+02, 3.6032e+02
2.8793e+02, 4.0609e+02
2.8800e+02, 4.4607e+02
2.8805e+02, 4.6879e+02
2.8810e+02, 4.8585e+02
2.8815e+02, 4.9640e+02
2.8820e+02, 4.9992e+02
2.8825e+02, 4.9693e+02
2.8829e+02, 4.8823e+02
2.8834e+02, 4.7418e+02
2.8838e+02, 4.5540e+02
2.8847e+02, 4.0642e+02
2.8856e+02, 3.4827e+02
2.8866e+02, 2.8299e+02
2.8876e+02, 2.2233e+02
2.8881e+02, 1.9515e+02
2.8885e+02, 1.7057e+02
2.8890e+02, 1.4860e+02
2.8895e+02, 1.2930e+02
2.8900e+02, 1.1376e+02
2.8904e+02, 1.0023e+02
2.8909e+02, 8.8487e+01
2.8913e+02, 7.8351e+01
2.8918e+02, 6.9628e+01
2.8922e+02, 6.2134e+01
2.8927e+02, 5.5697e+01
2.8931e+02, 5.0161e+01
2.8936e+02, 4.5390e+01
2.8940e+02, 4.1265e+01
2.8945e+02, 3.7683e+01
2.8949e+02, 3.4560e+01
2.8953e+02, 3.1822e+01
2.8958e+02, 2.9411e+01
2.8967e+02, 2.5377e+01
2.8975e+02, 2.2283e+01
2.8984e+02, 1.9748e+01
2.8993e+02, 1.7638e+01
2.9001e+02, 1.5860e+01
2.9010e+02, 1.4346e+01
2.9018e+02, 1.3043e+01
2.9027e+02, 1.1914e+01
2.9035e+02, 1.0928e+01
2.9044e+02, 1.0061e+01
2.9052e+02, 9.2958e+00
2.9070e+02, 8.0090e+00
2.9087e+02, 6.9756e+00
2.9104e+02, 6.1331e+00
2.9120e+02, 5.4672e+00
2.9136e+02, 4.9057e+00
2.9153e+02, 4.4272e+00
2.9169e+02, 4.0156e+00
2.9185e+02, 3.6587e+00
2.9201e+02, 3.3473e+00
2.9218e+02, 3.0740e+00
2.9234e+02, 2.8331e+00
2.9267e+02, 2.4295e+00
2.9299e+02, 2.1069e+00
2.9332e+02, 1.8449e+00
2.9364e+02, 1.6292e+00
2.9394e+02, 1.4660e+00
2.9423e+02, 1.3265e+00
2.9452e+02, 1.2066e+00
2.9482e+02, 1.1028e+00
2.9511e+02, 1.0117e+00
2.9540e+02, 9.3114e-01
2.9599e+02, 7.9639e-01
2.9658e+02, 6.8914e-01
2.9716e+02, 6.0244e-01
2.9775e+02, 5.3132e-01
2.9834e+02, 4.7227e-01
2.9889e+02, 4.2523e-01
2.9944e+02, 3.8501e-01
3.0000e+02, 3.5035e-01
3.0055e+02, 3.2032e-01
3.0110e+02, 2.9444e-01
3.0166e+02, 2.7156e-01
3.0277e+02, 2.3288e-01
3.0387e+02, 2.0216e-01
3.0498e+02, 1.7734e-01
3.0609e+02, 1.5702e-01
3.0720e+02, 1.4016e-01
3.0824e+02, 1.2679e-01
3.0928e+02, 1.1536e-01
3.1032e+02, 1.0550e-01
3.1137e+02, 9.6954e-02
3.1241e+02, 8.9485e-02
3.1345e+02, 8.2964e-02
3.1554e+02, 7.2052e-02
3.1762e+02, 6.3336e-02
3.1971e+02, 5.6297e-02
3.2179e+02, 5.0532e-02
3.2388e+02, 4.5753e-02
3.2609e+02, 4.1522e-02
3.2831e+02, 3.7985e-02
3.3052e+02, 3.4999e-02
3.3274e+02, 3.2460e-02
3.3717e+02, 2.8491e-02
3.4160e+02, 2.5448e-02
3.4603e+02, 2.3167e-02
3.5046e+02, 2.1466e-02
3.5489e+02, 2.0228e-02
3.5932e+02, 1.9383e-02
3.6349e+02, 1.8908e-02
3.6766e+02, 1.8735e-02
3.7157e+02, 1.8860e-02
3.7548e+02, 1.9302e-02
3.7939e+02, 2.0125e-02
3.8330e+02, 2.1441e-02
3.8526e+02, 2.2281e-02
3.8721e+02, 2.3360e-02
3.8917e+02, 2.4679e-02
3.9112e+02, 2.6296e-02
3.9307e+02, 2.8288e-02
3.9503e+02, 3.0764e-02
3.9698e+02, 3.3876e-02
3.9894e+02, 3.7847e-02
4.0044e+02, 4.1722e-02
4.0194e+02, 4.6327e-02
4.0344e+02, 5.2246e-02
4.0493e+02, 5.9797e-02
4.0568e+02, 6.4389e-02
4.0643e+02, 6.9651e-02
4.0718e+02, 7.5735e-02
4.0793e+02, 8.2841e-02
4.0868e+02, 9.1178e-02
4.0943e+02, 1.0103e-01
4.1018e+02, 1.1277e-01
4.1093e+02, 1.2682e-01
4.1158e+02, 1.4177e-01
4.1223e+02, 1.5984e-01
4.1288e+02, 1.8196e-01
4.1353e+02, 2.0941e-01
4.1419e+02, 2.4408e-01
4.1451e+02, 2.6495e-01
4.1484e+02, 2.8875e-01
4.1516e+02, 3.1601e-01
4.1549e+02, 3.4736e-01
4.1581e+02, 3.8379e-01
4.1614e+02, 4.2667e-01
4.1645e+02, 4.7486e-01
4.1676e+02, 5.3208e-01
4.1707e+02, 6.0069e-01
4.1738e+02, 6.8392e-01
4.1769e+02, 7.8620e-01
4.1800e+02, 9.1374e-01
4.1815e+02, 9.8973e-01
4.1831e+02, 1.0758e+00
4.1838e+02, 1.1233e+00
4.1846e+02, 1.1740e+00
4.1854e+02, 1.2284e+00
4.1862e+02, 1.2867e+00
4.1873e+02, 1.3774e+00
4.1878e+02, 1.4265e+00
4.1884e+02, 1.4783e+00
4.1889e+02, 1.5331e+00
4.1895e+02, 1.5912e+00
4.1900e+02, 1.6526e+00
4.1906e+02, 1.7178e+00
4.1908e+02, 1.7430e+00
4.1912e+02, 1.8045e+00
4.1917e+02, 1.8693e+00
4.1922e+02, 1.9377e+00
4.1927e+02, 2.0101e+00
4.1934e+02, 2.1228e+00
4.1941e+02, 2.2454e+00
4.1944e+02, 2.3109e+00
4.1948e+02, 2.3794e+00
4.1951e+02, 2.4511e+00
4.1955e+02, 2.5263e+00
4.1958e+02, 2.6053e+00
4.1961e+02, 2.6880e+00
4.1965e+02, 2.7749e+00
4.1968e+02, 2.8663e+00
4.1972e+02, 2.9624e+00
4.1975e+02, 3.0638e+00
4.1979e+02, 3.1708e+00
4.1982e+02, 3.2837e+00
4.1986e+02, 3.4325e+00
4.1991e+02, 3.5924e+00
4.1995e+02, 3.7644e+00
4.1999e+02, 3.9496e+00
4.2004e+02, 4.1505e+00
4.2008e+02, 4.3680e+00
4.2012e+02, 4.6054e+00
4.2016e+02, 4.8642e+00
4.2021e+02, 5.1489e+00
4.2025e+02, 5.4628e+00
4.2029e+02, 5.8107e+00
4.2034e+02, 6.1973e+00
4.2038e+02, 6.6316e+00
4.2042e+02, 7.1204e+00
4.2046e+02, 7.6768e+00
4.2051e+02, 8.3115e+00
4.2054e+02, 8.8972e+00
4.2058e+02, 9.5548e+00
4.2061e+02, 1.0298e+01
4.2064e+02, 1.1143e+01
4.2068e+02, 1.2107e+01
4.2071e+02, 1.3207e+01
4.2075e+02, 1.4467e+01
4.2078e+02, 1.5912e+01
4.2082e+02, 1.7579e+01
4.2085e+02, 1.9489e+01
4.2089e+02, 2.1685e+01
4.2092e+02, 2.4206e+01
4.2096e+02, 2.7095e+01
4.2099e+02, 3.0400e+01
4.2103e+02, 3.4167e+01
4.2106e+02, 3.8447e+01
4.2111e+02, 4.4830e+01
4.2115e+02, 5.2258e+01
4.2119e+02, 6.0822e+01
4.2124e+02, 7.0595e+01
4.2128e+02, 8.1624e+01
4.2133e+02, 9.3918e+01
4.2137e+02, 1.0744e+02
4.2142e+02, 1.2208e+02
4.2149e+02, 1.4666e+02
4.2156e+02, 1.7275e+02
4.2170e+02, 2.2465e+02
4.2179e+02, 2.5342e+02
4.2187e+02, 2.7440e+02
4.2194e+02, 2.8302e+02
4.2200e+02, 2.8593e+02
4.2205e+02, 2.8399e+02
4.2210e+02, 2.7832e+02
4.2215e+02, 2.6916e+02
4.2220e+02, 2.5690e+02
4.2231e+02, 2.2381e+02
4.2241e+02, 1.8488e+02
4.2251e+02, 1.4702e+02
4.2261e+02, 1.1233e+02
4.2266e+02, 9.6904e+01
4.2271e+02, 8.2986e+01
4.2276e+02, 7.0632e+01
4.2281e+02, 5.9830e+01
4.2286e+02, 5.0915e+01
4.2291e+02, 4.3277e+01
4.2295e+02, 3.6771e+01
4.2300e+02, 3.1302e+01
4.2305e+02, 2.6718e+01
4.2310e+02, 2.2913e+01
4.2314e+02, 1.9762e+01
4.2319e+02, 1.7156e+01
4.2324e+02, 1.5000e+01
4.2329e+02, 1.3220e+01
4.2333e+02, 1.1742e+01
4.2338e+02, 1.0510e+01
4.2343e+02, 9.4746e+00
4.2348e+02, 8.6011e+00
4.2352e+02, 7.8568e+00
4.2357e+02, 7.2172e+00
4.2366e+02, 6.2227e+00
4.2375e+02, 5.4439e+00
4.2384e+02, 4.8173e+00
4.2393e+02, 4.3022e+00
4.2402e+02, 3.8715e+00
4.2411e+02, 3.5062e+00
4.2420e+02, 3.1928e+00
4.2429e+02, 2.9214e+00
4.2438e+02, 2.6845e+00
4.2447e+02, 2.4762e+00
4.2465e+02, 2.1281e+00
4.2483e+02, 1.8502e+00
4.2502e+02, 1.6245e+00
4.2518e+02, 1.4565e+00
4.2534e+02, 1.3140e+00
4.2550e+02, 1.1919e+00
4.2566e+02, 1.0865e+00
4.2582e+02, 9.9480e-01
4.2599e+02, 9.1448e-01
4.2631e+02, 7.8083e-01
4.2663e+02, 6.7473e-01
4.2695e+02, 5.8917e-01
4.2728e+02, 5.1921e-01
4.2760e+02, 4.6128e-01
4.2791e+02, 4.1539e-01
4.2821e+02, 3.7621e-01
4.2851e+02, 3.4248e-01
4.2882e+02, 3.1326e-01
4.2912e+02, 2.8783e-01
4.2943e+02, 2.6558e-01
4.3003e+02, 2.2844e-01
4.3064e+02, 1.9873e-01
4.3125e+02, 1.7474e-01
4.3186e+02, 1.5512e-01
4.3247e+02, 1.3886e-01
4.3311e+02, 1.2446e-01
4.3376e+02, 1.1241e-01
4.3441e+02, 1.0222e-01
4.3505e+02, 9.3550e-02
4.3570e+02, 8.6210e-02
4.3635e+02, 7.9815e-02
4.3764e+02, 6.9222e-02
4.3893e+02, 6.1038e-02
4.4023e+02, 5.4608e-02
4.4152e+02, 4.9483e-02
4.4281e+02, 4.5351e-02
4.4479e+02, 4.0472e-02
4.4677e+02, 3.6904e-02
4.4874e+02, 3.4217e-02
4.5072e+02, 3.2255e-02
4.5270e+02, 3.0825e-02
4.5467e+02, 2.9818e-02
4.5665e+02, 2.9171e-02
4.5863e+02, 2.8855e-02
4.6198e+02, 2.9001e-02
4.6532e+02, 2.9877e-02
4.6867e+02, 3.1526e-02
4.7201e+02, 3.4082e-02
4.7536e+02, 3.7650e-02
4.7871e+02, 4.2670e-02
4.8038e+02, 4.5813e-02
4.8205e+02, 4.9636e-02
4.8373e+02, 5.4106e-02
4.8540e+02, 5.9301e-02
4.8707e+02, 6.5666e-02
4.8874e+02, 7.3433e-02
4.9042e+02, 8.2988e-02
4.9209e+02, 9.4920e-02
4.9376e+02, 1.1001e-01
4.9460e+02, 1.1915e-01
4.9544e+02, 1.2956e-01
4.9627e+02, 1.4152e-01
4.9711e+02, 1.5543e-01
4.9795e+02, 1.7162e-01
4.9878e+02, 1.9036e-01
4.9939e+02, 2.0616e-01
5.0000e+02, 2.2440e-01
5.0097e+02, 2.5927e-01
5.0146e+02, 2.7979e-01
5.0195e+02, 3.0285e-01
5.0243e+02, 3.2912e-01
5.0268e+02, 3.4363e-01
5.0292e+02, 3.5918e-01
5.0316e+02, 3.7586e-01
5.0341e+02, 3.9376e-01
5.0365e+02, 4.1302e-01
5.0377e+02, 4.2319e-01
5.0389e+02, 4.3374e-01
5.0403e+02, 4.4619e-01
5.0417e+02, 4.5919e-01
5.0431e+02, 4.7279e-01
5.0444e+02, 4.8701e-01
5.0445e+02, 4.8768e-01
5.0447e+02, 4.8944e-01
5.0448e+02, 4.9119e-01
5.0452e+02, 4.9472e-01
5.0458e+02, 5.0191e-01
5.0471e+02, 5.1676e-01
5.0485e+02, 5.3349e-01
5.0499e+02, 5.5104e-01
5.0513e+02, 5.6951e-01
5.0528e+02, 5.8892e-01
5.0542e+02, 6.0938e-01
5.0556e+02, 6.3093e-01
5.0570e+02, 6.5368e-01
5.0584e+02, 6.7769e-01
5.0598e+02, 7.0309e-01
5.0612e+02, 7.2996e-01
5.0626e+02, 7.5845e-01
5.0640e+02, 7.8865e-01
5.0654e+02, 8.2075e-01
5.0668e+02, 8.5487e-01
5.0682e+02, 8.9124e-01
5.0697e+02, 9.2998e-01
5.0711e+02, 9.7137e-01
5.0725e+02, 1.0156e+00
5.0739e+02, 1.0630e+00
5.0753e+02, 1.1138e+00
5.0767e+02, 1.1684e+00
5.0781e+02, 1.2271e+00
5.0795e+02, 1.2904e+00
5.0809e+02, 1.3588e+00
5.0823e+02, 1.4330e+00
5.0837e+02, 1.5134e+00
5.0852e+02, 1.6009e+00
5.0866e+02, 1.6963e+00
5.0880e+02, 1.8006e+00
5.0894e+02, 1.9149e+00
5.0908e+02, 2.0408e+00
5.0922e+02, 2.1794e+00
5.0941e+02, 2.3929e+00
5.0960e+02, 2.6397e+00
5.0980e+02, 2.9272e+00
5.0999e+02, 3.2650e+00
5.1018e+02, 3.6662e+00
5.1028e+02, 3.8958e+00
5.1037e+02, 4.1480e+00
5.1047e+02, 4.4263e+00
5.1056e+02, 4.7340e+00
5.1066e+02, 5.0758e+00
5.1076e+02, 5.4570e+00
5.1090e+02, 6.1015e+00
5.1104e+02, 6.8704e+00
5.1118e+02, 7.8004e+00
5.1125e+02, 8.3399e+00
5.1132e+02, 8.9394e+00
5.1139e+02, 9.6094e+00
5.1146e+02, 1.0359e+01
5.1153e+02, 1.1204e+01
5.1160e+02, 1.2160e+01
5.1167e+02, 1.3249e+01
5.1174e+02, 1.4494e+01
5.1181e+02, 1.5925e+01
5.1188e+02, 1.7579e+01
5.1197e+02, 2.0078e+01
5.1206e+02, 2.3114e+01
5.1215e+02, 2.6824e+01
5.1224e+02, 3.1347e+01
5.1233e+02, 3.6854e+01
5.1242e+02, 4.3494e+01
5.1251e+02, 5.1408e+01
5.1260e+02, 6.0685e+01
5.1267e+02, 6.8895e+01
5.1274e+02, 7.7891e+01
5.1288e+02, 9.7731e+01
5.1302e+02, 1.1863e+02
5.1316e+02, 1.3805e+02
5.1325e+02, 1.4785e+02
5.1333e+02, 1.5537e+02
5.1342e+02, 1.6010e+02
5.1350e+02, 1.6170e+02
5.1357e+02, 1.6057e+02
5.1364e+02, 1.5730e+02
5.1371e+02, 1.5206e+02
5.1378e+02, 1.4508e+02
5.1392e+02, 1.2726e+02
5.1406e+02, 1.0677e+02
5.1423e+02, 8.2111e+01
5.1431e+02, 7.0931e+01
5.1440e+02, 6.0878e+01
5.1448e+02, 5.2033e+01
5.1457e+02, 4.4420e+01
5.1465e+02, 3.7953e+01
5.1474e+02, 3.2536e+01
5.1481e+02, 2.8541e+01
5.1489e+02, 2.5156e+01
5.1496e+02, 2.2282e+01
5.1503e+02, 1.9847e+01
5.1511e+02, 1.7774e+01
5.1518e+02, 1.6005e+01
5.1526e+02, 1.4486e+01
5.1533e+02, 1.3177e+01
5.1540e+02, 1.2039e+01
5.1548e+02, 1.1048e+01
5.1555e+02, 1.0176e+01
5.1563e+02, 9.4075e+00
5.1578e+02, 8.1157e+00
5.1592e+02, 7.0785e+00
5.1605e+02, 6.3430e+00
5.1618e+02, 5.7185e+00
5.1631e+02, 5.1833e+00
5.1643e+02, 4.7210e+00
5.1656e+02, 4.3189e+00
5.1669e+02, 3.9667e+00
5.1694e+02, 3.3821e+00
5.1720e+02, 2.9194e+00
5.1745e+02, 2.5471e+00
5.1771e+02, 2.2427e+00
5.1796e+02, 1.9903e+00
5.1819e+02, 1.7947e+00
5.1843e+02, 1.6265e+00
5.1866e+02, 1.4810e+00
5.1889e+02, 1.3543e+00
5.1913e+02, 1.2432e+00
5.1936e+02, 1.1455e+00
5.1983e+02, 9.8198e-01
5.2029e+02, 8.5147e-01
5.2076e+02, 7.4565e-01
5.2123e+02, 6.5867e-01
5.2169e+02, 5.8647e-01
5.2214e+02, 5.2855e-01
5.2259e+02, 4.7892e-01
5.2303e+02, 4.3589e-01
5.2348e+02, 3.9848e-01
5.2392e+02, 3.6582e-01
5.2437e+02, 3.3714e-01
5.2526e+02, 2.8939e-01
5.2615e+02, 2.5151e-01
5.2704e+02, 2.2100e-01
5.2793e+02, 1.9607e-01
5.2882e+02, 1.7547e-01
5.2967e+02, 1.5906e-01
5.3052e+02, 1.4537e-01
5.3137e+02, 1.3349e-01
5.3222e+02, 1.2329e-01
5.3307e+02, 1.1445e-01
5.3391e+02, 1.0688e-01
5.3561e+02, 9.4654e-02
5.3731e+02, 8.5662e-02
5.3900e+02, 7.9279e-02
5.4070e+02, 7.5192e-02
5.4240e+02, 7.3402e-02
5.4346e+02, 7.3583e-02
5.4452e+02, 7.4944e-02
5.4558e+02, 7.7579e-02
5.4664e+02, 8.2229e-02
5.4770e+02, 8.9519e-02
5.4823e+02, 9.4509e-02
5.4876e+02, 1.0068e-01
5.4929e+02, 1.0836e-01
5.4982e+02, 1.1793e-01
5.5035e+02, 1.2992e-01
5.5088e+02, 1.4516e-01
5.5129e+02, 1.5979e-01
5.5169e+02, 1.7790e-01
5.5209e+02, 2.0057e-01
5.5250e+02, 2.2940e-01
5.5270e+02, 2.4684e-01
5.5290e+02, 2.6679e-01
5.5310e+02, 2.8973e-01
5.5330e+02, 3.1632e-01
5.5350e+02, 3.4738e-01
5.5371e+02, 3.8400e-01
5.5391e+02, 4.2768e-01
5.5411e+02, 4.8040e-01
5.5430e+02, 5.4118e-01
5.5449e+02, 6.1572e-01
5.5468e+02, 7.0869e-01
5.5487e+02, 8.2705e-01
5.5497e+02, 8.9902e-01
5.5506e+02, 9.8199e-01
5.5516e+02, 1.0787e+00
5.5525e+02, 1.1928e+00
5.5535e+02, 1.3301e+00
5.5545e+02, 1.4991e+00
5.5554e+02, 1.7142e+00
5.5559e+02, 1.8455e+00
5.5564e+02, 1.9980e+00
5.5568e+02, 2.1664e+00
5.5573e+02, 2.3644e+00
5.5577e+02, 2.5992e+00
5.5582e+02, 2.8801e+00
5.5586e+02, 3.2185e+00
5.5588e+02, 3.4141e+00
5.5591e+02, 3.6288e+00
5.5593e+02, 3.8668e+00
5.5595e+02, 4.1285e+00
5.5597e+02, 4.4176e+00
5.5600e+02, 4.7371e+00
5.5602e+02, 5.0919e+00
5.5604e+02, 5.4826e+00
5.5606e+02, 5.9164e+00
5.5609e+02, 6.3937e+00
5.5611e+02, 6.9232e+00
5.5613e+02, 7.5050e+00
5.5615e+02, 8.1465e+00
5.5618e+02, 8.8530e+00
5.5620e+02, 9.6338e+00
5.5622e+02, 1.0488e+01
5.5624e+02, 1.1429e+01
5.5627e+02, 1.2456e+01
5.5629e+02, 1.3584e+01
5.5631e+02, 1.4811e+01
5.5633e+02, 1.6146e+01
5.5636e+02, 1.7599e+01
5.5638e+02, 1.9278e+01
5.5640e+02, 2.1096e+01
5.5643e+02, 2.3078e+01
5.5645e+02, 2.5213e+01
5.5650e+02, 3.0302e+01
5.5655e+02, 3.6205e+01
5.5660e+02, 4.2963e+01
5.5665e+02, 5.0573e+01
5.5671e+02, 6.0470e+01
5.5677e+02, 7.1402e+01
5.5683e+02, 8.3244e+01
5.5689e+02, 9.5714e+01
5.5709e+02, 1.3883e+02
5.5715e+02, 1.4958e+02
5.5721e+02, 1.5869e+02
5.5726e+02, 1.6579e+02
5.5732e+02, 1.7055e+02
5.5740e+02, 1.7289e+02
5.5741e+02, 1.7286e+02
5.5743e+02, 1.7245e+02
5.5746e+02, 1.7157e+02
5.5751e+02, 1.6842e+02
5.5757e+02, 1.6226e+02
5.5763e+02, 1.5383e+02
5.5772e+02, 1.3663e+02
5.5782e+02, 1.1657e+02
5.5799e+02, 7.8801e+01
5.5808e+02, 6.1879e+01
5.5812e+02, 5.4266e+01
5.5817e+02, 4.7279e+01
5.5821e+02, 4.0926e+01
5.5825e+02, 3.5240e+01
5.5830e+02, 3.0191e+01
5.5834e+02, 2.5753e+01
5.5839e+02, 2.1881e+01
5.5843e+02, 1.8547e+01
5.5847e+02, 1.5695e+01
5.5852e+02, 1.3273e+01
5.5856e+02, 1.1226e+01
5.5860e+02, 9.5163e+00
5.5865e+02, 8.0917e+00
5.5869e+02, 6.9103e+00
5.5874e+02, 5.9321e+00
5.5878e+02, 5.1277e+00
5.5882e+02, 4.4653e+00
5.5887e+02, 3.9198e+00
5.5891e+02, 3.5065e+00
5.5895e+02, 3.1595e+00
5.5899e+02, 2.8657e+00
5.5903e+02, 2.6169e+00
5.5907e+02, 2.4040e+00
5.5910e+02, 2.2216e+00
5.5918e+02, 1.9259e+00
5.5926e+02, 1.6979e+00
5.5934e+02, 1.5169e+00
5.5942e+02, 1.3691e+00
5.5950e+02, 1.2458e+00
5.5958e+02, 1.1409e+00
5.5966e+02, 1.0503e+00
5.5982e+02, 9.0176e-01
5.5998e+02, 7.8492e-01
5.6014e+02, 6.9094e-01
5.6029e+02, 6.1740e-01
5.6044e+02, 5.5580e-01
5.6059e+02, 5.0355e-01
5.6074e+02, 4.5884e-01
5.6089e+02, 4.2019e-01
5.6104e+02, 3.8657e-01
5.6135e+02, 3.3110e-01
5.6165e+02, 2.8754e-01
5.6195e+02, 2.5271e-01
5.6225e+02, 2.2441e-01
5.6255e+02, 2.0111e-01
5.6287e+02, 1.8078e-01
5.6319e+02, 1.6381e-01
5.6351e+02, 1.4945e-01
5.6383e+02, 1.3715e-01
5.6414e+02, 1.2654e-01
5.6446e+02, 1.1734e-01
5.6510e+02, 1.0228e-01
5.6573e+02, 9.0549e-02
5.6637e+02, 8.1242e-02
5.6701e+02, 7.3735e-02
5.6764e+02, 6.7642e-02
5.6853e+02, 6.0795e-02
5.6942e+02, 5.5359e-02
5.7031e+02, 5.1027e-02
5.7120e+02, 4.7531e-02
5.7209e+02, 4.4681e-02
5.7298e+02, 4.2341e-02
5.7477e+02, 3.8926e-02
5.7655e+02, 3.6477e-02
5.7833e+02, 3.4850e-02
5.8011e+02, 3.3856e-02
5.8189e+02, 3.3384e-02
5.8443e+02, 3.3490e-02
5.8698e+02, 3.4441e-02
5.8952e+02, 3.6245e-02
5.9206e+02, 3.9050e-02
5.9461e+02, 4.3137e-02
5.9588e+02, 4.5739e-02
5.9715e+02, 4.8896e-02
5.9842e+02, 5.2543e-02
5.9970e+02, 5.6940e-02
6.0097e+02, 6.2054e-02
6.0224e+02, 6.8351e-02
6.0345e+02, 7.5585e-02
6.0466e+02, 8.4369e-02
6.0586e+02, 9.5154e-02
6.0707e+02, 1.0857e-01
6.0828e+02, 1.2553e-01
6.0889e+02, 1.3574e-01
6.0949e+02, 1.4736e-01
6.1009e+02, 1.6061e-01
6.1070e+02, 1.7576e-01
6.1130e+02, 1.9352e-01
6.1191e+02, 2.1438e-01
6.1243e+02, 2.3555e-01
6.1296e+02, 2.6019e-01
6.1348e+02, 2.8912e-01
6.1400e+02, 3.2337e-01
6.1453e+02, 3.6434e-01
6.1505e+02, 4.1379e-01
6.1532e+02, 4.4240e-01
6.1558e+02, 4.7413e-01
6.1584e+02, 5.0952e-01
6.1597e+02, 5.2879e-01
6.1610e+02, 5.4921e-01
6.1621e+02, 5.6753e-01
6.1633e+02, 5.8681e-01
6.1644e+02, 6.0713e-01
6.1655e+02, 6.2854e-01
6.1666e+02, 6.5114e-01
6.1677e+02, 6.7501e-01
6.1688e+02, 7.0025e-01
6.1699e+02, 7.2694e-01
6.1708e+02, 7.4905e-01
6.1717e+02, 7.7217e-01
6.1726e+02, 7.9644e-01
6.1734e+02, 8.2185e-01
6.1743e+02, 8.4856e-01
6.1752e+02, 8.7659e-01
6.1761e+02, 9.0609e-01
6.1769e+02, 9.3709e-01
6.1778e+02, 9.6979e-01
6.1787e+02, 1.0042e+00
6.1796e+02, 1.0406e+00
6.1804e+02, 1.0790e+00
6.1813e+02, 1.1196e+00
6.1822e+02, 1.1626e+00
6.1831e+02, 1.2082e+00
6.1839e+02, 1.2565e+00
6.1848e+02, 1.3079e+00
6.1857e+02, 1.3626e+00
6.1866e+02, 1.4208e+00
6.1874e+02, 1.4829e+00
6.1883e+02, 1.5493e+00
6.1892e+02, 1.6202e+00
6.1900e+02, 1.6964e+00
6.1909e+02, 1.7780e+00
6.1918e+02, 1.8660e+00
6.1927e+02, 1.9606e+00
6.1935e+02, 2.0629e+00
6.1944e+02, 2.1736e+00
6.1953e+02, 2.2937e+00
6.1962e+02, 2.4242e+00
6.1970e+02, 2.5665e+00
6.1979e+02, 2.7221e+00
6.1987e+02, 2.8687e+00
6.1994e+02, 3.0276e+00
6.2002e+02, 3.2006e+00
6.2009e+02, 3.3894e+00
6.2017e+02, 3.5963e+00
6.2025e+02, 3.8233e+00
6.2032e+02, 4.0734e+00
6.2040e+02, 4.3502e+00
6.2047e+02, 4.6582e+00
6.2055e+02, 5.0015e+00
6.2062e+02, 5.3868e+00
6.2070e+02, 5.8215e+00
6.2077e+02, 6.3151e+00
6.2085e+02, 6.8792e+00
6.2092e+02, 7.5286e+00
6.2100e+02, 8.2815e+00
6.2109e+02, 9.3144e+00
6.2118e+02, 1.0562e+01
6.2122e+02, 1.1286e+01
6.2126e+02, 1.2085e+01
6.2131e+02, 1.2971e+01
6.2135e+02, 1.3954e+01
6.2139e+02, 1.5049e+01
6.2144e+02, 1.6263e+01
6.2148e+02, 1.7613e+01
6.2152e+02, 1.9114e+01
6.2157e+02, 2.0780e+01
6.2161e+02, 2.2630e+01
6.2166e+02, 2.4678e+01
6.2170e+02, 2.6941e+01
6.2178e+02, 3.1411e+01
6.2185e+02, 3.6638e+01
6.2193e+02, 4.2680e+01
6.2200e+02, 4.9559e+01
6.2208e+02, 5.7266e+01
6.2215e+02, 6.5703e+01
6.2230e+02, 8.4172e+01
6.2249e+02, 1.0674e+02
6.2258e+02, 1.1675e+02
6.2267e+02, 1.2503e+02
6.2278e+02, 1.3218e+02
6.2290e+02, 1.3465e+02
6.2301e+02, 1.3242e+02
6.2312e+02, 1.2604e+02
6.2323e+02, 1.1621e+02
6.2334e+02, 1.0395e+02
6.2362e+02, 6.8581e+01
6.2369e+02, 6.0399e+01
6.2376e+02, 5.2847e+01
6.2384e+02, 4.5997e+01
6.2391e+02, 3.9887e+01
6.2397e+02, 3.5356e+01
6.2403e+02, 3.1324e+01
6.2408e+02, 2.7763e+01
6.2414e+02, 2.4642e+01
6.2420e+02, 2.1912e+01
6.2426e+02, 1.9542e+01
6.2432e+02, 1.7482e+01
6.2438e+02, 1.5701e+01
6.2444e+02, 1.4155e+01
6.2450e+02, 1.2818e+01
6.2456e+02, 1.1654e+01
6.2462e+02, 1.0643e+01
6.2468e+02, 9.7577e+00
6.2474e+02, 8.9826e+00
6.2486e+02, 7.6946e+00
6.2496e+02, 6.7996e+00
6.2506e+02, 6.0599e+00
6.2516e+02, 5.4406e+00
6.2527e+02, 4.9162e+00
6.2537e+02, 4.4674e+00
6.2547e+02, 4.0799e+00
6.2558e+02, 3.7426e+00
6.2568e+02, 3.4472e+00
6.2589e+02, 2.9550e+00
6.2609e+02, 2.5637e+00
6.2630e+02, 2.2468e+00
6.2650e+02, 1.9863e+00
6.2668e+02, 1.8000e+00
6.2685e+02, 1.6390e+00
6.2702e+02, 1.4990e+00
6.2720e+02, 1.3763e+00
6.2755e+02, 1.1727e+00
6.2790e+02, 1.0116e+00
6.2824e+02, 8.8183e-01
6.2859e+02, 7.7587e-01
6.2894e+02, 6.8826e-01
6.2929e+02, 6.1502e-01
6.2964e+02, 5.5303e-01
6.2998e+02, 4.9997e-01
6.3033e+02, 4.5415e-01
6.3068e+02, 4.1440e-01
6.3103e+02, 3.7970e-01
6.3138e+02, 3.4925e-01
6.3207e+02, 2.9854e-01
6.3277e+02, 2.5829e-01
6.3347e+02, 2.2579e-01
6.3416e+02, 1.9919e-01
6.3486e+02, 1.7716e-01
6.3552e+02, 1.5961e-01
6.3619e+02, 1.4457e-01
6.3685e+02, 1.3153e-01
6.3752e+02, 1.2022e-01
6.3818e+02, 1.1037e-01
6.3885e+02, 1.0173e-01
6.4018e+02, 8.7352e-02
6.4151e+02, 7.5956e-02
6.4284e+02, 6.6771e-02
6.4417e+02, 5.9255e-02
6.4550e+02, 5.3071e-02
6.4689e+02, 4.7715e-02
6.4828e+02, 4.3113e-02
6.4968e+02, 3.9182e-02
6.5107e+02, 3.5872e-02
6.5246e+02, 3.3007e-02
6.5385e+02, 3.0493e-02
6.5664e+02, 2.6418e-02
6.5943e+02, 2.3215e-02
6.6221e+02, 2.0681e-02
6.6500e+02, 1.8635e-02
6.6778e+02, 1.6959e-02
6.7158e+02, 1.5133e-02
6.7538e+02, 1.3692e-02
6.7918e+02, 1.2541e-02
6.8298e+02, 1.1612e-02
6.8678e+02, 1.0855e-02
6.9058e+02, 1.0234e-02
6.9438e+02, 9.7251e-03
6.9818e+02, 9.3266e-03
7.0577e+02, 8.6983e-03
7.1337e+02, 8.2986e-03
7.2097e+02, 8.0760e-03
7.2857e+02, 8.0005e-03
7.3870e+02, 8.1084e-03
7.4883e+02, 8.4263e-03
7.5896e+02, 8.9610e-03
7.6909e+02, 9.7474e-03
7.7922e+02, 1.0887e-02
7.8428e+02, 1.1588e-02
7.8935e+02, 1.2454e-02
7.9441e+02, 1.3418e-02
7.9948e+02, 1.4605e-02
8.0454e+02, 1.5956e-02
8.0961e+02, 1.7612e-02
8.1442e+02, 1.9523e-02
8.1923e+02, 2.1843e-02
8.2405e+02, 2.4680e-02
8.2886e+02, 2.8192e-02
8.3367e+02, 3.2636e-02
8.3848e+02, 3.8455e-02
8.4089e+02, 4.2076e-02
8.4329e+02, 4.6122e-02
8.4570e+02, 5.0993e-02
8.4811e+02, 5.6781e-02
8.5007e+02, 6.2361e-02
8.5203e+02, 6.8907e-02
8.5399e+02, 7.6672e-02
8.5596e+02, 8.5995e-02
8.5792e+02, 9.7353e-02
8.5988e+02, 1.1138e-01
8.6086e+02, 1.1953e-01
8.6185e+02, 1.2888e-01
8.6283e+02, 1.3948e-01
8.6332e+02, 1.4535e-01
8.6381e+02, 1.5165e-01
8.6419e+02, 1.5684e-01
8.6457e+02, 1.6234e-01
8.6495e+02, 1.6815e-01
8.6533e+02, 1.7431e-01
8.6571e+02, 1.8085e-01
8.6609e+02, 1.8781e-01
8.6647e+02, 1.9523e-01
8.6666e+02, 1.9912e-01
8.6685e+02, 2.0314e-01
8.6713e+02, 2.0944e-01
8.6742e+02, 2.1606e-01
8.6770e+02, 2.2303e-01
8.6799e+02, 2.3037e-01
8.6827e+02, 2.3813e-01
8.6856e+02, 2.4632e-01
8.6884e+02, 2.5498e-01
8.6913e+02, 2.6415e-01
8.6930e+02, 2.7003e-01
8.6947e+02, 2.7612e-01
8.6965e+02, 2.8244e-01
8.6982e+02, 2.8900e-01
8.7000e+02, 2.9581e-01
8.7017e+02, 3.0289e-01
8.7052e+02, 3.1790e-01
8.7087e+02, 3.3417e-01
8.7122e+02, 3.5184e-01
8.7156e+02, 3.7108e-01
8.7191e+02, 3.9208e-01
8.7226e+02, 4.1510e-01
8.7261e+02, 4.4038e-01
8.7296e+02, 4.6824e-01
8.7331e+02, 4.9907e-01
8.7365e+02, 5.3332e-01
8.7400e+02, 5.7150e-01
8.7435e+02, 6.1426e-01
8.7470e+02, 6.6240e-01
8.7505e+02, 7.1688e-01
8.7539e+02, 7.7886e-01
8.7574e+02, 8.4985e-01
8.7609e+02, 9.3167e-01
8.7644e+02, 1.0268e+00
8.7679e+02, 1.1381e+00
8.7714e+02, 1.2698e+00
8.7748e+02, 1.4272e+00
8.7780e+02, 1.5986e+00
8.7812e+02, 1.8047e+00
8.7843e+02, 2.0556e+00
8.7859e+02, 2.2020e+00
8.7875e+02, 2.3653e+00
8.7891e+02, 2.5483e+00
8.7907e+02, 2.7543e+00
8.7923e+02, 2.9874e+00
8.7938e+02, 3.2526e+00
8.7954e+02, 3.5564e+00
8.7970e+02, 3.9068e+00
8.7986e+02, 4.3143e+00
8.8002e+02, 4.7921e+00
8.8019e+02, 5.4211e+00
8.8036e+02, 6.1890e+00
8.8054e+02, 7.1408e+00
8.8063e+02, 7.7049e+00
8.8071e+02, 8.3398e+00
8.8080e+02, 9.0591e+00
8.8089e+02, 9.8755e+00
8.8097e+02, 1.0808e+01
8.8106e+02, 1.1873e+01
8.8115e+02, 1.3098e+01
8.8124e+02, 1.4504e+01
8.8132e+02, 1.6124e+01
8.8141e+02, 1.7986e+01
8.8152e+02, 2.0762e+01
8.8163e+02, 2.4053e+01
8.8174e+02, 2.7921e+01
8.8185e+02, 3.2408e+01
8.8196e+02, 3.7528e+01
8.8207e+02, 4.3251e+01
8.8230e+02, 5.6100e+01
8.8250e+02, 6.8287e+01
8.8270e+02, 7.9173e+01
8.8280e+02, 8.3505e+01
8.8290e+02, 8.6779e+01
8.8300e+02, 8.8818e+01
8.8310e+02, 8.9506e+01
8.8322e+02, 8.8551e+01
8.8333e+02, 8.5780e+01
8.8345e+02, 8.1408e+01
8.8357e+02, 7.5754e+01
8.8380e+02, 6.2171e+01
8.8404e+02, 4.8095e+01
8.8417e+02, 4.0799e+01
8.8430e+02, 3.4310e+01
8.8444e+02, 2.8719e+01
8.8457e+02, 2.4021e+01
8.8470e+02, 2.0149e+01
8.8484e+02, 1.6998e+01
8.8497e+02, 1.4451e+01
8.8510e+02, 1.2396e+01
8.8523e+02, 1.0801e+01
8.8535e+02, 9.4910e+00
8.8548e+02, 8.4074e+00
8.8561e+02, 7.5038e+00
8.8573e+02, 6.7423e+00
8.8586e+02, 6.0955e+00
8.8599e+02, 5.5414e+00
8.8612e+02, 5.0634e+00
8.8624e+02, 4.6473e+00
8.8637e+02, 4.2832e+00
8.8662e+02, 3.6790e+00
8.8688e+02, 3.2012e+00
8.8713e+02, 2.8168e+00
8.8735e+02, 2.5441e+00
8.8756e+02, 2.3128e+00
8.8778e+02, 2.1150e+00
8.8800e+02, 1.9445e+00
8.8822e+02, 1.7966e+00
8.8843e+02, 1.6673e+00
8.8887e+02, 1.4535e+00
8.8930e+02, 1.2858e+00
8.8974e+02, 1.1526e+00
8.9017e+02, 1.0457e+00
8.9061e+02, 9.5931e-01
8.9114e+02, 8.7537e-01
8.9167e+02, 8.1016e-01
8.9220e+02, 7.5975e-01
8.9273e+02, 7.2137e-01
8.9326e+02, 6.9301e-01
8.9353e+02, 6.8212e-01
8.9379e+02, 6.7324e-01
8.9406e+02, 6.6624e-01
8.9432e+02, 6.6102e-01
8.9459e+02, 6.5752e-01
8.9486e+02, 6.5567e-01
8.9507e+02, 6.5536e-01
8.9529e+02, 6.5612e-01
8.9551e+02, 6.5795e-01
8.9573e+02, 6.6083e-01
8.9594e+02, 6.6477e-01
8.9616e+02, 6.6976e-01
8.9627e+02, 6.7266e-01
8.9638e+02, 6.7583e-01
8.9649e+02, 6.7927e-01
8.9659e+02, 6.8299e-01
8.9676e+02, 6.8932e-01
8.9693e+02, 6.9635e-01
8.9710e+02, 7.0407e-01
8.9727e+02, 7.1252e-01
8.9740e+02, 7.1967e-01
8.9754e+02, 7.2730e-01
8.9767e+02, 7.3540e-01
8.9780e+02, 7.4400e-01
8.9793e+02, 7.5311e-01
8.9807e+02, 7.6275e-01
8.9820e+02, 7.7293e-01
8.9833e+02, 7.8367e-01
8.9844e+02, 7.9289e-01
8.9855e+02, 8.0252e-01
8.9866e+02, 8.1255e-01
8.9877e+02, 8.2300e-01
8.9888e+02, 8.3390e-01
8.9899e+02, 8.4524e-01
8.9920e+02, 8.6935e-01
8.9942e+02, 8.9547e-01
8.9964e+02, 9.2374e-01
8.9985e+02, 9.5434e-01
9.0007e+02, 9.8745e-01
9.0034e+02, 1.0317e+00
9.0060e+02, 1.0804e+00
9.0087e+02, 1.1341e+00
9.0113e+02, 1.1935e+00
9.0140e+02, 1.2593e+00
9.0167e+02, 1.3322e+00
9.0193e+02, 1.4132e+00
9.0220e+02, 1.5034e+00
9.0246e+02, 1.6043e+00
9.0273e+02, 1.7174e+00
9.0299e+02, 1.8446e+00
9.0326e+02, 1.9882e+00
9.0352e+02, 2.1512e+00
9.0379e+02, 2.3368e+00
9.0406e+02, 2.5495e+00
9.0432e+02, 2.7945e+00
9.0459e+02, 3.0786e+00
9.0485e+02, 3.4102e+00
9.0512e+02, 3.8001e+00
9.0538e+02, 4.2623e+00
9.0565e+02, 4.8152e+00
9.0578e+02, 5.1330e+00
9.0592e+02, 5.4830e+00
9.0605e+02, 5.8696e+00
9.0618e+02, 6.2977e+00
9.0631e+02, 6.7730e+00
9.0645e+02, 7.3022e+00
9.0658e+02, 7.8810e+00
9.0671e+02, 8.5272e+00
9.0684e+02, 9.2501e+00
9.0697e+02, 1.0060e+01
9.0710e+02, 1.0969e+01
9.0723e+02, 1.1989e+01
9.0736e+02, 1.3135e+01
9.0749e+02, 1.4419e+01
9.0762e+02, 1.5856e+01
9.0775e+02, 1.7455e+01
9.0788e+02, 1.9226e+01
9.0801e+02, 2.1170e+01
9.0827e+02, 2.5547e+01
9.0853e+02, 3.0403e+01
9.0880e+02, 3.5457e+01
9.0907e+02, 3.9916e+01
9.0920e+02, 4.1679e+01
9.0933e+02, 4.3009e+01
9.0947e+02, 4.3834e+01
9.0960e+02, 4.4109e+01
9.0975e+02, 4.3729e+01
9.0988e+02, 4.2853e+01
9.1001e+02, 4.1516e+01
9.1027e+02, 3.7737e+01
9.1053e+02, 3.3055e+01
9.1078e+02, 2.8141e+01
9.1104e+02, 2.3510e+01
9.1130e+02, 1.9452e+01
9.1156e+02, 1.6065e+01
9.1169e+02, 1.4616e+01
9.1182e+02, 1.3319e+01
9.1195e+02, 1.2094e+01
9.1209e+02, 1.1010e+01
9.1222e+02, 1.0048e+01
9.1236e+02, 9.1953e+00
9.1263e+02, 7.7593e+00
9.1291e+02, 6.5999e+00
9.1318e+02, 5.6294e+00
9.1345e+02, 4.7784e+00
9.1373e+02, 4.0119e+00
9.1400e+02, 3.3408e+00
9.1400e+02, 2.0731e+00
1.0000e+03, 1.9242e+00
1.2500e+03, 1.6065e+00
1.5000e+03, 1.3937e+00
1.7000e+03, 1.2679e+00
2.0000e+03, 1.1258e+00
2.5000e+03, 9.6331e-01
3.0000e+03, 8.5327e-01
3.5000e+03, 7.7309e-01
4.0000e+03, 7.1154e-01
4.5000e+03, 6.6241e-01
5.0000e+03, 6.2200e-01
5.5000e+03, 5.8798e-01
6.0000e+03, 5.5880e-01
6.5000e+03, 5.3337e-01
7.0000e+03, 5.1095e-01
7.5000e+03, 4.9097e-01
8.0000e+03, 4.7300e-01
8.5000e+03, 4.5673e-01
9.0000e+03, 4.4190e-01
9.5000e+03, 4.2831e-01
1.0000e+04, 4.1579e-01
1.1000e+04, 3.9346e-01
1.2000e+04, 3.7409e-01
1.3000e+04, 3.5711e-01
1.4000e+04, 3.4207e-01
1.5000e+04, 3.2866e-01
1.6000e+04, 3.1662e-01
1.7000e+04, 3.0575e-01
1.8000e+04, 2.9589e-01
1.9000e+04, 2.8691e-01
2.0000e+04, 2.7871e-01
2.0000e+04, 2.7871e-01
2.1000e+04, 2.7118e-01
2.2000e+04, 2.6426e-01
2.3000e+04, 2.5788e-01
2.4000e+04, 2.5199e-01
2.5000e+04, 2.4652e-01
2.6000e+04, 2.4145e-01
2.7000e+04, 2.3674e-01
3.0000e+04, 2.2442e-01
3.5000e+04, 2.0860e-01
3.7000e+04, 2.0352e-01
4.0000e+04, 1.9689e-01
4.7000e+04, 1.8501e-01
5.0000e+04, 1.8156e-01
5.7000e+04, 1.7352e-01
6.0000e+04, 1.7116e-01
6.7000e+04, 1.6564e-01
7.0000e+04, 1.6387e-01
7.7000e+04, 1.5974e-01
8.0000e+04, 1.5866e-01
8.7000e+04, 1.5614e-01
9.0000e+04, 1.5634e-01
9.7000e+04, 1.5679e-01
1.0000e+05, 1.5567e-01
1.0700e+05, 1.5307e-01
1.1700e+05, 1.5249e-01
1.2700e+05, 1.5063e-01
1.5000e+05, 1.4542e-01
1.7000e+05, 1.4168e-01
1.7700e+05, 1.4053e-01
2.0000e+05, 1.3691e-01
2.2700e+05, 1.3357e-01
2.7700e+05, 1.3031e-01
3.0000e+05, 1.2962e-01
3.2700e+05, 1.2881e-01
3.7700e+05, 1.2733e-01
3.9600e+05, 1.2718e-01
4.0000e+05, 1.2715e-01
4.2700e+05, 1.2695e-01
4.2700e+05, 1.2688e-01
5.0000e+05, 1.3109e-01
5.5402e+05, 1.1079e-01
5.5402e+05, 1.1079e-01
6.0000e+05, 9.3510e-02
7.0000e+05, 8.0311e-02
8.0000e+05, 8.0867e-02
9.0000e+05, 8.2793e-02
1.0000e+06, 8.6303e-02
1.1000e+06, 9.0935e-02
1.1695e+06, 8.4983e-02
1.1695e+06, 8.4983e-02
1.1883e+06, 8.3368e-02
1.1883e+06, 8.3368e-02
1.2000e+06, 8.2366e-02
1.3000e+06, 7.2090e-02
1.4000e+06, 7.2511e-02
1.4342e+06, 6.9878e-02
1.4342e+06, 6.9877e-02
1.4440e+06, 6.9121e-02
1.4440e+06, 6.9121e-02
1.4640e+06, 6.7574e-02
1.4640e+06, 6.7574e-02
1.4751e+06, 6.6721e-02
1.4751e+06, 6.6721e-02
1.5000e+06, 6.4802e-02
1.6000e+06, 5.7965e-02
1.6052e+06, 5.7812e-02
1.6052e+06, 5.7812e-02
1.6598e+06, 5.6184e-02
1.6598e+06, 5.6184e-02
1.6706e+06, 5.5863e-02
1.6706e+06, 5.5863e-02
1.6756e+06, 5.5715e-02
1.6985e+06, 5.5033e-02
1.7000e+06, 5.4988e-02
1.7297e+06, 5.3144e-02
1.7297e+06, 5.3144e-02
1.7453e+06, 5.2176e-02
1.7453e+06, 5.2176e-02
1.7747e+06, 5.0351e-02
1.8000e+06, 4.8782e-02
1.8366e+06, 4.7164e-02
1.8373e+06, 4.7133e-02
1.9000e+06, 4.4366e-02
1.9154e+06, 4.4350e-02
1.9199e+06, 4.4345e-02
1.9925e+06, 4.4267e-02
2.0000e+06, 4.4259e-02
2.0029e+06, 4.4134e-02
2.0053e+06, 4.4028e-02
2.0095e+06, 4.3843e-02
2.0644e+06, 4.1440e-02
2.0808e+06, 4.0721e-02
2.0866e+06, 4.0466e-02
2.0892e+06, 4.0351e-02
2.1109e+06, 3.9403e-02
2.1149e+06, 3.9227e-02
2.1416e+06, 3.8058e-02
2.1536e+06, 3.7533e-02
2.1636e+06, 3.7093e-02
2.2000e+06, 3.5501e-02
2.2286e+06, 3.4908e-02
2.2316e+06, 3.4845e-02
2.2456e+06, 3.4554e-02
2.2479e+06, 3.4506e-02
2.2526e+06, 3.4410e-02
2.2635e+06, 3.4182e-02
2.2666e+06, 3.4120e-02
2.2755e+06, 3.3934e-02
2.3139e+06, 3.3137e-02
2.3254e+06, 3.2897e-02
2.3448e+06, 3.2496e-02
2.3582e+06, 3.2218e-02
2.3633e+06, 3.2111e-02
2.3726e+06, 3.1919e-02
2.3760e+06, 3.1848e-02
2.4000e+06, 3.1350e-02
2.4033e+06, 3.1286e-02
2.6000e+06, 2.7429e-02
3.0000e+06, 2.0082e-02
4.0000e+06, 8.3719e-03
5.0000e+06, 3.7550e-03
5.8708e+06, 2.0307e-03
6.0000e+06, 1.7748e-03
7.0000e+06, 9.7023e-04
7.6357e+06, 8.1126e-04
8.0000e+06, 7.2017e-04
8.1975e+06, 7.1219e-04
8.1975e+06, 7.1219e-04
9.0000e+06, 6.7980e-04
1.0000e+07, 7.7842e-04
1.1000e+07, 9.1509e-04
1.2000e+07, 1.0296e-03
1.3000e+07, 9.6913e-04
1.4000e+07, 9.0655e-04
1.4500e+07, 8.4077e-04
1.4582e+07, 8.2887e-04
1.4582e+07, 8.2886e-04
1.5000e+07, 7.6798e-04
1.5347e+07, 7.0970e-04
1.6000e+07, 5.9998e-04
1.7000e+07, 4.6514e-04
1.8000e+07, 3.3553e-04
1.9000e+07, 2.4192e-04
2.0000e+07, 1.8592e-04
