ebin, xs
1.0000e-05, 5.0538e+03
1.0625e-05, 4.9029e+03
1.1250e-05, 4.7648e+03
1.1875e-05, 4.6377e+03
1.2500e-05, 4.5203e+03
1.3750e-05, 4.3099e+03
1.5000e-05, 4.1264e+03
1.6250e-05, 3.9645e+03
1.7500e-05, 3.8203e+03
1.8750e-05, 3.6908e+03
2.0000e-05, 3.5736e+03
2.1875e-05, 3.4170e+03
2.3750e-05, 3.2793e+03
2.5625e-05, 3.1571e+03
2.7500e-05, 3.0476e+03
2.9375e-05, 2.9487e+03
3.1250e-05, 2.8589e+03
3.3125e-05, 2.7768e+03
3.5000e-05, 2.7014e+03
3.8750e-05, 2.5673e+03
4.2500e-05, 2.4515e+03
4.6250e-05, 2.3500e+03
5.0000e-05, 2.2601e+03
5.3125e-05, 2.1926e+03
5.6250e-05, 2.1309e+03
5.9375e-05, 2.0740e+03
6.2500e-05, 2.0215e+03
6.8750e-05, 1.9274e+03
7.5000e-05, 1.8454e+03
8.1250e-05, 1.7730e+03
8.7500e-05, 1.7085e+03
9.3750e-05, 1.6505e+03
1.0000e-04, 1.5981e+03
1.0625e-04, 1.5504e+03
1.1250e-04, 1.5067e+03
1.1875e-04, 1.4665e+03
1.2500e-04, 1.4294e+03
1.3750e-04, 1.3629e+03
1.5000e-04, 1.3049e+03
1.6250e-04, 1.2537e+03
1.7500e-04, 1.2081e+03
1.8750e-04, 1.1671e+03
2.0000e-04, 1.1300e+03
2.1875e-04, 1.0805e+03
2.3750e-04, 1.0370e+03
2.5625e-04, 9.9832e+02
2.7500e-04, 9.6368e+02
2.9375e-04, 9.3241e+02
3.1250e-04, 9.0401e+02
3.3125e-04, 8.7805e+02
3.5000e-04, 8.5420e+02
3.8750e-04, 8.1181e+02
4.2500e-04, 7.7516e+02
4.6250e-04, 7.4307e+02
5.0000e-04, 7.1465e+02
5.3125e-04, 6.9331e+02
5.6250e-04, 6.7377e+02
5.9375e-04, 6.5580e+02
6.2500e-04, 6.3919e+02
6.8750e-04, 6.0944e+02
7.5000e-04, 5.8349e+02
8.1250e-04, 5.6059e+02
8.7500e-04, 5.4019e+02
9.3750e-04, 5.2187e+02
1.0000e-03, 5.0529e+02
1.0625e-03, 4.9020e+02
1.1250e-03, 4.7638e+02
1.1875e-03, 4.6367e+02
1.2500e-03, 4.5193e+02
1.3750e-03, 4.3089e+02
1.5000e-03, 4.1253e+02
1.6250e-03, 3.9634e+02
1.7500e-03, 3.8192e+02
1.8750e-03, 3.6896e+02
2.0000e-03, 3.5723e+02
2.1875e-03, 3.4157e+02
2.3750e-03, 3.2780e+02
2.5625e-03, 3.1557e+02
2.7500e-03, 3.0461e+02
2.9375e-03, 2.9472e+02
3.1250e-03, 2.8573e+02
3.3125e-03, 2.7752e+02
3.5000e-03, 2.6998e+02
3.8750e-03, 2.5656e+02
4.2500e-03, 2.4497e+02
4.6250e-03, 2.3481e+02
5.0000e-03, 2.2582e+02
5.3125e-03, 2.1906e+02
5.6250e-03, 2.1288e+02
5.9375e-03, 2.0719e+02
6.2500e-03, 2.0193e+02
6.8750e-03, 1.9251e+02
7.5000e-03, 1.8430e+02
8.1250e-03, 1.7704e+02
8.7500e-03, 1.7058e+02
9.3750e-03, 1.6478e+02
1.0000e-02, 1.5952e+02
1.0625e-02, 1.5474e+02
1.1250e-02, 1.5037e+02
1.1875e-02, 1.4635e+02
1.2500e-02, 1.4263e+02
1.3750e-02, 1.3596e+02
1.5000e-02, 1.3015e+02
1.6250e-02, 1.2501e+02
1.7500e-02, 1.2043e+02
1.8750e-02, 1.1632e+02
2.0000e-02, 1.1260e+02
2.1325e-02, 1.0902e+02
2.2650e-02, 1.0575e+02
2.3975e-02, 1.0276e+02
2.5300e-02, 1.0001e+02
2.6844e-02, 9.7069e+01
2.8387e-02, 9.4370e+01
2.9931e-02, 9.1883e+01
3.1475e-02, 8.9582e+01
3.4563e-02, 8.5447e+01
3.7650e-02, 8.1823e+01
4.0738e-02, 7.8615e+01
4.3825e-02, 7.5750e+01
4.6913e-02, 7.3173e+01
5.0000e-02, 7.0837e+01
5.3125e-02, 6.8683e+01
5.6250e-02, 6.6711e+01
5.9375e-02, 6.4900e+01
6.2500e-02, 6.3228e+01
6.8750e-02, 6.0226e+01
7.5000e-02, 5.7596e+01
8.1250e-02, 5.5273e+01
8.7500e-02, 5.3201e+01
9.3750e-02, 5.1339e+01
1.0000e-01, 4.9653e+01
1.0625e-01, 4.8117e+01
1.1250e-01, 4.6709e+01
1.1875e-01, 4.5416e+01
1.2500e-01, 4.4224e+01
1.3750e-01, 4.2080e+01
1.5000e-01, 4.0199e+01
1.6250e-01, 3.8535e+01
1.7500e-01, 3.7052e+01
1.8750e-01, 3.5717e+01
2.0000e-01, 3.4512e+01
2.1875e-01, 3.2896e+01
2.3750e-01, 3.1467e+01
2.5625e-01, 3.0195e+01
2.7500e-01, 2.9053e+01
2.9375e-01, 2.8020e+01
3.1250e-01, 2.7080e+01
3.3125e-01, 2.6218e+01
3.5000e-01, 2.5425e+01
3.6875e-01, 2.4692e+01
3.8750e-01, 2.4015e+01
4.2500e-01, 2.2791e+01
5.0000e-01, 2.0753e+01
5.6250e-01, 1.9368e+01
6.2500e-01, 1.8186e+01
7.5000e-01, 1.6268e+01
8.7500e-01, 1.4767e+01
1.0000e+00, 1.3549e+01
1.1250e+00, 1.2530e+01
1.2500e+00, 1.1665e+01
1.5000e+00, 1.0263e+01
1.7500e+00, 9.1722e+00
2.0000e+00, 8.2919e+00
2.3750e+00, 7.2453e+00
2.7500e+00, 6.4295e+00
3.1250e+00, 5.7734e+00
3.5000e+00, 5.2359e+00
3.8750e+00, 4.7887e+00
4.2500e+00, 4.4121e+00
4.6250e+00, 4.0918e+00
5.0000e+00, 3.8182e+00
5.6250e+00, 3.4434e+00
6.2500e+00, 3.1489e+00
6.8750e+00, 2.9178e+00
7.5000e+00, 2.7383e+00
8.1250e+00, 2.6024e+00
8.7500e+00, 2.5049e+00
9.3750e+00, 2.4425e+00
1.0000e+01, 2.4139e+00
1.0625e+01, 2.4198e+00
1.1250e+01, 2.4624e+00
1.1875e+01, 2.5464e+00
1.2500e+01, 2.6797e+00
1.3125e+01, 2.8742e+00
1.3750e+01, 3.1486e+00
1.4375e+01, 3.5299e+00
1.4688e+01, 3.7739e+00
1.5000e+01, 4.0657e+00
1.5312e+01, 4.4148e+00
1.5625e+01, 4.8352e+00
1.5938e+01, 5.3460e+00
1.6250e+01, 5.9732e+00
1.6562e+01, 6.7533e+00
1.6875e+01, 7.7307e+00
1.7031e+01, 8.3149e+00
1.7188e+01, 8.9864e+00
1.7344e+01, 9.7520e+00
1.7422e+01, 1.0176e+01
1.7500e+01, 1.0633e+01
1.7539e+01, 1.0875e+01
1.7578e+01, 1.1127e+01
1.7617e+01, 1.1388e+01
1.7656e+01, 1.1659e+01
1.7695e+01, 1.1942e+01
1.7734e+01, 1.2236e+01
1.7754e+01, 1.2387e+01
1.7773e+01, 1.2542e+01
1.7793e+01, 1.2699e+01
1.7812e+01, 1.2860e+01
1.7828e+01, 1.2994e+01
1.7844e+01, 1.3129e+01
1.7860e+01, 1.3267e+01
1.7876e+01, 1.3407e+01
1.7892e+01, 1.3550e+01
1.7908e+01, 1.3695e+01
1.7924e+01, 1.3843e+01
1.7939e+01, 1.3993e+01
1.7966e+01, 1.4254e+01
1.7993e+01, 1.4522e+01
1.8020e+01, 1.4799e+01
1.8047e+01, 1.5084e+01
1.8069e+01, 1.5324e+01
1.8091e+01, 1.5570e+01
1.8113e+01, 1.5823e+01
1.8135e+01, 1.6082e+01
1.8157e+01, 1.6348e+01
1.8179e+01, 1.6621e+01
1.8201e+01, 1.6902e+01
1.8223e+01, 1.7191e+01
1.8246e+01, 1.7504e+01
1.8269e+01, 1.7826e+01
1.8292e+01, 1.8158e+01
1.8315e+01, 1.8500e+01
1.8339e+01, 1.8852e+01
1.8362e+01, 1.9214e+01
1.8408e+01, 1.9974e+01
1.8455e+01, 2.0782e+01
1.8501e+01, 2.1642e+01
1.8547e+01, 2.2561e+01
1.8594e+01, 2.3542e+01
1.8647e+01, 2.4764e+01
1.8701e+01, 2.6089e+01
1.8755e+01, 2.7528e+01
1.8809e+01, 2.9096e+01
1.8862e+01, 3.0806e+01
1.8916e+01, 3.2679e+01
1.8970e+01, 3.4735e+01
1.9023e+01, 3.6998e+01
1.9077e+01, 3.9499e+01
1.9131e+01, 4.2270e+01
1.9185e+01, 4.5354e+01
1.9238e+01, 4.8800e+01
1.9292e+01, 5.2665e+01
1.9346e+01, 5.7023e+01
1.9399e+01, 6.1961e+01
1.9453e+01, 6.7587e+01
1.9507e+01, 7.4038e+01
1.9561e+01, 8.1482e+01
1.9614e+01, 9.0138e+01
1.9668e+01, 1.0029e+02
1.9722e+01, 1.1229e+02
1.9775e+01, 1.2665e+02
1.9802e+01, 1.3491e+02
1.9829e+01, 1.4402e+02
1.9856e+01, 1.5411e+02
1.9883e+01, 1.6532e+02
1.9912e+01, 1.7904e+02
1.9941e+01, 1.9458e+02
1.9971e+01, 2.1228e+02
2.0000e+01, 2.3257e+02
2.0033e+01, 2.5886e+02
2.0065e+01, 2.9000e+02
2.0098e+01, 3.2734e+02
2.0130e+01, 3.7269e+02
2.0147e+01, 3.9915e+02
2.0163e+01, 4.2868e+02
2.0179e+01, 4.6178e+02
2.0196e+01, 4.9907e+02
2.0212e+01, 5.4137e+02
2.0228e+01, 5.8963e+02
2.0244e+01, 6.4516e+02
2.0261e+01, 7.0952e+02
2.0272e+01, 7.6213e+02
2.0284e+01, 8.2125e+02
2.0296e+01, 8.8811e+02
2.0307e+01, 9.6415e+02
2.0319e+01, 1.0511e+03
2.0331e+01, 1.1511e+03
2.0342e+01, 1.2668e+03
2.0354e+01, 1.4012e+03
2.0366e+01, 1.5580e+03
2.0377e+01, 1.7414e+03
2.0389e+01, 1.9564e+03
2.0400e+01, 2.2086e+03
2.0412e+01, 2.5039e+03
2.0424e+01, 2.8490e+03
2.0435e+01, 3.2502e+03
2.0447e+01, 3.7142e+03
2.0460e+01, 4.3038e+03
2.0473e+01, 4.9812e+03
2.0485e+01, 5.7502e+03
2.0498e+01, 6.6083e+03
2.0511e+01, 7.5505e+03
2.0524e+01, 8.5630e+03
2.0549e+01, 1.0720e+04
2.0573e+01, 1.2683e+04
2.0596e+01, 1.4401e+04
2.0620e+01, 1.5640e+04
2.0632e+01, 1.6019e+04
2.0643e+01, 1.6215e+04
2.0650e+01, 1.6242e+04
2.0670e+01, 1.5942e+04
2.0690e+01, 1.5114e+04
2.0711e+01, 1.3851e+04
2.0731e+01, 1.2293e+04
2.0778e+01, 8.3671e+03
2.0801e+01, 6.5981e+03
2.0813e+01, 5.8127e+03
2.0825e+01, 5.1021e+03
2.0834e+01, 4.5965e+03
2.0843e+01, 4.1369e+03
2.0852e+01, 3.7220e+03
2.0861e+01, 3.3497e+03
2.0870e+01, 3.0168e+03
2.0880e+01, 2.7205e+03
2.0889e+01, 2.4577e+03
2.0898e+01, 2.2255e+03
2.0907e+01, 2.0201e+03
2.0916e+01, 1.8389e+03
2.0926e+01, 1.6791e+03
2.0935e+01, 1.5382e+03
2.0944e+01, 1.4135e+03
2.0953e+01, 1.3032e+03
2.0972e+01, 1.1183e+03
2.0990e+01, 9.7093e+02
2.1008e+01, 8.5213e+02
2.1027e+01, 7.5488e+02
2.1045e+01, 6.7427e+02
2.1064e+01, 6.0653e+02
2.1082e+01, 5.4900e+02
2.1100e+01, 4.9960e+02
2.1119e+01, 4.5684e+02
2.1137e+01, 4.1951e+02
2.1156e+01, 3.8673e+02
2.1192e+01, 3.3198e+02
2.1229e+01, 2.8832e+02
2.1266e+01, 2.5292e+02
2.1301e+01, 2.2497e+02
2.1336e+01, 2.0148e+02
2.1371e+01, 1.8151e+02
2.1406e+01, 1.6438e+02
2.1442e+01, 1.4957e+02
2.1477e+01, 1.3668e+02
2.1512e+01, 1.2539e+02
2.1547e+01, 1.1544e+02
2.1617e+01, 9.8814e+01
2.1687e+01, 8.5546e+01
2.1758e+01, 7.4788e+01
2.1828e+01, 6.5944e+01
2.1891e+01, 5.9237e+01
2.1955e+01, 5.3521e+01
2.2018e+01, 4.8605e+01
2.2082e+01, 4.4333e+01
2.2146e+01, 4.0589e+01
2.2209e+01, 3.7293e+01
2.2336e+01, 3.1796e+01
2.2463e+01, 2.7432e+01
2.2590e+01, 2.3909e+01
2.2717e+01, 2.1025e+01
2.2844e+01, 1.8634e+01
2.2965e+01, 1.6727e+01
2.3085e+01, 1.5099e+01
2.3206e+01, 1.3704e+01
2.3326e+01, 1.2507e+01
2.3446e+01, 1.1453e+01
2.3567e+01, 1.0522e+01
2.3808e+01, 8.9720e+00
2.4048e+01, 7.7439e+00
2.4289e+01, 6.7546e+00
2.4530e+01, 5.9460e+00
2.4771e+01, 5.2769e+00
2.4998e+01, 4.7456e+00
2.5226e+01, 4.2925e+00
2.5453e+01, 3.9031e+00
2.5680e+01, 3.5661e+00
2.5908e+01, 3.2773e+00
2.6135e+01, 3.0226e+00
2.6363e+01, 2.7928e+00
2.6590e+01, 2.5918e+00
2.7045e+01, 2.2511e+00
2.7500e+01, 1.9771e+00
2.7955e+01, 1.7536e+00
2.8409e+01, 1.5690e+00
2.8891e+01, 1.4066e+00
2.9373e+01, 1.2710e+00
2.9854e+01, 1.1566e+00
3.0336e+01, 1.0617e+00
3.0817e+01, 9.7771e-01
3.1299e+01, 9.0651e-01
3.1781e+01, 8.4250e-01
3.2262e+01, 7.9004e-01
3.2744e+01, 7.4146e-01
3.3225e+01, 7.0166e-01
3.4188e+01, 6.3454e-01
3.5152e+01, 5.8434e-01
3.6115e+01, 5.4852e-01
3.6757e+01, 5.3229e-01
3.7399e+01, 5.2150e-01
3.8041e+01, 5.1584e-01
3.8683e+01, 5.1609e-01
3.9325e+01, 5.2431e-01
3.9967e+01, 5.4101e-01
4.0610e+01, 5.6556e-01
4.1252e+01, 6.0513e-01
4.1894e+01, 6.6369e-01
4.2215e+01, 7.0216e-01
4.2536e+01, 7.4864e-01
4.2857e+01, 8.0553e-01
4.3178e+01, 8.7532e-01
4.3499e+01, 9.5875e-01
4.3820e+01, 1.0648e+00
4.4074e+01, 1.1684e+00
4.4328e+01, 1.2943e+00
4.4583e+01, 1.4490e+00
4.4837e+01, 1.6419e+00
4.5091e+01, 1.8862e+00
4.5218e+01, 2.0334e+00
4.5345e+01, 2.2012e+00
4.5472e+01, 2.3928e+00
4.5599e+01, 2.6133e+00
4.5726e+01, 2.8711e+00
4.5853e+01, 3.1750e+00
4.5987e+01, 3.5560e+00
4.6121e+01, 4.0166e+00
4.6255e+01, 4.5808e+00
4.6389e+01, 5.2822e+00
4.6522e+01, 6.1694e+00
4.6589e+01, 6.7037e+00
4.6656e+01, 7.3131e+00
4.6723e+01, 8.0124e+00
4.6790e+01, 8.8207e+00
4.6857e+01, 9.7634e+00
4.6924e+01, 1.0874e+01
4.6972e+01, 1.1808e+01
4.7021e+01, 1.2872e+01
4.7069e+01, 1.4094e+01
4.7118e+01, 1.5505e+01
4.7166e+01, 1.7147e+01
4.7190e+01, 1.8073e+01
4.7215e+01, 1.9077e+01
4.7239e+01, 2.0172e+01
4.7263e+01, 2.1368e+01
4.7287e+01, 2.2680e+01
4.7299e+01, 2.3383e+01
4.7312e+01, 2.4121e+01
4.7322e+01, 2.4815e+01
4.7333e+01, 2.5540e+01
4.7344e+01, 2.6300e+01
4.7355e+01, 2.7095e+01
4.7366e+01, 2.7930e+01
4.7377e+01, 2.8805e+01
4.7388e+01, 2.9725e+01
4.7399e+01, 3.0693e+01
4.7405e+01, 3.1312e+01
4.7414e+01, 3.2199e+01
4.7424e+01, 3.3126e+01
4.7433e+01, 3.4097e+01
4.7442e+01, 3.5113e+01
4.7451e+01, 3.6180e+01
4.7460e+01, 3.7300e+01
4.7470e+01, 3.8477e+01
4.7479e+01, 3.9715e+01
4.7490e+01, 4.1264e+01
4.7501e+01, 4.2916e+01
4.7511e+01, 4.4680e+01
4.7522e+01, 4.6568e+01
4.7533e+01, 4.8593e+01
4.7544e+01, 5.0772e+01
4.7555e+01, 5.3122e+01
4.7566e+01, 5.5662e+01
4.7575e+01, 5.7983e+01
4.7584e+01, 6.0478e+01
4.7593e+01, 6.3166e+01
4.7603e+01, 6.6067e+01
4.7612e+01, 6.9215e+01
4.7621e+01, 7.2635e+01
4.7630e+01, 7.6365e+01
4.7639e+01, 8.0438e+01
4.7648e+01, 8.4911e+01
4.7658e+01, 8.9832e+01
4.7667e+01, 9.5261e+01
4.7676e+01, 1.0126e+02
4.7685e+01, 1.0792e+02
4.7694e+01, 1.1532e+02
4.7704e+01, 1.2357e+02
4.7713e+01, 1.3277e+02
4.7722e+01, 1.4306e+02
4.7731e+01, 1.5457e+02
4.7740e+01, 1.6746e+02
4.7750e+01, 1.8189e+02
4.7759e+01, 1.9806e+02
4.7768e+01, 2.1618e+02
4.7777e+01, 2.3644e+02
4.7786e+01, 2.5907e+02
4.7796e+01, 2.8434e+02
4.7805e+01, 3.1250e+02
4.7814e+01, 3.4380e+02
4.7823e+01, 3.7847e+02
4.7832e+01, 4.1686e+02
4.7842e+01, 4.5914e+02
4.7851e+01, 5.0565e+02
4.7860e+01, 5.5653e+02
4.7874e+01, 6.4444e+02
4.7888e+01, 7.4398e+02
4.7903e+01, 8.5564e+02
4.7917e+01, 9.7932e+02
4.7931e+01, 1.1148e+03
4.7945e+01, 1.2612e+03
4.7974e+01, 1.5809e+03
4.8011e+01, 2.0227e+03
4.8047e+01, 2.4437e+03
4.8066e+01, 2.6247e+03
4.8084e+01, 2.7759e+03
4.8102e+01, 2.8903e+03
4.8120e+01, 2.9623e+03
4.8140e+01, 2.9884e+03
4.8157e+01, 2.9670e+03
4.8174e+01, 2.9059e+03
4.8191e+01, 2.8077e+03
4.8208e+01, 2.6768e+03
4.8227e+01, 2.4917e+03
4.8247e+01, 2.2796e+03
4.8286e+01, 1.8152e+03
4.8320e+01, 1.4185e+03
4.8337e+01, 1.2346e+03
4.8354e+01, 1.0646e+03
4.8370e+01, 9.1034e+02
4.8387e+01, 7.7293e+02
4.8404e+01, 6.5248e+02
4.8421e+01, 5.4846e+02
4.8436e+01, 4.6844e+02
4.8451e+01, 3.9982e+02
4.8466e+01, 3.4142e+02
4.8482e+01, 2.9214e+02
4.8497e+01, 2.5077e+02
4.8512e+01, 2.1624e+02
4.8527e+01, 1.8750e+02
4.8542e+01, 1.6362e+02
4.8557e+01, 1.4376e+02
4.8572e+01, 1.2726e+02
4.8587e+01, 1.1349e+02
4.8602e+01, 1.0194e+02
4.8618e+01, 9.2197e+01
4.8633e+01, 8.3933e+01
4.8648e+01, 7.6865e+01
4.8663e+01, 7.0771e+01
4.8690e+01, 6.1871e+01
4.8716e+01, 5.4754e+01
4.8743e+01, 4.8937e+01
4.8770e+01, 4.4092e+01
4.8796e+01, 3.9994e+01
4.8823e+01, 3.6483e+01
4.8850e+01, 3.3444e+01
4.8876e+01, 3.0790e+01
4.8930e+01, 2.6386e+01
4.8983e+01, 2.2893e+01
4.9036e+01, 2.0069e+01
4.9090e+01, 1.7748e+01
4.9139e+01, 1.5934e+01
4.9189e+01, 1.4391e+01
4.9239e+01, 1.3065e+01
4.9289e+01, 1.1918e+01
4.9339e+01, 1.0919e+01
4.9388e+01, 1.0043e+01
4.9488e+01, 8.5882e+00
4.9587e+01, 7.4350e+00
4.9687e+01, 6.5030e+00
4.9787e+01, 5.7373e+00
4.9886e+01, 5.1007e+00
5.0000e+01, 4.4969e+00
5.0098e+01, 4.0622e+00
5.0195e+01, 3.6894e+00
5.0293e+01, 3.3673e+00
5.0391e+01, 3.0872e+00
5.0488e+01, 2.8424e+00
5.0586e+01, 2.6274e+00
5.0781e+01, 2.2668e+00
5.0977e+01, 1.9768e+00
5.1172e+01, 1.7413e+00
5.1367e+01, 1.5475e+00
5.1562e+01, 1.3862e+00
5.1758e+01, 1.2504e+00
5.1953e+01, 1.1351e+00
5.2148e+01, 1.0362e+00
5.2344e+01, 9.5074e-01
5.2539e+01, 8.7649e-01
5.2734e+01, 8.1209e-01
5.3125e+01, 7.0457e-01
5.3516e+01, 6.1867e-01
5.3906e+01, 5.4948e-01
5.4297e+01, 4.9286e-01
5.4688e+01, 4.4590e-01
5.5127e+01, 4.0198e-01
5.5566e+01, 3.6543e-01
5.6006e+01, 3.3464e-01
5.6445e+01, 3.0904e-01
5.6885e+01, 2.8638e-01
5.7324e+01, 2.6688e-01
5.7764e+01, 2.4943e-01
5.8203e+01, 2.3461e-01
5.9082e+01, 2.0926e-01
5.9961e+01, 1.8890e-01
6.0840e+01, 1.7227e-01
6.1719e+01, 1.5847e-01
6.2500e+01, 1.4810e-01
6.4062e+01, 1.3116e-01
6.5625e+01, 1.1794e-01
6.7188e+01, 1.0738e-01
6.8750e+01, 9.8774e-02
7.0312e+01, 9.1641e-02
7.1875e+01, 8.5669e-02
7.5000e+01, 7.6281e-02
7.8125e+01, 6.9405e-02
8.1250e+01, 6.4422e-02
8.4375e+01, 6.1013e-02
8.7500e+01, 5.9105e-02
9.0625e+01, 5.8874e-02
9.2969e+01, 6.0215e-02
9.5312e+01, 6.3284e-02
9.6484e+01, 6.5925e-02
9.7656e+01, 6.9560e-02
9.8828e+01, 7.4166e-02
1.0000e+02, 8.0775e-02
1.0075e+02, 8.6398e-02
1.0151e+02, 9.3475e-02
1.0226e+02, 1.0250e-01
1.0302e+02, 1.1419e-01
1.0340e+02, 1.2132e-01
1.0377e+02, 1.2967e-01
1.0415e+02, 1.3914e-01
1.0453e+02, 1.5016e-01
1.0490e+02, 1.6343e-01
1.0528e+02, 1.7927e-01
1.0566e+02, 1.9839e-01
1.0604e+02, 2.2172e-01
1.0637e+02, 2.4688e-01
1.0670e+02, 2.7764e-01
1.0704e+02, 3.1578e-01
1.0737e+02, 3.6354e-01
1.0753e+02, 3.9199e-01
1.0770e+02, 4.2454e-01
1.0787e+02, 4.6206e-01
1.0803e+02, 5.0539e-01
1.0820e+02, 5.5581e-01
1.0837e+02, 6.1488e-01
1.0853e+02, 6.8478e-01
1.0870e+02, 7.6824e-01
1.0886e+02, 8.6175e-01
1.0901e+02, 9.7432e-01
1.0917e+02, 1.1116e+00
1.0932e+02, 1.2816e+00
1.0948e+02, 1.4966e+00
1.0955e+02, 1.6263e+00
1.0963e+02, 1.7742e+00
1.0971e+02, 1.9445e+00
1.0979e+02, 2.1416e+00
1.0987e+02, 2.3717e+00
1.0994e+02, 2.6422e+00
1.1003e+02, 2.9898e+00
1.1011e+02, 3.4136e+00
1.1019e+02, 3.9402e+00
1.1028e+02, 4.6063e+00
1.1032e+02, 5.0103e+00
1.1036e+02, 5.4734e+00
1.1040e+02, 6.0106e+00
1.1044e+02, 6.6412e+00
1.1048e+02, 7.3931e+00
1.1053e+02, 8.3076e+00
1.1057e+02, 9.4490e+00
1.1059e+02, 1.0135e+01
1.1061e+02, 1.0919e+01
1.1062e+02, 1.1591e+01
1.1064e+02, 1.2338e+01
1.1066e+02, 1.3180e+01
1.1067e+02, 1.4132e+01
1.1069e+02, 1.5215e+01
1.1070e+02, 1.6452e+01
1.1072e+02, 1.7869e+01
1.1073e+02, 1.9500e+01
1.1075e+02, 2.1382e+01
1.1076e+02, 2.3557e+01
1.1078e+02, 2.6075e+01
1.1080e+02, 2.8992e+01
1.1081e+02, 3.2372e+01
1.1083e+02, 3.6285e+01
1.1084e+02, 4.0809e+01
1.1086e+02, 4.6032e+01
1.1087e+02, 5.0784e+01
1.1088e+02, 5.6095e+01
1.1090e+02, 6.2018e+01
1.1091e+02, 6.8555e+01
1.1092e+02, 7.7608e+01
1.1094e+02, 8.7852e+01
1.1095e+02, 9.9392e+01
1.1097e+02, 1.1224e+02
1.1098e+02, 1.2666e+02
1.1100e+02, 1.4255e+02
1.1102e+02, 1.6007e+02
1.1103e+02, 1.7927e+02
1.1104e+02, 1.9833e+02
1.1106e+02, 2.1884e+02
1.1109e+02, 2.6393e+02
1.1111e+02, 3.1452e+02
1.1114e+02, 3.6944e+02
1.1119e+02, 4.7566e+02
1.1124e+02, 5.8203e+02
1.1127e+02, 6.4164e+02
1.1130e+02, 6.9288e+02
1.1133e+02, 7.3297e+02
1.1136e+02, 7.5937e+02
1.1140e+02, 7.7091e+02
1.1140e+02, 7.7069e+02
1.1142e+02, 7.6677e+02
1.1144e+02, 7.5806e+02
1.1147e+02, 7.2712e+02
1.1151e+02, 6.7256e+02
1.1155e+02, 6.0269e+02
1.1162e+02, 4.5558e+02
1.1165e+02, 3.8183e+02
1.1169e+02, 3.1275e+02
1.1172e+02, 2.5648e+02
1.1175e+02, 2.0719e+02
1.1178e+02, 1.6496e+02
1.1180e+02, 1.4660e+02
1.1181e+02, 1.2996e+02
1.1183e+02, 1.1488e+02
1.1184e+02, 1.0146e+02
1.1186e+02, 8.9503e+01
1.1187e+02, 7.8903e+01
1.1189e+02, 6.9548e+01
1.1191e+02, 6.1327e+01
1.1192e+02, 5.4132e+01
1.1194e+02, 4.7856e+01
1.1195e+02, 4.2956e+01
1.1196e+02, 3.8639e+01
1.1198e+02, 3.4841e+01
1.1199e+02, 3.1504e+01
1.1201e+02, 2.8574e+01
1.1202e+02, 2.6004e+01
1.1203e+02, 2.3748e+01
1.1205e+02, 2.1781e+01
1.1206e+02, 2.0038e+01
1.1208e+02, 1.8504e+01
1.1210e+02, 1.5964e+01
1.1213e+02, 1.3960e+01
1.1216e+02, 1.2368e+01
1.1219e+02, 1.1076e+01
1.1221e+02, 1.0015e+01
1.1224e+02, 9.1277e+00
1.1227e+02, 8.3777e+00
1.1230e+02, 7.7300e+00
1.1233e+02, 7.1678e+00
1.1238e+02, 6.2318e+00
1.1243e+02, 5.5251e+00
1.1249e+02, 4.9413e+00
1.1254e+02, 4.4496e+00
1.1259e+02, 4.0321e+00
1.1264e+02, 3.6725e+00
1.1269e+02, 3.3615e+00
1.1275e+02, 3.0894e+00
1.1280e+02, 2.8506e+00
1.1290e+02, 2.4512e+00
1.1301e+02, 2.1321e+00
1.1311e+02, 1.8727e+00
1.1321e+02, 1.6590e+00
1.1331e+02, 1.4915e+00
1.1341e+02, 1.3488e+00
1.1351e+02, 1.2263e+00
1.1360e+02, 1.1203e+00
1.1370e+02, 1.0278e+00
1.1380e+02, 9.4671e-01
1.1399e+02, 8.1212e-01
1.1419e+02, 7.0554e-01
1.1438e+02, 6.1939e-01
1.1457e+02, 5.4853e-01
1.1477e+02, 4.8973e-01
1.1498e+02, 4.3719e-01
1.1519e+02, 3.9325e-01
1.1539e+02, 3.5607e-01
1.1560e+02, 3.2438e-01
1.1581e+02, 2.9711e-01
1.1602e+02, 2.7353e-01
1.1623e+02, 2.5307e-01
1.1643e+02, 2.3526e-01
1.1685e+02, 2.0525e-01
1.1727e+02, 1.8133e-01
1.1768e+02, 1.6206e-01
1.1810e+02, 1.4633e-01
1.1857e+02, 1.3174e-01
1.1904e+02, 1.1983e-01
1.1952e+02, 1.0996e-01
1.1999e+02, 1.0173e-01
1.2046e+02, 9.4917e-02
1.2093e+02, 8.9093e-02
1.2188e+02, 7.9628e-02
1.2282e+02, 7.2595e-02
1.2376e+02, 6.7317e-02
1.2471e+02, 6.3364e-02
1.2565e+02, 6.0459e-02
1.2698e+02, 5.7847e-02
1.2832e+02, 5.6729e-02
1.2921e+02, 5.6872e-02
1.3009e+02, 5.7815e-02
1.3098e+02, 5.9750e-02
1.3187e+02, 6.3010e-02
1.3276e+02, 6.8103e-02
1.3320e+02, 7.1625e-02
1.3365e+02, 7.6121e-02
1.3409e+02, 8.1829e-02
1.3454e+02, 8.9155e-02
1.3498e+02, 9.8705e-02
1.3543e+02, 1.1125e-01
1.3570e+02, 1.2126e-01
1.3598e+02, 1.3364e-01
1.3626e+02, 1.4907e-01
1.3654e+02, 1.6861e-01
1.3681e+02, 1.9384e-01
1.3695e+02, 2.0929e-01
1.3709e+02, 2.2713e-01
1.3723e+02, 2.4786e-01
1.3737e+02, 2.7215e-01
1.3751e+02, 3.0091e-01
1.3765e+02, 3.3544e-01
1.3778e+02, 3.7511e-01
1.3791e+02, 4.2342e-01
1.3804e+02, 4.8306e-01
1.3817e+02, 5.5790e-01
1.3824e+02, 6.0274e-01
1.3831e+02, 6.5365e-01
1.3837e+02, 7.1201e-01
1.3844e+02, 7.7920e-01
1.3850e+02, 8.5743e-01
1.3857e+02, 9.4914e-01
1.3864e+02, 1.0580e+00
1.3870e+02, 1.1889e+00
1.3877e+02, 1.3589e+00
1.3884e+02, 1.5743e+00
1.3888e+02, 1.7056e+00
1.3891e+02, 1.8582e+00
1.3894e+02, 2.0384e+00
1.3898e+02, 2.2551e+00
1.3901e+02, 2.5215e+00
1.3905e+02, 2.8568e+00
1.3908e+02, 3.2890e+00
1.3910e+02, 3.5541e+00
1.3912e+02, 3.8580e+00
1.3914e+02, 4.2119e+00
1.3915e+02, 4.6208e+00
1.3917e+02, 5.0998e+00
1.3919e+02, 5.6558e+00
1.3920e+02, 6.3093e+00
1.3922e+02, 7.0691e+00
1.3924e+02, 7.9624e+00
1.3926e+02, 8.9996e+00
1.3928e+02, 1.0345e+01
1.3929e+02, 1.1934e+01
1.3931e+02, 1.3804e+01
1.3933e+02, 1.5995e+01
1.3935e+02, 1.8551e+01
1.3937e+02, 2.1518e+01
1.3939e+02, 2.4941e+01
1.3941e+02, 2.8844e+01
1.3943e+02, 3.3312e+01
1.3945e+02, 3.8367e+01
1.3947e+02, 4.4045e+01
1.3949e+02, 5.0372e+01
1.3950e+02, 5.7367e+01
1.3952e+02, 6.5037e+01
1.3954e+02, 7.3373e+01
1.3956e+02, 8.2303e+01
1.3960e+02, 1.0010e+02
1.3963e+02, 1.1946e+02
1.3967e+02, 1.3975e+02
1.3970e+02, 1.6014e+02
1.3973e+02, 1.7591e+02
1.3977e+02, 1.9566e+02
1.3981e+02, 2.1192e+02
1.3984e+02, 2.2352e+02
1.3988e+02, 2.2967e+02
1.3990e+02, 2.3021e+02
1.3991e+02, 2.3005e+02
1.3993e+02, 2.2805e+02
1.3995e+02, 2.2384e+02
1.3999e+02, 2.1429e+02
1.4002e+02, 2.0109e+02
1.4007e+02, 1.7512e+02
1.4012e+02, 1.4556e+02
1.4017e+02, 1.1769e+02
1.4022e+02, 9.1722e+01
1.4024e+02, 7.9867e+01
1.4027e+02, 6.9011e+01
1.4029e+02, 5.9171e+01
1.4031e+02, 5.0372e+01
1.4033e+02, 4.3715e+01
1.4035e+02, 3.7780e+01
1.4037e+02, 3.2534e+01
1.4039e+02, 2.7955e+01
1.4041e+02, 2.3949e+01
1.4044e+02, 2.0504e+01
1.4046e+02, 1.7531e+01
1.4048e+02, 1.5007e+01
1.4050e+02, 1.2855e+01
1.4052e+02, 1.1038e+01
1.4054e+02, 9.5102e+00
1.4056e+02, 8.2365e+00
1.4058e+02, 7.1663e+00
1.4060e+02, 6.2774e+00
1.4062e+02, 5.5320e+00
1.4064e+02, 4.9127e+00
1.4066e+02, 4.3920e+00
1.4068e+02, 3.9553e+00
1.4070e+02, 3.5875e+00
1.4072e+02, 3.2774e+00
1.4074e+02, 3.0118e+00
1.4076e+02, 2.7839e+00
1.4080e+02, 2.4159e+00
1.4084e+02, 2.1312e+00
1.4088e+02, 1.9052e+00
1.4092e+02, 1.7204e+00
1.4096e+02, 1.5657e+00
1.4100e+02, 1.4337e+00
1.4104e+02, 1.3199e+00
1.4112e+02, 1.1329e+00
1.4120e+02, 9.8570e-01
1.4128e+02, 8.6739e-01
1.4136e+02, 7.7442e-01
1.4144e+02, 6.9656e-01
1.4151e+02, 6.3058e-01
1.4159e+02, 5.7412e-01
1.4167e+02, 5.2539e-01
1.4174e+02, 4.8300e-01
1.4190e+02, 4.1324e-01
1.4205e+02, 3.5861e-01
1.4221e+02, 3.1503e-01
1.4236e+02, 2.7974e-01
1.4251e+02, 2.5077e-01
1.4270e+02, 2.2145e-01
1.4290e+02, 1.9759e-01
1.4309e+02, 1.7791e-01
1.4328e+02, 1.6151e-01
1.4347e+02, 1.4772e-01
1.4366e+02, 1.3601e-01
1.4385e+02, 1.2597e-01
1.4404e+02, 1.1731e-01
1.4442e+02, 1.0321e-01
1.4480e+02, 9.2398e-02
1.4518e+02, 8.3748e-02
1.4556e+02, 7.6757e-02
1.4592e+02, 7.1451e-02
1.4627e+02, 6.7001e-02
1.4697e+02, 6.0013e-02
1.4768e+02, 5.4943e-02
1.4838e+02, 5.0957e-02
1.4908e+02, 4.7881e-02
1.4979e+02, 4.5424e-02
1.5120e+02, 4.1808e-02
1.5260e+02, 3.9426e-02
1.5401e+02, 3.7667e-02
1.5683e+02, 3.5403e-02
1.5917e+02, 3.4406e-02
1.6152e+02, 3.3842e-02
1.6621e+02, 3.3426e-02
1.7044e+02, 3.3785e-02
1.7466e+02, 3.4701e-02
1.7888e+02, 3.5811e-02
1.8311e+02, 3.7502e-02
1.8733e+02, 3.9729e-02
1.9155e+02, 4.2653e-02
1.9578e+02, 4.6593e-02
2.0000e+02, 5.2286e-02
2.0270e+02, 5.7792e-02
2.0405e+02, 6.1302e-02
2.0540e+02, 6.5900e-02
2.0675e+02, 7.2072e-02
2.0743e+02, 7.6009e-02
2.0810e+02, 8.0711e-02
2.0878e+02, 8.6476e-02
2.0945e+02, 9.3877e-02
2.1013e+02, 1.0352e-01
2.1081e+02, 1.1652e-01
2.1119e+02, 1.2616e-01
2.1158e+02, 1.3800e-01
2.1196e+02, 1.5271e-01
2.1235e+02, 1.7176e-01
2.1254e+02, 1.8348e-01
2.1273e+02, 1.9704e-01
2.1293e+02, 2.1287e-01
2.1312e+02, 2.3150e-01
2.1331e+02, 2.5363e-01
2.1351e+02, 2.8017e-01
2.1370e+02, 3.1247e-01
2.1389e+02, 3.5252e-01
2.1404e+02, 3.9155e-01
2.1420e+02, 4.3910e-01
2.1435e+02, 4.9787e-01
2.1450e+02, 5.7168e-01
2.1458e+02, 6.1598e-01
2.1466e+02, 6.6645e-01
2.1473e+02, 7.2436e-01
2.1481e+02, 7.9122e-01
2.1489e+02, 8.6934e-01
2.1496e+02, 9.6148e-01
2.1504e+02, 1.0716e+00
2.1511e+02, 1.2052e+00
2.1519e+02, 1.3813e+00
2.1523e+02, 1.4880e+00
2.1528e+02, 1.6113e+00
2.1532e+02, 1.7562e+00
2.1536e+02, 1.9295e+00
2.1540e+02, 2.1411e+00
2.1544e+02, 2.4052e+00
2.1548e+02, 2.7422e+00
2.1550e+02, 2.9467e+00
2.1552e+02, 3.1811e+00
2.1554e+02, 3.4509e+00
2.1556e+02, 3.7624e+00
2.1558e+02, 4.1230e+00
2.1560e+02, 4.5415e+00
2.1562e+02, 5.0277e+00
2.1564e+02, 5.5931e+00
2.1566e+02, 6.2507e+00
2.1568e+02, 7.0150e+00
2.1570e+02, 7.9024e+00
2.1572e+02, 8.9311e+00
2.1574e+02, 1.0121e+01
2.1576e+02, 1.1487e+01
2.1577e+02, 1.2775e+01
2.1579e+02, 1.4218e+01
2.1581e+02, 1.5830e+01
2.1582e+02, 1.7627e+01
2.1584e+02, 1.9625e+01
2.1586e+02, 2.1838e+01
2.1587e+02, 2.4284e+01
2.1589e+02, 2.6960e+01
2.1591e+02, 2.9915e+01
2.1592e+02, 3.3146e+01
2.1594e+02, 3.6667e+01
2.1596e+02, 4.0491e+01
2.1599e+02, 4.9083e+01
2.1602e+02, 5.8941e+01
2.1605e+02, 6.9067e+01
2.1608e+02, 8.0198e+01
2.1612e+02, 9.5682e+01
2.1616e+02, 1.1237e+02
2.1625e+02, 1.5343e+02
2.1629e+02, 1.7331e+02
2.1634e+02, 1.9127e+02
2.1637e+02, 2.0384e+02
2.1641e+02, 2.1383e+02
2.1645e+02, 2.2189e+02
2.1650e+02, 2.2486e+02
2.1650e+02, 2.2483e+02
2.1652e+02, 2.2431e+02
2.1654e+02, 2.2316e+02
2.1657e+02, 2.1899e+02
2.1660e+02, 2.1172e+02
2.1663e+02, 2.0196e+02
2.1669e+02, 1.7905e+02
2.1675e+02, 1.5191e+02
2.1686e+02, 1.0155e+02
2.1692e+02, 7.9071e+01
2.1695e+02, 6.8968e+01
2.1697e+02, 5.9761e+01
2.1700e+02, 5.1411e+01
2.1703e+02, 4.3979e+01
2.1706e+02, 3.7389e+01
2.1708e+02, 3.1650e+01
2.1711e+02, 2.6666e+01
2.1714e+02, 2.2408e+01
2.1717e+02, 1.8779e+01
2.1719e+02, 1.5732e+01
2.1722e+02, 1.3175e+01
2.1725e+02, 1.1060e+01
2.1728e+02, 9.3082e+00
2.1730e+02, 7.8752e+00
2.1733e+02, 6.6992e+00
2.1736e+02, 5.7437e+00
2.1739e+02, 4.9627e+00
2.1741e+02, 4.3291e+00
2.1744e+02, 3.8636e+00
2.1746e+02, 3.4742e+00
2.1749e+02, 3.1473e+00
2.1751e+02, 2.8713e+00
2.1754e+02, 2.6371e+00
2.1756e+02, 2.4369e+00
2.1758e+02, 2.2646e+00
2.1761e+02, 2.1150e+00
2.1766e+02, 1.8686e+00
2.1771e+02, 1.6739e+00
2.1776e+02, 1.5156e+00
2.1780e+02, 1.3836e+00
2.1785e+02, 1.2714e+00
2.1790e+02, 1.1747e+00
2.1800e+02, 1.0156e+00
2.1810e+02, 8.9042e-01
2.1819e+02, 7.8947e-01
2.1830e+02, 7.0200e-01
2.1840e+02, 6.3002e-01
2.1851e+02, 5.7004e-01
2.1861e+02, 5.1948e-01
2.1871e+02, 4.7644e-01
2.1882e+02, 4.3945e-01
2.1892e+02, 4.0741e-01
2.1902e+02, 3.7945e-01
2.1923e+02, 3.3321e-01
2.1944e+02, 2.9684e-01
2.1965e+02, 2.6777e-01
2.1985e+02, 2.4420e-01
2.2013e+02, 2.1884e-01
2.2041e+02, 1.9911e-01
2.2070e+02, 1.8343e-01
2.2098e+02, 1.7071e-01
2.2126e+02, 1.6030e-01
2.2154e+02, 1.5173e-01
2.2210e+02, 1.3869e-01
2.2266e+02, 1.2960e-01
2.2322e+02, 1.2327e-01
2.2378e+02, 1.1857e-01
2.2434e+02, 1.1526e-01
2.2512e+02, 1.1236e-01
2.2590e+02, 1.1095e-01
2.2795e+02, 1.1165e-01
2.3000e+02, 1.1643e-01
2.3205e+02, 1.2419e-01
2.3410e+02, 1.3485e-01
2.3615e+02, 1.4850e-01
2.3820e+02, 1.6552e-01
2.4025e+02, 1.8707e-01
2.4128e+02, 1.9982e-01
2.4230e+02, 2.1410e-01
2.4289e+02, 2.2321e-01
2.4347e+02, 2.3300e-01
2.4406e+02, 2.4349e-01
2.4464e+02, 2.5486e-01
2.4494e+02, 2.6090e-01
2.4523e+02, 2.6718e-01
2.4552e+02, 2.7372e-01
2.4581e+02, 2.8054e-01
2.4611e+02, 2.8764e-01
2.4640e+02, 2.9504e-01
2.4669e+02, 3.0275e-01
2.4699e+02, 3.1081e-01
2.4718e+02, 3.1638e-01
2.4738e+02, 3.2213e-01
2.4757e+02, 3.2804e-01
2.4777e+02, 3.3414e-01
2.4788e+02, 3.3765e-01
2.4799e+02, 3.4122e-01
2.4821e+02, 3.4856e-01
2.4843e+02, 3.5615e-01
2.4865e+02, 3.6402e-01
2.4887e+02, 3.7218e-01
2.4908e+02, 3.8063e-01
2.4930e+02, 3.8940e-01
2.4952e+02, 3.9850e-01
2.4979e+02, 4.1010e-01
2.5006e+02, 4.2226e-01
2.5033e+02, 4.3500e-01
2.5060e+02, 4.4837e-01
2.5087e+02, 4.6241e-01
2.5113e+02, 4.7717e-01
2.5140e+02, 4.9270e-01
2.5167e+02, 5.0906e-01
2.5191e+02, 5.2471e-01
2.5216e+02, 5.4116e-01
2.5240e+02, 5.5843e-01
2.5265e+02, 5.7656e-01
2.5289e+02, 5.9563e-01
2.5313e+02, 6.1572e-01
2.5338e+02, 6.3690e-01
2.5362e+02, 6.5924e-01
2.5387e+02, 6.8285e-01
2.5411e+02, 7.0781e-01
2.5435e+02, 7.3424e-01
2.5460e+02, 7.6224e-01
2.5509e+02, 8.2351e-01
2.5557e+02, 8.9281e-01
2.5584e+02, 9.3489e-01
2.5611e+02, 9.8014e-01
2.5638e+02, 1.0289e+00
2.5665e+02, 1.0815e+00
2.5692e+02, 1.1384e+00
2.5719e+02, 1.2000e+00
2.5745e+02, 1.2670e+00
2.5772e+02, 1.3399e+00
2.5799e+02, 1.4196e+00
2.5826e+02, 1.5067e+00
2.5853e+02, 1.6023e+00
2.5880e+02, 1.7076e+00
2.5906e+02, 1.8239e+00
2.5933e+02, 1.9528e+00
2.5960e+02, 2.0962e+00
2.5987e+02, 2.2564e+00
2.6019e+02, 2.4708e+00
2.6050e+02, 2.7171e+00
2.6082e+02, 3.0022e+00
2.6114e+02, 3.3367e+00
2.6146e+02, 3.7323e+00
2.6177e+02, 4.2041e+00
2.6209e+02, 4.7729e+00
2.6225e+02, 5.1021e+00
2.6241e+02, 5.4671e+00
2.6266e+02, 6.1463e+00
2.6292e+02, 6.9621e+00
2.6318e+02, 7.9540e+00
2.6330e+02, 8.5323e+00
2.6343e+02, 9.1767e+00
2.6356e+02, 9.8978e+00
2.6369e+02, 1.0708e+01
2.6382e+02, 1.1623e+01
2.6394e+02, 1.2660e+01
2.6407e+02, 1.3843e+01
2.6420e+02, 1.5200e+01
2.6433e+02, 1.6769e+01
2.6446e+02, 1.8597e+01
2.6459e+02, 2.0858e+01
2.6472e+02, 2.3565e+01
2.6486e+02, 2.6846e+01
2.6499e+02, 3.0873e+01
2.6513e+02, 3.5891e+01
2.6519e+02, 3.8876e+01
2.6526e+02, 4.2252e+01
2.6533e+02, 4.6089e+01
2.6540e+02, 5.0474e+01
2.6546e+02, 5.5512e+01
2.6553e+02, 6.1333e+01
2.6562e+02, 7.0131e+01
2.6570e+02, 8.0873e+01
2.6579e+02, 9.4077e+01
2.6587e+02, 1.1037e+02
2.6596e+02, 1.3048e+02
2.6604e+02, 1.5514e+02
2.6613e+02, 1.8501e+02
2.6621e+02, 2.2045e+02
2.6629e+02, 2.5535e+02
2.6636e+02, 2.9365e+02
2.6651e+02, 3.7561e+02
2.6665e+02, 4.5125e+02
2.6673e+02, 4.8039e+02
2.6680e+02, 5.0057e+02
2.6685e+02, 5.0819e+02
2.6690e+02, 5.1069e+02
2.6697e+02, 5.0513e+02
2.6704e+02, 4.8926e+02
2.6711e+02, 4.6432e+02
2.6718e+02, 4.3230e+02
2.6747e+02, 2.7771e+02
2.6755e+02, 2.3441e+02
2.6764e+02, 1.9647e+02
2.6773e+02, 1.6424e+02
2.6781e+02, 1.3758e+02
2.6790e+02, 1.1580e+02
2.6799e+02, 9.8200e+01
2.6807e+02, 8.3972e+01
2.6816e+02, 7.2462e+01
2.6824e+02, 6.4140e+01
2.6831e+02, 5.7149e+01
2.6839e+02, 5.1228e+01
2.6847e+02, 4.6178e+01
2.6854e+02, 4.1839e+01
2.6862e+02, 3.8087e+01
2.6869e+02, 3.4822e+01
2.6877e+02, 3.1963e+01
2.6892e+02, 2.7214e+01
2.6907e+02, 2.3458e+01
2.6922e+02, 2.0433e+01
2.6938e+02, 1.7957e+01
2.6951e+02, 1.6176e+01
2.6964e+02, 1.4649e+01
2.6977e+02, 1.3329e+01
2.6990e+02, 1.2181e+01
2.7003e+02, 1.1175e+01
2.7016e+02, 1.0290e+01
2.7042e+02, 8.8103e+00
2.7068e+02, 7.6303e+00
2.7094e+02, 6.6762e+00
2.7120e+02, 5.8933e+00
2.7146e+02, 5.2413e+00
2.7170e+02, 4.7332e+00
2.7194e+02, 4.2953e+00
2.7217e+02, 3.9158e+00
2.7241e+02, 3.5851e+00
2.7265e+02, 3.2950e+00
2.7289e+02, 3.0392e+00
2.7337e+02, 2.6108e+00
2.7384e+02, 2.2684e+00
2.7432e+02, 1.9905e+00
2.7480e+02, 1.7619e+00
2.7528e+02, 1.5719e+00
2.7573e+02, 1.4202e+00
2.7619e+02, 1.2898e+00
2.7664e+02, 1.1766e+00
2.7710e+02, 1.0784e+00
2.7755e+02, 9.9285e-01
2.7801e+02, 9.1781e-01
2.7892e+02, 7.9313e-01
2.7983e+02, 6.9463e-01
2.8074e+02, 6.1576e-01
2.8165e+02, 5.5182e-01
2.8256e+02, 4.9989e-01
2.8378e+02, 4.4462e-01
2.8499e+02, 4.0128e-01
2.8621e+02, 3.6754e-01
2.8742e+02, 3.4145e-01
2.8864e+02, 3.2173e-01
2.8985e+02, 3.0753e-01
2.9106e+02, 2.9835e-01
2.9228e+02, 2.9395e-01
2.9358e+02, 2.9459e-01
2.9488e+02, 3.0115e-01
2.9618e+02, 3.1456e-01
2.9748e+02, 3.3639e-01
2.9814e+02, 3.5053e-01
2.9879e+02, 3.6841e-01
2.9944e+02, 3.9015e-01
3.0009e+02, 4.1646e-01
3.0074e+02, 4.4839e-01
3.0139e+02, 4.8727e-01
3.0204e+02, 5.3498e-01
3.0269e+02, 5.9400e-01
3.0345e+02, 6.8196e-01
3.0383e+02, 7.3564e-01
3.0421e+02, 7.9704e-01
3.0459e+02, 8.6890e-01
3.0478e+02, 9.0945e-01
3.0497e+02, 9.5347e-01
3.0516e+02, 1.0014e+00
3.0535e+02, 1.0537e+00
3.0544e+02, 1.0817e+00
3.0554e+02, 1.1109e+00
3.0563e+02, 1.1415e+00
3.0573e+02, 1.1735e+00
3.0586e+02, 1.2230e+00
3.0600e+02, 1.2761e+00
3.0614e+02, 1.3332e+00
3.0621e+02, 1.3633e+00
3.0628e+02, 1.3946e+00
3.0629e+02, 1.3996e+00
3.0631e+02, 1.4110e+00
3.0634e+02, 1.4225e+00
3.0639e+02, 1.4461e+00
3.0649e+02, 1.4951e+00
3.0658e+02, 1.5470e+00
3.0668e+02, 1.6018e+00
3.0674e+02, 1.6370e+00
3.0680e+02, 1.6733e+00
3.0686e+02, 1.7110e+00
3.0692e+02, 1.7500e+00
3.0698e+02, 1.7906e+00
3.0704e+02, 1.8326e+00
3.0710e+02, 1.8763e+00
3.0716e+02, 1.9216e+00
3.0722e+02, 1.9688e+00
3.0728e+02, 2.0177e+00
3.0734e+02, 2.0688e+00
3.0740e+02, 2.1218e+00
3.0746e+02, 2.1771e+00
3.0752e+02, 2.2346e+00
3.0763e+02, 2.3572e+00
3.0775e+02, 2.4909e+00
3.0787e+02, 2.6369e+00
3.0799e+02, 2.7969e+00
3.0811e+02, 2.9725e+00
3.0823e+02, 3.1662e+00
3.0835e+02, 3.3805e+00
3.0847e+02, 3.6183e+00
3.0859e+02, 3.8830e+00
3.0871e+02, 4.1794e+00
3.0883e+02, 4.5125e+00
3.0895e+02, 4.8888e+00
3.0907e+02, 5.3161e+00
3.0919e+02, 5.8044e+00
3.0930e+02, 6.3659e+00
3.0942e+02, 7.0165e+00
3.0954e+02, 7.7764e+00
3.0966e+02, 8.6723e+00
3.0978e+02, 9.7398e+00
3.0984e+02, 1.0353e+01
3.0990e+02, 1.1027e+01
3.0996e+02, 1.1773e+01
3.1002e+02, 1.2601e+01
3.1008e+02, 1.3527e+01
3.1014e+02, 1.4563e+01
3.1020e+02, 1.5732e+01
3.1026e+02, 1.7056e+01
3.1032e+02, 1.8572e+01
3.1038e+02, 2.0314e+01
3.1044e+02, 2.2337e+01
3.1050e+02, 2.4711e+01
3.1057e+02, 2.8096e+01
3.1060e+02, 3.0083e+01
3.1064e+02, 3.2299e+01
3.1067e+02, 3.4795e+01
3.1071e+02, 3.7600e+01
3.1074e+02, 4.0779e+01
3.1078e+02, 4.4373e+01
3.1081e+02, 4.8468e+01
3.1085e+02, 5.3117e+01
3.1089e+02, 5.8428e+01
3.1092e+02, 6.4465e+01
3.1096e+02, 7.1363e+01
3.1099e+02, 7.9188e+01
3.1103e+02, 8.8072e+01
3.1106e+02, 9.8127e+01
3.1111e+02, 1.1521e+02
3.1116e+02, 1.3534e+02
3.1122e+02, 1.5878e+02
3.1127e+02, 1.8567e+02
3.1132e+02, 2.1598e+02
3.1137e+02, 2.4949e+02
3.1147e+02, 3.2386e+02
3.1159e+02, 4.1361e+02
3.1165e+02, 4.5498e+02
3.1171e+02, 4.9087e+02
3.1176e+02, 5.1378e+02
3.1181e+02, 5.3089e+02
3.1185e+02, 5.4143e+02
3.1190e+02, 5.4496e+02
3.1198e+02, 5.3442e+02
3.1206e+02, 5.0443e+02
3.1214e+02, 4.5876e+02
3.1222e+02, 4.0273e+02
3.1240e+02, 2.6739e+02
3.1249e+02, 2.0775e+02
3.1254e+02, 1.8164e+02
3.1258e+02, 1.5820e+02
3.1262e+02, 1.4008e+02
3.1266e+02, 1.2395e+02
3.1270e+02, 1.0963e+02
3.1274e+02, 9.7066e+01
3.1278e+02, 8.6053e+01
3.1282e+02, 7.6490e+01
3.1286e+02, 6.8191e+01
3.1290e+02, 6.1007e+01
3.1294e+02, 5.4778e+01
3.1298e+02, 4.9406e+01
3.1302e+02, 4.4755e+01
3.1306e+02, 4.0720e+01
3.1309e+02, 3.7202e+01
3.1313e+02, 3.4140e+01
3.1317e+02, 3.1456e+01
3.1321e+02, 2.9093e+01
3.1328e+02, 2.5517e+01
3.1335e+02, 2.2604e+01
3.1342e+02, 2.0196e+01
3.1349e+02, 1.8178e+01
3.1356e+02, 1.6466e+01
3.1363e+02, 1.4998e+01
3.1370e+02, 1.3728e+01
3.1377e+02, 1.2620e+01
3.1391e+02, 1.0785e+01
3.1405e+02, 9.3343e+00
3.1420e+02, 8.1651e+00
3.1434e+02, 7.2078e+00
3.1448e+02, 6.4135e+00
3.1462e+02, 5.7470e+00
3.1476e+02, 5.1822e+00
3.1490e+02, 4.6992e+00
3.1504e+02, 4.2828e+00
3.1518e+02, 3.9207e+00
3.1532e+02, 3.6037e+00
3.1546e+02, 3.3242e+00
3.1574e+02, 2.8562e+00
3.1602e+02, 2.4826e+00
3.1630e+02, 2.1798e+00
3.1658e+02, 1.9311e+00
3.1686e+02, 1.7241e+00
3.1714e+02, 1.5500e+00
3.1742e+02, 1.4023e+00
3.1770e+02, 1.2763e+00
3.1799e+02, 1.1679e+00
3.1827e+02, 1.0736e+00
3.1883e+02, 9.1723e-01
3.1939e+02, 7.9478e-01
3.1995e+02, 6.9734e-01
3.2051e+02, 6.1854e-01
3.2107e+02, 5.5393e-01
3.2164e+02, 5.0030e-01
3.2220e+02, 4.5533e-01
3.2276e+02, 4.1726e-01
3.2332e+02, 3.8482e-01
3.2444e+02, 3.3340e-01
3.2557e+02, 2.9374e-01
3.2669e+02, 2.6317e-01
3.2781e+02, 2.3925e-01
3.2894e+02, 2.2033e-01
3.3006e+02, 2.0525e-01
3.3125e+02, 1.9275e-01
3.3244e+02, 1.8320e-01
3.3363e+02, 1.7507e-01
3.3482e+02, 1.6913e-01
3.3720e+02, 1.6139e-01
3.3957e+02, 1.5856e-01
3.4189e+02, 1.5981e-01
3.4420e+02, 1.6475e-01
3.4651e+02, 1.7349e-01
3.4882e+02, 1.8647e-01
3.5114e+02, 2.0455e-01
3.5229e+02, 2.1554e-01
3.5345e+02, 2.2908e-01
3.5461e+02, 2.4376e-01
3.5576e+02, 2.6149e-01
3.5692e+02, 2.8223e-01
3.5750e+02, 2.9379e-01
3.5807e+02, 3.0633e-01
3.5854e+02, 3.1721e-01
3.5900e+02, 3.2884e-01
3.5946e+02, 3.4127e-01
3.5992e+02, 3.5457e-01
3.6016e+02, 3.6159e-01
3.6039e+02, 3.6886e-01
3.6062e+02, 3.7641e-01
3.6085e+02, 3.8423e-01
3.6108e+02, 3.9234e-01
3.6131e+02, 4.0076e-01
3.6154e+02, 4.0949e-01
3.6177e+02, 4.1855e-01
3.6194e+02, 4.2524e-01
3.6210e+02, 4.3212e-01
3.6227e+02, 4.3919e-01
3.6243e+02, 4.4646e-01
3.6257e+02, 4.5243e-01
3.6270e+02, 4.5854e-01
3.6283e+02, 4.6479e-01
3.6296e+02, 4.7118e-01
3.6323e+02, 4.8442e-01
3.6336e+02, 4.9127e-01
3.6349e+02, 4.9828e-01
3.6367e+02, 5.0820e-01
3.6386e+02, 5.1845e-01
3.6404e+02, 5.2905e-01
3.6422e+02, 5.4002e-01
3.6440e+02, 5.5137e-01
3.6458e+02, 5.6312e-01
3.6476e+02, 5.7529e-01
3.6495e+02, 5.8789e-01
3.6513e+02, 6.0096e-01
3.6531e+02, 6.1450e-01
3.6549e+02, 6.2853e-01
3.6567e+02, 6.4310e-01
3.6585e+02, 6.5821e-01
3.6604e+02, 6.7390e-01
3.6622e+02, 6.9020e-01
3.6640e+02, 7.0715e-01
3.6676e+02, 7.4310e-01
3.6713e+02, 7.8206e-01
3.6749e+02, 8.2437e-01
3.6785e+02, 8.7041e-01
3.6822e+02, 9.2064e-01
3.6858e+02, 9.7559e-01
3.6894e+02, 1.0359e+00
3.6931e+02, 1.1022e+00
3.6967e+02, 1.1753e+00
3.7003e+02, 1.2563e+00
3.7040e+02, 1.3462e+00
3.7076e+02, 1.4465e+00
3.7112e+02, 1.5589e+00
3.7149e+02, 1.6852e+00
3.7185e+02, 1.8280e+00
3.7221e+02, 1.9902e+00
3.7258e+02, 2.1755e+00
3.7294e+02, 2.3885e+00
3.7330e+02, 2.6350e+00
3.7367e+02, 2.9224e+00
3.7403e+02, 3.2603e+00
3.7439e+02, 3.6613e+00
3.7476e+02, 4.1422e+00
3.7494e+02, 4.4193e+00
3.7512e+02, 4.7255e+00
3.7530e+02, 5.0650e+00
3.7548e+02, 5.4427e+00
3.7567e+02, 5.8646e+00
3.7585e+02, 6.3379e+00
3.7603e+02, 6.8711e+00
3.7621e+02, 7.4746e+00
3.7639e+02, 8.1610e+00
3.7657e+02, 8.9452e+00
3.7677e+02, 9.9374e+00
3.7697e+02, 1.1104e+01
3.7717e+02, 1.2491e+01
3.7737e+02, 1.4157e+01
3.7756e+02, 1.6181e+01
3.7776e+02, 1.8671e+01
3.7786e+02, 2.0136e+01
3.7796e+02, 2.1778e+01
3.7806e+02, 2.3628e+01
3.7816e+02, 2.5719e+01
3.7831e+02, 2.9408e+01
3.7846e+02, 3.3923e+01
3.7861e+02, 3.9512e+01
3.7868e+02, 4.2806e+01
3.7875e+02, 4.6498e+01
3.7883e+02, 5.0652e+01
3.7890e+02, 5.5321e+01
3.7898e+02, 6.0580e+01
3.7905e+02, 6.6508e+01
3.7913e+02, 7.3191e+01
3.7920e+02, 8.0692e+01
3.7927e+02, 8.9090e+01
3.7935e+02, 9.8442e+01
3.7946e+02, 1.1425e+02
3.7957e+02, 1.3218e+02
3.7979e+02, 1.7277e+02
3.8001e+02, 2.1318e+02
3.8013e+02, 2.2972e+02
3.8024e+02, 2.4170e+02
3.8032e+02, 2.4690e+02
3.8040e+02, 2.4862e+02
3.8052e+02, 2.4457e+02
3.8064e+02, 2.3316e+02
3.8077e+02, 2.1584e+02
3.8089e+02, 1.9462e+02
3.8113e+02, 1.4877e+02
3.8125e+02, 1.2740e+02
3.8138e+02, 1.0835e+02
3.8152e+02, 8.9631e+01
3.8166e+02, 7.4346e+01
3.8173e+02, 6.7855e+01
3.8180e+02, 6.2062e+01
3.8194e+02, 5.2271e+01
3.8208e+02, 4.4449e+01
3.8222e+02, 3.8172e+01
3.8236e+02, 3.3086e+01
3.8250e+02, 2.8922e+01
3.8261e+02, 2.6164e+01
3.8273e+02, 2.3775e+01
3.8284e+02, 2.1693e+01
3.8295e+02, 1.9871e+01
3.8306e+02, 1.8266e+01
3.8317e+02, 1.6848e+01
3.8339e+02, 1.4461e+01
3.8361e+02, 1.2546e+01
3.8383e+02, 1.0988e+01
3.8405e+02, 9.7045e+00
3.8427e+02, 8.6349e+00
3.8450e+02, 7.7330e+00
3.8472e+02, 6.9647e+00
3.8494e+02, 6.3043e+00
3.8516e+02, 5.7328e+00
3.8538e+02, 5.2355e+00
3.8560e+02, 4.8002e+00
3.8582e+02, 4.4171e+00
3.8604e+02, 4.0782e+00
3.8649e+02, 3.5080e+00
3.8693e+02, 3.0500e+00
3.8737e+02, 2.6765e+00
3.8782e+02, 2.3687e+00
3.8824e+02, 2.1237e+00
3.8866e+02, 1.9148e+00
3.8908e+02, 1.7343e+00
3.8951e+02, 1.5782e+00
3.8993e+02, 1.4424e+00
3.9035e+02, 1.3236e+00
3.9120e+02, 1.1267e+00
3.9204e+02, 9.7126e-01
3.9289e+02, 8.4642e-01
3.9373e+02, 7.4466e-01
3.9458e+02, 6.6063e-01
3.9534e+02, 5.9662e-01
3.9610e+02, 5.4187e-01
3.9687e+02, 4.9540e-01
3.9763e+02, 4.5416e-01
3.9916e+02, 3.8629e-01
4.0069e+02, 3.3346e-01
4.0222e+02, 2.9149e-01
4.0375e+02, 2.5758e-01
4.0528e+02, 2.2985e-01
4.0681e+02, 2.0696e-01
4.0826e+02, 1.8882e-01
4.0971e+02, 1.7367e-01
4.1260e+02, 1.4943e-01
4.1405e+02, 1.3973e-01
4.1550e+02, 1.3152e-01
4.1695e+02, 1.2420e-01
4.1840e+02, 1.1825e-01
4.2129e+02, 1.0856e-01
4.2419e+02, 1.0179e-01
4.2709e+02, 9.7580e-02
4.2999e+02, 9.5821e-02
4.3240e+02, 9.6295e-02
4.3481e+02, 9.8743e-02
4.3723e+02, 1.0358e-01
4.3964e+02, 1.1149e-01
4.4085e+02, 1.1661e-01
4.4206e+02, 1.2321e-01
4.4327e+02, 1.3134e-01
4.4447e+02, 1.4134e-01
4.4568e+02, 1.5372e-01
4.4689e+02, 1.6914e-01
4.4809e+02, 1.8858e-01
4.4930e+02, 2.1314e-01
4.5019e+02, 2.3562e-01
4.5107e+02, 2.6337e-01
4.5196e+02, 2.9780e-01
4.5284e+02, 3.4117e-01
4.5373e+02, 3.9681e-01
4.5417e+02, 4.3072e-01
4.5461e+02, 4.6978e-01
4.5506e+02, 5.1509e-01
4.5550e+02, 5.6801e-01
4.5594e+02, 6.3018e-01
4.5638e+02, 7.0353e-01
4.5689e+02, 8.0506e-01
4.5714e+02, 8.6509e-01
4.5739e+02, 9.3257e-01
4.5751e+02, 9.6951e-01
4.5764e+02, 1.0088e+00
4.5777e+02, 1.0507e+00
4.5789e+02, 1.0953e+00
4.5802e+02, 1.1431e+00
4.5814e+02, 1.1941e+00
4.5827e+02, 1.2488e+00
4.5839e+02, 1.3076e+00
4.5850e+02, 1.3578e+00
4.5860e+02, 1.4111e+00
4.5866e+02, 1.4475e+00
4.5873e+02, 1.4854e+00
4.5879e+02, 1.5248e+00
4.5886e+02, 1.5659e+00
4.5892e+02, 1.6087e+00
4.5899e+02, 1.6534e+00
4.5905e+02, 1.7001e+00
4.5912e+02, 1.7487e+00
4.5917e+02, 1.7917e+00
4.5923e+02, 1.8362e+00
4.5929e+02, 1.8825e+00
4.5934e+02, 1.9306e+00
4.5940e+02, 1.9807e+00
4.5945e+02, 2.0328e+00
4.5951e+02, 2.0870e+00
4.5956e+02, 2.1434e+00
4.5962e+02, 2.2024e+00
4.5967e+02, 2.2638e+00
4.5978e+02, 2.3948e+00
4.5989e+02, 2.5380e+00
4.6000e+02, 2.6947e+00
4.6012e+02, 2.8670e+00
4.6023e+02, 3.0567e+00
4.6034e+02, 3.2666e+00
4.6045e+02, 3.4994e+00
4.6056e+02, 3.7591e+00
4.6067e+02, 4.0495e+00
4.6078e+02, 4.3764e+00
4.6089e+02, 4.7456e+00
4.6100e+02, 5.1657e+00
4.6111e+02, 5.6466e+00
4.6122e+02, 6.2008e+00
4.6133e+02, 6.8441e+00
4.6144e+02, 7.5992e+00
4.6150e+02, 8.0275e+00
4.6155e+02, 8.4943e+00
4.6161e+02, 9.0065e+00
4.6166e+02, 9.5686e+00
4.6172e+02, 1.0189e+01
4.6178e+02, 1.0876e+01
4.6183e+02, 1.1606e+01
4.6188e+02, 1.2417e+01
4.6193e+02, 1.3324e+01
4.6199e+02, 1.4343e+01
4.6204e+02, 1.5496e+01
4.6209e+02, 1.6805e+01
4.6214e+02, 1.8303e+01
4.6220e+02, 2.0024e+01
4.6225e+02, 2.2017e+01
4.6230e+02, 2.4328e+01
4.6236e+02, 2.7022e+01
4.6241e+02, 3.0172e+01
4.6246e+02, 3.3864e+01
4.6251e+02, 3.8191e+01
4.6257e+02, 4.3260e+01
4.6262e+02, 4.9184e+01
4.6268e+02, 5.6446e+01
4.6273e+02, 6.4894e+01
4.6279e+02, 7.4665e+01
4.6284e+02, 8.5860e+01
4.6290e+02, 9.8569e+01
4.6295e+02, 1.1276e+02
4.6301e+02, 1.2842e+02
4.6306e+02, 1.4542e+02
4.6317e+02, 1.8161e+02
4.6328e+02, 2.1944e+02
4.6339e+02, 2.5523e+02
4.6349e+02, 2.8466e+02
4.6360e+02, 3.0303e+02
4.6365e+02, 3.0781e+02
4.6370e+02, 3.0940e+02
4.6379e+02, 3.0393e+02
4.6389e+02, 2.8831e+02
4.6398e+02, 2.6435e+02
4.6408e+02, 2.3466e+02
4.6427e+02, 1.6738e+02
4.6437e+02, 1.3599e+02
4.6446e+02, 1.0842e+02
4.6451e+02, 9.6815e+01
4.6456e+02, 8.6285e+01
4.6460e+02, 7.6795e+01
4.6465e+02, 6.8309e+01
4.6469e+02, 6.0757e+01
4.6474e+02, 5.4105e+01
4.6479e+02, 4.8260e+01
4.6483e+02, 4.3144e+01
4.6488e+02, 3.8671e+01
4.6493e+02, 3.4784e+01
4.6497e+02, 3.1401e+01
4.6502e+02, 2.8456e+01
4.6506e+02, 2.5885e+01
4.6511e+02, 2.3646e+01
4.6516e+02, 2.1687e+01
4.6520e+02, 1.9966e+01
4.6529e+02, 1.7228e+01
4.6538e+02, 1.5047e+01
4.6547e+02, 1.3279e+01
4.6556e+02, 1.1826e+01
4.6564e+02, 1.0612e+01
4.6573e+02, 9.5875e+00
4.6582e+02, 8.7111e+00
4.6591e+02, 7.9559e+00
4.6600e+02, 7.2981e+00
4.6608e+02, 6.7222e+00
4.6626e+02, 5.7630e+00
4.6644e+02, 5.0008e+00
4.6661e+02, 4.3843e+00
4.6678e+02, 3.9012e+00
4.6695e+02, 3.4959e+00
4.6711e+02, 3.1523e+00
4.6728e+02, 2.8580e+00
4.6745e+02, 2.6039e+00
4.6762e+02, 2.3826e+00
4.6778e+02, 2.1889e+00
4.6795e+02, 2.0182e+00
4.6828e+02, 1.7327e+00
4.6862e+02, 1.5051e+00
4.6895e+02, 1.3207e+00
4.6929e+02, 1.1692e+00
4.6959e+02, 1.0553e+00
4.6989e+02, 9.5793e-01
4.7019e+02, 8.7405e-01
4.7049e+02, 8.0143e-01
4.7079e+02, 7.3811e-01
4.7108e+02, 6.8241e-01
4.7168e+02, 5.8892e-01
4.7228e+02, 5.1439e-01
4.7288e+02, 4.5423e-01
4.7348e+02, 4.0500e-01
4.7408e+02, 3.6423e-01
4.7471e+02, 3.2830e-01
4.7535e+02, 2.9827e-01
4.7598e+02, 2.7303e-01
4.7661e+02, 2.5191e-01
4.7725e+02, 2.3361e-01
4.7788e+02, 2.1780e-01
4.7915e+02, 1.9244e-01
4.8042e+02, 1.7353e-01
4.8169e+02, 1.5954e-01
4.8295e+02, 1.4948e-01
4.8422e+02, 1.4275e-01
4.8535e+02, 1.3932e-01
4.8648e+02, 1.3825e-01
4.8753e+02, 1.3951e-01
4.8859e+02, 1.4325e-01
4.8965e+02, 1.4998e-01
4.9070e+02, 1.6044e-01
4.9176e+02, 1.7577e-01
4.9229e+02, 1.8613e-01
4.9282e+02, 1.9872e-01
4.9334e+02, 2.1407e-01
4.9387e+02, 2.3290e-01
4.9440e+02, 2.5620e-01
4.9493e+02, 2.8528e-01
4.9535e+02, 3.1387e-01
4.9577e+02, 3.4870e-01
4.9620e+02, 3.9198e-01
4.9662e+02, 4.4645e-01
4.9704e+02, 5.1615e-01
4.9725e+02, 5.5849e-01
4.9746e+02, 6.0716e-01
4.9768e+02, 6.6348e-01
4.9789e+02, 7.2910e-01
4.9810e+02, 8.0617e-01
4.9831e+02, 8.9750e-01
4.9851e+02, 1.0020e+00
4.9871e+02, 1.1279e+00
4.9892e+02, 1.2815e+00
4.9912e+02, 1.4721e+00
4.9932e+02, 1.7129e+00
4.9942e+02, 1.8579e+00
4.9952e+02, 2.0237e+00
4.9963e+02, 2.2149e+00
4.9973e+02, 2.4369e+00
4.9983e+02, 2.6982e+00
4.9988e+02, 2.8465e+00
4.9993e+02, 3.0091e+00
4.9996e+02, 3.1316e+00
5.0000e+02, 3.2629e+00
5.0004e+02, 3.4433e+00
5.0009e+02, 3.6414e+00
5.0013e+02, 3.8610e+00
5.0018e+02, 4.1048e+00
5.0022e+02, 4.3783e+00
5.0025e+02, 4.5278e+00
5.0027e+02, 4.6862e+00
5.0029e+02, 4.8557e+00
5.0031e+02, 5.0368e+00
5.0033e+02, 5.2306e+00
5.0036e+02, 5.4376e+00
5.0039e+02, 5.7795e+00
5.0042e+02, 6.1610e+00
5.0046e+02, 6.5899e+00
5.0049e+02, 7.0740e+00
5.0052e+02, 7.6225e+00
5.0056e+02, 8.2462e+00
5.0059e+02, 8.9576e+00
5.0062e+02, 9.7712e+00
5.0064e+02, 1.0328e+01
5.0066e+02, 1.0931e+01
5.0069e+02, 1.1586e+01
5.0071e+02, 1.2299e+01
5.0073e+02, 1.3076e+01
5.0075e+02, 1.3920e+01
5.0077e+02, 1.4839e+01
5.0079e+02, 1.5838e+01
5.0081e+02, 1.6931e+01
5.0083e+02, 1.8112e+01
5.0085e+02, 1.9395e+01
5.0087e+02, 2.0787e+01
5.0091e+02, 2.3931e+01
5.0095e+02, 2.7610e+01
5.0099e+02, 3.1904e+01
5.0103e+02, 3.6863e+01
5.0107e+02, 4.2581e+01
5.0111e+02, 4.9092e+01
5.0115e+02, 5.6487e+01
5.0120e+02, 6.4773e+01
5.0124e+02, 7.3995e+01
5.0128e+02, 8.4164e+01
5.0132e+02, 9.4753e+01
5.0136e+02, 1.0616e+02
5.0143e+02, 1.3108e+02
5.0151e+02, 1.5817e+02
5.0159e+02, 1.8608e+02
5.0167e+02, 2.1446e+02
5.0175e+02, 2.3976e+02
5.0183e+02, 2.5963e+02
5.0191e+02, 2.7263e+02
5.0200e+02, 2.7758e+02
5.0201e+02, 2.7747e+02
5.0205e+02, 2.7584e+02
5.0209e+02, 2.7233e+02
5.0217e+02, 2.5996e+02
5.0225e+02, 2.3895e+02
5.0233e+02, 2.1238e+02
5.0248e+02, 1.6160e+02
5.0255e+02, 1.3639e+02
5.0262e+02, 1.1284e+02
5.0269e+02, 9.1629e+01
5.0277e+02, 7.3236e+01
5.0280e+02, 6.5125e+01
5.0284e+02, 5.7742e+01
5.0287e+02, 5.1069e+01
5.0291e+02, 4.5093e+01
5.0295e+02, 3.9746e+01
5.0298e+02, 3.5002e+01
5.0302e+02, 3.0816e+01
5.0305e+02, 2.7151e+01
5.0309e+02, 2.3937e+01
5.0313e+02, 2.1147e+01
5.0316e+02, 1.8718e+01
5.0320e+02, 1.6621e+01
5.0323e+02, 1.4880e+01
5.0327e+02, 1.3373e+01
5.0330e+02, 1.2062e+01
5.0334e+02, 1.0927e+01
5.0337e+02, 9.9390e+00
5.0340e+02, 9.0826e+00
5.0344e+02, 8.3364e+00
5.0347e+02, 7.6846e+00
5.0354e+02, 6.6100e+00
5.0361e+02, 5.7725e+00
5.0368e+02, 5.1081e+00
5.0375e+02, 4.5714e+00
5.0382e+02, 4.1284e+00
5.0389e+02, 3.7569e+00
5.0395e+02, 3.4406e+00
5.0402e+02, 3.1681e+00
5.0416e+02, 2.7208e+00
5.0430e+02, 2.3692e+00
5.0442e+02, 2.1105e+00
5.0455e+02, 1.8946e+00
5.0467e+02, 1.7121e+00
5.0479e+02, 1.5562e+00
5.0492e+02, 1.4217e+00
5.0504e+02, 1.3049e+00
5.0517e+02, 1.2025e+00
5.0529e+02, 1.1124e+00
5.0554e+02, 9.6149e-01
5.0579e+02, 8.4086e-01
5.0604e+02, 7.4291e-01
5.0628e+02, 6.6233e-01
5.0655e+02, 5.9200e-01
5.0681e+02, 5.3329e-01
5.0707e+02, 4.8364e-01
5.0733e+02, 4.4120e-01
5.0759e+02, 4.0463e-01
5.0785e+02, 3.7291e-01
5.0838e+02, 3.2103e-01
5.0890e+02, 2.8071e-01
5.0942e+02, 2.4878e-01
5.0995e+02, 2.2310e-01
5.1047e+02, 2.0228e-01
5.1120e+02, 1.7896e-01
5.1194e+02, 1.6053e-01
5.1267e+02, 1.4588e-01
5.1340e+02, 1.3411e-01
5.1413e+02, 1.2453e-01
5.1487e+02, 1.1669e-01
5.1560e+02, 1.1023e-01
5.1633e+02, 1.0488e-01
5.1779e+02, 9.7022e-02
5.1926e+02, 9.1493e-02
5.2072e+02, 8.7966e-02
5.2219e+02, 8.6035e-02
5.2386e+02, 8.5456e-02
5.2585e+02, 8.6793e-02
5.2784e+02, 9.0266e-02
5.2983e+02, 9.6010e-02
5.3182e+02, 1.0441e-01
5.3380e+02, 1.1622e-01
5.3579e+02, 1.3266e-01
5.3679e+02, 1.4315e-01
5.3778e+02, 1.5523e-01
5.3877e+02, 1.6995e-01
5.3977e+02, 1.8766e-01
5.4071e+02, 2.0788e-01
5.4165e+02, 2.3236e-01
5.4259e+02, 2.6235e-01
5.4353e+02, 2.9955e-01
5.4448e+02, 3.4644e-01
5.4542e+02, 4.0630e-01
5.4589e+02, 4.4247e-01
5.4636e+02, 4.8437e-01
5.4683e+02, 5.3314e-01
5.4730e+02, 5.9008e-01
5.4752e+02, 6.2032e-01
5.4775e+02, 6.5302e-01
5.4797e+02, 6.8851e-01
5.4819e+02, 7.2711e-01
5.4830e+02, 7.4771e-01
5.4841e+02, 7.6924e-01
5.4852e+02, 7.9175e-01
5.4864e+02, 8.1528e-01
5.4875e+02, 8.3995e-01
5.4886e+02, 8.6579e-01
5.4897e+02, 8.9289e-01
5.4908e+02, 9.2131e-01
5.4924e+02, 9.6392e-01
5.4932e+02, 9.8831e-01
5.4941e+02, 1.0136e+00
5.4949e+02, 1.0400e+00
5.4958e+02, 1.0674e+00
5.4966e+02, 1.0959e+00
5.4975e+02, 1.1257e+00
5.4983e+02, 1.1567e+00
5.4992e+02, 1.1890e+00
5.4999e+02, 1.2175e+00
5.5006e+02, 1.2470e+00
5.5013e+02, 1.2776e+00
5.5021e+02, 1.3094e+00
5.5028e+02, 1.3424e+00
5.5035e+02, 1.3767e+00
5.5042e+02, 1.4124e+00
5.5049e+02, 1.4495e+00
5.5056e+02, 1.4882e+00
5.5064e+02, 1.5284e+00
5.5078e+02, 1.6140e+00
5.5092e+02, 1.7072e+00
5.5107e+02, 1.8089e+00
5.5121e+02, 1.9202e+00
5.5136e+02, 2.0423e+00
5.5150e+02, 2.1767e+00
5.5164e+02, 2.3250e+00
5.5179e+02, 2.4894e+00
5.5193e+02, 2.6722e+00
5.5208e+02, 2.8764e+00
5.5222e+02, 3.1054e+00
5.5236e+02, 3.3637e+00
5.5251e+02, 3.6564e+00
5.5265e+02, 3.9900e+00
5.5279e+02, 4.3723e+00
5.5294e+02, 4.8144e+00
5.5308e+02, 5.3291e+00
5.5323e+02, 5.9338e+00
5.5337e+02, 6.6511e+00
5.5344e+02, 7.0620e+00
5.5351e+02, 7.5130e+00
5.5359e+02, 8.0113e+00
5.5366e+02, 8.5623e+00
5.5373e+02, 9.1759e+00
5.5380e+02, 9.8604e+00
5.5387e+02, 1.0629e+01
5.5395e+02, 1.1496e+01
5.5402e+02, 1.2482e+01
5.5409e+02, 1.3607e+01
5.5416e+02, 1.4902e+01
5.5423e+02, 1.6399e+01
5.5431e+02, 1.8147e+01
5.5438e+02, 2.0193e+01
5.5445e+02, 2.2606e+01
5.5452e+02, 2.5464e+01
5.5459e+02, 2.8867e+01
5.5467e+02, 3.2911e+01
5.5474e+02, 3.7721e+01
5.5481e+02, 4.3424e+01
5.5488e+02, 5.0162e+01
5.5495e+02, 5.8038e+01
5.5502e+02, 6.7160e+01
5.5510e+02, 7.7591e+01
5.5517e+02, 8.9354e+01
5.5524e+02, 1.0235e+02
5.5538e+02, 1.3134e+02
5.5553e+02, 1.6207e+02
5.5567e+02, 1.9048e+02
5.5575e+02, 2.0383e+02
5.5584e+02, 2.1405e+02
5.5592e+02, 2.2046e+02
5.5600e+02, 2.2262e+02
5.5606e+02, 2.2136e+02
5.5612e+02, 2.1769e+02
5.5624e+02, 2.0379e+02
5.5637e+02, 1.8295e+02
5.5649e+02, 1.5800e+02
5.5663e+02, 1.2801e+02
5.5677e+02, 1.0001e+02
5.5684e+02, 8.7499e+01
5.5691e+02, 7.6197e+01
5.5698e+02, 6.6154e+01
5.5705e+02, 5.7356e+01
5.5711e+02, 5.1271e+01
5.5716e+02, 4.5882e+01
5.5722e+02, 4.1124e+01
5.5727e+02, 3.6939e+01
5.5733e+02, 3.3263e+01
5.5738e+02, 3.0051e+01
5.5744e+02, 2.7239e+01
5.5749e+02, 2.4779e+01
5.5755e+02, 2.2619e+01
5.5760e+02, 2.0726e+01
5.5766e+02, 1.9060e+01
5.5771e+02, 1.7588e+01
5.5783e+02, 1.5125e+01
5.5794e+02, 1.3161e+01
5.5805e+02, 1.1570e+01
5.5816e+02, 1.0263e+01
5.5827e+02, 9.1739e+00
5.5838e+02, 8.2565e+00
5.5849e+02, 7.4739e+00
5.5860e+02, 6.8012e+00
5.5871e+02, 6.2173e+00
5.5882e+02, 5.7076e+00
5.5904e+02, 4.8629e+00
5.5926e+02, 4.1961e+00
5.5948e+02, 3.6601e+00
5.5970e+02, 3.2226e+00
5.5991e+02, 2.8755e+00
5.6012e+02, 2.5825e+00
5.6034e+02, 2.3324e+00
5.6055e+02, 2.1173e+00
5.6076e+02, 1.9306e+00
5.6097e+02, 1.7679e+00
5.6118e+02, 1.6250e+00
5.6139e+02, 1.4990e+00
5.6181e+02, 1.2877e+00
5.6223e+02, 1.1187e+00
5.6265e+02, 9.8130e-01
5.6308e+02, 8.6810e-01
5.6346e+02, 7.8208e-01
5.6384e+02, 7.0868e-01
5.6422e+02, 6.4555e-01
5.6460e+02, 5.9056e-01
5.6498e+02, 5.4223e-01
5.6537e+02, 4.9966e-01
5.6613e+02, 4.2859e-01
5.6689e+02, 3.7203e-01
5.6766e+02, 3.2629e-01
5.6842e+02, 2.8877e-01
5.6918e+02, 2.5760e-01
5.6990e+02, 2.3270e-01
5.7063e+02, 2.1141e-01
5.7135e+02, 1.9311e-01
5.7207e+02, 1.7745e-01
5.7352e+02, 1.5132e-01
5.7497e+02, 1.3088e-01
5.7641e+02, 1.1463e-01
5.7786e+02, 1.0149e-01
5.7930e+02, 9.0728e-02
5.8075e+02, 8.1800e-02
5.8228e+02, 7.3932e-02
5.8380e+02, 6.7329e-02
5.8685e+02, 5.7021e-02
5.8991e+02, 4.9272e-02
5.9296e+02, 4.3421e-02
5.9601e+02, 3.8871e-02
5.9906e+02, 3.5262e-02
6.0212e+02, 3.2367e-02
6.0517e+02, 3.0034e-02
6.0935e+02, 2.7617e-02
6.1352e+02, 2.5677e-02
6.1770e+02, 2.4242e-02
6.2188e+02, 2.3209e-02
6.2605e+02, 2.2464e-02
6.3023e+02, 2.1966e-02
6.3441e+02, 2.1691e-02
6.3859e+02, 2.1633e-02
6.4437e+02, 2.1923e-02
6.5015e+02, 2.2633e-02
6.5594e+02, 2.3805e-02
6.6172e+02, 2.5531e-02
6.6461e+02, 2.6598e-02
6.6750e+02, 2.7965e-02
6.7039e+02, 2.9501e-02
6.7329e+02, 3.1356e-02
6.7618e+02, 3.3474e-02
6.7907e+02, 3.6073e-02
6.8196e+02, 3.9196e-02
6.8485e+02, 4.2993e-02
6.8742e+02, 4.7091e-02
6.9000e+02, 5.2071e-02
6.9257e+02, 5.8205e-02
6.9514e+02, 6.5893e-02
6.9771e+02, 7.5669e-02
6.9899e+02, 8.1605e-02
7.0028e+02, 8.8514e-02
7.0156e+02, 9.6568e-02
7.0285e+02, 1.0605e-01
7.0413e+02, 1.1737e-01
7.0542e+02, 1.3105e-01
7.0638e+02, 1.4334e-01
7.0735e+02, 1.5787e-01
7.0831e+02, 1.7525e-01
7.0927e+02, 1.9606e-01
7.1024e+02, 2.2189e-01
7.1120e+02, 2.5481e-01
7.1168e+02, 2.7465e-01
7.1217e+02, 2.9741e-01
7.1241e+02, 3.1013e-01
7.1265e+02, 3.2387e-01
7.1289e+02, 3.3875e-01
7.1313e+02, 3.5488e-01
7.1345e+02, 3.7865e-01
7.1377e+02, 4.0536e-01
7.1393e+02, 4.2001e-01
7.1409e+02, 4.3562e-01
7.1425e+02, 4.5230e-01
7.1441e+02, 4.7015e-01
7.1460e+02, 4.9179e-01
7.1478e+02, 5.1525e-01
7.1496e+02, 5.4076e-01
7.1514e+02, 5.6857e-01
7.1532e+02, 5.9900e-01
7.1550e+02, 6.3237e-01
7.1568e+02, 6.6912e-01
7.1586e+02, 7.0974e-01
7.1597e+02, 7.3675e-01
7.1608e+02, 7.6555e-01
7.1619e+02, 7.9640e-01
7.1630e+02, 8.2941e-01
7.1641e+02, 8.6489e-01
7.1652e+02, 9.0303e-01
7.1663e+02, 9.4418e-01
7.1674e+02, 9.8861e-01
7.1685e+02, 1.0368e+00
7.1697e+02, 1.0890e+00
7.1708e+02, 1.1460e+00
7.1719e+02, 1.2082e+00
7.1730e+02, 1.2764e+00
7.1741e+02, 1.3512e+00
7.1752e+02, 1.4339e+00
7.1763e+02, 1.5254e+00
7.1779e+02, 1.6774e+00
7.1795e+02, 1.8567e+00
7.1803e+02, 1.9589e+00
7.1811e+02, 2.0708e+00
7.1819e+02, 2.1940e+00
7.1827e+02, 2.3301e+00
7.1835e+02, 2.4814e+00
7.1843e+02, 2.6502e+00
7.1851e+02, 2.8397e+00
7.1859e+02, 3.0541e+00
7.1867e+02, 3.2988e+00
7.1875e+02, 3.5803e+00
7.1883e+02, 3.9078e+00
7.1891e+02, 4.2938e+00
7.1897e+02, 4.6022e+00
7.1902e+02, 4.9524e+00
7.1908e+02, 5.3537e+00
7.1913e+02, 5.8168e+00
7.1919e+02, 6.3558e+00
7.1924e+02, 6.9848e+00
7.1930e+02, 7.7242e+00
7.1936e+02, 8.5971e+00
7.1941e+02, 9.6334e+00
7.1947e+02, 1.0862e+01
7.1952e+02, 1.2322e+01
7.1958e+02, 1.4055e+01
7.1963e+02, 1.6115e+01
7.1969e+02, 1.8544e+01
7.1974e+02, 2.1403e+01
7.1980e+02, 2.4748e+01
7.1986e+02, 2.9412e+01
7.1993e+02, 3.4923e+01
7.1999e+02, 4.1359e+01
7.2006e+02, 4.8757e+01
7.2012e+02, 5.7161e+01
7.2019e+02, 6.6537e+01
7.2025e+02, 7.6812e+01
7.2032e+02, 8.7837e+01
7.2049e+02, 1.1875e+02
7.2066e+02, 1.4820e+02
7.2077e+02, 1.6333e+02
7.2088e+02, 1.7342e+02
7.2094e+02, 1.7633e+02
7.2100e+02, 1.7731e+02
7.2107e+02, 1.7609e+02
7.2113e+02, 1.7253e+02
7.2120e+02, 1.6678e+02
7.2126e+02, 1.5908e+02
7.2133e+02, 1.4885e+02
7.2141e+02, 1.3717e+02
7.2155e+02, 1.1148e+02
7.2169e+02, 8.6891e+01
7.2175e+02, 7.5437e+01
7.2182e+02, 6.4845e+01
7.2189e+02, 5.5239e+01
7.2196e+02, 4.6721e+01
7.2203e+02, 3.9287e+01
7.2210e+02, 3.2903e+01
7.2216e+02, 2.7732e+01
7.2223e+02, 2.3373e+01
7.2229e+02, 1.9736e+01
7.2236e+02, 1.6730e+01
7.2242e+02, 1.4254e+01
7.2249e+02, 1.2229e+01
7.2255e+02, 1.0577e+01
7.2262e+02, 9.2312e+00
7.2268e+02, 8.1298e+00
7.2275e+02, 7.2266e+00
7.2281e+02, 6.4816e+00
7.2288e+02, 5.8637e+00
7.2294e+02, 5.3451e+00
7.2301e+02, 4.9073e+00
7.2307e+02, 4.5329e+00
7.2314e+02, 4.2109e+00
7.2325e+02, 3.7550e+00
7.2336e+02, 3.3876e+00
7.2347e+02, 3.0855e+00
7.2358e+02, 2.8331e+00
7.2369e+02, 2.6195e+00
7.2380e+02, 2.4369e+00
7.2391e+02, 2.2796e+00
7.2402e+02, 2.1431e+00
7.2413e+02, 2.0238e+00
7.2424e+02, 1.9195e+00
7.2435e+02, 1.8276e+00
7.2446e+02, 1.7466e+00
7.2469e+02, 1.6115e+00
7.2491e+02, 1.5054e+00
7.2509e+02, 1.4355e+00
7.2527e+02, 1.3785e+00
7.2545e+02, 1.3325e+00
7.2564e+02, 1.2960e+00
7.2582e+02, 1.2679e+00
7.2600e+02, 1.2471e+00
7.2609e+02, 1.2392e+00
7.2618e+02, 1.2330e+00
7.2627e+02, 1.2282e+00
7.2636e+02, 1.2250e+00
7.2647e+02, 1.2229e+00
7.2657e+02, 1.2227e+00
7.2666e+02, 1.2239e+00
7.2676e+02, 1.2267e+00
7.2686e+02, 1.2309e+00
7.2696e+02, 1.2365e+00
7.2705e+02, 1.2436e+00
7.2715e+02, 1.2520e+00
7.2725e+02, 1.2619e+00
7.2739e+02, 1.2782e+00
7.2752e+02, 1.2972e+00
7.2766e+02, 1.3191e+00
7.2773e+02, 1.3312e+00
7.2780e+02, 1.3439e+00
7.2786e+02, 1.3575e+00
7.2793e+02, 1.3718e+00
7.2800e+02, 1.3869e+00
7.2807e+02, 1.4029e+00
7.2814e+02, 1.4196e+00
7.2821e+02, 1.4372e+00
7.2834e+02, 1.4750e+00
7.2849e+02, 1.5185e+00
7.2863e+02, 1.5664e+00
7.2877e+02, 1.6189e+00
7.2892e+02, 1.6763e+00
7.2906e+02, 1.7392e+00
7.2920e+02, 1.8079e+00
7.2934e+02, 1.8831e+00
7.2949e+02, 1.9652e+00
7.2961e+02, 2.0425e+00
7.2974e+02, 2.1259e+00
7.2986e+02, 2.2164e+00
7.2998e+02, 2.3143e+00
7.3011e+02, 2.4206e+00
7.3023e+02, 2.5360e+00
7.3035e+02, 2.6616e+00
7.3048e+02, 2.7985e+00
7.3060e+02, 2.9481e+00
7.3072e+02, 3.1117e+00
7.3085e+02, 3.2912e+00
7.3097e+02, 3.4886e+00
7.3110e+02, 3.7065e+00
7.3122e+02, 3.9475e+00
7.3134e+02, 4.2150e+00
7.3147e+02, 4.5133e+00
7.3161e+02, 4.9036e+00
7.3175e+02, 5.3506e+00
7.3190e+02, 5.8667e+00
7.3204e+02, 6.4661e+00
7.3218e+02, 7.1690e+00
7.3232e+02, 7.9997e+00
7.3247e+02, 8.9928e+00
7.3261e+02, 1.0192e+01
7.3268e+02, 1.0888e+01
7.3275e+02, 1.1661e+01
7.3283e+02, 1.2521e+01
7.3290e+02, 1.3480e+01
7.3297e+02, 1.4557e+01
7.3304e+02, 1.5767e+01
7.3311e+02, 1.7131e+01
7.3318e+02, 1.8669e+01
7.3326e+02, 2.0413e+01
7.3333e+02, 2.2389e+01
7.3340e+02, 2.4628e+01
7.3347e+02, 2.7162e+01
7.3354e+02, 3.0031e+01
7.3361e+02, 3.3267e+01
7.3368e+02, 3.6903e+01
7.3376e+02, 4.0961e+01
7.3383e+02, 4.5906e+01
7.3391e+02, 5.1397e+01
7.3399e+02, 5.7427e+01
7.3407e+02, 6.3954e+01
7.3422e+02, 7.8255e+01
7.3438e+02, 9.3365e+01
7.3454e+02, 1.0775e+02
7.3469e+02, 1.1982e+02
7.3485e+02, 1.2789e+02
7.3492e+02, 1.3000e+02
7.3500e+02, 1.3071e+02
7.3511e+02, 1.2921e+02
7.3522e+02, 1.2489e+02
7.3533e+02, 1.1809e+02
7.3544e+02, 1.0936e+02
7.3567e+02, 8.8628e+01
7.3589e+02, 6.7594e+01
7.3602e+02, 5.6679e+01
7.3615e+02, 4.7143e+01
7.3627e+02, 3.9070e+01
7.3640e+02, 3.2416e+01
7.3653e+02, 2.7019e+01
7.3666e+02, 2.2694e+01
7.3679e+02, 1.9238e+01
7.3692e+02, 1.6473e+01
7.3703e+02, 1.4524e+01
7.3714e+02, 1.2899e+01
7.3725e+02, 1.1533e+01
7.3736e+02, 1.0376e+01
7.3747e+02, 9.3887e+00
7.3758e+02, 8.5386e+00
7.3769e+02, 7.8016e+00
7.3781e+02, 7.1582e+00
7.3803e+02, 6.0936e+00
7.3825e+02, 5.2542e+00
7.3847e+02, 4.5801e+00
7.3869e+02, 4.0303e+00
7.3889e+02, 3.6196e+00
7.3909e+02, 3.2702e+00
7.3929e+02, 2.9701e+00
7.3949e+02, 2.7106e+00
7.3969e+02, 2.4844e+00
7.3989e+02, 2.2861e+00
7.4028e+02, 1.9554e+00
7.4068e+02, 1.6924e+00
7.4108e+02, 1.4798e+00
7.4147e+02, 1.3056e+00
7.4187e+02, 1.1612e+00
7.4227e+02, 1.0400e+00
7.4267e+02, 9.3728e-01
7.4306e+02, 8.4959e-01
7.4346e+02, 7.7427e-01
7.4386e+02, 7.0906e-01
7.4426e+02, 6.5200e-01
7.4505e+02, 5.5690e-01
7.4584e+02, 4.8172e-01
7.4664e+02, 4.2142e-01
7.4743e+02, 3.7230e-01
7.4823e+02, 3.3175e-01
7.4902e+02, 2.9788e-01
7.4982e+02, 2.6930e-01
7.5061e+02, 2.4497e-01
7.5141e+02, 2.2412e-01
7.5220e+02, 2.0634e-01
7.5300e+02, 1.9076e-01
7.5458e+02, 1.6476e-01
7.5617e+02, 1.4446e-01
7.5776e+02, 1.2834e-01
7.5935e+02, 1.1537e-01
7.6094e+02, 1.0481e-01
7.6337e+02, 9.2204e-02
7.6580e+02, 8.2854e-02
7.6823e+02, 7.5721e-02
7.7066e+02, 7.0425e-02
7.7309e+02, 6.6510e-02
7.7552e+02, 6.3711e-02
7.7795e+02, 6.1887e-02
7.8038e+02, 6.0978e-02
7.8356e+02, 6.1081e-02
7.8674e+02, 6.2610e-02
7.8992e+02, 6.5675e-02
7.9310e+02, 7.0527e-02
7.9627e+02, 7.7609e-02
7.9945e+02, 8.7348e-02
8.0104e+02, 9.3750e-02
8.0263e+02, 1.0137e-01
8.0422e+02, 1.1049e-01
8.0581e+02, 1.2145e-01
8.0716e+02, 1.3262e-01
8.0852e+02, 1.4589e-01
8.0988e+02, 1.6176e-01
8.1123e+02, 1.8095e-01
8.1259e+02, 2.0437e-01
8.1394e+02, 2.3286e-01
8.1462e+02, 2.4989e-01
8.1530e+02, 2.6904e-01
8.1564e+02, 2.7950e-01
8.1598e+02, 2.9064e-01
8.1631e+02, 3.0253e-01
8.1665e+02, 3.1524e-01
8.1687e+02, 3.2380e-01
8.1709e+02, 3.3273e-01
8.1730e+02, 3.4207e-01
8.1752e+02, 3.5182e-01
8.1773e+02, 3.6203e-01
8.1795e+02, 3.7272e-01
8.1817e+02, 3.8393e-01
8.1838e+02, 3.9566e-01
8.1843e+02, 3.9827e-01
8.1858e+02, 4.0696e-01
8.1873e+02, 4.1594e-01
8.1888e+02, 4.2525e-01
8.1904e+02, 4.3488e-01
8.1919e+02, 4.4486e-01
8.1934e+02, 4.5520e-01
8.1949e+02, 4.6592e-01
8.1964e+02, 4.7704e-01
8.1977e+02, 4.8679e-01
8.1990e+02, 4.9683e-01
8.2003e+02, 5.0721e-01
8.2016e+02, 5.1793e-01
8.2029e+02, 5.2901e-01
8.2042e+02, 5.4045e-01
8.2054e+02, 5.5228e-01
8.2067e+02, 5.6452e-01
8.2080e+02, 5.7719e-01
8.2093e+02, 5.9030e-01
8.2119e+02, 6.1793e-01
8.2144e+02, 6.4763e-01
8.2170e+02, 6.7958e-01
8.2196e+02, 7.1403e-01
8.2221e+02, 7.5123e-01
8.2247e+02, 7.9151e-01
8.2273e+02, 8.3519e-01
8.2299e+02, 8.8269e-01
8.2324e+02, 9.3443e-01
8.2350e+02, 9.9099e-01
8.2376e+02, 1.0529e+00
8.2401e+02, 1.1210e+00
8.2427e+02, 1.1960e+00
8.2453e+02, 1.2789e+00
8.2479e+02, 1.3709e+00
8.2504e+02, 1.4734e+00
8.2530e+02, 1.5880e+00
8.2556e+02, 1.7167e+00
8.2581e+02, 1.8619e+00
8.2607e+02, 2.0266e+00
8.2633e+02, 2.2143e+00
8.2658e+02, 2.4299e+00
8.2684e+02, 2.6788e+00
8.2710e+02, 2.9685e+00
8.2736e+02, 3.3083e+00
8.2761e+02, 3.7107e+00
8.2787e+02, 4.1919e+00
8.2812e+02, 4.7452e+00
8.2824e+02, 5.0642e+00
8.2836e+02, 5.4167e+00
8.2848e+02, 5.8075e+00
8.2861e+02, 6.2423e+00
8.2873e+02, 6.7281e+00
8.2885e+02, 7.2725e+00
8.2897e+02, 7.8861e+00
8.2910e+02, 8.5806e+00
8.2922e+02, 9.3704e+00
8.2934e+02, 1.0273e+01
8.2946e+02, 1.1311e+01
8.2959e+02, 1.2509e+01
8.2971e+02, 1.3900e+01
8.2983e+02, 1.5522e+01
8.2996e+02, 1.7520e+01
8.3009e+02, 1.9881e+01
8.3022e+02, 2.2674e+01
8.3035e+02, 2.5968e+01
8.3048e+02, 2.9836e+01
8.3060e+02, 3.4326e+01
8.3073e+02, 3.9469e+01
8.3086e+02, 4.5251e+01
8.3100e+02, 5.2308e+01
8.3115e+02, 5.9840e+01
8.3143e+02, 7.4859e+01
8.3157e+02, 8.1373e+01
8.3172e+02, 8.6503e+01
8.3186e+02, 8.9790e+01
8.3200e+02, 9.0910e+01
8.3215e+02, 8.9643e+01
8.3230e+02, 8.6016e+01
8.3245e+02, 8.0413e+01
8.3260e+02, 7.3388e+01
8.3290e+02, 5.7528e+01
8.3304e+02, 4.9769e+01
8.3319e+02, 4.2626e+01
8.3335e+02, 3.5842e+01
8.3351e+02, 3.0077e+01
8.3368e+02, 2.5289e+01
8.3384e+02, 2.1373e+01
8.3400e+02, 1.8194e+01
8.3416e+02, 1.5616e+01
8.3432e+02, 1.3519e+01
8.3448e+02, 1.1803e+01
8.3463e+02, 1.0494e+01
8.3477e+02, 9.3880e+00
8.3492e+02, 8.4467e+00
8.3507e+02, 7.6393e+00
8.3522e+02, 6.9420e+00
8.3536e+02, 6.3358e+00
8.3551e+02, 5.8057e+00
8.3566e+02, 5.3395e+00
8.3595e+02, 4.5617e+00
8.3625e+02, 3.9430e+00
8.3654e+02, 3.4431e+00
8.3684e+02, 3.0336e+00
8.3712e+02, 2.7079e+00
8.3740e+02, 2.4324e+00
8.3768e+02, 2.1969e+00
8.3796e+02, 1.9940e+00
8.3824e+02, 1.8178e+00
8.3852e+02, 1.6641e+00
8.3880e+02, 1.5292e+00
8.3909e+02, 1.4101e+00
8.3965e+02, 1.2106e+00
8.4021e+02, 1.0509e+00
8.4077e+02, 9.2119e-01
8.4134e+02, 8.1440e-01
8.4187e+02, 7.2955e-01
8.4241e+02, 6.5783e-01
8.4294e+02, 5.9621e-01
8.4348e+02, 5.4273e-01
8.4401e+02, 4.9619e-01
8.4455e+02, 4.5551e-01
8.4562e+02, 3.8817e-01
8.4669e+02, 3.3509e-01
8.4776e+02, 2.9252e-01
8.4883e+02, 2.5786e-01
8.4991e+02, 2.2928e-01
8.5098e+02, 2.0545e-01
8.5205e+02, 1.8569e-01
8.5312e+02, 1.6858e-01
8.5419e+02, 1.5391e-01
8.5526e+02, 1.4113e-01
8.5633e+02, 1.3012e-01
8.5848e+02, 1.1196e-01
8.6062e+02, 9.7845e-02
8.6276e+02, 8.6666e-02
8.6490e+02, 7.7671e-02
8.6705e+02, 7.0369e-02
8.7005e+02, 6.2335e-02
8.7304e+02, 5.6312e-02
8.7604e+02, 5.1613e-02
8.7904e+02, 4.8031e-02
8.8204e+02, 4.5361e-02
8.8504e+02, 4.3470e-02
8.8804e+02, 4.2275e-02
8.9104e+02, 4.1740e-02
8.9447e+02, 4.1923e-02
8.9790e+02, 4.2994e-02
9.0133e+02, 4.5080e-02
9.0475e+02, 4.8411e-02
9.0818e+02, 5.3331e-02
9.0990e+02, 5.6566e-02
9.1161e+02, 6.0502e-02
9.1332e+02, 6.5258e-02
9.1504e+02, 7.1032e-02
9.1675e+02, 7.8087e-02
9.1847e+02, 8.6786e-02
9.1997e+02, 9.6139e-02
9.2147e+02, 1.0761e-01
9.2297e+02, 1.2183e-01
9.2447e+02, 1.3939e-01
9.2597e+02, 1.6221e-01
9.2672e+02, 1.7610e-01
9.2747e+02, 1.9209e-01
9.2822e+02, 2.1059e-01
9.2897e+02, 2.3218e-01
9.2972e+02, 2.5757e-01
9.3046e+02, 2.8767e-01
9.3138e+02, 3.3212e-01
9.3183e+02, 3.5852e-01
9.3229e+02, 3.8846e-01
9.3274e+02, 4.2255e-01
9.3297e+02, 4.4139e-01
9.3320e+02, 4.6157e-01
9.3342e+02, 4.8323e-01
9.3365e+02, 5.0651e-01
9.3388e+02, 5.3158e-01
9.3411e+02, 5.5862e-01
9.3432e+02, 5.8607e-01
9.3454e+02, 6.1565e-01
9.3466e+02, 6.3334e-01
9.3478e+02, 6.5180e-01
9.3490e+02, 6.7111e-01
9.3502e+02, 6.9131e-01
9.3514e+02, 7.1246e-01
9.3526e+02, 7.3463e-01
9.3538e+02, 7.5787e-01
9.3550e+02, 7.8226e-01
9.3565e+02, 8.1377e-01
9.3579e+02, 8.4724e-01
9.3594e+02, 8.8287e-01
9.3609e+02, 9.2085e-01
9.3624e+02, 9.6140e-01
9.3638e+02, 1.0047e+00
9.3653e+02, 1.0512e+00
9.3668e+02, 1.1009e+00
9.3687e+02, 1.1697e+00
9.3705e+02, 1.2453e+00
9.3724e+02, 1.3286e+00
9.3743e+02, 1.4207e+00
9.3762e+02, 1.5230e+00
9.3780e+02, 1.6368e+00
9.3799e+02, 1.7642e+00
9.3818e+02, 1.9072e+00
9.3837e+02, 2.0687e+00
9.3855e+02, 2.2520e+00
9.3874e+02, 2.4614e+00
9.3893e+02, 2.7019e+00
9.3912e+02, 2.9807e+00
9.3930e+02, 3.3062e+00
9.3949e+02, 3.6898e+00
9.3958e+02, 3.9078e+00
9.3968e+02, 4.1463e+00
9.3983e+02, 4.5694e+00
9.3997e+02, 5.0632e+00
9.4012e+02, 5.6448e+00
9.4027e+02, 6.3367e+00
9.4041e+02, 7.1691e+00
9.4049e+02, 7.6506e+00
9.4056e+02, 8.1826e+00
9.4064e+02, 8.7741e+00
9.4071e+02, 9.4318e+00
9.4078e+02, 1.0167e+01
9.4086e+02, 1.0989e+01
9.4092e+02, 1.1825e+01
9.4099e+02, 1.2753e+01
9.4106e+02, 1.3788e+01
9.4112e+02, 1.4940e+01
9.4119e+02, 1.6227e+01
9.4126e+02, 1.7659e+01
9.4132e+02, 1.9256e+01
9.4139e+02, 2.1030e+01
9.4146e+02, 2.3000e+01
9.4153e+02, 2.5177e+01
9.4159e+02, 2.7578e+01
9.4166e+02, 3.0208e+01
9.4179e+02, 3.6192e+01
9.4193e+02, 4.3123e+01
9.4208e+02, 5.1910e+01
9.4223e+02, 6.1382e+01
9.4253e+02, 7.9816e+01
9.4265e+02, 8.5692e+01
9.4277e+02, 9.0217e+01
9.4288e+02, 9.3073e+01
9.4300e+02, 9.4041e+01
9.4307e+02, 9.3711e+01
9.4316e+02, 9.2200e+01
9.4325e+02, 8.9539e+01
9.4335e+02, 8.5853e+01
9.4344e+02, 8.1310e+01
9.4363e+02, 7.0448e+01
9.4381e+02, 5.8588e+01
9.4394e+02, 5.0449e+01
9.4408e+02, 4.2892e+01
9.4421e+02, 3.6132e+01
9.4434e+02, 3.0281e+01
9.4447e+02, 2.5337e+01
9.4460e+02, 2.1245e+01
9.4473e+02, 1.7898e+01
9.4486e+02, 1.5187e+01
9.4497e+02, 1.3309e+01
9.4508e+02, 1.1738e+01
9.4519e+02, 1.0420e+01
9.4530e+02, 9.3095e+00
9.4541e+02, 8.3667e+00
9.4552e+02, 7.5618e+00
9.4563e+02, 6.8700e+00
9.4574e+02, 6.2717e+00
9.4585e+02, 5.7498e+00
9.4596e+02, 5.2921e+00
9.4618e+02, 4.5306e+00
9.4641e+02, 3.9253e+00
9.4663e+02, 3.4360e+00
9.4682e+02, 3.0803e+00
9.4701e+02, 2.7780e+00
9.4720e+02, 2.5188e+00
9.4740e+02, 2.2949e+00
9.4759e+02, 2.1000e+00
9.4778e+02, 1.9294e+00
9.4817e+02, 1.6463e+00
9.4856e+02, 1.4222e+00
9.4894e+02, 1.2414e+00
9.4933e+02, 1.0932e+00
9.4971e+02, 9.7017e-01
9.5010e+02, 8.6697e-01
9.5049e+02, 7.7962e-01
9.5087e+02, 7.0502e-01
9.5126e+02, 6.4082e-01
9.5164e+02, 5.8515e-01
9.5203e+02, 5.3657e-01
9.5242e+02, 4.9396e-01
9.5280e+02, 4.5644e-01
9.5357e+02, 3.9369e-01
9.5435e+02, 3.4316e-01
9.5512e+02, 3.0183e-01
9.5589e+02, 2.6775e-01
9.5666e+02, 2.3933e-01
9.5743e+02, 2.1539e-01
9.5821e+02, 1.9504e-01
9.5898e+02, 1.7759e-01
9.5975e+02, 1.6251e-01
9.6052e+02, 1.4940e-01
9.6129e+02, 1.3793e-01
9.6206e+02, 1.2785e-01
9.6361e+02, 1.1124e-01
9.6515e+02, 9.7773e-02
9.6670e+02, 8.6881e-02
9.6824e+02, 7.7981e-02
9.6978e+02, 7.0626e-02
9.7133e+02, 6.4489e-02
9.7287e+02, 5.9327e-02
9.7442e+02, 5.4957e-02
9.7596e+02, 5.1243e-02
9.7750e+02, 4.8078e-02
9.8059e+02, 4.3087e-02
9.8368e+02, 3.9635e-02
9.8677e+02, 3.7160e-02
9.8985e+02, 3.5694e-02
9.9294e+02, 3.5197e-02
9.9471e+02, 3.5383e-02
9.9647e+02, 3.5984e-02
9.9824e+02, 3.7048e-02
1.0000e+03, 3.8667e-02
1.0015e+03, 4.0628e-02
1.0030e+03, 4.3271e-02
1.0046e+03, 4.6804e-02
1.0061e+03, 5.1535e-02
1.0076e+03, 5.7944e-02
1.0083e+03, 6.1938e-02
1.0091e+03, 6.6619e-02
1.0099e+03, 7.2263e-02
1.0106e+03, 7.9046e-02
1.0114e+03, 8.7276e-02
1.0121e+03, 9.7351e-02
1.0128e+03, 1.0826e-01
1.0135e+03, 1.2162e-01
1.0141e+03, 1.3822e-01
1.0148e+03, 1.5904e-01
1.0152e+03, 1.7155e-01
1.0155e+03, 1.8584e-01
1.0158e+03, 2.0229e-01
1.0162e+03, 2.2127e-01
1.0165e+03, 2.4345e-01
1.0168e+03, 2.6942e-01
1.0172e+03, 3.0028e-01
1.0175e+03, 3.3711e-01
1.0178e+03, 3.7862e-01
1.0181e+03, 4.2867e-01
1.0184e+03, 4.9027e-01
1.0187e+03, 5.6692e-01
1.0189e+03, 6.1296e-01
1.0191e+03, 6.6488e-01
1.0192e+03, 7.2417e-01
1.0194e+03, 7.9234e-01
1.0195e+03, 8.7134e-01
1.0197e+03, 9.6374e-01
1.0198e+03, 1.0730e+00
1.0200e+03, 1.2041e+00
1.0201e+03, 1.3274e+00
1.0202e+03, 1.4737e+00
1.0203e+03, 1.5583e+00
1.0204e+03, 1.6503e+00
1.0204e+03, 1.7523e+00
1.0205e+03, 1.8662e+00
1.0205e+03, 1.9963e+00
1.0206e+03, 2.1412e+00
1.0207e+03, 2.3093e+00
1.0207e+03, 2.4024e+00
1.0207e+03, 2.4992e+00
1.0208e+03, 2.6066e+00
1.0208e+03, 2.7225e+00
1.0208e+03, 2.8476e+00
1.0209e+03, 2.9785e+00
1.0209e+03, 3.1248e+00
1.0209e+03, 3.2781e+00
1.0209e+03, 3.4501e+00
1.0210e+03, 3.6308e+00
1.0210e+03, 3.9314e+00
1.0210e+03, 4.1230e+00
1.0211e+03, 4.3209e+00
1.0211e+03, 4.7611e+00
1.0212e+03, 5.2684e+00
1.0212e+03, 5.8532e+00
1.0213e+03, 6.5272e+00
1.0213e+03, 7.3030e+00
1.0214e+03, 8.1946e+00
1.0214e+03, 9.2171e+00
1.0215e+03, 9.9236e+00
1.0215e+03, 1.0690e+01
1.0215e+03, 1.2391e+01
1.0216e+03, 1.4405e+01
1.0217e+03, 1.6700e+01
1.0217e+03, 1.9380e+01
1.0218e+03, 2.2384e+01
1.0219e+03, 2.5829e+01
1.0219e+03, 2.9618e+01
1.0220e+03, 3.3447e+01
1.0220e+03, 3.7606e+01
1.0221e+03, 4.6752e+01
1.0222e+03, 5.6976e+01
1.0224e+03, 6.7681e+01
1.0225e+03, 7.9516e+01
1.0226e+03, 9.0415e+01
1.0227e+03, 9.9323e+01
1.0228e+03, 1.0546e+02
1.0229e+03, 1.0758e+02
1.0230e+03, 1.0828e+02
1.0230e+03, 1.0823e+02
1.0231e+03, 1.0756e+02
1.0231e+03, 1.0616e+02
1.0232e+03, 1.0124e+02
1.0234e+03, 9.2209e+01
1.0235e+03, 8.0851e+01
1.0237e+03, 6.0546e+01
1.0238e+03, 5.0713e+01
1.0239e+03, 4.1631e+01
1.0240e+03, 3.4140e+01
1.0241e+03, 2.7626e+01
1.0242e+03, 2.4717e+01
1.0242e+03, 2.2114e+01
1.0243e+03, 1.9746e+01
1.0243e+03, 1.7606e+01
1.0244e+03, 1.5642e+01
1.0244e+03, 1.3923e+01
1.0245e+03, 1.2392e+01
1.0245e+03, 1.1033e+01
1.0246e+03, 9.8083e+00
1.0246e+03, 8.7531e+00
1.0246e+03, 7.8264e+00
1.0247e+03, 7.0144e+00
1.0247e+03, 6.2905e+00
1.0248e+03, 5.6720e+00
1.0248e+03, 5.1217e+00
1.0249e+03, 4.6521e+00
1.0249e+03, 4.2341e+00
1.0250e+03, 3.8768e+00
1.0250e+03, 3.5640e+00
1.0251e+03, 3.2896e+00
1.0252e+03, 2.8310e+00
1.0253e+03, 2.4753e+00
1.0254e+03, 2.1891e+00
1.0255e+03, 1.9595e+00
1.0256e+03, 1.7680e+00
1.0257e+03, 1.6090e+00
1.0258e+03, 1.4723e+00
1.0259e+03, 1.3555e+00
1.0260e+03, 1.1631e+00
1.0262e+03, 1.0120e+00
1.0264e+03, 9.0014e-01
1.0266e+03, 8.0685e-01
1.0268e+03, 7.2806e-01
1.0269e+03, 6.6115e-01
1.0271e+03, 6.0314e-01
1.0273e+03, 5.5302e-01
1.0275e+03, 5.0890e-01
1.0276e+03, 4.7027e-01
1.0280e+03, 4.0542e-01
1.0283e+03, 3.5362e-01
1.0287e+03, 3.1156e-01
1.0291e+03, 2.7694e-01
1.0294e+03, 2.4938e-01
1.0297e+03, 2.2600e-01
1.0301e+03, 2.0598e-01
1.0304e+03, 1.8872e-01
1.0307e+03, 1.7362e-01
1.0311e+03, 1.6042e-01
1.0317e+03, 1.3842e-01
1.0324e+03, 1.2100e-01
1.0331e+03, 1.0700e-01
1.0337e+03, 9.5567e-02
1.0344e+03, 8.6108e-02
1.0351e+03, 7.7825e-02
1.0358e+03, 7.0936e-02
1.0365e+03, 6.5058e-02
1.0372e+03, 6.0005e-02
1.0386e+03, 5.1865e-02
1.0400e+03, 4.5675e-02
1.0414e+03, 4.0853e-02
1.0428e+03, 3.7031e-02
1.0442e+03, 3.3948e-02
1.0456e+03, 3.1454e-02
1.0473e+03, 2.9034e-02
1.0490e+03, 2.7051e-02
1.0524e+03, 2.4091e-02
1.0557e+03, 2.2089e-02
1.0591e+03, 2.0702e-02
1.0625e+03, 1.9783e-02
1.0659e+03, 1.9155e-02
1.0692e+03, 1.8758e-02
1.0726e+03, 1.8572e-02
1.0785e+03, 1.8704e-02
1.0844e+03, 1.9301e-02
1.0903e+03, 2.0355e-02
1.0962e+03, 2.1972e-02
1.1021e+03, 2.4239e-02
1.1080e+03, 2.7320e-02
1.1139e+03, 3.1646e-02
1.1168e+03, 3.4394e-02
1.1198e+03, 3.7638e-02
1.1227e+03, 4.1619e-02
1.1257e+03, 4.6462e-02
1.1286e+03, 5.2422e-02
1.1316e+03, 5.9916e-02
1.1331e+03, 6.4367e-02
1.1345e+03, 6.9466e-02
1.1360e+03, 7.5235e-02
1.1375e+03, 8.1850e-02
1.1390e+03, 8.9571e-02
1.1404e+03, 9.8467e-02
1.1419e+03, 1.0885e-01
1.1434e+03, 1.2101e-01
1.1450e+03, 1.3733e-01
1.1458e+03, 1.4684e-01
1.1466e+03, 1.5739e-01
1.1474e+03, 1.6918e-01
1.1478e+03, 1.7563e-01
1.1482e+03, 1.8247e-01
1.1486e+03, 1.8975e-01
1.1490e+03, 1.9750e-01
1.1495e+03, 2.0577e-01
1.1499e+03, 2.1457e-01
1.1501e+03, 2.2123e-01
1.1504e+03, 2.2822e-01
1.1507e+03, 2.3555e-01
1.1510e+03, 2.4324e-01
1.1510e+03, 2.4415e-01
1.1510e+03, 2.4418e-01
1.1510e+03, 2.4420e-01
1.1510e+03, 2.4429e-01
1.1510e+03, 2.4434e-01
1.1510e+03, 2.4445e-01
1.1511e+03, 2.4470e-01
1.1511e+03, 2.4556e-01
1.1511e+03, 2.4640e-01
1.1512e+03, 2.4809e-01
1.1513e+03, 2.5153e-01
1.1515e+03, 2.5866e-01
1.1519e+03, 2.6966e-01
1.1522e+03, 2.8136e-01
1.1526e+03, 2.9387e-01
1.1529e+03, 3.0726e-01
1.1531e+03, 3.1433e-01
1.1533e+03, 3.2161e-01
1.1535e+03, 3.2920e-01
1.1536e+03, 3.3703e-01
1.1538e+03, 3.4519e-01
1.1540e+03, 3.5361e-01
1.1542e+03, 3.6241e-01
1.1543e+03, 3.7150e-01
1.1545e+03, 3.8198e-01
1.1547e+03, 3.9288e-01
1.1549e+03, 4.0425e-01
1.1551e+03, 4.1615e-01
1.1553e+03, 4.2865e-01
1.1555e+03, 4.4168e-01
1.1559e+03, 4.6961e-01
1.1563e+03, 5.0044e-01
1.1567e+03, 5.3438e-01
1.1571e+03, 5.7197e-01
1.1574e+03, 6.1377e-01
1.1578e+03, 6.6054e-01
1.1582e+03, 7.1282e-01
1.1586e+03, 7.7169e-01
1.1590e+03, 8.3828e-01
1.1594e+03, 9.1424e-01
1.1598e+03, 1.0009e+00
1.1601e+03, 1.1007e+00
1.1605e+03, 1.2165e+00
1.1609e+03, 1.3521e+00
1.1613e+03, 1.5115e+00
1.1615e+03, 1.6021e+00
1.1617e+03, 1.7012e+00
1.1619e+03, 1.8098e+00
1.1621e+03, 1.9293e+00
1.1623e+03, 2.0618e+00
1.1625e+03, 2.2078e+00
1.1627e+03, 2.3699e+00
1.1628e+03, 2.5506e+00
1.1630e+03, 2.7529e+00
1.1632e+03, 2.9803e+00
1.1634e+03, 3.2369e+00
1.1636e+03, 3.5282e+00
1.1638e+03, 3.9277e+00
1.1641e+03, 4.3966e+00
1.1643e+03, 4.9545e+00
1.1645e+03, 5.6247e+00
1.1648e+03, 6.4423e+00
1.1649e+03, 6.9159e+00
1.1650e+03, 7.4417e+00
1.1651e+03, 8.0272e+00
1.1652e+03, 8.6807e+00
1.1653e+03, 9.4114e+00
1.1654e+03, 1.0230e+01
1.1656e+03, 1.1850e+01
1.1658e+03, 1.3818e+01
1.1660e+03, 1.6201e+01
1.1662e+03, 1.9060e+01
1.1664e+03, 2.2432e+01
1.1666e+03, 2.6312e+01
1.1668e+03, 3.0629e+01
1.1670e+03, 3.5218e+01
1.1672e+03, 4.1201e+01
1.1675e+03, 4.6389e+01
1.1676e+03, 4.8438e+01
1.1677e+03, 4.9964e+01
1.1679e+03, 5.0908e+01
1.1680e+03, 5.1224e+01
1.1682e+03, 5.0545e+01
1.1684e+03, 4.8597e+01
1.1685e+03, 4.5583e+01
1.1687e+03, 4.1816e+01
1.1691e+03, 3.3208e+01
1.1693e+03, 2.8959e+01
1.1695e+03, 2.5038e+01
1.1697e+03, 2.0886e+01
1.1699e+03, 1.7387e+01
1.1701e+03, 1.4515e+01
1.1703e+03, 1.2192e+01
1.1705e+03, 1.0325e+01
1.1708e+03, 8.8245e+00
1.1710e+03, 7.6115e+00
1.1712e+03, 6.6235e+00
1.1714e+03, 5.9044e+00
1.1716e+03, 5.2944e+00
1.1718e+03, 4.7732e+00
1.1720e+03, 4.3250e+00
1.1721e+03, 3.9369e+00
1.1723e+03, 3.5989e+00
1.1725e+03, 3.3028e+00
1.1727e+03, 3.0434e+00
1.1731e+03, 2.6070e+00
1.1735e+03, 2.2585e+00
1.1738e+03, 1.9756e+00
1.1742e+03, 1.7433e+00
1.1746e+03, 1.5748e+00
1.1749e+03, 1.4303e+00
1.1752e+03, 1.3046e+00
1.1755e+03, 1.1953e+00
1.1759e+03, 1.0991e+00
1.1762e+03, 1.0145e+00
1.1768e+03, 8.7242e-01
1.1775e+03, 7.5884e-01
1.1781e+03, 6.6680e-01
1.1788e+03, 5.9131e-01
1.1794e+03, 5.2829e-01
1.1801e+03, 4.7500e-01
1.1807e+03, 4.2968e-01
1.1814e+03, 3.9092e-01
1.1820e+03, 3.5752e-01
1.1827e+03, 3.2855e-01
1.1833e+03, 3.0329e-01
1.1846e+03, 2.6163e-01
1.1859e+03, 2.2905e-01
1.1872e+03, 2.0324e-01
1.1885e+03, 1.8283e-01
1.1899e+03, 1.6613e-01
1.1912e+03, 1.5255e-01
1.1925e+03, 1.4155e-01
1.1938e+03, 1.3269e-01
1.1951e+03, 1.2568e-01
1.1964e+03, 1.2030e-01
1.1977e+03, 1.1638e-01
1.1990e+03, 1.1382e-01
1.2003e+03, 1.1259e-01
1.2019e+03, 1.1298e-01
1.2035e+03, 1.1567e-01
1.2052e+03, 1.2106e-01
1.2068e+03, 1.2971e-01
1.2076e+03, 1.3542e-01
1.2084e+03, 1.4250e-01
1.2092e+03, 1.5114e-01
1.2100e+03, 1.6159e-01
1.2108e+03, 1.7427e-01
1.2117e+03, 1.8970e-01
1.2125e+03, 2.0862e-01
1.2133e+03, 2.3196e-01
1.2139e+03, 2.5475e-01
1.2146e+03, 2.8209e-01
1.2152e+03, 3.1521e-01
1.2159e+03, 3.5613e-01
1.2165e+03, 4.0745e-01
1.2172e+03, 4.7269e-01
1.2175e+03, 5.1214e-01
1.2178e+03, 5.5712e-01
1.2182e+03, 6.0907e-01
1.2185e+03, 6.6917e-01
1.2187e+03, 7.0452e-01
1.2188e+03, 7.4298e-01
1.2190e+03, 7.8492e-01
1.2192e+03, 8.3050e-01
1.2193e+03, 8.8076e-01
1.2195e+03, 9.3570e-01
1.2196e+03, 9.6543e-01
1.2197e+03, 9.9667e-01
1.2198e+03, 1.0295e+00
1.2199e+03, 1.0638e+00
1.2200e+03, 1.1199e+00
1.2201e+03, 1.1809e+00
1.2202e+03, 1.2473e+00
1.2203e+03, 1.2824e+00
1.2204e+03, 1.3191e+00
1.2204e+03, 1.3581e+00
1.2205e+03, 1.3984e+00
1.2206e+03, 1.4412e+00
1.2206e+03, 1.4854e+00
1.2207e+03, 1.5325e+00
1.2208e+03, 1.5812e+00
1.2208e+03, 1.6324e+00
1.2209e+03, 1.6863e+00
1.2210e+03, 1.7531e+00
1.2210e+03, 1.8241e+00
1.2211e+03, 1.8998e+00
1.2212e+03, 1.9795e+00
1.2213e+03, 2.0657e+00
1.2213e+03, 2.1568e+00
1.2214e+03, 2.2558e+00
1.2215e+03, 2.3607e+00
1.2216e+03, 2.4751e+00
1.2216e+03, 2.5987e+00
1.2217e+03, 2.7324e+00
1.2218e+03, 2.8754e+00
1.2219e+03, 3.0330e+00
1.2219e+03, 3.2026e+00
1.2220e+03, 3.3905e+00
1.2221e+03, 3.5940e+00
1.2222e+03, 3.8210e+00
1.2222e+03, 4.0720e+00
1.2223e+03, 4.3506e+00
1.2224e+03, 4.6565e+00
1.2225e+03, 5.0030e+00
1.2225e+03, 5.3862e+00
1.2226e+03, 5.8233e+00
1.2227e+03, 6.3100e+00
1.2227e+03, 6.8684e+00
1.2228e+03, 7.4934e+00
1.2229e+03, 8.2134e+00
1.2230e+03, 9.0215e+00
1.2230e+03, 9.9534e+00
1.2231e+03, 1.0999e+01
1.2232e+03, 1.2203e+01
1.2233e+03, 1.3549e+01
1.2234e+03, 1.5243e+01
1.2234e+03, 1.7145e+01
1.2235e+03, 1.9320e+01
1.2236e+03, 2.1729e+01
1.2237e+03, 2.4440e+01
1.2238e+03, 2.7388e+01
1.2238e+03, 3.0598e+01
1.2239e+03, 3.4050e+01
1.2241e+03, 4.0923e+01
1.2242e+03, 4.8203e+01
1.2244e+03, 5.5450e+01
1.2245e+03, 6.2116e+01
1.2246e+03, 6.6697e+01
1.2248e+03, 7.0214e+01
1.2249e+03, 7.2427e+01
1.2250e+03, 7.3178e+01
1.2251e+03, 7.3018e+01
1.2251e+03, 7.2115e+01
1.2252e+03, 7.0449e+01
1.2254e+03, 6.5103e+01
1.2256e+03, 5.7738e+01
1.2258e+03, 4.9343e+01
1.2260e+03, 3.9316e+01
1.2262e+03, 3.0201e+01
1.2263e+03, 2.6206e+01
1.2264e+03, 2.2637e+01
1.2265e+03, 1.9502e+01
1.2266e+03, 1.6787e+01
1.2267e+03, 1.4777e+01
1.2268e+03, 1.3048e+01
1.2268e+03, 1.1550e+01
1.2269e+03, 1.0257e+01
1.2270e+03, 9.1319e+00
1.2271e+03, 8.1760e+00
1.2272e+03, 7.3535e+00
1.2273e+03, 6.6448e+00
1.2274e+03, 6.0260e+00
1.2275e+03, 5.4962e+00
1.2275e+03, 5.0351e+00
1.2276e+03, 4.6318e+00
1.2278e+03, 3.9611e+00
1.2280e+03, 3.4362e+00
1.2282e+03, 3.0125e+00
1.2283e+03, 2.6685e+00
1.2285e+03, 2.3815e+00
1.2287e+03, 2.1417e+00
1.2289e+03, 1.9367e+00
1.2290e+03, 1.7618e+00
1.2292e+03, 1.6095e+00
1.2294e+03, 1.4775e+00
1.2295e+03, 1.3610e+00
1.2297e+03, 1.2587e+00
1.2301e+03, 1.0866e+00
1.2304e+03, 9.4852e-01
1.2308e+03, 8.3639e-01
1.2311e+03, 7.4715e-01
1.2314e+03, 6.7214e-01
1.2318e+03, 6.0821e-01
1.2321e+03, 5.5323e-01
1.2324e+03, 5.0559e-01
1.2328e+03, 4.6406e-01
1.2331e+03, 4.2766e-01
1.2334e+03, 3.9556e-01
1.2341e+03, 3.4181e-01
1.2348e+03, 2.9882e-01
1.2354e+03, 2.6391e-01
1.2361e+03, 2.3522e-01
1.2368e+03, 2.0932e-01
1.2376e+03, 1.8779e-01
1.2383e+03, 1.6956e-01
1.2390e+03, 1.5410e-01
1.2397e+03, 1.4086e-01
1.2405e+03, 1.2946e-01
1.2412e+03, 1.1955e-01
1.2419e+03, 1.1090e-01
1.2434e+03, 9.6561e-02
1.2449e+03, 8.5251e-02
1.2463e+03, 7.6310e-02
1.2478e+03, 6.8867e-02
1.2497e+03, 6.1040e-02
1.2516e+03, 5.4830e-02
1.2535e+03, 4.9820e-02
1.2554e+03, 4.5726e-02
1.2573e+03, 4.2344e-02
1.2592e+03, 3.9525e-02
1.2611e+03, 3.7161e-02
1.2630e+03, 3.5241e-02
1.2668e+03, 3.2091e-02
1.2706e+03, 2.9840e-02
1.2744e+03, 2.8261e-02
1.2782e+03, 2.7212e-02
1.2823e+03, 2.6574e-02
1.2863e+03, 2.6372e-02
1.2909e+03, 2.6636e-02
1.2955e+03, 2.7427e-02
1.3000e+03, 2.8789e-02
1.3046e+03, 3.0822e-02
1.3092e+03, 3.3702e-02
1.3115e+03, 3.5529e-02
1.3137e+03, 3.7717e-02
1.3160e+03, 4.0225e-02
1.3183e+03, 4.3299e-02
1.3206e+03, 4.6990e-02
1.3229e+03, 5.1459e-02
1.3249e+03, 5.6270e-02
1.3269e+03, 6.2094e-02
1.3290e+03, 6.9237e-02
1.3310e+03, 7.8132e-02
1.3330e+03, 8.9304e-02
1.3340e+03, 9.6013e-02
1.3351e+03, 1.0377e-01
1.3361e+03, 1.1272e-01
1.3371e+03, 1.2311e-01
1.3381e+03, 1.3528e-01
1.3391e+03, 1.4967e-01
1.3405e+03, 1.7420e-01
1.3412e+03, 1.8909e-01
1.3419e+03, 2.0613e-01
1.3426e+03, 2.2582e-01
1.3430e+03, 2.3687e-01
1.3433e+03, 2.4886e-01
1.3437e+03, 2.6190e-01
1.3440e+03, 2.7610e-01
1.3444e+03, 2.9160e-01
1.3447e+03, 3.0851e-01
1.3450e+03, 3.2534e-01
1.3452e+03, 3.3434e-01
1.3453e+03, 3.4370e-01
1.3454e+03, 3.4467e-01
1.3454e+03, 3.4835e-01
1.3455e+03, 3.5203e-01
1.3456e+03, 3.5964e-01
1.3458e+03, 3.7569e-01
1.3461e+03, 3.9291e-01
1.3463e+03, 4.1142e-01
1.3465e+03, 4.3135e-01
1.3468e+03, 4.5285e-01
1.3470e+03, 4.7610e-01
1.3473e+03, 5.0130e-01
1.3474e+03, 5.1470e-01
1.3475e+03, 5.2856e-01
1.3477e+03, 5.5628e-01
1.3479e+03, 5.8636e-01
1.3482e+03, 6.1910e-01
1.3484e+03, 6.5480e-01
1.3486e+03, 6.9385e-01
1.3488e+03, 7.3665e-01
1.3490e+03, 7.8372e-01
1.3493e+03, 8.3566e-01
1.3494e+03, 8.7835e-01
1.3496e+03, 9.2453e-01
1.3498e+03, 9.7460e-01
1.3499e+03, 1.0287e+00
1.3501e+03, 1.0879e+00
1.3503e+03, 1.1522e+00
1.3504e+03, 1.2231e+00
1.3506e+03, 1.3004e+00
1.3508e+03, 1.3861e+00
1.3509e+03, 1.4803e+00
1.3511e+03, 1.5854e+00
1.3513e+03, 1.7018e+00
1.3514e+03, 1.8329e+00
1.3516e+03, 1.9793e+00
1.3518e+03, 2.1458e+00
1.3519e+03, 2.3340e+00
1.3521e+03, 2.5617e+00
1.3523e+03, 2.8244e+00
1.3525e+03, 3.1336e+00
1.3526e+03, 3.4969e+00
1.3528e+03, 3.9331e+00
1.3530e+03, 4.4569e+00
1.3531e+03, 4.7603e+00
1.3532e+03, 5.0966e+00
1.3532e+03, 5.4705e+00
1.3533e+03, 5.8873e+00
1.3534e+03, 6.3362e+00
1.3535e+03, 6.8309e+00
1.3536e+03, 7.3903e+00
1.3537e+03, 8.0088e+00
1.3537e+03, 8.7099e+00
1.3538e+03, 9.4860e+00
1.3539e+03, 1.0355e+01
1.3540e+03, 1.1326e+01
1.3541e+03, 1.2425e+01
1.3542e+03, 1.3634e+01
1.3542e+03, 1.4976e+01
1.3543e+03, 1.6460e+01
1.3544e+03, 1.8111e+01
1.3545e+03, 1.9896e+01
1.3547e+03, 2.3919e+01
1.3548e+03, 2.8762e+01
1.3550e+03, 3.4035e+01
1.3554e+03, 4.4746e+01
1.3555e+03, 4.9018e+01
1.3557e+03, 5.2386e+01
1.3558e+03, 5.4544e+01
1.3560e+03, 5.5284e+01
1.3561e+03, 5.4786e+01
1.3563e+03, 5.3334e+01
1.3564e+03, 5.1022e+01
1.3565e+03, 4.8019e+01
1.3568e+03, 4.0546e+01
1.3570e+03, 3.2459e+01
1.3572e+03, 2.8359e+01
1.3573e+03, 2.4553e+01
1.3574e+03, 2.1120e+01
1.3576e+03, 1.8116e+01
1.3577e+03, 1.5501e+01
1.3579e+03, 1.3290e+01
1.3580e+03, 1.1417e+01
1.3581e+03, 9.8650e+00
1.3583e+03, 8.6170e+00
1.3584e+03, 7.5802e+00
1.3585e+03, 6.7043e+00
1.3587e+03, 5.9729e+00
1.3588e+03, 5.3498e+00
1.3589e+03, 4.8238e+00
1.3590e+03, 4.3732e+00
1.3592e+03, 3.9845e+00
1.3593e+03, 3.6446e+00
1.3594e+03, 3.3500e+00
1.3597e+03, 2.8604e+00
1.3600e+03, 2.4744e+00
1.3602e+03, 2.1653e+00
1.3605e+03, 1.9225e+00
1.3607e+03, 1.7207e+00
1.3610e+03, 1.5497e+00
1.3612e+03, 1.4044e+00
1.3615e+03, 1.2790e+00
1.3617e+03, 1.1707e+00
1.3620e+03, 1.0762e+00
1.3622e+03, 9.9322e-01
1.3627e+03, 8.5482e-01
1.3632e+03, 7.4511e-01
1.3637e+03, 6.5669e-01
1.3642e+03, 5.8458e-01
1.3647e+03, 5.2761e-01
1.3651e+03, 4.7967e-01
1.3656e+03, 4.3896e-01
1.3661e+03, 4.0403e-01
1.3666e+03, 3.7379e-01
1.3670e+03, 3.4749e-01
1.3680e+03, 3.0448e-01
1.3689e+03, 2.7124e-01
1.3699e+03, 2.4529e-01
1.3708e+03, 2.2482e-01
1.3717e+03, 2.0869e-01
1.3726e+03, 1.9670e-01
1.3735e+03, 1.8716e-01
1.3753e+03, 1.7368e-01
1.3771e+03, 1.6648e-01
1.3789e+03, 1.6436e-01
1.3804e+03, 1.6604e-01
1.3819e+03, 1.7075e-01
1.3834e+03, 1.7858e-01
1.3849e+03, 1.8983e-01
1.3863e+03, 2.0498e-01
1.3878e+03, 2.2466e-01
1.3886e+03, 2.3675e-01
1.3893e+03, 2.5052e-01
1.3901e+03, 2.6617e-01
1.3904e+03, 2.7482e-01
1.3908e+03, 2.8404e-01
1.3911e+03, 2.9257e-01
1.3915e+03, 3.0163e-01
1.3918e+03, 3.1124e-01
1.3921e+03, 3.2142e-01
1.3924e+03, 3.3227e-01
1.3928e+03, 3.4382e-01
1.3931e+03, 3.5612e-01
1.3934e+03, 3.6918e-01
1.3937e+03, 3.8098e-01
1.3939e+03, 3.9341e-01
1.3942e+03, 4.0655e-01
1.3945e+03, 4.2047e-01
1.3948e+03, 4.3522e-01
1.3949e+03, 4.4295e-01
1.3950e+03, 4.5086e-01
1.3952e+03, 4.5907e-01
1.3953e+03, 4.6747e-01
1.3954e+03, 4.7619e-01
1.3956e+03, 4.8512e-01
1.3959e+03, 5.0397e-01
1.3961e+03, 5.2398e-01
1.3964e+03, 5.4532e-01
1.3967e+03, 5.6810e-01
1.3969e+03, 5.9256e-01
1.3972e+03, 6.1866e-01
1.3975e+03, 6.4665e-01
1.3978e+03, 6.7673e-01
1.3980e+03, 7.0165e-01
1.3982e+03, 7.2794e-01
1.3984e+03, 7.5582e-01
1.3986e+03, 7.8542e-01
1.3988e+03, 8.1688e-01
1.3990e+03, 8.5035e-01
1.3992e+03, 8.8600e-01
1.3995e+03, 9.2402e-01
1.3997e+03, 9.6462e-01
1.3999e+03, 1.0080e+00
1.4001e+03, 1.0545e+00
1.4003e+03, 1.1044e+00
1.4005e+03, 1.1580e+00
1.4007e+03, 1.2156e+00
1.4009e+03, 1.2778e+00
1.4011e+03, 1.3449e+00
1.4015e+03, 1.4584e+00
1.4018e+03, 1.5872e+00
1.4021e+03, 1.7340e+00
1.4024e+03, 1.9024e+00
1.4028e+03, 2.0968e+00
1.4031e+03, 2.3229e+00
1.4034e+03, 2.5875e+00
1.4037e+03, 2.8999e+00
1.4040e+03, 3.2096e+00
1.4043e+03, 3.5708e+00
1.4045e+03, 3.9951e+00
1.4048e+03, 4.4970e+00
1.4051e+03, 5.0953e+00
1.4054e+03, 5.8137e+00
1.4056e+03, 6.6821e+00
1.4058e+03, 7.1858e+00
1.4059e+03, 7.7374e+00
1.4061e+03, 8.3981e+00
1.4062e+03, 9.1278e+00
1.4063e+03, 9.9381e+00
1.4065e+03, 1.0836e+01
1.4066e+03, 1.1837e+01
1.4068e+03, 1.2930e+01
1.4069e+03, 1.4127e+01
1.4071e+03, 1.5427e+01
1.4074e+03, 1.8323e+01
1.4077e+03, 2.1492e+01
1.4080e+03, 2.4726e+01
1.4082e+03, 2.7695e+01
1.4084e+03, 2.9287e+01
1.4086e+03, 3.0502e+01
1.4088e+03, 3.1269e+01
1.4090e+03, 3.1526e+01
1.4092e+03, 3.1256e+01
1.4095e+03, 2.9872e+01
1.4098e+03, 2.7529e+01
1.4101e+03, 2.4576e+01
1.4103e+03, 2.1393e+01
1.4106e+03, 1.8271e+01
1.4109e+03, 1.5434e+01
1.4112e+03, 1.2966e+01
1.4115e+03, 1.0903e+01
1.4117e+03, 9.9085e+00
1.4118e+03, 9.0213e+00
1.4120e+03, 8.2312e+00
1.4121e+03, 7.5323e+00
1.4125e+03, 6.3518e+00
1.4128e+03, 5.4118e+00
1.4131e+03, 4.6549e+00
1.4134e+03, 4.0433e+00
1.4137e+03, 3.5418e+00
1.4141e+03, 3.1261e+00
1.4143e+03, 2.8275e+00
1.4146e+03, 2.5690e+00
1.4149e+03, 2.3439e+00
1.4151e+03, 2.1475e+00
1.4154e+03, 1.9741e+00
1.4157e+03, 1.8208e+00
1.4162e+03, 1.5635e+00
1.4168e+03, 1.3568e+00
1.4173e+03, 1.1890e+00
1.4179e+03, 1.0506e+00
1.4184e+03, 9.3567e-01
1.4190e+03, 8.3864e-01
1.4195e+03, 7.5587e-01
1.4200e+03, 6.8469e-01
1.4206e+03, 6.2326e-01
1.4211e+03, 5.6973e-01
1.4217e+03, 5.2299e-01
1.4228e+03, 4.4543e-01
1.4238e+03, 3.8420e-01
1.4249e+03, 3.3502e-01
1.4260e+03, 2.9492e-01
1.4271e+03, 2.6185e-01
1.4281e+03, 2.3560e-01
1.4292e+03, 2.1316e-01
1.4302e+03, 1.9376e-01
1.4313e+03, 1.7700e-01
1.4323e+03, 1.6243e-01
1.4333e+03, 1.4969e-01
1.4354e+03, 1.2856e-01
1.4375e+03, 1.1187e-01
1.4396e+03, 9.8504e-02
1.4416e+03, 8.7624e-02
1.4437e+03, 7.8666e-02
1.4456e+03, 7.1954e-02
1.4475e+03, 6.6249e-02
1.4493e+03, 6.1238e-02
1.4512e+03, 5.6931e-02
1.4550e+03, 5.0023e-02
1.4587e+03, 4.4884e-02
1.4625e+03, 4.1088e-02
1.4662e+03, 3.8383e-02
1.4700e+03, 3.6646e-02
1.4737e+03, 3.5865e-02
1.4765e+03, 3.5948e-02
1.4793e+03, 3.6675e-02
1.4820e+03, 3.8187e-02
1.4848e+03, 4.0580e-02
1.4876e+03, 4.4462e-02
1.4890e+03, 4.7122e-02
1.4903e+03, 5.0415e-02
1.4917e+03, 5.4517e-02
1.4931e+03, 5.9657e-02
1.4945e+03, 6.6176e-02
1.4959e+03, 7.4443e-02
1.4969e+03, 8.1850e-02
1.4979e+03, 9.0995e-02
1.4988e+03, 1.0236e-01
1.4998e+03, 1.1669e-01
1.5008e+03, 1.3513e-01
1.5013e+03, 1.4637e-01
1.5018e+03, 1.5930e-01
1.5023e+03, 1.7428e-01
1.5028e+03, 1.9174e-01
1.5033e+03, 2.1233e-01
1.5038e+03, 2.3690e-01
1.5043e+03, 2.6665e-01
1.5048e+03, 3.0295e-01
1.5053e+03, 3.4795e-01
1.5058e+03, 4.0469e-01
1.5060e+03, 4.3879e-01
1.5063e+03, 4.7767e-01
1.5065e+03, 5.2227e-01
1.5068e+03, 5.7380e-01
1.5070e+03, 6.3382e-01
1.5072e+03, 7.0441e-01
1.5075e+03, 7.8833e-01
1.5077e+03, 8.8936e-01
1.5079e+03, 9.6688e-01
1.5081e+03, 1.0559e+00
1.5081e+03, 1.1058e+00
1.5082e+03, 1.1589e+00
1.5083e+03, 1.2163e+00
1.5084e+03, 1.2785e+00
1.5085e+03, 1.3471e+00
1.5085e+03, 1.4209e+00
1.5086e+03, 1.5017e+00
1.5087e+03, 1.5906e+00
1.5088e+03, 1.6899e+00
1.5089e+03, 1.7987e+00
1.5089e+03, 1.9200e+00
1.5090e+03, 1.9860e+00
1.5090e+03, 2.0559e+00
1.5091e+03, 2.1262e+00
1.5091e+03, 2.1988e+00
1.5091e+03, 2.2756e+00
1.5092e+03, 2.3570e+00
1.5092e+03, 2.4435e+00
1.5093e+03, 2.5354e+00
1.5093e+03, 2.6332e+00
1.5093e+03, 2.7373e+00
1.5094e+03, 2.8484e+00
1.5094e+03, 2.9669e+00
1.5094e+03, 3.0936e+00
1.5095e+03, 3.2291e+00
1.5095e+03, 3.3741e+00
1.5095e+03, 3.5294e+00
1.5096e+03, 3.6960e+00
1.5096e+03, 3.8746e+00
1.5097e+03, 4.2378e+00
1.5098e+03, 4.6517e+00
1.5098e+03, 5.1240e+00
1.5099e+03, 5.6627e+00
1.5100e+03, 6.2766e+00
1.5100e+03, 6.9754e+00
1.5101e+03, 7.7691e+00
1.5102e+03, 8.6539e+00
1.5102e+03, 9.6666e+00
1.5103e+03, 1.0805e+01
1.5104e+03, 1.2079e+01
1.5104e+03, 1.3497e+01
1.5105e+03, 1.5066e+01
1.5106e+03, 1.6792e+01
1.5106e+03, 1.8677e+01
1.5107e+03, 2.0720e+01
1.5108e+03, 2.2919e+01
1.5108e+03, 2.5263e+01
1.5110e+03, 3.0337e+01
1.5111e+03, 3.5784e+01
1.5113e+03, 4.1326e+01
1.5114e+03, 4.9079e+01
1.5116e+03, 5.5409e+01
1.5118e+03, 5.9108e+01
1.5119e+03, 6.0077e+01
1.5120e+03, 6.0397e+01
1.5120e+03, 6.0333e+01
1.5122e+03, 5.9238e+01
1.5123e+03, 5.6866e+01
1.5124e+03, 5.3391e+01
1.5126e+03, 4.9053e+01
1.5127e+03, 4.3853e+01
1.5128e+03, 3.8345e+01
1.5131e+03, 2.7614e+01
1.5132e+03, 2.2807e+01
1.5134e+03, 1.8611e+01
1.5135e+03, 1.5038e+01
1.5136e+03, 1.3473e+01
1.5136e+03, 1.2078e+01
1.5137e+03, 1.0805e+01
1.5138e+03, 9.6834e+00
1.5138e+03, 8.6696e+00
1.5139e+03, 7.7837e+00
1.5140e+03, 6.9889e+00
1.5140e+03, 6.2987e+00
1.5141e+03, 5.6825e+00
1.5142e+03, 5.1492e+00
1.5142e+03, 4.6938e+00
1.5143e+03, 4.2981e+00
1.5144e+03, 3.9431e+00
1.5144e+03, 3.6341e+00
1.5146e+03, 3.1136e+00
1.5147e+03, 2.7018e+00
1.5148e+03, 2.3722e+00
1.5149e+03, 2.1048e+00
1.5151e+03, 1.8846e+00
1.5152e+03, 1.7022e+00
1.5153e+03, 1.5465e+00
1.5155e+03, 1.4133e+00
1.5156e+03, 1.2981e+00
1.5157e+03, 1.1976e+00
1.5160e+03, 1.0309e+00
1.5162e+03, 8.9919e-01
1.5165e+03, 7.9668e-01
1.5167e+03, 7.1196e-01
1.5170e+03, 6.4048e-01
1.5172e+03, 5.7998e-01
1.5175e+03, 5.2787e-01
1.5177e+03, 4.8298e-01
1.5180e+03, 4.4371e-01
1.5182e+03, 4.0942e-01
1.5187e+03, 3.5228e-01
1.5192e+03, 3.0700e-01
1.5197e+03, 2.7052e-01
1.5202e+03, 2.4078e-01
1.5207e+03, 2.1613e-01
1.5211e+03, 1.9553e-01
1.5216e+03, 1.7809e-01
1.5221e+03, 1.6316e-01
1.5226e+03, 1.5031e-01
1.5231e+03, 1.3918e-01
1.5241e+03, 1.2105e-01
1.5251e+03, 1.0707e-01
1.5261e+03, 9.6132e-02
1.5270e+03, 8.7490e-02
1.5280e+03, 8.0676e-02
1.5290e+03, 7.5232e-02
1.5300e+03, 7.0810e-02
1.5319e+03, 6.4562e-02
1.5339e+03, 6.1011e-02
1.5359e+03, 5.9616e-02
1.5375e+03, 5.9951e-02
1.5392e+03, 6.1677e-02
1.5409e+03, 6.4920e-02
1.5425e+03, 6.9950e-02
1.5442e+03, 7.7224e-02
1.5459e+03, 8.7329e-02
1.5467e+03, 9.3896e-02
1.5476e+03, 1.0174e-01
1.5484e+03, 1.1114e-01
1.5492e+03, 1.2245e-01
1.5501e+03, 1.3621e-01
1.5509e+03, 1.5310e-01
1.5517e+03, 1.7409e-01
1.5526e+03, 2.0050e-01
1.5534e+03, 2.3432e-01
1.5538e+03, 2.5482e-01
1.5542e+03, 2.7841e-01
1.5547e+03, 3.0587e-01
1.5551e+03, 3.3795e-01
1.5555e+03, 3.7578e-01
1.5559e+03, 4.2083e-01
1.5563e+03, 4.6642e-01
1.5566e+03, 5.2025e-01
1.5570e+03, 5.8444e-01
1.5573e+03, 6.6183e-01
1.5577e+03, 7.5642e-01
1.5579e+03, 8.1187e-01
1.5580e+03, 8.7395e-01
1.5582e+03, 9.4382e-01
1.5583e+03, 9.8210e-01
1.5584e+03, 1.0229e+00
1.5585e+03, 1.0664e+00
1.5586e+03, 1.1129e+00
1.5587e+03, 1.1627e+00
1.5588e+03, 1.2161e+00
1.5588e+03, 1.2635e+00
1.5589e+03, 1.3132e+00
1.5590e+03, 1.3669e+00
1.5590e+03, 1.4233e+00
1.5591e+03, 1.4717e+00
1.5592e+03, 1.5218e+00
1.5592e+03, 1.5757e+00
1.5593e+03, 1.6317e+00
1.5593e+03, 1.6921e+00
1.5594e+03, 1.7550e+00
1.5595e+03, 1.8217e+00
1.5595e+03, 1.8927e+00
1.5596e+03, 1.9696e+00
1.5596e+03, 2.0503e+00
1.5597e+03, 2.1366e+00
1.5597e+03, 2.2288e+00
1.5598e+03, 2.3296e+00
1.5599e+03, 2.4361e+00
1.5599e+03, 2.5507e+00
1.5600e+03, 2.6744e+00
1.5601e+03, 2.8617e+00
1.5601e+03, 3.0712e+00
1.5602e+03, 3.3063e+00
1.5603e+03, 3.5677e+00
1.5604e+03, 3.8668e+00
1.5605e+03, 4.2059e+00
1.5605e+03, 4.5915e+00
1.5606e+03, 5.0250e+00
1.5607e+03, 5.3683e+00
1.5607e+03, 5.7379e+00
1.5608e+03, 6.1428e+00
1.5608e+03, 6.5863e+00
1.5609e+03, 7.0810e+00
1.5609e+03, 7.6130e+00
1.5610e+03, 8.1945e+00
1.5611e+03, 8.8292e+00
1.5611e+03, 9.5341e+00
1.5612e+03, 1.0288e+01
1.5612e+03, 1.1106e+01
1.5613e+03, 1.1992e+01
1.5614e+03, 1.3998e+01
1.5615e+03, 1.6289e+01
1.5616e+03, 1.7861e+01
1.5616e+03, 1.9525e+01
1.5618e+03, 2.3212e+01
1.5619e+03, 2.7293e+01
1.5620e+03, 3.1662e+01
1.5623e+03, 4.0594e+01
1.5624e+03, 4.4722e+01
1.5626e+03, 4.8278e+01
1.5627e+03, 5.0555e+01
1.5628e+03, 5.2241e+01
1.5629e+03, 5.3291e+01
1.5630e+03, 5.3640e+01
1.5631e+03, 5.3548e+01
1.5632e+03, 5.2241e+01
1.5634e+03, 4.9506e+01
1.5635e+03, 4.5604e+01
1.5637e+03, 4.0886e+01
1.5641e+03, 2.8223e+01
1.5643e+03, 2.2397e+01
1.5644e+03, 1.9796e+01
1.5645e+03, 1.7423e+01
1.5646e+03, 1.4088e+01
1.5647e+03, 1.2657e+01
1.5648e+03, 1.1368e+01
1.5648e+03, 1.0213e+01
1.5649e+03, 9.1837e+00
1.5650e+03, 8.2699e+00
1.5651e+03, 7.4612e+00
1.5651e+03, 6.7473e+00
1.5652e+03, 6.1181e+00
1.5653e+03, 5.5642e+00
1.5654e+03, 5.0765e+00
1.5655e+03, 4.6470e+00
1.5655e+03, 4.2682e+00
1.5657e+03, 3.6372e+00
1.5658e+03, 3.1745e+00
1.5660e+03, 2.8012e+00
1.5661e+03, 2.4939e+00
1.5662e+03, 2.2379e+00
1.5664e+03, 2.0205e+00
1.5665e+03, 1.8367e+00
1.5667e+03, 1.6784e+00
1.5668e+03, 1.5409e+00
1.5670e+03, 1.4197e+00
1.5671e+03, 1.3137e+00
1.5674e+03, 1.1361e+00
1.5677e+03, 9.9400e-01
1.5679e+03, 8.8138e-01
1.5682e+03, 8.0246e-01
1.5685e+03, 7.4974e-01
1.5686e+03, 7.3575e-01
1.5687e+03, 7.3210e-01
1.5688e+03, 7.4052e-01
1.5690e+03, 7.6270e-01
1.5691e+03, 8.0066e-01
1.5692e+03, 8.5507e-01
1.5694e+03, 9.2738e-01
1.5695e+03, 1.0162e+00
1.5696e+03, 1.1216e+00
1.5697e+03, 1.2396e+00
1.5700e+03, 1.5019e+00
1.5700e+03, 2.5080e+00
1.7000e+03, 2.3536e+00
2.0000e+03, 2.0718e+00
2.5000e+03, 1.7492e+00
3.0000e+03, 1.5317e+00
3.5000e+03, 1.3746e+00
4.0000e+03, 1.2553e+00
4.5000e+03, 1.1614e+00
5.0000e+03, 1.0852e+00
5.5000e+03, 1.0219e+00
6.0000e+03, 9.6834e-01
6.5000e+03, 9.2224e-01
7.0000e+03, 8.8204e-01
7.5000e+03, 8.4659e-01
8.0000e+03, 8.1501e-01
8.5000e+03, 7.8664e-01
9.0000e+03, 7.6097e-01
9.5000e+03, 7.3758e-01
1.0000e+04, 7.1950e-01
1.1000e+04, 6.7822e-01
1.2000e+04, 6.4552e-01
1.3000e+04, 6.1696e-01
1.4000e+04, 5.9173e-01
1.5000e+04, 5.6925e-01
1.6000e+04, 5.4904e-01
1.7000e+04, 5.3077e-01
1.8000e+04, 5.1416e-01
1.9000e+04, 4.9898e-01
2.0000e+04, 4.8505e-01
2.0000e+04, 4.8505e-01
2.1000e+04, 4.7222e-01
2.2000e+04, 4.6036e-01
2.3000e+04, 4.4937e-01
2.4000e+04, 4.3916e-01
2.5000e+04, 4.2965e-01
2.6000e+04, 4.2078e-01
2.7000e+04, 4.1248e-01
2.8000e+04, 4.0470e-01
2.9000e+04, 3.9740e-01
3.0000e+04, 3.9055e-01
3.5000e+04, 3.6173e-01
4.0000e+04, 3.3990e-01
5.0000e+04, 3.0965e-01
6.0000e+04, 2.9034e-01
7.0000e+04, 2.7733e-01
8.0000e+04, 2.7195e-01
9.0000e+04, 2.6843e-01
1.0000e+05, 2.6668e-01
1.1000e+05, 2.6633e-01
1.2000e+05, 2.6358e-01
1.3000e+05, 2.6232e-01
1.5000e+05, 2.5855e-01
1.7000e+05, 2.5604e-01
2.0000e+05, 2.5408e-01
2.3000e+05, 2.5403e-01
2.5000e+05, 2.5379e-01
3.0000e+05, 2.5597e-01
3.3000e+05, 2.5925e-01
3.3611e+05, 2.5943e-01
3.3611e+05, 2.2129e-01
3.3611e+05, 2.2129e-01
3.9600e+05, 1.5611e-01
3.9600e+05, 1.5611e-01
4.0000e+05, 1.5176e-01
5.0000e+05, 1.4147e-01
6.0000e+05, 1.4081e-01
7.0000e+05, 1.4359e-01
7.4536e+05, 1.4192e-01
7.4536e+05, 1.4192e-01
7.7844e+05, 1.4071e-01
7.7844e+05, 1.4071e-01
8.0000e+05, 1.3991e-01
9.0000e+05, 1.3782e-01
1.0000e+06, 1.4006e-01
1.0531e+06, 1.3217e-01
1.0531e+06, 1.3217e-01
1.0785e+06, 1.2840e-01
1.0785e+06, 1.2840e-01
1.1000e+06, 1.2520e-01
1.1734e+06, 1.1242e-01
1.1735e+06, 1.1242e-01
1.2000e+06, 1.0780e-01
1.2018e+06, 1.0758e-01
1.2018e+06, 1.0757e-01
1.2638e+06, 9.9537e-02
1.2638e+06, 9.9537e-02
1.2874e+06, 9.6493e-02
1.2874e+06, 9.6492e-02
1.3000e+06, 9.4857e-02
1.3667e+06, 9.4171e-02
1.3667e+06, 9.4171e-02
1.4000e+06, 9.3828e-02
1.4267e+06, 9.2595e-02
1.4267e+06, 9.2595e-02
1.4587e+06, 9.1115e-02
1.5000e+06, 8.9210e-02
1.5146e+06, 8.8668e-02
1.5146e+06, 8.8668e-02
1.6000e+06, 8.5492e-02
1.6536e+06, 8.3361e-02
1.6536e+06, 8.3361e-02
1.6694e+06, 8.2729e-02
1.6694e+06, 8.2729e-02
1.6840e+06, 8.2152e-02
1.6840e+06, 8.2152e-02
1.6840e+06, 8.2152e-02
1.6840e+06, 8.2151e-02
1.6953e+06, 8.1699e-02
1.6953e+06, 8.1699e-02
1.7000e+06, 8.1513e-02
1.7247e+06, 7.9266e-02
1.7247e+06, 7.9265e-02
1.7714e+06, 7.5007e-02
1.7766e+06, 7.4537e-02
1.7766e+06, 7.4536e-02
1.7852e+06, 7.3747e-02
1.7852e+06, 7.3747e-02
1.7986e+06, 7.2527e-02
1.7986e+06, 7.2526e-02
1.8000e+06, 7.2401e-02
1.8061e+06, 7.1908e-02
1.8061e+06, 7.1907e-02
1.8316e+06, 6.9835e-02
1.8316e+06, 6.9835e-02
1.8340e+06, 6.9640e-02
1.8340e+06, 6.9640e-02
1.8345e+06, 6.9594e-02
1.8345e+06, 6.9594e-02
1.8456e+06, 6.8695e-02
1.8456e+06, 6.8694e-02
1.8492e+06, 6.8400e-02
1.9000e+06, 6.4275e-02
2.0000e+06, 5.8924e-02
2.6900e+06, 3.7941e-02
3.0000e+06, 2.8512e-02
4.0000e+06, 1.3153e-02
5.0000e+06, 6.1268e-03
6.0000e+06, 3.0353e-03
6.1561e+06, 2.8021e-03
7.0000e+06, 1.5421e-03
8.0000e+06, 8.9872e-04
8.0387e+06, 8.9213e-04
8.0387e+06, 8.9213e-04
8.3297e+06, 8.4257e-04
9.0000e+06, 7.2840e-04
1.0000e+07, 7.1045e-04
1.1000e+07, 7.3167e-04
1.2000e+07, 8.1744e-04
1.3000e+07, 8.5078e-04
1.3949e+07, 8.3186e-04
1.3949e+07, 8.3186e-04
1.4000e+07, 8.3085e-04
1.4500e+07, 7.8995e-04
1.5000e+07, 7.4218e-04
1.5648e+07, 6.3919e-04
1.6000e+07, 5.8314e-04
1.7000e+07, 4.3234e-04
1.8000e+07, 3.1648e-04
1.9000e+07, 2.2977e-04
2.0000e+07, 1.7304e-04
