ebin, xs
1.0000e-05, 6.3022e+00
1.0625e-05, 6.1141e+00
1.1250e-05, 5.9418e+00
1.1875e-05, 5.7833e+00
1.2500e-05, 5.6369e+00
1.3750e-05, 5.3746e+00
1.5000e-05, 5.1458e+00
1.6250e-05, 4.9439e+00
1.7500e-05, 4.7640e+00
1.8750e-05, 4.6025e+00
2.0000e-05, 4.4564e+00
2.1875e-05, 4.2611e+00
2.3750e-05, 4.0894e+00
2.5625e-05, 3.9370e+00
2.7500e-05, 3.8004e+00
2.9375e-05, 3.6771e+00
3.1250e-05, 3.5651e+00
3.3125e-05, 3.4627e+00
3.5000e-05, 3.3687e+00
3.8750e-05, 3.2015e+00
4.2500e-05, 3.0570e+00
4.6250e-05, 2.9305e+00
5.0000e-05, 2.8184e+00
5.3125e-05, 2.7343e+00
5.6250e-05, 2.6573e+00
5.9375e-05, 2.5864e+00
6.2500e-05, 2.5209e+00
6.8750e-05, 2.4036e+00
7.5000e-05, 2.3013e+00
8.1250e-05, 2.2110e+00
8.7500e-05, 2.1305e+00
9.3750e-05, 2.0583e+00
1.0000e-04, 1.9929e+00
1.0625e-04, 1.9334e+00
1.1250e-04, 1.8790e+00
1.1875e-04, 1.8288e+00
1.2500e-04, 1.7825e+00
1.3750e-04, 1.6996e+00
1.5000e-04, 1.6272e+00
1.6250e-04, 1.5634e+00
1.7500e-04, 1.5065e+00
1.8750e-04, 1.4554e+00
2.0000e-04, 1.4092e+00
2.1875e-04, 1.3475e+00
2.3750e-04, 1.2932e+00
2.5625e-04, 1.2450e+00
2.7500e-04, 1.2018e+00
2.9375e-04, 1.1628e+00
3.1250e-04, 1.1274e+00
3.3125e-04, 1.0950e+00
3.5000e-04, 1.0653e+00
3.8750e-04, 1.0124e+00
4.2500e-04, 9.6672e-01
4.6250e-04, 9.2670e-01
5.0000e-04, 8.9127e-01
5.3125e-04, 8.6466e-01
5.6250e-04, 8.4030e-01
5.9375e-04, 8.1789e-01
6.2500e-04, 7.9718e-01
6.8750e-04, 7.6008e-01
7.5000e-04, 7.2772e-01
8.1250e-04, 6.9917e-01
8.7500e-04, 6.7374e-01
9.3750e-04, 6.5089e-01
1.0000e-03, 6.3022e-01
1.0625e-03, 6.1141e-01
1.1250e-03, 5.9418e-01
1.1875e-03, 5.7834e-01
1.2500e-03, 5.6369e-01
1.3750e-03, 5.3746e-01
1.5000e-03, 5.1458e-01
1.6250e-03, 4.9439e-01
1.7500e-03, 4.7641e-01
1.8750e-03, 4.6026e-01
2.0000e-03, 4.4564e-01
2.1875e-03, 4.2612e-01
2.3750e-03, 4.0895e-01
2.5625e-03, 3.9371e-01
2.7500e-03, 3.8005e-01
2.9375e-03, 3.6772e-01
3.1250e-03, 3.5652e-01
3.3125e-03, 3.4629e-01
3.5000e-03, 3.3688e-01
3.8750e-03, 3.2017e-01
4.2500e-03, 3.0572e-01
4.6250e-03, 2.9306e-01
5.0000e-03, 2.8186e-01
5.3125e-03, 2.7344e-01
5.6250e-03, 2.6574e-01
5.9375e-03, 2.5865e-01
6.2500e-03, 2.5210e-01
6.8750e-03, 2.4037e-01
7.5000e-03, 2.3013e-01
8.1250e-03, 2.2110e-01
8.7500e-03, 2.1306e-01
9.3750e-03, 2.0583e-01
1.0000e-02, 1.9930e-01
1.0625e-02, 1.9335e-01
1.1250e-02, 1.8790e-01
1.1875e-02, 1.8290e-01
1.2500e-02, 1.7827e-01
1.3750e-02, 1.6998e-01
1.5000e-02, 1.6274e-01
1.6250e-02, 1.5636e-01
1.7500e-02, 1.5067e-01
1.8750e-02, 1.4555e-01
2.0000e-02, 1.4093e-01
2.1325e-02, 1.3648e-01
2.2650e-02, 1.3243e-01
2.3975e-02, 1.2872e-01
2.5300e-02, 1.2531e-01
2.6844e-02, 1.2166e-01
2.8387e-02, 1.1832e-01
3.1475e-02, 1.1237e-01
3.4563e-02, 1.0724e-01
3.7650e-02, 1.0274e-01
4.0738e-02, 9.8769e-02
4.3825e-02, 9.5224e-02
4.6913e-02, 9.2036e-02
5.0000e-02, 8.9148e-02
5.3125e-02, 8.6487e-02
5.6250e-02, 8.4053e-02
5.9375e-02, 8.1817e-02
6.2500e-02, 7.9753e-02
6.8750e-02, 7.6052e-02
7.5000e-02, 7.2815e-02
8.1250e-02, 6.9958e-02
8.7500e-02, 6.7412e-02
9.3750e-02, 6.5127e-02
1.0000e-01, 6.3059e-02
1.0625e-01, 6.1177e-02
1.1250e-01, 5.9456e-02
1.1875e-01, 5.7875e-02
1.2500e-01, 5.6419e-02
1.3750e-01, 5.3805e-02
1.5000e-01, 5.1515e-02
1.6250e-01, 4.9496e-02
1.7500e-01, 4.7697e-02
1.8750e-01, 4.6083e-02
2.0000e-01, 4.4627e-02
2.1875e-01, 4.2680e-02
2.3750e-01, 4.0964e-02
2.5625e-01, 3.9439e-02
2.7500e-01, 3.8074e-02
2.9375e-01, 3.6843e-02
3.1250e-01, 3.5724e-02
3.3125e-01, 3.4703e-02
3.5000e-01, 3.3771e-02
3.8750e-01, 3.2109e-02
4.2500e-01, 3.0665e-02
5.0000e-01, 2.8288e-02
6.2500e-01, 2.5324e-02
7.5000e-01, 2.3134e-02
8.7500e-01, 2.1440e-02
1.0000e+00, 2.0075e-02
1.2500e+00, 1.7984e-02
1.5000e+00, 1.6444e-02
1.7500e+00, 1.5252e-02
2.0000e+00, 1.4293e-02
2.3750e+00, 1.3150e-02
2.7500e+00, 1.2254e-02
3.1250e+00, 1.1525e-02
3.5000e+00, 1.0919e-02
4.2500e+00, 9.9607e-03
5.0000e+00, 9.2328e-03
6.2500e+00, 8.3324e-03
7.5000e+00, 7.6750e-03
8.7500e+00, 7.1707e-03
1.0000e+01, 6.7693e-03
1.2500e+01, 6.1668e-03
1.5000e+01, 5.7353e-03
1.7500e+01, 5.4111e-03
2.0000e+01, 5.1593e-03
2.3750e+01, 4.8743e-03
2.7500e+01, 4.6662e-03
3.5000e+01, 4.3968e-03
4.2500e+01, 4.2526e-03
5.0000e+01, 4.1911e-03
6.2500e+01, 4.2211e-03
7.5000e+01, 4.3902e-03
8.7500e+01, 4.7050e-03
9.3750e+01, 4.9304e-03
1.0000e+02, 5.2163e-03
1.0951e+02, 5.8369e-03
1.1426e+02, 6.2319e-03
1.1901e+02, 6.7695e-03
1.2139e+02, 7.0924e-03
1.2377e+02, 7.4911e-03
1.2614e+02, 7.9471e-03
1.2852e+02, 8.4918e-03
1.3090e+02, 9.1617e-03
1.3327e+02, 1.0029e-02
1.3565e+02, 1.1145e-02
1.3803e+02, 1.2634e-02
1.3984e+02, 1.4156e-02
1.4097e+02, 1.5350e-02
1.4210e+02, 1.6803e-02
1.4323e+02, 1.8586e-02
1.4436e+02, 2.0818e-02
1.4550e+02, 2.3682e-02
1.4606e+02, 2.5413e-02
1.4663e+02, 2.7429e-02
1.4719e+02, 2.9740e-02
1.4776e+02, 3.2447e-02
1.4832e+02, 3.5576e-02
1.4889e+02, 3.9371e-02
1.4943e+02, 4.3699e-02
1.4997e+02, 4.8925e-02
1.5050e+02, 5.5321e-02
1.5104e+02, 6.3264e-02
1.5158e+02, 7.3303e-02
1.5185e+02, 7.9348e-02
1.5212e+02, 8.6236e-02
1.5238e+02, 9.4098e-02
1.5265e+02, 1.0315e-01
1.5292e+02, 1.1373e-01
1.5319e+02, 1.2621e-01
1.5347e+02, 1.4188e-01
1.5376e+02, 1.6085e-01
1.5404e+02, 1.8411e-01
1.5432e+02, 2.1308e-01
1.5461e+02, 2.4982e-01
1.5475e+02, 2.7199e-01
1.5489e+02, 2.9730e-01
1.5503e+02, 3.2640e-01
1.5517e+02, 3.6007e-01
1.5531e+02, 3.9944e-01
1.5545e+02, 4.4589e-01
1.5560e+02, 5.0440e-01
1.5575e+02, 5.7568e-01
1.5590e+02, 6.6388e-01
1.5605e+02, 7.7472e-01
1.5612e+02, 8.4127e-01
1.5620e+02, 9.1709e-01
1.5627e+02, 1.0041e+00
1.5635e+02, 1.1044e+00
1.5642e+02, 1.2216e+00
1.5649e+02, 1.3594e+00
1.5657e+02, 1.5240e+00
1.5664e+02, 1.7232e+00
1.5672e+02, 1.9833e+00
1.5676e+02, 2.1393e+00
1.5680e+02, 2.3180e+00
1.5684e+02, 2.5249e+00
1.5688e+02, 2.7679e+00
1.5691e+02, 3.0574e+00
1.5695e+02, 3.4077e+00
1.5699e+02, 3.8388e+00
1.5703e+02, 4.3774e+00
1.5707e+02, 5.0599e+00
1.5709e+02, 5.4707e+00
1.5711e+02, 5.9345e+00
1.5713e+02, 6.4643e+00
1.5715e+02, 7.0641e+00
1.5717e+02, 7.7508e+00
1.5719e+02, 8.5290e+00
1.5721e+02, 9.4199e+00
1.5723e+02, 1.0429e+01
1.5725e+02, 1.1582e+01
1.5727e+02, 1.2884e+01
1.5729e+02, 1.4513e+01
1.5731e+02, 1.6365e+01
1.5733e+02, 1.8475e+01
1.5735e+02, 2.0869e+01
1.5737e+02, 2.3588e+01
1.5739e+02, 2.6632e+01
1.5741e+02, 3.0041e+01
1.5743e+02, 3.3838e+01
1.5746e+02, 3.8064e+01
1.5748e+02, 4.2699e+01
1.5752e+02, 5.3293e+01
1.5756e+02, 6.5666e+01
1.5760e+02, 7.9714e+01
1.5765e+02, 9.6552e+01
1.5770e+02, 1.1452e+02
1.5779e+02, 1.5051e+02
1.5785e+02, 1.6992e+02
1.5790e+02, 1.8485e+02
1.5794e+02, 1.9208e+02
1.5799e+02, 1.9543e+02
1.5800e+02, 1.9564e+02
1.5805e+02, 1.9283e+02
1.5810e+02, 1.8474e+02
1.5815e+02, 1.6983e+02
1.5821e+02, 1.5054e+02
1.5831e+02, 1.1246e+02
1.5836e+02, 9.3650e+01
1.5841e+02, 7.6209e+01
1.5845e+02, 6.2217e+01
1.5849e+02, 5.0060e+01
1.5851e+02, 4.4671e+01
1.5854e+02, 3.9769e+01
1.5856e+02, 3.5299e+01
1.5858e+02, 3.1283e+01
1.5860e+02, 2.7664e+01
1.5862e+02, 2.4435e+01
1.5864e+02, 2.1569e+01
1.5867e+02, 1.9049e+01
1.5869e+02, 1.6821e+01
1.5871e+02, 1.4878e+01
1.5873e+02, 1.3173e+01
1.5875e+02, 1.1696e+01
1.5878e+02, 1.0407e+01
1.5880e+02, 9.2906e+00
1.5882e+02, 8.3242e+00
1.5884e+02, 7.4920e+00
1.5886e+02, 6.7689e+00
1.5888e+02, 6.1460e+00
1.5891e+02, 5.6036e+00
1.5893e+02, 5.1348e+00
1.5895e+02, 4.7248e+00
1.5897e+02, 4.3668e+00
1.5901e+02, 3.7781e+00
1.5906e+02, 3.3177e+00
1.5910e+02, 2.9505e+00
1.5915e+02, 2.6510e+00
1.5919e+02, 2.4032e+00
1.5923e+02, 2.1940e+00
1.5928e+02, 2.0148e+00
1.5932e+02, 1.8590e+00
1.5936e+02, 1.7226e+00
1.5945e+02, 1.4947e+00
1.5953e+02, 1.3214e+00
1.5961e+02, 1.1779e+00
1.5970e+02, 1.0578e+00
1.5978e+02, 9.5581e-01
1.5986e+02, 8.6847e-01
1.5994e+02, 7.9293e-01
1.6002e+02, 7.2726e-01
1.6011e+02, 6.6969e-01
1.6019e+02, 6.1889e-01
1.6035e+02, 5.3357e-01
1.6051e+02, 4.6515e-01
1.6068e+02, 4.0938e-01
1.6084e+02, 3.6332e-01
1.6100e+02, 3.2705e-01
1.6115e+02, 2.9612e-01
1.6130e+02, 2.6953e-01
1.6146e+02, 2.4650e-01
1.6161e+02, 2.2643e-01
1.6176e+02, 2.0885e-01
1.6207e+02, 1.7964e-01
1.6238e+02, 1.5641e-01
1.6269e+02, 1.3756e-01
1.6299e+02, 1.2211e-01
1.6330e+02, 1.0931e-01
1.6355e+02, 1.0057e-01
1.6379e+02, 9.2939e-02
1.6428e+02, 8.0301e-02
1.6477e+02, 7.0340e-02
1.6527e+02, 6.2414e-02
1.6580e+02, 5.5478e-02
1.6633e+02, 4.9776e-02
1.6686e+02, 4.5081e-02
1.6740e+02, 4.1176e-02
1.6793e+02, 3.7894e-02
1.6846e+02, 3.5114e-02
1.6899e+02, 3.2739e-02
1.6953e+02, 3.0695e-02
1.7059e+02, 2.7386e-02
1.7166e+02, 2.4917e-02
1.7272e+02, 2.2921e-02
1.7379e+02, 2.1361e-02
1.7542e+02, 1.9570e-02
1.7706e+02, 1.8295e-02
1.7870e+02, 1.7376e-02
1.8034e+02, 1.6776e-02
1.8198e+02, 1.6290e-02
1.8362e+02, 1.6010e-02
1.8689e+02, 1.5761e-02
1.9017e+02, 1.5908e-02
1.9345e+02, 1.6321e-02
2.0000e+02, 1.7722e-02
2.0453e+02, 1.9218e-02
2.0906e+02, 2.1163e-02
2.1358e+02, 2.3638e-02
2.1811e+02, 2.6775e-02
2.2037e+02, 2.8579e-02
2.2264e+02, 3.0682e-02
2.2490e+02, 3.3070e-02
2.2717e+02, 3.5792e-02
2.2943e+02, 3.8911e-02
2.3169e+02, 4.2505e-02
2.3396e+02, 4.6676e-02
2.3622e+02, 5.1555e-02
2.3864e+02, 5.7732e-02
2.4105e+02, 6.5173e-02
2.4346e+02, 7.4245e-02
2.4588e+02, 8.5465e-02
2.4829e+02, 9.9505e-02
2.4950e+02, 1.0789e-01
2.5071e+02, 1.1748e-01
2.5192e+02, 1.2846e-01
2.5312e+02, 1.4109e-01
2.5433e+02, 1.5575e-01
2.5554e+02, 1.7287e-01
2.5682e+02, 1.9445e-01
2.5810e+02, 2.2045e-01
2.5939e+02, 2.5216e-01
2.6067e+02, 2.9140e-01
2.6195e+02, 3.4077e-01
2.6259e+02, 3.6993e-01
2.6323e+02, 4.0289e-01
2.6388e+02, 4.4117e-01
2.6452e+02, 4.8531e-01
2.6516e+02, 5.3651e-01
2.6580e+02, 5.9637e-01
2.6652e+02, 6.7603e-01
2.6688e+02, 7.2181e-01
2.6723e+02, 7.7229e-01
2.6759e+02, 8.2852e-01
2.6777e+02, 8.5904e-01
2.6795e+02, 8.9132e-01
2.6813e+02, 9.2551e-01
2.6831e+02, 9.6173e-01
2.6849e+02, 1.0001e+00
2.6867e+02, 1.0409e+00
2.6880e+02, 1.0738e+00
2.6894e+02, 1.1082e+00
2.6908e+02, 1.1443e+00
2.6921e+02, 1.1823e+00
2.6930e+02, 1.2082e+00
2.6939e+02, 1.2350e+00
2.6957e+02, 1.2913e+00
2.6972e+02, 1.3418e+00
2.6988e+02, 1.3954e+00
2.7003e+02, 1.4522e+00
2.7018e+02, 1.5125e+00
2.7033e+02, 1.5768e+00
2.7040e+02, 1.6105e+00
2.7048e+02, 1.6453e+00
2.7055e+02, 1.6813e+00
2.7063e+02, 1.7184e+00
2.7078e+02, 1.7965e+00
2.7088e+02, 1.8534e+00
2.7099e+02, 1.9130e+00
2.7109e+02, 1.9757e+00
2.7120e+02, 2.0413e+00
2.7130e+02, 2.1105e+00
2.7140e+02, 2.1831e+00
2.7151e+02, 2.2596e+00
2.7161e+02, 2.3402e+00
2.7171e+02, 2.4253e+00
2.7182e+02, 2.5151e+00
2.7192e+02, 2.6101e+00
2.7203e+02, 2.7105e+00
2.7213e+02, 2.8170e+00
2.7223e+02, 2.9298e+00
2.7234e+02, 3.0497e+00
2.7244e+02, 3.1771e+00
2.7265e+02, 3.4575e+00
2.7286e+02, 3.7769e+00
2.7306e+02, 4.1432e+00
2.7317e+02, 4.3469e+00
2.7327e+02, 4.5660e+00
2.7337e+02, 4.8025e+00
2.7348e+02, 5.0581e+00
2.7358e+02, 5.3348e+00
2.7369e+02, 5.6348e+00
2.7379e+02, 5.9616e+00
2.7389e+02, 6.3175e+00
2.7400e+02, 6.7072e+00
2.7410e+02, 7.1341e+00
2.7427e+02, 7.9281e+00
2.7444e+02, 8.8644e+00
2.7461e+02, 9.9796e+00
2.7470e+02, 1.0619e+01
2.7478e+02, 1.1322e+01
2.7486e+02, 1.2100e+01
2.7495e+02, 1.2962e+01
2.7503e+02, 1.3923e+01
2.7512e+02, 1.4997e+01
2.7520e+02, 1.6204e+01
2.7529e+02, 1.7569e+01
2.7537e+02, 1.9120e+01
2.7546e+02, 2.0894e+01
2.7556e+02, 2.3440e+01
2.7567e+02, 2.6510e+01
2.7577e+02, 3.0268e+01
2.7582e+02, 3.2475e+01
2.7587e+02, 3.4946e+01
2.7593e+02, 3.7738e+01
2.7598e+02, 4.0905e+01
2.7603e+02, 4.4519e+01
2.7608e+02, 4.8662e+01
2.7613e+02, 5.3458e+01
2.7619e+02, 5.9034e+01
2.7624e+02, 6.5553e+01
2.7629e+02, 7.3195e+01
2.7632e+02, 7.9186e+01
2.7636e+02, 8.5898e+01
2.7640e+02, 9.3421e+01
2.7643e+02, 1.0183e+02
2.7647e+02, 1.1128e+02
2.7650e+02, 1.2186e+02
2.7654e+02, 1.3369e+02
2.7657e+02, 1.4685e+02
2.7661e+02, 1.6152e+02
2.7664e+02, 1.7778e+02
2.7668e+02, 1.9574e+02
2.7671e+02, 2.1541e+02
2.7678e+02, 2.6035e+02
2.7686e+02, 3.1271e+02
2.7691e+02, 3.5559e+02
2.7696e+02, 4.0172e+02
2.7706e+02, 5.0035e+02
2.7717e+02, 5.9962e+02
2.7727e+02, 6.8732e+02
2.7733e+02, 7.2614e+02
2.7738e+02, 7.5541e+02
2.7744e+02, 7.7357e+02
2.7750e+02, 7.7962e+02
2.7755e+02, 7.7546e+02
2.7759e+02, 7.6344e+02
2.7768e+02, 7.1779e+02
2.7778e+02, 6.4884e+02
2.7787e+02, 5.6520e+02
2.7806e+02, 3.8355e+02
2.7816e+02, 3.0357e+02
2.7820e+02, 2.6821e+02
2.7825e+02, 2.3629e+02
2.7830e+02, 2.0895e+02
2.7834e+02, 1.8462e+02
2.7839e+02, 1.6314e+02
2.7843e+02, 1.4435e+02
2.7848e+02, 1.2794e+02
2.7852e+02, 1.1370e+02
2.7857e+02, 1.0138e+02
2.7862e+02, 9.0761e+01
2.7866e+02, 8.1573e+01
2.7871e+02, 7.3636e+01
2.7875e+02, 6.6768e+01
2.7880e+02, 6.0822e+01
2.7884e+02, 5.5634e+01
2.7889e+02, 5.1108e+01
2.7898e+02, 4.3621e+01
2.7907e+02, 3.7988e+01
2.7915e+02, 3.3435e+01
2.7924e+02, 2.9696e+01
2.7933e+02, 2.6579e+01
2.7941e+02, 2.3949e+01
2.7950e+02, 2.1705e+01
2.7959e+02, 1.9772e+01
2.7967e+02, 1.8093e+01
2.7976e+02, 1.6624e+01
2.7985e+02, 1.5331e+01
2.8002e+02, 1.3167e+01
2.8020e+02, 1.1438e+01
2.8037e+02, 1.0033e+01
2.8053e+02, 8.9284e+00
2.8070e+02, 8.0002e+00
2.8086e+02, 7.2115e+00
2.8103e+02, 6.5348e+00
2.8119e+02, 5.9489e+00
2.8136e+02, 5.4385e+00
2.8152e+02, 4.9908e+00
2.8169e+02, 4.5961e+00
2.8202e+02, 3.9353e+00
2.8235e+02, 3.4079e+00
2.8268e+02, 2.9799e+00
2.8301e+02, 2.6280e+00
2.8330e+02, 2.3634e+00
2.8360e+02, 2.1369e+00
2.8389e+02, 1.9417e+00
2.8419e+02, 1.7726e+00
2.8448e+02, 1.6251e+00
2.8478e+02, 1.4953e+00
2.8537e+02, 1.2770e+00
2.8596e+02, 1.1027e+00
2.8655e+02, 9.6186e-01
2.8714e+02, 8.4629e-01
2.8773e+02, 7.5031e-01
2.8829e+02, 6.7410e-01
2.8884e+02, 6.0891e-01
2.8940e+02, 5.5271e-01
2.8995e+02, 5.0392e-01
2.9051e+02, 4.6131e-01
2.9106e+02, 4.2424e-01
2.9217e+02, 3.6206e-01
2.9328e+02, 3.1220e-01
2.9440e+02, 2.7194e-01
2.9551e+02, 2.3895e-01
2.9662e+02, 2.1160e-01
2.9766e+02, 1.8999e-01
2.9870e+02, 1.7151e-01
2.9974e+02, 1.5559e-01
3.0078e+02, 1.4177e-01
3.0183e+02, 1.2971e-01
3.0287e+02, 1.1911e-01
3.0391e+02, 1.0976e-01
3.0495e+02, 1.0168e-01
3.0703e+02, 8.7561e-02
3.0912e+02, 7.6183e-02
3.1120e+02, 6.6886e-02
3.1328e+02, 5.9193e-02
3.1523e+02, 5.3161e-02
3.1717e+02, 4.8012e-02
3.1912e+02, 4.3569e-02
3.2106e+02, 3.9705e-02
3.2301e+02, 3.6326e-02
3.2495e+02, 3.3357e-02
3.2884e+02, 2.8425e-02
3.3078e+02, 2.6372e-02
3.3273e+02, 2.4620e-02
3.3662e+02, 2.1439e-02
3.4050e+02, 1.8844e-02
3.4439e+02, 1.6716e-02
3.5050e+02, 1.4097e-02
3.5356e+02, 1.2995e-02
3.5661e+02, 1.2062e-02
3.6273e+02, 1.0481e-02
3.6884e+02, 9.2668e-03
3.7495e+02, 8.3131e-03
3.8106e+02, 7.6210e-03
3.8411e+02, 7.3580e-03
3.8717e+02, 7.1822e-03
3.9022e+02, 7.0775e-03
3.9328e+02, 7.0525e-03
3.9550e+02, 7.1300e-03
3.9772e+02, 7.3082e-03
3.9994e+02, 7.6254e-03
4.0217e+02, 8.1494e-03
4.0439e+02, 9.0017e-03
4.0661e+02, 1.0389e-02
4.0772e+02, 1.1412e-02
4.0883e+02, 1.2802e-02
4.0994e+02, 1.4713e-02
4.1106e+02, 1.7376e-02
4.1168e+02, 1.9373e-02
4.1231e+02, 2.1925e-02
4.1293e+02, 2.5211e-02
4.1356e+02, 2.9535e-02
4.1418e+02, 3.5374e-02
4.1449e+02, 3.9077e-02
4.1481e+02, 4.3469e-02
4.1512e+02, 4.8754e-02
4.1543e+02, 5.5226e-02
4.1574e+02, 6.3273e-02
4.1606e+02, 7.3427e-02
4.1630e+02, 8.3280e-02
4.1654e+02, 9.5416e-02
4.1678e+02, 1.1064e-01
4.1703e+02, 1.3014e-01
4.1715e+02, 1.4205e-01
4.1727e+02, 1.5579e-01
4.1739e+02, 1.7180e-01
4.1751e+02, 1.9064e-01
4.1763e+02, 2.1306e-01
4.1776e+02, 2.4016e-01
4.1788e+02, 2.7361e-01
4.1800e+02, 3.1618e-01
4.1806e+02, 3.4034e-01
4.1811e+02, 3.6821e-01
4.1817e+02, 4.0087e-01
4.1823e+02, 4.3977e-01
4.1828e+02, 4.8697e-01
4.1834e+02, 5.4503e-01
4.1839e+02, 6.1773e-01
4.1845e+02, 7.1009e-01
4.1851e+02, 8.2900e-01
4.1854e+02, 9.0088e-01
4.1856e+02, 9.8281e-01
4.1859e+02, 1.0763e+00
4.1862e+02, 1.1830e+00
4.1865e+02, 1.3048e+00
4.1868e+02, 1.4438e+00
4.1870e+02, 1.6023e+00
4.1873e+02, 1.7829e+00
4.1876e+02, 1.9883e+00
4.1879e+02, 2.2215e+00
4.1882e+02, 2.4857e+00
4.1885e+02, 2.7844e+00
4.1887e+02, 3.1212e+00
4.1890e+02, 3.4999e+00
4.1893e+02, 3.9950e+00
4.1897e+02, 4.5558e+00
4.1900e+02, 5.1919e+00
4.1903e+02, 5.9055e+00
4.1906e+02, 6.7070e+00
4.1910e+02, 7.5969e+00
4.1913e+02, 8.5857e+00
4.1916e+02, 9.6713e+00
4.1923e+02, 1.2157e+01
4.1929e+02, 1.5061e+01
4.1936e+02, 1.8365e+01
4.1942e+02, 2.2017e+01
4.1956e+02, 3.0525e+01
4.1970e+02, 3.8820e+01
4.1977e+02, 4.2537e+01
4.1985e+02, 4.5431e+01
4.1990e+02, 4.6763e+01
4.1994e+02, 4.7618e+01
4.2000e+02, 4.7975e+01
4.2005e+02, 4.7710e+01
4.2010e+02, 4.6935e+01
4.2015e+02, 4.5487e+01
4.2020e+02, 4.3487e+01
4.2030e+02, 3.8979e+01
4.2039e+02, 3.3574e+01
4.2055e+02, 2.3338e+01
4.2064e+02, 1.8612e+01
4.2072e+02, 1.4444e+01
4.2076e+02, 1.2707e+01
4.2080e+02, 1.1116e+01
4.2084e+02, 9.6795e+00
4.2088e+02, 8.3873e+00
4.2092e+02, 7.2407e+00
4.2095e+02, 6.2287e+00
4.2099e+02, 5.3423e+00
4.2102e+02, 4.7990e+00
4.2105e+02, 4.3091e+00
4.2107e+02, 3.8654e+00
4.2110e+02, 3.4678e+00
4.2113e+02, 3.1099e+00
4.2115e+02, 2.7909e+00
4.2118e+02, 2.5052e+00
4.2121e+02, 2.2518e+00
4.2124e+02, 2.0259e+00
4.2126e+02, 1.8264e+00
4.2129e+02, 1.6491e+00
4.2132e+02, 1.4929e+00
4.2134e+02, 1.3545e+00
4.2137e+02, 1.2329e+00
4.2140e+02, 1.1256e+00
4.2142e+02, 1.0309e+00
4.2145e+02, 9.4709e-01
4.2148e+02, 8.7339e-01
4.2153e+02, 7.5041e-01
4.2158e+02, 6.5379e-01
4.2164e+02, 5.7731e-01
4.2169e+02, 5.1580e-01
4.2175e+02, 4.6577e-01
4.2180e+02, 4.2444e-01
4.2185e+02, 3.8983e-01
4.2191e+02, 3.5662e-01
4.2197e+02, 3.2846e-01
4.2210e+02, 2.8301e-01
4.2222e+02, 2.4764e-01
4.2234e+02, 2.1920e-01
4.2246e+02, 1.9575e-01
4.2258e+02, 1.7612e-01
4.2271e+02, 1.5947e-01
4.2283e+02, 1.4522e-01
4.2307e+02, 1.2216e-01
4.2332e+02, 1.0444e-01
4.2356e+02, 9.0487e-02
4.2380e+02, 7.9273e-02
4.2412e+02, 6.7842e-02
4.2443e+02, 5.8834e-02
4.2474e+02, 5.1613e-02
4.2505e+02, 4.5736e-02
4.2537e+02, 4.0898e-02
4.2568e+02, 3.6869e-02
4.2630e+02, 3.0553e-02
4.2693e+02, 2.5845e-02
4.2755e+02, 2.2262e-02
4.2818e+02, 1.9479e-02
4.2880e+02, 1.7299e-02
4.3013e+02, 1.3903e-02
4.3145e+02, 1.1575e-02
4.3278e+02, 9.9286e-03
4.3411e+02, 8.7173e-03
4.3544e+02, 7.8209e-03
4.3676e+02, 7.1196e-03
4.3942e+02, 6.0594e-03
4.4207e+02, 5.3411e-03
4.4473e+02, 4.8259e-03
4.4738e+02, 4.4397e-03
4.5004e+02, 4.1412e-03
4.5628e+02, 3.6500e-03
4.6253e+02, 3.3229e-03
4.6877e+02, 3.0898e-03
4.7502e+02, 2.9318e-03
4.8126e+02, 2.7973e-03
4.8751e+02, 2.7075e-03
5.0000e+02, 2.5925e-03
5.1036e+02, 2.5648e-03
5.2073e+02, 2.5898e-03
5.3109e+02, 2.6694e-03
5.4146e+02, 2.8112e-03
5.5182e+02, 3.0296e-03
5.6219e+02, 3.3479e-03
5.7255e+02, 3.8064e-03
5.7773e+02, 4.1082e-03
5.8292e+02, 4.4736e-03
5.8810e+02, 4.9195e-03
5.9328e+02, 5.4688e-03
5.9781e+02, 6.0622e-03
6.0235e+02, 6.7947e-03
6.0688e+02, 7.7060e-03
6.1142e+02, 8.8110e-03
6.1595e+02, 1.0271e-02
6.2049e+02, 1.2192e-02
6.2275e+02, 1.3384e-02
6.2502e+02, 1.4776e-02
6.2729e+02, 1.6417e-02
6.2955e+02, 1.8375e-02
6.3166e+02, 2.0562e-02
6.3377e+02, 2.3204e-02
6.3587e+02, 2.6320e-02
6.3798e+02, 3.0240e-02
6.4008e+02, 3.5151e-02
6.4113e+02, 3.8087e-02
6.4219e+02, 4.1421e-02
6.4324e+02, 4.5230e-02
6.4429e+02, 4.9604e-02
6.4534e+02, 5.4663e-02
6.4640e+02, 6.0560e-02
6.4753e+02, 6.8077e-02
6.4866e+02, 7.7124e-02
6.4980e+02, 8.8106e-02
6.5093e+02, 1.0150e-01
6.5206e+02, 1.1848e-01
6.5263e+02, 1.2865e-01
6.5320e+02, 1.4021e-01
6.5377e+02, 1.5343e-01
6.5433e+02, 1.6863e-01
6.5490e+02, 1.8625e-01
6.5547e+02, 2.0681e-01
6.5607e+02, 2.3292e-01
6.5668e+02, 2.6437e-01
6.5729e+02, 3.0268e-01
6.5789e+02, 3.4983e-01
6.5850e+02, 4.0903e-01
6.5881e+02, 4.4462e-01
6.5911e+02, 4.8519e-01
6.5941e+02, 5.3171e-01
6.5972e+02, 5.8535e-01
6.6002e+02, 6.4767e-01
6.6032e+02, 7.2059e-01
6.6057e+02, 7.8979e-01
6.6082e+02, 8.6956e-01
6.6107e+02, 9.6220e-01
6.6132e+02, 1.0707e+00
6.6144e+02, 1.1321e+00
6.6156e+02, 1.1991e+00
6.6169e+02, 1.2724e+00
6.6181e+02, 1.3528e+00
6.6194e+02, 1.4413e+00
6.6206e+02, 1.5390e+00
6.6218e+02, 1.6474e+00
6.6231e+02, 1.7680e+00
6.6238e+02, 1.8433e+00
6.6245e+02, 1.9237e+00
6.6255e+02, 2.0418e+00
6.6264e+02, 2.1715e+00
6.6274e+02, 2.3147e+00
6.6283e+02, 2.4731e+00
6.6289e+02, 2.5729e+00
6.6295e+02, 2.6793e+00
6.6300e+02, 2.7927e+00
6.6306e+02, 2.9139e+00
6.6311e+02, 3.0439e+00
6.6317e+02, 3.1832e+00
6.6322e+02, 3.3335e+00
6.6328e+02, 3.4954e+00
6.6334e+02, 3.6710e+00
6.6339e+02, 3.8618e+00
6.6345e+02, 4.0697e+00
6.6350e+02, 4.2968e+00
6.6356e+02, 4.5469e+00
6.6361e+02, 4.8226e+00
6.6367e+02, 5.1292e+00
6.6372e+02, 5.4708e+00
6.6378e+02, 5.8550e+00
6.6384e+02, 6.2888e+00
6.6389e+02, 6.7818e+00
6.6395e+02, 7.3443e+00
6.6400e+02, 7.9919e+00
6.6406e+02, 8.7389e+00
6.6411e+02, 9.6077e+00
6.6417e+02, 1.0619e+01
6.6423e+02, 1.1803e+01
6.6428e+02, 1.3190e+01
6.6434e+02, 1.4818e+01
6.6439e+02, 1.6725e+01
6.6445e+02, 1.8963e+01
6.6450e+02, 2.1576e+01
6.6456e+02, 2.4629e+01
6.6462e+02, 2.8169e+01
6.6467e+02, 3.2269e+01
6.6473e+02, 3.6982e+01
6.6478e+02, 4.2367e+01
6.6484e+02, 4.8462e+01
6.6489e+02, 5.5334e+01
6.6495e+02, 6.3002e+01
6.6501e+02, 7.1481e+01
6.6506e+02, 8.0750e+01
6.6512e+02, 9.0813e+01
6.6517e+02, 1.0160e+02
6.6528e+02, 1.2495e+02
6.6551e+02, 1.7469e+02
6.6562e+02, 1.9781e+02
6.6573e+02, 2.1720e+02
6.6585e+02, 2.3236e+02
6.6598e+02, 2.3872e+02
6.6600e+02, 2.3886e+02
6.6607e+02, 2.3750e+02
6.6613e+02, 2.3354e+02
6.6620e+02, 2.2710e+02
6.6626e+02, 2.1841e+02
6.6640e+02, 1.9416e+02
6.6654e+02, 1.6471e+02
6.6679e+02, 1.0892e+02
6.6692e+02, 8.4461e+01
6.6698e+02, 7.3659e+01
6.6704e+02, 6.3886e+01
6.6710e+02, 5.5521e+01
6.6716e+02, 4.8091e+01
6.6723e+02, 4.1557e+01
6.6729e+02, 3.5871e+01
6.6735e+02, 3.0947e+01
6.6741e+02, 2.6728e+01
6.6747e+02, 2.3124e+01
6.6753e+02, 2.0071e+01
6.6759e+02, 1.7486e+01
6.6765e+02, 1.5309e+01
6.6771e+02, 1.3477e+01
6.6777e+02, 1.1938e+01
6.6783e+02, 1.0641e+01
6.6789e+02, 9.5470e+00
6.6795e+02, 8.6189e+00
6.6801e+02, 7.8301e+00
6.6807e+02, 7.1840e+00
6.6812e+02, 6.6237e+00
6.6824e+02, 5.7054e+00
6.6835e+02, 4.9885e+00
6.6847e+02, 4.4152e+00
6.6858e+02, 3.9459e+00
6.6870e+02, 3.5548e+00
6.6881e+02, 3.2238e+00
6.6893e+02, 2.9403e+00
6.6904e+02, 2.6945e+00
6.6916e+02, 2.4799e+00
6.6939e+02, 2.1238e+00
6.6962e+02, 1.8416e+00
6.6985e+02, 1.6138e+00
6.7006e+02, 1.4440e+00
6.7026e+02, 1.3004e+00
6.7047e+02, 1.1779e+00
6.7068e+02, 1.0724e+00
6.7088e+02, 9.8086e-01
6.7109e+02, 9.0088e-01
6.7150e+02, 7.6833e-01
6.7192e+02, 6.6388e-01
6.7233e+02, 5.8035e-01
6.7275e+02, 5.1279e-01
6.7316e+02, 4.5772e-01
6.7348e+02, 4.2195e-01
6.7380e+02, 3.9147e-01
6.7413e+02, 3.6575e-01
6.7445e+02, 3.4455e-01
6.7477e+02, 3.2793e-01
6.7509e+02, 3.1652e-01
6.7541e+02, 3.1216e-01
6.7558e+02, 3.1423e-01
6.7574e+02, 3.2141e-01
6.7591e+02, 3.3964e-01
6.7599e+02, 3.5592e-01
6.7608e+02, 3.7981e-01
6.7617e+02, 4.1470e-01
6.7625e+02, 4.6509e-01
6.7634e+02, 5.3714e-01
6.7638e+02, 5.8370e-01
6.7643e+02, 6.3881e-01
6.7647e+02, 7.0395e-01
6.7651e+02, 7.8023e-01
6.7656e+02, 8.6936e-01
6.7660e+02, 9.7298e-01
6.7664e+02, 1.0928e+00
6.7668e+02, 1.2307e+00
6.7673e+02, 1.3884e+00
6.7677e+02, 1.5678e+00
6.7681e+02, 1.7710e+00
6.7686e+02, 1.9989e+00
6.7690e+02, 2.2533e+00
6.7694e+02, 2.5354e+00
6.7699e+02, 2.8461e+00
6.7703e+02, 3.1860e+00
6.7712e+02, 3.9529e+00
6.7721e+02, 4.8925e+00
6.7730e+02, 5.9371e+00
6.7748e+02, 8.1884e+00
6.7761e+02, 9.6784e+00
6.7774e+02, 1.0926e+01
6.7780e+02, 1.1408e+01
6.7786e+02, 1.1771e+01
6.7794e+02, 1.2043e+01
6.7800e+02, 1.2098e+01
6.7809e+02, 1.1936e+01
6.7820e+02, 1.1410e+01
6.7830e+02, 1.0614e+01
6.7839e+02, 9.5971e+00
6.7860e+02, 7.1020e+00
6.7870e+02, 5.8467e+00
6.7881e+02, 4.6824e+00
6.7888e+02, 3.9196e+00
6.7896e+02, 3.2402e+00
6.7903e+02, 2.6487e+00
6.7911e+02, 2.1447e+00
6.7915e+02, 1.9240e+00
6.7918e+02, 1.7238e+00
6.7922e+02, 1.5422e+00
6.7926e+02, 1.3790e+00
6.7930e+02, 1.2322e+00
6.7933e+02, 1.1015e+00
6.7937e+02, 9.8510e-01
6.7941e+02, 8.8195e-01
6.7945e+02, 7.9062e-01
6.7948e+02, 7.1045e-01
6.7956e+02, 5.7837e-01
6.7963e+02, 4.7775e-01
6.7971e+02, 4.0169e-01
6.7978e+02, 3.4448e-01
6.7986e+02, 3.0148e-01
6.7993e+02, 2.6903e-01
6.8001e+02, 2.4437e-01
6.8015e+02, 2.1122e-01
6.8030e+02, 1.8972e-01
6.8045e+02, 1.7455e-01
6.8059e+02, 1.6300e-01
6.8088e+02, 1.4588e-01
6.8117e+02, 1.3327e-01
6.8146e+02, 1.2335e-01
6.8175e+02, 1.1521e-01
6.8234e+02, 1.0238e-01
6.8292e+02, 9.2468e-02
6.8350e+02, 8.4437e-02
6.8408e+02, 7.7726e-02
6.8466e+02, 7.1997e-02
6.8545e+02, 6.5442e-02
6.8624e+02, 5.9865e-02
6.8703e+02, 5.5022e-02
6.8782e+02, 5.0801e-02
6.8939e+02, 4.3806e-02
6.9097e+02, 3.8248e-02
6.9255e+02, 3.3737e-02
6.9412e+02, 3.0018e-02
6.9570e+02, 2.6910e-02
6.9728e+02, 2.4300e-02
6.9893e+02, 2.1997e-02
7.0058e+02, 1.9990e-02
7.0223e+02, 1.8251e-02
7.0389e+02, 1.6766e-02
7.0719e+02, 1.4317e-02
7.1049e+02, 1.2432e-02
7.1380e+02, 1.0941e-02
7.1710e+02, 9.7655e-03
7.2040e+02, 8.8335e-03
7.2371e+02, 8.0986e-03
7.2851e+02, 7.3500e-03
7.3332e+02, 6.9882e-03
7.3692e+02, 7.0701e-03
7.4053e+02, 7.6793e-03
7.4233e+02, 8.3734e-03
7.4413e+02, 9.4962e-03
7.4593e+02, 1.1562e-02
7.4683e+02, 1.3203e-02
7.4774e+02, 1.5487e-02
7.4834e+02, 1.7585e-02
7.4894e+02, 2.0414e-02
7.4954e+02, 2.4308e-02
7.5014e+02, 2.9828e-02
7.5074e+02, 3.8023e-02
7.5104e+02, 4.3747e-02
7.5134e+02, 5.1142e-02
7.5164e+02, 6.0965e-02
7.5194e+02, 7.4492e-02
7.5224e+02, 9.4323e-02
7.5239e+02, 1.0841e-01
7.5254e+02, 1.2750e-01
7.5271e+02, 1.5968e-01
7.5279e+02, 1.8295e-01
7.5288e+02, 2.1370e-01
7.5296e+02, 2.5514e-01
7.5305e+02, 3.1162e-01
7.5313e+02, 3.8905e-01
7.5322e+02, 4.9512e-01
7.5326e+02, 5.6215e-01
7.5330e+02, 6.4018e-01
7.5334e+02, 7.3124e-01
7.5339e+02, 8.3670e-01
7.5343e+02, 9.5906e-01
7.5347e+02, 1.0998e+00
7.5351e+02, 1.2616e+00
7.5355e+02, 1.4466e+00
7.5360e+02, 1.6580e+00
7.5364e+02, 1.8972e+00
7.5368e+02, 2.1679e+00
7.5372e+02, 2.4712e+00
7.5377e+02, 2.8109e+00
7.5381e+02, 3.1877e+00
7.5385e+02, 3.6042e+00
7.5389e+02, 4.0620e+00
7.5396e+02, 4.9204e+00
7.5403e+02, 5.8989e+00
7.5410e+02, 6.9945e+00
7.5417e+02, 8.1984e+00
7.5431e+02, 1.0863e+01
7.5446e+02, 1.3690e+01
7.5458e+02, 1.6042e+01
7.5470e+02, 1.8068e+01
7.5477e+02, 1.9059e+01
7.5485e+02, 1.9800e+01
7.5495e+02, 2.0345e+01
7.5500e+02, 2.0411e+01
7.5508e+02, 2.0216e+01
7.5518e+02, 1.9535e+01
7.5525e+02, 1.8690e+01
7.5533e+02, 1.7613e+01
7.5544e+02, 1.5726e+01
7.5555e+02, 1.3607e+01
7.5566e+02, 1.1412e+01
7.5571e+02, 1.0334e+01
7.5581e+02, 8.5293e+00
7.5590e+02, 6.8871e+00
7.5600e+02, 5.4453e+00
7.5605e+02, 4.8051e+00
7.5609e+02, 4.2215e+00
7.5614e+02, 3.6912e+00
7.5619e+02, 3.2150e+00
7.5624e+02, 2.7887e+00
7.5628e+02, 2.4114e+00
7.5633e+02, 2.0782e+00
7.5638e+02, 1.7871e+00
7.5643e+02, 1.5333e+00
7.5648e+02, 1.3142e+00
7.5651e+02, 1.1569e+00
7.5655e+02, 1.0188e+00
7.5659e+02, 8.9727e-01
7.5663e+02, 7.9127e-01
7.5667e+02, 6.9859e-01
7.5671e+02, 6.1817e-01
7.5679e+02, 4.8785e-01
7.5687e+02, 3.9016e-01
7.5695e+02, 3.1737e-01
7.5702e+02, 2.6298e-01
7.5710e+02, 2.2224e-01
7.5718e+02, 1.9136e-01
7.5726e+02, 1.6770e-01
7.5742e+02, 1.3448e-01
7.5757e+02, 1.1253e-01
7.5773e+02, 9.6816e-02
7.5789e+02, 8.4837e-02
7.5804e+02, 7.5308e-02
7.5836e+02, 6.0982e-02
7.5867e+02, 5.0719e-02
7.5899e+02, 4.3042e-02
7.5959e+02, 3.2829e-02
7.6019e+02, 2.6194e-02
7.6079e+02, 2.1623e-02
7.6139e+02, 1.8287e-02
7.6259e+02, 1.3843e-02
7.6379e+02, 1.1155e-02
7.6499e+02, 9.4013e-03
7.6619e+02, 8.1243e-03
7.6859e+02, 6.5213e-03
7.7099e+02, 5.6392e-03
7.7339e+02, 5.0011e-03
7.7820e+02, 4.3354e-03
7.8300e+02, 4.0571e-03
7.8649e+02, 4.0433e-03
7.9042e+02, 4.2388e-03
7.9435e+02, 4.8040e-03
7.9632e+02, 5.3014e-03
7.9828e+02, 6.0692e-03
8.0025e+02, 7.3997e-03
8.0221e+02, 9.7353e-03
8.0374e+02, 1.3077e-02
8.0450e+02, 1.5775e-02
8.0527e+02, 1.9649e-02
8.0603e+02, 2.5520e-02
8.0641e+02, 2.9732e-02
8.0680e+02, 3.5282e-02
8.0718e+02, 4.2793e-02
8.0756e+02, 5.3352e-02
8.0794e+02, 6.9131e-02
8.0813e+02, 8.0418e-02
8.0832e+02, 9.5775e-02
8.0853e+02, 1.2060e-01
8.0863e+02, 1.3887e-01
8.0873e+02, 1.6367e-01
8.0884e+02, 1.9842e-01
8.0894e+02, 2.4803e-01
8.0904e+02, 3.1979e-01
8.0909e+02, 3.6710e-01
8.0914e+02, 4.2394e-01
8.0919e+02, 4.9240e-01
8.0925e+02, 5.7450e-01
8.0930e+02, 6.7262e-01
8.0935e+02, 7.8921e-01
8.0940e+02, 9.2762e-01
8.0945e+02, 1.0905e+00
8.0950e+02, 1.2819e+00
8.0955e+02, 1.5045e+00
8.0960e+02, 1.7629e+00
8.0965e+02, 2.0602e+00
8.0971e+02, 2.4001e+00
8.0976e+02, 2.7849e+00
8.0981e+02, 3.2192e+00
8.0986e+02, 3.7034e+00
8.0991e+02, 4.2412e+00
8.0996e+02, 4.8313e+00
8.1002e+02, 5.6102e+00
8.1008e+02, 6.4628e+00
8.1021e+02, 8.3638e+00
8.1045e+02, 1.2601e+01
8.1058e+02, 1.4746e+01
8.1071e+02, 1.6549e+01
8.1079e+02, 1.7355e+01
8.1086e+02, 1.7943e+01
8.1094e+02, 1.8288e+01
8.1100e+02, 1.8380e+01
8.1109e+02, 1.8194e+01
8.1119e+02, 1.7578e+01
8.1128e+02, 1.6672e+01
8.1137e+02, 1.5495e+01
8.1147e+02, 1.3847e+01
8.1158e+02, 1.2034e+01
8.1171e+02, 9.7506e+00
8.1178e+02, 8.6439e+00
8.1190e+02, 6.7158e+00
8.1196e+02, 5.8456e+00
8.1202e+02, 5.0475e+00
8.1208e+02, 4.3248e+00
8.1214e+02, 3.6787e+00
8.1220e+02, 3.1077e+00
8.1227e+02, 2.6096e+00
8.1233e+02, 2.1785e+00
8.1239e+02, 1.8099e+00
8.1245e+02, 1.4979e+00
8.1251e+02, 1.2363e+00
8.1257e+02, 1.0188e+00
8.1263e+02, 8.3955e-01
8.1270e+02, 6.9290e-01
8.1276e+02, 5.7391e-01
8.1280e+02, 4.9823e-01
8.1285e+02, 4.3415e-01
8.1294e+02, 3.3431e-01
8.1304e+02, 2.6334e-01
8.1313e+02, 2.1287e-01
8.1323e+02, 1.7662e-01
8.1332e+02, 1.5022e-01
8.1341e+02, 1.3056e-01
8.1351e+02, 1.1554e-01
8.1370e+02, 9.4151e-02
8.1388e+02, 7.9476e-02
8.1407e+02, 6.8568e-02
8.1426e+02, 6.0052e-02
8.1464e+02, 4.7550e-02
8.1501e+02, 3.8855e-02
8.1539e+02, 3.2507e-02
8.1576e+02, 2.7702e-02
8.1648e+02, 2.1252e-02
8.1720e+02, 1.7040e-02
8.1792e+02, 1.4134e-02
8.1864e+02, 1.1998e-02
8.2008e+02, 9.1551e-03
8.2152e+02, 7.4401e-03
8.2322e+02, 6.1590e-03
8.2492e+02, 5.2950e-03
8.2832e+02, 4.2928e-03
8.3172e+02, 3.7459e-03
8.3511e+02, 3.4301e-03
8.4191e+02, 3.1123e-03
8.4871e+02, 3.0086e-03
8.5603e+02, 3.0375e-03
8.6336e+02, 3.1404e-03
8.7068e+02, 3.3202e-03
8.7800e+02, 3.5800e-03
8.9003e+02, 4.2198e-03
8.9604e+02, 4.6724e-03
9.0206e+02, 5.2418e-03
9.0807e+02, 5.9720e-03
9.1409e+02, 6.9304e-03
9.2010e+02, 8.2058e-03
9.2612e+02, 1.0007e-02
9.2991e+02, 1.1626e-02
9.3180e+02, 1.2676e-02
9.3370e+02, 1.3990e-02
9.3560e+02, 1.5701e-02
9.3749e+02, 1.8290e-02
9.3844e+02, 2.0223e-02
9.3939e+02, 2.3003e-02
9.4033e+02, 2.7359e-02
9.4081e+02, 3.0638e-02
9.4128e+02, 3.5330e-02
9.4181e+02, 4.3630e-02
9.4207e+02, 5.0296e-02
9.4233e+02, 6.0976e-02
9.4246e+02, 6.9382e-02
9.4259e+02, 8.1588e-02
9.4272e+02, 1.0005e-01
9.4285e+02, 1.2862e-01
9.4298e+02, 1.7331e-01
9.4305e+02, 2.0427e-01
9.4311e+02, 2.4270e-01
9.4318e+02, 2.9030e-01
9.4324e+02, 3.4884e-01
9.4331e+02, 4.2033e-01
9.4337e+02, 5.0682e-01
9.4344e+02, 6.1094e-01
9.4351e+02, 7.3497e-01
9.4357e+02, 8.8134e-01
9.4364e+02, 1.0521e+00
9.4370e+02, 1.2498e+00
9.4377e+02, 1.4759e+00
9.4383e+02, 1.7316e+00
9.4390e+02, 2.0170e+00
9.4396e+02, 2.3326e+00
9.4403e+02, 2.6766e+00
9.4416e+02, 3.4384e+00
9.4442e+02, 5.1188e+00
9.4458e+02, 6.0585e+00
9.4473e+02, 6.8092e+00
9.4486e+02, 7.2144e+00
9.4495e+02, 7.3459e+00
9.4500e+02, 7.3651e+00
9.4509e+02, 7.2935e+00
9.4520e+02, 7.0554e+00
9.4532e+02, 6.6039e+00
9.4543e+02, 5.9982e+00
9.4559e+02, 5.0782e+00
9.4566e+02, 4.5891e+00
9.4589e+02, 3.1567e+00
9.4600e+02, 2.5207e+00
9.4611e+02, 1.9661e+00
9.4621e+02, 1.5532e+00
9.4626e+02, 1.3725e+00
9.4631e+02, 1.2089e+00
9.4636e+02, 1.0611e+00
9.4641e+02, 9.2897e-01
9.4646e+02, 8.1101e-01
9.4651e+02, 7.0677e-01
9.4656e+02, 6.1479e-01
9.4661e+02, 5.3440e-01
9.4671e+02, 4.0349e-01
9.4681e+02, 3.0595e-01
9.4691e+02, 2.3447e-01
9.4701e+02, 1.8277e-01
9.4711e+02, 1.4582e-01
9.4720e+02, 1.1952e-01
9.4730e+02, 1.0079e-01
9.4750e+02, 7.7615e-02
9.4770e+02, 6.4904e-02
9.4790e+02, 5.7187e-02
9.4810e+02, 5.1992e-02
9.4849e+02, 4.5300e-02
9.4889e+02, 4.1157e-02
9.4929e+02, 3.8421e-02
9.5019e+02, 3.5070e-02
9.5110e+02, 3.3894e-02
9.5276e+02, 3.4268e-02
9.5442e+02, 3.6369e-02
9.5608e+02, 3.9657e-02
9.5774e+02, 4.4019e-02
9.5940e+02, 4.9552e-02
9.6107e+02, 5.6501e-02
9.6273e+02, 6.5263e-02
9.6439e+02, 7.6439e-02
9.6552e+02, 8.5897e-02
9.6665e+02, 9.7303e-02
9.6779e+02, 1.1122e-01
9.6892e+02, 1.2833e-01
9.7005e+02, 1.4971e-01
9.7062e+02, 1.6260e-01
9.7118e+02, 1.7727e-01
9.7175e+02, 1.9406e-01
9.7232e+02, 2.1338e-01
9.7288e+02, 2.3578e-01
9.7345e+02, 2.6194e-01
9.7402e+02, 2.9277e-01
9.7458e+02, 3.2946e-01
9.7515e+02, 3.7356e-01
9.7572e+02, 4.2714e-01
9.7628e+02, 4.9309e-01
9.7685e+02, 5.7572e-01
9.7713e+02, 6.2521e-01
9.7741e+02, 6.8152e-01
9.7770e+02, 7.4596e-01
9.7784e+02, 7.8174e-01
9.7798e+02, 8.2018e-01
9.7813e+02, 8.6451e-01
9.7828e+02, 9.1258e-01
9.7843e+02, 9.6487e-01
9.7858e+02, 1.0219e+00
9.7874e+02, 1.0843e+00
9.7889e+02, 1.1527e+00
9.7904e+02, 1.2279e+00
9.7919e+02, 1.3109e+00
9.7932e+02, 1.3909e+00
9.7945e+02, 1.4786e+00
9.7959e+02, 1.5752e+00
9.7965e+02, 1.6272e+00
9.7972e+02, 1.6818e+00
9.7978e+02, 1.7394e+00
9.7985e+02, 1.8002e+00
9.7992e+02, 1.8643e+00
9.7998e+02, 1.9319e+00
9.8005e+02, 2.0036e+00
9.8011e+02, 2.0795e+00
9.8018e+02, 2.1600e+00
9.8025e+02, 2.2454e+00
9.8035e+02, 2.3911e+00
9.8045e+02, 2.5522e+00
9.8056e+02, 2.7314e+00
9.8066e+02, 2.9317e+00
9.8077e+02, 3.1572e+00
9.8087e+02, 3.4122e+00
9.8097e+02, 3.7031e+00
9.8108e+02, 4.0378e+00
9.8118e+02, 4.4269e+00
9.8128e+02, 4.8831e+00
9.8134e+02, 5.1417e+00
9.8139e+02, 5.4241e+00
9.8144e+02, 5.7333e+00
9.8149e+02, 6.0729e+00
9.8154e+02, 6.4473e+00
9.8160e+02, 6.8598e+00
9.8165e+02, 7.3160e+00
9.8170e+02, 7.8217e+00
9.8175e+02, 8.3830e+00
9.8180e+02, 9.0073e+00
9.8186e+02, 9.7024e+00
9.8191e+02, 1.0477e+01
9.8196e+02, 1.1342e+01
9.8201e+02, 1.2305e+01
9.8206e+02, 1.3379e+01
9.8211e+02, 1.4575e+01
9.8217e+02, 1.5909e+01
9.8222e+02, 1.7388e+01
9.8227e+02, 1.9029e+01
9.8232e+02, 2.0846e+01
9.8237e+02, 2.2856e+01
9.8243e+02, 2.5065e+01
9.8248e+02, 2.7488e+01
9.8253e+02, 3.0139e+01
9.8263e+02, 3.6158e+01
9.8274e+02, 4.3178e+01
9.8281e+02, 4.8545e+01
9.8288e+02, 5.4369e+01
9.8302e+02, 6.7254e+01
9.8316e+02, 8.1390e+01
9.8330e+02, 9.6051e+01
9.8351e+02, 1.1641e+02
9.8362e+02, 1.2510e+02
9.8372e+02, 1.3221e+02
9.8386e+02, 1.3864e+02
9.8400e+02, 1.4085e+02
9.8410e+02, 1.3968e+02
9.8420e+02, 1.3626e+02
9.8430e+02, 1.3077e+02
9.8440e+02, 1.2352e+02
9.8453e+02, 1.1280e+02
9.8465e+02, 1.0073e+02
9.8489e+02, 7.5468e+01
9.8500e+02, 6.4963e+01
9.8511e+02, 5.5240e+01
9.8522e+02, 4.6485e+01
9.8532e+02, 3.8799e+01
9.8543e+02, 3.2185e+01
9.8554e+02, 2.6614e+01
9.8565e+02, 2.1989e+01
9.8575e+02, 1.8210e+01
9.8585e+02, 1.5546e+01
9.8594e+02, 1.3340e+01
9.8603e+02, 1.1519e+01
9.8612e+02, 1.0017e+01
9.8621e+02, 8.7771e+00
9.8631e+02, 7.7518e+00
9.8640e+02, 6.8998e+00
9.8649e+02, 6.1874e+00
9.8658e+02, 5.5876e+00
9.8668e+02, 5.0783e+00
9.8677e+02, 4.6422e+00
9.8686e+02, 4.2656e+00
9.8695e+02, 3.9377e+00
9.8704e+02, 3.6499e+00
9.8723e+02, 3.1689e+00
9.8740e+02, 2.8126e+00
9.8757e+02, 2.5167e+00
9.8773e+02, 2.2674e+00
9.8790e+02, 2.0551e+00
9.8807e+02, 1.8721e+00
9.8824e+02, 1.7133e+00
9.8841e+02, 1.5744e+00
9.8858e+02, 1.4521e+00
9.8892e+02, 1.2475e+00
9.8925e+02, 1.0841e+00
9.8959e+02, 9.5131e-01
9.8993e+02, 8.4196e-01
9.9025e+02, 7.5454e-01
9.9057e+02, 6.8021e-01
9.9090e+02, 6.1640e-01
9.9122e+02, 5.6119e-01
9.9154e+02, 5.1306e-01
9.9186e+02, 4.7088e-01
9.9251e+02, 4.0081e-01
9.9315e+02, 3.4535e-01
9.9380e+02, 3.0071e-01
9.9444e+02, 2.6423e-01
9.9509e+02, 2.3406e-01
9.9570e+02, 2.0997e-01
9.9632e+02, 1.8951e-01
9.9693e+02, 1.7188e-01
9.9754e+02, 1.5653e-01
9.9816e+02, 1.4313e-01
9.9877e+02, 1.3138e-01
1.0000e+03, 1.1182e-01
1.0009e+03, 1.0021e-01
1.0018e+03, 9.0428e-02
1.0027e+03, 8.1978e-02
1.0036e+03, 7.4626e-02
1.0045e+03, 6.8209e-02
1.0054e+03, 6.2599e-02
1.0072e+03, 5.3270e-02
1.0090e+03, 4.5888e-02
1.0107e+03, 3.9950e-02
1.0125e+03, 3.5100e-02
1.0143e+03, 3.1087e-02
1.0159e+03, 2.8039e-02
1.0176e+03, 2.5423e-02
1.0192e+03, 2.3162e-02
1.0208e+03, 2.1231e-02
1.0240e+03, 1.7981e-02
1.0272e+03, 1.5427e-02
1.0305e+03, 1.3384e-02
1.0337e+03, 1.1728e-02
1.0369e+03, 1.0367e-02
1.0401e+03, 9.2362e-03
1.0466e+03, 7.4818e-03
1.0530e+03, 6.2122e-03
1.0595e+03, 5.2437e-03
1.0659e+03, 4.4938e-03
1.0724e+03, 3.9020e-03
1.0788e+03, 3.4275e-03
1.0917e+03, 2.7262e-03
1.1046e+03, 2.2461e-03
1.1175e+03, 1.9074e-03
1.1304e+03, 1.6569e-03
1.1433e+03, 1.4712e-03
1.1691e+03, 1.2338e-03
1.1949e+03, 1.1237e-03
1.2063e+03, 1.1094e-03
1.2278e+03, 1.1424e-03
1.2493e+03, 1.2765e-03
1.2601e+03, 1.3957e-03
1.2708e+03, 1.5743e-03
1.2816e+03, 1.8373e-03
1.2923e+03, 2.2348e-03
1.3016e+03, 2.7672e-03
1.3110e+03, 3.5759e-03
1.3156e+03, 4.1630e-03
1.3203e+03, 4.9380e-03
1.3249e+03, 5.9883e-03
1.3296e+03, 7.4510e-03
1.3339e+03, 9.3727e-03
1.3382e+03, 1.2239e-02
1.3403e+03, 1.4221e-02
1.3425e+03, 1.6749e-02
1.3446e+03, 2.0047e-02
1.3468e+03, 2.4457e-02
1.3479e+03, 2.7500e-02
1.3491e+03, 3.1139e-02
1.3503e+03, 3.5542e-02
1.3514e+03, 4.1011e-02
1.3526e+03, 4.7898e-02
1.3538e+03, 5.6704e-02
1.3549e+03, 6.8227e-02
1.3555e+03, 7.5373e-02
1.3561e+03, 8.3720e-02
1.3567e+03, 9.4383e-02
1.3574e+03, 1.0723e-01
1.3580e+03, 1.2287e-01
1.3586e+03, 1.4227e-01
1.3592e+03, 1.6679e-01
1.3599e+03, 1.9845e-01
1.3602e+03, 2.1789e-01
1.3605e+03, 2.4033e-01
1.3608e+03, 2.6650e-01
1.3611e+03, 2.9730e-01
1.3614e+03, 3.3686e-01
1.3618e+03, 3.8514e-01
1.3621e+03, 4.4503e-01
1.3625e+03, 5.2083e-01
1.3626e+03, 5.6666e-01
1.3628e+03, 6.1929e-01
1.3630e+03, 6.8029e-01
1.3631e+03, 7.5183e-01
1.3633e+03, 8.3700e-01
1.3635e+03, 9.4037e-01
1.3636e+03, 1.0690e+00
1.3637e+03, 1.1460e+00
1.3638e+03, 1.2328e+00
1.3639e+03, 1.3085e+00
1.3639e+03, 1.3918e+00
1.3640e+03, 1.4854e+00
1.3641e+03, 1.5911e+00
1.3641e+03, 1.7111e+00
1.3642e+03, 1.8477e+00
1.3642e+03, 2.0041e+00
1.3643e+03, 2.1836e+00
1.3644e+03, 2.3903e+00
1.3644e+03, 2.6288e+00
1.3645e+03, 2.9046e+00
1.3646e+03, 3.2236e+00
1.3646e+03, 3.5927e+00
1.3647e+03, 4.0197e+00
1.3647e+03, 4.5132e+00
1.3648e+03, 5.0825e+00
1.3648e+03, 5.4143e+00
1.3649e+03, 6.0241e+00
1.3650e+03, 6.6979e+00
1.3650e+03, 7.4685e+00
1.3651e+03, 8.3157e+00
1.3651e+03, 9.2787e+00
1.3652e+03, 1.0331e+01
1.3652e+03, 1.1518e+01
1.3653e+03, 1.2806e+01
1.3653e+03, 1.4442e+01
1.3654e+03, 1.6225e+01
1.3655e+03, 1.8221e+01
1.3655e+03, 2.0370e+01
1.3656e+03, 2.2748e+01
1.3656e+03, 2.5276e+01
1.3658e+03, 3.0931e+01
1.3659e+03, 3.7320e+01
1.3660e+03, 4.4203e+01
1.3663e+03, 5.8698e+01
1.3664e+03, 6.6315e+01
1.3665e+03, 7.3163e+01
1.3667e+03, 7.8418e+01
1.3668e+03, 8.2278e+01
1.3669e+03, 8.4402e+01
1.3670e+03, 8.5119e+01
1.3670e+03, 8.5095e+01
1.3671e+03, 8.4639e+01
1.3672e+03, 8.3635e+01
1.3673e+03, 8.0071e+01
1.3675e+03, 7.3915e+01
1.3676e+03, 6.6109e+01
1.3679e+03, 4.9723e+01
1.3680e+03, 4.1546e+01
1.3682e+03, 3.3972e+01
1.3683e+03, 2.7791e+01
1.3684e+03, 2.2421e+01
1.3685e+03, 1.9999e+01
1.3685e+03, 1.7816e+01
1.3686e+03, 1.5828e+01
1.3687e+03, 1.4030e+01
1.3687e+03, 1.2389e+01
1.3688e+03, 1.0944e+01
1.3689e+03, 9.6589e+00
1.3689e+03, 8.5207e+00
1.3690e+03, 7.5025e+00
1.3691e+03, 6.6235e+00
1.3691e+03, 5.8548e+00
1.3692e+03, 5.1847e+00
1.3692e+03, 4.6542e+00
1.3693e+03, 4.1955e+00
1.3693e+03, 3.7918e+00
1.3694e+03, 3.4369e+00
1.3695e+03, 3.1200e+00
1.3695e+03, 2.8468e+00
1.3696e+03, 2.6067e+00
1.3696e+03, 2.3956e+00
1.3697e+03, 2.2066e+00
1.3697e+03, 2.0429e+00
1.3699e+03, 1.7701e+00
1.3700e+03, 1.5528e+00
1.3701e+03, 1.3804e+00
1.3702e+03, 1.2390e+00
1.3703e+03, 1.1231e+00
1.3704e+03, 1.0250e+00
1.3705e+03, 9.4204e-01
1.3706e+03, 8.6977e-01
1.3708e+03, 8.0718e-01
1.3710e+03, 7.0273e-01
1.3712e+03, 6.2330e-01
1.3714e+03, 5.5742e-01
1.3716e+03, 5.0197e-01
1.3718e+03, 4.5474e-01
1.3720e+03, 4.1413e-01
1.3722e+03, 3.7890e-01
1.3725e+03, 3.4813e-01
1.3727e+03, 3.2118e-01
1.3731e+03, 2.7589e-01
1.3735e+03, 2.3977e-01
1.3739e+03, 2.1032e-01
1.3744e+03, 1.8609e-01
1.3747e+03, 1.6706e-01
1.3751e+03, 1.5085e-01
1.3755e+03, 1.3692e-01
1.3759e+03, 1.2488e-01
1.3767e+03, 1.0518e-01
1.3775e+03, 8.9885e-02
1.3783e+03, 7.7777e-02
1.3791e+03, 6.8006e-02
1.3799e+03, 5.9985e-02
1.3807e+03, 5.3341e-02
1.3819e+03, 4.5021e-02
1.3831e+03, 3.8632e-02
1.3844e+03, 3.3663e-02
1.3856e+03, 2.9789e-02
1.3868e+03, 2.6814e-02
1.3881e+03, 2.4659e-02
1.3893e+03, 2.3399e-02
1.3905e+03, 2.3433e-02
1.3916e+03, 2.5498e-02
1.3922e+03, 2.8120e-02
1.3927e+03, 3.3872e-02
1.3930e+03, 4.0246e-02
1.3932e+03, 5.3262e-02
1.3934e+03, 6.4746e-02
1.3935e+03, 8.1668e-02
1.3936e+03, 1.0686e-01
1.3938e+03, 1.4339e-01
1.3939e+03, 1.9623e-01
1.3940e+03, 2.6997e-01
1.3942e+03, 3.7193e-01
1.3943e+03, 5.0713e-01
1.3944e+03, 5.9007e-01
1.3944e+03, 6.8391e-01
1.3945e+03, 7.8924e-01
1.3946e+03, 9.0468e-01
1.3946e+03, 1.0340e+00
1.3947e+03, 1.1755e+00
1.3948e+03, 1.4915e+00
1.3949e+03, 1.7625e+00
1.3950e+03, 2.0536e+00
1.3952e+03, 2.6689e+00
1.3954e+03, 3.2672e+00
1.3955e+03, 3.5334e+00
1.3956e+03, 3.7630e+00
1.3957e+03, 3.9613e+00
1.3959e+03, 4.0929e+00
1.3959e+03, 4.1432e+00
1.3960e+03, 4.1527e+00
1.3961e+03, 4.1279e+00
1.3962e+03, 4.0085e+00
1.3964e+03, 3.7338e+00
1.3964e+03, 3.5908e+00
1.3965e+03, 3.4325e+00
1.3967e+03, 2.8440e+00
1.3969e+03, 2.2134e+00
1.3971e+03, 1.6211e+00
1.3972e+03, 1.3573e+00
1.3973e+03, 1.1228e+00
1.3974e+03, 9.0756e-01
1.3976e+03, 7.2391e-01
1.3977e+03, 5.7055e-01
1.3978e+03, 4.4508e-01
1.3979e+03, 3.4442e-01
1.3980e+03, 2.6514e-01
1.3981e+03, 2.0374e-01
1.3982e+03, 1.5732e-01
1.3983e+03, 1.2206e-01
1.3984e+03, 9.5858e-02
1.3986e+03, 6.2472e-02
1.3988e+03, 4.4631e-02
1.3991e+03, 3.4931e-02
1.3995e+03, 2.5644e-02
1.3999e+03, 2.1181e-02
1.4008e+03, 1.6362e-02
1.4017e+03, 1.3635e-02
1.4025e+03, 1.1848e-02
1.4042e+03, 9.6232e-03
1.4068e+03, 7.7335e-03
1.4094e+03, 6.5492e-03
1.4145e+03, 5.0181e-03
1.4196e+03, 4.0461e-03
1.4247e+03, 3.3683e-03
1.4313e+03, 2.7398e-03
1.4380e+03, 2.2891e-03
1.4513e+03, 1.7085e-03
1.4646e+03, 1.3736e-03
1.4779e+03, 1.1767e-03
1.4901e+03, 1.1157e-03
1.5024e+03, 1.2705e-03
1.5085e+03, 1.6166e-03
1.5116e+03, 1.9962e-03
1.5147e+03, 2.6550e-03
1.5172e+03, 3.8252e-03
1.5185e+03, 4.8402e-03
1.5198e+03, 6.4765e-03
1.5211e+03, 9.4649e-03
1.5217e+03, 1.1934e-02
1.5223e+03, 1.5630e-02
1.5230e+03, 2.1749e-02
1.5233e+03, 2.6805e-02
1.5236e+03, 3.5170e-02
1.5239e+03, 5.2054e-02
1.5241e+03, 6.7526e-02
1.5243e+03, 9.1551e-02
1.5244e+03, 1.2951e-01
1.5246e+03, 1.8869e-01
1.5247e+03, 2.7928e-01
1.5248e+03, 3.4036e-01
1.5249e+03, 4.1344e-01
1.5250e+03, 5.1719e-01
1.5251e+03, 6.4413e-01
1.5252e+03, 7.9759e-01
1.5253e+03, 9.8080e-01
1.5254e+03, 1.1967e+00
1.5255e+03, 1.4476e+00
1.5255e+03, 1.7350e+00
1.5256e+03, 2.0595e+00
1.5257e+03, 2.4202e+00
1.5258e+03, 2.8146e+00
1.5260e+03, 3.6865e+00
1.5264e+03, 5.5308e+00
1.5266e+03, 6.3321e+00
1.5267e+03, 6.9202e+00
1.5269e+03, 7.1760e+00
1.5270e+03, 7.2468e+00
1.5270e+03, 7.2554e+00
1.5271e+03, 7.2191e+00
1.5272e+03, 7.0915e+00
1.5273e+03, 6.8197e+00
1.5274e+03, 6.4383e+00
1.5276e+03, 5.8733e+00
1.5281e+03, 3.2790e+00
1.5282e+03, 2.6806e+00
1.5283e+03, 2.1451e+00
1.5285e+03, 1.6817e+00
1.5285e+03, 1.4766e+00
1.5286e+03, 1.2931e+00
1.5287e+03, 1.0138e+00
1.5288e+03, 7.8524e-01
1.5289e+03, 6.0187e-01
1.5291e+03, 4.5756e-01
1.5292e+03, 3.4598e-01
1.5293e+03, 2.6114e-01
1.5294e+03, 1.9757e-01
1.5295e+03, 1.5055e-01
1.5296e+03, 1.1613e-01
1.5297e+03, 9.1111e-02
1.5300e+03, 5.9833e-02
1.5302e+03, 4.3119e-02
1.5304e+03, 3.3676e-02
1.5309e+03, 2.3702e-02
1.5313e+03, 1.8272e-02
1.5322e+03, 1.2115e-02
1.5332e+03, 8.7350e-03
1.5341e+03, 6.6993e-03
1.5359e+03, 4.4167e-03
1.5374e+03, 3.3465e-03
1.5390e+03, 2.7191e-03
1.5421e+03, 1.8970e-03
1.5452e+03, 1.4689e-03
1.5483e+03, 1.2188e-03
1.5540e+03, 9.6479e-04
1.5598e+03, 8.1790e-04
1.5712e+03, 6.6557e-04
1.5942e+03, 5.4970e-04
1.6402e+03, 4.9255e-04
1.6791e+03, 5.1052e-04
1.7179e+03, 5.7612e-04
1.7568e+03, 7.0527e-04
1.7957e+03, 9.4417e-04
1.8169e+03, 1.1593e-03
1.8381e+03, 1.4826e-03
1.8593e+03, 1.9948e-03
1.8699e+03, 2.3740e-03
1.8805e+03, 2.8720e-03
1.8920e+03, 3.6430e-03
1.9035e+03, 4.7625e-03
1.9093e+03, 5.5437e-03
1.9150e+03, 6.5435e-03
1.9207e+03, 7.8498e-03
1.9265e+03, 9.5924e-03
1.9327e+03, 1.2235e-02
1.9358e+03, 1.3994e-02
1.9389e+03, 1.6117e-02
1.9420e+03, 1.8823e-02
1.9450e+03, 2.2282e-02
1.9481e+03, 2.6799e-02
1.9512e+03, 3.2855e-02
1.9529e+03, 3.6992e-02
1.9545e+03, 4.1968e-02
1.9562e+03, 4.8027e-02
1.9579e+03, 5.5462e-02
1.9595e+03, 6.4736e-02
1.9612e+03, 7.6673e-02
1.9628e+03, 9.2285e-02
1.9637e+03, 1.0196e-01
1.9645e+03, 1.1324e-01
1.9654e+03, 1.2749e-01
1.9663e+03, 1.4464e-01
1.9671e+03, 1.6551e-01
1.9680e+03, 1.9120e-01
1.9689e+03, 2.2336e-01
1.9693e+03, 2.4261e-01
1.9698e+03, 2.6451e-01
1.9702e+03, 2.8959e-01
1.9707e+03, 3.1848e-01
1.9711e+03, 3.5196e-01
1.9716e+03, 3.9100e-01
1.9719e+03, 4.2338e-01
1.9722e+03, 4.5992e-01
1.9725e+03, 5.0165e-01
1.9728e+03, 5.4931e-01
1.9731e+03, 5.8929e-01
1.9733e+03, 6.3392e-01
1.9735e+03, 6.8397e-01
1.9738e+03, 7.4012e-01
1.9740e+03, 7.9226e-01
1.9742e+03, 8.5000e-01
1.9743e+03, 9.1490e-01
1.9744e+03, 9.5029e-01
1.9745e+03, 9.8747e-01
1.9746e+03, 1.0274e+00
1.9747e+03, 1.0699e+00
1.9748e+03, 1.1153e+00
1.9749e+03, 1.1633e+00
1.9750e+03, 1.2152e+00
1.9751e+03, 1.2702e+00
1.9752e+03, 1.3300e+00
1.9753e+03, 1.3938e+00
1.9755e+03, 1.5053e+00
1.9756e+03, 1.6321e+00
1.9758e+03, 1.7772e+00
1.9759e+03, 1.9447e+00
1.9761e+03, 2.1399e+00
1.9762e+03, 2.2498e+00
1.9762e+03, 2.3693e+00
1.9763e+03, 2.4995e+00
1.9764e+03, 2.6417e+00
1.9765e+03, 2.7973e+00
1.9765e+03, 2.9656e+00
1.9766e+03, 3.1530e+00
1.9767e+03, 3.3594e+00
1.9768e+03, 3.5871e+00
1.9768e+03, 3.8386e+00
1.9769e+03, 4.1169e+00
1.9770e+03, 4.4249e+00
1.9771e+03, 4.7662e+00
1.9771e+03, 5.1391e+00
1.9772e+03, 5.5575e+00
1.9773e+03, 6.0208e+00
1.9774e+03, 6.5335e+00
1.9774e+03, 7.1000e+00
1.9775e+03, 7.7251e+00
1.9776e+03, 8.4135e+00
1.9777e+03, 9.1698e+00
1.9777e+03, 9.9870e+00
1.9779e+03, 1.1609e+01
1.9780e+03, 1.3464e+01
1.9781e+03, 1.5577e+01
1.9783e+03, 1.7949e+01
1.9784e+03, 2.0594e+01
1.9785e+03, 2.3449e+01
1.9788e+03, 2.9678e+01
1.9791e+03, 3.7174e+01
1.9794e+03, 4.3849e+01
1.9795e+03, 4.6470e+01
1.9797e+03, 4.8452e+01
1.9798e+03, 4.9685e+01
1.9800e+03, 5.0102e+01
1.9801e+03, 5.0029e+01
1.9803e+03, 4.8799e+01
1.9805e+03, 4.6186e+01
1.9807e+03, 4.2423e+01
1.9809e+03, 3.7892e+01
1.9813e+03, 2.7605e+01
1.9815e+03, 2.2717e+01
1.9817e+03, 1.8361e+01
1.9818e+03, 1.6406e+01
1.9819e+03, 1.4617e+01
1.9820e+03, 1.2996e+01
1.9821e+03, 1.1538e+01
1.9822e+03, 1.0237e+01
1.9823e+03, 9.0838e+00
1.9824e+03, 8.0679e+00
1.9825e+03, 7.1851e+00
1.9827e+03, 6.4061e+00
1.9828e+03, 5.7278e+00
1.9829e+03, 5.1384e+00
1.9830e+03, 4.6313e+00
1.9831e+03, 4.1866e+00
1.9832e+03, 3.8003e+00
1.9833e+03, 3.4641e+00
1.9834e+03, 3.1735e+00
1.9836e+03, 2.7092e+00
1.9838e+03, 2.3462e+00
1.9840e+03, 2.0562e+00
1.9842e+03, 1.8207e+00
1.9844e+03, 1.6263e+00
1.9846e+03, 1.4635e+00
1.9848e+03, 1.3255e+00
1.9850e+03, 1.2072e+00
1.9852e+03, 1.1048e+00
1.9854e+03, 1.0154e+00
1.9858e+03, 8.6743e-01
1.9862e+03, 7.5045e-01
1.9866e+03, 6.5622e-01
1.9870e+03, 5.8242e-01
1.9873e+03, 5.2066e-01
1.9877e+03, 4.6839e-01
1.9881e+03, 4.2369e-01
1.9885e+03, 3.8515e-01
1.9889e+03, 3.5166e-01
1.9893e+03, 3.2237e-01
1.9896e+03, 2.9661e-01
1.9904e+03, 2.5361e-01
1.9912e+03, 2.1938e-01
1.9919e+03, 1.9168e-01
1.9927e+03, 1.6894e-01
1.9936e+03, 1.4663e-01
1.9945e+03, 1.2854e-01
1.9954e+03, 1.1365e-01
1.9963e+03, 1.0124e-01
1.9973e+03, 9.1798e-02
1.9977e+03, 9.0726e-02
1.9982e+03, 9.7611e-02
1.9984e+03, 1.0673e-01
1.9986e+03, 1.2141e-01
1.9989e+03, 1.4312e-01
1.9991e+03, 1.7266e-01
1.9993e+03, 2.1058e-01
1.9995e+03, 2.5589e-01
2.0000e+03, 3.6171e-01
2.0000e+03, 6.5139e-01
2.5000e+03, 5.8291e-01
3.0000e+03, 5.3254e-01
3.5000e+03, 4.9543e-01
4.0000e+03, 4.6423e-01
5.0000e+03, 4.1962e-01
6.0000e+03, 3.8513e-01
7.0000e+03, 3.5763e-01
8.0000e+03, 3.3433e-01
9.0000e+03, 3.1416e-01
1.0000e+04, 2.9715e-01
1.1250e+04, 2.7849e-01
1.2500e+04, 2.6279e-01
1.5000e+04, 2.3564e-01
1.7000e+04, 2.1875e-01
2.0000e+04, 1.9784e-01
2.2500e+04, 1.8333e-01
2.5000e+04, 1.7126e-01
3.0000e+04, 1.5226e-01
3.5000e+04, 1.3796e-01
4.0000e+04, 1.2674e-01
4.5000e+04, 1.1798e-01
5.0000e+04, 1.1065e-01
6.0000e+04, 9.9790e-02
7.0000e+04, 9.2802e-02
8.0000e+04, 8.6934e-02
1.0000e+05, 7.9532e-02
1.0000e+05, 7.9548e-02
1.2500e+05, 7.4995e-02
1.5000e+05, 7.1469e-02
2.0000e+05, 6.8739e-02
2.5000e+05, 6.8121e-02
3.0000e+05, 6.8609e-02
4.0000e+05, 7.2558e-02
5.0000e+05, 7.5777e-02
5.5000e+05, 7.8554e-02
6.0000e+05, 8.1178e-02
6.5000e+05, 8.3669e-02
7.0000e+05, 8.6044e-02
7.5000e+05, 8.9123e-02
8.0000e+05, 9.2103e-02
8.5000e+05, 9.5493e-02
9.0000e+05, 9.8804e-02
9.5000e+05, 1.0251e-01
1.0000e+06, 1.0615e-01
1.0265e+06, 1.0846e-01
1.0530e+06, 1.1076e-01
1.0796e+06, 1.1305e-01
1.1061e+06, 1.1533e-01
1.1326e+06, 1.1760e-01
1.1591e+06, 1.1986e-01
1.1857e+06, 1.2211e-01
1.2122e+06, 1.2435e-01
1.2500e+06, 1.2753e-01
1.2807e+06, 1.3044e-01
1.3114e+06, 1.3334e-01
1.3114e+06, 1.3334e-01
1.3350e+06, 1.2948e-01
1.3586e+06, 1.2580e-01
1.4057e+06, 1.1893e-01
1.4529e+06, 1.1264e-01
1.5000e+06, 1.0687e-01
1.5312e+06, 1.0780e-01
1.5625e+06, 1.0872e-01
1.5938e+06, 1.0963e-01
1.6250e+06, 1.1054e-01
1.6562e+06, 1.1143e-01
1.6875e+06, 1.1231e-01
1.7188e+06, 1.1318e-01
1.7500e+06, 1.1404e-01
1.7776e+06, 1.1550e-01
1.8051e+06, 1.1696e-01
1.8327e+06, 1.1841e-01
1.8602e+06, 1.1985e-01
1.8878e+06, 1.2129e-01
1.9154e+06, 1.2273e-01
1.9429e+06, 1.2416e-01
1.9705e+06, 1.2560e-01
2.0000e+06, 1.2652e-01
2.0435e+06, 1.2893e-01
2.0870e+06, 1.3133e-01
2.1306e+06, 1.3373e-01
2.1741e+06, 1.3612e-01
2.1741e+06, 1.3612e-01
2.2069e+06, 1.3770e-01
2.2069e+06, 1.3769e-01
2.2330e+06, 1.3320e-01
2.2590e+06, 1.2891e-01
2.2948e+06, 1.2334e-01
2.2948e+06, 1.2334e-01
2.3320e+06, 1.1834e-01
2.3691e+06, 1.1361e-01
2.4063e+06, 1.0914e-01
2.4434e+06, 1.0491e-01
2.4760e+06, 1.0352e-01
2.4760e+06, 1.0352e-01
2.5065e+06, 1.0160e-01
2.5370e+06, 9.9743e-02
2.5679e+06, 9.7896e-02
2.5988e+06, 9.6104e-02
2.5988e+06, 9.6104e-02
2.6374e+06, 9.3777e-02
2.6375e+06, 9.3777e-02
2.6562e+06, 9.2759e-02
2.6730e+06, 9.1866e-02
2.6897e+06, 9.0988e-02
2.7064e+06, 9.0123e-02
2.7232e+06, 8.9272e-02
2.7399e+06, 8.8434e-02
2.7566e+06, 8.7608e-02
2.7734e+06, 8.6796e-02
2.7901e+06, 8.5996e-02
2.7901e+06, 8.5996e-02
2.8026e+06, 8.5658e-02
2.8151e+06, 8.5324e-02
2.8275e+06, 8.4992e-02
2.8400e+06, 8.4663e-02
2.8626e+06, 8.3696e-02
2.8852e+06, 8.2747e-02
2.8966e+06, 8.1952e-02
2.9080e+06, 8.1168e-02
2.9194e+06, 8.0395e-02
2.9308e+06, 7.9632e-02
2.9398e+06, 7.9037e-02
2.9398e+06, 7.9037e-02
2.9547e+06, 7.8164e-02
2.9696e+06, 7.7304e-02
2.9848e+06, 7.6474e-02
3.0000e+06, 7.5656e-02
3.0135e+06, 7.5201e-02
3.0269e+06, 7.4750e-02
3.0404e+06, 7.4304e-02
3.0538e+06, 7.3863e-02
3.0690e+06, 7.3527e-02
3.0843e+06, 7.3195e-02
3.0995e+06, 7.2866e-02
3.1147e+06, 7.2540e-02
3.1147e+06, 7.2540e-02
3.1300e+06, 7.2353e-02
3.1453e+06, 7.2168e-02
3.1606e+06, 7.1985e-02
3.1759e+06, 7.1802e-02
3.1940e+06, 7.1637e-02
3.2122e+06, 7.1472e-02
3.2166e+06, 7.1359e-02
3.2166e+06, 7.1359e-02
3.2186e+06, 7.1314e-02
3.2186e+06, 7.1314e-02
3.2324e+06, 7.1114e-02
3.2324e+06, 7.1114e-02
3.2362e+06, 7.1046e-02
3.2545e+06, 7.0649e-02
3.2729e+06, 7.0214e-02
3.2957e+06, 6.9401e-02
3.3184e+06, 6.8602e-02
3.3411e+06, 6.7818e-02
3.3638e+06, 6.7048e-02
3.3865e+06, 6.6292e-02
3.4093e+06, 6.5549e-02
3.4320e+06, 6.4820e-02
3.4547e+06, 6.4103e-02
3.4774e+06, 6.3399e-02
3.5001e+06, 6.2707e-02
3.5229e+06, 6.2027e-02
3.5456e+06, 6.1359e-02
3.5683e+06, 6.0702e-02
3.5910e+06, 6.0057e-02
3.6137e+06, 5.9422e-02
3.6365e+06, 5.8798e-02
3.6592e+06, 5.8184e-02
3.6819e+06, 5.7580e-02
3.7046e+06, 5.6986e-02
3.7273e+06, 5.6402e-02
3.7501e+06, 5.5828e-02
3.7728e+06, 5.5263e-02
3.7955e+06, 5.4706e-02
3.8182e+06, 5.4159e-02
3.8410e+06, 5.3620e-02
3.8637e+06, 5.3090e-02
3.8864e+06, 5.2568e-02
3.9091e+06, 5.2054e-02
3.9318e+06, 5.1549e-02
3.9546e+06, 5.1051e-02
3.9773e+06, 5.0560e-02
4.0000e+06, 5.0077e-02
4.0156e+06, 4.9533e-02
4.0312e+06, 4.8997e-02
4.0469e+06, 4.8469e-02
4.0625e+06, 4.7949e-02
4.0781e+06, 4.7436e-02
4.0938e+06, 4.6930e-02
4.1094e+06, 4.6432e-02
4.1250e+06, 4.5941e-02
4.1406e+06, 4.5457e-02
4.1562e+06, 4.4980e-02
4.1719e+06, 4.4509e-02
4.1875e+06, 4.4046e-02
4.2031e+06, 4.3588e-02
4.2188e+06, 4.3138e-02
4.2344e+06, 4.2693e-02
4.2500e+06, 4.2255e-02
4.2656e+06, 4.1823e-02
4.2812e+06, 4.1396e-02
4.2969e+06, 4.0976e-02
4.3125e+06, 4.0561e-02
4.3281e+06, 4.0152e-02
4.3438e+06, 3.9749e-02
4.3594e+06, 3.9351e-02
4.3750e+06, 3.8959e-02
4.3906e+06, 3.8571e-02
4.4062e+06, 3.8189e-02
4.4219e+06, 3.7813e-02
4.4375e+06, 3.7441e-02
4.4531e+06, 3.7074e-02
4.4688e+06, 3.6712e-02
4.4844e+06, 3.6355e-02
4.5000e+06, 3.6002e-02
4.5156e+06, 3.5654e-02
4.5312e+06, 3.5311e-02
4.5469e+06, 3.4972e-02
4.5625e+06, 3.4637e-02
4.5781e+06, 3.4307e-02
4.5938e+06, 3.3981e-02
4.6094e+06, 3.3659e-02
4.6250e+06, 3.3342e-02
4.6406e+06, 3.3028e-02
4.6562e+06, 3.2719e-02
4.6719e+06, 3.2413e-02
4.6875e+06, 3.2111e-02
4.7031e+06, 3.1813e-02
4.7188e+06, 3.1519e-02
4.7344e+06, 3.1228e-02
4.7500e+06, 3.0941e-02
4.7656e+06, 3.0658e-02
4.7812e+06, 3.0378e-02
4.7969e+06, 3.0102e-02
4.8125e+06, 2.9829e-02
4.8281e+06, 2.9559e-02
4.8438e+06, 2.9293e-02
4.8594e+06, 2.9029e-02
4.8750e+06, 2.8770e-02
4.8906e+06, 2.8513e-02
4.9062e+06, 2.8259e-02
4.9219e+06, 2.8008e-02
4.9375e+06, 2.7761e-02
4.9531e+06, 2.7516e-02
4.9688e+06, 2.7274e-02
4.9844e+06, 2.7036e-02
5.0000e+06, 2.6800e-02
5.0156e+06, 2.6444e-02
5.0312e+06, 2.6094e-02
5.0469e+06, 2.5749e-02
5.0625e+06, 2.5411e-02
5.0781e+06, 2.5077e-02
5.0938e+06, 2.4750e-02
5.1094e+06, 2.4427e-02
5.1250e+06, 2.4110e-02
5.1406e+06, 2.3797e-02
5.1562e+06, 2.3490e-02
5.1719e+06, 2.3187e-02
5.1875e+06, 2.2890e-02
5.2031e+06, 2.2597e-02
5.2188e+06, 2.2308e-02
5.2344e+06, 2.2024e-02
5.2500e+06, 2.1745e-02
5.2656e+06, 2.1470e-02
5.2812e+06, 2.1199e-02
5.2969e+06, 2.0933e-02
5.3125e+06, 2.0670e-02
5.3281e+06, 2.0412e-02
5.3438e+06, 2.0157e-02
5.3594e+06, 1.9907e-02
5.3750e+06, 1.9660e-02
5.3906e+06, 1.9417e-02
5.4062e+06, 1.9178e-02
5.4219e+06, 1.8942e-02
5.4375e+06, 1.8710e-02
5.4531e+06, 1.8482e-02
5.4688e+06, 1.8256e-02
5.4844e+06, 1.8035e-02
5.5000e+06, 1.7816e-02
5.5156e+06, 1.7601e-02
5.5312e+06, 1.7389e-02
5.5469e+06, 1.7180e-02
5.5625e+06, 1.6974e-02
5.5781e+06, 1.6772e-02
5.5938e+06, 1.6572e-02
5.6094e+06, 1.6375e-02
5.6250e+06, 1.6181e-02
5.6406e+06, 1.5990e-02
5.6562e+06, 1.5802e-02
5.6719e+06, 1.5616e-02
5.6875e+06, 1.5433e-02
5.7031e+06, 1.5253e-02
5.7188e+06, 1.5075e-02
5.7344e+06, 1.4900e-02
5.7500e+06, 1.4727e-02
5.7656e+06, 1.4557e-02
5.7812e+06, 1.4389e-02
5.7969e+06, 1.4224e-02
5.8125e+06, 1.4061e-02
5.8281e+06, 1.3900e-02
5.8438e+06, 1.3741e-02
5.8594e+06, 1.3585e-02
5.8750e+06, 1.3431e-02
5.8906e+06, 1.3279e-02
5.9062e+06, 1.3129e-02
5.9219e+06, 1.2982e-02
5.9375e+06, 1.2836e-02
5.9531e+06, 1.2692e-02
5.9688e+06, 1.2550e-02
5.9844e+06, 1.2411e-02
6.0000e+06, 1.2273e-02
6.0141e+06, 1.2122e-02
6.0283e+06, 1.1974e-02
6.0424e+06, 1.1828e-02
6.0565e+06, 1.1684e-02
6.0707e+06, 1.1542e-02
6.0848e+06, 1.1402e-02
6.0990e+06, 1.1264e-02
6.1131e+06, 1.1128e-02
6.1272e+06, 1.0995e-02
6.1414e+06, 1.0862e-02
6.1555e+06, 1.0732e-02
6.1696e+06, 1.0604e-02
6.1838e+06, 1.0478e-02
6.1979e+06, 1.0353e-02
6.2120e+06, 1.0230e-02
6.2262e+06, 1.0109e-02
6.2671e+06, 9.7675e-03
6.3081e+06, 9.4397e-03
6.3490e+06, 9.1249e-03
6.3899e+06, 8.8226e-03
6.4309e+06, 8.5321e-03
6.4718e+06, 8.2529e-03
6.5128e+06, 7.9845e-03
6.5537e+06, 7.7265e-03
6.5963e+06, 7.4688e-03
6.6388e+06, 7.2212e-03
6.6813e+06, 6.9834e-03
6.7239e+06, 6.7549e-03
6.7675e+06, 6.5296e-03
6.8112e+06, 6.3132e-03
6.8548e+06, 6.1053e-03
6.8985e+06, 5.9055e-03
6.9492e+06, 5.6828e-03
7.0000e+06, 5.4701e-03
7.0297e+06, 5.3481e-03
7.0594e+06, 5.2292e-03
7.0891e+06, 5.1135e-03
7.1188e+06, 5.0008e-03
7.1485e+06, 4.8911e-03
7.1782e+06, 4.7842e-03
7.2079e+06, 4.6800e-03
7.2376e+06, 4.5786e-03
7.2683e+06, 4.4764e-03
7.2990e+06, 4.3769e-03
7.3298e+06, 4.2801e-03
7.3605e+06, 4.1858e-03
7.3912e+06, 4.0939e-03
7.4219e+06, 4.0044e-03
7.4526e+06, 3.9172e-03
7.4833e+06, 3.8323e-03
7.5151e+06, 3.7558e-03
7.5468e+06, 3.6812e-03
7.5786e+06, 3.6083e-03
7.6103e+06, 3.5372e-03
7.6421e+06, 3.4677e-03
7.6738e+06, 3.3999e-03
7.7056e+06, 3.3337e-03
7.7373e+06, 3.2691e-03
7.7702e+06, 3.2038e-03
7.8030e+06, 3.1401e-03
7.8358e+06, 3.0779e-03
7.8687e+06, 3.0173e-03
7.9015e+06, 2.9580e-03
7.9343e+06, 2.9002e-03
7.9672e+06, 2.8437e-03
8.0000e+06, 2.7886e-03
8.0115e+06, 2.7738e-03
8.0230e+06, 2.7592e-03
8.0345e+06, 2.7446e-03
8.0460e+06, 2.7302e-03
8.0574e+06, 2.7159e-03
8.0689e+06, 2.7016e-03
8.0804e+06, 2.6874e-03
8.0919e+06, 2.6734e-03
8.1042e+06, 2.6584e-03
8.1165e+06, 2.6436e-03
8.1288e+06, 2.6289e-03
8.1411e+06, 2.6142e-03
8.1534e+06, 2.5997e-03
8.1657e+06, 2.5853e-03
8.1780e+06, 2.5710e-03
8.1903e+06, 2.5568e-03
8.2025e+06, 2.5426e-03
8.2148e+06, 2.5286e-03
8.2271e+06, 2.5147e-03
8.2394e+06, 2.5009e-03
8.2517e+06, 2.4871e-03
8.2640e+06, 2.4735e-03
8.2763e+06, 2.4600e-03
8.2886e+06, 2.4465e-03
8.3009e+06, 2.4332e-03
8.3132e+06, 2.4199e-03
8.3255e+06, 2.4067e-03
8.3378e+06, 2.3937e-03
8.3501e+06, 2.3807e-03
8.3624e+06, 2.3678e-03
8.3746e+06, 2.3550e-03
8.3869e+06, 2.3422e-03
8.3992e+06, 2.3296e-03
8.4115e+06, 2.3171e-03
8.4238e+06, 2.3046e-03
8.4361e+06, 2.2922e-03
8.4484e+06, 2.2799e-03
8.4607e+06, 2.2677e-03
8.4730e+06, 2.2556e-03
8.4853e+06, 2.2436e-03
8.5031e+06, 2.2315e-03
8.5210e+06, 2.2196e-03
8.5389e+06, 2.2077e-03
8.5568e+06, 2.1959e-03
8.5706e+06, 2.1869e-03
8.5845e+06, 2.1778e-03
8.5983e+06, 2.1689e-03
8.6122e+06, 2.1600e-03
8.6260e+06, 2.1511e-03
8.6399e+06, 2.1423e-03
8.6537e+06, 2.1335e-03
8.6676e+06, 2.1248e-03
8.6814e+06, 2.1162e-03
8.6953e+06, 2.1075e-03
8.7091e+06, 2.0990e-03
8.7230e+06, 2.0905e-03
8.7368e+06, 2.0820e-03
8.7507e+06, 2.0736e-03
8.7645e+06, 2.0652e-03
8.7784e+06, 2.0569e-03
8.7922e+06, 2.0486e-03
8.8061e+06, 2.0404e-03
8.8199e+06, 2.0322e-03
8.8338e+06, 2.0240e-03
8.8476e+06, 2.0159e-03
8.8615e+06, 2.0079e-03
8.8753e+06, 1.9999e-03
8.8892e+06, 1.9919e-03
8.9030e+06, 1.9840e-03
8.9169e+06, 1.9761e-03
8.9307e+06, 1.9683e-03
8.9446e+06, 1.9605e-03
8.9584e+06, 1.9527e-03
8.9723e+06, 1.9450e-03
8.9861e+06, 1.9374e-03
9.0000e+06, 1.9298e-03
9.0152e+06, 1.9233e-03
9.0304e+06, 1.9169e-03
9.0456e+06, 1.9105e-03
9.0609e+06, 1.9042e-03
9.0761e+06, 1.8979e-03
9.0913e+06, 1.8916e-03
9.1065e+06, 1.8853e-03
9.1217e+06, 1.8791e-03
9.1369e+06, 1.8729e-03
9.1521e+06, 1.8668e-03
9.1673e+06, 1.8606e-03
9.1826e+06, 1.8545e-03
9.1978e+06, 1.8485e-03
9.2130e+06, 1.8424e-03
9.2282e+06, 1.8364e-03
9.2434e+06, 1.8304e-03
9.2586e+06, 1.8245e-03
9.2738e+06, 1.8186e-03
9.2891e+06, 1.8127e-03
9.3043e+06, 1.8068e-03
9.3195e+06, 1.8010e-03
9.3347e+06, 1.7952e-03
9.3499e+06, 1.7894e-03
9.3651e+06, 1.7836e-03
9.3803e+06, 1.7779e-03
9.3956e+06, 1.7722e-03
9.4108e+06, 1.7666e-03
9.4260e+06, 1.7609e-03
9.4412e+06, 1.7553e-03
9.4564e+06, 1.7497e-03
9.4716e+06, 1.7442e-03
9.4868e+06, 1.7386e-03
9.5024e+06, 1.7354e-03
9.5180e+06, 1.7322e-03
9.5331e+06, 1.7291e-03
9.5481e+06, 1.7260e-03
9.5632e+06, 1.7230e-03
9.5783e+06, 1.7199e-03
9.5933e+06, 1.7168e-03
9.6084e+06, 1.7138e-03
9.6234e+06, 1.7108e-03
9.6385e+06, 1.7078e-03
9.6536e+06, 1.7047e-03
9.6686e+06, 1.7017e-03
9.6837e+06, 1.6987e-03
9.6988e+06, 1.6958e-03
9.7138e+06, 1.6928e-03
9.7289e+06, 1.6898e-03
9.7439e+06, 1.6869e-03
9.7590e+06, 1.6839e-03
9.7741e+06, 1.6810e-03
9.7891e+06, 1.6781e-03
9.8042e+06, 1.6752e-03
9.8193e+06, 1.6723e-03
9.8343e+06, 1.6694e-03
9.8494e+06, 1.6665e-03
9.8644e+06, 1.6636e-03
9.8795e+06, 1.6608e-03
9.8946e+06, 1.6579e-03
9.9096e+06, 1.6551e-03
9.9247e+06, 1.6522e-03
9.9398e+06, 1.6494e-03
9.9548e+06, 1.6466e-03
9.9699e+06, 1.6438e-03
9.9849e+06, 1.6410e-03
1.0000e+07, 1.6382e-03
1.0012e+07, 1.6336e-03
1.0025e+07, 1.6290e-03
1.0037e+07, 1.6245e-03
1.0049e+07, 1.6200e-03
1.0062e+07, 1.6155e-03
1.0074e+07, 1.6110e-03
1.0086e+07, 1.6065e-03
1.0099e+07, 1.6021e-03
1.0111e+07, 1.5976e-03
1.0124e+07, 1.5932e-03
1.0136e+07, 1.5888e-03
1.0148e+07, 1.5845e-03
1.0161e+07, 1.5801e-03
1.0173e+07, 1.5757e-03
1.0185e+07, 1.5714e-03
1.0198e+07, 1.5671e-03
1.0210e+07, 1.5628e-03
1.0222e+07, 1.5585e-03
1.0235e+07, 1.5543e-03
1.0247e+07, 1.5500e-03
1.0259e+07, 1.5458e-03
1.0272e+07, 1.5416e-03
1.0284e+07, 1.5374e-03
1.0297e+07, 1.5332e-03
1.0309e+07, 1.5291e-03
1.0321e+07, 1.5249e-03
1.0334e+07, 1.5208e-03
1.0346e+07, 1.5167e-03
1.0358e+07, 1.5126e-03
1.0371e+07, 1.5085e-03
1.0383e+07, 1.5045e-03
1.0395e+07, 1.5004e-03
1.0407e+07, 1.4966e-03
1.0419e+07, 1.4929e-03
1.0430e+07, 1.4891e-03
1.0442e+07, 1.4854e-03
1.0453e+07, 1.4816e-03
1.0465e+07, 1.4779e-03
1.0477e+07, 1.4742e-03
1.0488e+07, 1.4705e-03
1.0504e+07, 1.4670e-03
1.0520e+07, 1.4635e-03
1.0536e+07, 1.4600e-03
1.0552e+07, 1.4566e-03
1.0568e+07, 1.4531e-03
1.0584e+07, 1.4497e-03
1.0600e+07, 1.4462e-03
1.0616e+07, 1.4428e-03
1.0632e+07, 1.4394e-03
1.0648e+07, 1.4360e-03
1.0664e+07, 1.4326e-03
1.0680e+07, 1.4293e-03
1.0696e+07, 1.4259e-03
1.0712e+07, 1.4226e-03
1.0728e+07, 1.4192e-03
1.0744e+07, 1.4159e-03
1.0760e+07, 1.4126e-03
1.0776e+07, 1.4093e-03
1.0792e+07, 1.4060e-03
1.0808e+07, 1.4028e-03
1.0824e+07, 1.3995e-03
1.0840e+07, 1.3963e-03
1.0856e+07, 1.3931e-03
1.0872e+07, 1.3898e-03
1.0888e+07, 1.3866e-03
1.0904e+07, 1.3834e-03
1.0920e+07, 1.3803e-03
1.0936e+07, 1.3771e-03
1.0952e+07, 1.3739e-03
1.0968e+07, 1.3708e-03
1.0984e+07, 1.3677e-03
1.1000e+07, 1.3645e-03
1.1016e+07, 1.3615e-03
1.1031e+07, 1.3586e-03
1.1047e+07, 1.3556e-03
1.1062e+07, 1.3526e-03
1.1078e+07, 1.3497e-03
1.1094e+07, 1.3468e-03
1.1109e+07, 1.3438e-03
1.1125e+07, 1.3409e-03
1.1141e+07, 1.3380e-03
1.1156e+07, 1.3351e-03
1.1172e+07, 1.3322e-03
1.1188e+07, 1.3293e-03
1.1203e+07, 1.3265e-03
1.1219e+07, 1.3236e-03
1.1234e+07, 1.3208e-03
1.1250e+07, 1.3179e-03
1.1266e+07, 1.3151e-03
1.1281e+07, 1.3123e-03
1.1297e+07, 1.3095e-03
1.1312e+07, 1.3067e-03
1.1328e+07, 1.3039e-03
1.1344e+07, 1.3011e-03
1.1359e+07, 1.2984e-03
1.1375e+07, 1.2956e-03
1.1391e+07, 1.2929e-03
1.1406e+07, 1.2901e-03
1.1422e+07, 1.2874e-03
1.1438e+07, 1.2847e-03
1.1453e+07, 1.2820e-03
1.1469e+07, 1.2793e-03
1.1484e+07, 1.2766e-03
1.1500e+07, 1.2739e-03
1.1516e+07, 1.2712e-03
1.1531e+07, 1.2686e-03
1.1547e+07, 1.2659e-03
1.1562e+07, 1.2633e-03
1.1578e+07, 1.2606e-03
1.1594e+07, 1.2580e-03
1.1609e+07, 1.2554e-03
1.1625e+07, 1.2528e-03
1.1641e+07, 1.2502e-03
1.1656e+07, 1.2476e-03
1.1672e+07, 1.2450e-03
1.1688e+07, 1.2424e-03
1.1703e+07, 1.2399e-03
1.1719e+07, 1.2373e-03
1.1734e+07, 1.2348e-03
1.1750e+07, 1.2322e-03
1.1766e+07, 1.2297e-03
1.1781e+07, 1.2272e-03
1.1797e+07, 1.2247e-03
1.1812e+07, 1.2222e-03
1.1828e+07, 1.2197e-03
1.1844e+07, 1.2172e-03
1.1859e+07, 1.2147e-03
1.1875e+07, 1.2122e-03
1.1891e+07, 1.2098e-03
1.1906e+07, 1.2073e-03
1.1922e+07, 1.2049e-03
1.1938e+07, 1.2024e-03
1.1953e+07, 1.2000e-03
1.1969e+07, 1.1976e-03
1.1984e+07, 1.1952e-03
1.2000e+07, 1.1928e-03
1.2016e+07, 1.1908e-03
1.2031e+07, 1.1888e-03
1.2047e+07, 1.1868e-03
1.2062e+07, 1.1848e-03
1.2078e+07, 1.1828e-03
1.2094e+07, 1.1808e-03
1.2109e+07, 1.1789e-03
1.2125e+07, 1.1769e-03
1.2141e+07, 1.1749e-03
1.2156e+07, 1.1730e-03
1.2172e+07, 1.1710e-03
1.2188e+07, 1.1691e-03
1.2203e+07, 1.1672e-03
1.2219e+07, 1.1652e-03
1.2234e+07, 1.1633e-03
1.2250e+07, 1.1614e-03
1.2266e+07, 1.1595e-03
1.2281e+07, 1.1576e-03
1.2297e+07, 1.1557e-03
1.2312e+07, 1.1538e-03
1.2328e+07, 1.1519e-03
1.2344e+07, 1.1500e-03
1.2359e+07, 1.1481e-03
1.2375e+07, 1.1462e-03
1.2391e+07, 1.1443e-03
1.2406e+07, 1.1425e-03
1.2422e+07, 1.1406e-03
1.2438e+07, 1.1388e-03
1.2453e+07, 1.1369e-03
1.2469e+07, 1.1351e-03
1.2484e+07, 1.1332e-03
1.2500e+07, 1.1314e-03
1.2516e+07, 1.1296e-03
1.2531e+07, 1.1278e-03
1.2547e+07, 1.1259e-03
1.2562e+07, 1.1241e-03
1.2578e+07, 1.1223e-03
1.2594e+07, 1.1205e-03
1.2609e+07, 1.1187e-03
1.2625e+07, 1.1169e-03
1.2641e+07, 1.1151e-03
1.2656e+07, 1.1134e-03
1.2672e+07, 1.1116e-03
1.2688e+07, 1.1098e-03
1.2703e+07, 1.1081e-03
1.2719e+07, 1.1063e-03
1.2734e+07, 1.1045e-03
1.2750e+07, 1.1028e-03
1.2766e+07, 1.1010e-03
1.2781e+07, 1.0993e-03
1.2797e+07, 1.0976e-03
1.2812e+07, 1.0958e-03
1.2828e+07, 1.0941e-03
1.2844e+07, 1.0924e-03
1.2859e+07, 1.0907e-03
1.2875e+07, 1.0889e-03
1.2891e+07, 1.0872e-03
1.2906e+07, 1.0855e-03
1.2922e+07, 1.0838e-03
1.2938e+07, 1.0821e-03
1.2953e+07, 1.0805e-03
1.2969e+07, 1.0788e-03
1.2984e+07, 1.0771e-03
1.3000e+07, 1.0754e-03
1.3016e+07, 1.0746e-03
1.3031e+07, 1.0737e-03
1.3047e+07, 1.0729e-03
1.3062e+07, 1.0721e-03
1.3078e+07, 1.0712e-03
1.3094e+07, 1.0704e-03
1.3109e+07, 1.0696e-03
1.3125e+07, 1.0687e-03
1.3141e+07, 1.0679e-03
1.3156e+07, 1.0671e-03
1.3172e+07, 1.0662e-03
1.3188e+07, 1.0654e-03
1.3203e+07, 1.0646e-03
1.3219e+07, 1.0638e-03
1.3234e+07, 1.0630e-03
1.3250e+07, 1.0621e-03
1.3266e+07, 1.0613e-03
1.3281e+07, 1.0605e-03
1.3297e+07, 1.0597e-03
1.3312e+07, 1.0589e-03
1.3328e+07, 1.0581e-03
1.3344e+07, 1.0573e-03
1.3359e+07, 1.0565e-03
1.3375e+07, 1.0557e-03
1.3391e+07, 1.0549e-03
1.3406e+07, 1.0541e-03
1.3422e+07, 1.0533e-03
1.3438e+07, 1.0525e-03
1.3453e+07, 1.0517e-03
1.3469e+07, 1.0509e-03
1.3484e+07, 1.0501e-03
1.3500e+07, 1.0493e-03
1.3516e+07, 1.0485e-03
1.3531e+07, 1.0477e-03
1.3547e+07, 1.0469e-03
1.3562e+07, 1.0461e-03
1.3578e+07, 1.0453e-03
1.3594e+07, 1.0446e-03
1.3609e+07, 1.0438e-03
1.3625e+07, 1.0430e-03
1.3641e+07, 1.0422e-03
1.3656e+07, 1.0414e-03
1.3672e+07, 1.0407e-03
1.3688e+07, 1.0399e-03
1.3703e+07, 1.0391e-03
1.3719e+07, 1.0383e-03
1.3734e+07, 1.0376e-03
1.3750e+07, 1.0368e-03
1.3766e+07, 1.0360e-03
1.3781e+07, 1.0353e-03
1.3797e+07, 1.0345e-03
1.3812e+07, 1.0337e-03
1.3828e+07, 1.0330e-03
1.3844e+07, 1.0322e-03
1.3859e+07, 1.0315e-03
1.3875e+07, 1.0307e-03
1.3891e+07, 1.0299e-03
1.3906e+07, 1.0292e-03
1.3922e+07, 1.0284e-03
1.3938e+07, 1.0277e-03
1.3953e+07, 1.0269e-03
1.3969e+07, 1.0262e-03
1.3984e+07, 1.0254e-03
1.4000e+07, 1.0247e-03
1.4016e+07, 1.0245e-03
1.4031e+07, 1.0242e-03
1.4047e+07, 1.0240e-03
1.4062e+07, 1.0238e-03
1.4078e+07, 1.0236e-03
1.4094e+07, 1.0233e-03
1.4109e+07, 1.0231e-03
1.4125e+07, 1.0229e-03
1.4141e+07, 1.0227e-03
1.4156e+07, 1.0224e-03
1.4172e+07, 1.0222e-03
1.4188e+07, 1.0220e-03
1.4203e+07, 1.0218e-03
1.4219e+07, 1.0216e-03
1.4234e+07, 1.0213e-03
1.4250e+07, 1.0211e-03
1.4266e+07, 1.0209e-03
1.4281e+07, 1.0207e-03
1.4297e+07, 1.0204e-03
1.4312e+07, 1.0202e-03
1.4328e+07, 1.0200e-03
1.4344e+07, 1.0198e-03
1.4359e+07, 1.0196e-03
1.4375e+07, 1.0193e-03
1.4391e+07, 1.0191e-03
1.4406e+07, 1.0189e-03
1.4422e+07, 1.0187e-03
1.4438e+07, 1.0185e-03
1.4453e+07, 1.0183e-03
1.4469e+07, 1.0180e-03
1.4484e+07, 1.0178e-03
1.4500e+07, 1.0176e-03
1.4531e+07, 1.0172e-03
1.4562e+07, 1.0167e-03
1.4594e+07, 1.0163e-03
1.4625e+07, 1.0159e-03
1.4656e+07, 1.0154e-03
1.4688e+07, 1.0150e-03
1.4719e+07, 1.0146e-03
1.4750e+07, 1.0142e-03
1.4781e+07, 1.0137e-03
1.4812e+07, 1.0133e-03
1.4844e+07, 1.0129e-03
1.4875e+07, 1.0125e-03
1.4906e+07, 1.0121e-03
1.4938e+07, 1.0116e-03
1.4969e+07, 1.0112e-03
1.5000e+07, 1.0108e-03
1.5047e+07, 1.0112e-03
1.5095e+07, 1.0117e-03
1.5142e+07, 1.0121e-03
1.5189e+07, 1.0125e-03
1.5237e+07, 1.0130e-03
1.5284e+07, 1.0134e-03
1.5332e+07, 1.0138e-03
1.5379e+07, 1.0142e-03
1.5426e+07, 1.0147e-03
1.5474e+07, 1.0151e-03
1.5521e+07, 1.0155e-03
1.5568e+07, 1.0159e-03
1.5616e+07, 1.0163e-03
1.5663e+07, 1.0168e-03
1.5711e+07, 1.0172e-03
1.5758e+07, 1.0176e-03
1.5818e+07, 1.0181e-03
1.5879e+07, 1.0186e-03
1.5939e+07, 1.0192e-03
1.6000e+07, 1.0197e-03
1.6062e+07, 1.0213e-03
1.6125e+07, 1.0228e-03
1.6188e+07, 1.0244e-03
1.6250e+07, 1.0260e-03
1.6312e+07, 1.0275e-03
1.6375e+07, 1.0291e-03
1.6438e+07, 1.0306e-03
1.6500e+07, 1.0321e-03
1.6562e+07, 1.0337e-03
1.6625e+07, 1.0352e-03
1.6688e+07, 1.0367e-03
1.6750e+07, 1.0383e-03
1.6812e+07, 1.0398e-03
1.6875e+07, 1.0413e-03
1.6938e+07, 1.0428e-03
1.7000e+07, 1.0444e-03
1.7032e+07, 1.0455e-03
1.7064e+07, 1.0467e-03
1.7096e+07, 1.0479e-03
1.7129e+07, 1.0490e-03
1.7161e+07, 1.0502e-03
1.7193e+07, 1.0513e-03
1.7225e+07, 1.0525e-03
1.7257e+07, 1.0536e-03
1.7280e+07, 1.0545e-03
1.7304e+07, 1.0553e-03
1.7327e+07, 1.0562e-03
1.7350e+07, 1.0570e-03
1.7373e+07, 1.0578e-03
1.7396e+07, 1.0587e-03
1.7420e+07, 1.0595e-03
1.7443e+07, 1.0603e-03
1.7466e+07, 1.0612e-03
1.7489e+07, 1.0620e-03
1.7512e+07, 1.0628e-03
1.7536e+07, 1.0637e-03
1.7559e+07, 1.0645e-03
1.7582e+07, 1.0653e-03
1.7605e+07, 1.0661e-03
1.7629e+07, 1.0670e-03
1.7652e+07, 1.0678e-03
1.7675e+07, 1.0686e-03
1.7698e+07, 1.0695e-03
1.7721e+07, 1.0703e-03
1.7745e+07, 1.0711e-03
1.7768e+07, 1.0719e-03
1.7791e+07, 1.0728e-03
1.7814e+07, 1.0736e-03
1.7838e+07, 1.0744e-03
1.7861e+07, 1.0752e-03
1.7884e+07, 1.0761e-03
1.7907e+07, 1.0769e-03
1.7930e+07, 1.0777e-03
1.7954e+07, 1.0785e-03
1.7977e+07, 1.0794e-03
1.8000e+07, 1.0802e-03
1.8054e+07, 1.0826e-03
1.8107e+07, 1.0851e-03
1.8161e+07, 1.0876e-03
1.8214e+07, 1.0900e-03
1.8263e+07, 1.0923e-03
1.8312e+07, 1.0945e-03
1.8361e+07, 1.0968e-03
1.8411e+07, 1.0990e-03
1.8460e+07, 1.1013e-03
1.8509e+07, 1.1035e-03
1.8558e+07, 1.1058e-03
1.8607e+07, 1.1080e-03
1.8656e+07, 1.1102e-03
1.8705e+07, 1.1125e-03
1.8754e+07, 1.1147e-03
1.8804e+07, 1.1170e-03
1.8853e+07, 1.1192e-03
1.8902e+07, 1.1214e-03
1.8951e+07, 1.1237e-03
1.9000e+07, 1.1259e-03
1.9125e+07, 1.1326e-03
1.9250e+07, 1.1394e-03
1.9375e+07, 1.1461e-03
1.9500e+07, 1.1528e-03
1.9625e+07, 1.1596e-03
1.9750e+07, 1.1663e-03
1.9875e+07, 1.1730e-03
2.0000e+07, 1.1797e-03
