ebin, xs
1.0000e-05, 4.1354e+01
1.0625e-05, 4.0120e+01
1.1250e-05, 3.8989e+01
1.1875e-05, 3.7949e+01
1.2500e-05, 3.6988e+01
1.3750e-05, 3.5267e+01
1.5000e-05, 3.3766e+01
1.6250e-05, 3.2441e+01
1.7500e-05, 3.1261e+01
1.8750e-05, 3.0201e+01
2.0000e-05, 2.9242e+01
2.1875e-05, 2.7961e+01
2.3750e-05, 2.6834e+01
2.5625e-05, 2.5834e+01
2.7500e-05, 2.4938e+01
2.9375e-05, 2.4129e+01
3.1250e-05, 2.3393e+01
3.3125e-05, 2.2722e+01
3.5000e-05, 2.2105e+01
3.8750e-05, 2.1008e+01
4.2500e-05, 2.0060e+01
4.6250e-05, 1.9229e+01
5.0000e-05, 1.8494e+01
5.3125e-05, 1.7942e+01
5.6250e-05, 1.7436e+01
5.9375e-05, 1.6971e+01
6.2500e-05, 1.6542e+01
6.8750e-05, 1.5772e+01
7.5000e-05, 1.5100e+01
8.1250e-05, 1.4508e+01
8.7500e-05, 1.3980e+01
9.3750e-05, 1.3506e+01
1.0000e-04, 1.3077e+01
1.0625e-04, 1.2687e+01
1.1250e-04, 1.2329e+01
1.1875e-04, 1.2001e+01
1.2500e-04, 1.1697e+01
1.3750e-04, 1.1152e+01
1.5000e-04, 1.0678e+01
1.6250e-04, 1.0259e+01
1.7500e-04, 9.8855e+00
1.8750e-04, 9.5503e+00
2.0000e-04, 9.2471e+00
2.1875e-04, 8.8419e+00
2.3750e-04, 8.4857e+00
2.5625e-04, 8.1693e+00
2.7500e-04, 7.8859e+00
2.9375e-04, 7.6301e+00
3.1250e-04, 7.3977e+00
3.3125e-04, 7.1852e+00
3.5000e-04, 6.9901e+00
3.8750e-04, 6.6433e+00
4.2500e-04, 6.3434e+00
4.6250e-04, 6.0808e+00
5.0000e-04, 5.8484e+00
5.3125e-04, 5.6737e+00
5.6250e-04, 5.5139e+00
5.9375e-04, 5.3668e+00
6.2500e-04, 5.2309e+00
6.8750e-04, 4.9875e+00
7.5000e-04, 4.7752e+00
8.1250e-04, 4.5878e+00
8.7500e-04, 4.4209e+00
9.3750e-04, 4.2710e+00
1.0000e-03, 4.1354e+00
1.0625e-03, 4.0120e+00
1.1250e-03, 3.8989e+00
1.1875e-03, 3.7949e+00
1.2500e-03, 3.6988e+00
1.3750e-03, 3.5267e+00
1.5000e-03, 3.3766e+00
1.6250e-03, 3.2441e+00
1.7500e-03, 3.1261e+00
1.8750e-03, 3.0201e+00
2.0000e-03, 2.9242e+00
2.1875e-03, 2.7961e+00
2.3750e-03, 2.6835e+00
2.5625e-03, 2.5834e+00
2.7500e-03, 2.4938e+00
2.9375e-03, 2.4129e+00
3.1250e-03, 2.3394e+00
3.3125e-03, 2.2722e+00
3.5000e-03, 2.2105e+00
3.8750e-03, 2.1008e+00
4.2500e-03, 2.0060e+00
4.6250e-03, 1.9230e+00
5.0000e-03, 1.8495e+00
5.3125e-03, 1.7942e+00
5.6250e-03, 1.7437e+00
5.9375e-03, 1.6972e+00
6.2500e-03, 1.6542e+00
6.8750e-03, 1.5772e+00
7.5000e-03, 1.5100e+00
8.1250e-03, 1.4508e+00
8.7500e-03, 1.3980e+00
9.3750e-03, 1.3506e+00
1.0000e-02, 1.3077e+00
1.0625e-02, 1.2687e+00
1.1250e-02, 1.2329e+00
1.1875e-02, 1.2001e+00
1.2500e-02, 1.1697e+00
1.3750e-02, 1.1153e+00
1.5000e-02, 1.0678e+00
1.6250e-02, 1.0259e+00
1.7500e-02, 9.8855e-01
1.8750e-02, 9.5501e-01
2.0000e-02, 9.2467e-01
2.1325e-02, 8.9548e-01
2.2650e-02, 8.6889e-01
2.3975e-02, 8.4456e-01
2.5300e-02, 8.2217e-01
2.6844e-02, 7.9822e-01
2.8387e-02, 7.7625e-01
3.1475e-02, 7.3725e-01
3.4563e-02, 7.0355e-01
3.7650e-02, 6.7406e-01
4.0738e-02, 6.4798e-01
4.3825e-02, 6.2471e-01
4.6913e-02, 6.0379e-01
5.0000e-02, 5.8484e-01
5.3125e-02, 5.6737e-01
5.6250e-02, 5.5140e-01
5.9375e-02, 5.3672e-01
6.2500e-02, 5.2317e-01
6.8750e-02, 4.9887e-01
7.5000e-02, 4.7763e-01
8.1250e-02, 4.5887e-01
8.7500e-02, 4.4216e-01
9.3750e-02, 4.2716e-01
1.0000e-01, 4.1358e-01
1.0625e-01, 4.0123e-01
1.1250e-01, 3.8993e-01
1.1875e-01, 3.7956e-01
1.2500e-01, 3.6999e-01
1.3750e-01, 3.5282e-01
1.5000e-01, 3.3779e-01
1.6250e-01, 3.2453e-01
1.7500e-01, 3.1272e-01
1.8750e-01, 3.0212e-01
2.0000e-01, 2.9255e-01
2.1875e-01, 2.7976e-01
2.3750e-01, 2.6849e-01
2.5625e-01, 2.5848e-01
2.7500e-01, 2.4951e-01
2.9375e-01, 2.4141e-01
3.1250e-01, 2.3406e-01
3.3125e-01, 2.2735e-01
3.5000e-01, 2.2123e-01
3.8750e-01, 2.1030e-01
4.2500e-01, 2.0081e-01
5.0000e-01, 1.8518e-01
6.2500e-01, 1.6568e-01
7.5000e-01, 1.5126e-01
8.7500e-01, 1.4010e-01
1.0000e+00, 1.3111e-01
1.2500e+00, 1.1730e-01
1.5000e+00, 1.0713e-01
1.7500e+00, 9.9246e-02
2.0000e+00, 9.2891e-02
2.3750e+00, 8.5313e-02
2.7500e+00, 7.9357e-02
3.1250e+00, 7.4500e-02
3.5000e+00, 7.0451e-02
4.2500e+00, 6.4038e-02
5.0000e+00, 5.9144e-02
6.2500e+00, 5.3057e-02
7.5000e+00, 4.8577e-02
8.7500e+00, 4.5114e-02
1.0000e+01, 4.2334e-02
1.2500e+01, 3.8105e-02
1.5000e+01, 3.5015e-02
1.7500e+01, 3.2640e-02
2.0000e+01, 3.0748e-02
2.3750e+01, 2.8528e-02
2.7500e+01, 2.6817e-02
3.1250e+01, 2.5458e-02
3.5000e+01, 2.4356e-02
4.2500e+01, 2.2690e-02
5.0000e+01, 2.1518e-02
6.2500e+01, 2.0261e-02
7.5000e+01, 1.9578e-02
8.7500e+01, 1.9296e-02
1.0000e+02, 1.9329e-02
1.1250e+02, 1.9634e-02
1.2500e+02, 2.0199e-02
1.3750e+02, 2.1028e-02
1.5000e+02, 2.2146e-02
1.6250e+02, 2.3593e-02
1.7500e+02, 2.5432e-02
1.8750e+02, 2.7755e-02
2.0000e+02, 3.0692e-02
2.1024e+02, 3.3686e-02
2.2048e+02, 3.7367e-02
2.3072e+02, 4.1942e-02
2.4096e+02, 4.7707e-02
2.5120e+02, 5.5087e-02
2.5632e+02, 5.9574e-02
2.6144e+02, 6.4746e-02
2.6656e+02, 7.0738e-02
2.7168e+02, 7.7734e-02
2.7680e+02, 8.5970e-02
2.8192e+02, 9.5758e-02
2.8672e+02, 1.0673e-01
2.9152e+02, 1.1993e-01
2.9632e+02, 1.3601e-01
3.0112e+02, 1.5585e-01
3.0352e+02, 1.6713e-01
3.0592e+02, 1.8017e-01
3.0832e+02, 1.9487e-01
3.1072e+02, 2.1155e-01
3.1312e+02, 2.3058e-01
3.1552e+02, 2.5244e-01
3.1792e+02, 2.7772e-01
3.2031e+02, 3.0719e-01
3.2255e+02, 3.3941e-01
3.2479e+02, 3.7729e-01
3.2703e+02, 4.2216e-01
3.2927e+02, 4.7571e-01
3.3151e+02, 5.4026e-01
3.3375e+02, 6.1737e-01
3.3487e+02, 6.6344e-01
3.3599e+02, 7.1458e-01
3.3711e+02, 7.7241e-01
3.3767e+02, 8.0408e-01
3.3823e+02, 8.3771e-01
3.3861e+02, 8.6177e-01
3.3899e+02, 8.8693e-01
3.3937e+02, 9.1325e-01
3.3975e+02, 9.4079e-01
3.4013e+02, 9.6961e-01
3.4051e+02, 9.9978e-01
3.4089e+02, 1.0314e+00
3.4108e+02, 1.0478e+00
3.4127e+02, 1.0646e+00
3.4143e+02, 1.0790e+00
3.4159e+02, 1.0938e+00
3.4173e+02, 1.1070e+00
3.4187e+02, 1.1204e+00
3.4201e+02, 1.1341e+00
3.4215e+02, 1.1480e+00
3.4243e+02, 1.1767e+00
3.4271e+02, 1.2064e+00
3.4289e+02, 1.2261e+00
3.4307e+02, 1.2464e+00
3.4325e+02, 1.2671e+00
3.4343e+02, 1.2884e+00
3.4361e+02, 1.3102e+00
3.4379e+02, 1.3325e+00
3.4397e+02, 1.3555e+00
3.4415e+02, 1.3790e+00
3.4433e+02, 1.4032e+00
3.4451e+02, 1.4281e+00
3.4469e+02, 1.4536e+00
3.4487e+02, 1.4798e+00
3.4523e+02, 1.5345e+00
3.4559e+02, 1.5922e+00
3.4581e+02, 1.6292e+00
3.4603e+02, 1.6674e+00
3.4647e+02, 1.7481e+00
3.4691e+02, 1.8349e+00
3.4735e+02, 1.9284e+00
3.4779e+02, 2.0293e+00
3.4823e+02, 2.1384e+00
3.4867e+02, 2.2566e+00
3.4911e+02, 2.3850e+00
3.4955e+02, 2.5249e+00
3.4999e+02, 2.6775e+00
3.5043e+02, 2.8445e+00
3.5087e+02, 3.0279e+00
3.5131e+02, 3.2296e+00
3.5175e+02, 3.4525e+00
3.5219e+02, 3.6994e+00
3.5263e+02, 3.9739e+00
3.5307e+02, 4.2805e+00
3.5351e+02, 4.6242e+00
3.5395e+02, 5.0114e+00
3.5439e+02, 5.4496e+00
3.5483e+02, 5.9484e+00
3.5527e+02, 6.5194e+00
3.5571e+02, 7.1773e+00
3.5615e+02, 7.9405e+00
3.5659e+02, 8.8332e+00
3.5703e+02, 9.8862e+00
3.5747e+02, 1.1140e+01
3.5769e+02, 1.1860e+01
3.5791e+02, 1.2651e+01
3.5813e+02, 1.3524e+01
3.5835e+02, 1.4492e+01
3.5857e+02, 1.5568e+01
3.5879e+02, 1.6769e+01
3.5901e+02, 1.8115e+01
3.5923e+02, 1.9630e+01
3.5945e+02, 2.1343e+01
3.5967e+02, 2.3289e+01
3.5993e+02, 2.5952e+01
3.6019e+02, 2.9096e+01
3.6045e+02, 3.2850e+01
3.6071e+02, 3.7386e+01
3.6097e+02, 4.2940e+01
3.6110e+02, 4.6195e+01
3.6123e+02, 4.9835e+01
3.6136e+02, 5.3923e+01
3.6149e+02, 5.8534e+01
3.6162e+02, 6.3760e+01
3.6175e+02, 6.9707e+01
3.6193e+02, 7.9408e+01
3.6211e+02, 9.1241e+01
3.6229e+02, 1.0584e+02
3.6238e+02, 1.1443e+02
3.6247e+02, 1.2405e+02
3.6256e+02, 1.3485e+02
3.6265e+02, 1.4701e+02
3.6274e+02, 1.6071e+02
3.6283e+02, 1.7617e+02
3.6292e+02, 1.9361e+02
3.6301e+02, 2.1327e+02
3.6310e+02, 2.3538e+02
3.6319e+02, 2.6013e+02
3.6332e+02, 3.0026e+02
3.6345e+02, 3.4629e+02
3.6358e+02, 3.9800e+02
3.6370e+02, 4.5445e+02
3.6396e+02, 5.7375e+02
3.6409e+02, 6.3050e+02
3.6422e+02, 6.8031e+02
3.6431e+02, 7.1075e+02
3.6441e+02, 7.3361e+02
3.6450e+02, 7.4773e+02
3.6460e+02, 7.5236e+02
3.6476e+02, 7.3927e+02
3.6491e+02, 7.0250e+02
3.6507e+02, 6.4693e+02
3.6522e+02, 5.7925e+02
3.6554e+02, 4.3473e+02
3.6569e+02, 3.6841e+02
3.6585e+02, 3.0995e+02
3.6601e+02, 2.5767e+02
3.6618e+02, 2.1479e+02
3.6634e+02, 1.8013e+02
3.6650e+02, 1.5231e+02
3.6667e+02, 1.2998e+02
3.6683e+02, 1.1196e+02
3.6700e+02, 9.7321e+01
3.6716e+02, 8.5309e+01
3.6732e+02, 7.5768e+01
3.6748e+02, 6.7729e+01
3.6763e+02, 6.0890e+01
3.6779e+02, 5.5031e+01
3.6795e+02, 4.9968e+01
3.6811e+02, 4.5570e+01
3.6826e+02, 4.1725e+01
3.6842e+02, 3.8343e+01
3.6873e+02, 3.2700e+01
3.6905e+02, 2.8217e+01
3.6936e+02, 2.4595e+01
3.6968e+02, 2.1631e+01
3.6997e+02, 1.9283e+01
3.7027e+02, 1.7300e+01
3.7057e+02, 1.5608e+01
3.7087e+02, 1.4149e+01
3.7117e+02, 1.2883e+01
3.7147e+02, 1.1777e+01
3.7177e+02, 1.0808e+01
3.7207e+02, 9.9526e+00
3.7267e+02, 8.5208e+00
3.7326e+02, 7.3765e+00
3.7386e+02, 6.4478e+00
3.7446e+02, 5.6836e+00
3.7503e+02, 5.0768e+00
3.7560e+02, 4.5640e+00
3.7617e+02, 4.1280e+00
3.7673e+02, 3.7494e+00
3.7730e+02, 3.4185e+00
3.7787e+02, 3.1290e+00
3.7844e+02, 2.8748e+00
3.7901e+02, 2.6502e+00
3.8014e+02, 2.2731e+00
3.8128e+02, 1.9709e+00
3.8242e+02, 1.7249e+00
3.8355e+02, 1.5221e+00
3.8457e+02, 1.3694e+00
3.8559e+02, 1.2385e+00
3.8660e+02, 1.1255e+00
3.8762e+02, 1.0272e+00
3.8864e+02, 9.4254e-01
3.8966e+02, 8.6757e-01
3.9067e+02, 7.9993e-01
3.9169e+02, 7.4040e-01
3.9372e+02, 6.3920e-01
3.9576e+02, 5.5737e-01
3.9779e+02, 4.9029e-01
3.9982e+02, 4.3463e-01
4.0174e+02, 3.9047e-01
4.0365e+02, 3.5271e-01
4.0557e+02, 3.2018e-01
4.0748e+02, 2.9197e-01
4.0940e+02, 2.6733e-01
4.1131e+02, 2.4582e-01
4.1514e+02, 2.0990e-01
4.1897e+02, 1.8130e-01
4.2280e+02, 1.5826e-01
4.2662e+02, 1.3946e-01
4.3045e+02, 1.2394e-01
4.3572e+02, 1.0681e-01
4.4098e+02, 9.3124e-02
4.4625e+02, 8.2180e-02
4.5151e+02, 7.3486e-02
4.5677e+02, 6.6448e-02
4.6204e+02, 6.1055e-02
4.6730e+02, 5.7322e-02
4.6994e+02, 5.6280e-02
4.7257e+02, 5.5886e-02
4.7508e+02, 5.6887e-02
4.7634e+02, 5.8089e-02
4.7759e+02, 6.0136e-02
4.7885e+02, 6.3536e-02
4.7948e+02, 6.5971e-02
4.8010e+02, 6.9076e-02
4.8073e+02, 7.3130e-02
4.8136e+02, 7.8578e-02
4.8199e+02, 8.6025e-02
4.8230e+02, 9.0789e-02
4.8262e+02, 9.6475e-02
4.8310e+02, 1.0748e-01
4.8334e+02, 1.1438e-01
4.8357e+02, 1.2252e-01
4.8384e+02, 1.3357e-01
4.8411e+02, 1.4727e-01
4.8438e+02, 1.6452e-01
4.8465e+02, 1.8672e-01
4.8479e+02, 2.0031e-01
4.8492e+02, 2.1604e-01
4.8506e+02, 2.3444e-01
4.8519e+02, 2.5622e-01
4.8532e+02, 2.8240e-01
4.8546e+02, 3.1448e-01
4.8559e+02, 3.5485e-01
4.8573e+02, 4.0739e-01
4.8580e+02, 4.4013e-01
4.8586e+02, 4.7867e-01
4.8593e+02, 5.2456e-01
4.8600e+02, 5.7981e-01
4.8606e+02, 6.4700e-01
4.8613e+02, 7.2943e-01
4.8620e+02, 8.3122e-01
4.8627e+02, 9.5751e-01
4.8633e+02, 1.1146e+00
4.8640e+02, 1.3099e+00
4.8647e+02, 1.5522e+00
4.8654e+02, 1.8515e+00
4.8660e+02, 2.2191e+00
4.8667e+02, 2.6667e+00
4.8674e+02, 3.2069e+00
4.8680e+02, 3.8506e+00
4.8688e+02, 4.6573e+00
4.8695e+02, 5.6020e+00
4.8702e+02, 6.6937e+00
4.8709e+02, 7.9304e+00
4.8716e+02, 9.3093e+00
4.8723e+02, 1.0812e+01
4.8737e+02, 1.4093e+01
4.8754e+02, 1.8000e+01
4.8762e+02, 1.9811e+01
4.8770e+02, 2.1407e+01
4.8778e+02, 2.2707e+01
4.8787e+02, 2.3637e+01
4.8793e+02, 2.4082e+01
4.8800e+02, 2.4230e+01
4.8808e+02, 2.3996e+01
4.8817e+02, 2.3313e+01
4.8828e+02, 2.1680e+01
4.8840e+02, 1.9429e+01
4.8842e+02, 1.8925e+01
4.8848e+02, 1.7608e+01
4.8854e+02, 1.6241e+01
4.8858e+02, 1.5130e+01
4.8871e+02, 1.2110e+01
4.8884e+02, 9.3357e+00
4.8890e+02, 8.0919e+00
4.8897e+02, 6.9601e+00
4.8903e+02, 5.9457e+00
4.8909e+02, 5.0492e+00
4.8915e+02, 4.2994e+00
4.8922e+02, 3.6498e+00
4.8928e+02, 3.0921e+00
4.8934e+02, 2.6177e+00
4.8940e+02, 2.2171e+00
4.8946e+02, 1.8824e+00
4.8952e+02, 1.6042e+00
4.8958e+02, 1.3741e+00
4.8964e+02, 1.1843e+00
4.8970e+02, 1.0285e+00
4.8976e+02, 9.0060e-01
4.8982e+02, 7.9547e-01
4.8989e+02, 7.0882e-01
4.8995e+02, 6.3711e-01
4.9001e+02, 5.7741e-01
4.9007e+02, 5.2735e-01
4.9012e+02, 4.8871e-01
4.9018e+02, 4.5534e-01
4.9029e+02, 4.0069e-01
4.9040e+02, 3.5790e-01
4.9051e+02, 3.2346e-01
4.9062e+02, 2.9505e-01
4.9073e+02, 2.7121e-01
4.9084e+02, 2.5087e-01
4.9095e+02, 2.3331e-01
4.9117e+02, 2.0452e-01
4.9139e+02, 1.8201e-01
4.9161e+02, 1.6400e-01
4.9183e+02, 1.4934e-01
4.9202e+02, 1.3898e-01
4.9220e+02, 1.3008e-01
4.9257e+02, 1.1561e-01
4.9295e+02, 1.0443e-01
4.9332e+02, 9.5624e-02
4.9369e+02, 8.8579e-02
4.9406e+02, 8.2864e-02
4.9480e+02, 7.4206e-02
4.9554e+02, 6.8022e-02
4.9629e+02, 6.3510e-02
4.9703e+02, 6.0166e-02
4.9777e+02, 5.7668e-02
4.9889e+02, 5.5124e-02
5.0000e+02, 5.3502e-02
5.0106e+02, 5.2679e-02
5.0211e+02, 5.2509e-02
5.0323e+02, 5.2997e-02
5.0435e+02, 5.4240e-02
5.0547e+02, 5.6401e-02
5.0659e+02, 5.9788e-02
5.0771e+02, 6.4926e-02
5.0828e+02, 6.8376e-02
5.0884e+02, 7.2651e-02
5.0940e+02, 7.8069e-02
5.0996e+02, 8.4996e-02
5.1052e+02, 9.3955e-02
5.1108e+02, 1.0574e-01
5.1161e+02, 1.2054e-01
5.1194e+02, 1.3241e-01
5.1226e+02, 1.4706e-01
5.1259e+02, 1.6544e-01
5.1292e+02, 1.8892e-01
5.1309e+02, 2.0318e-01
5.1325e+02, 2.1958e-01
5.1342e+02, 2.3860e-01
5.1358e+02, 2.6081e-01
5.1375e+02, 2.8708e-01
5.1391e+02, 3.1848e-01
5.1408e+02, 3.5665e-01
5.1424e+02, 4.0395e-01
5.1441e+02, 4.6425e-01
5.1449e+02, 5.0113e-01
5.1457e+02, 5.4404e-01
5.1466e+02, 5.9472e-01
5.1474e+02, 6.5536e-01
5.1482e+02, 7.2917e-01
5.1490e+02, 8.2050e-01
5.1498e+02, 9.3540e-01
5.1507e+02, 1.0815e+00
5.1511e+02, 1.1695e+00
5.1515e+02, 1.2695e+00
5.1519e+02, 1.3832e+00
5.1523e+02, 1.5128e+00
5.1527e+02, 1.6609e+00
5.1531e+02, 1.8293e+00
5.1536e+02, 2.0211e+00
5.1540e+02, 2.2393e+00
5.1544e+02, 2.4872e+00
5.1548e+02, 2.7684e+00
5.1552e+02, 3.0866e+00
5.1556e+02, 3.4457e+00
5.1561e+02, 3.8717e+00
5.1565e+02, 4.3522e+00
5.1569e+02, 4.8922e+00
5.1573e+02, 5.4947e+00
5.1578e+02, 6.1672e+00
5.1582e+02, 6.9125e+00
5.1586e+02, 7.7341e+00
5.1591e+02, 8.6329e+00
5.1599e+02, 1.0679e+01
5.1608e+02, 1.3050e+01
5.1617e+02, 1.5731e+01
5.1625e+02, 1.8669e+01
5.1644e+02, 2.5310e+01
5.1662e+02, 3.1680e+01
5.1672e+02, 3.4562e+01
5.1681e+02, 3.6754e+01
5.1691e+02, 3.8031e+01
5.1700e+02, 3.8463e+01
5.1709e+02, 3.8058e+01
5.1718e+02, 3.6883e+01
5.1728e+02, 3.4710e+01
5.1738e+02, 3.1817e+01
5.1754e+02, 2.6342e+01
5.1769e+02, 2.0518e+01
5.1781e+02, 1.6506e+01
5.1792e+02, 1.2921e+01
5.1802e+02, 1.0221e+01
5.1807e+02, 9.0370e+00
5.1812e+02, 7.9628e+00
5.1817e+02, 6.9955e+00
5.1822e+02, 6.1310e+00
5.1827e+02, 5.3636e+00
5.1832e+02, 4.6869e+00
5.1837e+02, 4.0936e+00
5.1842e+02, 3.5764e+00
5.1848e+02, 3.1277e+00
5.1853e+02, 2.7403e+00
5.1858e+02, 2.4070e+00
5.1863e+02, 2.1212e+00
5.1868e+02, 1.8767e+00
5.1873e+02, 1.6679e+00
5.1878e+02, 1.4894e+00
5.1883e+02, 1.3375e+00
5.1888e+02, 1.2077e+00
5.1893e+02, 1.0967e+00
5.1898e+02, 1.0014e+00
5.1903e+02, 9.1945e-01
5.1908e+02, 8.4860e-01
5.1913e+02, 7.8706e-01
5.1923e+02, 6.8611e-01
5.1933e+02, 6.0733e-01
5.1943e+02, 5.4435e-01
5.1953e+02, 4.9284e-01
5.1963e+02, 4.4983e-01
5.1973e+02, 4.1336e-01
5.1983e+02, 3.8197e-01
5.1993e+02, 3.5464e-01
5.2013e+02, 3.0936e-01
5.2033e+02, 2.7342e-01
5.2050e+02, 2.4808e-01
5.2068e+02, 2.2666e-01
5.2085e+02, 2.0834e-01
5.2102e+02, 1.9257e-01
5.2137e+02, 1.6689e-01
5.2171e+02, 1.4702e-01
5.2211e+02, 1.2899e-01
5.2251e+02, 1.1490e-01
5.2291e+02, 1.0365e-01
5.2332e+02, 9.4536e-02
5.2372e+02, 8.7045e-02
5.2412e+02, 8.0818e-02
5.2452e+02, 7.5585e-02
5.2492e+02, 7.1154e-02
5.2573e+02, 6.4115e-02
5.2653e+02, 5.8754e-02
5.2733e+02, 5.4573e-02
5.2814e+02, 5.1270e-02
5.2928e+02, 4.7643e-02
5.3043e+02, 4.4980e-02
5.3158e+02, 4.2877e-02
5.3273e+02, 4.1225e-02
5.3502e+02, 3.8863e-02
5.3732e+02, 3.7458e-02
5.3961e+02, 3.6389e-02
5.4191e+02, 3.5806e-02
5.4650e+02, 3.5360e-02
5.5155e+02, 3.5810e-02
5.5660e+02, 3.6992e-02
5.6165e+02, 3.8921e-02
5.6670e+02, 4.1718e-02
5.7175e+02, 4.5477e-02
5.7679e+02, 5.0605e-02
5.7932e+02, 5.3751e-02
5.8184e+02, 5.7514e-02
5.8437e+02, 6.1845e-02
5.8689e+02, 6.6844e-02
5.8988e+02, 7.4080e-02
5.9286e+02, 8.3045e-02
5.9584e+02, 9.3767e-02
5.9883e+02, 1.0766e-01
6.0181e+02, 1.2550e-01
6.0330e+02, 1.3640e-01
6.0480e+02, 1.4898e-01
6.0629e+02, 1.6360e-01
6.0778e+02, 1.8069e-01
6.0927e+02, 2.0083e-01
6.1076e+02, 2.2482e-01
6.1214e+02, 2.5124e-01
6.1352e+02, 2.8246e-01
6.1489e+02, 3.2083e-01
6.1627e+02, 3.6804e-01
6.1765e+02, 4.2699e-01
6.1834e+02, 4.6212e-01
6.1903e+02, 5.0192e-01
6.1971e+02, 5.4726e-01
6.2040e+02, 5.9921e-01
6.2109e+02, 6.5913e-01
6.2178e+02, 7.2874e-01
6.2250e+02, 8.1389e-01
6.2321e+02, 9.1473e-01
6.2393e+02, 1.0354e+00
6.2465e+02, 1.1829e+00
6.2537e+02, 1.3655e+00
6.2608e+02, 1.5948e+00
6.2644e+02, 1.7320e+00
6.2680e+02, 1.8876e+00
6.2716e+02, 2.0654e+00
6.2734e+02, 2.1639e+00
6.2752e+02, 2.2697e+00
6.2768e+02, 2.3696e+00
6.2783e+02, 2.4763e+00
6.2799e+02, 2.5905e+00
6.2815e+02, 2.7131e+00
6.2831e+02, 2.8447e+00
6.2846e+02, 2.9864e+00
6.2862e+02, 3.1391e+00
6.2878e+02, 3.3040e+00
6.2884e+02, 3.3674e+00
6.2896e+02, 3.5082e+00
6.2908e+02, 3.6581e+00
6.2920e+02, 3.8180e+00
6.2933e+02, 3.9888e+00
6.2945e+02, 4.1716e+00
6.2957e+02, 4.3674e+00
6.2969e+02, 4.5776e+00
6.2981e+02, 4.8037e+00
6.2989e+02, 4.9592e+00
6.2997e+02, 5.1225e+00
6.3005e+02, 5.2942e+00
6.3013e+02, 5.4749e+00
6.3021e+02, 5.6652e+00
6.3029e+02, 5.8658e+00
6.3037e+02, 6.0776e+00
6.3044e+02, 6.3013e+00
6.3052e+02, 6.5378e+00
6.3060e+02, 6.7884e+00
6.3068e+02, 7.0540e+00
6.3076e+02, 7.3359e+00
6.3084e+02, 7.6356e+00
6.3092e+02, 7.9546e+00
6.3100e+02, 8.2948e+00
6.3108e+02, 8.6574e+00
6.3115e+02, 9.0458e+00
6.3123e+02, 9.4620e+00
6.3131e+02, 9.9087e+00
6.3139e+02, 1.0389e+01
6.3147e+02, 1.0907e+01
6.3155e+02, 1.1467e+01
6.3163e+02, 1.2073e+01
6.3171e+02, 1.2731e+01
6.3179e+02, 1.3448e+01
6.3186e+02, 1.4232e+01
6.3194e+02, 1.5090e+01
6.3202e+02, 1.6035e+01
6.3210e+02, 1.7079e+01
6.3218e+02, 1.8237e+01
6.3226e+02, 1.9527e+01
6.3234e+02, 2.0970e+01
6.3241e+02, 2.2441e+01
6.3248e+02, 2.4084e+01
6.3255e+02, 2.5929e+01
6.3262e+02, 2.8009e+01
6.3270e+02, 3.0369e+01
6.3277e+02, 3.3047e+01
6.3284e+02, 3.6101e+01
6.3291e+02, 3.9593e+01
6.3298e+02, 4.3602e+01
6.3306e+02, 4.8196e+01
6.3313e+02, 5.3470e+01
6.3320e+02, 5.9522e+01
6.3327e+02, 6.6467e+01
6.3334e+02, 7.4396e+01
6.3341e+02, 8.3428e+01
6.3349e+02, 9.3673e+01
6.3356e+02, 1.0647e+02
6.3364e+02, 1.2096e+02
6.3372e+02, 1.3723e+02
6.3380e+02, 1.5531e+02
6.3388e+02, 1.7517e+02
6.3396e+02, 1.9672e+02
6.3412e+02, 2.4404e+02
6.3442e+02, 3.4131e+02
6.3457e+02, 3.8500e+02
6.3472e+02, 4.1936e+02
6.3486e+02, 4.3904e+02
6.3500e+02, 4.4576e+02
6.3505e+02, 4.4496e+02
6.3517e+02, 4.3488e+02
6.3530e+02, 4.1409e+02
6.3543e+02, 3.8439e+02
6.3555e+02, 3.4820e+02
6.3591e+02, 2.3535e+02
6.3609e+02, 1.8361e+02
6.3618e+02, 1.6064e+02
6.3626e+02, 1.3992e+02
6.3634e+02, 1.2422e+02
6.3641e+02, 1.1012e+02
6.3649e+02, 9.7557e+01
6.3656e+02, 8.6452e+01
6.3664e+02, 7.6694e+01
6.3671e+02, 6.8162e+01
6.3679e+02, 6.0733e+01
6.3686e+02, 5.4291e+01
6.3694e+02, 4.8699e+01
6.3701e+02, 4.3855e+01
6.3709e+02, 3.9657e+01
6.3716e+02, 3.6015e+01
6.3724e+02, 3.2847e+01
6.3731e+02, 3.0083e+01
6.3738e+02, 2.7664e+01
6.3746e+02, 2.5539e+01
6.3759e+02, 2.2394e+01
6.3772e+02, 1.9828e+01
6.3785e+02, 1.7706e+01
6.3798e+02, 1.5928e+01
6.3811e+02, 1.4420e+01
6.3824e+02, 1.3128e+01
6.3837e+02, 1.2011e+01
6.3850e+02, 1.1036e+01
6.3877e+02, 9.4243e+00
6.3903e+02, 8.1509e+00
6.3929e+02, 7.1248e+00
6.3955e+02, 6.2842e+00
6.3977e+02, 5.6782e+00
6.4000e+02, 5.1569e+00
6.4022e+02, 4.7051e+00
6.4045e+02, 4.3111e+00
6.4067e+02, 3.9650e+00
6.4089e+02, 3.6596e+00
6.4134e+02, 3.1468e+00
6.4179e+02, 2.7359e+00
6.4224e+02, 2.4017e+00
6.4269e+02, 2.1263e+00
6.4314e+02, 1.8959e+00
6.4355e+02, 1.7160e+00
6.4396e+02, 1.5604e+00
6.4437e+02, 1.4251e+00
6.4478e+02, 1.3068e+00
6.4519e+02, 1.2028e+00
6.4560e+02, 1.1108e+00
6.4642e+02, 9.5608e-01
6.4724e+02, 8.3188e-01
6.4806e+02, 7.3065e-01
6.4889e+02, 6.4713e-01
6.4971e+02, 5.7778e-01
6.5053e+02, 5.1926e-01
6.5135e+02, 4.6897e-01
6.5217e+02, 4.2570e-01
6.5299e+02, 3.8830e-01
6.5382e+02, 3.5574e-01
6.5464e+02, 3.2724e-01
6.5628e+02, 2.7995e-01
6.5792e+02, 2.4261e-01
6.5957e+02, 2.1264e-01
6.6121e+02, 1.8824e-01
6.6285e+02, 1.6817e-01
6.6427e+02, 1.5376e-01
6.6569e+02, 1.4140e-01
6.6711e+02, 1.3052e-01
6.6853e+02, 1.2113e-01
6.7137e+02, 1.0592e-01
6.7420e+02, 9.4478e-02
6.7704e+02, 8.5963e-02
6.7988e+02, 7.9870e-02
6.8272e+02, 7.5980e-02
6.8556e+02, 7.4331e-02
6.8735e+02, 7.4592e-02
6.8914e+02, 7.6041e-02
6.9093e+02, 7.8691e-02
6.9273e+02, 8.3335e-02
6.9452e+02, 9.0505e-02
6.9542e+02, 9.5349e-02
6.9631e+02, 1.0128e-01
6.9721e+02, 1.0856e-01
6.9810e+02, 1.1749e-01
6.9900e+02, 1.2847e-01
6.9990e+02, 1.4231e-01
7.0064e+02, 1.5672e-01
7.0139e+02, 1.7450e-01
7.0214e+02, 1.9673e-01
7.0288e+02, 2.2495e-01
7.0326e+02, 2.4199e-01
7.0363e+02, 2.6146e-01
7.0400e+02, 2.8384e-01
7.0438e+02, 3.0970e-01
7.0475e+02, 3.3979e-01
7.0512e+02, 3.7507e-01
7.0550e+02, 4.1690e-01
7.0587e+02, 4.6711e-01
7.0623e+02, 5.2479e-01
7.0658e+02, 5.9505e-01
7.0694e+02, 6.8184e-01
7.0729e+02, 7.9080e-01
7.0747e+02, 8.5611e-01
7.0765e+02, 9.3046e-01
7.0782e+02, 1.0157e+00
7.0800e+02, 1.1140e+00
7.0818e+02, 1.2288e+00
7.0836e+02, 1.3639e+00
7.0853e+02, 1.5250e+00
7.0871e+02, 1.7201e+00
7.0891e+02, 1.9905e+00
7.0900e+02, 2.1547e+00
7.0910e+02, 2.3444e+00
7.0920e+02, 2.5668e+00
7.0930e+02, 2.8305e+00
7.0940e+02, 3.1484e+00
7.0949e+02, 3.5376e+00
7.0959e+02, 4.0221e+00
7.0969e+02, 4.6327e+00
7.0979e+02, 5.4115e+00
7.0984e+02, 5.8806e+00
7.0989e+02, 6.4135e+00
7.0994e+02, 7.0205e+00
7.0998e+02, 7.7097e+00
7.1003e+02, 8.4935e+00
7.1008e+02, 9.3844e+00
7.1013e+02, 1.0396e+01
7.1018e+02, 1.1543e+01
7.1023e+02, 1.2841e+01
7.1028e+02, 1.4308e+01
7.1032e+02, 1.5877e+01
7.1037e+02, 1.7630e+01
7.1042e+02, 1.9581e+01
7.1047e+02, 2.1748e+01
7.1051e+02, 2.4144e+01
7.1056e+02, 2.6785e+01
7.1061e+02, 2.9683e+01
7.1065e+02, 3.2844e+01
7.1070e+02, 3.6290e+01
7.1075e+02, 4.0022e+01
7.1079e+02, 4.4045e+01
7.1084e+02, 4.8350e+01
7.1093e+02, 5.7836e+01
7.1103e+02, 6.8381e+01
7.1111e+02, 7.8672e+01
7.1119e+02, 8.9514e+01
7.1138e+02, 1.1439e+02
7.1159e+02, 1.3955e+02
7.1169e+02, 1.4975e+02
7.1179e+02, 1.5754e+02
7.1190e+02, 1.6253e+02
7.1200e+02, 1.6421e+02
7.1204e+02, 1.6398e+02
7.1215e+02, 1.6076e+02
7.1226e+02, 1.5401e+02
7.1240e+02, 1.4106e+02
7.1254e+02, 1.2457e+02
7.1277e+02, 9.4440e+01
7.1288e+02, 7.9573e+01
7.1300e+02, 6.5718e+01
7.1310e+02, 5.4168e+01
7.1321e+02, 4.4036e+01
7.1331e+02, 3.5379e+01
7.1337e+02, 3.1596e+01
7.1342e+02, 2.8164e+01
7.1347e+02, 2.5066e+01
7.1352e+02, 2.2284e+01
7.1358e+02, 1.9799e+01
7.1363e+02, 1.7588e+01
7.1368e+02, 1.5630e+01
7.1373e+02, 1.3902e+01
7.1379e+02, 1.2382e+01
7.1384e+02, 1.1050e+01
7.1389e+02, 9.9730e+00
7.1394e+02, 9.0242e+00
7.1399e+02, 8.1873e+00
7.1403e+02, 7.4498e+00
7.1408e+02, 6.7987e+00
7.1413e+02, 6.2263e+00
7.1418e+02, 5.7217e+00
7.1423e+02, 5.2763e+00
7.1432e+02, 4.5335e+00
7.1442e+02, 3.9490e+00
7.1452e+02, 3.4832e+00
7.1461e+02, 3.1069e+00
7.1471e+02, 2.7981e+00
7.1481e+02, 2.5412e+00
7.1490e+02, 2.3241e+00
7.1500e+02, 2.1382e+00
7.1510e+02, 1.9769e+00
7.1519e+02, 1.8356e+00
7.1539e+02, 1.5996e+00
7.1557e+02, 1.4178e+00
7.1576e+02, 1.2673e+00
7.1594e+02, 1.1410e+00
7.1612e+02, 1.0337e+00
7.1631e+02, 9.4144e-01
7.1649e+02, 8.6156e-01
7.1668e+02, 7.9185e-01
7.1686e+02, 7.3064e-01
7.1723e+02, 6.2845e-01
7.1760e+02, 5.4710e-01
7.1797e+02, 4.8122e-01
7.1834e+02, 4.2710e-01
7.1869e+02, 3.8405e-01
7.1904e+02, 3.4754e-01
7.1939e+02, 3.1627e-01
7.1974e+02, 2.8923e-01
7.2009e+02, 2.6568e-01
7.2045e+02, 2.4504e-01
7.2115e+02, 2.1077e-01
7.2185e+02, 1.8366e-01
7.2255e+02, 1.6185e-01
7.2326e+02, 1.4402e-01
7.2396e+02, 1.2929e-01
7.2477e+02, 1.1534e-01
7.2558e+02, 1.0374e-01
7.2638e+02, 9.3956e-02
7.2719e+02, 8.5661e-02
7.2800e+02, 7.8572e-02
7.2881e+02, 7.2462e-02
7.3043e+02, 6.2509e-02
7.3204e+02, 5.4796e-02
7.3366e+02, 4.8682e-02
7.3527e+02, 4.3820e-02
7.3689e+02, 3.9732e-02
7.3900e+02, 3.5393e-02
7.4111e+02, 3.1894e-02
7.4322e+02, 2.9019e-02
7.4532e+02, 2.6618e-02
7.4743e+02, 2.4585e-02
7.4954e+02, 2.2842e-02
7.5165e+02, 2.1333e-02
7.5376e+02, 2.0051e-02
7.5797e+02, 1.7834e-02
7.6219e+02, 1.6064e-02
7.6641e+02, 1.4618e-02
7.7062e+02, 1.3414e-02
7.7596e+02, 1.2148e-02
7.8130e+02, 1.1100e-02
7.9199e+02, 9.4619e-03
8.0267e+02, 8.2212e-03
8.1335e+02, 7.2693e-03
8.2403e+02, 6.5029e-03
8.3471e+02, 5.8723e-03
8.4539e+02, 5.3451e-03
8.5608e+02, 4.9004e-03
8.7407e+02, 4.2931e-03
8.9206e+02, 3.8126e-03
9.1005e+02, 3.4248e-03
9.2804e+02, 3.1064e-03
9.4603e+02, 2.8414e-03
9.6402e+02, 2.6184e-03
9.8201e+02, 2.4291e-03
1.0000e+03, 2.2675e-03
1.0281e+03, 2.0659e-03
1.0562e+03, 1.9003e-03
1.0843e+03, 1.7655e-03
1.1124e+03, 1.6575e-03
1.1687e+03, 1.5222e-03
1.2249e+03, 1.4588e-03
1.2788e+03, 1.4858e-03
1.3057e+03, 1.5279e-03
1.3326e+03, 1.6068e-03
1.3596e+03, 1.7301e-03
1.3865e+03, 1.9198e-03
1.4134e+03, 2.2021e-03
1.4404e+03, 2.6570e-03
1.4603e+03, 3.1832e-03
1.4702e+03, 3.5438e-03
1.4802e+03, 3.9991e-03
1.4902e+03, 4.5849e-03
1.5001e+03, 5.3332e-03
1.5101e+03, 6.3602e-03
1.5200e+03, 7.7936e-03
1.5247e+03, 8.6728e-03
1.5294e+03, 9.7325e-03
1.5341e+03, 1.1026e-02
1.5388e+03, 1.2627e-02
1.5434e+03, 1.4629e-02
1.5481e+03, 1.7196e-02
1.5528e+03, 2.0578e-02
1.5552e+03, 2.2679e-02
1.5575e+03, 2.5138e-02
1.5600e+03, 2.8240e-02
1.5625e+03, 3.1981e-02
1.5650e+03, 3.6551e-02
1.5675e+03, 4.2211e-02
1.5699e+03, 4.9341e-02
1.5724e+03, 5.8373e-02
1.5737e+03, 6.3926e-02
1.5749e+03, 7.0343e-02
1.5762e+03, 7.7798e-02
1.5774e+03, 8.6529e-02
1.5787e+03, 9.7517e-02
1.5800e+03, 1.1078e-01
1.5814e+03, 1.2698e-01
1.5827e+03, 1.4707e-01
1.5840e+03, 1.7239e-01
1.5847e+03, 1.8757e-01
1.5853e+03, 2.0478e-01
1.5860e+03, 2.2453e-01
1.5866e+03, 2.4736e-01
1.5873e+03, 2.7399e-01
1.5880e+03, 3.0522e-01
1.5886e+03, 3.4455e-01
1.5893e+03, 3.9204e-01
1.5900e+03, 4.5034e-01
1.5907e+03, 5.2278e-01
1.5914e+03, 6.1462e-01
1.5918e+03, 6.7001e-01
1.5921e+03, 7.3318e-01
1.5925e+03, 8.0616e-01
1.5928e+03, 8.9092e-01
1.5932e+03, 9.9026e-01
1.5935e+03, 1.1075e+00
1.5938e+03, 1.2320e+00
1.5941e+03, 1.3797e+00
1.5944e+03, 1.5573e+00
1.5948e+03, 1.7741e+00
1.5949e+03, 1.9016e+00
1.5951e+03, 2.0437e+00
1.5952e+03, 2.2051e+00
1.5954e+03, 2.3877e+00
1.5955e+03, 2.5985e+00
1.5957e+03, 2.8414e+00
1.5958e+03, 2.9789e+00
1.5958e+03, 3.1282e+00
1.5959e+03, 3.2909e+00
1.5960e+03, 3.4665e+00
1.5961e+03, 3.6985e+00
1.5962e+03, 3.9555e+00
1.5963e+03, 4.2479e+00
1.5964e+03, 4.5748e+00
1.5965e+03, 4.9109e+00
1.5965e+03, 5.2843e+00
1.5966e+03, 5.7103e+00
1.5967e+03, 6.1859e+00
1.5968e+03, 6.7310e+00
1.5969e+03, 7.3414e+00
1.5969e+03, 8.0335e+00
1.5970e+03, 8.8185e+00
1.5971e+03, 9.3590e+00
1.5971e+03, 9.9313e+00
1.5972e+03, 1.0562e+01
1.5972e+03, 1.1229e+01
1.5973e+03, 1.2739e+01
1.5974e+03, 1.4471e+01
1.5975e+03, 1.6490e+01
1.5976e+03, 1.8788e+01
1.5977e+03, 2.1438e+01
1.5978e+03, 2.4416e+01
1.5979e+03, 2.7806e+01
1.5980e+03, 3.1598e+01
1.5981e+03, 3.5806e+01
1.5982e+03, 4.0383e+01
1.5983e+03, 4.5414e+01
1.5984e+03, 5.0778e+01
1.5986e+03, 6.2561e+01
1.5989e+03, 8.1234e+01
1.5992e+03, 9.9592e+01
1.5994e+03, 1.1050e+02
1.5996e+03, 1.1894e+02
1.5998e+03, 1.2387e+02
1.6000e+03, 1.2554e+02
1.6000e+03, 1.2544e+02
1.6002e+03, 1.2403e+02
1.6003e+03, 1.2099e+02
1.6004e+03, 1.1644e+02
1.6006e+03, 1.1059e+02
1.6007e+03, 1.0259e+02
1.6009e+03, 9.3648e+01
1.6012e+03, 7.4440e+01
1.6014e+03, 5.8512e+01
1.6016e+03, 5.1125e+01
1.6017e+03, 4.4353e+01
1.6018e+03, 3.8157e+01
1.6019e+03, 3.2665e+01
1.6021e+03, 2.7830e+01
1.6022e+03, 2.3631e+01
1.6023e+03, 2.0002e+01
1.6024e+03, 1.6948e+01
1.6026e+03, 1.4362e+01
1.6027e+03, 1.2224e+01
1.6028e+03, 1.0438e+01
1.6030e+03, 8.9768e+00
1.6031e+03, 7.7735e+00
1.6032e+03, 6.7829e+00
1.6033e+03, 5.9603e+00
1.6035e+03, 5.2856e+00
1.6036e+03, 4.7205e+00
1.6037e+03, 4.2513e+00
1.6038e+03, 3.8526e+00
1.6040e+03, 3.5161e+00
1.6041e+03, 3.2273e+00
1.6042e+03, 2.9770e+00
1.6045e+03, 2.5803e+00
1.6047e+03, 2.2668e+00
1.6050e+03, 2.0119e+00
1.6052e+03, 1.8008e+00
1.6054e+03, 1.6231e+00
1.6057e+03, 1.4716e+00
1.6059e+03, 1.3413e+00
1.6062e+03, 1.2281e+00
1.6064e+03, 1.1287e+00
1.6067e+03, 1.0416e+00
1.6071e+03, 8.9567e-01
1.6076e+03, 7.7898e-01
1.6081e+03, 6.8412e-01
1.6086e+03, 6.1271e-01
1.6090e+03, 5.5214e-01
1.6094e+03, 5.0027e-01
1.6099e+03, 4.5547e-01
1.6103e+03, 4.1646e-01
1.6108e+03, 3.8226e-01
1.6116e+03, 3.2541e-01
1.6125e+03, 2.8041e-01
1.6134e+03, 2.4420e-01
1.6143e+03, 2.1462e-01
1.6152e+03, 1.9017e-01
1.6160e+03, 1.7066e-01
1.6168e+03, 1.5405e-01
1.6177e+03, 1.3982e-01
1.6185e+03, 1.2754e-01
1.6193e+03, 1.1679e-01
1.6202e+03, 1.0733e-01
1.6218e+03, 9.1527e-02
1.6235e+03, 7.8994e-02
1.6252e+03, 6.8899e-02
1.6268e+03, 6.0644e-02
1.6285e+03, 5.3806e-02
1.6301e+03, 4.8370e-02
1.6316e+03, 4.3731e-02
1.6332e+03, 3.9741e-02
1.6348e+03, 3.6292e-02
1.6379e+03, 3.0699e-02
1.6411e+03, 2.6277e-02
1.6442e+03, 2.2773e-02
1.6474e+03, 1.9950e-02
1.6505e+03, 1.7642e-02
1.6537e+03, 1.5733e-02
1.6596e+03, 1.2931e-02
1.6655e+03, 1.0863e-02
1.6715e+03, 9.2977e-03
1.6774e+03, 8.0837e-03
1.6833e+03, 7.1190e-03
1.6893e+03, 6.3448e-03
1.7011e+03, 5.1979e-03
1.7137e+03, 4.3689e-03
1.7263e+03, 3.7946e-03
1.7389e+03, 3.3978e-03
1.7515e+03, 3.1075e-03
1.7767e+03, 2.7756e-03
1.8019e+03, 2.6836e-03
1.8256e+03, 2.7892e-03
1.8493e+03, 3.1210e-03
1.8612e+03, 3.4086e-03
1.8730e+03, 3.8194e-03
1.8849e+03, 4.4139e-03
1.8967e+03, 5.2962e-03
1.9071e+03, 6.4626e-03
1.9175e+03, 8.2398e-03
1.9227e+03, 9.5216e-03
1.9279e+03, 1.1206e-02
1.9330e+03, 1.3478e-02
1.9382e+03, 1.6649e-02
1.9430e+03, 2.0871e-02
1.9454e+03, 2.3629e-02
1.9479e+03, 2.7073e-02
1.9503e+03, 3.1396e-02
1.9527e+03, 3.6919e-02
1.9551e+03, 4.4132e-02
1.9575e+03, 5.3806e-02
1.9588e+03, 6.0450e-02
1.9601e+03, 6.8446e-02
1.9614e+03, 7.8144e-02
1.9627e+03, 9.0081e-02
1.9640e+03, 1.0515e-01
1.9653e+03, 1.2451e-01
1.9659e+03, 1.3633e-01
1.9666e+03, 1.4992e-01
1.9672e+03, 1.6570e-01
1.9679e+03, 1.8417e-01
1.9686e+03, 2.0770e-01
1.9693e+03, 2.3612e-01
1.9699e+03, 2.7090e-01
1.9706e+03, 3.1404e-01
1.9713e+03, 3.6880e-01
1.9717e+03, 4.0197e-01
1.9720e+03, 4.3987e-01
1.9724e+03, 4.8375e-01
1.9727e+03, 5.3466e-01
1.9731e+03, 5.9442e-01
1.9734e+03, 6.6529e-01
1.9738e+03, 7.6323e-01
1.9742e+03, 8.8618e-01
1.9744e+03, 9.6010e-01
1.9746e+03, 1.0447e+00
1.9748e+03, 1.1425e+00
1.9750e+03, 1.2562e+00
1.9752e+03, 1.3920e+00
1.9754e+03, 1.5560e+00
1.9756e+03, 1.7581e+00
1.9758e+03, 2.0111e+00
1.9759e+03, 2.1646e+00
1.9760e+03, 2.3378e+00
1.9761e+03, 2.5380e+00
1.9762e+03, 2.7660e+00
1.9763e+03, 3.0316e+00
1.9764e+03, 3.3360e+00
1.9765e+03, 3.6888e+00
1.9766e+03, 4.0982e+00
1.9766e+03, 4.3709e+00
1.9767e+03, 4.6689e+00
1.9767e+03, 4.9944e+00
1.9768e+03, 5.3499e+00
1.9769e+03, 5.7379e+00
1.9769e+03, 6.1611e+00
1.9770e+03, 6.6224e+00
1.9770e+03, 7.1156e+00
1.9771e+03, 7.6612e+00
1.9771e+03, 8.2539e+00
1.9772e+03, 8.8970e+00
1.9773e+03, 9.5938e+00
1.9773e+03, 1.0347e+01
1.9774e+03, 1.1161e+01
1.9775e+03, 1.2966e+01
1.9776e+03, 1.4418e+01
1.9777e+03, 1.5997e+01
1.9777e+03, 1.7727e+01
1.9778e+03, 1.9612e+01
1.9779e+03, 2.1657e+01
1.9780e+03, 2.3865e+01
1.9781e+03, 2.8765e+01
1.9783e+03, 3.3078e+01
1.9784e+03, 3.7707e+01
1.9785e+03, 4.2672e+01
1.9787e+03, 4.7825e+01
1.9792e+03, 6.8624e+01
1.9794e+03, 7.5966e+01
1.9796e+03, 8.1703e+01
1.9798e+03, 8.4952e+01
1.9799e+03, 8.6535e+01
1.9800e+03, 8.6675e+01
1.9800e+03, 8.6636e+01
1.9801e+03, 8.6042e+01
1.9803e+03, 8.4762e+01
1.9805e+03, 8.0286e+01
1.9807e+03, 7.2610e+01
1.9810e+03, 6.3070e+01
1.9814e+03, 4.5498e+01
1.9816e+03, 3.7193e+01
1.9818e+03, 2.9758e+01
1.9819e+03, 2.6404e+01
1.9820e+03, 2.3323e+01
1.9821e+03, 2.0520e+01
1.9822e+03, 1.7993e+01
1.9824e+03, 1.5733e+01
1.9825e+03, 1.3728e+01
1.9826e+03, 1.1963e+01
1.9827e+03, 1.0418e+01
1.9828e+03, 9.0756e+00
1.9829e+03, 7.9147e+00
1.9830e+03, 6.9156e+00
1.9831e+03, 6.0594e+00
1.9832e+03, 5.3279e+00
1.9833e+03, 4.7044e+00
1.9834e+03, 4.1736e+00
1.9835e+03, 3.7260e+00
1.9836e+03, 3.3544e+00
1.9837e+03, 3.0386e+00
1.9838e+03, 2.7667e+00
1.9839e+03, 2.5318e+00
1.9840e+03, 2.3283e+00
1.9841e+03, 2.1510e+00
1.9843e+03, 1.8594e+00
1.9845e+03, 1.6303e+00
1.9847e+03, 1.4480e+00
1.9849e+03, 1.2990e+00
1.9851e+03, 1.1748e+00
1.9853e+03, 1.0692e+00
1.9855e+03, 9.7893e-01
1.9857e+03, 9.0058e-01
1.9859e+03, 8.3193e-01
1.9863e+03, 7.1741e-01
1.9868e+03, 6.2598e-01
1.9871e+03, 5.5799e-01
1.9875e+03, 5.0086e-01
1.9879e+03, 4.5233e-01
1.9882e+03, 4.1070e-01
1.9886e+03, 3.7469e-01
1.9890e+03, 3.4329e-01
1.9893e+03, 3.1574e-01
1.9897e+03, 2.9149e-01
1.9904e+03, 2.5066e-01
1.9911e+03, 2.1800e-01
1.9919e+03, 1.9138e-01
1.9926e+03, 1.6945e-01
1.9935e+03, 1.4680e-01
1.9945e+03, 1.2852e-01
1.9954e+03, 1.1355e-01
1.9963e+03, 1.0108e-01
1.9972e+03, 9.0557e-02
1.9982e+03, 8.1608e-02
2.0000e+03, 6.7322e-02
2.0011e+03, 6.0583e-02
2.0022e+03, 5.4846e-02
2.0044e+03, 4.5699e-02
2.0066e+03, 3.8711e-02
2.0088e+03, 3.3246e-02
2.0110e+03, 2.8912e-02
2.0132e+03, 2.5421e-02
2.0154e+03, 2.2567e-02
2.0175e+03, 2.0204e-02
2.0222e+03, 1.6391e-02
2.0268e+03, 1.3694e-02
2.0314e+03, 1.1678e-02
2.0361e+03, 1.0160e-02
2.0407e+03, 8.9912e-03
2.0453e+03, 8.0744e-03
2.0546e+03, 6.7661e-03
2.0643e+03, 5.9016e-03
2.0741e+03, 5.3504e-03
2.0838e+03, 5.0152e-03
2.0936e+03, 4.8508e-03
2.1140e+03, 4.9488e-03
2.1243e+03, 5.2053e-03
2.1345e+03, 5.6352e-03
2.1448e+03, 6.2721e-03
2.1550e+03, 7.1760e-03
2.1652e+03, 8.4844e-03
2.1755e+03, 1.0427e-02
2.1842e+03, 1.2905e-02
2.1886e+03, 1.4574e-02
2.1930e+03, 1.6649e-02
2.1974e+03, 1.9271e-02
2.2018e+03, 2.2638e-02
2.2062e+03, 2.7030e-02
2.2105e+03, 3.3034e-02
2.2129e+03, 3.7103e-02
2.2152e+03, 4.2013e-02
2.2175e+03, 4.8018e-02
2.2198e+03, 5.5469e-02
2.2221e+03, 6.4870e-02
2.2244e+03, 7.6954e-02
2.2256e+03, 8.4290e-02
2.2268e+03, 9.2718e-02
2.2279e+03, 1.0257e-01
2.2291e+03, 1.1415e-01
2.2303e+03, 1.2867e-01
2.2315e+03, 1.4618e-01
2.2327e+03, 1.6762e-01
2.2339e+03, 1.9422e-01
2.2352e+03, 2.2783e-01
2.2358e+03, 2.4803e-01
2.2364e+03, 2.7104e-01
2.2370e+03, 2.9742e-01
2.2376e+03, 3.2788e-01
2.2382e+03, 3.6335e-01
2.2388e+03, 4.0506e-01
2.2395e+03, 4.5740e-01
2.2401e+03, 5.2087e-01
2.2407e+03, 5.9892e-01
2.2414e+03, 6.9624e-01
2.2417e+03, 7.5439e-01
2.2420e+03, 8.2033e-01
2.2423e+03, 8.9559e-01
2.2427e+03, 9.8207e-01
2.2430e+03, 1.0822e+00
2.2433e+03, 1.1993e+00
2.2436e+03, 1.3377e+00
2.2438e+03, 1.4167e+00
2.2439e+03, 1.5029e+00
2.2441e+03, 1.5891e+00
2.2442e+03, 1.6836e+00
2.2444e+03, 1.7876e+00
2.2445e+03, 1.9019e+00
2.2447e+03, 2.0298e+00
2.2448e+03, 2.1729e+00
2.2449e+03, 2.3337e+00
2.2451e+03, 2.5145e+00
2.2452e+03, 2.6767e+00
2.2453e+03, 2.8557e+00
2.2454e+03, 3.0560e+00
2.2455e+03, 3.2810e+00
2.2457e+03, 3.5348e+00
2.2457e+03, 3.6740e+00
2.2458e+03, 3.8224e+00
2.2458e+03, 3.9805e+00
2.2459e+03, 4.1493e+00
2.2460e+03, 4.5223e+00
2.2461e+03, 4.8311e+00
2.2462e+03, 5.1724e+00
2.2463e+03, 5.5502e+00
2.2463e+03, 5.9632e+00
2.2464e+03, 6.4260e+00
2.2465e+03, 6.9386e+00
2.2466e+03, 7.5064e+00
2.2467e+03, 8.1269e+00
2.2468e+03, 8.8210e+00
2.2468e+03, 9.5877e+00
2.2469e+03, 1.0433e+01
2.2470e+03, 1.1353e+01
2.2471e+03, 1.2374e+01
2.2472e+03, 1.3494e+01
2.2473e+03, 1.4718e+01
2.2473e+03, 1.6036e+01
2.2475e+03, 1.8050e+01
2.2476e+03, 2.0272e+01
2.2477e+03, 2.2727e+01
2.2478e+03, 2.5419e+01
2.2479e+03, 2.8375e+01
2.2480e+03, 3.1536e+01
2.2483e+03, 3.8489e+01
2.2484e+03, 4.4057e+01
2.2486e+03, 4.9835e+01
2.2489e+03, 6.1517e+01
2.2493e+03, 7.1980e+01
2.2494e+03, 7.6245e+01
2.2496e+03, 7.9592e+01
2.2498e+03, 8.2262e+01
2.2500e+03, 8.3170e+01
2.2501e+03, 8.3091e+01
2.2502e+03, 8.2111e+01
2.2504e+03, 8.0066e+01
2.2505e+03, 7.7022e+01
2.2507e+03, 7.3145e+01
2.2509e+03, 6.6039e+01
2.2512e+03, 5.8004e+01
2.2517e+03, 4.1404e+01
2.2518e+03, 3.5197e+01
2.2520e+03, 2.9551e+01
2.2522e+03, 2.4556e+01
2.2524e+03, 2.0265e+01
2.2526e+03, 1.6623e+01
2.2528e+03, 1.3605e+01
2.2529e+03, 1.2311e+01
2.2530e+03, 1.1147e+01
2.2531e+03, 1.0103e+01
2.2532e+03, 9.1782e+00
2.2534e+03, 7.7697e+00
2.2535e+03, 6.6229e+00
2.2537e+03, 5.6912e+00
2.2539e+03, 4.9342e+00
2.2541e+03, 4.3173e+00
2.2542e+03, 3.8119e+00
2.2544e+03, 3.3951e+00
2.2546e+03, 3.0482e+00
2.2547e+03, 2.7568e+00
2.2549e+03, 2.5095e+00
2.2551e+03, 2.2976e+00
2.2553e+03, 2.1143e+00
2.2556e+03, 1.8133e+00
2.2559e+03, 1.5770e+00
2.2562e+03, 1.4096e+00
2.2565e+03, 1.2693e+00
2.2568e+03, 1.1495e+00
2.2571e+03, 1.0469e+00
2.2574e+03, 9.5755e-01
2.2577e+03, 8.7980e-01
2.2583e+03, 7.5093e-01
2.2589e+03, 6.4893e-01
2.2595e+03, 5.6680e-01
2.2601e+03, 4.9957e-01
2.2607e+03, 4.4384e-01
2.2612e+03, 4.0022e-01
2.2618e+03, 3.6284e-01
2.2623e+03, 3.3050e-01
2.2629e+03, 3.0234e-01
2.2634e+03, 2.7762e-01
2.2640e+03, 2.5588e-01
2.2651e+03, 2.1948e-01
2.2662e+03, 1.9039e-01
2.2672e+03, 1.6684e-01
2.2683e+03, 1.4749e-01
2.2694e+03, 1.3135e-01
2.2704e+03, 1.1873e-01
2.2714e+03, 1.0786e-01
2.2724e+03, 9.8427e-02
2.2735e+03, 9.0194e-02
2.2755e+03, 7.6577e-02
2.2775e+03, 6.5868e-02
2.2795e+03, 5.7286e-02
2.2815e+03, 5.0309e-02
2.2835e+03, 4.4558e-02
2.2855e+03, 3.9797e-02
2.2895e+03, 3.2335e-02
2.2935e+03, 2.6810e-02
2.2975e+03, 2.2633e-02
2.3015e+03, 1.9402e-02
2.3056e+03, 1.6846e-02
2.3096e+03, 1.4794e-02
2.3136e+03, 1.3120e-02
2.3176e+03, 1.1736e-02
2.3267e+03, 9.3776e-03
2.3358e+03, 7.7306e-03
2.3450e+03, 6.5293e-03
2.3541e+03, 5.6400e-03
2.3632e+03, 4.9605e-03
2.3723e+03, 4.4485e-03
2.3906e+03, 3.6805e-03
2.4081e+03, 3.2098e-03
2.4256e+03, 2.8796e-03
2.4606e+03, 2.5042e-03
2.4956e+03, 2.3518e-03
2.5306e+03, 2.3219e-03
2.5598e+03, 2.3836e-03
2.5890e+03, 2.5087e-03
2.6182e+03, 2.6990e-03
2.6474e+03, 2.9647e-03
2.6766e+03, 3.3372e-03
2.7057e+03, 3.8386e-03
2.7349e+03, 4.5161e-03
2.7641e+03, 5.4508e-03
2.7787e+03, 6.0751e-03
2.7933e+03, 6.8336e-03
2.8079e+03, 7.7610e-03
2.8225e+03, 8.9182e-03
2.8371e+03, 1.0418e-02
2.8517e+03, 1.2372e-02
2.8590e+03, 1.3548e-02
2.8663e+03, 1.4961e-02
2.8735e+03, 1.6561e-02
2.8808e+03, 1.8502e-02
2.8878e+03, 2.0712e-02
2.8947e+03, 2.3371e-02
2.9016e+03, 2.6601e-02
2.9086e+03, 3.0574e-02
2.9155e+03, 3.5557e-02
2.9224e+03, 4.1951e-02
2.9259e+03, 4.5845e-02
2.9294e+03, 5.0201e-02
2.9328e+03, 5.5351e-02
2.9363e+03, 6.1363e-02
2.9399e+03, 6.8848e-02
2.9436e+03, 7.7827e-02
2.9472e+03, 8.8727e-02
2.9509e+03, 1.0214e-01
2.9545e+03, 1.1892e-01
2.9564e+03, 1.2892e-01
2.9582e+03, 1.4027e-01
2.9600e+03, 1.5319e-01
2.9618e+03, 1.6791e-01
2.9637e+03, 1.8477e-01
2.9646e+03, 1.9423e-01
2.9655e+03, 2.0447e-01
2.9662e+03, 2.1314e-01
2.9669e+03, 2.2237e-01
2.9676e+03, 2.3224e-01
2.9684e+03, 2.4278e-01
2.9691e+03, 2.5407e-01
2.9698e+03, 2.6616e-01
2.9705e+03, 2.7915e-01
2.9709e+03, 2.8601e-01
2.9712e+03, 2.9313e-01
2.9716e+03, 3.0065e-01
2.9721e+03, 3.1097e-01
2.9725e+03, 3.2183e-01
2.9730e+03, 3.3328e-01
2.9735e+03, 3.4534e-01
2.9741e+03, 3.6122e-01
2.9747e+03, 3.7821e-01
2.9753e+03, 3.9644e-01
2.9759e+03, 4.1603e-01
2.9765e+03, 4.3711e-01
2.9771e+03, 4.5985e-01
2.9777e+03, 4.8442e-01
2.9782e+03, 5.1098e-01
2.9787e+03, 5.3526e-01
2.9793e+03, 5.6133e-01
2.9798e+03, 5.8935e-01
2.9803e+03, 6.1948e-01
2.9808e+03, 6.5206e-01
2.9813e+03, 6.8723e-01
2.9818e+03, 7.2542e-01
2.9823e+03, 7.6682e-01
2.9829e+03, 8.2499e-01
2.9835e+03, 8.8990e-01
2.9842e+03, 9.6286e-01
2.9848e+03, 1.0450e+00
2.9855e+03, 1.1382e+00
2.9861e+03, 1.2443e+00
2.9867e+03, 1.3660e+00
2.9874e+03, 1.5066e+00
2.9879e+03, 1.6330e+00
2.9884e+03, 1.7760e+00
2.9889e+03, 1.9387e+00
2.9894e+03, 2.1243e+00
2.9899e+03, 2.3382e+00
2.9904e+03, 2.5853e+00
2.9909e+03, 2.8740e+00
2.9914e+03, 3.2126e+00
2.9919e+03, 3.6145e+00
2.9924e+03, 4.0940e+00
2.9929e+03, 4.6735e+00
2.9931e+03, 5.0087e+00
2.9934e+03, 5.3778e+00
2.9936e+03, 5.7884e+00
2.9939e+03, 6.2445e+00
2.9941e+03, 6.7519e+00
2.9944e+03, 7.3147e+00
2.9946e+03, 7.9446e+00
2.9949e+03, 8.6471e+00
2.9951e+03, 9.4301e+00
2.9954e+03, 1.0298e+01
2.9956e+03, 1.1265e+01
2.9959e+03, 1.2331e+01
2.9961e+03, 1.3504e+01
2.9964e+03, 1.4786e+01
2.9969e+03, 1.7676e+01
2.9974e+03, 2.0918e+01
2.9984e+03, 2.7693e+01
2.9989e+03, 3.0572e+01
2.9994e+03, 3.2615e+01
2.9997e+03, 3.3312e+01
3.0000e+03, 3.3545e+01
3.0003e+03, 3.3302e+01
3.0008e+03, 3.2001e+01
3.0013e+03, 2.9756e+01
3.0017e+03, 2.6851e+01
3.0022e+03, 2.3630e+01
3.0032e+03, 1.7335e+01
3.0036e+03, 1.4622e+01
3.0041e+03, 1.2304e+01
3.0044e+03, 1.1143e+01
3.0047e+03, 1.0104e+01
3.0049e+03, 9.1784e+00
3.0052e+03, 8.3552e+00
3.0055e+03, 7.6243e+00
3.0058e+03, 6.9755e+00
3.0063e+03, 5.8866e+00
3.0068e+03, 5.0217e+00
3.0074e+03, 4.3281e+00
3.0079e+03, 3.7654e+00
3.0085e+03, 3.3045e+00
3.0090e+03, 2.9757e+00
3.0094e+03, 2.6929e+00
3.0099e+03, 2.4482e+00
3.0103e+03, 2.2354e+00
3.0108e+03, 2.0487e+00
3.0113e+03, 1.8846e+00
3.0122e+03, 1.6101e+00
3.0131e+03, 1.3912e+00
3.0141e+03, 1.2142e+00
3.0150e+03, 1.0693e+00
3.0159e+03, 9.4904e-01
3.0168e+03, 8.4799e-01
3.0178e+03, 7.6221e-01
3.0187e+03, 6.8866e-01
3.0196e+03, 6.2519e-01
3.0205e+03, 5.7005e-01
3.0215e+03, 5.2195e-01
3.0224e+03, 4.7972e-01
3.0233e+03, 4.4243e-01
3.0252e+03, 3.7981e-01
3.0270e+03, 3.2969e-01
3.0289e+03, 2.8892e-01
3.0307e+03, 2.5538e-01
3.0325e+03, 2.2876e-01
3.0343e+03, 2.0609e-01
3.0361e+03, 1.8652e-01
3.0378e+03, 1.6962e-01
3.0396e+03, 1.5495e-01
3.0414e+03, 1.4213e-01
3.0431e+03, 1.3086e-01
3.0449e+03, 1.2092e-01
3.0484e+03, 1.0420e-01
3.0520e+03, 9.0814e-02
3.0555e+03, 7.9921e-02
3.0591e+03, 7.0945e-02
3.0623e+03, 6.4120e-02
3.0655e+03, 5.8291e-02
3.0687e+03, 5.3366e-02
3.0719e+03, 4.8988e-02
3.0783e+03, 4.1822e-02
3.0847e+03, 3.6281e-02
3.0911e+03, 3.1910e-02
3.0975e+03, 2.8405e-02
3.1039e+03, 2.5567e-02
3.1103e+03, 2.3258e-02
3.1184e+03, 2.0935e-02
3.1265e+03, 1.9182e-02
3.1346e+03, 1.7733e-02
3.1427e+03, 1.6619e-02
3.1508e+03, 1.5818e-02
3.1589e+03, 1.5242e-02
3.1751e+03, 1.4660e-02
3.1858e+03, 1.4712e-02
3.1966e+03, 1.5106e-02
3.2074e+03, 1.5878e-02
3.2182e+03, 1.7095e-02
3.2290e+03, 1.8862e-02
3.2398e+03, 2.1374e-02
3.2452e+03, 2.3002e-02
3.2506e+03, 2.4943e-02
3.2560e+03, 2.7268e-02
3.2614e+03, 3.0069e-02
3.2668e+03, 3.3471e-02
3.2722e+03, 3.7643e-02
3.2776e+03, 4.2820e-02
3.2829e+03, 4.9335e-02
3.2883e+03, 5.7605e-02
3.2910e+03, 6.2603e-02
3.2937e+03, 6.8402e-02
3.2964e+03, 7.5112e-02
3.2991e+03, 8.2925e-02
3.3018e+03, 9.2098e-02
3.3045e+03, 1.0296e-01
3.3070e+03, 1.1464e-01
3.3094e+03, 1.2851e-01
3.3119e+03, 1.4514e-01
3.3143e+03, 1.6532e-01
3.3167e+03, 1.9005e-01
3.3192e+03, 2.2061e-01
3.3204e+03, 2.3890e-01
3.3216e+03, 2.5962e-01
3.3229e+03, 2.8320e-01
3.3235e+03, 2.9624e-01
3.3241e+03, 3.1022e-01
3.3250e+03, 3.3233e-01
3.3258e+03, 3.5691e-01
3.3263e+03, 3.7026e-01
3.3267e+03, 3.8436e-01
3.3272e+03, 3.9931e-01
3.3276e+03, 4.1514e-01
3.3280e+03, 4.3033e-01
3.3284e+03, 4.4634e-01
3.3288e+03, 4.6331e-01
3.3292e+03, 4.8124e-01
3.3296e+03, 5.0028e-01
3.3300e+03, 5.2043e-01
3.3304e+03, 5.4183e-01
3.3308e+03, 5.6458e-01
3.3313e+03, 5.9283e-01
3.3318e+03, 6.2327e-01
3.3322e+03, 6.5612e-01
3.3327e+03, 6.9158e-01
3.3331e+03, 7.3009e-01
3.3336e+03, 7.7184e-01
3.3341e+03, 8.1739e-01
3.3345e+03, 8.6700e-01
3.3350e+03, 9.2141e-01
3.3355e+03, 9.8100e-01
3.3359e+03, 1.0467e+00
3.3364e+03, 1.1192e+00
3.3368e+03, 1.1996e+00
3.3373e+03, 1.2888e+00
3.3378e+03, 1.3886e+00
3.3382e+03, 1.5003e+00
3.3387e+03, 1.6262e+00
3.3392e+03, 1.7688e+00
3.3396e+03, 1.9309e+00
3.3401e+03, 2.1160e+00
3.3406e+03, 2.3294e+00
3.3410e+03, 2.5761e+00
3.3415e+03, 2.8645e+00
3.3419e+03, 3.2029e+00
3.3424e+03, 3.6047e+00
3.3426e+03, 3.8339e+00
3.3429e+03, 4.0849e+00
3.3431e+03, 4.3606e+00
3.3433e+03, 4.6639e+00
3.3436e+03, 4.9982e+00
3.3438e+03, 5.3656e+00
3.3440e+03, 5.7736e+00
3.3443e+03, 6.2253e+00
3.3445e+03, 6.7259e+00
3.3447e+03, 7.2783e+00
3.3450e+03, 7.8931e+00
3.3452e+03, 8.5737e+00
3.3454e+03, 9.3261e+00
3.3457e+03, 1.0152e+01
3.3459e+03, 1.1079e+01
3.3461e+03, 1.2089e+01
3.3464e+03, 1.3188e+01
3.3466e+03, 1.4374e+01
3.3471e+03, 1.6987e+01
3.3475e+03, 1.9842e+01
3.3485e+03, 2.5575e+01
3.3489e+03, 2.7936e+01
3.3494e+03, 2.9594e+01
3.3497e+03, 3.0169e+01
3.3500e+03, 3.0362e+01
3.3503e+03, 3.0163e+01
3.3508e+03, 2.8986e+01
3.3513e+03, 2.6911e+01
3.3518e+03, 2.4215e+01
3.3522e+03, 2.1219e+01
3.3527e+03, 1.8198e+01
3.3532e+03, 1.5378e+01
3.3537e+03, 1.2875e+01
3.3542e+03, 1.0750e+01
3.3547e+03, 8.9040e+00
3.3550e+03, 8.1215e+00
3.3552e+03, 7.4217e+00
3.3557e+03, 6.2392e+00
3.3562e+03, 5.2963e+00
3.3567e+03, 4.5408e+00
3.3573e+03, 3.9308e+00
3.3578e+03, 3.4332e+00
3.3583e+03, 3.0232e+00
3.3588e+03, 2.6813e+00
3.3593e+03, 2.3943e+00
3.3598e+03, 2.1508e+00
3.3603e+03, 1.9424e+00
3.3608e+03, 1.7623e+00
3.3614e+03, 1.6064e+00
3.3619e+03, 1.4702e+00
3.3624e+03, 1.3505e+00
3.3634e+03, 1.1511e+00
3.3644e+03, 9.9298e-01
3.3655e+03, 8.6547e-01
3.3665e+03, 7.6127e-01
3.3675e+03, 6.7859e-01
3.3684e+03, 6.0871e-01
3.3694e+03, 5.4898e-01
3.3704e+03, 4.9753e-01
3.3714e+03, 4.5295e-01
3.3723e+03, 4.1410e-01
3.3733e+03, 3.8006e-01
3.3743e+03, 3.5010e-01
3.3763e+03, 2.9988e-01
3.3782e+03, 2.5980e-01
3.3802e+03, 2.2726e-01
3.3821e+03, 2.0051e-01
3.3844e+03, 1.7546e-01
3.3866e+03, 1.5501e-01
3.3888e+03, 1.3778e-01
3.3911e+03, 1.2326e-01
3.3933e+03, 1.1093e-01
3.3955e+03, 1.0109e-01
3.3961e+03, 1.0042e-01
3.3966e+03, 1.0300e-01
3.3972e+03, 1.1265e-01
3.3978e+03, 1.3537e-01
3.3983e+03, 1.7831e-01
3.3986e+03, 2.0908e-01
3.3989e+03, 2.4638e-01
3.3994e+03, 3.3885e-01
3.4000e+03, 4.4639e-01
3.4000e+03, 8.0585e-01
4.0000e+03, 7.5786e-01
5.0000e+03, 6.9975e-01
6.0000e+03, 6.5682e-01
7.2000e+03, 6.1639e-01
8.0000e+03, 5.9374e-01
1.0000e+04, 5.4668e-01
1.2000e+04, 5.0874e-01
1.4000e+04, 4.7692e-01
1.6000e+04, 4.4960e-01
1.8000e+04, 4.2579e-01
2.0000e+04, 4.0481e-01
2.2000e+04, 3.8616e-01
2.4000e+04, 3.6947e-01
2.6000e+04, 3.5444e-01
2.8000e+04, 3.4085e-01
3.0000e+04, 3.2849e-01
3.2000e+04, 3.1723e-01
3.4000e+04, 3.0691e-01
3.6000e+04, 2.9744e-01
3.8000e+04, 2.8873e-01
4.0000e+04, 2.8068e-01
4.2000e+04, 2.7323e-01
4.4000e+04, 2.6632e-01
4.6000e+04, 2.5990e-01
4.8000e+04, 2.5392e-01
5.0000e+04, 2.4834e-01
6.0000e+04, 2.2532e-01
7.2000e+04, 2.0546e-01
8.5000e+04, 1.9003e-01
1.0000e+05, 1.7716e-01
1.1335e+05, 1.6923e-01
1.2500e+05, 1.6231e-01
1.5000e+05, 1.5218e-01
1.7000e+05, 1.4597e-01
2.0000e+05, 1.3860e-01
2.5000e+05, 1.2896e-01
3.0000e+05, 1.2177e-01
3.5000e+05, 1.1583e-01
3.6435e+05, 1.1450e-01
4.0000e+05, 1.1118e-01
5.0000e+05, 1.0405e-01
5.8254e+05, 1.0005e-01
5.8606e+05, 9.9883e-02
5.9183e+05, 9.9604e-02
6.0000e+05, 9.9208e-02
6.5376e+05, 9.7466e-02
6.6409e+05, 9.7132e-02
6.8413e+05, 9.6482e-02
6.9364e+05, 9.6174e-02
7.0000e+05, 9.5968e-02
7.2319e+05, 9.5493e-02
7.3483e+05, 9.5254e-02
7.4080e+05, 9.5131e-02
7.9950e+05, 9.3927e-02
8.0000e+05, 9.3917e-02
8.0274e+05, 9.3875e-02
8.0274e+05, 9.3941e-02
8.0284e+05, 9.3931e-02
8.0284e+05, 9.3931e-02
8.2561e+05, 9.1437e-02
8.3998e+05, 8.9863e-02
8.9058e+05, 8.4320e-02
9.1993e+05, 8.1106e-02
9.5535e+05, 7.7226e-02
9.9000e+05, 7.3431e-02
9.9000e+05, 7.3431e-02
1.0000e+06, 7.2335e-02
1.0140e+06, 7.2329e-02
1.0535e+06, 7.2309e-02
1.0657e+06, 7.2303e-02
1.0818e+06, 7.2295e-02
1.1152e+06, 7.2278e-02
1.1324e+06, 7.2270e-02
1.4717e+06, 7.2101e-02
1.4717e+06, 7.2101e-02
1.5000e+06, 7.2087e-02
1.5200e+06, 7.1763e-02
1.5201e+06, 7.1763e-02
1.7892e+06, 6.7412e-02
1.7892e+06, 6.7412e-02
2.0000e+06, 6.4004e-02
2.0814e+06, 6.3085e-02
2.0814e+06, 6.3085e-02
2.0999e+06, 6.2876e-02
2.0999e+06, 6.2876e-02
2.3258e+06, 6.0328e-02
2.3258e+06, 6.0328e-02
2.4187e+06, 5.9281e-02
2.4777e+06, 5.8615e-02
2.5000e+06, 5.8364e-02
3.0000e+06, 4.6035e-02
3.5000e+06, 3.6941e-02
4.0000e+06, 3.0131e-02
5.0000e+06, 1.9822e-02
5.2382e+06, 1.8126e-02
6.0000e+06, 1.2702e-02
6.4749e+06, 1.0652e-02
7.0000e+06, 8.3863e-03
8.0000e+06, 5.3832e-03
8.9665e+06, 3.3637e-03
9.0000e+06, 3.2937e-03
1.0000e+07, 2.0158e-03
1.1000e+07, 1.3201e-03
1.2000e+07, 9.3081e-04
1.2061e+07, 9.1753e-04
1.2061e+07, 9.1752e-04
1.3000e+07, 7.1395e-04
1.4000e+07, 5.7558e-04
1.5000e+07, 4.7962e-04
1.6000e+07, 4.1515e-04
1.7000e+07, 3.4644e-04
1.8000e+07, 2.8356e-04
1.9000e+07, 2.2670e-04
2.0000e+07, 1.8020e-04
