ebin, xs
1.0000e-05, 5.0574e+01
1.0625e-05, 4.9064e+01
1.1250e-05, 4.7681e+01
1.1875e-05, 4.6410e+01
1.2500e-05, 4.5234e+01
1.3750e-05, 4.3129e+01
1.5000e-05, 4.1293e+01
1.6250e-05, 3.9673e+01
1.7500e-05, 3.8230e+01
1.8750e-05, 3.6934e+01
2.0000e-05, 3.5761e+01
2.1875e-05, 3.4194e+01
2.3750e-05, 3.2817e+01
2.5625e-05, 3.1593e+01
2.7500e-05, 3.0497e+01
2.9375e-05, 2.9508e+01
3.1250e-05, 2.8609e+01
3.3125e-05, 2.7787e+01
3.5000e-05, 2.7033e+01
3.8750e-05, 2.5691e+01
4.2500e-05, 2.4532e+01
4.6250e-05, 2.3516e+01
5.0000e-05, 2.2617e+01
5.3125e-05, 2.1942e+01
5.6250e-05, 2.1324e+01
5.9375e-05, 2.0755e+01
6.2500e-05, 2.0229e+01
6.8750e-05, 1.9288e+01
7.5000e-05, 1.8467e+01
8.1250e-05, 1.7742e+01
8.7500e-05, 1.7097e+01
9.3750e-05, 1.6517e+01
1.0000e-04, 1.5993e+01
1.0625e-04, 1.5515e+01
1.1250e-04, 1.5078e+01
1.1875e-04, 1.4676e+01
1.2500e-04, 1.4304e+01
1.3750e-04, 1.3639e+01
1.5000e-04, 1.3058e+01
1.6250e-04, 1.2546e+01
1.7500e-04, 1.2089e+01
1.8750e-04, 1.1679e+01
2.0000e-04, 1.1309e+01
2.1875e-04, 1.0813e+01
2.3750e-04, 1.0377e+01
2.5625e-04, 9.9906e+00
2.7500e-04, 9.6440e+00
2.9375e-04, 9.3312e+00
3.1250e-04, 9.0469e+00
3.3125e-04, 8.7871e+00
3.5000e-04, 8.5485e+00
3.8750e-04, 8.1243e+00
4.2500e-04, 7.7576e+00
4.6250e-04, 7.4365e+00
5.0000e-04, 7.1522e+00
5.3125e-04, 6.9386e+00
5.6250e-04, 6.7432e+00
5.9375e-04, 6.5633e+00
6.2500e-04, 6.3971e+00
6.8750e-04, 6.0994e+00
7.5000e-04, 5.8397e+00
8.1250e-04, 5.6106e+00
8.7500e-04, 5.4066e+00
9.3750e-04, 5.2232e+00
1.0000e-03, 5.0574e+00
1.0625e-03, 4.9064e+00
1.1250e-03, 4.7681e+00
1.1875e-03, 4.6410e+00
1.2500e-03, 4.5235e+00
1.3750e-03, 4.3130e+00
1.5000e-03, 4.1293e+00
1.6250e-03, 3.9674e+00
1.7500e-03, 3.8230e+00
1.8750e-03, 3.6934e+00
2.0000e-03, 3.5761e+00
2.1875e-03, 3.4195e+00
2.3750e-03, 3.2817e+00
2.5625e-03, 3.1594e+00
2.7500e-03, 3.0498e+00
2.9375e-03, 2.9508e+00
3.1250e-03, 2.8609e+00
3.3125e-03, 2.7788e+00
3.5000e-03, 2.7033e+00
3.8750e-03, 2.5692e+00
4.2500e-03, 2.4533e+00
4.6250e-03, 2.3517e+00
5.0000e-03, 2.2618e+00
5.3125e-03, 2.1943e+00
5.6250e-03, 2.1324e+00
5.9375e-03, 2.0755e+00
6.2500e-03, 2.0230e+00
6.8750e-03, 1.9288e+00
7.5000e-03, 1.8467e+00
8.1250e-03, 1.7742e+00
8.7500e-03, 1.7097e+00
9.3750e-03, 1.6517e+00
1.0000e-02, 1.5993e+00
1.0625e-02, 1.5515e+00
1.1250e-02, 1.5078e+00
1.1875e-02, 1.4676e+00
1.2500e-02, 1.4305e+00
1.3750e-02, 1.3639e+00
1.5000e-02, 1.3059e+00
1.6250e-02, 1.2546e+00
1.7500e-02, 1.2090e+00
1.8750e-02, 1.1679e+00
2.0000e-02, 1.1308e+00
2.1325e-02, 1.0951e+00
2.2650e-02, 1.0626e+00
2.3975e-02, 1.0329e+00
2.5300e-02, 1.0055e+00
2.6844e-02, 9.7621e-01
2.8387e-02, 9.4934e-01
3.1475e-02, 9.0165e-01
3.4563e-02, 8.6044e-01
3.7650e-02, 8.2437e-01
4.0738e-02, 7.9248e-01
4.3825e-02, 7.6402e-01
4.6913e-02, 7.3843e-01
5.0000e-02, 7.1526e-01
5.3125e-02, 6.9390e-01
5.6250e-02, 6.7437e-01
5.9375e-02, 6.5642e-01
6.2500e-02, 6.3985e-01
6.8750e-02, 6.1013e-01
7.5000e-02, 5.8416e-01
8.1250e-02, 5.6122e-01
8.7500e-02, 5.4079e-01
9.3750e-02, 5.2244e-01
1.0000e-01, 5.0585e-01
1.0625e-01, 4.9074e-01
1.1250e-01, 4.7692e-01
1.1875e-01, 4.6424e-01
1.2500e-01, 4.5254e-01
1.3750e-01, 4.3154e-01
1.5000e-01, 4.1317e-01
1.6250e-01, 3.9695e-01
1.7500e-01, 3.8251e-01
1.8750e-01, 3.6955e-01
2.0000e-01, 3.5785e-01
2.1875e-01, 3.4222e-01
2.3750e-01, 3.2843e-01
2.5625e-01, 3.1619e-01
2.7500e-01, 3.0523e-01
2.9375e-01, 2.9533e-01
3.1250e-01, 2.8634e-01
3.3125e-01, 2.7814e-01
3.5000e-01, 2.7065e-01
3.8750e-01, 2.5730e-01
4.2500e-01, 2.4569e-01
5.0000e-01, 2.2659e-01
6.2500e-01, 2.0276e-01
7.5000e-01, 1.8514e-01
8.7500e-01, 1.7150e-01
1.0000e+00, 1.6051e-01
1.2500e+00, 1.4365e-01
1.5000e+00, 1.3123e-01
1.7500e+00, 1.2161e-01
2.0000e+00, 1.1385e-01
2.3750e+00, 1.0460e-01
2.7500e+00, 9.7338e-02
3.1250e+00, 9.1416e-02
3.5000e+00, 8.6481e-02
4.2500e+00, 7.8669e-02
5.0000e+00, 7.2711e-02
6.2500e+00, 6.5306e-02
7.5000e+00, 5.9861e-02
8.7500e+00, 5.5655e-02
1.0000e+01, 5.2282e-02
1.2500e+01, 4.7154e-02
1.5000e+01, 4.3410e-02
1.7500e+01, 4.0533e-02
2.0000e+01, 3.8241e-02
2.3750e+01, 3.5547e-02
2.7500e+01, 3.3466e-02
3.5000e+01, 3.0451e-02
4.2500e+01, 2.8378e-02
5.0000e+01, 2.6879e-02
6.2500e+01, 2.5169e-02
7.5000e+01, 2.4081e-02
8.7500e+01, 2.3395e-02
1.0000e+02, 2.2994e-02
1.1250e+02, 2.2809e-02
1.2500e+02, 2.2797e-02
1.5000e+02, 2.3205e-02
1.7500e+02, 2.4114e-02
2.0000e+02, 2.5506e-02
2.1875e+02, 2.6889e-02
2.3750e+02, 2.8601e-02
2.5625e+02, 3.0693e-02
2.7500e+02, 3.3240e-02
2.9375e+02, 3.6344e-02
3.1250e+02, 4.0147e-02
3.3125e+02, 4.4843e-02
3.5000e+02, 5.0710e-02
3.6875e+02, 5.8142e-02
3.7812e+02, 6.2619e-02
3.8750e+02, 6.7737e-02
3.9688e+02, 7.3617e-02
4.0625e+02, 8.0415e-02
4.1562e+02, 8.8334e-02
4.2500e+02, 9.7633e-02
4.3789e+02, 1.1355e-01
4.4434e+02, 1.2280e-01
4.5078e+02, 1.3376e-01
4.5723e+02, 1.4589e-01
4.6367e+02, 1.6024e-01
4.6689e+02, 1.6818e-01
4.7012e+02, 1.7682e-01
4.7173e+02, 1.8141e-01
4.7334e+02, 1.8621e-01
4.7495e+02, 1.9117e-01
4.7656e+02, 1.9637e-01
4.7784e+02, 2.0068e-01
4.7913e+02, 2.0513e-01
4.8041e+02, 2.0973e-01
4.8169e+02, 2.1451e-01
4.8297e+02, 2.1945e-01
4.8425e+02, 2.2458e-01
4.8553e+02, 2.2988e-01
4.8618e+02, 2.3262e-01
4.8650e+02, 2.3400e-01
4.8682e+02, 2.3540e-01
4.8704e+02, 2.3636e-01
4.8726e+02, 2.3734e-01
4.8748e+02, 2.3831e-01
4.8770e+02, 2.3930e-01
4.8786e+02, 2.4004e-01
4.8802e+02, 2.4079e-01
4.8835e+02, 2.4229e-01
4.8868e+02, 2.4381e-01
4.8901e+02, 2.4535e-01
4.8967e+02, 2.4846e-01
4.9033e+02, 2.5164e-01
4.9099e+02, 2.5489e-01
4.9165e+02, 2.5820e-01
4.9231e+02, 2.6157e-01
4.9297e+02, 2.6501e-01
4.9385e+02, 2.6971e-01
4.9473e+02, 2.7454e-01
4.9561e+02, 2.7950e-01
4.9648e+02, 2.8460e-01
4.9736e+02, 2.8986e-01
4.9824e+02, 2.9528e-01
4.9912e+02, 3.0084e-01
5.0000e+02, 3.0658e-01
5.0092e+02, 3.1274e-01
5.0183e+02, 3.1908e-01
5.0275e+02, 3.2563e-01
5.0366e+02, 3.3239e-01
5.0458e+02, 3.3937e-01
5.0549e+02, 3.4658e-01
5.0733e+02, 3.6173e-01
5.0916e+02, 3.7793e-01
5.1099e+02, 3.9527e-01
5.1282e+02, 4.1388e-01
5.1465e+02, 4.3387e-01
5.1648e+02, 4.5539e-01
5.1831e+02, 4.7860e-01
5.2014e+02, 5.0368e-01
5.2198e+02, 5.3084e-01
5.2381e+02, 5.6031e-01
5.2564e+02, 5.9238e-01
5.2747e+02, 6.2734e-01
5.2930e+02, 6.6556e-01
5.3113e+02, 7.0747e-01
5.3296e+02, 7.5355e-01
5.3480e+02, 8.0437e-01
5.3663e+02, 8.6063e-01
5.3846e+02, 9.2311e-01
5.4029e+02, 9.9278e-01
5.4212e+02, 1.0708e+00
5.4395e+02, 1.1585e+00
5.4578e+02, 1.2576e+00
5.4761e+02, 1.3702e+00
5.4945e+02, 1.4989e+00
5.5128e+02, 1.6468e+00
5.5311e+02, 1.8180e+00
5.5494e+02, 2.0177e+00
5.5677e+02, 2.2525e+00
5.5860e+02, 2.5311e+00
5.6027e+02, 2.8323e+00
5.6193e+02, 3.1910e+00
5.6360e+02, 3.6226e+00
5.6443e+02, 3.8723e+00
5.6526e+02, 4.1485e+00
5.6609e+02, 4.4558e+00
5.6693e+02, 4.7984e+00
5.6776e+02, 5.1820e+00
5.6859e+02, 5.6139e+00
5.6942e+02, 6.1013e+00
5.7026e+02, 6.6518e+00
5.7109e+02, 7.2756e+00
5.7192e+02, 7.9979e+00
5.7284e+02, 8.9258e+00
5.7375e+02, 1.0024e+01
5.7467e+02, 1.1335e+01
5.7558e+02, 1.2916e+01
5.7650e+02, 1.4847e+01
5.7742e+02, 1.7235e+01
5.7787e+02, 1.8646e+01
5.7833e+02, 2.0231e+01
5.7879e+02, 2.2021e+01
5.7925e+02, 2.4051e+01
5.7983e+02, 2.7047e+01
5.8041e+02, 3.0606e+01
5.8099e+02, 3.4854e+01
5.8158e+02, 3.9975e+01
5.8216e+02, 4.6227e+01
5.8274e+02, 5.3913e+01
5.8333e+02, 6.3403e+01
5.8362e+02, 6.8965e+01
5.8391e+02, 7.5152e+01
5.8447e+02, 8.9078e+01
5.8503e+02, 1.0596e+02
5.8559e+02, 1.2591e+02
5.8615e+02, 1.4839e+02
5.8672e+02, 1.7173e+02
5.8728e+02, 1.9291e+02
5.8756e+02, 2.0145e+02
5.8784e+02, 2.0795e+02
5.8812e+02, 2.1197e+02
5.8840e+02, 2.1325e+02
5.8870e+02, 2.1152e+02
5.8899e+02, 2.0674e+02
5.8929e+02, 1.9928e+02
5.8959e+02, 1.8967e+02
5.9018e+02, 1.6647e+02
5.9078e+02, 1.4170e+02
5.9137e+02, 1.1856e+02
5.9197e+02, 9.8583e+01
5.9256e+02, 8.2061e+01
5.9316e+02, 6.8672e+01
5.9375e+02, 5.7839e+01
5.9435e+02, 4.9134e+01
5.9495e+02, 4.2104e+01
5.9555e+02, 3.6387e+01
5.9615e+02, 3.1700e+01
5.9675e+02, 2.7832e+01
5.9734e+02, 2.4615e+01
5.9794e+02, 2.1902e+01
5.9849e+02, 1.9770e+01
5.9904e+02, 1.7923e+01
5.9959e+02, 1.6316e+01
6.0014e+02, 1.4911e+01
6.0068e+02, 1.3676e+01
6.0123e+02, 1.2585e+01
6.0233e+02, 1.0755e+01
6.0343e+02, 9.2908e+00
6.0452e+02, 8.1027e+00
6.0562e+02, 7.1259e+00
6.0672e+02, 6.3144e+00
6.0776e+02, 5.6681e+00
6.0881e+02, 5.1126e+00
6.0986e+02, 4.6306e+00
6.1091e+02, 4.2121e+00
6.1195e+02, 3.8481e+00
6.1300e+02, 3.5288e+00
6.1405e+02, 3.2468e+00
6.1509e+02, 2.9976e+00
6.1719e+02, 2.5768e+00
6.1928e+02, 2.2384e+00
6.2138e+02, 1.9618e+00
6.2347e+02, 1.7330e+00
6.2546e+02, 1.5502e+00
6.2746e+02, 1.3977e+00
6.2945e+02, 1.2632e+00
6.3145e+02, 1.1488e+00
6.3344e+02, 1.0465e+00
6.3544e+02, 9.5899e-01
6.3942e+02, 8.1208e-01
6.4341e+02, 6.9699e-01
6.4740e+02, 6.0450e-01
6.5139e+02, 5.2866e-01
6.5538e+02, 4.6605e-01
6.5897e+02, 4.1881e-01
6.6256e+02, 3.7835e-01
6.6615e+02, 3.4340e-01
6.6974e+02, 3.1367e-01
6.7333e+02, 2.8686e-01
6.7692e+02, 2.6364e-01
6.8051e+02, 2.4234e-01
6.8410e+02, 2.2441e-01
6.8769e+02, 2.0748e-01
6.9128e+02, 1.9312e-01
6.9846e+02, 1.6780e-01
7.0564e+02, 1.4704e-01
7.1282e+02, 1.2988e-01
7.1960e+02, 1.1628e-01
7.2638e+02, 1.0469e-01
7.3316e+02, 9.4716e-02
7.3994e+02, 8.6070e-02
7.4672e+02, 7.8644e-02
7.5350e+02, 7.2142e-02
7.6028e+02, 6.6195e-02
7.6706e+02, 6.1040e-02
7.8062e+02, 5.2264e-02
7.9418e+02, 4.5213e-02
8.0775e+02, 3.9468e-02
8.2131e+02, 3.4739e-02
8.3248e+02, 3.1466e-02
8.4364e+02, 2.8624e-02
8.5481e+02, 2.6133e-02
8.6598e+02, 2.3940e-02
8.8832e+02, 2.0279e-02
9.1065e+02, 1.7376e-02
9.2182e+02, 1.6159e-02
9.3299e+02, 1.5114e-02
9.5533e+02, 1.3196e-02
9.7766e+02, 1.1612e-02
1.0000e+03, 1.0295e-02
1.0318e+03, 8.8017e-03
1.0477e+03, 8.1543e-03
1.0636e+03, 7.5963e-03
1.0954e+03, 6.6251e-03
1.1271e+03, 5.8467e-03
1.1589e+03, 5.2029e-03
1.1907e+03, 4.6889e-03
1.2225e+03, 4.2879e-03
1.2543e+03, 4.0081e-03
1.2774e+03, 3.9364e-03
1.2933e+03, 4.0186e-03
1.3012e+03, 4.1130e-03
1.3092e+03, 4.2996e-03
1.3171e+03, 4.6068e-03
1.3251e+03, 5.1502e-03
1.3291e+03, 5.5506e-03
1.3330e+03, 6.1362e-03
1.3370e+03, 6.9491e-03
1.3410e+03, 8.0457e-03
1.3434e+03, 9.0183e-03
1.3459e+03, 1.0332e-02
1.3483e+03, 1.2131e-02
1.3507e+03, 1.4676e-02
1.3532e+03, 1.8278e-02
1.3544e+03, 2.0808e-02
1.3556e+03, 2.4046e-02
1.3568e+03, 2.8245e-02
1.3580e+03, 3.3771e-02
1.3593e+03, 4.1319e-02
1.3605e+03, 5.2159e-02
1.3612e+03, 6.0332e-02
1.3618e+03, 7.0718e-02
1.3625e+03, 8.4206e-02
1.3632e+03, 1.0220e-01
1.3635e+03, 1.1360e-01
1.3639e+03, 1.2716e-01
1.3642e+03, 1.4348e-01
1.3645e+03, 1.6334e-01
1.3649e+03, 1.8807e-01
1.3652e+03, 2.1933e-01
1.3656e+03, 2.6033e-01
1.3657e+03, 2.8597e-01
1.3659e+03, 3.1649e-01
1.3661e+03, 3.7423e-01
1.3663e+03, 4.1118e-01
1.3664e+03, 4.5594e-01
1.3665e+03, 5.1168e-01
1.3666e+03, 5.8118e-01
1.3668e+03, 6.6987e-01
1.3669e+03, 7.8451e-01
1.3670e+03, 9.3548e-01
1.3671e+03, 1.0271e+00
1.3671e+03, 1.1322e+00
1.3672e+03, 1.2526e+00
1.3673e+03, 1.3906e+00
1.3673e+03, 1.5485e+00
1.3674e+03, 1.7292e+00
1.3675e+03, 1.9355e+00
1.3675e+03, 2.1706e+00
1.3676e+03, 2.4379e+00
1.3676e+03, 2.7409e+00
1.3677e+03, 3.0835e+00
1.3678e+03, 3.4697e+00
1.3678e+03, 3.9034e+00
1.3679e+03, 4.3888e+00
1.3679e+03, 4.9391e+00
1.3680e+03, 5.5409e+00
1.3681e+03, 6.2062e+00
1.3681e+03, 6.9385e+00
1.3683e+03, 8.6158e+00
1.3684e+03, 1.0590e+01
1.3685e+03, 1.2867e+01
1.3686e+03, 1.5435e+01
1.3688e+03, 1.8265e+01
1.3689e+03, 2.1304e+01
1.3691e+03, 2.7700e+01
1.3694e+03, 3.3814e+01
1.3695e+03, 3.6908e+01
1.3697e+03, 3.9363e+01
1.3698e+03, 4.0757e+01
1.3699e+03, 4.1563e+01
1.3700e+03, 4.1769e+01
1.3701e+03, 4.1526e+01
1.3702e+03, 4.0811e+01
1.3703e+03, 3.9609e+01
1.3704e+03, 3.7978e+01
1.3706e+03, 3.3903e+01
1.3708e+03, 2.8986e+01
1.3712e+03, 1.9160e+01
1.3714e+03, 1.4778e+01
1.3715e+03, 1.2820e+01
1.3716e+03, 1.1038e+01
1.3717e+03, 9.8030e+00
1.3717e+03, 8.6880e+00
1.3718e+03, 7.6734e+00
1.3719e+03, 6.7561e+00
1.3720e+03, 5.9322e+00
1.3720e+03, 5.1965e+00
1.3721e+03, 4.5435e+00
1.3722e+03, 3.9670e+00
1.3722e+03, 3.4607e+00
1.3723e+03, 3.0183e+00
1.3724e+03, 2.6335e+00
1.3725e+03, 2.3001e+00
1.3725e+03, 2.0123e+00
1.3726e+03, 1.7648e+00
1.3727e+03, 1.5524e+00
1.3727e+03, 1.3707e+00
1.3728e+03, 1.1956e+00
1.3729e+03, 1.0494e+00
1.3730e+03, 9.2734e-01
1.3731e+03, 8.2641e-01
1.3732e+03, 7.4073e-01
1.3732e+03, 6.6871e-01
1.3733e+03, 6.0791e-01
1.3734e+03, 5.5688e-01
1.3736e+03, 4.7470e-01
1.3737e+03, 4.1332e-01
1.3739e+03, 3.6567e-01
1.3741e+03, 3.2756e-01
1.3742e+03, 2.9608e-01
1.3744e+03, 2.6983e-01
1.3747e+03, 2.2784e-01
1.3750e+03, 1.9573e-01
1.3754e+03, 1.7045e-01
1.3759e+03, 1.3971e-01
1.3764e+03, 1.1691e-01
1.3769e+03, 9.9451e-02
1.3774e+03, 8.5748e-02
1.3780e+03, 7.4789e-02
1.3785e+03, 6.5888e-02
1.3795e+03, 5.2480e-02
1.3805e+03, 4.3005e-02
1.3816e+03, 3.5981e-02
1.3826e+03, 3.0617e-02
1.3837e+03, 2.6448e-02
1.3857e+03, 2.0665e-02
1.3877e+03, 1.6809e-02
1.3897e+03, 1.4052e-02
1.3917e+03, 1.1998e-02
1.3957e+03, 9.2379e-03
1.3997e+03, 7.5265e-03
1.4030e+03, 6.5601e-03
1.4064e+03, 5.8062e-03
1.4132e+03, 4.7906e-03
1.4200e+03, 4.1519e-03
1.4267e+03, 3.7322e-03
1.4403e+03, 3.1637e-03
1.4538e+03, 2.8322e-03
1.4673e+03, 2.6007e-03
1.4808e+03, 2.4404e-03
1.5079e+03, 2.1921e-03
1.5387e+03, 2.0066e-03
1.5694e+03, 1.8551e-03
1.6309e+03, 1.6386e-03
1.6924e+03, 1.4786e-03
1.7540e+03, 1.3572e-03
1.8155e+03, 1.2646e-03
1.8770e+03, 1.1922e-03
2.0000e+03, 1.0980e-03
2.0740e+03, 1.0731e-03
2.1480e+03, 1.0697e-03
2.2451e+03, 1.1041e-03
2.3422e+03, 1.1872e-03
2.3907e+03, 1.2643e-03
2.4393e+03, 1.3836e-03
2.4636e+03, 1.4749e-03
2.4878e+03, 1.6210e-03
2.5121e+03, 1.8762e-03
2.5364e+03, 2.4388e-03
2.5456e+03, 2.9049e-03
2.5549e+03, 3.7400e-03
2.5624e+03, 5.0716e-03
2.5661e+03, 6.2316e-03
2.5699e+03, 8.0417e-03
2.5737e+03, 1.0927e-02
2.5755e+03, 1.3220e-02
2.5774e+03, 1.6544e-02
2.5793e+03, 2.1467e-02
2.5812e+03, 2.9178e-02
2.5821e+03, 3.4974e-02
2.5831e+03, 4.2883e-02
2.5840e+03, 5.4035e-02
2.5849e+03, 7.0627e-02
2.5855e+03, 8.5450e-02
2.5861e+03, 1.0645e-01
2.5867e+03, 1.3938e-01
2.5870e+03, 1.6477e-01
2.5872e+03, 2.0154e-01
2.5875e+03, 2.5796e-01
2.5877e+03, 2.9784e-01
2.5878e+03, 3.4831e-01
2.5880e+03, 4.1337e-01
2.5881e+03, 4.9619e-01
2.5883e+03, 6.0297e-01
2.5884e+03, 7.3828e-01
2.5885e+03, 9.1120e-01
2.5887e+03, 1.1276e+00
2.5888e+03, 1.3997e+00
2.5890e+03, 1.7339e+00
2.5891e+03, 1.9311e+00
2.5891e+03, 2.1456e+00
2.5893e+03, 2.6397e+00
2.5894e+03, 3.2334e+00
2.5896e+03, 3.9276e+00
2.5897e+03, 4.7928e+00
2.5899e+03, 5.7896e+00
2.5900e+03, 6.9174e+00
2.5902e+03, 8.1608e+00
2.5905e+03, 1.0962e+01
2.5908e+03, 1.3989e+01
2.5911e+03, 1.6763e+01
2.5914e+03, 1.9142e+01
2.5915e+03, 2.0184e+01
2.5917e+03, 2.0957e+01
2.5919e+03, 2.1484e+01
2.5920e+03, 2.1567e+01
2.5922e+03, 2.1273e+01
2.5924e+03, 2.0375e+01
2.5927e+03, 1.9026e+01
2.5929e+03, 1.7309e+01
2.5933e+03, 1.3037e+01
2.5935e+03, 1.0849e+01
2.5938e+03, 8.7973e+00
2.5940e+03, 6.7836e+00
2.5941e+03, 5.8917e+00
2.5942e+03, 5.0881e+00
2.5944e+03, 4.3603e+00
2.5945e+03, 3.7190e+00
2.5946e+03, 3.1504e+00
2.5947e+03, 2.6595e+00
2.5948e+03, 2.2327e+00
2.5950e+03, 1.8710e+00
2.5951e+03, 1.5621e+00
2.5952e+03, 1.3045e+00
2.5953e+03, 1.0880e+00
2.5955e+03, 9.1002e-01
2.5956e+03, 7.6226e-01
2.5957e+03, 6.4220e-01
2.5958e+03, 5.3981e-01
2.5960e+03, 4.5730e-01
2.5961e+03, 3.9094e-01
2.5962e+03, 3.3795e-01
2.5965e+03, 2.6031e-01
2.5967e+03, 2.0893e-01
2.5970e+03, 1.7371e-01
2.5972e+03, 1.4873e-01
2.5977e+03, 1.1556e-01
2.5982e+03, 9.4036e-02
2.5987e+03, 7.8677e-02
2.5998e+03, 5.8024e-02
2.6008e+03, 4.4921e-02
2.6018e+03, 3.5966e-02
2.6028e+03, 2.9537e-02
2.6038e+03, 2.4789e-02
2.6061e+03, 1.7861e-02
2.6083e+03, 1.3603e-02
2.6106e+03, 1.0814e-02
2.6129e+03, 8.9458e-03
2.6181e+03, 6.3607e-03
2.6232e+03, 4.9358e-03
2.6284e+03, 4.0933e-03
2.6336e+03, 3.5621e-03
2.6440e+03, 2.9547e-03
2.6544e+03, 2.6423e-03
2.6751e+03, 2.3862e-03
2.6959e+03, 2.3324e-03
2.7244e+03, 2.3971e-03
2.7529e+03, 2.5411e-03
2.7814e+03, 2.7484e-03
2.8099e+03, 3.0207e-03
2.8385e+03, 3.3573e-03
2.8670e+03, 3.7844e-03
2.8955e+03, 4.3213e-03
2.9240e+03, 4.9954e-03
2.9435e+03, 5.5724e-03
2.9629e+03, 6.2705e-03
2.9824e+03, 7.1239e-03
3.0018e+03, 8.1808e-03
3.0213e+03, 9.4804e-03
3.0407e+03, 1.1164e-02
3.0602e+03, 1.3365e-02
3.0699e+03, 1.4729e-02
3.0796e+03, 1.6322e-02
3.0900e+03, 1.8337e-02
3.1003e+03, 2.0762e-02
3.1107e+03, 2.3716e-02
3.1211e+03, 2.7366e-02
3.1315e+03, 3.1929e-02
3.1366e+03, 3.4653e-02
3.1418e+03, 3.7765e-02
3.1470e+03, 4.1323e-02
3.1522e+03, 4.5416e-02
3.1574e+03, 5.0158e-02
3.1626e+03, 5.5691e-02
3.1681e+03, 6.2655e-02
3.1736e+03, 7.1029e-02
3.1791e+03, 8.1224e-02
3.1846e+03, 9.3809e-02
3.1901e+03, 1.0959e-01
3.1929e+03, 1.1889e-01
3.1956e+03, 1.2938e-01
3.1984e+03, 1.4154e-01
3.2011e+03, 1.5552e-01
3.2039e+03, 1.7169e-01
3.2067e+03, 1.9054e-01
3.2096e+03, 2.1410e-01
3.2125e+03, 2.4236e-01
3.2154e+03, 2.7662e-01
3.2183e+03, 3.1875e-01
3.2212e+03, 3.7132e-01
3.2242e+03, 4.3777e-01
3.2256e+03, 4.7764e-01
3.2271e+03, 5.2349e-01
3.2285e+03, 5.7649e-01
3.2293e+03, 6.0603e-01
3.2300e+03, 6.3787e-01
3.2309e+03, 6.8340e-01
3.2319e+03, 7.3403e-01
3.2328e+03, 7.9057e-01
3.2333e+03, 8.2135e-01
3.2338e+03, 8.5398e-01
3.2339e+03, 8.6266e-01
3.2344e+03, 8.9784e-01
3.2349e+03, 9.3524e-01
3.2353e+03, 9.7504e-01
3.2358e+03, 1.0174e+00
3.2364e+03, 1.0757e+00
3.2370e+03, 1.1392e+00
3.2377e+03, 1.2084e+00
3.2383e+03, 1.2839e+00
3.2389e+03, 1.3669e+00
3.2392e+03, 1.4115e+00
3.2395e+03, 1.4583e+00
3.2398e+03, 1.5075e+00
3.2401e+03, 1.5592e+00
3.2404e+03, 1.6136e+00
3.2407e+03, 1.6708e+00
3.2411e+03, 1.7606e+00
3.2416e+03, 1.8580e+00
3.2420e+03, 1.9636e+00
3.2425e+03, 2.0783e+00
3.2429e+03, 2.2037e+00
3.2434e+03, 2.3405e+00
3.2438e+03, 2.4908e+00
3.2443e+03, 2.6557e+00
3.2447e+03, 2.8380e+00
3.2451e+03, 3.0398e+00
3.2456e+03, 3.2641e+00
3.2460e+03, 3.5135e+00
3.2465e+03, 3.7935e+00
3.2469e+03, 4.1077e+00
3.2474e+03, 4.4635e+00
3.2478e+03, 4.8668e+00
3.2483e+03, 5.3286e+00
3.2487e+03, 5.8594e+00
3.2492e+03, 6.4738e+00
3.2496e+03, 7.1884e+00
3.2500e+03, 8.0297e+00
3.2505e+03, 9.0268e+00
3.2509e+03, 1.0219e+01
3.2512e+03, 1.0904e+01
3.2514e+03, 1.1655e+01
3.2516e+03, 1.2487e+01
3.2518e+03, 1.3407e+01
3.2521e+03, 1.4428e+01
3.2523e+03, 1.5556e+01
3.2525e+03, 1.6815e+01
3.2527e+03, 1.8217e+01
3.2529e+03, 1.9780e+01
3.2532e+03, 2.1512e+01
3.2534e+03, 2.3448e+01
3.2536e+03, 2.5599e+01
3.2538e+03, 2.7983e+01
3.2541e+03, 3.0604e+01
3.2543e+03, 3.3496e+01
3.2545e+03, 3.6656e+01
3.2549e+03, 4.3745e+01
3.2553e+03, 5.0573e+01
3.2557e+03, 5.7862e+01
3.2565e+03, 7.2479e+01
3.2569e+03, 7.8848e+01
3.2572e+03, 8.3867e+01
3.2576e+03, 8.7094e+01
3.2580e+03, 8.8196e+01
3.2583e+03, 8.7659e+01
3.2587e+03, 8.4676e+01
3.2591e+03, 7.9432e+01
3.2595e+03, 7.2497e+01
3.2599e+03, 6.4605e+01
3.2608e+03, 4.8491e+01
3.2612e+03, 4.1223e+01
3.2616e+03, 3.4848e+01
3.2620e+03, 2.9399e+01
3.2625e+03, 2.4853e+01
3.2629e+03, 2.1113e+01
3.2633e+03, 1.8064e+01
3.2637e+03, 1.5569e+01
3.2641e+03, 1.3531e+01
3.2646e+03, 1.1849e+01
3.2650e+03, 1.0458e+01
3.2654e+03, 9.2912e+00
3.2658e+03, 8.3075e+00
3.2662e+03, 7.4709e+00
3.2667e+03, 6.7539e+00
3.2671e+03, 6.1348e+00
3.2675e+03, 5.5968e+00
3.2679e+03, 5.1264e+00
3.2683e+03, 4.7137e+00
3.2692e+03, 4.0235e+00
3.2700e+03, 3.4747e+00
3.2709e+03, 3.0315e+00
3.2717e+03, 2.6690e+00
3.2725e+03, 2.3806e+00
3.2733e+03, 2.1368e+00
3.2741e+03, 1.9283e+00
3.2749e+03, 1.7487e+00
3.2757e+03, 1.5927e+00
3.2765e+03, 1.4568e+00
3.2773e+03, 1.3376e+00
3.2781e+03, 1.2324e+00
3.2797e+03, 1.0561e+00
3.2813e+03, 9.1504e-01
3.2829e+03, 8.0050e-01
3.2845e+03, 7.0629e-01
3.2860e+03, 6.3140e-01
3.2876e+03, 5.6823e-01
3.2891e+03, 5.1388e-01
3.2906e+03, 4.6672e-01
3.2921e+03, 4.2568e-01
3.2937e+03, 3.8985e-01
3.2952e+03, 3.5833e-01
3.2967e+03, 3.3051e-01
3.2998e+03, 2.8375e-01
3.3028e+03, 2.4625e-01
3.3059e+03, 2.1572e-01
3.3089e+03, 1.9053e-01
3.3117e+03, 1.7144e-01
3.3144e+03, 1.5509e-01
3.3172e+03, 1.4099e-01
3.3199e+03, 1.2893e-01
3.3227e+03, 1.1819e-01
3.3254e+03, 1.0872e-01
3.3282e+03, 1.0028e-01
3.3309e+03, 9.2875e-02
3.3364e+03, 8.0243e-02
3.3419e+03, 7.0017e-02
3.3474e+03, 6.1626e-02
3.3529e+03, 5.4662e-02
3.3581e+03, 4.9116e-02
3.3633e+03, 4.4374e-02
3.3685e+03, 4.0288e-02
3.3737e+03, 3.6742e-02
3.3789e+03, 3.3694e-02
3.3840e+03, 3.1012e-02
3.3944e+03, 2.6438e-02
3.4048e+03, 2.2807e-02
3.4152e+03, 1.9879e-02
3.4256e+03, 1.7484e-02
3.4359e+03, 1.5500e-02
3.4457e+03, 1.3928e-02
3.4555e+03, 1.2585e-02
3.4750e+03, 1.0425e-02
3.4946e+03, 8.7829e-03
3.5141e+03, 7.5039e-03
3.5336e+03, 6.4864e-03
3.5532e+03, 5.6655e-03
3.5727e+03, 4.9939e-03
3.5923e+03, 4.4375e-03
3.6289e+03, 3.6250e-03
3.6655e+03, 3.0234e-03
3.7022e+03, 2.5653e-03
3.7388e+03, 2.2140e-03
3.7754e+03, 1.9300e-03
3.8121e+03, 1.7024e-03
3.8853e+03, 1.3674e-03
3.9537e+03, 1.1559e-03
4.0221e+03, 1.0083e-03
4.0905e+03, 9.1153e-04
4.1589e+03, 8.6355e-04
4.2224e+03, 8.8038e-04
4.2859e+03, 9.9065e-04
4.3177e+03, 1.1209e-03
4.3494e+03, 1.3595e-03
4.3812e+03, 1.8247e-03
4.3970e+03, 2.2159e-03
4.4129e+03, 2.7961e-03
4.4300e+03, 3.8912e-03
4.4386e+03, 4.7685e-03
4.4471e+03, 6.0316e-03
4.4557e+03, 7.8112e-03
4.4642e+03, 1.0787e-02
4.4685e+03, 1.3003e-02
4.4727e+03, 1.6012e-02
4.4770e+03, 2.0130e-02
4.4813e+03, 2.6255e-02
4.4836e+03, 3.0824e-02
4.4859e+03, 3.6731e-02
4.4882e+03, 4.4544e-02
4.4905e+03, 5.5087e-02
4.4927e+03, 6.9922e-02
4.4939e+03, 7.9821e-02
4.4950e+03, 9.2056e-02
4.4962e+03, 1.0740e-01
4.4973e+03, 1.2699e-01
4.4985e+03, 1.5256e-01
4.4996e+03, 1.8689e-01
4.5003e+03, 2.1363e-01
4.5010e+03, 2.4685e-01
4.5017e+03, 2.8896e-01
4.5024e+03, 3.4375e-01
4.5031e+03, 4.1764e-01
4.5034e+03, 4.6527e-01
4.5037e+03, 5.2293e-01
4.5041e+03, 5.9479e-01
4.5044e+03, 6.8631e-01
4.5048e+03, 8.0711e-01
4.5051e+03, 9.7045e-01
4.5053e+03, 1.0747e+00
4.5055e+03, 1.1985e+00
4.5056e+03, 1.3458e+00
4.5058e+03, 1.5208e+00
4.5060e+03, 1.7312e+00
4.5061e+03, 1.9830e+00
4.5063e+03, 2.2840e+00
4.5065e+03, 2.6407e+00
4.5067e+03, 3.0669e+00
4.5068e+03, 3.5709e+00
4.5070e+03, 4.1637e+00
4.5072e+03, 4.8521e+00
4.5073e+03, 5.6547e+00
4.5075e+03, 6.5722e+00
4.5077e+03, 7.6241e+00
4.5079e+03, 8.8045e+00
4.5080e+03, 1.0286e+01
4.5082e+03, 1.1940e+01
4.5084e+03, 1.3759e+01
4.5086e+03, 1.5720e+01
4.5090e+03, 2.0015e+01
4.5094e+03, 2.4523e+01
4.5098e+03, 2.9271e+01
4.5102e+03, 3.3184e+01
4.5105e+03, 3.5214e+01
4.5109e+03, 3.6256e+01
4.5110e+03, 3.6375e+01
4.5113e+03, 3.5817e+01
4.5116e+03, 3.4203e+01
4.5120e+03, 3.1574e+01
4.5123e+03, 2.8235e+01
4.5129e+03, 2.0944e+01
4.5132e+03, 1.7339e+01
4.5135e+03, 1.4013e+01
4.5138e+03, 1.1206e+01
4.5140e+03, 9.9590e+00
4.5141e+03, 8.8176e+00
4.5143e+03, 7.7743e+00
4.5144e+03, 6.8407e+00
4.5146e+03, 6.0055e+00
4.5147e+03, 5.2635e+00
4.5149e+03, 4.6044e+00
4.5150e+03, 4.0301e+00
4.5152e+03, 3.5288e+00
4.5153e+03, 3.0935e+00
4.5155e+03, 2.7169e+00
4.5156e+03, 2.3923e+00
4.5158e+03, 2.1134e+00
4.5159e+03, 1.8743e+00
4.5161e+03, 1.6784e+00
4.5162e+03, 1.5095e+00
4.5164e+03, 1.3638e+00
4.5165e+03, 1.2388e+00
4.5168e+03, 1.0361e+00
4.5171e+03, 8.8252e-01
4.5173e+03, 7.6399e-01
4.5176e+03, 6.7137e-01
4.5179e+03, 5.9720e-01
4.5182e+03, 5.3657e-01
4.5188e+03, 4.4318e-01
4.5193e+03, 3.7461e-01
4.5199e+03, 3.2185e-01
4.5205e+03, 2.8017e-01
4.5213e+03, 2.3113e-01
4.5222e+03, 1.9429e-01
4.5231e+03, 1.6579e-01
4.5239e+03, 1.4324e-01
4.5248e+03, 1.2508e-01
4.5257e+03, 1.1025e-01
4.5274e+03, 8.7714e-02
4.5291e+03, 7.1486e-02
4.5308e+03, 5.9366e-02
4.5326e+03, 5.0097e-02
4.5343e+03, 4.2870e-02
4.5367e+03, 3.5265e-02
4.5391e+03, 2.9632e-02
4.5438e+03, 2.1708e-02
4.5486e+03, 1.6594e-02
4.5534e+03, 1.3127e-02
4.5572e+03, 1.1125e-02
4.5648e+03, 8.3080e-03
4.5725e+03, 6.4502e-03
4.5801e+03, 5.1774e-03
4.5877e+03, 4.2738e-03
4.6040e+03, 3.0339e-03
4.6202e+03, 2.2993e-03
4.6364e+03, 1.8301e-03
4.6526e+03, 1.5111e-03
4.6851e+03, 1.1290e-03
4.7175e+03, 8.9519e-04
4.7824e+03, 6.5490e-04
4.8473e+03, 5.4511e-04
4.9389e+03, 4.9951e-04
5.0000e+03, 5.5687e-04
5.0369e+03, 6.8798e-04
5.0606e+03, 9.0015e-04
5.0725e+03, 1.0734e-03
5.0843e+03, 1.4171e-03
5.0961e+03, 1.9092e-03
5.1020e+03, 2.3338e-03
5.1080e+03, 3.0004e-03
5.1139e+03, 3.9557e-03
5.1198e+03, 5.6815e-03
5.1257e+03, 8.9208e-03
5.1287e+03, 1.1831e-02
5.1316e+03, 1.6566e-02
5.1344e+03, 2.4108e-02
5.1357e+03, 3.0112e-02
5.1371e+03, 3.8865e-02
5.1385e+03, 5.2417e-02
5.1399e+03, 7.5874e-02
5.1405e+03, 9.6148e-02
5.1412e+03, 1.3077e-01
5.1416e+03, 1.5896e-01
5.1419e+03, 2.0015e-01
5.1423e+03, 2.6167e-01
5.1426e+03, 3.5408e-01
5.1428e+03, 4.2055e-01
5.1430e+03, 5.0225e-01
5.1431e+03, 6.0335e-01
5.1433e+03, 7.2639e-01
5.1435e+03, 8.7679e-01
5.1437e+03, 1.0572e+00
5.1439e+03, 1.2731e+00
5.1440e+03, 1.5289e+00
5.1442e+03, 1.8311e+00
5.1444e+03, 2.1805e+00
5.1446e+03, 2.5847e+00
5.1448e+03, 3.0419e+00
5.1450e+03, 3.5587e+00
5.1451e+03, 4.1293e+00
5.1453e+03, 4.7547e+00
5.1455e+03, 5.4308e+00
5.1458e+03, 6.6063e+00
5.1461e+03, 7.8581e+00
5.1466e+03, 1.0363e+01
5.1470e+03, 1.1613e+01
5.1473e+03, 1.2619e+01
5.1475e+03, 1.3074e+01
5.1477e+03, 1.3389e+01
5.1480e+03, 1.3578e+01
5.1483e+03, 1.3345e+01
5.1487e+03, 1.2563e+01
5.1491e+03, 1.1521e+01
5.1494e+03, 1.0235e+01
5.1500e+03, 7.6608e+00
5.1503e+03, 6.3932e+00
5.1506e+03, 5.2131e+00
5.1508e+03, 4.4824e+00
5.1510e+03, 3.8168e+00
5.1512e+03, 3.2201e+00
5.1514e+03, 2.6935e+00
5.1516e+03, 2.2353e+00
5.1518e+03, 1.8422e+00
5.1520e+03, 1.5095e+00
5.1522e+03, 1.2325e+00
5.1524e+03, 1.0023e+00
5.1526e+03, 8.1416e-01
5.1528e+03, 6.6182e-01
5.1530e+03, 5.4010e-01
5.1532e+03, 4.4259e-01
5.1534e+03, 3.6536e-01
5.1538e+03, 2.5672e-01
5.1541e+03, 1.9139e-01
5.1545e+03, 1.4956e-01
5.1549e+03, 1.2186e-01
5.1553e+03, 1.0267e-01
5.1561e+03, 7.7962e-02
5.1568e+03, 6.2458e-02
5.1583e+03, 4.3448e-02
5.1599e+03, 3.2231e-02
5.1614e+03, 2.4989e-02
5.1629e+03, 2.0013e-02
5.1660e+03, 1.3695e-02
5.1693e+03, 9.7538e-03
5.1727e+03, 7.3928e-03
5.1793e+03, 4.6545e-03
5.1838e+03, 3.6440e-03
5.1927e+03, 2.4532e-03
5.2016e+03, 1.7946e-03
5.2105e+03, 1.4008e-03
5.2194e+03, 1.1488e-03
5.2461e+03, 7.6994e-04
5.2727e+03, 6.2004e-04
5.2994e+03, 5.3887e-04
5.3261e+03, 5.1233e-04
5.3617e+03, 5.6211e-04
5.3781e+03, 6.4316e-04
5.3945e+03, 8.4179e-04
5.4027e+03, 1.0501e-03
5.4109e+03, 1.4857e-03
5.4150e+03, 1.9727e-03
5.4191e+03, 2.9250e-03
5.4212e+03, 3.8238e-03
5.4232e+03, 5.4534e-03
5.4242e+03, 6.8585e-03
5.4253e+03, 9.2892e-03
5.4258e+03, 1.1461e-02
5.4263e+03, 1.5158e-02
5.4268e+03, 2.2045e-02
5.4273e+03, 3.5349e-02
5.4276e+03, 4.8132e-02
5.4279e+03, 6.6543e-02
5.4282e+03, 9.2814e-02
5.4285e+03, 1.2931e-01
5.4288e+03, 1.7920e-01
5.4291e+03, 2.4522e-01
5.4294e+03, 3.3049e-01
5.4297e+03, 4.3745e-01
5.4300e+03, 5.6800e-01
5.4303e+03, 7.2114e-01
5.4306e+03, 8.9570e-01
5.4309e+03, 1.0859e+00
5.4315e+03, 1.4854e+00
5.4317e+03, 1.6738e+00
5.4320e+03, 1.8396e+00
5.4324e+03, 1.9970e+00
5.4328e+03, 2.0857e+00
5.4330e+03, 2.1014e+00
5.4330e+03, 2.1015e+00
5.4331e+03, 2.1005e+00
5.4331e+03, 2.0978e+00
5.4332e+03, 2.0868e+00
5.4336e+03, 2.0106e+00
5.4339e+03, 1.8768e+00
5.4342e+03, 1.7337e+00
5.4344e+03, 1.5686e+00
5.4350e+03, 1.2079e+00
5.4355e+03, 8.5793e-01
5.4358e+03, 7.0221e-01
5.4360e+03, 5.6460e-01
5.4363e+03, 4.4558e-01
5.4366e+03, 3.4582e-01
5.4368e+03, 2.6434e-01
5.4371e+03, 1.9962e-01
5.4374e+03, 1.4900e-01
5.4376e+03, 1.1055e-01
5.4382e+03, 6.0620e-02
5.4385e+03, 4.3818e-02
5.4388e+03, 3.2349e-02
5.4391e+03, 2.4543e-02
5.4394e+03, 1.9278e-02
5.4400e+03, 1.3194e-02
5.4406e+03, 1.0126e-02
5.4418e+03, 7.1655e-03
5.4430e+03, 5.6387e-03
5.4454e+03, 4.0425e-03
5.4478e+03, 3.2715e-03
5.4526e+03, 2.6221e-03
5.4574e+03, 2.5618e-03
5.4660e+03, 3.2147e-03
5.4703e+03, 3.9926e-03
5.4746e+03, 5.3537e-03
5.4789e+03, 7.8483e-03
5.4810e+03, 9.8471e-03
5.4832e+03, 1.2838e-02
5.4853e+03, 1.7761e-02
5.4875e+03, 2.6519e-02
5.4886e+03, 3.3762e-02
5.4896e+03, 4.5131e-02
5.4907e+03, 6.7639e-02
5.4913e+03, 9.0782e-02
5.4918e+03, 1.3401e-01
5.4921e+03, 1.7049e-01
5.4923e+03, 2.2221e-01
5.4926e+03, 2.9519e-01
5.4929e+03, 3.9682e-01
5.4932e+03, 5.3746e-01
5.4934e+03, 7.2750e-01
5.4937e+03, 9.8124e-01
5.4939e+03, 1.1355e+00
5.4940e+03, 1.3105e+00
5.4941e+03, 1.5095e+00
5.4943e+03, 1.7312e+00
5.4944e+03, 1.9801e+00
5.4946e+03, 2.2538e+00
5.4947e+03, 2.5571e+00
5.4948e+03, 2.8862e+00
5.4951e+03, 3.6278e+00
5.4954e+03, 4.4784e+00
5.4957e+03, 5.4168e+00
5.4962e+03, 7.4597e+00
5.4968e+03, 9.3917e+00
5.4970e+03, 1.0225e+01
5.4973e+03, 1.0905e+01
5.4977e+03, 1.1535e+01
5.4979e+03, 1.1682e+01
5.4980e+03, 1.1716e+01
5.4982e+03, 1.1638e+01
5.4984e+03, 1.1408e+01
5.4987e+03, 1.0961e+01
5.4989e+03, 1.0342e+01
5.4993e+03, 9.1656e+00
5.4997e+03, 7.8043e+00
5.5004e+03, 5.0309e+00
5.5008e+03, 3.8704e+00
5.5010e+03, 3.3535e+00
5.5012e+03, 2.8829e+00
5.5013e+03, 2.4597e+00
5.5015e+03, 2.0837e+00
5.5017e+03, 1.7533e+00
5.5019e+03, 1.4662e+00
5.5021e+03, 1.2193e+00
5.5022e+03, 1.0091e+00
5.5024e+03, 8.3195e-01
5.5026e+03, 6.8397e-01
5.5028e+03, 5.6142e-01
5.5030e+03, 4.6076e-01
5.5031e+03, 3.7868e-01
5.5033e+03, 3.1220e-01
5.5036e+03, 2.3177e-01
5.5039e+03, 1.7547e-01
5.5042e+03, 1.3627e-01
5.5045e+03, 1.0894e-01
5.5051e+03, 7.5919e-02
5.5057e+03, 5.7276e-02
5.5063e+03, 4.6199e-02
5.5075e+03, 3.3140e-02
5.5087e+03, 2.5339e-02
5.5100e+03, 2.0092e-02
5.5124e+03, 1.3574e-02
5.5148e+03, 9.8600e-03
5.5197e+03, 6.0610e-03
5.5246e+03, 4.1236e-03
5.5295e+03, 3.0496e-03
5.5344e+03, 2.4111e-03
5.5442e+03, 1.7842e-03
5.5534e+03, 1.7327e-03
5.5575e+03, 2.0061e-03
5.5596e+03, 2.3314e-03
5.5617e+03, 2.9648e-03
5.5637e+03, 4.3560e-03
5.5647e+03, 6.0874e-03
5.5652e+03, 7.9005e-03
5.5658e+03, 1.1285e-02
5.5663e+03, 1.7822e-02
5.5668e+03, 3.0334e-02
5.5673e+03, 5.3331e-02
5.5678e+03, 9.3110e-02
5.5683e+03, 1.5701e-01
5.5688e+03, 2.5139e-01
5.5693e+03, 3.7842e-01
5.5699e+03, 5.3250e-01
5.5703e+03, 6.8083e-01
5.5708e+03, 8.2138e-01
5.5712e+03, 9.3423e-01
5.5715e+03, 9.7447e-01
5.5717e+03, 1.0013e+00
5.5720e+03, 1.0144e+00
5.5720e+03, 1.0144e+00
5.5721e+03, 1.0138e+00
5.5721e+03, 1.0127e+00
5.5722e+03, 1.0087e+00
5.5724e+03, 9.9356e-01
5.5728e+03, 9.3233e-01
5.5731e+03, 8.6660e-01
5.5733e+03, 7.8760e-01
5.5739e+03, 6.0884e-01
5.5745e+03, 4.3116e-01
5.5750e+03, 2.8105e-01
5.5753e+03, 2.2023e-01
5.5756e+03, 1.6947e-01
5.5762e+03, 9.5815e-02
5.5767e+03, 5.1783e-02
5.5770e+03, 3.7845e-02
5.5773e+03, 2.7799e-02
5.5778e+03, 1.6980e-02
5.5782e+03, 1.1066e-02
5.5787e+03, 7.8503e-03
5.5792e+03, 6.0511e-03
5.5802e+03, 4.2626e-03
5.5811e+03, 3.3692e-03
5.5830e+03, 2.3998e-03
5.5849e+03, 1.8756e-03
5.5887e+03, 1.3224e-03
5.5925e+03, 1.0378e-03
5.6002e+03, 7.7623e-04
5.6078e+03, 6.4594e-04
5.6231e+03, 5.1085e-04
5.6383e+03, 4.4524e-04
5.6714e+03, 3.7907e-04
5.7045e+03, 3.5913e-04
5.7376e+03, 3.7749e-04
5.7707e+03, 4.8041e-04
5.7852e+03, 6.1270e-04
5.7924e+03, 7.3084e-04
5.7996e+03, 9.3733e-04
5.8069e+03, 1.2842e-03
5.8105e+03, 1.5914e-03
5.8141e+03, 2.0642e-03
5.8177e+03, 2.8420e-03
5.8214e+03, 4.2027e-03
5.8232e+03, 5.3739e-03
5.8250e+03, 7.1975e-03
5.8268e+03, 1.0244e-02
5.8286e+03, 1.6298e-02
5.8295e+03, 2.2684e-02
5.8299e+03, 2.8412e-02
5.8303e+03, 3.7691e-02
5.8308e+03, 5.3415e-02
5.8312e+03, 8.0308e-02
5.8316e+03, 1.2595e-01
5.8321e+03, 2.0135e-01
5.8325e+03, 3.2147e-01
5.8327e+03, 4.0342e-01
5.8330e+03, 5.0303e-01
5.8332e+03, 6.2241e-01
5.8334e+03, 7.6342e-01
5.8336e+03, 9.2746e-01
5.8338e+03, 1.1152e+00
5.8340e+03, 1.3277e+00
5.8343e+03, 1.5617e+00
5.8347e+03, 2.0866e+00
5.8356e+03, 3.2193e+00
5.8358e+03, 3.5147e+00
5.8361e+03, 3.7724e+00
5.8363e+03, 3.9825e+00
5.8366e+03, 4.1332e+00
5.8368e+03, 4.2225e+00
5.8370e+03, 4.2358e+00
5.8372e+03, 4.2098e+00
5.8376e+03, 4.0386e+00
5.8380e+03, 3.6874e+00
5.8384e+03, 3.2130e+00
5.8393e+03, 2.1238e+00
5.8397e+03, 1.6567e+00
5.8398e+03, 1.4435e+00
5.8400e+03, 1.2479e+00
5.8402e+03, 1.0688e+00
5.8404e+03, 9.0881e-01
5.8406e+03, 7.6610e-01
5.8408e+03, 6.4168e-01
5.8411e+03, 4.6717e-01
5.8414e+03, 3.3472e-01
5.8418e+03, 2.3714e-01
5.8421e+03, 1.6718e-01
5.8424e+03, 1.1822e-01
5.8427e+03, 8.4633e-02
5.8431e+03, 6.1934e-02
5.8434e+03, 4.6712e-02
5.8440e+03, 2.9557e-02
5.8447e+03, 2.1287e-02
5.8460e+03, 1.3799e-02
5.8473e+03, 1.0119e-02
5.8486e+03, 7.8356e-03
5.8512e+03, 5.1503e-03
5.8538e+03, 3.6787e-03
5.8563e+03, 2.8009e-03
5.8615e+03, 1.8294e-03
5.8658e+03, 1.3885e-03
5.8701e+03, 1.1348e-03
5.8786e+03, 7.9366e-04
5.8871e+03, 6.1863e-04
5.8957e+03, 5.1774e-04
5.9128e+03, 4.1136e-04
5.9298e+03, 3.6544e-04
5.9640e+03, 3.0727e-04
6.0323e+03, 2.8049e-04
6.1592e+03, 3.2032e-04
6.2226e+03, 3.9146e-04
6.2860e+03, 5.6128e-04
6.3092e+03, 6.8462e-04
6.3324e+03, 8.8005e-04
6.3555e+03, 1.2182e-03
6.3787e+03, 1.8736e-03
6.3897e+03, 2.4292e-03
6.4007e+03, 3.3118e-03
6.4117e+03, 4.8342e-03
6.4226e+03, 7.7991e-03
6.4278e+03, 1.0316e-02
6.4330e+03, 1.4330e-02
6.4382e+03, 2.1272e-02
6.4408e+03, 2.6872e-02
6.4434e+03, 3.5113e-02
6.4460e+03, 4.7954e-02
6.4473e+03, 5.7269e-02
6.4486e+03, 6.9667e-02
6.4498e+03, 8.6745e-02
6.4511e+03, 1.1143e-01
6.4524e+03, 1.4981e-01
6.4531e+03, 1.7833e-01
6.4537e+03, 2.1840e-01
6.4543e+03, 2.7494e-01
6.4547e+03, 3.1465e-01
6.4550e+03, 3.6601e-01
6.4553e+03, 4.3350e-01
6.4556e+03, 5.2329e-01
6.4559e+03, 6.4357e-01
6.4562e+03, 8.0495e-01
6.4565e+03, 1.0208e+00
6.4568e+03, 1.3072e+00
6.4569e+03, 1.4832e+00
6.4571e+03, 1.6828e+00
6.4572e+03, 1.9112e+00
6.4574e+03, 2.1681e+00
6.4575e+03, 2.4595e+00
6.4577e+03, 2.7841e+00
6.4579e+03, 3.1485e+00
6.4580e+03, 3.5502e+00
6.4582e+03, 3.9962e+00
6.4583e+03, 4.4820e+00
6.4585e+03, 5.0112e+00
6.4586e+03, 5.5841e+00
6.4588e+03, 6.3861e+00
6.4590e+03, 7.2518e+00
6.4592e+03, 8.1845e+00
6.4594e+03, 9.1662e+00
6.4598e+03, 1.1250e+01
6.4602e+03, 1.3383e+01
6.4602e+03, 1.3588e+01
6.4603e+03, 1.4047e+01
6.4604e+03, 1.4498e+01
6.4606e+03, 1.5365e+01
6.4609e+03, 1.6935e+01
6.4612e+03, 1.7877e+01
6.4614e+03, 1.8612e+01
6.4616e+03, 1.9066e+01
6.4618e+03, 1.9325e+01
6.4620e+03, 1.9386e+01
6.4621e+03, 1.9370e+01
6.4623e+03, 1.9121e+01
6.4626e+03, 1.8581e+01
6.4629e+03, 1.7571e+01
6.4633e+03, 1.6240e+01
6.4638e+03, 1.3459e+01
6.4644e+03, 1.0465e+01
6.4649e+03, 7.8749e+00
6.4651e+03, 6.7130e+00
6.4654e+03, 5.6605e+00
6.4656e+03, 4.7256e+00
6.4659e+03, 3.9102e+00
6.4661e+03, 3.2110e+00
6.4664e+03, 2.6210e+00
6.4666e+03, 2.1286e+00
6.4669e+03, 1.7265e+00
6.4671e+03, 1.4006e+00
6.4674e+03, 1.1394e+00
6.4676e+03, 9.3101e-01
6.4679e+03, 7.6728e-01
6.4681e+03, 6.3864e-01
6.4684e+03, 5.3775e-01
6.4686e+03, 4.5827e-01
6.4689e+03, 3.9591e-01
6.4694e+03, 3.0680e-01
6.4699e+03, 2.4828e-01
6.4704e+03, 2.0770e-01
6.4710e+03, 1.7336e-01
6.4716e+03, 1.4800e-01
6.4728e+03, 1.1268e-01
6.4740e+03, 8.9179e-02
6.4752e+03, 7.2549e-02
6.4764e+03, 6.0291e-02
6.4776e+03, 5.0968e-02
6.4799e+03, 3.7880e-02
6.4825e+03, 2.8748e-02
6.4851e+03, 2.2587e-02
6.4902e+03, 1.5050e-02
6.4954e+03, 1.0790e-02
6.5005e+03, 8.1140e-03
6.5060e+03, 6.2324e-03
6.5115e+03, 4.9487e-03
6.5225e+03, 3.3667e-03
6.5335e+03, 2.4525e-03
6.5445e+03, 1.8798e-03
6.5680e+03, 1.2016e-03
6.5915e+03, 8.5971e-04
6.6149e+03, 6.6182e-04
6.6384e+03, 5.3777e-04
6.6751e+03, 4.2021e-04
6.7118e+03, 3.5118e-04
6.7851e+03, 2.7572e-04
6.9319e+03, 2.1864e-04
7.2136e+03, 1.9626e-04
7.5305e+03, 2.2153e-04
7.6890e+03, 2.8271e-04
7.7682e+03, 3.7603e-04
7.8078e+03, 4.8765e-04
7.8474e+03, 6.9129e-04
7.8768e+03, 1.0694e-03
7.8914e+03, 1.4461e-03
7.9061e+03, 2.1429e-03
7.9186e+03, 3.3102e-03
7.9248e+03, 4.3531e-03
7.9311e+03, 6.0582e-03
7.9373e+03, 9.1029e-03
7.9435e+03, 1.5017e-02
7.9466e+03, 2.0781e-02
7.9498e+03, 3.0846e-02
7.9513e+03, 3.8884e-02
7.9529e+03, 5.0683e-02
7.9544e+03, 6.9709e-02
7.9552e+03, 8.4667e-02
7.9560e+03, 1.0757e-01
7.9568e+03, 1.4964e-01
7.9572e+03, 1.8480e-01
7.9576e+03, 2.3667e-01
7.9580e+03, 3.1447e-01
7.9584e+03, 4.3078e-01
7.9588e+03, 6.0365e-01
7.9590e+03, 7.1870e-01
7.9592e+03, 8.5648e-01
7.9594e+03, 1.0222e+00
7.9596e+03, 1.2192e+00
7.9598e+03, 1.4519e+00
7.9600e+03, 1.7232e+00
7.9602e+03, 2.0401e+00
7.9604e+03, 2.4037e+00
7.9606e+03, 2.8213e+00
7.9608e+03, 3.2920e+00
7.9610e+03, 3.8228e+00
7.9612e+03, 4.4099e+00
7.9614e+03, 5.0590e+00
7.9616e+03, 5.7623e+00
7.9620e+03, 7.3302e+00
7.9624e+03, 9.0650e+00
7.9631e+03, 1.2391e+01
7.9635e+03, 1.3947e+01
7.9639e+03, 1.5295e+01
7.9642e+03, 1.6177e+01
7.9645e+03, 1.6818e+01
7.9648e+03, 1.7167e+01
7.9650e+03, 1.7269e+01
7.9653e+03, 1.7133e+01
7.9657e+03, 1.6562e+01
7.9660e+03, 1.5655e+01
7.9664e+03, 1.4454e+01
7.9669e+03, 1.2223e+01
7.9674e+03, 9.7971e+00
7.9680e+03, 7.4525e+00
7.9682e+03, 6.3777e+00
7.9685e+03, 5.3918e+00
7.9688e+03, 4.3754e+00
7.9691e+03, 3.5013e+00
7.9693e+03, 3.1161e+00
7.9694e+03, 2.7645e+00
7.9696e+03, 2.4452e+00
7.9697e+03, 2.1569e+00
7.9699e+03, 1.8963e+00
7.9700e+03, 1.6648e+00
7.9703e+03, 1.2766e+00
7.9706e+03, 9.7472e-01
7.9710e+03, 7.4379e-01
7.9713e+03, 5.6919e-01
7.9716e+03, 4.3963e-01
7.9719e+03, 3.4402e-01
7.9722e+03, 2.7385e-01
7.9725e+03, 2.2243e-01
7.9728e+03, 1.8460e-01
7.9734e+03, 1.3539e-01
7.9740e+03, 1.0640e-01
7.9747e+03, 8.7764e-02
7.9759e+03, 6.4713e-02
7.9771e+03, 5.0492e-02
7.9784e+03, 4.0762e-02
7.9807e+03, 2.9025e-02
7.9830e+03, 2.1773e-02
7.9876e+03, 1.3753e-02
7.9922e+03, 9.4894e-03
7.9968e+03, 6.9417e-03
8.0020e+03, 5.1461e-03
8.0073e+03, 4.0114e-03
8.0152e+03, 2.9621e-03
8.0231e+03, 2.2751e-03
8.0388e+03, 1.5094e-03
8.0546e+03, 1.1477e-03
8.0704e+03, 9.2227e-04
8.1019e+03, 7.4129e-04
8.1335e+03, 6.7799e-04
8.1651e+03, 7.5404e-04
8.1966e+03, 9.5151e-04
8.2124e+03, 1.1905e-03
8.2282e+03, 1.5723e-03
8.2439e+03, 2.3768e-03
8.2518e+03, 3.0981e-03
8.2597e+03, 4.1996e-03
8.2683e+03, 6.4614e-03
8.2725e+03, 8.4531e-03
8.2768e+03, 1.1597e-02
8.2811e+03, 1.6746e-02
8.2854e+03, 2.6820e-02
8.2875e+03, 3.5891e-02
8.2896e+03, 5.0866e-02
8.2907e+03, 6.2618e-02
8.2918e+03, 7.9934e-02
8.2928e+03, 1.0933e-01
8.2934e+03, 1.3412e-01
8.2939e+03, 1.7278e-01
8.2943e+03, 2.1187e-01
8.2946e+03, 2.6724e-01
8.2950e+03, 3.4617e-01
8.2953e+03, 4.5817e-01
8.2957e+03, 6.1677e-01
8.2961e+03, 8.3724e-01
8.2962e+03, 9.7716e-01
8.2964e+03, 1.1402e+00
8.2966e+03, 1.3293e+00
8.2968e+03, 1.5460e+00
8.2970e+03, 1.7957e+00
8.2971e+03, 2.0802e+00
8.2973e+03, 2.4021e+00
8.2975e+03, 2.7619e+00
8.2977e+03, 3.1658e+00
8.2979e+03, 3.6136e+00
8.2980e+03, 4.1063e+00
8.2982e+03, 4.6413e+00
8.2986e+03, 5.8503e+00
8.2989e+03, 7.2183e+00
8.2997e+03, 1.0296e+01
8.3003e+03, 1.3148e+01
8.3006e+03, 1.4429e+01
8.3010e+03, 1.5519e+01
8.3012e+03, 1.6227e+01
8.3015e+03, 1.6744e+01
8.3018e+03, 1.7080e+01
8.3020e+03, 1.7133e+01
8.3023e+03, 1.6947e+01
8.3027e+03, 1.6356e+01
8.3031e+03, 1.5245e+01
8.3035e+03, 1.3770e+01
8.3047e+03, 8.6435e+00
8.3050e+03, 7.3970e+00
8.3053e+03, 6.2399e+00
8.3056e+03, 5.1888e+00
8.3059e+03, 4.2560e+00
8.3061e+03, 3.7666e+00
8.3063e+03, 3.3218e+00
8.3064e+03, 2.9157e+00
8.3066e+03, 2.5517e+00
8.3068e+03, 2.2237e+00
8.3070e+03, 1.9335e+00
8.3071e+03, 1.6752e+00
8.3073e+03, 1.4493e+00
8.3075e+03, 1.2506e+00
8.3076e+03, 1.0788e+00
8.3080e+03, 8.0098e-01
8.3083e+03, 5.9658e-01
8.3087e+03, 4.4882e-01
8.3090e+03, 3.4262e-01
8.3094e+03, 2.6707e-01
8.3097e+03, 2.1338e-01
8.3101e+03, 1.7502e-01
8.3108e+03, 1.2678e-01
8.3115e+03, 9.9237e-02
8.3128e+03, 6.9159e-02
8.3142e+03, 5.2297e-02
8.3156e+03, 4.1222e-02
8.3170e+03, 3.3441e-02
8.3197e+03, 2.3669e-02
8.3224e+03, 1.7722e-02
8.3278e+03, 1.0947e-02
8.3333e+03, 7.4855e-03
8.3387e+03, 5.5613e-03
8.3441e+03, 4.2570e-03
8.3495e+03, 3.3926e-03
8.3604e+03, 2.3175e-03
8.3712e+03, 1.7270e-03
8.3820e+03, 1.3744e-03
8.4037e+03, 9.3804e-04
8.4418e+03, 6.2214e-04
8.4798e+03, 4.8652e-04
8.5559e+03, 3.7795e-04
8.7082e+03, 3.3282e-04
8.9703e+03, 3.8875e-04
9.1014e+03, 4.8175e-04
9.1669e+03, 5.8186e-04
9.2325e+03, 7.9845e-04
9.2642e+03, 1.0380e-03
9.2959e+03, 1.5685e-03
9.3118e+03, 2.1314e-03
9.3276e+03, 3.1503e-03
9.3356e+03, 4.1015e-03
9.3435e+03, 5.6676e-03
9.3514e+03, 8.3823e-03
9.3554e+03, 1.0666e-02
9.3593e+03, 1.4200e-02
9.3644e+03, 2.2138e-02
9.3669e+03, 2.8833e-02
9.3694e+03, 3.9314e-02
9.3719e+03, 5.7628e-02
9.3732e+03, 7.2604e-02
9.3744e+03, 9.5804e-02
9.3750e+03, 1.1345e-01
9.3757e+03, 1.3897e-01
9.3763e+03, 1.7866e-01
9.3769e+03, 2.4429e-01
9.3772e+03, 2.9308e-01
9.3776e+03, 3.5736e-01
9.3779e+03, 4.4203e-01
9.3782e+03, 5.5280e-01
9.3785e+03, 6.9768e-01
9.3788e+03, 8.8494e-01
9.3791e+03, 1.1243e+00
9.3794e+03, 1.4251e+00
9.3797e+03, 1.6834e+00
9.3799e+03, 1.9824e+00
9.3801e+03, 2.3258e+00
9.3803e+03, 2.7166e+00
9.3805e+03, 3.1575e+00
9.3808e+03, 3.6498e+00
9.3810e+03, 4.1942e+00
9.3812e+03, 4.7900e+00
9.3817e+03, 6.1245e+00
9.3821e+03, 7.6148e+00
9.3830e+03, 1.0769e+01
9.3835e+03, 1.2477e+01
9.3841e+03, 1.3826e+01
9.3846e+03, 1.4615e+01
9.3850e+03, 1.4851e+01
9.3850e+03, 1.4853e+01
9.3851e+03, 1.4839e+01
9.3852e+03, 1.4796e+01
9.3854e+03, 1.4630e+01
9.3859e+03, 1.3946e+01
9.3864e+03, 1.2655e+01
9.3869e+03, 1.0992e+01
9.3879e+03, 7.6820e+00
9.3883e+03, 6.1133e+00
9.3888e+03, 4.7171e+00
9.3890e+03, 4.0973e+00
9.3893e+03, 3.5370e+00
9.3895e+03, 3.0319e+00
9.3897e+03, 2.5854e+00
9.3900e+03, 2.1915e+00
9.3902e+03, 1.8504e+00
9.3905e+03, 1.5553e+00
9.3907e+03, 1.3045e+00
9.3910e+03, 1.0457e+00
9.3913e+03, 8.3787e-01
9.3916e+03, 6.7270e-01
9.3918e+03, 5.4266e-01
9.3921e+03, 4.4106e-01
9.3924e+03, 3.6209e-01
9.3930e+03, 2.5367e-01
9.3936e+03, 1.8807e-01
9.3942e+03, 1.4737e-01
9.3948e+03, 1.2072e-01
9.3953e+03, 1.0220e-01
9.3965e+03, 7.7875e-02
9.3977e+03, 6.2225e-02
9.4000e+03, 4.2938e-02
9.4023e+03, 3.1626e-02
9.4046e+03, 2.4442e-02
9.4093e+03, 1.5991e-02
9.4139e+03, 1.1270e-02
9.4186e+03, 8.4384e-03
9.4279e+03, 5.4522e-03
9.4372e+03, 3.8341e-03
9.4465e+03, 2.9588e-03
9.4651e+03, 1.9785e-03
9.4837e+03, 1.5194e-03
9.5210e+03, 1.1341e-03
9.5582e+03, 1.0038e-03
9.5966e+03, 9.7068e-04
9.6686e+03, 1.0421e-03
9.7407e+03, 1.2303e-03
9.8127e+03, 1.5653e-03
9.8847e+03, 2.1746e-03
9.9424e+03, 3.0814e-03
9.9712e+03, 3.8146e-03
1.0000e+04, 4.9171e-03
1.0014e+04, 5.7722e-03
1.0017e+04, 6.1513e-03
1.0019e+04, 6.4637e-03
1.0021e+04, 7.4938e-03
1.0022e+04, 9.1315e-03
1.0023e+04, 1.2711e-02
1.0024e+04, 1.9989e-02
1.0024e+04, 3.2744e-02
1.0025e+04, 5.2548e-02
1.0026e+04, 7.8030e-02
1.0028e+04, 1.2741e-01
1.0028e+04, 1.3151e-01
1.0029e+04, 1.3796e-01
1.0029e+04, 1.3793e-01
1.0029e+04, 1.3732e-01
1.0029e+04, 1.3597e-01
1.0030e+04, 1.3427e-01
1.0030e+04, 1.2376e-01
1.0031e+04, 1.0844e-01
1.0032e+04, 7.1952e-02
1.0033e+04, 4.0426e-02
1.0034e+04, 2.9326e-02
1.0034e+04, 2.1288e-02
1.0035e+04, 1.5771e-02
1.0036e+04, 1.2336e-02
1.0037e+04, 9.1018e-03
1.0039e+04, 7.8794e-03
1.0048e+04, 8.3776e-03
1.0058e+04, 9.4331e-03
1.0076e+04, 1.2434e-02
1.0086e+04, 1.4524e-02
1.0095e+04, 1.7319e-02
1.0104e+04, 2.0867e-02
1.0109e+04, 2.3132e-02
1.0114e+04, 2.5772e-02
1.0117e+04, 2.8240e-02
1.0121e+04, 3.1096e-02
1.0125e+04, 3.4418e-02
1.0127e+04, 3.6289e-02
1.0129e+04, 3.8307e-02
1.0131e+04, 4.0901e-02
1.0133e+04, 4.3775e-02
1.0135e+04, 4.6963e-02
1.0137e+04, 5.0507e-02
1.0140e+04, 5.4466e-02
1.0142e+04, 5.8919e-02
1.0143e+04, 6.1358e-02
1.0144e+04, 6.3953e-02
1.0145e+04, 6.6719e-02
1.0146e+04, 6.9641e-02
1.0148e+04, 7.4708e-02
1.0150e+04, 8.0318e-02
1.0150e+04, 8.3382e-02
1.0151e+04, 8.6586e-02
1.0152e+04, 9.0020e-02
1.0153e+04, 9.3619e-02
1.0154e+04, 9.7484e-02
1.0155e+04, 1.0155e-01
1.0156e+04, 1.0592e-01
1.0156e+04, 1.1052e-01
1.0158e+04, 1.2075e-01
1.0160e+04, 1.3245e-01
1.0161e+04, 1.3899e-01
1.0162e+04, 1.4594e-01
1.0162e+04, 1.5351e-01
1.0163e+04, 1.6158e-01
1.0164e+04, 1.7041e-01
1.0165e+04, 1.7987e-01
1.0166e+04, 1.9025e-01
1.0167e+04, 2.0141e-01
1.0167e+04, 2.1372e-01
1.0168e+04, 2.2702e-01
1.0169e+04, 2.4176e-01
1.0170e+04, 2.5776e-01
1.0171e+04, 2.7560e-01
1.0172e+04, 2.9508e-01
1.0173e+04, 3.1691e-01
1.0173e+04, 3.4090e-01
1.0175e+04, 3.8129e-01
1.0176e+04, 4.2859e-01
1.0177e+04, 4.8532e-01
1.0178e+04, 5.5280e-01
1.0179e+04, 5.9227e-01
1.0180e+04, 6.3509e-01
1.0180e+04, 6.8237e-01
1.0181e+04, 7.3467e-01
1.0182e+04, 7.9360e-01
1.0182e+04, 8.5799e-01
1.0183e+04, 9.2949e-01
1.0183e+04, 1.0089e+00
1.0184e+04, 1.1623e+00
1.0186e+04, 1.3423e+00
1.0187e+04, 1.5555e+00
1.0188e+04, 1.7990e+00
1.0189e+04, 2.0744e+00
1.0190e+04, 2.3681e+00
1.0192e+04, 2.9486e+00
1.0193e+04, 3.1444e+00
1.0193e+04, 3.2952e+00
1.0194e+04, 3.3923e+00
1.0195e+04, 3.4248e+00
1.0196e+04, 3.3908e+00
1.0197e+04, 3.2353e+00
1.0198e+04, 2.9819e+00
1.0199e+04, 2.6673e+00
1.0200e+04, 2.3307e+00
1.0202e+04, 2.0007e+00
1.0203e+04, 1.7034e+00
1.0204e+04, 1.4450e+00
1.0205e+04, 1.2271e+00
1.0206e+04, 1.1062e+00
1.0207e+04, 9.9963e-01
1.0207e+04, 9.0572e-01
1.0208e+04, 8.2302e-01
1.0209e+04, 7.5011e-01
1.0210e+04, 6.8573e-01
1.0211e+04, 5.7872e-01
1.0213e+04, 4.9323e-01
1.0214e+04, 4.2505e-01
1.0216e+04, 3.6932e-01
1.0217e+04, 3.2390e-01
1.0218e+04, 2.8995e-01
1.0220e+04, 2.6118e-01
1.0222e+04, 2.1501e-01
1.0225e+04, 1.8004e-01
1.0228e+04, 1.5300e-01
1.0230e+04, 1.3158e-01
1.0233e+04, 1.1429e-01
1.0236e+04, 1.0017e-01
1.0238e+04, 8.8509e-02
1.0243e+04, 7.2619e-02
1.0247e+04, 6.0668e-02
1.0252e+04, 5.1458e-02
1.0257e+04, 4.4226e-02
1.0261e+04, 3.8430e-02
1.0266e+04, 3.3764e-02
1.0275e+04, 2.6630e-02
1.0284e+04, 2.1568e-02
1.0293e+04, 1.7859e-02
1.0302e+04, 1.5059e-02
1.0311e+04, 1.2899e-02
1.0330e+04, 9.8599e-03
1.0348e+04, 7.8337e-03
1.0371e+04, 6.4784e-03
1.0373e+04, 6.8992e-03
1.0374e+04, 8.2211e-03
1.0375e+04, 9.8489e-03
1.0376e+04, 1.2664e-02
1.0376e+04, 1.7390e-02
1.0377e+04, 2.4708e-02
1.0378e+04, 4.8942e-02
1.0381e+04, 1.1782e-01
1.0382e+04, 1.3014e-01
1.0382e+04, 1.3028e-01
1.0382e+04, 1.2872e-01
1.0383e+04, 1.2421e-01
1.0383e+04, 1.1830e-01
1.0384e+04, 8.3380e-02
1.0386e+04, 4.6654e-02
1.0386e+04, 3.2565e-02
1.0387e+04, 2.2361e-02
1.0388e+04, 1.5439e-02
1.0388e+04, 1.1083e-02
1.0389e+04, 8.4884e-03
1.0390e+04, 7.0694e-03
1.0391e+04, 5.8882e-03
1.0394e+04, 5.3082e-03
1.0404e+04, 4.6693e-03
1.0426e+04, 4.0002e-03
1.0469e+04, 3.1962e-03
1.0512e+04, 2.8565e-03
1.0533e+04, 3.1104e-03
1.0538e+04, 3.4359e-03
1.0543e+04, 4.3620e-03
1.0546e+04, 5.7453e-03
1.0547e+04, 8.0486e-03
1.0547e+04, 1.0764e-02
1.0548e+04, 1.5754e-02
1.0549e+04, 2.5086e-02
1.0549e+04, 4.1705e-02
1.0550e+04, 6.9808e-02
1.0551e+04, 1.1365e-01
1.0551e+04, 1.7967e-01
1.0552e+04, 2.6920e-01
1.0553e+04, 3.8486e-01
1.0553e+04, 5.1741e-01
1.0554e+04, 6.5456e-01
1.0554e+04, 7.8231e-01
1.0555e+04, 8.8270e-01
1.0556e+04, 9.3936e-01
1.0556e+04, 9.4910e-01
1.0556e+04, 9.3397e-01
1.0557e+04, 8.8379e-01
1.0557e+04, 8.0595e-01
1.0558e+04, 7.0581e-01
1.0558e+04, 5.9689e-01
1.0559e+04, 5.2373e-01
1.0560e+04, 3.2576e-01
1.0560e+04, 2.4396e-01
1.0561e+04, 1.7837e-01
1.0561e+04, 1.2603e-01
1.0562e+04, 8.7651e-02
1.0562e+04, 5.9953e-02
1.0563e+04, 4.0688e-02
1.0563e+04, 2.7516e-02
1.0564e+04, 1.9135e-02
1.0564e+04, 1.3795e-02
1.0565e+04, 1.0448e-02
1.0566e+04, 7.0270e-03
1.0567e+04, 5.6216e-03
1.0568e+04, 4.4799e-03
1.0570e+04, 3.9246e-03
1.0574e+04, 3.3181e-03
1.0590e+04, 2.6964e-03
1.0621e+04, 2.5658e-03
1.0661e+04, 2.7220e-03
1.0701e+04, 3.1371e-03
1.0741e+04, 3.9712e-03
1.0762e+04, 4.7016e-03
1.0782e+04, 5.8321e-03
1.0797e+04, 7.1601e-03
1.0813e+04, 9.2426e-03
1.0828e+04, 1.2757e-02
1.0836e+04, 1.5503e-02
1.0843e+04, 1.9363e-02
1.0852e+04, 2.5479e-02
1.0856e+04, 2.9812e-02
1.0860e+04, 3.5492e-02
1.0864e+04, 4.3222e-02
1.0868e+04, 5.3548e-02
1.0872e+04, 6.8302e-02
1.0874e+04, 7.8231e-02
1.0876e+04, 9.0548e-02
1.0877e+04, 1.0331e-01
1.0878e+04, 1.1077e-01
1.0879e+04, 1.1912e-01
1.0880e+04, 1.2955e-01
1.0881e+04, 1.4135e-01
1.0882e+04, 1.5489e-01
1.0883e+04, 1.7055e-01
1.0884e+04, 1.8901e-01
1.0885e+04, 2.1048e-01
1.0886e+04, 2.3597e-01
1.0886e+04, 2.5055e-01
1.0886e+04, 2.6657e-01
1.0887e+04, 2.9122e-01
1.0888e+04, 3.1962e-01
1.0888e+04, 3.5257e-01
1.0889e+04, 3.7139e-01
1.0889e+04, 3.9117e-01
1.0889e+04, 4.1337e-01
1.0890e+04, 4.3683e-01
1.0890e+04, 4.6331e-01
1.0890e+04, 4.9145e-01
1.0891e+04, 5.2342e-01
1.0891e+04, 5.5760e-01
1.0891e+04, 5.9669e-01
1.0892e+04, 6.3877e-01
1.0892e+04, 7.1187e-01
1.0892e+04, 7.9644e-01
1.0893e+04, 8.9682e-01
1.0893e+04, 9.5402e-01
1.0893e+04, 1.0165e+00
1.0894e+04, 1.0849e+00
1.0894e+04, 1.1597e+00
1.0894e+04, 1.2416e+00
1.0894e+04, 1.3312e+00
1.0894e+04, 1.4291e+00
1.0895e+04, 1.5360e+00
1.0895e+04, 1.7798e+00
1.0896e+04, 2.0745e+00
1.0896e+04, 2.4122e+00
1.0897e+04, 2.8015e+00
1.0897e+04, 3.2430e+00
1.0898e+04, 3.7338e+00
1.0898e+04, 4.2669e+00
1.0899e+04, 5.4084e+00
1.0900e+04, 6.3595e+00
1.0900e+04, 7.1690e+00
1.0901e+04, 7.4818e+00
1.0901e+04, 7.7154e+00
1.0902e+04, 7.8597e+00
1.0902e+04, 7.9083e+00
1.0902e+04, 7.8845e+00
1.0903e+04, 7.7725e+00
1.0903e+04, 7.5796e+00
1.0904e+04, 6.9690e+00
1.0905e+04, 6.1443e+00
1.0905e+04, 5.2159e+00
1.0906e+04, 4.0159e+00
1.0907e+04, 3.4693e+00
1.0907e+04, 2.9851e+00
1.0908e+04, 2.5484e+00
1.0908e+04, 2.1708e+00
1.0909e+04, 1.8497e+00
1.0909e+04, 1.5850e+00
1.0910e+04, 1.3852e+00
1.0910e+04, 1.2158e+00
1.0910e+04, 1.0726e+00
1.0911e+04, 9.5153e-01
1.0911e+04, 8.4898e-01
1.0912e+04, 7.6184e-01
1.0913e+04, 6.2359e-01
1.0913e+04, 5.2055e-01
1.0914e+04, 4.4186e-01
1.0915e+04, 3.8033e-01
1.0916e+04, 3.3123e-01
1.0918e+04, 2.6627e-01
1.0919e+04, 2.1939e-01
1.0921e+04, 1.8416e-01
1.0922e+04, 1.5698e-01
1.0924e+04, 1.3555e-01
1.0925e+04, 1.1834e-01
1.0928e+04, 9.2649e-02
1.0931e+04, 7.4629e-02
1.0934e+04, 6.1519e-02
1.0937e+04, 5.1689e-02
1.0940e+04, 4.4129e-02
1.0943e+04, 3.8204e-02
1.0946e+04, 3.3482e-02
1.0952e+04, 2.6447e-02
1.0958e+04, 2.1547e-02
1.0964e+04, 1.8019e-02
1.0970e+04, 1.5400e-02
1.0976e+04, 1.3405e-02
1.0988e+04, 1.0649e-02
1.0999e+04, 8.8632e-03
1.1020e+04, 7.0756e-03
1.1040e+04, 6.1466e-03
1.1060e+04, 5.6853e-03
1.1080e+04, 5.5687e-03
1.1093e+04, 5.7334e-03
1.1107e+04, 6.3308e-03
1.1113e+04, 7.0949e-03
1.1120e+04, 8.9250e-03
1.1123e+04, 1.0730e-02
1.1127e+04, 1.4603e-02
1.1128e+04, 1.9496e-02
1.1129e+04, 2.4992e-02
1.1130e+04, 3.6398e-02
1.1130e+04, 4.6594e-02
1.1131e+04, 6.1331e-02
1.1131e+04, 8.3525e-02
1.1132e+04, 1.1494e-01
1.1132e+04, 1.6082e-01
1.1133e+04, 2.2333e-01
1.1133e+04, 3.1064e-01
1.1133e+04, 4.2393e-01
1.1134e+04, 5.9036e-01
1.1134e+04, 8.0407e-01
1.1135e+04, 1.0684e+00
1.1135e+04, 1.3752e+00
1.1136e+04, 1.6753e+00
1.1136e+04, 1.9996e+00
1.1137e+04, 2.6667e+00
1.1137e+04, 2.9893e+00
1.1138e+04, 3.2797e+00
1.1138e+04, 3.5213e+00
1.1138e+04, 3.6958e+00
1.1139e+04, 3.8144e+00
1.1139e+04, 3.8276e+00
1.1139e+04, 3.8076e+00
1.1140e+04, 3.7331e+00
1.1140e+04, 3.6116e+00
1.1140e+04, 3.3329e+00
1.1141e+04, 2.9725e+00
1.1142e+04, 2.1364e+00
1.1142e+04, 1.7232e+00
1.1143e+04, 1.3457e+00
1.1143e+04, 1.0186e+00
1.1144e+04, 7.5334e-01
1.1144e+04, 6.1552e-01
1.1144e+04, 4.9811e-01
1.1145e+04, 3.2065e-01
1.1146e+04, 2.0005e-01
1.1146e+04, 1.2482e-01
1.1147e+04, 7.8404e-02
1.1147e+04, 5.1714e-02
1.1148e+04, 3.6377e-02
1.1149e+04, 2.7587e-02
1.1150e+04, 1.9205e-02
1.1151e+04, 1.5594e-02
1.1153e+04, 1.2077e-02
1.1158e+04, 9.2002e-03
1.1163e+04, 8.0526e-03
1.1172e+04, 7.1030e-03
1.1182e+04, 6.8744e-03
1.1204e+04, 7.1616e-03
1.1216e+04, 7.4982e-03
1.1227e+04, 7.9224e-03
1.1238e+04, 8.4317e-03
1.1244e+04, 8.7169e-03
1.1250e+04, 9.0233e-03
1.1255e+04, 9.3583e-03
1.1261e+04, 9.7197e-03
1.1267e+04, 1.0110e-02
1.1272e+04, 1.0529e-02
1.1277e+04, 1.0928e-02
1.1282e+04, 1.1353e-02
1.1285e+04, 1.1577e-02
1.1287e+04, 1.1808e-02
1.1290e+04, 1.2048e-02
1.1291e+04, 1.2172e-02
1.1292e+04, 1.2296e-02
1.1294e+04, 1.2476e-02
1.1296e+04, 1.2661e-02
1.1297e+04, 1.2850e-02
1.1299e+04, 1.3042e-02
1.1303e+04, 1.3444e-02
1.1306e+04, 1.3868e-02
1.1310e+04, 1.4312e-02
1.1313e+04, 1.4779e-02
1.1317e+04, 1.5273e-02
1.1320e+04, 1.5794e-02
1.1324e+04, 1.6373e-02
1.1328e+04, 1.6985e-02
1.1331e+04, 1.7635e-02
1.1335e+04, 1.8325e-02
1.1338e+04, 1.9058e-02
1.1342e+04, 1.9838e-02
1.1346e+04, 2.0670e-02
1.1349e+04, 2.1557e-02
1.1353e+04, 2.2375e-02
1.1356e+04, 2.3240e-02
1.1359e+04, 2.4161e-02
1.1362e+04, 2.5136e-02
1.1365e+04, 2.6171e-02
1.1368e+04, 2.7272e-02
1.1372e+04, 2.8445e-02
1.1375e+04, 2.9697e-02
1.1378e+04, 3.1039e-02
1.1381e+04, 3.2470e-02
1.1384e+04, 3.4002e-02
1.1387e+04, 3.5647e-02
1.1391e+04, 3.7414e-02
1.1394e+04, 3.9316e-02
1.1397e+04, 4.1366e-02
1.1400e+04, 4.3579e-02
1.1406e+04, 4.8009e-02
1.1411e+04, 5.3139e-02
1.1414e+04, 5.6012e-02
1.1417e+04, 5.9119e-02
1.1420e+04, 6.2485e-02
1.1423e+04, 6.6126e-02
1.1426e+04, 7.0097e-02
1.1428e+04, 7.4418e-02
1.1431e+04, 7.9109e-02
1.1434e+04, 8.4225e-02
1.1437e+04, 8.9862e-02
1.1440e+04, 9.6068e-02
1.1442e+04, 1.0290e-01
1.1445e+04, 1.1041e-01
1.1449e+04, 1.2135e-01
1.1453e+04, 1.3386e-01
1.1456e+04, 1.4818e-01
1.1460e+04, 1.6465e-01
1.1464e+04, 1.8363e-01
1.1467e+04, 2.0552e-01
1.1471e+04, 2.3075e-01
1.1475e+04, 2.5978e-01
1.1479e+04, 3.0059e-01
1.1483e+04, 3.4783e-01
1.1488e+04, 4.0081e-01
1.1492e+04, 4.5741e-01
1.1497e+04, 5.1363e-01
1.1501e+04, 5.6270e-01
1.1506e+04, 5.9660e-01
1.1510e+04, 6.0852e-01
1.1514e+04, 5.9927e-01
1.1516e+04, 5.8250e-01
1.1519e+04, 5.5882e-01
1.1524e+04, 4.9739e-01
1.1535e+04, 3.6229e-01
1.1541e+04, 3.0382e-01
1.1546e+04, 2.5476e-01
1.1551e+04, 2.1443e-01
1.1557e+04, 1.8169e-01
1.1560e+04, 1.6365e-01
1.1564e+04, 1.4794e-01
1.1567e+04, 1.3416e-01
1.1571e+04, 1.2212e-01
1.1578e+04, 1.0230e-01
1.1584e+04, 8.6562e-02
1.1591e+04, 7.4031e-02
1.1598e+04, 6.3964e-02
1.1605e+04, 5.5752e-02
1.1612e+04, 4.9000e-02
1.1625e+04, 3.9694e-02
1.1637e+04, 3.2777e-02
1.1649e+04, 2.7507e-02
1.1662e+04, 2.3463e-02
1.1674e+04, 2.0195e-02
1.1686e+04, 1.7567e-02
1.1699e+04, 1.5423e-02
1.1711e+04, 1.3654e-02
1.1729e+04, 1.1575e-02
1.1747e+04, 9.9346e-03
1.1765e+04, 8.6260e-03
1.1783e+04, 7.5743e-03
1.1820e+04, 5.9948e-03
1.1856e+04, 4.9188e-03
1.1882e+04, 4.3922e-03
1.1908e+04, 4.1688e-03
1.1920e+04, 4.3107e-03
1.1932e+04, 4.9895e-03
1.1938e+04, 5.9349e-03
1.1943e+04, 8.0760e-03
1.1946e+04, 1.0539e-02
1.1948e+04, 1.2626e-02
1.1949e+04, 1.6054e-02
1.1950e+04, 1.9043e-02
1.1951e+04, 2.3966e-02
1.1951e+04, 3.2986e-02
1.1952e+04, 5.0394e-02
1.1953e+04, 8.4191e-02
1.1954e+04, 1.4792e-01
1.1954e+04, 2.6205e-01
1.1955e+04, 3.4753e-01
1.1955e+04, 4.5339e-01
1.1956e+04, 6.0567e-01
1.1956e+04, 7.9605e-01
1.1956e+04, 1.0970e+00
1.1957e+04, 1.4575e+00
1.1957e+04, 1.8763e+00
1.1958e+04, 2.3377e+00
1.1959e+04, 3.2902e+00
1.1960e+04, 3.7012e+00
1.1960e+04, 4.0224e+00
1.1960e+04, 4.1709e+00
1.1961e+04, 4.2571e+00
1.1961e+04, 4.2824e+00
1.1961e+04, 4.2827e+00
1.1961e+04, 4.2813e+00
1.1961e+04, 4.2770e+00
1.1961e+04, 4.2602e+00
1.1962e+04, 4.1874e+00
1.1962e+04, 4.0667e+00
1.1962e+04, 3.8191e+00
1.1963e+04, 3.4997e+00
1.1964e+04, 2.7316e+00
1.1964e+04, 1.9368e+00
1.1965e+04, 1.5746e+00
1.1965e+04, 1.2514e+00
1.1966e+04, 8.9790e-01
1.1966e+04, 6.2239e-01
1.1967e+04, 4.1840e-01
1.1968e+04, 2.7444e-01
1.1968e+04, 1.7724e-01
1.1969e+04, 1.1419e-01
1.1969e+04, 7.4681e-02
1.1970e+04, 5.0573e-02
1.1970e+04, 3.6084e-02
1.1971e+04, 2.7372e-02
1.1972e+04, 1.8591e-02
1.1973e+04, 1.4555e-02
1.1974e+04, 1.2178e-02
1.1977e+04, 9.2863e-03
1.1979e+04, 7.5600e-03
1.1983e+04, 5.6942e-03
1.1992e+04, 4.0555e-03
1.2001e+04, 3.3572e-03
1.2023e+04, 2.6485e-03
1.2045e+04, 2.3161e-03
1.2088e+04, 1.9241e-03
1.2175e+04, 1.4596e-03
1.2248e+04, 1.2122e-03
1.2321e+04, 1.0289e-03
1.2468e+04, 7.8672e-04
1.2615e+04, 6.3844e-04
1.2762e+04, 5.5181e-04
1.2783e+04, 5.6135e-04
1.2794e+04, 6.0605e-04
1.2799e+04, 6.5513e-04
1.2802e+04, 7.1616e-04
1.2804e+04, 7.9108e-04
1.2805e+04, 9.9354e-04
1.2805e+04, 1.1798e-03
1.2806e+04, 1.4914e-03
1.2807e+04, 2.0088e-03
1.2807e+04, 2.8502e-03
1.2808e+04, 4.1791e-03
1.2808e+04, 6.2058e-03
1.2809e+04, 9.1772e-03
1.2809e+04, 1.3351e-02
1.2810e+04, 2.6113e-02
1.2812e+04, 4.4763e-02
1.2814e+04, 8.4087e-02
1.2815e+04, 9.1306e-02
1.2815e+04, 9.1326e-02
1.2815e+04, 9.0997e-02
1.2815e+04, 9.0019e-02
1.2816e+04, 8.6213e-02
1.2817e+04, 7.1686e-02
1.2818e+04, 5.2770e-02
1.2819e+04, 3.4299e-02
1.2820e+04, 2.0000e-02
1.2821e+04, 1.0520e-02
1.2821e+04, 7.4546e-03
1.2822e+04, 5.2384e-03
1.2822e+04, 3.6880e-03
1.2823e+04, 2.6356e-03
1.2823e+04, 1.9401e-03
1.2824e+04, 1.4906e-03
1.2825e+04, 1.1825e-03
1.2825e+04, 9.9633e-04
1.2826e+04, 8.1222e-04
1.2828e+04, 6.8584e-04
1.2833e+04, 6.0130e-04
1.2841e+04, 5.5490e-04
1.2859e+04, 5.1252e-04
1.2894e+04, 4.8961e-04
1.2964e+04, 4.6399e-04
1.3103e+04, 4.3076e-04
1.3382e+04, 4.0627e-04
1.3640e+04, 4.3764e-04
1.3768e+04, 5.1058e-04
1.3832e+04, 6.4761e-04
1.3864e+04, 8.2928e-04
1.3881e+04, 1.0335e-03
1.3897e+04, 1.4325e-03
1.3905e+04, 1.8670e-03
1.3914e+04, 2.6580e-03
1.3919e+04, 3.3348e-03
1.3923e+04, 4.4152e-03
1.3928e+04, 6.2550e-03
1.3932e+04, 9.7250e-03
1.3934e+04, 1.2276e-02
1.3936e+04, 1.6223e-02
1.3938e+04, 2.3319e-02
1.3939e+04, 2.9975e-02
1.3940e+04, 4.1825e-02
1.3940e+04, 6.5585e-02
1.3941e+04, 1.1386e-01
1.3942e+04, 1.5463e-01
1.3942e+04, 2.1185e-01
1.3943e+04, 2.9069e-01
1.3943e+04, 3.9444e-01
1.3944e+04, 5.3371e-01
1.3944e+04, 7.1252e-01
1.3945e+04, 9.3574e-01
1.3945e+04, 1.2000e+00
1.3946e+04, 1.5164e+00
1.3946e+04, 1.8755e+00
1.3947e+04, 2.6720e+00
1.3948e+04, 3.1722e+00
1.3948e+04, 3.6354e+00
1.3949e+04, 4.0199e+00
1.3949e+04, 4.2877e+00
1.3950e+04, 4.4061e+00
1.3950e+04, 4.4169e+00
1.3950e+04, 4.3735e+00
1.3951e+04, 4.2461e+00
1.3951e+04, 4.0422e+00
1.3952e+04, 3.5964e+00
1.3953e+04, 3.0503e+00
1.3954e+04, 1.9072e+00
1.3955e+04, 1.4101e+00
1.3955e+04, 1.1935e+00
1.3955e+04, 1.0001e+00
1.3956e+04, 8.3021e-01
1.3956e+04, 6.8318e-01
1.3957e+04, 4.5225e-01
1.3957e+04, 3.0887e-01
1.3958e+04, 2.1057e-01
1.3958e+04, 1.4298e-01
1.3959e+04, 9.9270e-02
1.3959e+04, 7.0521e-02
1.3960e+04, 5.2407e-02
1.3961e+04, 3.2818e-02
1.3962e+04, 2.3719e-02
1.3963e+04, 1.8654e-02
1.3966e+04, 1.2953e-02
1.3968e+04, 9.6961e-03
1.3970e+04, 7.5814e-03
1.3975e+04, 5.0778e-03
1.3980e+04, 3.7355e-03
1.3984e+04, 2.9202e-03
1.3993e+04, 1.9883e-03
1.4003e+04, 1.5121e-03
1.4013e+04, 1.2107e-03
1.4033e+04, 9.1923e-04
1.4072e+04, 7.2375e-04
1.4151e+04, 6.5838e-04
1.4266e+04, 7.4425e-04
1.4324e+04, 8.7500e-04
1.4352e+04, 1.0545e-03
1.4367e+04, 1.2726e-03
1.4374e+04, 1.4850e-03
1.4381e+04, 1.8869e-03
1.4387e+04, 2.4554e-03
1.4392e+04, 3.6300e-03
1.4395e+04, 4.8416e-03
1.4396e+04, 5.8282e-03
1.4397e+04, 7.4307e-03
1.4399e+04, 1.0892e-02
1.4399e+04, 1.4432e-02
1.4400e+04, 2.0631e-02
1.4401e+04, 3.1826e-02
1.4401e+04, 5.1188e-02
1.4402e+04, 8.4073e-02
1.4403e+04, 1.3771e-01
1.4403e+04, 2.3516e-01
1.4404e+04, 3.8519e-01
1.4405e+04, 5.9949e-01
1.4406e+04, 8.8159e-01
1.4406e+04, 1.2210e+00
1.4407e+04, 1.5896e+00
1.4408e+04, 1.9430e+00
1.4408e+04, 2.0974e+00
1.4409e+04, 2.2251e+00
1.4409e+04, 2.3525e+00
1.4410e+04, 2.4190e+00
1.4410e+04, 2.4274e+00
1.4410e+04, 2.4126e+00
1.4411e+04, 2.3673e+00
1.4411e+04, 2.2956e+00
1.4412e+04, 2.0818e+00
1.4412e+04, 1.8539e+00
1.4413e+04, 1.5989e+00
1.4414e+04, 1.0813e+00
1.4414e+04, 8.4867e-01
1.4415e+04, 6.4634e-01
1.4415e+04, 4.7817e-01
1.4416e+04, 3.4640e-01
1.4417e+04, 2.4332e-01
1.4417e+04, 1.6729e-01
1.4418e+04, 1.1315e-01
1.4418e+04, 7.6414e-02
1.4419e+04, 5.1273e-02
1.4419e+04, 3.4876e-02
1.4420e+04, 2.4392e-02
1.4420e+04, 1.7864e-02
1.4421e+04, 1.3524e-02
1.4421e+04, 1.0832e-02
1.4422e+04, 7.8472e-03
1.4425e+04, 5.3431e-03
1.4427e+04, 4.1264e-03
1.4429e+04, 3.3793e-03
1.4434e+04, 2.5145e-03
1.4438e+04, 2.0665e-03
1.4447e+04, 1.6277e-03
1.4456e+04, 1.4148e-03
1.4473e+04, 1.2428e-03
1.4491e+04, 1.2101e-03
1.4514e+04, 1.2638e-03
1.4525e+04, 1.3903e-03
1.4528e+04, 1.5271e-03
1.4530e+04, 1.7761e-03
1.4530e+04, 2.0703e-03
1.4531e+04, 2.6091e-03
1.4532e+04, 3.5837e-03
1.4533e+04, 5.2204e-03
1.4533e+04, 7.8526e-03
1.4534e+04, 1.1840e-02
1.4535e+04, 1.7596e-02
1.4535e+04, 2.5122e-02
1.4537e+04, 4.4772e-02
1.4538e+04, 6.5191e-02
1.4540e+04, 7.6206e-02
1.4540e+04, 7.6579e-02
1.4541e+04, 7.3814e-02
1.4543e+04, 4.8538e-02
1.4545e+04, 2.5005e-02
1.4545e+04, 1.6344e-02
1.4546e+04, 1.0285e-02
1.4547e+04, 6.3340e-03
1.4548e+04, 4.0088e-03
1.4549e+04, 2.7445e-03
1.4550e+04, 2.1070e-03
1.4551e+04, 1.6404e-03
1.4553e+04, 1.5196e-03
1.4556e+04, 1.4407e-03
1.4570e+04, 1.4065e-03
1.4597e+04, 1.5054e-03
1.4625e+04, 1.6538e-03
1.4681e+04, 2.0744e-03
1.4736e+04, 2.7448e-03
1.4764e+04, 3.2477e-03
1.4792e+04, 3.9355e-03
1.4819e+04, 4.9165e-03
1.4847e+04, 6.3902e-03
1.4861e+04, 7.4050e-03
1.4875e+04, 8.7331e-03
1.4889e+04, 1.0496e-02
1.4902e+04, 1.2906e-02
1.4916e+04, 1.6495e-02
1.4930e+04, 2.1456e-02
1.4937e+04, 2.5013e-02
1.4941e+04, 2.7113e-02
1.4944e+04, 2.9518e-02
1.4948e+04, 3.2300e-02
1.4951e+04, 3.5500e-02
1.4954e+04, 3.9223e-02
1.4958e+04, 4.3552e-02
1.4960e+04, 4.7231e-02
1.4963e+04, 5.1402e-02
1.4966e+04, 5.6170e-02
1.4968e+04, 6.1650e-02
1.4971e+04, 6.8015e-02
1.4972e+04, 7.1565e-02
1.4973e+04, 7.5404e-02
1.4974e+04, 7.9564e-02
1.4976e+04, 8.4081e-02
1.4977e+04, 8.8994e-02
1.4978e+04, 9.4354e-02
1.4980e+04, 1.0080e-01
1.4981e+04, 1.0793e-01
1.4982e+04, 1.1585e-01
1.4984e+04, 1.2463e-01
1.4985e+04, 1.3452e-01
1.4987e+04, 1.4557e-01
1.4988e+04, 1.5813e-01
1.4989e+04, 1.7228e-01
1.4991e+04, 1.8718e-01
1.4992e+04, 2.0394e-01
1.4993e+04, 2.2305e-01
1.4994e+04, 2.4496e-01
1.4996e+04, 2.7022e-01
1.4997e+04, 2.9954e-01
1.4998e+04, 3.3381e-01
1.5000e+04, 3.7417e-01
1.5001e+04, 4.2247e-01
1.5002e+04, 4.7986e-01
1.5003e+04, 5.1310e-01
1.5003e+04, 5.4911e-01
1.5004e+04, 5.8945e-01
1.5005e+04, 6.3333e-01
1.5005e+04, 6.8265e-01
1.5006e+04, 7.3645e-01
1.5007e+04, 7.9707e-01
1.5007e+04, 8.6329e-01
1.5008e+04, 9.3795e-01
1.5008e+04, 1.0194e+00
1.5009e+04, 1.1110e+00
1.5010e+04, 1.2105e+00
1.5010e+04, 1.3234e+00
1.5011e+04, 1.4450e+00
1.5012e+04, 1.7210e+00
1.5014e+04, 2.0322e+00
1.5015e+04, 2.3592e+00
1.5016e+04, 2.6781e+00
1.5017e+04, 2.9464e+00
1.5019e+04, 3.1288e+00
1.5020e+04, 3.1926e+00
1.5021e+04, 3.1652e+00
1.5022e+04, 3.0966e+00
1.5022e+04, 2.9922e+00
1.5024e+04, 2.6955e+00
1.5025e+04, 2.3325e+00
1.5027e+04, 1.9591e+00
1.5028e+04, 1.6154e+00
1.5030e+04, 1.3215e+00
1.5030e+04, 1.1941e+00
1.5031e+04, 1.0815e+00
1.5032e+04, 9.7968e-01
1.5033e+04, 8.9048e-01
1.5033e+04, 8.0117e-01
1.5034e+04, 7.2410e-01
1.5036e+04, 5.9755e-01
1.5038e+04, 4.9930e-01
1.5039e+04, 4.2300e-01
1.5041e+04, 3.6220e-01
1.5042e+04, 3.1369e-01
1.5044e+04, 2.7424e-01
1.5046e+04, 2.4181e-01
1.5048e+04, 2.1030e-01
1.5050e+04, 1.8483e-01
1.5052e+04, 1.6384e-01
1.5054e+04, 1.4704e-01
1.5055e+04, 1.3653e-01
1.5056e+04, 1.3694e-01
1.5057e+04, 1.4547e-01
1.5058e+04, 1.6754e-01
1.5059e+04, 2.0941e-01
1.5060e+04, 2.7552e-01
1.5061e+04, 3.6455e-01
1.5063e+04, 5.3430e-01
1.5064e+04, 6.0030e-01
1.5065e+04, 6.3607e-01
1.5065e+04, 6.3981e-01
1.5066e+04, 6.2464e-01
1.5066e+04, 5.8410e-01
1.5067e+04, 5.2366e-01
1.5068e+04, 3.7438e-01
1.5070e+04, 2.3662e-01
1.5070e+04, 1.8360e-01
1.5071e+04, 1.4322e-01
1.5072e+04, 9.2389e-02
1.5074e+04, 6.9387e-02
1.5077e+04, 5.4876e-02
1.5083e+04, 4.3587e-02
1.5089e+04, 3.6207e-02
1.5096e+04, 3.0699e-02
1.5102e+04, 2.6453e-02
1.5109e+04, 2.3123e-02
1.5115e+04, 2.0474e-02
1.5128e+04, 1.6585e-02
1.5140e+04, 1.4070e-02
1.5152e+04, 1.2321e-02
1.5164e+04, 1.1038e-02
1.5176e+04, 1.0127e-02
1.5200e+04, 9.0996e-03
1.5225e+04, 8.8555e-03
1.5247e+04, 9.2142e-03
1.5269e+04, 1.0170e-02
1.5280e+04, 1.0919e-02
1.5285e+04, 1.1368e-02
1.5291e+04, 1.1889e-02
1.5296e+04, 1.2482e-02
1.5302e+04, 1.3157e-02
1.5308e+04, 1.3922e-02
1.5313e+04, 1.4789e-02
1.5317e+04, 1.5416e-02
1.5320e+04, 1.6097e-02
1.5322e+04, 1.6460e-02
1.5324e+04, 1.6839e-02
1.5326e+04, 1.7235e-02
1.5326e+04, 1.7440e-02
1.5327e+04, 1.7650e-02
1.5329e+04, 1.7953e-02
1.5330e+04, 1.8266e-02
1.5331e+04, 1.8589e-02
1.5332e+04, 1.8920e-02
1.5335e+04, 1.9621e-02
1.5337e+04, 2.0366e-02
1.5340e+04, 2.1165e-02
1.5342e+04, 2.2017e-02
1.5345e+04, 2.2929e-02
1.5347e+04, 2.3907e-02
1.5349e+04, 2.4655e-02
1.5351e+04, 2.5438e-02
1.5353e+04, 2.6264e-02
1.5354e+04, 2.7134e-02
1.5356e+04, 2.8052e-02
1.5358e+04, 2.9022e-02
1.5360e+04, 3.0048e-02
1.5362e+04, 3.1135e-02
1.5363e+04, 3.2293e-02
1.5365e+04, 3.3515e-02
1.5367e+04, 3.4811e-02
1.5369e+04, 3.6188e-02
1.5370e+04, 3.7652e-02
1.5372e+04, 3.9210e-02
1.5374e+04, 4.0872e-02
1.5376e+04, 4.2645e-02
1.5378e+04, 4.4738e-02
1.5380e+04, 4.6994e-02
1.5382e+04, 4.9428e-02
1.5384e+04, 5.2059e-02
1.5386e+04, 5.4908e-02
1.5388e+04, 5.7999e-02
1.5389e+04, 6.1358e-02
1.5391e+04, 6.5017e-02
1.5393e+04, 6.9008e-02
1.5395e+04, 7.3373e-02
1.5397e+04, 7.8156e-02
1.5399e+04, 8.3408e-02
1.5401e+04, 8.9189e-02
1.5403e+04, 9.5566e-02
1.5405e+04, 1.0262e-01
1.5407e+04, 1.1039e-01
1.5409e+04, 1.1878e-01
1.5411e+04, 1.2810e-01
1.5413e+04, 1.3845e-01
1.5415e+04, 1.4991e-01
1.5417e+04, 1.6275e-01
1.5418e+04, 1.7701e-01
1.5420e+04, 1.9302e-01
1.5422e+04, 2.1078e-01
1.5424e+04, 2.3070e-01
1.5426e+04, 2.5272e-01
1.5428e+04, 2.7724e-01
1.5430e+04, 3.0407e-01
1.5432e+04, 3.3349e-01
1.5434e+04, 3.6500e-01
1.5437e+04, 4.3298e-01
1.5441e+04, 4.8967e-01
1.5444e+04, 5.3946e-01
1.5447e+04, 5.7407e-01
1.5448e+04, 5.8332e-01
1.5450e+04, 5.8641e-01
1.5453e+04, 5.7814e-01
1.5454e+04, 5.6098e-01
1.5456e+04, 5.3617e-01
1.5458e+04, 5.0561e-01
1.5460e+04, 4.7143e-01
1.5464e+04, 3.9951e-01
1.5468e+04, 3.3175e-01
1.5472e+04, 2.7361e-01
1.5476e+04, 2.2597e-01
1.5480e+04, 1.8778e-01
1.5484e+04, 1.5739e-01
1.5489e+04, 1.2998e-01
1.5493e+04, 1.0870e-01
1.5498e+04, 9.1992e-02
1.5502e+04, 7.8709e-02
1.5507e+04, 6.8045e-02
1.5511e+04, 5.9418e-02
1.5516e+04, 5.2263e-02
1.5520e+04, 4.6283e-02
1.5528e+04, 3.8243e-02
1.5536e+04, 3.2123e-02
1.5543e+04, 2.7365e-02
1.5551e+04, 2.3601e-02
1.5559e+04, 2.0567e-02
1.5566e+04, 1.8090e-02
1.5582e+04, 1.4345e-02
1.5597e+04, 1.1681e-02
1.5612e+04, 9.7012e-03
1.5628e+04, 8.1988e-03
1.5643e+04, 7.0386e-03
1.5658e+04, 6.1151e-03
1.5674e+04, 5.3739e-03
1.5704e+04, 4.2644e-03
1.5736e+04, 3.4611e-03
1.5768e+04, 2.8835e-03
1.5800e+04, 2.4484e-03
1.5833e+04, 2.1178e-03
1.5897e+04, 1.6526e-03
1.5961e+04, 1.3497e-03
1.6044e+04, 1.0913e-03
1.6128e+04, 9.2296e-04
1.6295e+04, 7.3114e-04
1.6463e+04, 6.3743e-04
1.6630e+04, 5.9927e-04
1.6719e+04, 5.9489e-04
1.6942e+04, 6.2500e-04
1.7165e+04, 7.1452e-04
1.7277e+04, 7.9235e-04
1.7388e+04, 9.0001e-04
1.7611e+04, 1.2604e-03
1.7659e+04, 1.3799e-03
1.7682e+04, 1.4482e-03
1.7706e+04, 1.5230e-03
1.7730e+04, 1.6046e-03
1.7742e+04, 1.6487e-03
1.7753e+04, 1.6949e-03
1.7765e+04, 1.7435e-03
1.7777e+04, 1.7946e-03
1.7789e+04, 1.8484e-03
1.7801e+04, 1.9050e-03
1.7811e+04, 1.9540e-03
1.7820e+04, 2.0051e-03
1.7830e+04, 2.0585e-03
1.7835e+04, 2.0861e-03
1.7840e+04, 2.1144e-03
1.7845e+04, 2.1454e-03
1.7850e+04, 2.1773e-03
1.7856e+04, 2.2100e-03
1.7861e+04, 2.2436e-03
1.7871e+04, 2.3132e-03
1.7882e+04, 2.3864e-03
1.7892e+04, 2.4636e-03
1.7903e+04, 2.5447e-03
1.7913e+04, 2.6305e-03
1.7918e+04, 2.6753e-03
1.7924e+04, 2.7212e-03
1.7930e+04, 2.7782e-03
1.7936e+04, 2.8371e-03
1.7942e+04, 2.8982e-03
1.7949e+04, 2.9616e-03
1.7955e+04, 3.0271e-03
1.7961e+04, 3.0949e-03
1.7967e+04, 3.1649e-03
1.7974e+04, 3.2379e-03
1.7980e+04, 3.3133e-03
1.7986e+04, 3.3918e-03
1.7999e+04, 3.5575e-03
1.8011e+04, 3.7365e-03
1.8024e+04, 3.9300e-03
1.8032e+04, 4.0564e-03
1.8039e+04, 4.1892e-03
1.8047e+04, 4.3285e-03
1.8055e+04, 4.4754e-03
1.8070e+04, 4.7930e-03
1.8085e+04, 5.1469e-03
1.8101e+04, 5.5419e-03
1.8116e+04, 5.9849e-03
1.8131e+04, 6.4832e-03
1.8147e+04, 7.0452e-03
1.8162e+04, 7.6840e-03
1.8177e+04, 8.4094e-03
1.8193e+04, 9.2389e-03
1.8208e+04, 1.0191e-02
1.8223e+04, 1.1286e-02
1.8239e+04, 1.2553e-02
1.8254e+04, 1.4021e-02
1.8269e+04, 1.5723e-02
1.8277e+04, 1.6743e-02
1.8286e+04, 1.7847e-02
1.8294e+04, 1.9038e-02
1.8302e+04, 2.0327e-02
1.8310e+04, 2.1724e-02
1.8318e+04, 2.3224e-02
1.8326e+04, 2.4837e-02
1.8335e+04, 2.6568e-02
1.8351e+04, 3.0316e-02
1.8367e+04, 3.4394e-02
1.8400e+04, 4.2574e-02
1.8422e+04, 4.6713e-02
1.8434e+04, 4.7887e-02
1.8445e+04, 4.8288e-02
1.8460e+04, 4.7504e-02
1.8475e+04, 4.5397e-02
1.8489e+04, 4.2516e-02
1.8503e+04, 3.9111e-02
1.8531e+04, 3.1929e-02
1.8559e+04, 2.5443e-02
1.8587e+04, 2.0216e-02
1.8615e+04, 1.6203e-02
1.8643e+04, 1.3148e-02
1.8671e+04, 1.0799e-02
1.8700e+04, 8.9939e-03
1.8733e+04, 7.3736e-03
1.8767e+04, 6.1329e-03
1.8800e+04, 5.1953e-03
1.8834e+04, 4.4525e-03
1.8868e+04, 3.8711e-03
1.8901e+04, 3.3977e-03
1.8969e+04, 2.7004e-03
1.9041e+04, 2.1884e-03
1.9114e+04, 1.8245e-03
1.9187e+04, 1.5631e-03
1.9260e+04, 1.3723e-03
1.9333e+04, 1.2267e-03
1.9406e+04, 1.1208e-03
1.9552e+04, 9.6816e-04
1.9664e+04, 8.9854e-04
1.9776e+04, 8.5383e-04
2.0000e+04, 8.1777e-04
2.0166e+04, 8.2826e-04
2.0331e+04, 8.6415e-04
2.0663e+04, 1.0140e-03
2.0994e+04, 1.2959e-03
2.1160e+04, 1.5159e-03
2.1326e+04, 1.8167e-03
2.1503e+04, 2.2746e-03
2.1679e+04, 2.9599e-03
2.1768e+04, 3.4358e-03
2.1856e+04, 4.0447e-03
2.1945e+04, 4.8415e-03
2.2033e+04, 5.9105e-03
2.2127e+04, 7.5071e-03
2.2174e+04, 8.5684e-03
2.2221e+04, 9.8768e-03
2.2268e+04, 1.1515e-02
2.2315e+04, 1.3551e-02
2.2362e+04, 1.6242e-02
2.2409e+04, 1.9834e-02
2.2435e+04, 2.2401e-02
2.2461e+04, 2.5509e-02
2.2487e+04, 2.9302e-02
2.2514e+04, 3.3989e-02
2.2540e+04, 3.9899e-02
2.2566e+04, 4.7566e-02
2.2592e+04, 5.7546e-02
2.2605e+04, 6.3813e-02
2.2618e+04, 7.1167e-02
2.2632e+04, 8.0391e-02
2.2646e+04, 9.1520e-02
2.2660e+04, 1.0511e-01
2.2674e+04, 1.2196e-01
2.2688e+04, 1.4325e-01
2.2694e+04, 1.5600e-01
2.2701e+04, 1.7060e-01
2.2708e+04, 1.8724e-01
2.2715e+04, 2.0637e-01
2.2722e+04, 2.2828e-01
2.2729e+04, 2.5423e-01
2.2738e+04, 2.9518e-01
2.2742e+04, 3.1943e-01
2.2747e+04, 3.4670e-01
2.2751e+04, 3.7745e-01
2.2756e+04, 4.1244e-01
2.2758e+04, 4.3186e-01
2.2760e+04, 4.5259e-01
2.2763e+04, 4.7482e-01
2.2765e+04, 4.9869e-01
2.2768e+04, 5.3074e-01
2.2770e+04, 5.6577e-01
2.2773e+04, 6.0427e-01
2.2776e+04, 6.4671e-01
2.2779e+04, 6.9360e-01
2.2780e+04, 7.1892e-01
2.2781e+04, 7.4562e-01
2.2783e+04, 7.7379e-01
2.2784e+04, 8.0355e-01
2.2786e+04, 8.3500e-01
2.2787e+04, 8.6827e-01
2.2789e+04, 9.1730e-01
2.2791e+04, 9.7041e-01
2.2793e+04, 1.0281e+00
2.2795e+04, 1.0907e+00
2.2796e+04, 1.1590e+00
2.2798e+04, 1.2334e+00
2.2800e+04, 1.3149e+00
2.2802e+04, 1.4035e+00
2.2804e+04, 1.5013e+00
2.2806e+04, 1.6088e+00
2.2808e+04, 1.7272e+00
2.2810e+04, 1.8577e+00
2.2812e+04, 2.0019e+00
2.2814e+04, 2.1614e+00
2.2815e+04, 2.3380e+00
2.2817e+04, 2.5325e+00
2.2820e+04, 2.8097e+00
2.2822e+04, 3.1234e+00
2.2825e+04, 3.4787e+00
2.2827e+04, 3.8785e+00
2.2829e+04, 4.3256e+00
2.2832e+04, 4.8136e+00
2.2834e+04, 5.3363e+00
2.2836e+04, 5.8796e+00
2.2840e+04, 6.6372e+00
2.2843e+04, 7.2962e+00
2.2847e+04, 7.7531e+00
2.2848e+04, 7.8749e+00
2.2850e+04, 7.9154e+00
2.2853e+04, 7.8083e+00
2.2855e+04, 7.5046e+00
2.2857e+04, 7.1726e+00
2.2859e+04, 6.7776e+00
2.2863e+04, 5.8851e+00
2.2867e+04, 4.9789e+00
2.2872e+04, 4.1604e+00
2.2876e+04, 3.4637e+00
2.2880e+04, 2.8930e+00
2.2884e+04, 2.4302e+00
2.2888e+04, 2.0583e+00
2.2890e+04, 1.8519e+00
2.2893e+04, 1.6730e+00
2.2896e+04, 1.5164e+00
2.2898e+04, 1.3800e+00
2.2901e+04, 1.2600e+00
2.2904e+04, 1.1549e+00
2.2909e+04, 9.7873e-01
2.2914e+04, 8.3785e-01
2.2920e+04, 7.2434e-01
2.2925e+04, 6.3187e-01
2.2930e+04, 5.5567e-01
2.2935e+04, 5.0317e-01
2.2939e+04, 4.5774e-01
2.2943e+04, 4.1810e-01
2.2948e+04, 3.8332e-01
2.2956e+04, 3.2547e-01
2.2965e+04, 2.7967e-01
2.2974e+04, 2.4284e-01
2.2982e+04, 2.1318e-01
2.2991e+04, 1.8824e-01
2.3000e+04, 1.6739e-01
2.3008e+04, 1.5107e-01
2.3016e+04, 1.3701e-01
2.3024e+04, 1.2479e-01
2.3032e+04, 1.1415e-01
2.3048e+04, 9.6575e-02
2.3064e+04, 8.2735e-02
2.3079e+04, 7.1680e-02
2.3095e+04, 6.2683e-02
2.3111e+04, 5.5409e-02
2.3127e+04, 4.9175e-02
2.3157e+04, 4.0292e-02
2.3186e+04, 3.3560e-02
2.3215e+04, 2.8377e-02
2.3245e+04, 2.4342e-02
2.3274e+04, 2.1077e-02
2.3303e+04, 1.8445e-02
2.3362e+04, 1.4460e-02
2.3418e+04, 1.1779e-02
2.3474e+04, 9.7523e-03
2.3530e+04, 8.2280e-03
2.3586e+04, 7.0219e-03
2.3698e+04, 5.2974e-03
2.3810e+04, 4.1373e-03
2.3916e+04, 3.3705e-03
2.4023e+04, 2.7965e-03
2.4236e+04, 2.0134e-03
2.4449e+04, 1.5342e-03
2.4663e+04, 1.2129e-03
2.5068e+04, 8.5228e-04
2.5473e+04, 6.6009e-04
2.5878e+04, 5.6272e-04
2.6283e+04, 5.3381e-04
2.6837e+04, 6.3143e-04
2.7115e+04, 7.9110e-04
2.7253e+04, 9.3026e-04
2.7392e+04, 1.1336e-03
2.7509e+04, 1.3956e-03
2.7626e+04, 1.7941e-03
2.7743e+04, 2.4341e-03
2.7802e+04, 2.9125e-03
2.7861e+04, 3.5490e-03
2.7919e+04, 4.4520e-03
2.7978e+04, 5.7746e-03
2.8007e+04, 6.6712e-03
2.8037e+04, 7.8100e-03
2.8095e+04, 1.1176e-02
2.8118e+04, 1.3084e-02
2.8129e+04, 1.4228e-02
2.8141e+04, 1.5533e-02
2.8146e+04, 1.6252e-02
2.8152e+04, 1.7017e-02
2.8158e+04, 1.7843e-02
2.8163e+04, 1.8731e-02
2.8169e+04, 1.9688e-02
2.8175e+04, 2.0718e-02
2.8180e+04, 2.1830e-02
2.8186e+04, 2.3031e-02
2.8191e+04, 2.4255e-02
2.8197e+04, 2.5580e-02
2.8202e+04, 2.7012e-02
2.8207e+04, 2.8565e-02
2.8213e+04, 3.0251e-02
2.8218e+04, 3.2084e-02
2.8221e+04, 3.3063e-02
2.8223e+04, 3.4084e-02
2.8226e+04, 3.5156e-02
2.8229e+04, 3.6274e-02
2.8232e+04, 3.7904e-02
2.8236e+04, 3.9637e-02
2.8240e+04, 4.1493e-02
2.8243e+04, 4.3470e-02
2.8247e+04, 4.5593e-02
2.8251e+04, 4.7860e-02
2.8254e+04, 5.0301e-02
2.8258e+04, 5.2920e-02
2.8261e+04, 5.5613e-02
2.8265e+04, 5.8502e-02
2.8268e+04, 6.1602e-02
2.8272e+04, 6.4924e-02
2.8275e+04, 6.8512e-02
2.8279e+04, 7.2381e-02
2.8282e+04, 7.6558e-02
2.8286e+04, 8.1059e-02
2.8289e+04, 8.5941e-02
2.8293e+04, 9.1227e-02
2.8296e+04, 9.6957e-02
2.8300e+04, 1.0315e-01
2.8303e+04, 1.0989e-01
2.8307e+04, 1.1721e-01
2.8310e+04, 1.2515e-01
2.8314e+04, 1.3374e-01
2.8318e+04, 1.4486e-01
2.8322e+04, 1.5707e-01
2.8326e+04, 1.7045e-01
2.8330e+04, 1.8500e-01
2.8334e+04, 2.0077e-01
2.8339e+04, 2.1766e-01
2.8343e+04, 2.3554e-01
2.8347e+04, 2.5413e-01
2.8355e+04, 2.9203e-01
2.8363e+04, 3.2655e-01
2.8372e+04, 3.5129e-01
2.8376e+04, 3.5802e-01
2.8380e+04, 3.6026e-01
2.8386e+04, 3.5483e-01
2.8393e+04, 3.3969e-01
2.8397e+04, 3.2349e-01
2.8402e+04, 3.0444e-01
2.8411e+04, 2.6240e-01
2.8420e+04, 2.2072e-01
2.8430e+04, 1.8386e-01
2.8439e+04, 1.5294e-01
2.8448e+04, 1.2776e-01
2.8458e+04, 1.0743e-01
2.8467e+04, 9.1097e-02
2.8479e+04, 7.4243e-02
2.8492e+04, 6.1396e-02
2.8504e+04, 5.1501e-02
2.8516e+04, 4.3739e-02
2.8528e+04, 3.7502e-02
2.8541e+04, 3.2478e-02
2.8565e+04, 2.4988e-02
2.8585e+04, 2.0635e-02
2.8605e+04, 1.7310e-02
2.8625e+04, 1.4723e-02
2.8645e+04, 1.2674e-02
2.8685e+04, 9.6991e-03
2.8725e+04, 7.6292e-03
2.8761e+04, 6.2723e-03
2.8798e+04, 5.2369e-03
2.8872e+04, 3.8221e-03
2.8945e+04, 2.9172e-03
2.9019e+04, 2.3053e-03
2.9166e+04, 1.5504e-03
2.9313e+04, 1.1213e-03
2.9460e+04, 8.5385e-04
2.9608e+04, 6.7587e-04
2.9804e+04, 5.1744e-04
2.9902e+04, 4.5974e-04
2.9951e+04, 4.3569e-04
2.9975e+04, 4.2375e-04
2.9982e+04, 4.2131e-04
2.9985e+04, 4.3074e-04
2.9986e+04, 4.6200e-04
2.9988e+04, 5.6364e-04
2.9988e+04, 6.7365e-04
2.9989e+04, 8.5374e-04
2.9990e+04, 1.1388e-03
2.9991e+04, 1.5685e-03
2.9992e+04, 2.2122e-03
2.9992e+04, 3.1210e-03
2.9994e+04, 6.0841e-03
2.9995e+04, 1.1094e-02
2.9997e+04, 1.8439e-02
3.0000e+04, 3.8777e-02
3.0000e+04, 7.7282e-02
3.5000e+04, 6.8498e-02
4.0000e+04, 6.1710e-02
4.5000e+04, 5.6437e-02
5.0000e+04, 5.2103e-02
6.0000e+04, 4.6131e-02
7.0000e+04, 4.1833e-02
8.0000e+04, 3.8742e-02
1.0000e+05, 3.5028e-02
1.0000e+05, 3.4998e-02
1.2500e+05, 3.2884e-02
1.5000e+05, 3.1252e-02
2.0000e+05, 3.0630e-02
2.5000e+05, 3.0934e-02
3.0000e+05, 3.1443e-02
4.0000e+05, 3.2197e-02
5.0000e+05, 3.2794e-02
5.2500e+05, 3.2994e-02
5.5000e+05, 3.3185e-02
5.7500e+05, 3.3368e-02
6.0000e+05, 3.3545e-02
6.2500e+05, 3.3715e-02
6.5000e+05, 3.3880e-02
6.7500e+05, 3.4039e-02
7.0000e+05, 3.4193e-02
7.2500e+05, 3.4397e-02
7.5000e+05, 3.4596e-02
7.7500e+05, 3.4789e-02
8.0000e+05, 3.4977e-02
8.2500e+05, 3.5230e-02
8.5000e+05, 3.5478e-02
8.7500e+05, 3.5720e-02
9.0000e+05, 3.5957e-02
9.2500e+05, 3.6262e-02
9.5000e+05, 3.6562e-02
9.7500e+05, 3.6856e-02
1.0000e+06, 3.7145e-02
1.0036e+06, 3.7196e-02
1.0036e+06, 3.7196e-02
1.0255e+06, 3.7504e-02
1.0474e+06, 3.7809e-02
1.0693e+06, 3.8109e-02
1.0913e+06, 3.8406e-02
1.0913e+06, 3.8406e-02
1.1111e+06, 3.5781e-02
1.1309e+06, 3.3378e-02
1.1508e+06, 3.1173e-02
1.1706e+06, 2.9149e-02
1.1905e+06, 2.7286e-02
1.2103e+06, 2.5571e-02
1.2302e+06, 2.3988e-02
1.2500e+06, 2.2527e-02
1.2656e+06, 2.2486e-02
1.2812e+06, 2.2446e-02
1.2969e+06, 2.2406e-02
1.3125e+06, 2.2367e-02
1.3281e+06, 2.2329e-02
1.3438e+06, 2.2291e-02
1.3594e+06, 2.2253e-02
1.3750e+06, 2.2216e-02
1.3906e+06, 2.2180e-02
1.4062e+06, 2.2144e-02
1.4219e+06, 2.2108e-02
1.4375e+06, 2.2073e-02
1.4531e+06, 2.2038e-02
1.4688e+06, 2.2004e-02
1.4844e+06, 2.1970e-02
1.5000e+06, 2.1936e-02
1.5156e+06, 2.2043e-02
1.5312e+06, 2.2148e-02
1.5469e+06, 2.2253e-02
1.5625e+06, 2.2358e-02
1.5781e+06, 2.2462e-02
1.5938e+06, 2.2565e-02
1.6094e+06, 2.2668e-02
1.6250e+06, 2.2770e-02
1.6406e+06, 2.2872e-02
1.6562e+06, 2.2973e-02
1.6719e+06, 2.3074e-02
1.6875e+06, 2.3174e-02
1.7031e+06, 2.3274e-02
1.7188e+06, 2.3373e-02
1.7344e+06, 2.3472e-02
1.7500e+06, 2.3571e-02
1.7657e+06, 2.3715e-02
1.7815e+06, 2.3859e-02
1.7972e+06, 2.4002e-02
1.8130e+06, 2.4145e-02
1.8287e+06, 2.4288e-02
1.8445e+06, 2.4430e-02
1.8602e+06, 2.4572e-02
1.8760e+06, 2.4714e-02
1.8760e+06, 2.4714e-02
1.8915e+06, 2.4421e-02
1.9070e+06, 2.4135e-02
1.9225e+06, 2.3854e-02
1.9380e+06, 2.3579e-02
1.9535e+06, 2.3309e-02
1.9690e+06, 2.3044e-02
1.9845e+06, 2.2785e-02
2.0000e+06, 2.2530e-02
2.0080e+06, 2.2554e-02
2.0160e+06, 2.2578e-02
2.0240e+06, 2.2601e-02
2.0320e+06, 2.2625e-02
2.0400e+06, 2.2649e-02
2.0480e+06, 2.2672e-02
2.0560e+06, 2.2696e-02
2.0640e+06, 2.2719e-02
2.0720e+06, 2.2743e-02
2.0800e+06, 2.2766e-02
2.0880e+06, 2.2789e-02
2.0960e+06, 2.2812e-02
2.1040e+06, 2.2836e-02
2.1119e+06, 2.2859e-02
2.1199e+06, 2.2882e-02
2.1279e+06, 2.2905e-02
2.1359e+06, 2.2927e-02
2.1439e+06, 2.2950e-02
2.1519e+06, 2.2973e-02
2.1599e+06, 2.2996e-02
2.1679e+06, 2.3018e-02
2.1759e+06, 2.3041e-02
2.1839e+06, 2.3063e-02
2.1919e+06, 2.3086e-02
2.1999e+06, 2.3108e-02
2.2079e+06, 2.3130e-02
2.2159e+06, 2.3153e-02
2.2239e+06, 2.3175e-02
2.2319e+06, 2.3197e-02
2.2399e+06, 2.3219e-02
2.2479e+06, 2.3241e-02
2.2559e+06, 2.3263e-02
2.2639e+06, 2.3154e-02
2.2718e+06, 2.3045e-02
2.2798e+06, 2.2937e-02
2.2878e+06, 2.2830e-02
2.2957e+06, 2.2724e-02
2.3037e+06, 2.2619e-02
2.3117e+06, 2.2514e-02
2.3197e+06, 2.2411e-02
2.3276e+06, 2.2308e-02
2.3356e+06, 2.2206e-02
2.3436e+06, 2.2105e-02
2.3516e+06, 2.2005e-02
2.3595e+06, 2.1906e-02
2.3675e+06, 2.1807e-02
2.3755e+06, 2.1709e-02
2.3835e+06, 2.1612e-02
2.3914e+06, 2.1515e-02
2.3994e+06, 2.1420e-02
2.4074e+06, 2.1325e-02
2.4154e+06, 2.1231e-02
2.4233e+06, 2.1137e-02
2.4313e+06, 2.1045e-02
2.4393e+06, 2.0953e-02
2.4472e+06, 2.0861e-02
2.4552e+06, 2.0771e-02
2.4632e+06, 2.0681e-02
2.4712e+06, 2.0591e-02
2.4791e+06, 2.0503e-02
2.4871e+06, 2.0415e-02
2.4951e+06, 2.0328e-02
2.5031e+06, 2.0241e-02
2.5110e+06, 2.0155e-02
2.5110e+06, 2.0155e-02
2.5212e+06, 1.9917e-02
2.5313e+06, 1.9684e-02
2.5415e+06, 1.9453e-02
2.5516e+06, 1.9227e-02
2.5618e+06, 1.9004e-02
2.5719e+06, 1.8784e-02
2.5820e+06, 1.8568e-02
2.5922e+06, 1.8355e-02
2.6023e+06, 1.8145e-02
2.6125e+06, 1.7938e-02
2.6226e+06, 1.7735e-02
2.6328e+06, 1.7535e-02
2.6429e+06, 1.7338e-02
2.6530e+06, 1.7143e-02
2.6632e+06, 1.6952e-02
2.6733e+06, 1.6763e-02
2.6733e+06, 1.6763e-02
2.6810e+06, 1.6649e-02
2.6888e+06, 1.6536e-02
2.6965e+06, 1.6424e-02
2.7042e+06, 1.6313e-02
2.7042e+06, 1.6313e-02
2.7115e+06, 1.6153e-02
2.7188e+06, 1.5994e-02
2.7260e+06, 1.5837e-02
2.7333e+06, 1.5683e-02
2.7406e+06, 1.5530e-02
2.7479e+06, 1.5379e-02
2.7552e+06, 1.5230e-02
2.7625e+06, 1.5083e-02
2.7697e+06, 1.4937e-02
2.7770e+06, 1.4794e-02
2.7843e+06, 1.4652e-02
2.7916e+06, 1.4512e-02
2.7989e+06, 1.4373e-02
2.8062e+06, 1.4236e-02
2.8134e+06, 1.4101e-02
2.8207e+06, 1.3968e-02
2.8207e+06, 1.3968e-02
2.8294e+06, 1.3877e-02
2.8382e+06, 1.3786e-02
2.8469e+06, 1.3697e-02
2.8556e+06, 1.3609e-02
2.8643e+06, 1.3521e-02
2.8730e+06, 1.3434e-02
2.8817e+06, 1.3348e-02
2.8904e+06, 1.3263e-02
2.8904e+06, 1.3263e-02
2.9013e+06, 1.3159e-02
2.9121e+06, 1.3056e-02
2.9121e+06, 1.3056e-02
2.9219e+06, 1.2960e-02
2.9316e+06, 1.2866e-02
2.9414e+06, 1.2773e-02
2.9511e+06, 1.2681e-02
2.9609e+06, 1.2589e-02
2.9707e+06, 1.2499e-02
2.9804e+06, 1.2410e-02
2.9902e+06, 1.2321e-02
2.9902e+06, 1.2321e-02
3.0000e+06, 1.2252e-02
3.0325e+06, 1.2079e-02
3.0325e+06, 1.2079e-02
3.0620e+06, 1.1842e-02
3.0916e+06, 1.1611e-02
3.1243e+06, 1.1395e-02
3.1571e+06, 1.1185e-02
3.1898e+06, 1.0981e-02
3.2226e+06, 1.0783e-02
3.2494e+06, 1.0687e-02
3.2762e+06, 1.0593e-02
3.3030e+06, 1.0500e-02
3.3297e+06, 1.0409e-02
3.3297e+06, 1.0409e-02
3.3497e+06, 1.0304e-02
3.3697e+06, 1.0200e-02
3.3897e+06, 1.0098e-02
3.4097e+06, 9.9975e-03
3.4297e+06, 9.8986e-03
3.4497e+06, 9.8012e-03
3.4696e+06, 9.7054e-03
3.4896e+06, 9.6110e-03
3.5096e+06, 9.5180e-03
3.5296e+06, 9.4265e-03
3.5496e+06, 9.3364e-03
3.5696e+06, 9.2476e-03
3.5896e+06, 9.1601e-03
3.6095e+06, 9.0740e-03
3.6295e+06, 8.9892e-03
3.6495e+06, 8.9056e-03
3.6714e+06, 8.8153e-03
3.6933e+06, 8.7266e-03
3.7152e+06, 8.6392e-03
3.7371e+06, 8.5532e-03
3.7590e+06, 8.4686e-03
3.7810e+06, 8.3853e-03
3.8029e+06, 8.3032e-03
3.8248e+06, 8.2225e-03
3.8467e+06, 8.1430e-03
3.8686e+06, 8.0647e-03
3.8905e+06, 7.9876e-03
3.9124e+06, 7.9116e-03
3.9343e+06, 7.8368e-03
3.9562e+06, 7.7631e-03
3.9781e+06, 7.6905e-03
4.0000e+06, 7.6190e-03
4.0287e+06, 7.5060e-03
4.0574e+06, 7.3954e-03
4.0861e+06, 7.2872e-03
4.1147e+06, 7.1814e-03
4.1434e+06, 7.0777e-03
4.1721e+06, 6.9763e-03
4.2008e+06, 6.8771e-03
4.2295e+06, 6.7799e-03
4.2598e+06, 6.6793e-03
4.2902e+06, 6.5809e-03
4.3205e+06, 6.4846e-03
4.3508e+06, 6.3904e-03
4.3811e+06, 6.2982e-03
4.4115e+06, 6.2080e-03
4.4418e+06, 6.1197e-03
4.4721e+06, 6.0332e-03
4.5042e+06, 5.9437e-03
4.5363e+06, 5.8561e-03
4.5684e+06, 5.7704e-03
4.6004e+06, 5.6866e-03
4.6325e+06, 5.6046e-03
4.6646e+06, 5.5243e-03
4.6966e+06, 5.4457e-03
4.7287e+06, 5.3687e-03
4.7621e+06, 5.2901e-03
4.7956e+06, 5.2133e-03
4.8290e+06, 5.1381e-03
4.8625e+06, 5.0644e-03
4.8968e+06, 4.9903e-03
4.9312e+06, 4.9178e-03
4.9656e+06, 4.8469e-03
5.0000e+06, 4.7774e-03
5.0583e+06, 4.6471e-03
5.1166e+06, 4.5218e-03
5.1749e+06, 4.4013e-03
5.2332e+06, 4.2852e-03
5.2942e+06, 4.1684e-03
5.3552e+06, 4.0560e-03
5.4162e+06, 3.9478e-03
5.4772e+06, 3.8437e-03
5.5411e+06, 3.7389e-03
5.6049e+06, 3.6381e-03
5.6688e+06, 3.5411e-03
5.7327e+06, 3.4477e-03
5.7995e+06, 3.3537e-03
5.8663e+06, 3.2633e-03
5.9332e+06, 3.1763e-03
6.0000e+06, 3.0925e-03
6.0522e+06, 3.0162e-03
6.1044e+06, 2.9424e-03
6.1566e+06, 2.8710e-03
6.2087e+06, 2.8019e-03
6.2609e+06, 2.7350e-03
6.3131e+06, 2.6703e-03
6.3653e+06, 2.6076e-03
6.4175e+06, 2.5469e-03
6.4903e+06, 2.4653e-03
6.5631e+06, 2.3872e-03
6.6359e+06, 2.3124e-03
6.7087e+06, 2.2407e-03
6.7816e+06, 2.1719e-03
6.8544e+06, 2.1060e-03
6.9272e+06, 2.0427e-03
7.0000e+06, 1.9820e-03
7.1057e+06, 1.8961e-03
7.2115e+06, 1.8150e-03
7.3172e+06, 1.7385e-03
7.4230e+06, 1.6663e-03
7.4833e+06, 1.6269e-03
7.6125e+06, 1.5594e-03
7.7417e+06, 1.4958e-03
7.8708e+06, 1.4357e-03
8.0000e+06, 1.3790e-03
8.1213e+06, 1.3511e-03
8.2426e+06, 1.3241e-03
8.3640e+06, 1.2980e-03
8.4853e+06, 1.2728e-03
8.6140e+06, 1.2641e-03
8.7426e+06, 1.2555e-03
8.8713e+06, 1.2472e-03
9.0000e+06, 1.2390e-03
9.0102e+06, 1.2396e-03
9.0205e+06, 1.2401e-03
9.0307e+06, 1.2407e-03
9.0410e+06, 1.2413e-03
9.0549e+06, 1.2421e-03
9.0688e+06, 1.2428e-03
9.0828e+06, 1.2436e-03
9.0967e+06, 1.2444e-03
9.1106e+06, 1.2452e-03
9.1246e+06, 1.2460e-03
9.1385e+06, 1.2467e-03
9.1524e+06, 1.2475e-03
9.1664e+06, 1.2483e-03
9.1803e+06, 1.2491e-03
9.1942e+06, 1.2498e-03
9.2082e+06, 1.2506e-03
9.2221e+06, 1.2514e-03
9.2360e+06, 1.2521e-03
9.2500e+06, 1.2529e-03
9.2639e+06, 1.2537e-03
9.2778e+06, 1.2545e-03
9.2918e+06, 1.2552e-03
9.3057e+06, 1.2560e-03
9.3196e+06, 1.2568e-03
9.3336e+06, 1.2575e-03
9.3475e+06, 1.2583e-03
9.3614e+06, 1.2591e-03
9.3754e+06, 1.2598e-03
9.3893e+06, 1.2606e-03
9.4032e+06, 1.2613e-03
9.4172e+06, 1.2621e-03
9.4311e+06, 1.2629e-03
9.4450e+06, 1.2636e-03
9.4590e+06, 1.2644e-03
9.4729e+06, 1.2652e-03
9.4868e+06, 1.2659e-03
9.5089e+06, 1.2690e-03
9.5310e+06, 1.2721e-03
9.5531e+06, 1.2752e-03
9.5752e+06, 1.2783e-03
9.5973e+06, 1.2815e-03
9.6194e+06, 1.2846e-03
9.6415e+06, 1.2877e-03
9.6636e+06, 1.2908e-03
9.6878e+06, 1.2942e-03
9.7119e+06, 1.2976e-03
9.7361e+06, 1.3010e-03
9.7602e+06, 1.3044e-03
9.7902e+06, 1.3086e-03
9.8202e+06, 1.3128e-03
9.8501e+06, 1.3171e-03
9.8801e+06, 1.3213e-03
9.9101e+06, 1.3255e-03
9.9401e+06, 1.3298e-03
9.9700e+06, 1.3340e-03
1.0000e+07, 1.3382e-03
1.0031e+07, 1.3386e-03
1.0062e+07, 1.3390e-03
1.0094e+07, 1.3393e-03
1.0125e+07, 1.3397e-03
1.0156e+07, 1.3401e-03
1.0188e+07, 1.3404e-03
1.0219e+07, 1.3408e-03
1.0250e+07, 1.3412e-03
1.0281e+07, 1.3415e-03
1.0312e+07, 1.3419e-03
1.0344e+07, 1.3423e-03
1.0375e+07, 1.3426e-03
1.0406e+07, 1.3430e-03
1.0438e+07, 1.3433e-03
1.0469e+07, 1.3437e-03
1.0500e+07, 1.3441e-03
1.0531e+07, 1.3444e-03
1.0562e+07, 1.3448e-03
1.0594e+07, 1.3451e-03
1.0625e+07, 1.3455e-03
1.0656e+07, 1.3458e-03
1.0688e+07, 1.3462e-03
1.0719e+07, 1.3465e-03
1.0750e+07, 1.3469e-03
1.0781e+07, 1.3472e-03
1.0812e+07, 1.3476e-03
1.0844e+07, 1.3479e-03
1.0875e+07, 1.3483e-03
1.0906e+07, 1.3486e-03
1.0938e+07, 1.3490e-03
1.0969e+07, 1.3493e-03
1.1000e+07, 1.3497e-03
1.1010e+07, 1.3486e-03
1.1020e+07, 1.3475e-03
1.1029e+07, 1.3465e-03
1.1039e+07, 1.3454e-03
1.1049e+07, 1.3444e-03
1.1059e+07, 1.3433e-03
1.1069e+07, 1.3423e-03
1.1079e+07, 1.3412e-03
1.1088e+07, 1.3402e-03
1.1098e+07, 1.3391e-03
1.1108e+07, 1.3381e-03
1.1118e+07, 1.3370e-03
1.1128e+07, 1.3360e-03
1.1137e+07, 1.3350e-03
1.1147e+07, 1.3339e-03
1.1157e+07, 1.3329e-03
1.1167e+07, 1.3319e-03
1.1177e+07, 1.3308e-03
1.1186e+07, 1.3298e-03
1.1196e+07, 1.3288e-03
1.1206e+07, 1.3277e-03
1.1216e+07, 1.3267e-03
1.1226e+07, 1.3257e-03
1.1236e+07, 1.3247e-03
1.1245e+07, 1.3237e-03
1.1255e+07, 1.3226e-03
1.1265e+07, 1.3216e-03
1.1275e+07, 1.3206e-03
1.1285e+07, 1.3196e-03
1.1294e+07, 1.3186e-03
1.1304e+07, 1.3176e-03
1.1314e+07, 1.3166e-03
1.1324e+07, 1.3156e-03
1.1334e+07, 1.3145e-03
1.1344e+07, 1.3135e-03
1.1353e+07, 1.3125e-03
1.1363e+07, 1.3115e-03
1.1373e+07, 1.3105e-03
1.1383e+07, 1.3095e-03
1.1393e+07, 1.3086e-03
1.1402e+07, 1.3076e-03
1.1412e+07, 1.3066e-03
1.1422e+07, 1.3056e-03
1.1432e+07, 1.3046e-03
1.1442e+07, 1.3036e-03
1.1451e+07, 1.3026e-03
1.1461e+07, 1.3016e-03
1.1471e+07, 1.3007e-03
1.1481e+07, 1.2997e-03
1.1491e+07, 1.2987e-03
1.1501e+07, 1.2977e-03
1.1510e+07, 1.2967e-03
1.1520e+07, 1.2958e-03
1.1530e+07, 1.2948e-03
1.1540e+07, 1.2938e-03
1.1550e+07, 1.2928e-03
1.1559e+07, 1.2919e-03
1.1569e+07, 1.2909e-03
1.1579e+07, 1.2899e-03
1.1589e+07, 1.2890e-03
1.1599e+07, 1.2880e-03
1.1608e+07, 1.2871e-03
1.1618e+07, 1.2861e-03
1.1628e+07, 1.2851e-03
1.1628e+07, 1.2851e-03
1.1646e+07, 1.2834e-03
1.1664e+07, 1.2817e-03
1.1682e+07, 1.2799e-03
1.1700e+07, 1.2782e-03
1.1718e+07, 1.2765e-03
1.1735e+07, 1.2748e-03
1.1753e+07, 1.2731e-03
1.1771e+07, 1.2714e-03
1.1800e+07, 1.2686e-03
1.1828e+07, 1.2659e-03
1.1857e+07, 1.2632e-03
1.1886e+07, 1.2606e-03
1.1914e+07, 1.2579e-03
1.1943e+07, 1.2552e-03
1.1971e+07, 1.2526e-03
1.2000e+07, 1.2500e-03
1.2062e+07, 1.2403e-03
1.2125e+07, 1.2308e-03
1.2188e+07, 1.2214e-03
1.2250e+07, 1.2121e-03
1.2312e+07, 1.2029e-03
1.2375e+07, 1.1938e-03
1.2438e+07, 1.1849e-03
1.2500e+07, 1.1761e-03
1.2562e+07, 1.1673e-03
1.2625e+07, 1.1587e-03
1.2688e+07, 1.1502e-03
1.2750e+07, 1.1418e-03
1.2812e+07, 1.1335e-03
1.2875e+07, 1.1253e-03
1.2938e+07, 1.1172e-03
1.3000e+07, 1.1092e-03
1.3008e+07, 1.1085e-03
1.3016e+07, 1.1078e-03
1.3023e+07, 1.1071e-03
1.3031e+07, 1.1064e-03
1.3039e+07, 1.1057e-03
1.3047e+07, 1.1050e-03
1.3055e+07, 1.1043e-03
1.3062e+07, 1.1036e-03
1.3070e+07, 1.1029e-03
1.3078e+07, 1.1022e-03
1.3086e+07, 1.1015e-03
1.3094e+07, 1.1008e-03
1.3102e+07, 1.1001e-03
1.3109e+07, 1.0994e-03
1.3117e+07, 1.0987e-03
1.3125e+07, 1.0980e-03
1.3133e+07, 1.0973e-03
1.3141e+07, 1.0967e-03
1.3148e+07, 1.0960e-03
1.3156e+07, 1.0953e-03
1.3164e+07, 1.0946e-03
1.3172e+07, 1.0939e-03
1.3180e+07, 1.0932e-03
1.3188e+07, 1.0925e-03
1.3195e+07, 1.0919e-03
1.3203e+07, 1.0912e-03
1.3211e+07, 1.0905e-03
1.3219e+07, 1.0898e-03
1.3227e+07, 1.0891e-03
1.3234e+07, 1.0885e-03
1.3242e+07, 1.0878e-03
1.3250e+07, 1.0871e-03
1.3258e+07, 1.0864e-03
1.3266e+07, 1.0858e-03
1.3273e+07, 1.0851e-03
1.3281e+07, 1.0844e-03
1.3289e+07, 1.0837e-03
1.3297e+07, 1.0831e-03
1.3305e+07, 1.0824e-03
1.3312e+07, 1.0817e-03
1.3320e+07, 1.0810e-03
1.3328e+07, 1.0804e-03
1.3336e+07, 1.0797e-03
1.3344e+07, 1.0790e-03
1.3352e+07, 1.0784e-03
1.3359e+07, 1.0777e-03
1.3367e+07, 1.0770e-03
1.3375e+07, 1.0764e-03
1.3383e+07, 1.0757e-03
1.3391e+07, 1.0751e-03
1.3398e+07, 1.0744e-03
1.3406e+07, 1.0737e-03
1.3414e+07, 1.0731e-03
1.3422e+07, 1.0724e-03
1.3430e+07, 1.0718e-03
1.3438e+07, 1.0711e-03
1.3445e+07, 1.0704e-03
1.3453e+07, 1.0698e-03
1.3461e+07, 1.0691e-03
1.3469e+07, 1.0685e-03
1.3477e+07, 1.0678e-03
1.3484e+07, 1.0672e-03
1.3492e+07, 1.0665e-03
1.3500e+07, 1.0659e-03
1.3508e+07, 1.0652e-03
1.3516e+07, 1.0646e-03
1.3523e+07, 1.0639e-03
1.3531e+07, 1.0633e-03
1.3539e+07, 1.0626e-03
1.3547e+07, 1.0620e-03
1.3555e+07, 1.0613e-03
1.3562e+07, 1.0607e-03
1.3570e+07, 1.0600e-03
1.3578e+07, 1.0594e-03
1.3586e+07, 1.0588e-03
1.3594e+07, 1.0581e-03
1.3602e+07, 1.0575e-03
1.3609e+07, 1.0568e-03
1.3617e+07, 1.0562e-03
1.3625e+07, 1.0555e-03
1.3633e+07, 1.0549e-03
1.3641e+07, 1.0543e-03
1.3648e+07, 1.0536e-03
1.3656e+07, 1.0530e-03
1.3664e+07, 1.0524e-03
1.3672e+07, 1.0517e-03
1.3680e+07, 1.0511e-03
1.3688e+07, 1.0505e-03
1.3695e+07, 1.0498e-03
1.3703e+07, 1.0492e-03
1.3711e+07, 1.0486e-03
1.3719e+07, 1.0479e-03
1.3727e+07, 1.0473e-03
1.3734e+07, 1.0467e-03
1.3742e+07, 1.0461e-03
1.3750e+07, 1.0454e-03
1.3758e+07, 1.0448e-03
1.3766e+07, 1.0442e-03
1.3773e+07, 1.0435e-03
1.3781e+07, 1.0429e-03
1.3789e+07, 1.0423e-03
1.3797e+07, 1.0417e-03
1.3805e+07, 1.0411e-03
1.3812e+07, 1.0404e-03
1.3820e+07, 1.0398e-03
1.3828e+07, 1.0392e-03
1.3836e+07, 1.0386e-03
1.3844e+07, 1.0380e-03
1.3852e+07, 1.0373e-03
1.3859e+07, 1.0367e-03
1.3867e+07, 1.0361e-03
1.3875e+07, 1.0355e-03
1.3883e+07, 1.0349e-03
1.3891e+07, 1.0343e-03
1.3898e+07, 1.0336e-03
1.3906e+07, 1.0330e-03
1.3914e+07, 1.0324e-03
1.3922e+07, 1.0318e-03
1.3930e+07, 1.0312e-03
1.3938e+07, 1.0306e-03
1.3945e+07, 1.0300e-03
1.3953e+07, 1.0294e-03
1.3961e+07, 1.0288e-03
1.3969e+07, 1.0282e-03
1.3977e+07, 1.0275e-03
1.3984e+07, 1.0269e-03
1.3992e+07, 1.0263e-03
1.4000e+07, 1.0257e-03
1.4016e+07, 1.0250e-03
1.4031e+07, 1.0243e-03
1.4047e+07, 1.0235e-03
1.4062e+07, 1.0228e-03
1.4078e+07, 1.0220e-03
1.4094e+07, 1.0213e-03
1.4109e+07, 1.0206e-03
1.4125e+07, 1.0199e-03
1.4141e+07, 1.0191e-03
1.4156e+07, 1.0184e-03
1.4172e+07, 1.0177e-03
1.4188e+07, 1.0170e-03
1.4203e+07, 1.0162e-03
1.4219e+07, 1.0155e-03
1.4234e+07, 1.0148e-03
1.4250e+07, 1.0141e-03
1.4266e+07, 1.0134e-03
1.4281e+07, 1.0126e-03
1.4297e+07, 1.0119e-03
1.4312e+07, 1.0112e-03
1.4328e+07, 1.0105e-03
1.4344e+07, 1.0098e-03
1.4359e+07, 1.0091e-03
1.4375e+07, 1.0084e-03
1.4391e+07, 1.0077e-03
1.4406e+07, 1.0069e-03
1.4422e+07, 1.0062e-03
1.4438e+07, 1.0055e-03
1.4453e+07, 1.0048e-03
1.4469e+07, 1.0041e-03
1.4484e+07, 1.0034e-03
1.4500e+07, 1.0027e-03
1.4531e+07, 1.0013e-03
1.4562e+07, 9.9995e-04
1.4594e+07, 9.9857e-04
1.4625e+07, 9.9719e-04
1.4656e+07, 9.9582e-04
1.4688e+07, 9.9445e-04
1.4719e+07, 9.9308e-04
1.4750e+07, 9.9172e-04
1.4781e+07, 9.9037e-04
1.4812e+07, 9.8902e-04
1.4844e+07, 9.8767e-04
1.4875e+07, 9.8633e-04
1.4906e+07, 9.8499e-04
1.4938e+07, 9.8366e-04
1.4969e+07, 9.8234e-04
1.5000e+07, 9.8101e-04
1.5031e+07, 9.8041e-04
1.5062e+07, 9.7981e-04
1.5094e+07, 9.7922e-04
1.5125e+07, 9.7862e-04
1.5156e+07, 9.7803e-04
1.5188e+07, 9.7744e-04
1.5219e+07, 9.7685e-04
1.5250e+07, 9.7626e-04
1.5281e+07, 9.7567e-04
1.5312e+07, 9.7509e-04
1.5344e+07, 9.7450e-04
1.5375e+07, 9.7392e-04
1.5406e+07, 9.7334e-04
1.5438e+07, 9.7276e-04
1.5469e+07, 9.7218e-04
1.5500e+07, 9.7160e-04
1.5531e+07, 9.7103e-04
1.5562e+07, 9.7046e-04
1.5594e+07, 9.6988e-04
1.5625e+07, 9.6931e-04
1.5656e+07, 9.6874e-04
1.5688e+07, 9.6818e-04
1.5719e+07, 9.6761e-04
1.5750e+07, 9.6705e-04
1.5781e+07, 9.6648e-04
1.5812e+07, 9.6592e-04
1.5844e+07, 9.6536e-04
1.5875e+07, 9.6480e-04
1.5906e+07, 9.6424e-04
1.5938e+07, 9.6369e-04
1.5969e+07, 9.6313e-04
1.6000e+07, 9.6258e-04
1.6062e+07, 9.6259e-04
1.6125e+07, 9.6260e-04
1.6188e+07, 9.6262e-04
1.6250e+07, 9.6263e-04
1.6312e+07, 9.6264e-04
1.6375e+07, 9.6265e-04
1.6438e+07, 9.6266e-04
1.6500e+07, 9.6268e-04
1.6562e+07, 9.6269e-04
1.6625e+07, 9.6270e-04
1.6688e+07, 9.6271e-04
1.6750e+07, 9.6272e-04
1.6812e+07, 9.6273e-04
1.6875e+07, 9.6275e-04
1.6938e+07, 9.6276e-04
1.7000e+07, 9.6277e-04
1.7125e+07, 9.6458e-04
1.7250e+07, 9.6637e-04
1.7375e+07, 9.6816e-04
1.7500e+07, 9.6994e-04
1.7625e+07, 9.7171e-04
1.7750e+07, 9.7347e-04
1.7875e+07, 9.7522e-04
1.8000e+07, 9.7697e-04
1.8029e+07, 9.7769e-04
1.8150e+07, 9.8074e-04
1.8272e+07, 9.8378e-04
1.8393e+07, 9.8680e-04
1.8514e+07, 9.8982e-04
1.8636e+07, 9.9282e-04
1.8757e+07, 9.9581e-04
1.8879e+07, 9.9880e-04
1.9000e+07, 1.0018e-03
1.9250e+07, 1.0102e-03
1.9500e+07, 1.0185e-03
1.9750e+07, 1.0268e-03
2.0000e+07, 1.0351e-03
