ebin, xs
1.0000e-05, 1.1774e+02
1.0625e-05, 1.1423e+02
1.1250e-05, 1.1101e+02
1.1875e-05, 1.0805e+02
1.2500e-05, 1.0531e+02
1.3750e-05, 1.0041e+02
1.5000e-05, 9.6136e+01
1.6250e-05, 9.2365e+01
1.7500e-05, 8.9005e+01
1.8750e-05, 8.5987e+01
2.0000e-05, 8.3257e+01
2.1875e-05, 7.9609e+01
2.3750e-05, 7.6402e+01
2.5625e-05, 7.3553e+01
2.7500e-05, 7.1001e+01
2.9375e-05, 6.8698e+01
3.1250e-05, 6.6605e+01
3.3125e-05, 6.4693e+01
3.5000e-05, 6.2936e+01
3.8750e-05, 5.9813e+01
4.2500e-05, 5.7114e+01
4.6250e-05, 5.4749e+01
5.0000e-05, 5.2656e+01
5.3125e-05, 5.1084e+01
5.6250e-05, 4.9645e+01
5.9375e-05, 4.8321e+01
6.2500e-05, 4.7097e+01
6.8750e-05, 4.4905e+01
7.5000e-05, 4.2994e+01
8.1250e-05, 4.1307e+01
8.7500e-05, 3.9804e+01
9.3750e-05, 3.8455e+01
1.0000e-04, 3.7233e+01
1.0625e-04, 3.6122e+01
1.1250e-04, 3.5104e+01
1.1875e-04, 3.4168e+01
1.2500e-04, 3.3303e+01
1.3750e-04, 3.1753e+01
1.5000e-04, 3.0401e+01
1.6250e-04, 2.9208e+01
1.7500e-04, 2.8146e+01
1.8750e-04, 2.7191e+01
2.0000e-04, 2.6328e+01
2.1875e-04, 2.5174e+01
2.3750e-04, 2.4160e+01
2.5625e-04, 2.3260e+01
2.7500e-04, 2.2453e+01
2.9375e-04, 2.1724e+01
3.1250e-04, 2.1062e+01
3.3125e-04, 2.0458e+01
3.5000e-04, 1.9902e+01
3.8750e-04, 1.8915e+01
4.2500e-04, 1.8061e+01
4.6250e-04, 1.7313e+01
5.0000e-04, 1.6651e+01
5.3125e-04, 1.6154e+01
5.6250e-04, 1.5699e+01
5.9375e-04, 1.5280e+01
6.2500e-04, 1.4893e+01
6.8750e-04, 1.4200e+01
7.5000e-04, 1.3596e+01
8.1250e-04, 1.3062e+01
8.7500e-04, 1.2587e+01
9.3750e-04, 1.2160e+01
1.0000e-03, 1.1774e+01
1.0625e-03, 1.1423e+01
1.1250e-03, 1.1101e+01
1.1875e-03, 1.0805e+01
1.2500e-03, 1.0531e+01
1.3750e-03, 1.0041e+01
1.5000e-03, 9.6136e+00
1.6250e-03, 9.2365e+00
1.7500e-03, 8.9005e+00
1.8750e-03, 8.5987e+00
2.0000e-03, 8.3257e+00
2.1875e-03, 7.9609e+00
2.3750e-03, 7.6402e+00
2.5625e-03, 7.3554e+00
2.7500e-03, 7.1002e+00
2.9375e-03, 6.8699e+00
3.1250e-03, 6.6606e+00
3.3125e-03, 6.4694e+00
3.5000e-03, 6.2937e+00
3.8750e-03, 5.9814e+00
4.2500e-03, 5.7114e+00
4.6250e-03, 5.4750e+00
5.0000e-03, 5.2657e+00
5.3125e-03, 5.1084e+00
5.6250e-03, 4.9645e+00
5.9375e-03, 4.8321e+00
6.2500e-03, 4.7097e+00
6.8750e-03, 4.4905e+00
7.5000e-03, 4.2993e+00
8.1250e-03, 4.1306e+00
8.7500e-03, 3.9803e+00
9.3750e-03, 3.8453e+00
1.0000e-02, 3.7232e+00
1.0625e-02, 3.6120e+00
1.1250e-02, 3.5103e+00
1.1875e-02, 3.4167e+00
1.2500e-02, 3.3302e+00
1.3750e-02, 3.1753e+00
1.5000e-02, 3.0402e+00
1.6250e-02, 2.9208e+00
1.7500e-02, 2.8145e+00
1.8750e-02, 2.7190e+00
2.0000e-02, 2.6326e+00
2.1325e-02, 2.5494e+00
2.2650e-02, 2.4737e+00
2.3975e-02, 2.4044e+00
2.5300e-02, 2.3407e+00
2.6844e-02, 2.2725e+00
2.8387e-02, 2.2100e+00
3.1475e-02, 2.0990e+00
3.4563e-02, 2.0030e+00
3.7650e-02, 1.9190e+00
4.0738e-02, 1.8447e+00
4.3825e-02, 1.7785e+00
4.6913e-02, 1.7189e+00
5.0000e-02, 1.6649e+00
5.3125e-02, 1.6152e+00
5.6250e-02, 1.5697e+00
5.9375e-02, 1.5279e+00
6.2500e-02, 1.4893e+00
6.8750e-02, 1.4202e+00
7.5000e-02, 1.3597e+00
8.1250e-02, 1.3063e+00
8.7500e-02, 1.2587e+00
9.3750e-02, 1.2159e+00
1.0000e-01, 1.1773e+00
1.0625e-01, 1.1421e+00
1.1250e-01, 1.1099e+00
1.1875e-01, 1.0804e+00
1.2500e-01, 1.0531e+00
1.3750e-01, 1.0043e+00
1.5000e-01, 9.6144e-01
1.6250e-01, 9.2366e-01
1.7500e-01, 8.9001e-01
1.8750e-01, 8.5981e-01
2.0000e-01, 8.3258e-01
2.1875e-01, 7.9616e-01
2.3750e-01, 7.6404e-01
2.5625e-01, 7.3551e-01
2.7500e-01, 7.0996e-01
2.9375e-01, 6.8691e-01
3.1250e-01, 6.6596e-01
3.3125e-01, 6.4683e-01
3.5000e-01, 6.2939e-01
3.8750e-01, 5.9825e-01
4.2500e-01, 5.7120e-01
5.0000e-01, 5.2665e-01
6.2500e-01, 4.7105e-01
7.5000e-01, 4.2994e-01
8.7500e-01, 3.9810e-01
1.0000e+00, 3.7243e-01
1.2500e+00, 3.3305e-01
1.5000e+00, 3.0400e-01
1.7500e+00, 2.8147e-01
2.0000e+00, 2.6329e-01
2.3750e+00, 2.4161e-01
2.7500e+00, 2.2455e-01
3.1250e+00, 2.1063e-01
3.5000e+00, 1.9901e-01
4.2500e+00, 1.8059e-01
5.0000e+00, 1.6649e-01
6.2500e+00, 1.4891e-01
7.5000e+00, 1.3593e-01
8.7500e+00, 1.2585e-01
1.0000e+01, 1.1773e-01
1.2500e+01, 1.0529e-01
1.5000e+01, 9.6114e-02
1.7500e+01, 8.8986e-02
2.0000e+01, 8.3239e-02
2.3750e+01, 7.6384e-02
2.7500e+01, 7.0987e-02
3.1250e+01, 6.6590e-02
3.5000e+01, 6.2920e-02
4.2500e+01, 5.7098e-02
5.0000e+01, 5.2641e-02
5.4500e+01, 5.0421e-02
5.9000e+01, 4.8461e-02
6.3500e+01, 4.6796e-02
6.5750e+01, 4.5966e-02
6.6875e+01, 4.5551e-02
6.7156e+01, 4.5453e-02
6.7297e+01, 4.5695e-02
6.7367e+01, 4.7033e-02
6.7402e+01, 4.9046e-02
6.7438e+01, 5.3200e-02
6.7473e+01, 6.1404e-02
6.7490e+01, 6.7971e-02
6.7508e+01, 7.6912e-02
6.7525e+01, 8.8951e-02
6.7543e+01, 1.0499e-01
6.7561e+01, 1.2613e-01
6.7578e+01, 1.5368e-01
6.7596e+01, 1.8924e-01
6.7613e+01, 2.3464e-01
6.7631e+01, 2.9196e-01
6.7640e+01, 3.2582e-01
6.7648e+01, 3.6353e-01
6.7657e+01, 4.0551e-01
6.7666e+01, 4.5206e-01
6.7675e+01, 5.0354e-01
6.7684e+01, 5.6033e-01
6.7701e+01, 6.9135e-01
6.7719e+01, 8.4811e-01
6.7736e+01, 1.0339e+00
6.7754e+01, 1.2517e+00
6.7771e+01, 1.5042e+00
6.7789e+01, 1.7937e+00
6.7807e+01, 2.1226e+00
6.7824e+01, 2.4920e+00
6.7842e+01, 2.9026e+00
6.7859e+01, 3.3537e+00
6.7895e+01, 4.3734e+00
6.7930e+01, 5.5295e+00
6.8000e+01, 8.0962e+00
6.8000e+01, 1.6139e+01
7.2000e+01, 1.5461e+01
8.5000e+01, 1.3649e+01
1.0000e+02, 1.2085e+01
1.1250e+02, 1.1007e+01
1.2500e+02, 1.0124e+01
1.3750e+02, 9.3808e+00
1.5000e+02, 8.7502e+00
1.7000e+02, 7.9123e+00
2.0000e+02, 6.9388e+00
2.2500e+02, 6.3077e+00
2.5000e+02, 5.7920e+00
2.7500e+02, 5.3605e+00
3.0000e+02, 4.9946e+00
3.5000e+02, 4.4068e+00
4.0000e+02, 3.9538e+00
4.5000e+02, 3.5944e+00
5.0000e+02, 3.3007e+00
5.5000e+02, 3.0571e+00
6.0000e+02, 2.8505e+00
6.6000e+02, 2.6421e+00
7.2000e+02, 2.4652e+00
8.0000e+02, 2.2685e+00
9.0000e+02, 2.0703e+00
1.0000e+03, 1.9077e+00
1.1250e+03, 1.7452e+00
1.2500e+03, 1.6117e+00
1.3750e+03, 1.5032e+00
1.5000e+03, 1.4106e+00
1.7000e+03, 1.2908e+00
2.0000e+03, 1.1547e+00
2.2500e+03, 1.0693e+00
2.5000e+03, 9.9832e-01
3.0000e+03, 8.9295e-01
3.5000e+03, 8.1649e-01
4.0000e+03, 7.5849e-01
5.0000e+03, 6.7506e-01
6.0000e+03, 6.1770e-01
7.0000e+03, 5.7444e-01
8.0000e+03, 5.4154e-01
1.0000e+04, 4.8851e-01
1.2500e+04, 4.4208e-01
1.5000e+04, 4.0643e-01
1.7000e+04, 3.8364e-01
2.0000e+04, 3.5510e-01
2.5000e+04, 3.1782e-01
3.0000e+04, 2.8979e-01
3.5000e+04, 2.6776e-01
4.0000e+04, 2.4987e-01
5.0000e+04, 2.2297e-01
6.0000e+04, 2.0389e-01
7.0000e+04, 1.9013e-01
8.0000e+04, 1.7959e-01
1.0000e+05, 1.6635e-01
1.0000e+05, 1.6581e-01
1.2500e+05, 1.5669e-01
1.5000e+05, 1.4961e-01
2.0000e+05, 1.4348e-01
2.0222e+05, 1.4335e-01
2.5000e+05, 1.4092e-01
3.0000e+05, 1.4040e-01
3.0232e+05, 1.4050e-01
3.0233e+05, 1.4050e-01
3.1198e+05, 1.4090e-01
3.2195e+05, 1.4131e-01
3.4284e+05, 1.4211e-01
3.6510e+05, 1.4293e-01
3.8880e+05, 1.4375e-01
4.4091e+05, 1.4540e-01
5.0000e+05, 1.4707e-01
5.1554e+05, 1.4811e-01
5.3156e+05, 1.4915e-01
5.4808e+05, 1.5021e-01
5.6511e+05, 1.5127e-01
5.7354e+05, 1.4726e-01
5.8197e+05, 1.4341e-01
5.9884e+05, 1.3616e-01
6.1570e+05, 1.2947e-01
6.3256e+05, 1.2327e-01
6.4942e+05, 1.1753e-01
6.6628e+05, 1.1218e-01
6.8314e+05, 1.0721e-01
7.0000e+05, 1.0257e-01
7.1250e+05, 1.0230e-01
7.2500e+05, 1.0203e-01
7.3750e+05, 1.0177e-01
7.5000e+05, 1.0152e-01
7.6250e+05, 1.0127e-01
7.7500e+05, 1.0103e-01
7.8750e+05, 1.0079e-01
8.0000e+05, 1.0055e-01
8.1250e+05, 1.0073e-01
8.2500e+05, 1.0091e-01
8.3750e+05, 1.0109e-01
8.5000e+05, 1.0126e-01
8.6250e+05, 1.0143e-01
8.7500e+05, 1.0160e-01
8.8750e+05, 1.0177e-01
9.0000e+05, 1.0194e-01
9.1250e+05, 1.0235e-01
9.2500e+05, 1.0277e-01
9.3750e+05, 1.0318e-01
9.5000e+05, 1.0358e-01
9.6250e+05, 1.0399e-01
9.7500e+05, 1.0439e-01
9.8750e+05, 1.0478e-01
1.0000e+06, 1.0517e-01
1.0140e+06, 1.0584e-01
1.0281e+06, 1.0651e-01
1.0421e+06, 1.0716e-01
1.0562e+06, 1.0782e-01
1.0702e+06, 1.0847e-01
1.0843e+06, 1.0911e-01
1.0983e+06, 1.0975e-01
1.1124e+06, 1.1038e-01
1.1124e+06, 1.1038e-01
1.1271e+06, 1.1071e-01
1.1418e+06, 1.1103e-01
1.1565e+06, 1.1135e-01
1.1713e+06, 1.1167e-01
1.1713e+06, 1.1167e-01
1.1915e+06, 1.0890e-01
1.2118e+06, 1.0624e-01
1.2309e+06, 1.0221e-01
1.2500e+06, 9.8393e-02
1.2656e+06, 9.8033e-02
1.2812e+06, 9.7680e-02
1.2969e+06, 9.7332e-02
1.3125e+06, 9.6989e-02
1.3281e+06, 9.6651e-02
1.3438e+06, 9.6319e-02
1.3594e+06, 9.5992e-02
1.3750e+06, 9.5669e-02
1.3906e+06, 9.5351e-02
1.4062e+06, 9.5038e-02
1.4219e+06, 9.4729e-02
1.4375e+06, 9.4424e-02
1.4531e+06, 9.4124e-02
1.4688e+06, 9.3828e-02
1.4844e+06, 9.3536e-02
1.5000e+06, 9.3248e-02
1.5156e+06, 9.3651e-02
1.5312e+06, 9.4052e-02
1.5469e+06, 9.4451e-02
1.5625e+06, 9.4847e-02
1.5781e+06, 9.5241e-02
1.5938e+06, 9.5632e-02
1.6094e+06, 9.6022e-02
1.6250e+06, 9.6409e-02
1.6406e+06, 9.6794e-02
1.6562e+06, 9.7176e-02
1.6719e+06, 9.7557e-02
1.6875e+06, 9.7936e-02
1.7031e+06, 9.8312e-02
1.7188e+06, 9.8687e-02
1.7344e+06, 9.9060e-02
1.7500e+06, 9.9430e-02
1.7706e+06, 1.0018e-01
1.7911e+06, 1.0092e-01
1.7911e+06, 1.0092e-01
1.8021e+06, 1.0136e-01
1.8132e+06, 1.0180e-01
1.8242e+06, 1.0224e-01
1.8352e+06, 1.0268e-01
1.8462e+06, 1.0312e-01
1.8572e+06, 1.0356e-01
1.8682e+06, 1.0399e-01
1.8792e+06, 1.0443e-01
1.8943e+06, 1.0462e-01
1.9094e+06, 1.0481e-01
1.9245e+06, 1.0500e-01
1.9396e+06, 1.0519e-01
1.9547e+06, 1.0538e-01
1.9698e+06, 1.0556e-01
1.9849e+06, 1.0575e-01
2.0000e+06, 1.0593e-01
2.0126e+06, 1.0634e-01
2.0252e+06, 1.0676e-01
2.0378e+06, 1.0717e-01
2.0505e+06, 1.0758e-01
2.0631e+06, 1.0798e-01
2.0757e+06, 1.0839e-01
2.0883e+06, 1.0880e-01
2.1009e+06, 1.0920e-01
2.1136e+06, 1.0907e-01
2.1262e+06, 1.0894e-01
2.1380e+06, 1.0888e-01
2.1497e+06, 1.0882e-01
2.1615e+06, 1.0876e-01
2.1732e+06, 1.0870e-01
2.1850e+06, 1.0864e-01
2.1967e+06, 1.0858e-01
2.2085e+06, 1.0852e-01
2.2202e+06, 1.0846e-01
2.2202e+06, 1.0846e-01
2.2324e+06, 1.0831e-01
2.2446e+06, 1.0815e-01
2.2568e+06, 1.0800e-01
2.2690e+06, 1.0785e-01
2.2811e+06, 1.0770e-01
2.2933e+06, 1.0755e-01
2.3055e+06, 1.0741e-01
2.3177e+06, 1.0726e-01
2.3299e+06, 1.0711e-01
2.3421e+06, 1.0697e-01
2.3542e+06, 1.0683e-01
2.3664e+06, 1.0668e-01
2.3786e+06, 1.0654e-01
2.3908e+06, 1.0640e-01
2.4030e+06, 1.0626e-01
2.4152e+06, 1.0612e-01
2.4274e+06, 1.0598e-01
2.4395e+06, 1.0584e-01
2.4517e+06, 1.0571e-01
2.4639e+06, 1.0557e-01
2.4761e+06, 1.0544e-01
2.4883e+06, 1.0530e-01
2.5005e+06, 1.0517e-01
2.5126e+06, 1.0504e-01
2.5248e+06, 1.0491e-01
2.5370e+06, 1.0478e-01
2.5492e+06, 1.0465e-01
2.5614e+06, 1.0452e-01
2.5736e+06, 1.0439e-01
2.5857e+06, 1.0426e-01
2.5979e+06, 1.0413e-01
2.6101e+06, 1.0401e-01
2.6223e+06, 1.0388e-01
2.6345e+06, 1.0376e-01
2.6467e+06, 1.0363e-01
2.6588e+06, 1.0351e-01
2.6710e+06, 1.0339e-01
2.6832e+06, 1.0326e-01
2.6954e+06, 1.0314e-01
2.7076e+06, 1.0302e-01
2.7198e+06, 1.0290e-01
2.7320e+06, 1.0278e-01
2.7441e+06, 1.0267e-01
2.7563e+06, 1.0255e-01
2.7685e+06, 1.0243e-01
2.7807e+06, 1.0231e-01
2.7929e+06, 1.0220e-01
2.8051e+06, 1.0208e-01
2.8172e+06, 1.0197e-01
2.8294e+06, 1.0185e-01
2.8416e+06, 1.0174e-01
2.8538e+06, 1.0163e-01
2.8660e+06, 1.0152e-01
2.8782e+06, 1.0140e-01
2.8903e+06, 1.0129e-01
2.9025e+06, 1.0118e-01
2.9147e+06, 1.0107e-01
2.9269e+06, 1.0096e-01
2.9391e+06, 1.0086e-01
2.9513e+06, 1.0075e-01
2.9634e+06, 1.0064e-01
2.9756e+06, 1.0053e-01
2.9878e+06, 1.0043e-01
3.0000e+06, 1.0032e-01
3.0156e+06, 9.9548e-02
3.0312e+06, 9.8785e-02
3.0469e+06, 9.8031e-02
3.0625e+06, 9.7288e-02
3.0781e+06, 9.6553e-02
3.0938e+06, 9.5828e-02
3.1094e+06, 9.5112e-02
3.1250e+06, 9.4405e-02
3.1406e+06, 9.3706e-02
3.1562e+06, 9.3016e-02
3.1719e+06, 9.2335e-02
3.1875e+06, 9.1662e-02
3.2031e+06, 9.0997e-02
3.2188e+06, 9.0340e-02
3.2344e+06, 8.9690e-02
3.2500e+06, 8.9049e-02
3.2656e+06, 8.8415e-02
3.2812e+06, 8.7789e-02
3.2969e+06, 8.7170e-02
3.3125e+06, 8.6559e-02
3.3281e+06, 8.5954e-02
3.3438e+06, 8.5357e-02
3.3594e+06, 8.4767e-02
3.3750e+06, 8.4183e-02
3.3906e+06, 8.3606e-02
3.4062e+06, 8.3035e-02
3.4219e+06, 8.2472e-02
3.4375e+06, 8.1914e-02
3.4531e+06, 8.1363e-02
3.4688e+06, 8.0817e-02
3.4844e+06, 8.0278e-02
3.5000e+06, 7.9745e-02
3.5156e+06, 7.9218e-02
3.5312e+06, 7.8697e-02
3.5469e+06, 7.8181e-02
3.5625e+06, 7.7671e-02
3.5781e+06, 7.7167e-02
3.5938e+06, 7.6668e-02
3.6094e+06, 7.6174e-02
3.6250e+06, 7.5685e-02
3.6406e+06, 7.5202e-02
3.6562e+06, 7.4724e-02
3.6719e+06, 7.4251e-02
3.6875e+06, 7.3783e-02
3.7031e+06, 7.3320e-02
3.7188e+06, 7.2862e-02
3.7344e+06, 7.2408e-02
3.7500e+06, 7.1960e-02
3.7656e+06, 7.1515e-02
3.7812e+06, 7.1076e-02
3.7969e+06, 7.0641e-02
3.8125e+06, 7.0210e-02
3.8281e+06, 6.9784e-02
3.8438e+06, 6.9362e-02
3.8594e+06, 6.8944e-02
3.8750e+06, 6.8531e-02
3.8906e+06, 6.8121e-02
3.9062e+06, 6.7716e-02
3.9219e+06, 6.7315e-02
3.9375e+06, 6.6917e-02
3.9531e+06, 6.6524e-02
3.9688e+06, 6.6134e-02
3.9844e+06, 6.5748e-02
4.0000e+06, 6.5366e-02
4.0202e+06, 6.4457e-02
4.0403e+06, 6.3564e-02
4.0605e+06, 6.2689e-02
4.0806e+06, 6.1829e-02
4.1008e+06, 6.0986e-02
4.1209e+06, 6.0158e-02
4.1411e+06, 5.9345e-02
4.1612e+06, 5.8547e-02
4.1814e+06, 5.7764e-02
4.2016e+06, 5.6995e-02
4.2217e+06, 5.6239e-02
4.2419e+06, 5.5498e-02
4.2620e+06, 5.4769e-02
4.2822e+06, 5.4053e-02
4.3023e+06, 5.3350e-02
4.3225e+06, 5.2660e-02
4.3427e+06, 5.1981e-02
4.3628e+06, 5.1315e-02
4.3830e+06, 5.0659e-02
4.4031e+06, 5.0016e-02
4.4233e+06, 4.9383e-02
4.4434e+06, 4.8761e-02
4.4636e+06, 4.8150e-02
4.4837e+06, 4.7549e-02
4.5039e+06, 4.6958e-02
4.5241e+06, 4.6377e-02
4.5442e+06, 4.5806e-02
4.5644e+06, 4.5244e-02
4.5845e+06, 4.4692e-02
4.6047e+06, 4.4148e-02
4.6248e+06, 4.3614e-02
4.6450e+06, 4.3089e-02
4.6638e+06, 4.2606e-02
4.6826e+06, 4.2131e-02
4.7014e+06, 4.1663e-02
4.7202e+06, 4.1202e-02
4.7390e+06, 4.0748e-02
4.7578e+06, 4.0301e-02
4.7766e+06, 3.9860e-02
4.7954e+06, 3.9426e-02
4.8142e+06, 3.8999e-02
4.8330e+06, 3.8577e-02
4.8518e+06, 3.8162e-02
4.8706e+06, 3.7753e-02
4.8894e+06, 3.7349e-02
4.9082e+06, 3.6952e-02
4.9270e+06, 3.6560e-02
4.9458e+06, 3.6174e-02
4.9593e+06, 3.5899e-02
4.9729e+06, 3.5627e-02
4.9864e+06, 3.5358e-02
5.0000e+06, 3.5091e-02
5.0269e+06, 3.4392e-02
5.0538e+06, 3.3711e-02
5.0807e+06, 3.3047e-02
5.1076e+06, 3.2399e-02
5.1345e+06, 3.1767e-02
5.1614e+06, 3.1151e-02
5.1883e+06, 3.0550e-02
5.2152e+06, 2.9963e-02
5.2421e+06, 2.9391e-02
5.2690e+06, 2.8832e-02
5.2959e+06, 2.8287e-02
5.3227e+06, 2.7754e-02
5.3496e+06, 2.7235e-02
5.3765e+06, 2.6727e-02
5.4034e+06, 2.6232e-02
5.4303e+06, 2.5748e-02
5.4589e+06, 2.5246e-02
5.4875e+06, 2.4756e-02
5.5162e+06, 2.4278e-02
5.5448e+06, 2.3811e-02
5.5734e+06, 2.3356e-02
5.6020e+06, 2.2912e-02
5.6306e+06, 2.2479e-02
5.6592e+06, 2.2056e-02
5.6887e+06, 2.1630e-02
5.7182e+06, 2.1214e-02
5.7477e+06, 2.0809e-02
5.7772e+06, 2.0413e-02
5.8073e+06, 2.0019e-02
5.8374e+06, 1.9634e-02
5.8676e+06, 1.9259e-02
5.8977e+06, 1.8893e-02
5.9488e+06, 1.8291e-02
6.0000e+06, 1.7713e-02
6.0300e+06, 1.7315e-02
6.0601e+06, 1.6927e-02
6.0901e+06, 1.6550e-02
6.1202e+06, 1.6184e-02
6.1502e+06, 1.5827e-02
6.1803e+06, 1.5480e-02
6.2103e+06, 1.5142e-02
6.2404e+06, 1.4813e-02
6.2704e+06, 1.4492e-02
6.3005e+06, 1.4181e-02
6.3305e+06, 1.3877e-02
6.3606e+06, 1.3581e-02
6.3906e+06, 1.3293e-02
6.4206e+06, 1.3012e-02
6.4507e+06, 1.2738e-02
6.4807e+06, 1.2472e-02
6.5126e+06, 1.2197e-02
6.5444e+06, 1.1929e-02
6.5762e+06, 1.1668e-02
6.6081e+06, 1.1415e-02
6.6399e+06, 1.1168e-02
6.6717e+06, 1.0927e-02
6.7035e+06, 1.0693e-02
6.7354e+06, 1.0465e-02
6.7684e+06, 1.0234e-02
6.8015e+06, 1.0010e-02
6.8346e+06, 9.7911e-03
6.8677e+06, 9.5783e-03
6.9008e+06, 9.3711e-03
6.9338e+06, 9.1693e-03
6.9669e+06, 8.9728e-03
7.0000e+06, 8.7814e-03
7.0172e+06, 8.6743e-03
7.0344e+06, 8.5687e-03
7.0516e+06, 8.4647e-03
7.0688e+06, 8.3622e-03
7.0860e+06, 8.2611e-03
7.1033e+06, 8.1615e-03
7.1205e+06, 8.0634e-03
7.1377e+06, 7.9667e-03
7.1549e+06, 7.8713e-03
7.1721e+06, 7.7774e-03
7.1893e+06, 7.6847e-03
7.2065e+06, 7.5934e-03
7.2237e+06, 7.5034e-03
7.2409e+06, 7.4147e-03
7.2581e+06, 7.3272e-03
7.2753e+06, 7.2410e-03
7.2974e+06, 7.1320e-03
7.3196e+06, 7.0249e-03
7.3417e+06, 6.9198e-03
7.3638e+06, 6.8166e-03
7.3859e+06, 6.7152e-03
7.4080e+06, 6.6156e-03
7.4301e+06, 6.5177e-03
7.4522e+06, 6.4217e-03
7.4743e+06, 6.3272e-03
7.4964e+06, 6.2345e-03
7.5185e+06, 6.1434e-03
7.5406e+06, 6.0539e-03
7.5627e+06, 5.9659e-03
7.5849e+06, 5.8795e-03
7.6070e+06, 5.7946e-03
7.6291e+06, 5.7111e-03
7.6523e+06, 5.6251e-03
7.6754e+06, 5.5407e-03
7.6986e+06, 5.4578e-03
7.7218e+06, 5.3763e-03
7.7450e+06, 5.2964e-03
7.7682e+06, 5.2178e-03
7.7914e+06, 5.1406e-03
7.8145e+06, 5.0649e-03
7.8377e+06, 4.9904e-03
7.8609e+06, 4.9173e-03
7.8841e+06, 4.8454e-03
7.9073e+06, 4.7748e-03
7.9305e+06, 4.7054e-03
7.9536e+06, 4.6372e-03
7.9768e+06, 4.5702e-03
8.0000e+06, 4.5044e-03
8.0119e+06, 4.4740e-03
8.0238e+06, 4.4439e-03
8.0358e+06, 4.4140e-03
8.0477e+06, 4.3844e-03
8.0596e+06, 4.3550e-03
8.0715e+06, 4.3258e-03
8.0834e+06, 4.2969e-03
8.0953e+06, 4.2682e-03
8.1073e+06, 4.2398e-03
8.1192e+06, 4.2115e-03
8.1311e+06, 4.1836e-03
8.1430e+06, 4.1558e-03
8.1549e+06, 4.1283e-03
8.1669e+06, 4.1009e-03
8.1788e+06, 4.0738e-03
8.1907e+06, 4.0470e-03
8.2026e+06, 4.0203e-03
8.2145e+06, 3.9938e-03
8.2265e+06, 3.9676e-03
8.2384e+06, 3.9416e-03
8.2503e+06, 3.9158e-03
8.2622e+06, 3.8901e-03
8.2741e+06, 3.8647e-03
8.2860e+06, 3.8395e-03
8.2980e+06, 3.8145e-03
8.3099e+06, 3.7897e-03
8.3218e+06, 3.7651e-03
8.3337e+06, 3.7407e-03
8.3456e+06, 3.7165e-03
8.3576e+06, 3.6924e-03
8.3695e+06, 3.6686e-03
8.3814e+06, 3.6449e-03
8.3944e+06, 3.6194e-03
8.4074e+06, 3.5940e-03
8.4203e+06, 3.5689e-03
8.4333e+06, 3.5440e-03
8.4463e+06, 3.5193e-03
8.4593e+06, 3.4948e-03
8.4723e+06, 3.4705e-03
8.4853e+06, 3.4464e-03
8.5014e+06, 3.4221e-03
8.5174e+06, 3.3980e-03
8.5335e+06, 3.3742e-03
8.5496e+06, 3.3505e-03
8.5657e+06, 3.3271e-03
8.5818e+06, 3.3039e-03
8.5979e+06, 3.2808e-03
8.6140e+06, 3.2580e-03
8.6300e+06, 3.2354e-03
8.6461e+06, 3.2130e-03
8.6622e+06, 3.1907e-03
8.6783e+06, 3.1687e-03
8.6944e+06, 3.1469e-03
8.7105e+06, 3.1252e-03
8.7266e+06, 3.1037e-03
8.7426e+06, 3.0825e-03
8.7587e+06, 3.0614e-03
8.7748e+06, 3.0405e-03
8.7909e+06, 3.0197e-03
8.8070e+06, 2.9992e-03
8.8231e+06, 2.9788e-03
8.8392e+06, 2.9586e-03
8.8552e+06, 2.9386e-03
8.8713e+06, 2.9187e-03
8.8874e+06, 2.8991e-03
8.9035e+06, 2.8795e-03
8.9196e+06, 2.8602e-03
8.9357e+06, 2.8410e-03
8.9517e+06, 2.8220e-03
8.9678e+06, 2.8031e-03
8.9839e+06, 2.7844e-03
9.0000e+06, 2.7659e-03
9.0152e+06, 2.7511e-03
9.0304e+06, 2.7365e-03
9.0456e+06, 2.7219e-03
9.0609e+06, 2.7074e-03
9.0761e+06, 2.6931e-03
9.0913e+06, 2.6788e-03
9.1065e+06, 2.6647e-03
9.1217e+06, 2.6506e-03
9.1369e+06, 2.6366e-03
9.1521e+06, 2.6228e-03
9.1673e+06, 2.6090e-03
9.1826e+06, 2.5953e-03
9.1978e+06, 2.5817e-03
9.2130e+06, 2.5682e-03
9.2282e+06, 2.5549e-03
9.2434e+06, 2.5415e-03
9.2586e+06, 2.5283e-03
9.2738e+06, 2.5152e-03
9.2891e+06, 2.5022e-03
9.3043e+06, 2.4892e-03
9.3195e+06, 2.4764e-03
9.3347e+06, 2.4636e-03
9.3499e+06, 2.4509e-03
9.3651e+06, 2.4383e-03
9.3803e+06, 2.4258e-03
9.3956e+06, 2.4134e-03
9.4108e+06, 2.4010e-03
9.4260e+06, 2.3888e-03
9.4412e+06, 2.3766e-03
9.4564e+06, 2.3645e-03
9.4716e+06, 2.3525e-03
9.4868e+06, 2.3405e-03
9.5029e+06, 2.3315e-03
9.5189e+06, 2.3225e-03
9.5349e+06, 2.3135e-03
9.5510e+06, 2.3046e-03
9.5670e+06, 2.2957e-03
9.5830e+06, 2.2869e-03
9.5991e+06, 2.2781e-03
9.6151e+06, 2.2694e-03
9.6312e+06, 2.2607e-03
9.6472e+06, 2.2521e-03
9.6632e+06, 2.2435e-03
9.6793e+06, 2.2350e-03
9.6953e+06, 2.2265e-03
9.7113e+06, 2.2181e-03
9.7274e+06, 2.2097e-03
9.7434e+06, 2.2013e-03
9.7595e+06, 2.1930e-03
9.7755e+06, 2.1848e-03
9.7915e+06, 2.1766e-03
9.8076e+06, 2.1684e-03
9.8236e+06, 2.1603e-03
9.8396e+06, 2.1522e-03
9.8557e+06, 2.1441e-03
9.8717e+06, 2.1361e-03
9.8877e+06, 2.1282e-03
9.9038e+06, 2.1203e-03
9.9198e+06, 2.1124e-03
9.9359e+06, 2.1046e-03
9.9519e+06, 2.0968e-03
9.9679e+06, 2.0891e-03
9.9840e+06, 2.0814e-03
1.0000e+07, 2.0737e-03
1.0024e+07, 2.0578e-03
1.0047e+07, 2.0420e-03
1.0071e+07, 2.0264e-03
1.0094e+07, 2.0110e-03
1.0118e+07, 1.9957e-03
1.0142e+07, 1.9806e-03
1.0165e+07, 1.9656e-03
1.0189e+07, 1.9507e-03
1.0212e+07, 1.9360e-03
1.0236e+07, 1.9215e-03
1.0260e+07, 1.9071e-03
1.0283e+07, 1.8928e-03
1.0307e+07, 1.8787e-03
1.0330e+07, 1.8647e-03
1.0354e+07, 1.8508e-03
1.0378e+07, 1.8371e-03
1.0392e+07, 1.8291e-03
1.0405e+07, 1.8212e-03
1.0419e+07, 1.8134e-03
1.0433e+07, 1.8055e-03
1.0447e+07, 1.7978e-03
1.0460e+07, 1.7900e-03
1.0474e+07, 1.7823e-03
1.0488e+07, 1.7747e-03
1.0504e+07, 1.7681e-03
1.0520e+07, 1.7616e-03
1.0536e+07, 1.7551e-03
1.0552e+07, 1.7486e-03
1.0568e+07, 1.7422e-03
1.0584e+07, 1.7357e-03
1.0600e+07, 1.7294e-03
1.0616e+07, 1.7230e-03
1.0632e+07, 1.7167e-03
1.0648e+07, 1.7105e-03
1.0664e+07, 1.7042e-03
1.0680e+07, 1.6980e-03
1.0696e+07, 1.6918e-03
1.0712e+07, 1.6857e-03
1.0728e+07, 1.6796e-03
1.0744e+07, 1.6735e-03
1.0760e+07, 1.6675e-03
1.0776e+07, 1.6614e-03
1.0792e+07, 1.6554e-03
1.0808e+07, 1.6495e-03
1.0824e+07, 1.6436e-03
1.0840e+07, 1.6377e-03
1.0856e+07, 1.6318e-03
1.0872e+07, 1.6260e-03
1.0888e+07, 1.6202e-03
1.0904e+07, 1.6144e-03
1.0920e+07, 1.6086e-03
1.0936e+07, 1.6029e-03
1.0952e+07, 1.5972e-03
1.0968e+07, 1.5915e-03
1.0984e+07, 1.5859e-03
1.1000e+07, 1.5803e-03
1.1016e+07, 1.5754e-03
1.1031e+07, 1.5705e-03
1.1047e+07, 1.5657e-03
1.1062e+07, 1.5609e-03
1.1078e+07, 1.5561e-03
1.1094e+07, 1.5513e-03
1.1109e+07, 1.5465e-03
1.1125e+07, 1.5418e-03
1.1141e+07, 1.5371e-03
1.1156e+07, 1.5324e-03
1.1172e+07, 1.5277e-03
1.1188e+07, 1.5230e-03
1.1203e+07, 1.5184e-03
1.1219e+07, 1.5138e-03
1.1234e+07, 1.5092e-03
1.1250e+07, 1.5046e-03
1.1266e+07, 1.5001e-03
1.1281e+07, 1.4955e-03
1.1297e+07, 1.4910e-03
1.1312e+07, 1.4865e-03
1.1328e+07, 1.4821e-03
1.1344e+07, 1.4776e-03
1.1359e+07, 1.4732e-03
1.1375e+07, 1.4688e-03
1.1391e+07, 1.4644e-03
1.1406e+07, 1.4600e-03
1.1422e+07, 1.4556e-03
1.1438e+07, 1.4513e-03
1.1453e+07, 1.4470e-03
1.1469e+07, 1.4427e-03
1.1484e+07, 1.4384e-03
1.1500e+07, 1.4341e-03
1.1516e+07, 1.4299e-03
1.1531e+07, 1.4257e-03
1.1547e+07, 1.4214e-03
1.1562e+07, 1.4173e-03
1.1578e+07, 1.4131e-03
1.1594e+07, 1.4089e-03
1.1609e+07, 1.4048e-03
1.1625e+07, 1.4007e-03
1.1641e+07, 1.3966e-03
1.1656e+07, 1.3925e-03
1.1672e+07, 1.3884e-03
1.1688e+07, 1.3844e-03
1.1703e+07, 1.3803e-03
1.1719e+07, 1.3763e-03
1.1734e+07, 1.3723e-03
1.1750e+07, 1.3683e-03
1.1766e+07, 1.3644e-03
1.1781e+07, 1.3604e-03
1.1797e+07, 1.3565e-03
1.1812e+07, 1.3526e-03
1.1828e+07, 1.3487e-03
1.1844e+07, 1.3448e-03
1.1859e+07, 1.3409e-03
1.1875e+07, 1.3371e-03
1.1891e+07, 1.3333e-03
1.1906e+07, 1.3294e-03
1.1922e+07, 1.3256e-03
1.1938e+07, 1.3219e-03
1.1953e+07, 1.3181e-03
1.1969e+07, 1.3143e-03
1.1984e+07, 1.3106e-03
1.2000e+07, 1.3069e-03
1.2016e+07, 1.3038e-03
1.2031e+07, 1.3008e-03
1.2047e+07, 1.2978e-03
1.2062e+07, 1.2947e-03
1.2078e+07, 1.2917e-03
1.2094e+07, 1.2887e-03
1.2109e+07, 1.2858e-03
1.2125e+07, 1.2828e-03
1.2141e+07, 1.2798e-03
1.2156e+07, 1.2769e-03
1.2172e+07, 1.2739e-03
1.2188e+07, 1.2710e-03
1.2203e+07, 1.2681e-03
1.2219e+07, 1.2652e-03
1.2234e+07, 1.2623e-03
1.2250e+07, 1.2594e-03
1.2266e+07, 1.2565e-03
1.2281e+07, 1.2536e-03
1.2297e+07, 1.2508e-03
1.2312e+07, 1.2479e-03
1.2328e+07, 1.2451e-03
1.2344e+07, 1.2423e-03
1.2359e+07, 1.2395e-03
1.2375e+07, 1.2366e-03
1.2391e+07, 1.2338e-03
1.2406e+07, 1.2311e-03
1.2422e+07, 1.2283e-03
1.2438e+07, 1.2255e-03
1.2453e+07, 1.2228e-03
1.2469e+07, 1.2200e-03
1.2484e+07, 1.2173e-03
1.2500e+07, 1.2145e-03
1.2516e+07, 1.2118e-03
1.2531e+07, 1.2091e-03
1.2547e+07, 1.2064e-03
1.2562e+07, 1.2037e-03
1.2578e+07, 1.2010e-03
1.2594e+07, 1.1984e-03
1.2609e+07, 1.1957e-03
1.2625e+07, 1.1930e-03
1.2641e+07, 1.1904e-03
1.2656e+07, 1.1878e-03
1.2672e+07, 1.1851e-03
1.2688e+07, 1.1825e-03
1.2703e+07, 1.1799e-03
1.2719e+07, 1.1773e-03
1.2734e+07, 1.1747e-03
1.2750e+07, 1.1721e-03
1.2766e+07, 1.1696e-03
1.2781e+07, 1.1670e-03
1.2797e+07, 1.1644e-03
1.2812e+07, 1.1619e-03
1.2828e+07, 1.1593e-03
1.2844e+07, 1.1568e-03
1.2859e+07, 1.1543e-03
1.2875e+07, 1.1518e-03
1.2891e+07, 1.1493e-03
1.2906e+07, 1.1468e-03
1.2922e+07, 1.1443e-03
1.2938e+07, 1.1418e-03
1.2953e+07, 1.1393e-03
1.2969e+07, 1.1369e-03
1.2984e+07, 1.1344e-03
1.3000e+07, 1.1320e-03
1.3016e+07, 1.1307e-03
1.3031e+07, 1.1294e-03
1.3047e+07, 1.1281e-03
1.3062e+07, 1.1268e-03
1.3078e+07, 1.1255e-03
1.3094e+07, 1.1242e-03
1.3109e+07, 1.1229e-03
1.3125e+07, 1.1216e-03
1.3141e+07, 1.1204e-03
1.3156e+07, 1.1191e-03
1.3172e+07, 1.1178e-03
1.3188e+07, 1.1165e-03
1.3203e+07, 1.1153e-03
1.3219e+07, 1.1140e-03
1.3234e+07, 1.1127e-03
1.3250e+07, 1.1115e-03
1.3266e+07, 1.1102e-03
1.3281e+07, 1.1090e-03
1.3297e+07, 1.1077e-03
1.3312e+07, 1.1065e-03
1.3328e+07, 1.1052e-03
1.3344e+07, 1.1040e-03
1.3359e+07, 1.1028e-03
1.3375e+07, 1.1015e-03
1.3391e+07, 1.1003e-03
1.3406e+07, 1.0991e-03
1.3422e+07, 1.0978e-03
1.3438e+07, 1.0966e-03
1.3453e+07, 1.0954e-03
1.3469e+07, 1.0942e-03
1.3484e+07, 1.0929e-03
1.3500e+07, 1.0917e-03
1.3516e+07, 1.0905e-03
1.3531e+07, 1.0893e-03
1.3547e+07, 1.0881e-03
1.3562e+07, 1.0869e-03
1.3578e+07, 1.0857e-03
1.3594e+07, 1.0845e-03
1.3609e+07, 1.0833e-03
1.3625e+07, 1.0821e-03
1.3641e+07, 1.0809e-03
1.3656e+07, 1.0798e-03
1.3672e+07, 1.0786e-03
1.3688e+07, 1.0774e-03
1.3703e+07, 1.0762e-03
1.3719e+07, 1.0750e-03
1.3734e+07, 1.0739e-03
1.3750e+07, 1.0727e-03
1.3766e+07, 1.0715e-03
1.3781e+07, 1.0704e-03
1.3797e+07, 1.0692e-03
1.3812e+07, 1.0680e-03
1.3828e+07, 1.0669e-03
1.3844e+07, 1.0657e-03
1.3859e+07, 1.0646e-03
1.3875e+07, 1.0634e-03
1.3891e+07, 1.0623e-03
1.3906e+07, 1.0611e-03
1.3922e+07, 1.0600e-03
1.3938e+07, 1.0588e-03
1.3953e+07, 1.0577e-03
1.3969e+07, 1.0566e-03
1.3984e+07, 1.0554e-03
1.4000e+07, 1.0543e-03
1.4031e+07, 1.0536e-03
1.4062e+07, 1.0529e-03
1.4094e+07, 1.0521e-03
1.4125e+07, 1.0514e-03
1.4156e+07, 1.0507e-03
1.4188e+07, 1.0500e-03
1.4219e+07, 1.0493e-03
1.4250e+07, 1.0485e-03
1.4281e+07, 1.0478e-03
1.4312e+07, 1.0471e-03
1.4344e+07, 1.0464e-03
1.4375e+07, 1.0457e-03
1.4406e+07, 1.0450e-03
1.4438e+07, 1.0443e-03
1.4469e+07, 1.0436e-03
1.4500e+07, 1.0429e-03
1.4530e+07, 1.0422e-03
1.4559e+07, 1.0416e-03
1.4589e+07, 1.0409e-03
1.4619e+07, 1.0403e-03
1.4642e+07, 1.0397e-03
1.4666e+07, 1.0392e-03
1.4690e+07, 1.0387e-03
1.4714e+07, 1.0382e-03
1.4738e+07, 1.0376e-03
1.4762e+07, 1.0371e-03
1.4785e+07, 1.0366e-03
1.4809e+07, 1.0361e-03
1.4833e+07, 1.0356e-03
1.4857e+07, 1.0351e-03
1.4881e+07, 1.0345e-03
1.4905e+07, 1.0340e-03
1.4928e+07, 1.0335e-03
1.4952e+07, 1.0330e-03
1.4976e+07, 1.0325e-03
1.5000e+07, 1.0320e-03
1.5052e+07, 1.0323e-03
1.5104e+07, 1.0325e-03
1.5156e+07, 1.0328e-03
1.5208e+07, 1.0331e-03
1.5260e+07, 1.0333e-03
1.5312e+07, 1.0336e-03
1.5364e+07, 1.0339e-03
1.5416e+07, 1.0341e-03
1.5468e+07, 1.0344e-03
1.5520e+07, 1.0347e-03
1.5572e+07, 1.0349e-03
1.5625e+07, 1.0352e-03
1.5677e+07, 1.0355e-03
1.5729e+07, 1.0357e-03
1.5781e+07, 1.0360e-03
1.5833e+07, 1.0362e-03
1.5875e+07, 1.0364e-03
1.5916e+07, 1.0366e-03
1.5958e+07, 1.0369e-03
1.6000e+07, 1.0371e-03
1.6062e+07, 1.0385e-03
1.6125e+07, 1.0399e-03
1.6188e+07, 1.0413e-03
1.6250e+07, 1.0428e-03
1.6312e+07, 1.0442e-03
1.6375e+07, 1.0456e-03
1.6438e+07, 1.0470e-03
1.6500e+07, 1.0484e-03
1.6562e+07, 1.0498e-03
1.6625e+07, 1.0512e-03
1.6688e+07, 1.0526e-03
1.6750e+07, 1.0540e-03
1.6812e+07, 1.0554e-03
1.6875e+07, 1.0567e-03
1.6938e+07, 1.0581e-03
1.7000e+07, 1.0595e-03
1.7016e+07, 1.0601e-03
1.7031e+07, 1.0606e-03
1.7047e+07, 1.0612e-03
1.7062e+07, 1.0617e-03
1.7078e+07, 1.0623e-03
1.7094e+07, 1.0628e-03
1.7109e+07, 1.0633e-03
1.7125e+07, 1.0639e-03
1.7141e+07, 1.0644e-03
1.7156e+07, 1.0650e-03
1.7172e+07, 1.0655e-03
1.7188e+07, 1.0661e-03
1.7203e+07, 1.0666e-03
1.7219e+07, 1.0672e-03
1.7234e+07, 1.0677e-03
1.7250e+07, 1.0683e-03
1.7266e+07, 1.0688e-03
1.7281e+07, 1.0694e-03
1.7297e+07, 1.0699e-03
1.7312e+07, 1.0705e-03
1.7328e+07, 1.0710e-03
1.7344e+07, 1.0716e-03
1.7359e+07, 1.0721e-03
1.7375e+07, 1.0727e-03
1.7391e+07, 1.0732e-03
1.7406e+07, 1.0737e-03
1.7422e+07, 1.0743e-03
1.7438e+07, 1.0748e-03
1.7453e+07, 1.0754e-03
1.7469e+07, 1.0759e-03
1.7484e+07, 1.0765e-03
1.7500e+07, 1.0770e-03
1.7516e+07, 1.0776e-03
1.7531e+07, 1.0781e-03
1.7547e+07, 1.0786e-03
1.7562e+07, 1.0792e-03
1.7578e+07, 1.0797e-03
1.7594e+07, 1.0803e-03
1.7609e+07, 1.0808e-03
1.7625e+07, 1.0814e-03
1.7641e+07, 1.0819e-03
1.7656e+07, 1.0824e-03
1.7672e+07, 1.0830e-03
1.7688e+07, 1.0835e-03
1.7703e+07, 1.0841e-03
1.7719e+07, 1.0846e-03
1.7734e+07, 1.0851e-03
1.7750e+07, 1.0857e-03
1.7766e+07, 1.0862e-03
1.7781e+07, 1.0868e-03
1.7797e+07, 1.0873e-03
1.7812e+07, 1.0878e-03
1.7828e+07, 1.0884e-03
1.7844e+07, 1.0889e-03
1.7859e+07, 1.0895e-03
1.7875e+07, 1.0900e-03
1.7891e+07, 1.0905e-03
1.7906e+07, 1.0911e-03
1.7922e+07, 1.0916e-03
1.7938e+07, 1.0922e-03
1.7953e+07, 1.0927e-03
1.7969e+07, 1.0932e-03
1.7984e+07, 1.0938e-03
1.8000e+07, 1.0943e-03
1.8036e+07, 1.0959e-03
1.8051e+07, 1.0966e-03
1.8066e+07, 1.0973e-03
1.8081e+07, 1.0980e-03
1.8096e+07, 1.0987e-03
1.8111e+07, 1.0994e-03
1.8126e+07, 1.1000e-03
1.8141e+07, 1.1007e-03
1.8156e+07, 1.1014e-03
1.8171e+07, 1.1021e-03
1.8186e+07, 1.1028e-03
1.8201e+07, 1.1035e-03
1.8217e+07, 1.1042e-03
1.8232e+07, 1.1048e-03
1.8247e+07, 1.1055e-03
1.8262e+07, 1.1062e-03
1.8277e+07, 1.1069e-03
1.8292e+07, 1.1076e-03
1.8307e+07, 1.1083e-03
1.8322e+07, 1.1089e-03
1.8337e+07, 1.1096e-03
1.8352e+07, 1.1103e-03
1.8367e+07, 1.1110e-03
1.8382e+07, 1.1117e-03
1.8397e+07, 1.1124e-03
1.8412e+07, 1.1130e-03
1.8427e+07, 1.1137e-03
1.8443e+07, 1.1144e-03
1.8458e+07, 1.1151e-03
1.8473e+07, 1.1158e-03
1.8488e+07, 1.1165e-03
1.8503e+07, 1.1171e-03
1.8518e+07, 1.1178e-03
1.8533e+07, 1.1185e-03
1.8548e+07, 1.1192e-03
1.8563e+07, 1.1199e-03
1.8578e+07, 1.1205e-03
1.8593e+07, 1.1212e-03
1.8608e+07, 1.1219e-03
1.8623e+07, 1.1226e-03
1.8638e+07, 1.1233e-03
1.8653e+07, 1.1240e-03
1.8669e+07, 1.1246e-03
1.8684e+07, 1.1253e-03
1.8699e+07, 1.1260e-03
1.8714e+07, 1.1267e-03
1.8729e+07, 1.1274e-03
1.8744e+07, 1.1280e-03
1.8759e+07, 1.1287e-03
1.8774e+07, 1.1294e-03
1.8789e+07, 1.1301e-03
1.8804e+07, 1.1308e-03
1.8819e+07, 1.1314e-03
1.8834e+07, 1.1321e-03
1.8849e+07, 1.1328e-03
1.8864e+07, 1.1335e-03
1.8879e+07, 1.1341e-03
1.8895e+07, 1.1348e-03
1.8910e+07, 1.1355e-03
1.8925e+07, 1.1362e-03
1.8940e+07, 1.1369e-03
1.8955e+07, 1.1375e-03
1.8970e+07, 1.1382e-03
1.8985e+07, 1.1389e-03
1.9000e+07, 1.1396e-03
1.9016e+07, 1.1404e-03
1.9031e+07, 1.1413e-03
1.9047e+07, 1.1421e-03
1.9062e+07, 1.1430e-03
1.9078e+07, 1.1438e-03
1.9094e+07, 1.1447e-03
1.9109e+07, 1.1455e-03
1.9125e+07, 1.1464e-03
1.9141e+07, 1.1472e-03
1.9156e+07, 1.1481e-03
1.9172e+07, 1.1489e-03
1.9188e+07, 1.1498e-03
1.9203e+07, 1.1506e-03
1.9219e+07, 1.1515e-03
1.9234e+07, 1.1523e-03
1.9250e+07, 1.1532e-03
1.9266e+07, 1.1540e-03
1.9281e+07, 1.1549e-03
1.9297e+07, 1.1557e-03
1.9312e+07, 1.1566e-03
1.9328e+07, 1.1574e-03
1.9344e+07, 1.1583e-03
1.9359e+07, 1.1591e-03
1.9375e+07, 1.1599e-03
1.9391e+07, 1.1608e-03
1.9406e+07, 1.1616e-03
1.9422e+07, 1.1625e-03
1.9438e+07, 1.1633e-03
1.9453e+07, 1.1642e-03
1.9469e+07, 1.1650e-03
1.9484e+07, 1.1659e-03
1.9500e+07, 1.1667e-03
1.9516e+07, 1.1676e-03
1.9531e+07, 1.1684e-03
1.9547e+07, 1.1693e-03
1.9562e+07, 1.1701e-03
1.9578e+07, 1.1710e-03
1.9594e+07, 1.1718e-03
1.9609e+07, 1.1727e-03
1.9625e+07, 1.1735e-03
1.9641e+07, 1.1744e-03
1.9656e+07, 1.1752e-03
1.9672e+07, 1.1761e-03
1.9688e+07, 1.1769e-03
1.9703e+07, 1.1777e-03
1.9719e+07, 1.1786e-03
1.9734e+07, 1.1794e-03
1.9750e+07, 1.1803e-03
1.9766e+07, 1.1811e-03
1.9781e+07, 1.1820e-03
1.9797e+07, 1.1828e-03
1.9812e+07, 1.1837e-03
1.9828e+07, 1.1845e-03
1.9844e+07, 1.1854e-03
1.9859e+07, 1.1862e-03
1.9875e+07, 1.1871e-03
1.9891e+07, 1.1879e-03
1.9906e+07, 1.1888e-03
1.9922e+07, 1.1896e-03
1.9938e+07, 1.1904e-03
1.9953e+07, 1.1913e-03
1.9969e+07, 1.1921e-03
1.9984e+07, 1.1930e-03
2.0000e+07, 1.1938e-03
