ebin, xs
1.0000e-05, 9.8229e+00
1.0625e-05, 9.5296e+00
1.1250e-05, 9.2611e+00
1.1875e-05, 9.0141e+00
1.2500e-05, 8.7859e+00
1.3750e-05, 8.3770e+00
1.5000e-05, 8.0204e+00
1.6250e-05, 7.7057e+00
1.7500e-05, 7.4254e+00
1.8750e-05, 7.1736e+00
2.0000e-05, 6.9459e+00
2.1875e-05, 6.6415e+00
2.3750e-05, 6.3740e+00
2.5625e-05, 6.1363e+00
2.7500e-05, 5.9234e+00
2.9375e-05, 5.7313e+00
3.1250e-05, 5.5567e+00
3.3125e-05, 5.3971e+00
3.5000e-05, 5.2506e+00
3.8750e-05, 4.9900e+00
4.2500e-05, 4.7648e+00
4.6250e-05, 4.5676e+00
5.0000e-05, 4.3929e+00
5.3125e-05, 4.2618e+00
5.6250e-05, 4.1417e+00
5.9375e-05, 4.0312e+00
6.2500e-05, 3.9292e+00
6.8750e-05, 3.7463e+00
7.5000e-05, 3.5868e+00
8.1250e-05, 3.4461e+00
8.7500e-05, 3.3208e+00
9.3750e-05, 3.2082e+00
1.0000e-04, 3.1063e+00
1.0625e-04, 3.0135e+00
1.1250e-04, 2.9286e+00
1.1875e-04, 2.8505e+00
1.2500e-04, 2.7783e+00
1.3750e-04, 2.6490e+00
1.5000e-04, 2.5363e+00
1.6250e-04, 2.4368e+00
1.7500e-04, 2.3481e+00
1.8750e-04, 2.2685e+00
2.0000e-04, 2.1965e+00
2.1875e-04, 2.1002e+00
2.3750e-04, 2.0156e+00
2.5625e-04, 1.9405e+00
2.7500e-04, 1.8732e+00
2.9375e-04, 1.8124e+00
3.1250e-04, 1.7572e+00
3.3125e-04, 1.7067e+00
3.5000e-04, 1.6604e+00
3.8750e-04, 1.5780e+00
4.2500e-04, 1.5068e+00
4.6250e-04, 1.4444e+00
5.0000e-04, 1.3892e+00
5.3125e-04, 1.3477e+00
5.6250e-04, 1.3097e+00
5.9375e-04, 1.2748e+00
6.2500e-04, 1.2425e+00
6.8750e-04, 1.1847e+00
7.5000e-04, 1.1342e+00
8.1250e-04, 1.0897e+00
8.7500e-04, 1.0501e+00
9.3750e-04, 1.0145e+00
1.0000e-03, 9.8228e-01
1.0625e-03, 9.5295e-01
1.1250e-03, 9.2610e-01
1.1875e-03, 9.0140e-01
1.2500e-03, 8.7858e-01
1.3750e-03, 8.3769e-01
1.5000e-03, 8.0203e-01
1.6250e-03, 7.7056e-01
1.7500e-03, 7.4253e-01
1.8750e-03, 7.1735e-01
2.0000e-03, 6.9458e-01
2.1875e-03, 6.6414e-01
2.3750e-03, 6.3739e-01
2.5625e-03, 6.1363e-01
2.7500e-03, 5.9234e-01
2.9375e-03, 5.7312e-01
3.1250e-03, 5.5566e-01
3.3125e-03, 5.3971e-01
3.5000e-03, 5.2505e-01
3.8750e-03, 4.9900e-01
4.2500e-03, 4.7647e-01
4.6250e-03, 4.5675e-01
5.0000e-03, 4.3928e-01
5.3125e-03, 4.2616e-01
5.6250e-03, 4.1415e-01
5.9375e-03, 4.0311e-01
6.2500e-03, 3.9290e-01
6.8750e-03, 3.7461e-01
7.5000e-03, 3.5866e-01
8.1250e-03, 3.4458e-01
8.7500e-03, 3.3204e-01
9.3750e-03, 3.2077e-01
1.0000e-02, 3.1059e-01
1.0625e-02, 3.0131e-01
1.1250e-02, 2.9282e-01
1.1875e-02, 2.8502e-01
1.2500e-02, 2.7780e-01
1.3750e-02, 2.6488e-01
1.5000e-02, 2.5360e-01
1.6250e-02, 2.4364e-01
1.7500e-02, 2.3477e-01
1.8750e-02, 2.2680e-01
2.0000e-02, 2.1959e-01
2.1325e-02, 2.1265e-01
2.2650e-02, 2.0634e-01
2.3975e-02, 2.0055e-01
2.5300e-02, 1.9524e-01
2.6844e-02, 1.8955e-01
2.8387e-02, 1.8433e-01
3.1475e-02, 1.7507e-01
3.4563e-02, 1.6706e-01
3.7650e-02, 1.6005e-01
4.0738e-02, 1.5385e-01
4.3825e-02, 1.4832e-01
4.6913e-02, 1.4335e-01
5.0000e-02, 1.3885e-01
5.3125e-02, 1.3469e-01
5.6250e-02, 1.3090e-01
5.9375e-02, 1.2741e-01
6.2500e-02, 1.2419e-01
6.8750e-02, 1.1842e-01
7.5000e-02, 1.1337e-01
8.1250e-02, 1.0891e-01
8.7500e-02, 1.0493e-01
9.3750e-02, 1.0137e-01
1.0000e-01, 9.8139e-02
1.0625e-01, 9.5201e-02
1.1250e-01, 9.2513e-02
1.1875e-01, 9.0045e-02
1.2500e-01, 8.7772e-02
1.3750e-01, 8.3690e-02
1.5000e-01, 8.0113e-02
1.6250e-01, 7.6958e-02
1.7500e-01, 7.4147e-02
1.8750e-01, 7.1624e-02
2.0000e-01, 6.9349e-02
2.1875e-01, 6.6305e-02
2.3750e-01, 6.3620e-02
2.5625e-01, 6.1236e-02
2.7500e-01, 5.9100e-02
2.9375e-01, 5.7172e-02
3.1250e-01, 5.5420e-02
3.3125e-01, 5.3820e-02
3.5000e-01, 5.2360e-02
3.8750e-01, 4.9755e-02
4.2500e-01, 4.7491e-02
5.0000e-01, 4.3761e-02
6.2500e-01, 3.9102e-02
7.5000e-01, 3.5654e-02
8.7500e-01, 3.2980e-02
1.0000e+00, 3.0823e-02
1.2500e+00, 2.7508e-02
1.5000e+00, 2.5059e-02
1.7500e+00, 2.3155e-02
2.0000e+00, 2.1617e-02
2.3750e+00, 1.9778e-02
2.7500e+00, 1.8327e-02
3.1250e+00, 1.7139e-02
3.5000e+00, 1.6146e-02
4.2500e+00, 1.4565e-02
5.0000e+00, 1.3349e-02
6.2500e+00, 1.1823e-02
7.5000e+00, 1.0687e-02
8.7500e+00, 9.7993e-03
1.0000e+01, 9.0786e-03
1.1250e+01, 8.4771e-03
1.2500e+01, 7.9652e-03
1.5000e+01, 7.1340e-03
1.7500e+01, 6.4818e-03
2.0000e+01, 5.9511e-03
2.3750e+01, 5.3121e-03
2.7500e+01, 4.8040e-03
3.1250e+01, 4.3867e-03
3.5000e+01, 4.0363e-03
3.8750e+01, 3.7368e-03
4.2500e+01, 3.4770e-03
5.0000e+01, 3.0470e-03
5.6250e+01, 2.7566e-03
6.2500e+01, 2.5113e-03
6.8750e+01, 2.3013e-03
7.5000e+01, 2.1192e-03
8.7500e+01, 1.8193e-03
1.0000e+02, 1.5823e-03
1.1250e+02, 1.3906e-03
1.2500e+02, 1.2327e-03
1.3750e+02, 1.1007e-03
1.5000e+02, 9.8906e-04
1.6250e+02, 8.9357e-04
1.7500e+02, 8.1120e-04
1.8750e+02, 7.3961e-04
2.0000e+02, 6.7697e-04
2.1875e+02, 5.9669e-04
2.3750e+02, 5.2958e-04
2.5625e+02, 4.7291e-04
2.7500e+02, 4.2462e-04
3.1250e+02, 3.4729e-04
3.5000e+02, 2.8874e-04
3.8750e+02, 2.4343e-04
4.2500e+02, 2.0770e-04
5.0000e+02, 1.5585e-04
5.6250e+02, 1.2593e-04
6.2500e+02, 1.0387e-04
7.5000e+02, 7.4901e-05
8.7500e+02, 5.9620e-05
9.3750e+02, 5.7446e-05
1.0000e+03, 6.3907e-05
1.0307e+03, 7.6703e-05
1.0461e+03, 8.9580e-05
1.0614e+03, 1.1190e-04
1.0691e+03, 1.2595e-04
1.0768e+03, 1.5448e-04
1.0922e+03, 2.3469e-04
1.0999e+03, 3.2050e-04
1.1075e+03, 4.6026e-04
1.1114e+03, 5.8249e-04
1.1152e+03, 7.6453e-04
1.1191e+03, 1.0527e-03
1.1229e+03, 1.5382e-03
1.1265e+03, 2.4141e-03
1.1282e+03, 3.1830e-03
1.1300e+03, 4.3922e-03
1.1318e+03, 6.3350e-03
1.1327e+03, 7.8809e-03
1.1336e+03, 1.0129e-02
1.1345e+03, 1.3477e-02
1.1354e+03, 1.8789e-02
1.1358e+03, 2.2805e-02
1.1363e+03, 2.8338e-02
1.1367e+03, 3.6272e-02
1.1372e+03, 4.8449e-02
1.1374e+03, 6.0149e-02
1.1377e+03, 7.9155e-02
1.1378e+03, 9.4447e-02
1.1380e+03, 1.1719e-01
1.1381e+03, 1.5254e-01
1.1383e+03, 2.0899e-01
1.1383e+03, 2.4940e-01
1.1384e+03, 3.0076e-01
1.1385e+03, 3.6588e-01
1.1385e+03, 4.4675e-01
1.1386e+03, 5.4960e-01
1.1387e+03, 6.7582e-01
1.1387e+03, 8.3411e-01
1.1388e+03, 1.0253e+00
1.1389e+03, 1.2610e+00
1.1389e+03, 1.5404e+00
1.1390e+03, 1.8781e+00
1.1391e+03, 2.2704e+00
1.1392e+03, 2.7343e+00
1.1392e+03, 3.2611e+00
1.1393e+03, 3.8699e+00
1.1394e+03, 4.5446e+00
1.1394e+03, 5.4094e+00
1.1395e+03, 6.3542e+00
1.1397e+03, 8.4745e+00
1.1400e+03, 1.3098e+01
1.1401e+03, 1.4828e+01
1.1402e+03, 1.6208e+01
1.1404e+03, 1.7126e+01
1.1404e+03, 1.7425e+01
1.1405e+03, 1.7479e+01
1.1406e+03, 1.7389e+01
1.1407e+03, 1.7009e+01
1.1407e+03, 1.6487e+01
1.1408e+03, 1.5804e+01
1.1410e+03, 1.4034e+01
1.1411e+03, 1.1912e+01
1.1413e+03, 8.7454e+00
1.1414e+03, 7.2509e+00
1.1415e+03, 5.8853e+00
1.1416e+03, 4.6795e+00
1.1417e+03, 4.1369e+00
1.1417e+03, 3.6484e+00
1.1418e+03, 3.1949e+00
1.1418e+03, 2.7925e+00
1.1419e+03, 2.4309e+00
1.1419e+03, 2.1079e+00
1.1420e+03, 1.7302e+00
1.1421e+03, 1.4122e+00
1.1421e+03, 1.2000e+00
1.1422e+03, 1.0175e+00
1.1422e+03, 8.6132e-01
1.1423e+03, 7.3077e-01
1.1424e+03, 6.1814e-01
1.1424e+03, 5.2493e-01
1.1425e+03, 4.4528e-01
1.1425e+03, 3.7994e-01
1.1426e+03, 2.7857e-01
1.1427e+03, 2.0971e-01
1.1428e+03, 1.6258e-01
1.1430e+03, 1.3017e-01
1.1431e+03, 1.0742e-01
1.1432e+03, 9.1374e-02
1.1434e+03, 7.0600e-02
1.1436e+03, 5.7753e-02
1.1438e+03, 4.8795e-02
1.1443e+03, 3.6689e-02
1.1447e+03, 2.8796e-02
1.1451e+03, 2.3247e-02
1.1456e+03, 1.9204e-02
1.1464e+03, 1.4070e-02
1.1472e+03, 1.0772e-02
1.1489e+03, 6.8763e-03
1.1505e+03, 4.8604e-03
1.1521e+03, 3.5557e-03
1.1554e+03, 2.1601e-03
1.1587e+03, 1.4616e-03
1.1620e+03, 1.0696e-03
1.1653e+03, 8.1252e-04
1.1719e+03, 5.1281e-04
1.1776e+03, 3.7972e-04
1.1833e+03, 2.9566e-04
1.1948e+03, 1.9356e-04
1.2177e+03, 1.1339e-04
1.2406e+03, 7.9386e-05
1.2635e+03, 6.2039e-05
1.3094e+03, 4.6592e-05
1.3552e+03, 4.0142e-05
1.4268e+03, 3.7825e-05
1.4871e+03, 4.2209e-05
1.5475e+03, 5.8065e-05
1.5777e+03, 7.5043e-05
1.6079e+03, 1.1150e-04
1.6230e+03, 1.4462e-04
1.6381e+03, 2.0445e-04
1.6531e+03, 3.0969e-04
1.6607e+03, 4.0021e-04
1.6682e+03, 5.3880e-04
1.6775e+03, 8.4661e-04
1.6821e+03, 1.1159e-03
1.6867e+03, 1.5448e-03
1.6913e+03, 2.2879e-03
1.6959e+03, 3.6529e-03
1.6982e+03, 4.9022e-03
1.7005e+03, 6.9338e-03
1.7028e+03, 1.0406e-02
1.7040e+03, 1.3328e-02
1.7051e+03, 1.7714e-02
1.7059e+03, 2.1755e-02
1.7066e+03, 2.7328e-02
1.7073e+03, 3.5345e-02
1.7081e+03, 4.7727e-02
1.7084e+03, 5.6738e-02
1.7088e+03, 6.8870e-02
1.7092e+03, 8.6385e-02
1.7095e+03, 1.1600e-01
1.7097e+03, 1.4142e-01
1.7099e+03, 1.8162e-01
1.7101e+03, 2.4948e-01
1.7102e+03, 3.0009e-01
1.7103e+03, 3.6600e-01
1.7104e+03, 4.5368e-01
1.7105e+03, 5.6887e-01
1.7105e+03, 7.1938e-01
1.7106e+03, 9.1226e-01
1.7107e+03, 1.1628e+00
1.7108e+03, 1.4783e+00
1.7109e+03, 1.6678e+00
1.7109e+03, 1.8800e+00
1.7110e+03, 2.1170e+00
1.7110e+03, 2.3748e+00
1.7111e+03, 2.8318e+00
1.7111e+03, 3.3635e+00
1.7112e+03, 3.9776e+00
1.7113e+03, 4.6814e+00
1.7114e+03, 5.4815e+00
1.7114e+03, 6.3836e+00
1.7115e+03, 7.3922e+00
1.7116e+03, 8.4933e+00
1.7116e+03, 9.7196e+00
1.7117e+03, 1.1054e+01
1.7118e+03, 1.4030e+01
1.7120e+03, 1.7350e+01
1.7121e+03, 2.0868e+01
1.7123e+03, 2.6645e+01
1.7125e+03, 2.9321e+01
1.7126e+03, 3.1664e+01
1.7127e+03, 3.3327e+01
1.7128e+03, 3.4625e+01
1.7129e+03, 3.5568e+01
1.7129e+03, 3.5922e+01
1.7130e+03, 3.5987e+01
1.7131e+03, 3.5894e+01
1.7131e+03, 3.5550e+01
1.7133e+03, 3.4390e+01
1.7134e+03, 3.2864e+01
1.7135e+03, 3.0923e+01
1.7136e+03, 2.8232e+01
1.7137e+03, 2.5262e+01
1.7140e+03, 1.8988e+01
1.7141e+03, 1.4914e+01
1.7142e+03, 1.3045e+01
1.7143e+03, 1.1308e+01
1.7144e+03, 9.6968e+00
1.7145e+03, 8.2583e+00
1.7145e+03, 6.9742e+00
1.7146e+03, 5.8422e+00
1.7147e+03, 4.8451e+00
1.7148e+03, 3.9977e+00
1.7149e+03, 3.2764e+00
1.7150e+03, 2.6691e+00
1.7150e+03, 2.1631e+00
1.7151e+03, 1.7458e+00
1.7152e+03, 1.4048e+00
1.7153e+03, 1.1287e+00
1.7154e+03, 9.3613e-01
1.7154e+03, 7.7948e-01
1.7155e+03, 6.5072e-01
1.7156e+03, 5.4533e-01
1.7156e+03, 4.5942e-01
1.7157e+03, 3.8958e-01
1.7158e+03, 2.8701e-01
1.7160e+03, 2.1959e-01
1.7161e+03, 1.7489e-01
1.7163e+03, 1.4462e-01
1.7164e+03, 1.2346e-01
1.7167e+03, 9.6245e-02
1.7170e+03, 7.9298e-02
1.7175e+03, 5.8032e-02
1.7182e+03, 4.2165e-02
1.7189e+03, 3.2218e-02
1.7196e+03, 2.5478e-02
1.7203e+03, 2.0646e-02
1.7217e+03, 1.4395e-02
1.7231e+03, 1.0735e-02
1.7245e+03, 8.2126e-03
1.7259e+03, 6.4947e-03
1.7287e+03, 4.3526e-03
1.7315e+03, 3.1558e-03
1.7343e+03, 2.4059e-03
1.7399e+03, 1.4910e-03
1.7447e+03, 1.0784e-03
1.7495e+03, 8.2211e-04
1.7590e+03, 5.2360e-04
1.7685e+03, 3.6465e-04
1.7781e+03, 2.7012e-04
1.7971e+03, 1.7172e-04
1.8162e+03, 1.1805e-04
1.8352e+03, 8.7921e-05
1.8543e+03, 6.9279e-05
1.8924e+03, 4.8407e-05
1.9462e+03, 3.5019e-05
2.0000e+03, 2.8464e-05
2.0587e+03, 2.6533e-05
2.0982e+03, 2.9787e-05
2.1179e+03, 3.1599e-05
2.1377e+03, 3.8247e-05
2.1574e+03, 4.9028e-05
2.1771e+03, 7.4376e-05
2.1870e+03, 1.0196e-04
2.1969e+03, 1.5251e-04
2.2067e+03, 2.6511e-04
2.2117e+03, 3.8424e-04
2.2166e+03, 6.1440e-04
2.2205e+03, 9.8092e-04
2.2225e+03, 1.3096e-03
2.2244e+03, 1.8528e-03
2.2264e+03, 2.8276e-03
2.2273e+03, 3.6121e-03
2.2283e+03, 4.7954e-03
2.2293e+03, 6.7554e-03
2.2303e+03, 1.0359e-02
2.2307e+03, 1.3663e-02
2.2312e+03, 2.0399e-02
2.2315e+03, 2.7499e-02
2.2317e+03, 4.0690e-02
2.2320e+03, 6.5947e-02
2.2322e+03, 1.1364e-01
2.2323e+03, 1.5767e-01
2.2325e+03, 2.1912e-01
2.2326e+03, 3.0330e-01
2.2328e+03, 4.1627e-01
2.2329e+03, 5.6460e-01
2.2330e+03, 7.5487e-01
2.2332e+03, 9.9302e-01
2.2333e+03, 1.2813e+00
2.2335e+03, 1.6258e+00
2.2336e+03, 2.0236e+00
2.2337e+03, 2.4692e+00
2.2339e+03, 2.9524e+00
2.2342e+03, 3.9677e+00
2.2344e+03, 4.9006e+00
2.2346e+03, 5.3709e+00
2.2348e+03, 5.6818e+00
2.2349e+03, 5.7832e+00
2.2350e+03, 5.8059e+00
2.2350e+03, 5.8063e+00
2.2350e+03, 5.8018e+00
2.2351e+03, 5.7888e+00
2.2352e+03, 5.7077e+00
2.2353e+03, 5.4967e+00
2.2355e+03, 5.1821e+00
2.2357e+03, 4.5686e+00
2.2359e+03, 3.8499e+00
2.2361e+03, 2.9683e+00
2.2362e+03, 2.5448e+00
2.2364e+03, 2.1514e+00
2.2365e+03, 1.7891e+00
2.2366e+03, 1.4684e+00
2.2367e+03, 1.1861e+00
2.2368e+03, 9.4668e-01
2.2370e+03, 7.4436e-01
2.2371e+03, 5.7939e-01
2.2372e+03, 4.4513e-01
2.2373e+03, 3.3955e-01
2.2374e+03, 2.5653e-01
2.2376e+03, 1.9334e-01
2.2377e+03, 1.4516e-01
2.2378e+03, 1.0950e-01
2.2381e+03, 6.3778e-02
2.2383e+03, 3.9653e-02
2.2385e+03, 2.7001e-02
2.2388e+03, 2.0149e-02
2.2393e+03, 1.3574e-02
2.2398e+03, 1.0330e-02
2.2406e+03, 7.2458e-03
2.2413e+03, 5.3968e-03
2.2429e+03, 3.3773e-03
2.2445e+03, 2.3230e-03
2.2461e+03, 1.6874e-03
2.2477e+03, 1.2837e-03
2.2493e+03, 1.0124e-03
2.2525e+03, 6.9137e-04
2.2557e+03, 4.9355e-04
2.2588e+03, 3.7125e-04
2.2652e+03, 2.3551e-04
2.2737e+03, 1.4895e-04
2.2822e+03, 1.0452e-04
2.2906e+03, 7.8681e-05
2.2991e+03, 6.3107e-05
2.3161e+03, 4.3982e-05
2.3330e+03, 3.4342e-05
2.3670e+03, 2.4014e-05
2.4009e+03, 1.9196e-05
2.4687e+03, 1.4951e-05
2.5366e+03, 1.3040e-05
2.6572e+03, 1.1947e-05
2.7740e+03, 1.2533e-05
2.8909e+03, 1.5730e-05
2.9493e+03, 1.9812e-05
3.0077e+03, 2.8705e-05
3.0369e+03, 3.6693e-05
3.0661e+03, 5.1561e-05
3.0807e+03, 6.1424e-05
3.0953e+03, 7.7729e-05
3.1100e+03, 1.0268e-04
3.1246e+03, 1.4369e-04
3.1406e+03, 2.2778e-04
3.1486e+03, 3.0338e-04
3.1566e+03, 4.2643e-04
3.1646e+03, 6.4687e-04
3.1726e+03, 1.0571e-03
3.1766e+03, 1.4555e-03
3.1806e+03, 2.1357e-03
3.1846e+03, 3.4055e-03
3.1866e+03, 4.5027e-03
3.1886e+03, 6.3069e-03
3.1910e+03, 1.0283e-02
3.1922e+03, 1.3796e-02
3.1933e+03, 1.9634e-02
3.1945e+03, 3.0875e-02
3.1951e+03, 4.1929e-02
3.1954e+03, 5.1395e-02
3.1957e+03, 6.6879e-02
3.1960e+03, 9.4659e-02
3.1963e+03, 1.4655e-01
3.1964e+03, 1.8819e-01
3.1966e+03, 2.4483e-01
3.1967e+03, 3.2173e-01
3.1969e+03, 4.2508e-01
3.1970e+03, 5.6331e-01
3.1972e+03, 7.4313e-01
3.1973e+03, 9.7481e-01
3.1975e+03, 1.2684e+00
3.1976e+03, 1.6341e+00
3.1978e+03, 2.0813e+00
3.1979e+03, 2.6175e+00
3.1981e+03, 3.2480e+00
3.1982e+03, 4.0530e+00
3.1984e+03, 4.9681e+00
3.1985e+03, 5.9791e+00
3.1987e+03, 7.0621e+00
3.1990e+03, 9.3032e+00
3.1993e+03, 1.1339e+01
3.1995e+03, 1.2252e+01
3.1997e+03, 1.2906e+01
3.1999e+03, 1.3210e+01
3.1999e+03, 1.3286e+01
3.2000e+03, 1.3301e+01
3.2001e+03, 1.3250e+01
3.2002e+03, 1.3091e+01
3.2004e+03, 1.2354e+01
3.2006e+03, 1.1542e+01
3.2008e+03, 1.0550e+01
3.2011e+03, 8.2565e+00
3.2015e+03, 5.5668e+00
3.2017e+03, 4.3833e+00
3.2018e+03, 3.8473e+00
3.2019e+03, 3.3589e+00
3.2020e+03, 2.9093e+00
3.2021e+03, 2.5039e+00
3.2022e+03, 2.1418e+00
3.2023e+03, 1.8243e+00
3.2024e+03, 1.5428e+00
3.2025e+03, 1.3003e+00
3.2026e+03, 1.0889e+00
3.2027e+03, 9.0982e-01
3.2028e+03, 7.5616e-01
3.2029e+03, 6.2676e-01
3.2030e+03, 5.1857e-01
3.2031e+03, 4.2955e-01
3.2033e+03, 2.9490e-01
3.2035e+03, 2.0500e-01
3.2037e+03, 1.4574e-01
3.2039e+03, 1.0743e-01
3.2041e+03, 8.2491e-02
3.2043e+03, 6.6059e-02
3.2047e+03, 4.7754e-02
3.2051e+03, 3.7756e-02
3.2058e+03, 2.6665e-02
3.2066e+03, 2.0187e-02
3.2073e+03, 1.5862e-02
3.2086e+03, 1.1187e-02
3.2099e+03, 8.3851e-03
3.2125e+03, 5.2258e-03
3.2151e+03, 3.5437e-03
3.2177e+03, 2.5661e-03
3.2228e+03, 1.5603e-03
3.2280e+03, 1.0279e-03
3.2332e+03, 7.3014e-04
3.2383e+03, 5.4724e-04
3.2486e+03, 3.4308e-04
3.2593e+03, 2.3302e-04
3.2699e+03, 1.6985e-04
3.2805e+03, 1.3106e-04
3.2912e+03, 1.0555e-04
3.3124e+03, 7.1165e-05
3.3337e+03, 5.2227e-05
3.3549e+03, 4.0733e-05
3.3762e+03, 3.4181e-05
3.4187e+03, 2.4783e-05
3.5037e+03, 1.6918e-05
3.5887e+03, 1.3844e-05
3.7442e+03, 1.2822e-05
3.8899e+03, 1.4883e-05
3.9628e+03, 1.7343e-05
4.0357e+03, 2.1565e-05
4.1086e+03, 2.9221e-05
4.1815e+03, 4.3262e-05
4.2179e+03, 5.6431e-05
4.2543e+03, 7.7936e-05
4.2908e+03, 1.1525e-04
4.3090e+03, 1.4677e-04
4.3272e+03, 1.9427e-04
4.3503e+03, 3.0460e-04
4.3618e+03, 3.9492e-04
4.3734e+03, 5.2529e-04
4.3849e+03, 7.4783e-04
4.3964e+03, 1.1517e-03
4.4022e+03, 1.4943e-03
4.4080e+03, 2.0162e-03
4.4137e+03, 2.8613e-03
4.4195e+03, 4.3617e-03
4.4235e+03, 6.2361e-03
4.4274e+03, 9.5948e-03
4.4294e+03, 1.2425e-02
4.4314e+03, 1.6773e-02
4.4333e+03, 2.3897e-02
4.4353e+03, 3.6905e-02
4.4364e+03, 5.0261e-02
4.4376e+03, 7.3399e-02
4.4381e+03, 9.2886e-02
4.4387e+03, 1.2476e-01
4.4390e+03, 1.4995e-01
4.4393e+03, 1.8612e-01
4.4396e+03, 2.4016e-01
4.4397e+03, 2.7672e-01
4.4399e+03, 3.2185e-01
4.4400e+03, 3.6983e-01
4.4401e+03, 4.2692e-01
4.4402e+03, 4.9584e-01
4.4403e+03, 5.7743e-01
4.4405e+03, 6.7521e-01
4.4406e+03, 7.8997e-01
4.4407e+03, 9.2492e-01
4.4408e+03, 1.0827e+00
4.4410e+03, 1.2674e+00
4.4411e+03, 1.4788e+00
4.4412e+03, 1.7207e+00
4.4413e+03, 1.9952e+00
4.4415e+03, 2.3067e+00
4.4416e+03, 2.6515e+00
4.4417e+03, 3.0325e+00
4.4418e+03, 3.4493e+00
4.4421e+03, 4.3887e+00
4.4423e+03, 5.4431e+00
4.4428e+03, 7.7033e+00
4.4431e+03, 8.9328e+00
4.4434e+03, 9.9506e+00
4.4436e+03, 1.0438e+01
4.4437e+03, 1.0769e+01
4.4440e+03, 1.0947e+01
4.4442e+03, 1.0869e+01
4.4443e+03, 1.0641e+01
4.4445e+03, 1.0220e+01
4.4447e+03, 9.6450e+00
4.4451e+03, 8.2356e+00
4.4454e+03, 6.6135e+00
4.4457e+03, 5.2245e+00
4.4460e+03, 3.9646e+00
4.4462e+03, 3.4027e+00
4.4463e+03, 2.8946e+00
4.4465e+03, 2.4423e+00
4.4466e+03, 2.0478e+00
4.4468e+03, 1.7042e+00
4.4469e+03, 1.4107e+00
4.4471e+03, 1.1632e+00
4.4473e+03, 9.5799e-01
4.4474e+03, 7.8746e-01
4.4476e+03, 6.4887e-01
4.4477e+03, 5.3569e-01
4.4479e+03, 4.4508e-01
4.4480e+03, 3.7196e-01
4.4482e+03, 3.1359e-01
4.4483e+03, 2.6707e-01
4.4485e+03, 2.3018e-01
4.4488e+03, 1.7669e-01
4.4491e+03, 1.4152e-01
4.4495e+03, 1.0908e-01
4.4500e+03, 8.8381e-02
4.4508e+03, 6.3096e-02
4.4517e+03, 4.7915e-02
4.4526e+03, 3.7809e-02
4.4544e+03, 2.5419e-02
4.4561e+03, 1.8296e-02
4.4590e+03, 1.1854e-02
4.4618e+03, 8.3374e-03
4.4647e+03, 6.1648e-03
4.4675e+03, 4.7462e-03
4.4732e+03, 3.0936e-03
4.4789e+03, 2.1557e-03
4.4844e+03, 1.6134e-03
4.4898e+03, 1.2679e-03
4.5006e+03, 8.3122e-04
4.5115e+03, 5.8408e-04
4.5224e+03, 4.4721e-04
4.5332e+03, 3.3836e-04
4.5441e+03, 2.7293e-04
4.5658e+03, 1.8444e-04
4.5875e+03, 1.3677e-04
4.6092e+03, 1.0665e-04
4.6526e+03, 6.8641e-05
4.6960e+03, 5.0286e-05
4.7395e+03, 3.9849e-05
4.8263e+03, 2.8328e-05
5.0000e+03, 2.1704e-05
5.1214e+03, 2.4227e-05
5.1821e+03, 2.7677e-05
5.2428e+03, 3.4509e-05
5.3035e+03, 4.6019e-05
5.3338e+03, 5.6657e-05
5.3642e+03, 7.3011e-05
5.3945e+03, 9.9889e-05
5.4248e+03, 1.4359e-04
5.4400e+03, 1.8173e-04
5.4552e+03, 2.3841e-04
5.4704e+03, 3.2720e-04
5.4855e+03, 4.7651e-04
5.5002e+03, 7.6397e-04
5.5075e+03, 1.0235e-03
5.5148e+03, 1.4416e-03
5.5221e+03, 2.1085e-03
5.5258e+03, 2.6767e-03
5.5294e+03, 3.5137e-03
5.5331e+03, 4.8231e-03
5.5367e+03, 6.9865e-03
5.5404e+03, 1.0980e-02
5.5422e+03, 1.4556e-02
5.5441e+03, 2.0229e-02
5.5462e+03, 3.1983e-02
5.5472e+03, 4.2482e-02
5.5483e+03, 6.0641e-02
5.5488e+03, 7.6841e-02
5.5493e+03, 1.0604e-01
5.5496e+03, 1.3078e-01
5.5498e+03, 1.6751e-01
5.5501e+03, 2.2330e-01
5.5504e+03, 3.0766e-01
5.5506e+03, 4.3534e-01
5.5509e+03, 6.2432e-01
5.5510e+03, 7.5034e-01
5.5512e+03, 9.0044e-01
5.5513e+03, 1.0793e+00
5.5514e+03, 1.2909e+00
5.5515e+03, 1.5416e+00
5.5517e+03, 1.8318e+00
5.5518e+03, 2.1674e+00
5.5519e+03, 2.5524e+00
5.5521e+03, 2.9904e+00
5.5522e+03, 3.4842e+00
5.5523e+03, 4.0360e+00
5.5525e+03, 4.6468e+00
5.5527e+03, 5.6647e+00
5.5529e+03, 6.8061e+00
5.5530e+03, 8.0560e+00
5.5532e+03, 9.3905e+00
5.5536e+03, 1.2174e+01
5.5540e+03, 1.4801e+01
5.5543e+03, 1.6241e+01
5.5545e+03, 1.7335e+01
5.5548e+03, 1.7966e+01
5.5550e+03, 1.8169e+01
5.5550e+03, 1.8178e+01
5.5552e+03, 1.8084e+01
5.5553e+03, 1.7773e+01
5.5555e+03, 1.7253e+01
5.5557e+03, 1.6549e+01
5.5559e+03, 1.5519e+01
5.5561e+03, 1.4320e+01
5.5564e+03, 1.1612e+01
5.5568e+03, 8.8243e+00
5.5570e+03, 7.5092e+00
5.5572e+03, 6.2979e+00
5.5574e+03, 5.1985e+00
5.5576e+03, 4.2337e+00
5.5578e+03, 3.3969e+00
5.5579e+03, 3.0295e+00
5.5580e+03, 2.6935e+00
5.5581e+03, 2.3847e+00
5.5582e+03, 2.1080e+00
5.5584e+03, 1.6347e+00
5.5586e+03, 1.2552e+00
5.5588e+03, 9.5903e-01
5.5590e+03, 7.2927e-01
5.5592e+03, 5.5539e-01
5.5594e+03, 4.2472e-01
5.5596e+03, 3.2760e-01
5.5598e+03, 2.5139e-01
5.5600e+03, 1.9705e-01
5.5604e+03, 1.3002e-01
5.5609e+03, 9.4609e-02
5.5613e+03, 7.4406e-02
5.5621e+03, 5.2566e-02
5.5630e+03, 4.0296e-02
5.5646e+03, 2.6349e-02
5.5663e+03, 1.8698e-02
5.5680e+03, 1.3969e-02
5.5697e+03, 1.0903e-02
5.5731e+03, 7.1759e-03
5.5761e+03, 5.2086e-03
5.5791e+03, 3.9578e-03
5.5852e+03, 2.5439e-03
5.5912e+03, 1.7574e-03
5.5973e+03, 1.2905e-03
5.6094e+03, 7.8369e-04
5.6215e+03, 5.4165e-04
5.6337e+03, 3.8908e-04
5.6458e+03, 2.9474e-04
5.6700e+03, 1.9166e-04
5.6988e+03, 1.3734e-04
5.7275e+03, 1.2369e-04
5.7403e+03, 1.3716e-04
5.7467e+03, 1.5393e-04
5.7531e+03, 1.8706e-04
5.7595e+03, 2.5432e-04
5.7627e+03, 3.0528e-04
5.7659e+03, 3.9005e-04
5.7691e+03, 5.3874e-04
5.7723e+03, 8.1264e-04
5.7739e+03, 1.0614e-03
5.7755e+03, 1.4635e-03
5.7771e+03, 2.1801e-03
5.7779e+03, 2.8166e-03
5.7787e+03, 4.0862e-03
5.7790e+03, 5.1735e-03
5.7793e+03, 7.0566e-03
5.7797e+03, 1.0457e-02
5.7800e+03, 1.6635e-02
5.7804e+03, 2.7781e-02
5.7807e+03, 4.7259e-02
5.7810e+03, 7.9973e-02
5.7814e+03, 1.3224e-01
5.7817e+03, 2.1209e-01
5.7820e+03, 3.2735e-01
5.7824e+03, 4.8434e-01
5.7827e+03, 6.8472e-01
5.7830e+03, 9.2547e-01
5.7834e+03, 1.1935e+00
5.7837e+03, 1.4677e+00
5.7841e+03, 1.7198e+00
5.7842e+03, 1.8416e+00
5.7844e+03, 1.9416e+00
5.7846e+03, 2.0162e+00
5.7848e+03, 2.0620e+00
5.7850e+03, 2.0762e+00
5.7850e+03, 2.0770e+00
5.7851e+03, 2.0732e+00
5.7853e+03, 2.0479e+00
5.7854e+03, 1.9999e+00
5.7857e+03, 1.8799e+00
5.7859e+03, 1.7165e+00
5.7863e+03, 1.4775e+00
5.7866e+03, 1.2184e+00
5.7869e+03, 9.6279e-01
5.7872e+03, 7.2944e-01
5.7875e+03, 5.3024e-01
5.7879e+03, 3.7022e-01
5.7882e+03, 2.4872e-01
5.7885e+03, 1.6121e-01
5.7888e+03, 1.0127e-01
5.7891e+03, 6.2088e-02
5.7895e+03, 3.7571e-02
5.7898e+03, 2.2818e-02
5.7901e+03, 1.4223e-02
5.7904e+03, 9.3246e-03
5.7907e+03, 6.5513e-03
5.7910e+03, 4.9598e-03
5.7917e+03, 3.3519e-03
5.7924e+03, 2.5917e-03
5.7937e+03, 1.7768e-03
5.7950e+03, 1.3190e-03
5.7963e+03, 1.0270e-03
5.7989e+03, 6.7781e-04
5.8016e+03, 4.8697e-04
5.8042e+03, 3.7353e-04
5.8068e+03, 3.0135e-04
5.8121e+03, 2.0935e-04
5.8226e+03, 1.2939e-04
5.8331e+03, 9.3384e-05
5.8493e+03, 6.9240e-05
5.8655e+03, 5.5832e-05
5.8979e+03, 4.2883e-05
5.9628e+03, 3.3283e-05
6.0924e+03, 2.7433e-05
6.2461e+03, 2.9656e-05
6.3998e+03, 3.9013e-05
6.5247e+03, 5.6749e-05
6.5871e+03, 7.2480e-05
6.6496e+03, 9.6905e-05
6.7120e+03, 1.3469e-04
6.7744e+03, 2.1099e-04
6.8056e+03, 2.7949e-04
6.8369e+03, 3.7678e-04
6.8681e+03, 5.5448e-04
6.8993e+03, 8.8278e-04
6.9185e+03, 1.2673e-03
6.9377e+03, 1.9777e-03
6.9473e+03, 2.5760e-03
6.9569e+03, 3.4973e-03
6.9665e+03, 5.0331e-03
6.9761e+03, 7.8387e-03
6.9813e+03, 1.0393e-02
6.9864e+03, 1.4482e-02
6.9915e+03, 2.1517e-02
6.9940e+03, 2.7167e-02
6.9966e+03, 3.5426e-02
6.9987e+03, 4.5451e-02
7.0008e+03, 6.0461e-02
7.0029e+03, 8.4648e-02
7.0039e+03, 1.0281e-01
7.0050e+03, 1.2777e-01
7.0061e+03, 1.6688e-01
7.0067e+03, 1.9417e-01
7.0072e+03, 2.2969e-01
7.0078e+03, 2.7797e-01
7.0081e+03, 3.0939e-01
7.0083e+03, 3.4761e-01
7.0086e+03, 3.9535e-01
7.0089e+03, 4.5566e-01
7.0092e+03, 5.3341e-01
7.0095e+03, 6.3508e-01
7.0096e+03, 7.0685e-01
7.0098e+03, 7.9051e-01
7.0099e+03, 8.8936e-01
7.0101e+03, 1.0047e+00
7.0103e+03, 1.1408e+00
7.0104e+03, 1.2990e+00
7.0106e+03, 1.4849e+00
7.0107e+03, 1.6996e+00
7.0109e+03, 1.9497e+00
7.0111e+03, 2.2359e+00
7.0112e+03, 2.5656e+00
7.0114e+03, 2.9382e+00
7.0115e+03, 3.3616e+00
7.0117e+03, 3.8332e+00
7.0119e+03, 4.3573e+00
7.0120e+03, 4.9348e+00
7.0122e+03, 5.6482e+00
7.0124e+03, 6.4217e+00
7.0127e+03, 8.1372e+00
7.0134e+03, 1.1933e+01
7.0139e+03, 1.4007e+01
7.0143e+03, 1.5668e+01
7.0146e+03, 1.6610e+01
7.0150e+03, 1.6936e+01
7.0153e+03, 1.6648e+01
7.0157e+03, 1.5818e+01
7.0160e+03, 1.4506e+01
7.0164e+03, 1.2861e+01
7.0170e+03, 9.3381e+00
7.0174e+03, 7.6324e+00
7.0177e+03, 6.0907e+00
7.0180e+03, 4.8131e+00
7.0182e+03, 4.2502e+00
7.0183e+03, 3.7429e+00
7.0185e+03, 3.2837e+00
7.0186e+03, 2.8766e+00
7.0188e+03, 2.5158e+00
7.0190e+03, 2.1981e+00
7.0191e+03, 1.9186e+00
7.0193e+03, 1.6772e+00
7.0194e+03, 1.4669e+00
7.0196e+03, 1.2869e+00
7.0197e+03, 1.1314e+00
7.0199e+03, 9.9912e-01
7.0201e+03, 8.8605e-01
7.0202e+03, 7.8948e-01
7.0204e+03, 7.1042e-01
7.0205e+03, 6.4237e-01
7.0208e+03, 5.3336e-01
7.0211e+03, 4.5138e-01
7.0214e+03, 3.8873e-01
7.0217e+03, 3.3992e-01
7.0220e+03, 3.0106e-01
7.0226e+03, 2.4328e-01
7.0232e+03, 2.0231e-01
7.0238e+03, 1.7165e-01
7.0250e+03, 1.2887e-01
7.0261e+03, 1.0323e-01
7.0271e+03, 8.4727e-02
7.0293e+03, 6.0224e-02
7.0314e+03, 4.5069e-02
7.0336e+03, 3.5029e-02
7.0363e+03, 2.6403e-02
7.0391e+03, 2.0617e-02
7.0446e+03, 1.3557e-02
7.0502e+03, 9.6025e-03
7.0557e+03, 7.1804e-03
7.0658e+03, 4.6064e-03
7.0759e+03, 3.2354e-03
7.0859e+03, 2.3758e-03
7.0960e+03, 1.8192e-03
7.1121e+03, 1.2703e-03
7.1282e+03, 9.3931e-04
7.1574e+03, 6.0042e-04
7.1866e+03, 4.2445e-04
7.2159e+03, 3.1198e-04
7.2451e+03, 2.4075e-04
7.3035e+03, 1.6500e-04
7.3619e+03, 1.2003e-04
7.4203e+03, 9.4976e-05
7.4787e+03, 8.0744e-05
7.5955e+03, 7.1480e-05
7.6922e+03, 8.2392e-05
7.7889e+03, 1.1920e-04
7.8372e+03, 1.6733e-04
7.8856e+03, 2.6186e-04
7.9098e+03, 3.6052e-04
7.9339e+03, 5.1030e-04
7.9581e+03, 8.2849e-04
7.9702e+03, 1.1079e-03
7.9823e+03, 1.5256e-03
7.9944e+03, 2.3136e-03
8.0064e+03, 3.8733e-03
8.0125e+03, 5.3473e-03
8.0185e+03, 7.9070e-03
8.0246e+03, 1.2762e-02
8.0276e+03, 1.7172e-02
8.0306e+03, 2.4373e-02
8.0330e+03, 3.3852e-02
8.0354e+03, 5.0493e-02
8.0366e+03, 6.4123e-02
8.0378e+03, 8.4639e-02
8.0390e+03, 1.1900e-01
8.0396e+03, 1.4731e-01
8.0402e+03, 1.9198e-01
8.0406e+03, 2.4472e-01
8.0408e+03, 2.8131e-01
8.0411e+03, 3.2759e-01
8.0413e+03, 3.8671e-01
8.0415e+03, 4.6173e-01
8.0417e+03, 5.5722e-01
8.0419e+03, 6.7843e-01
8.0422e+03, 8.3220e-01
8.0424e+03, 1.0241e+00
8.0426e+03, 1.2624e+00
8.0428e+03, 1.5551e+00
8.0431e+03, 1.9122e+00
8.0433e+03, 2.3383e+00
8.0435e+03, 2.8414e+00
8.0437e+03, 3.4268e+00
8.0439e+03, 3.9973e+00
8.0441e+03, 4.6300e+00
8.0443e+03, 5.3225e+00
8.0445e+03, 6.0698e+00
8.0448e+03, 7.6963e+00
8.0452e+03, 9.4126e+00
8.0456e+03, 1.1230e+01
8.0460e+03, 1.2809e+01
8.0463e+03, 1.3579e+01
8.0465e+03, 1.4144e+01
8.0467e+03, 1.4422e+01
8.0469e+03, 1.4551e+01
8.0470e+03, 1.4560e+01
8.0472e+03, 1.4483e+01
8.0474e+03, 1.4256e+01
8.0476e+03, 1.3783e+01
8.0479e+03, 1.3119e+01
8.0483e+03, 1.1590e+01
8.0487e+03, 9.7700e+00
8.0494e+03, 6.5635e+00
8.0498e+03, 5.1326e+00
8.0500e+03, 4.4902e+00
8.0501e+03, 3.9052e+00
8.0503e+03, 3.2890e+00
8.0505e+03, 2.7488e+00
8.0508e+03, 2.2822e+00
8.0510e+03, 1.8862e+00
8.0512e+03, 1.5512e+00
8.0514e+03, 1.2738e+00
8.0516e+03, 1.0443e+00
8.0518e+03, 8.5808e-01
8.0520e+03, 7.0679e-01
8.0522e+03, 5.8589e-01
8.0524e+03, 4.8886e-01
8.0526e+03, 4.1198e-01
8.0528e+03, 3.5057e-01
8.0531e+03, 3.0193e-01
8.0535e+03, 2.3171e-01
8.0540e+03, 1.7789e-01
8.0545e+03, 1.4357e-01
8.0555e+03, 1.0271e-01
8.0565e+03, 7.8666e-02
8.0575e+03, 6.2613e-02
8.0595e+03, 4.2667e-02
8.0616e+03, 3.1078e-02
8.0640e+03, 2.2538e-02
8.0665e+03, 1.7099e-02
8.0713e+03, 1.0876e-02
8.0762e+03, 7.5096e-03
8.0811e+03, 5.4892e-03
8.0909e+03, 3.3512e-03
8.1007e+03, 2.2250e-03
8.1083e+03, 1.7058e-03
8.1235e+03, 1.0992e-03
8.1388e+03, 7.7040e-04
8.1541e+03, 5.7009e-04
8.1693e+03, 4.4092e-04
8.1998e+03, 2.8866e-04
8.2456e+03, 1.7960e-04
8.2914e+03, 1.2251e-04
8.3676e+03, 7.8722e-05
8.4439e+03, 5.6878e-05
8.5202e+03, 4.4662e-05
8.5965e+03, 3.7407e-05
8.7490e+03, 3.0729e-05
8.9016e+03, 2.9035e-05
9.0389e+03, 3.0695e-05
9.1762e+03, 3.5497e-05
9.3135e+03, 4.5013e-05
9.4508e+03, 6.3415e-05
9.5194e+03, 7.9423e-05
9.5881e+03, 1.0388e-04
9.6567e+03, 1.4352e-04
9.7254e+03, 2.1355e-04
9.7597e+03, 2.7176e-04
9.7940e+03, 3.5857e-04
9.8284e+03, 4.9548e-04
9.8627e+03, 7.2993e-04
9.8808e+03, 9.3067e-04
9.8989e+03, 1.2275e-03
9.9170e+03, 1.6949e-03
9.9261e+03, 2.0325e-03
9.9352e+03, 2.4874e-03
9.9457e+03, 3.2361e-03
9.9509e+03, 3.7446e-03
9.9561e+03, 4.3836e-03
9.9614e+03, 5.2017e-03
9.9666e+03, 6.2732e-03
9.9771e+03, 9.6998e-03
9.9797e+03, 1.0958e-02
9.9822e+03, 1.2488e-02
9.9835e+03, 1.3376e-02
9.9848e+03, 1.4359e-02
9.9861e+03, 1.5456e-02
9.9867e+03, 1.6053e-02
9.9874e+03, 1.6685e-02
9.9875e+03, 1.6807e-02
9.9878e+03, 1.7127e-02
9.9881e+03, 1.7454e-02
9.9887e+03, 1.8140e-02
9.9893e+03, 1.8867e-02
9.9899e+03, 1.9638e-02
9.9912e+03, 2.1331e-02
9.9924e+03, 2.3249e-02
9.9933e+03, 2.4933e-02
9.9943e+03, 2.6804e-02
9.9952e+03, 2.8894e-02
9.9962e+03, 3.1235e-02
9.9971e+03, 3.3874e-02
9.9976e+03, 3.5320e-02
9.9981e+03, 3.6858e-02
9.9986e+03, 3.8501e-02
9.9990e+03, 4.0254e-02
9.9995e+03, 4.2132e-02
1.0000e+04, 4.4141e-02
1.0001e+04, 4.7366e-02
1.0001e+04, 5.0902e-02
1.0002e+04, 5.4848e-02
1.0003e+04, 5.9267e-02
1.0003e+04, 6.4314e-02
1.0004e+04, 6.9942e-02
1.0005e+04, 7.6334e-02
1.0006e+04, 8.3632e-02
1.0006e+04, 9.2142e-02
1.0007e+04, 1.0184e-01
1.0008e+04, 1.1312e-01
1.0008e+04, 1.2632e-01
1.0009e+04, 1.4213e-01
1.0010e+04, 1.6065e-01
1.0010e+04, 1.7138e-01
1.0010e+04, 1.8279e-01
1.0011e+04, 1.9567e-01
1.0011e+04, 2.0940e-01
1.0011e+04, 2.2494e-01
1.0012e+04, 2.4154e-01
1.0012e+04, 2.6033e-01
1.0012e+04, 2.8041e-01
1.0013e+04, 3.0311e-01
1.0013e+04, 3.2731e-01
1.0014e+04, 3.5457e-01
1.0014e+04, 3.8346e-01
1.0015e+04, 4.4966e-01
1.0015e+04, 5.2587e-01
1.0016e+04, 6.1063e-01
1.0017e+04, 6.9923e-01
1.0017e+04, 8.1005e-01
1.0018e+04, 9.0488e-01
1.0019e+04, 9.6984e-01
1.0020e+04, 9.8726e-01
1.0020e+04, 9.9295e-01
1.0020e+04, 9.8511e-01
1.0021e+04, 9.4739e-01
1.0022e+04, 8.8440e-01
1.0023e+04, 8.0223e-01
1.0023e+04, 7.1195e-01
1.0025e+04, 5.3247e-01
1.0025e+04, 4.5442e-01
1.0026e+04, 3.8663e-01
1.0027e+04, 3.1182e-01
1.0028e+04, 2.5350e-01
1.0029e+04, 2.0848e-01
1.0030e+04, 1.7363e-01
1.0031e+04, 1.4641e-01
1.0032e+04, 1.2490e-01
1.0033e+04, 1.0767e-01
1.0034e+04, 9.3710e-02
1.0035e+04, 7.6990e-02
1.0037e+04, 6.4415e-02
1.0038e+04, 5.4609e-02
1.0039e+04, 4.6926e-02
1.0041e+04, 4.0722e-02
1.0042e+04, 3.5708e-02
1.0044e+04, 3.1535e-02
1.0045e+04, 2.8067e-02
1.0048e+04, 2.2963e-02
1.0050e+04, 1.9144e-02
1.0053e+04, 1.6203e-02
1.0056e+04, 1.3890e-02
1.0058e+04, 1.2040e-02
1.0061e+04, 1.0539e-02
1.0066e+04, 8.2805e-03
1.0071e+04, 6.7783e-03
1.0076e+04, 5.6522e-03
1.0081e+04, 4.7851e-03
1.0086e+04, 4.1033e-03
1.0096e+04, 3.1138e-03
1.0105e+04, 2.4435e-03
1.0114e+04, 1.9909e-03
1.0124e+04, 1.6497e-03
1.0142e+04, 1.1868e-03
1.0161e+04, 8.9465e-04
1.0179e+04, 6.9851e-04
1.0215e+04, 4.6978e-04
1.0250e+04, 3.3619e-04
1.0286e+04, 2.5334e-04
1.0321e+04, 1.9750e-04
1.0388e+04, 1.3291e-04
1.0455e+04, 9.5717e-05
1.0522e+04, 7.2411e-05
1.0590e+04, 5.6758e-05
1.0717e+04, 3.8801e-05
1.0844e+04, 2.8398e-05
1.1099e+04, 1.7473e-05
1.1367e+04, 1.2048e-05
1.1636e+04, 9.1221e-06
1.2173e+04, 6.4840e-06
1.2513e+04, 6.0975e-06
1.2739e+04, 6.4452e-06
1.2965e+04, 7.7775e-06
1.3114e+04, 1.0162e-05
1.3188e+04, 1.2030e-05
1.3262e+04, 1.5989e-05
1.3336e+04, 2.1817e-05
1.3410e+04, 3.4555e-05
1.3448e+04, 4.6688e-05
1.3485e+04, 6.9929e-05
1.3503e+04, 8.7225e-05
1.3522e+04, 1.1668e-04
1.3540e+04, 1.5751e-04
1.3559e+04, 2.3153e-04
1.3577e+04, 3.7858e-04
1.3586e+04, 4.9848e-04
1.3595e+04, 6.9790e-04
1.3604e+04, 1.0607e-03
1.3609e+04, 1.3575e-03
1.3613e+04, 1.7965e-03
1.3618e+04, 2.4592e-03
1.3622e+04, 3.6487e-03
1.3627e+04, 5.9947e-03
1.3629e+04, 8.0982e-03
1.3631e+04, 1.1643e-02
1.3633e+04, 1.4760e-02
1.3634e+04, 1.9718e-02
1.3635e+04, 2.9451e-02
1.3636e+04, 3.8850e-02
1.3636e+04, 5.4537e-02
1.3637e+04, 8.2344e-02
1.3637e+04, 1.3083e-01
1.3638e+04, 1.6737e-01
1.3638e+04, 2.1296e-01
1.3638e+04, 2.7076e-01
1.3639e+04, 3.4307e-01
1.3639e+04, 4.3545e-01
1.3639e+04, 5.4414e-01
1.3640e+04, 6.7832e-01
1.3640e+04, 8.3053e-01
1.3640e+04, 1.0113e+00
1.3641e+04, 1.2081e+00
1.3641e+04, 1.6566e+00
1.3642e+04, 2.3766e+00
1.3642e+04, 2.7147e+00
1.3643e+04, 3.0022e+00
1.3643e+04, 3.1603e+00
1.3643e+04, 3.2702e+00
1.3644e+04, 3.3371e+00
1.3644e+04, 3.3462e+00
1.3644e+04, 3.3094e+00
1.3645e+04, 3.1600e+00
1.3645e+04, 2.8725e+00
1.3646e+04, 2.5031e+00
1.3647e+04, 1.5307e+00
1.3648e+04, 1.1003e+00
1.3648e+04, 9.1488e-01
1.3648e+04, 7.5154e-01
1.3649e+04, 6.1049e-01
1.3649e+04, 4.9094e-01
1.3649e+04, 3.9139e-01
1.3649e+04, 3.0986e-01
1.3650e+04, 2.4414e-01
1.3650e+04, 1.9191e-01
1.3651e+04, 1.2010e-01
1.3651e+04, 7.6703e-02
1.3652e+04, 5.1645e-02
1.3652e+04, 3.7168e-02
1.3653e+04, 2.8548e-02
1.3654e+04, 1.9414e-02
1.3655e+04, 1.4644e-02
1.3658e+04, 9.4796e-03
1.3660e+04, 6.7240e-03
1.3663e+04, 5.0277e-03
1.3665e+04, 3.8922e-03
1.3670e+04, 2.5367e-03
1.3675e+04, 1.8181e-03
1.3679e+04, 1.3698e-03
1.3689e+04, 8.4381e-04
1.3698e+04, 5.7457e-04
1.3707e+04, 4.2557e-04
1.3717e+04, 3.2004e-04
1.3726e+04, 2.5404e-04
1.3745e+04, 1.6819e-04
1.3763e+04, 1.2156e-04
1.3782e+04, 9.4127e-05
1.3820e+04, 5.9460e-05
1.3856e+04, 4.3185e-05
1.3893e+04, 3.4060e-05
1.3966e+04, 2.4089e-05
1.4112e+04, 1.8944e-05
1.4214e+04, 2.2381e-05
1.4266e+04, 2.6578e-05
1.4317e+04, 3.4702e-05
1.4368e+04, 4.8356e-05
1.4393e+04, 6.0993e-05
1.4419e+04, 8.0458e-05
1.4445e+04, 1.1251e-04
1.4470e+04, 1.6468e-04
1.4483e+04, 2.1026e-04
1.4496e+04, 2.7816e-04
1.4509e+04, 3.8571e-04
1.4521e+04, 5.6674e-04
1.4534e+04, 9.1047e-04
1.4540e+04, 1.2204e-03
1.4546e+04, 1.7227e-03
1.4552e+04, 2.5551e-03
1.4555e+04, 3.2553e-03
1.4558e+04, 4.3043e-03
1.4561e+04, 5.9695e-03
1.4565e+04, 8.7882e-03
1.4566e+04, 1.1055e-02
1.4568e+04, 1.4455e-02
1.4569e+04, 2.0163e-02
1.4570e+04, 2.5032e-02
1.4571e+04, 3.3245e-02
1.4572e+04, 5.2656e-02
1.4572e+04, 7.0292e-02
1.4572e+04, 9.7345e-02
1.4573e+04, 1.3974e-01
1.4573e+04, 2.0226e-01
1.4574e+04, 2.9409e-01
1.4574e+04, 4.2543e-01
1.4575e+04, 6.1246e-01
1.4575e+04, 8.5846e-01
1.4576e+04, 1.1765e+00
1.4576e+04, 1.5722e+00
1.4576e+04, 2.0560e+00
1.4577e+04, 2.5963e+00
1.4578e+04, 3.7849e+00
1.4578e+04, 4.6902e+00
1.4579e+04, 5.0686e+00
1.4579e+04, 5.3564e+00
1.4580e+04, 5.5775e+00
1.4580e+04, 5.6353e+00
1.4580e+04, 5.6369e+00
1.4580e+04, 5.6291e+00
1.4580e+04, 5.6057e+00
1.4581e+04, 5.4676e+00
1.4581e+04, 5.1144e+00
1.4582e+04, 4.6196e+00
1.4582e+04, 3.9462e+00
1.4583e+04, 3.2366e+00
1.4583e+04, 2.5316e+00
1.4584e+04, 1.9081e+00
1.4584e+04, 1.6219e+00
1.4584e+04, 1.3735e+00
1.4584e+04, 1.1524e+00
1.4585e+04, 9.5847e-01
1.4585e+04, 7.9064e-01
1.4585e+04, 6.4729e-01
1.4585e+04, 5.2638e-01
1.4586e+04, 4.2562e-01
1.4586e+04, 3.3975e-01
1.4586e+04, 2.7265e-01
1.4587e+04, 1.7531e-01
1.4587e+04, 1.1413e-01
1.4588e+04, 7.6672e-02
1.4588e+04, 5.3709e-02
1.4589e+04, 4.0110e-02
1.4590e+04, 2.6124e-02
1.4591e+04, 1.9436e-02
1.4592e+04, 1.5491e-02
1.4594e+04, 1.0745e-02
1.4596e+04, 7.9545e-03
1.4598e+04, 6.1266e-03
1.4602e+04, 3.9624e-03
1.4606e+04, 3.0262e-03
1.4612e+04, 1.9340e-03
1.4617e+04, 1.4052e-03
1.4623e+04, 1.0684e-03
1.4634e+04, 6.8735e-04
1.4644e+04, 4.7448e-04
1.4655e+04, 3.4874e-04
1.4677e+04, 2.1189e-04
1.4698e+04, 1.4630e-04
1.4720e+04, 1.0481e-04
1.4741e+04, 7.9012e-05
1.4784e+04, 5.0265e-05
1.4822e+04, 3.7587e-05
1.4861e+04, 2.8904e-05
1.4937e+04, 1.8915e-05
1.5013e+04, 1.4235e-05
1.5090e+04, 1.1072e-05
1.5243e+04, 8.1582e-06
1.5396e+04, 6.4392e-06
1.5702e+04, 5.1935e-06
1.6008e+04, 4.8186e-06
1.6415e+04, 5.1814e-06
1.6823e+04, 6.6494e-06
1.7027e+04, 8.2751e-06
1.7231e+04, 1.1489e-05
1.7333e+04, 1.4502e-05
1.7435e+04, 1.9792e-05
1.7537e+04, 3.0688e-05
1.7588e+04, 4.1377e-05
1.7639e+04, 6.0711e-05
1.7682e+04, 9.3744e-05
1.7703e+04, 1.2331e-04
1.7725e+04, 1.7075e-04
1.7746e+04, 2.4576e-04
1.7768e+04, 4.0241e-04
1.7779e+04, 5.4668e-04
1.7789e+04, 7.8928e-04
1.7800e+04, 1.2254e-03
1.7806e+04, 1.6116e-03
1.7811e+04, 2.2175e-03
1.7818e+04, 3.5257e-03
1.7821e+04, 4.6862e-03
1.7824e+04, 6.5921e-03
1.7827e+04, 1.0004e-02
1.7829e+04, 1.2833e-02
1.7831e+04, 1.7308e-02
1.7832e+04, 2.6272e-02
1.7833e+04, 3.5568e-02
1.7834e+04, 5.3246e-02
1.7835e+04, 8.8546e-02
1.7835e+04, 1.1777e-01
1.7836e+04, 1.5862e-01
1.7836e+04, 2.1496e-01
1.7836e+04, 2.9134e-01
1.7837e+04, 3.9288e-01
1.7837e+04, 5.2493e-01
1.7837e+04, 6.3109e-01
1.7838e+04, 7.4918e-01
1.7838e+04, 1.0356e+00
1.7839e+04, 1.3914e+00
1.7839e+04, 1.8126e+00
1.7840e+04, 2.2952e+00
1.7840e+04, 2.7969e+00
1.7841e+04, 3.2927e+00
1.7841e+04, 3.7430e+00
1.7842e+04, 4.0643e+00
1.7842e+04, 4.2970e+00
1.7843e+04, 4.4146e+00
1.7843e+04, 4.4428e+00
1.7843e+04, 4.4107e+00
1.7844e+04, 4.2671e+00
1.7844e+04, 3.9791e+00
1.7845e+04, 3.5942e+00
1.7845e+04, 3.0568e+00
1.7846e+04, 2.4860e+00
1.7847e+04, 1.9353e+00
1.7847e+04, 1.4442e+00
1.7847e+04, 1.2254e+00
1.7848e+04, 1.0355e+00
1.7848e+04, 8.6198e-01
1.7848e+04, 7.1585e-01
1.7849e+04, 5.8599e-01
1.7849e+04, 4.7957e-01
1.7849e+04, 3.8743e-01
1.7850e+04, 3.1377e-01
1.7850e+04, 2.2166e-01
1.7850e+04, 1.5767e-01
1.7851e+04, 1.1226e-01
1.7851e+04, 8.1922e-02
1.7852e+04, 6.0986e-02
1.7852e+04, 4.7187e-02
1.7853e+04, 3.1271e-02
1.7854e+04, 2.3137e-02
1.7855e+04, 1.8450e-02
1.7857e+04, 1.3003e-02
1.7859e+04, 9.8092e-03
1.7861e+04, 7.7103e-03
1.7864e+04, 5.1254e-03
1.7868e+04, 3.6555e-03
1.7872e+04, 2.7613e-03
1.7879e+04, 1.7442e-03
1.7887e+04, 1.1664e-03
1.7895e+04, 8.3768e-04
1.7903e+04, 6.3863e-04
1.7911e+04, 5.0663e-04
1.7926e+04, 3.3370e-04
1.7942e+04, 2.3871e-04
1.7958e+04, 1.8128e-04
1.7973e+04, 1.4751e-04
1.7989e+04, 1.1801e-04
1.8005e+04, 1.0064e-04
1.8068e+04, 6.1851e-05
1.8131e+04, 4.7087e-05
1.8188e+04, 4.2566e-05
1.8307e+04, 4.6343e-05
1.8366e+04, 5.4560e-05
1.8425e+04, 6.9367e-05
1.8484e+04, 9.6318e-05
1.8544e+04, 1.4675e-04
1.8573e+04, 1.9303e-04
1.8603e+04, 2.6807e-04
1.8633e+04, 3.9008e-04
1.8662e+04, 6.4558e-04
1.8681e+04, 9.6830e-04
1.8699e+04, 1.5735e-03
1.8708e+04, 2.1425e-03
1.8718e+04, 3.0820e-03
1.8727e+04, 4.7900e-03
1.8731e+04, 6.2624e-03
1.8736e+04, 8.5241e-03
1.8740e+04, 1.1529e-02
1.8744e+04, 1.6514e-02
1.8747e+04, 2.5736e-02
1.8749e+04, 3.3755e-02
1.8751e+04, 4.6575e-02
1.8752e+04, 5.4446e-02
1.8753e+04, 6.4677e-02
1.8754e+04, 7.8819e-02
1.8754e+04, 9.8586e-02
1.8755e+04, 1.1197e-01
1.8755e+04, 1.2785e-01
1.8756e+04, 1.4722e-01
1.8756e+04, 1.7089e-01
1.8756e+04, 2.0061e-01
1.8757e+04, 2.3596e-01
1.8757e+04, 2.7875e-01
1.8757e+04, 3.3014e-01
1.8758e+04, 3.9297e-01
1.8758e+04, 4.6508e-01
1.8759e+04, 5.4863e-01
1.8759e+04, 6.4390e-01
1.8759e+04, 7.5355e-01
1.8760e+04, 8.7113e-01
1.8761e+04, 1.1303e+00
1.8762e+04, 1.4611e+00
1.8762e+04, 1.6129e+00
1.8763e+04, 1.7412e+00
1.8763e+04, 1.8227e+00
1.8763e+04, 1.8833e+00
1.8764e+04, 1.9204e+00
1.8764e+04, 1.9325e+00
1.8764e+04, 1.9101e+00
1.8765e+04, 1.8446e+00
1.8765e+04, 1.7410e+00
1.8766e+04, 1.6068e+00
1.8767e+04, 1.2310e+00
1.8768e+04, 8.5547e-01
1.8769e+04, 7.1104e-01
1.8769e+04, 5.8630e-01
1.8770e+04, 4.7721e-01
1.8770e+04, 3.8792e-01
1.8771e+04, 3.1339e-01
1.8771e+04, 2.5477e-01
1.8772e+04, 2.0822e-01
1.8772e+04, 1.7162e-01
1.8773e+04, 1.4245e-01
1.8773e+04, 1.2018e-01
1.8774e+04, 1.0237e-01
1.8774e+04, 8.8612e-02
1.8775e+04, 6.8529e-02
1.8776e+04, 5.5049e-02
1.8777e+04, 4.5489e-02
1.8778e+04, 3.8387e-02
1.8780e+04, 2.8594e-02
1.8783e+04, 1.9499e-02
1.8786e+04, 1.4196e-02
1.8789e+04, 1.0820e-02
1.8792e+04, 8.5414e-03
1.8798e+04, 5.7146e-03
1.8804e+04, 4.0922e-03
1.8812e+04, 2.8343e-03
1.8821e+04, 2.0770e-03
1.8837e+04, 1.2535e-03
1.8853e+04, 8.5006e-04
1.8870e+04, 6.1087e-04
1.8889e+04, 4.4310e-04
1.8909e+04, 3.4492e-04
1.8948e+04, 2.2661e-04
1.8987e+04, 1.8060e-04
1.9026e+04, 1.6101e-04
1.9060e+04, 1.8039e-04
1.9078e+04, 2.0500e-04
1.9095e+04, 2.6248e-04
1.9112e+04, 3.5315e-04
1.9129e+04, 5.6366e-04
1.9138e+04, 7.6925e-04
1.9146e+04, 1.1517e-03
1.9150e+04, 1.4728e-03
1.9155e+04, 1.9473e-03
1.9159e+04, 2.6940e-03
1.9163e+04, 4.0640e-03
1.9165e+04, 5.1724e-03
1.9167e+04, 6.8220e-03
1.9170e+04, 9.5184e-03
1.9171e+04, 1.1721e-02
1.9172e+04, 1.5280e-02
1.9173e+04, 2.2389e-02
1.9173e+04, 2.8794e-02
1.9174e+04, 3.8782e-02
1.9174e+04, 5.4859e-02
1.9175e+04, 7.9611e-02
1.9175e+04, 1.1770e-01
1.9176e+04, 1.7497e-01
1.9176e+04, 2.6057e-01
1.9177e+04, 3.7968e-01
1.9177e+04, 5.4211e-01
1.9178e+04, 7.5522e-01
1.9178e+04, 1.0292e+00
1.9179e+04, 1.3535e+00
1.9179e+04, 1.7256e+00
1.9180e+04, 2.1307e+00
1.9181e+04, 2.9734e+00
1.9182e+04, 3.3281e+00
1.9182e+04, 3.5883e+00
1.9183e+04, 3.7384e+00
1.9183e+04, 3.7620e+00
1.9183e+04, 3.7624e+00
1.9183e+04, 3.7584e+00
1.9183e+04, 3.7464e+00
1.9184e+04, 3.6610e+00
1.9184e+04, 3.5381e+00
1.9184e+04, 3.3788e+00
1.9185e+04, 2.9584e+00
1.9186e+04, 2.0349e+00
1.9187e+04, 1.5845e+00
1.9187e+04, 1.1908e+00
1.9188e+04, 8.5672e-01
1.9188e+04, 5.9810e-01
1.9189e+04, 4.0169e-01
1.9190e+04, 2.6452e-01
1.9190e+04, 1.6979e-01
1.9191e+04, 1.0832e-01
1.9191e+04, 6.9836e-02
1.9192e+04, 4.6695e-02
1.9193e+04, 3.2504e-02
1.9193e+04, 2.4089e-02
1.9194e+04, 1.5473e-02
1.9196e+04, 1.0955e-02
1.9197e+04, 8.4971e-03
1.9200e+04, 5.6682e-03
1.9203e+04, 4.0719e-03
1.9206e+04, 3.0775e-03
1.9210e+04, 2.1950e-03
1.9214e+04, 1.6523e-03
1.9222e+04, 1.0256e-03
1.9230e+04, 7.0478e-04
1.9238e+04, 5.2696e-04
1.9246e+04, 4.0379e-04
1.9255e+04, 3.2384e-04
1.9271e+04, 2.2205e-04
1.9287e+04, 1.6579e-04
1.9304e+04, 1.3198e-04
1.9336e+04, 8.9022e-05
1.9378e+04, 6.4053e-05
1.9419e+04, 4.9177e-05
1.9502e+04, 3.3889e-05
1.9585e+04, 2.6391e-05
1.9668e+04, 2.2372e-05
1.9834e+04, 1.8471e-05
2.0000e+04, 1.7194e-05
2.0217e+04, 1.9097e-05
2.0435e+04, 2.6219e-05
2.0544e+04, 3.5073e-05
2.0598e+04, 4.0752e-05
2.0652e+04, 5.1384e-05
2.0707e+04, 6.9540e-05
2.0761e+04, 1.0489e-04
2.0788e+04, 1.3124e-04
2.0815e+04, 1.7797e-04
2.0843e+04, 2.5624e-04
2.0870e+04, 4.1970e-04
2.0889e+04, 6.7520e-04
2.0899e+04, 8.8518e-04
2.0908e+04, 1.2316e-03
2.0918e+04, 1.8622e-03
2.0923e+04, 2.3812e-03
2.0927e+04, 3.1416e-03
2.0932e+04, 4.3108e-03
2.0937e+04, 6.4026e-03
2.0942e+04, 1.0567e-02
2.0944e+04, 1.4405e-02
2.0947e+04, 2.1177e-02
2.0948e+04, 2.7334e-02
2.0949e+04, 3.8349e-02
2.0950e+04, 4.7831e-02
2.0950e+04, 6.1981e-02
2.0951e+04, 8.4290e-02
2.0951e+04, 1.1849e-01
2.0952e+04, 1.7219e-01
2.0952e+04, 2.0881e-01
2.0953e+04, 2.5202e-01
2.0953e+04, 3.0604e-01
2.0953e+04, 3.7099e-01
2.0954e+04, 4.4832e-01
2.0954e+04, 5.3625e-01
2.0954e+04, 6.4186e-01
2.0955e+04, 7.6345e-01
2.0955e+04, 9.0172e-01
2.0955e+04, 1.0516e+00
2.0956e+04, 1.4098e+00
2.0956e+04, 1.8165e+00
2.0957e+04, 2.5393e+00
2.0958e+04, 2.8874e+00
2.0958e+04, 3.1912e+00
2.0959e+04, 3.4148e+00
2.0959e+04, 3.5780e+00
2.0960e+04, 3.6527e+00
2.0960e+04, 3.6869e+00
2.0960e+04, 3.6898e+00
2.0960e+04, 3.6415e+00
2.0961e+04, 3.5595e+00
2.0961e+04, 3.4448e+00
2.0961e+04, 3.2677e+00
2.0962e+04, 3.0542e+00
2.0963e+04, 2.5532e+00
2.0964e+04, 1.7396e+00
2.0964e+04, 1.3661e+00
2.0965e+04, 1.0462e+00
2.0965e+04, 9.0161e-01
2.0965e+04, 7.7602e-01
2.0966e+04, 6.6408e-01
2.0966e+04, 5.6530e-01
2.0966e+04, 4.7615e-01
2.0967e+04, 4.0185e-01
2.0967e+04, 3.3813e-01
2.0967e+04, 2.8394e-01
2.0968e+04, 2.1280e-01
2.0968e+04, 1.5996e-01
2.0968e+04, 1.2132e-01
2.0969e+04, 9.3394e-02
2.0970e+04, 5.8956e-02
2.0971e+04, 4.1130e-02
2.0972e+04, 3.1104e-02
2.0973e+04, 2.4969e-02
2.0974e+04, 1.7780e-02
2.0976e+04, 1.3516e-02
2.0978e+04, 1.0707e-02
2.0982e+04, 7.2495e-03
2.0985e+04, 5.2264e-03
2.0989e+04, 3.9465e-03
2.0996e+04, 2.5087e-03
2.1006e+04, 1.6220e-03
2.1015e+04, 1.1306e-03
2.1027e+04, 7.5948e-04
2.1039e+04, 5.6310e-04
2.1052e+04, 4.2567e-04
2.1064e+04, 3.4295e-04
2.1089e+04, 2.4090e-04
2.1114e+04, 1.9134e-04
2.1139e+04, 1.5981e-04
2.1164e+04, 1.4490e-04
2.1213e+04, 1.3499e-04
2.1274e+04, 1.5834e-04
2.1335e+04, 2.3168e-04
2.1366e+04, 3.0053e-04
2.1396e+04, 4.2577e-04
2.1427e+04, 6.7050e-04
2.1442e+04, 8.8266e-04
2.1457e+04, 1.2299e-03
2.1470e+04, 1.7282e-03
2.1483e+04, 2.5865e-03
2.1490e+04, 3.2998e-03
2.1496e+04, 4.3578e-03
2.1503e+04, 6.0088e-03
2.1509e+04, 8.8437e-03
2.1513e+04, 1.1977e-02
2.1517e+04, 1.7131e-02
2.1520e+04, 2.1101e-02
2.1522e+04, 2.6666e-02
2.1524e+04, 3.4943e-02
2.1525e+04, 4.0700e-02
2.1526e+04, 4.8045e-02
2.1527e+04, 5.5698e-02
2.1528e+04, 6.5549e-02
2.1528e+04, 7.8581e-02
2.1529e+04, 9.6076e-02
2.1530e+04, 1.0750e-01
2.1530e+04, 1.2075e-01
2.1531e+04, 1.3651e-01
2.1531e+04, 1.5531e-01
2.1531e+04, 1.7833e-01
2.1532e+04, 2.0516e-01
2.1532e+04, 2.3701e-01
2.1533e+04, 2.7460e-01
2.1533e+04, 3.2321e-01
2.1534e+04, 3.8036e-01
2.1534e+04, 4.4664e-01
2.1535e+04, 5.2225e-01
2.1535e+04, 6.0691e-01
2.1535e+04, 6.9972e-01
2.1536e+04, 9.0264e-01
2.1537e+04, 1.0723e+00
2.1538e+04, 1.2283e+00
2.1539e+04, 1.3528e+00
2.1539e+04, 1.4289e+00
2.1540e+04, 1.4491e+00
2.1541e+04, 1.4267e+00
2.1541e+04, 1.3632e+00
2.1542e+04, 1.2650e+00
2.1543e+04, 1.1412e+00
2.1544e+04, 8.4566e-01
2.1545e+04, 7.0152e-01
2.1545e+04, 5.7065e-01
2.1546e+04, 4.6529e-01
2.1546e+04, 3.7624e-01
2.1547e+04, 3.0314e-01
2.1548e+04, 2.4537e-01
2.1548e+04, 1.9899e-01
2.1549e+04, 1.6287e-01
2.1549e+04, 1.3490e-01
2.1550e+04, 1.1354e-01
2.1551e+04, 9.7328e-02
2.1551e+04, 8.4428e-02
2.1552e+04, 7.4043e-02
2.1552e+04, 6.5574e-02
2.1554e+04, 5.2712e-02
2.1555e+04, 4.3557e-02
2.1556e+04, 3.6652e-02
2.1557e+04, 3.1370e-02
2.1559e+04, 2.3791e-02
2.1563e+04, 1.6672e-02
2.1566e+04, 1.2358e-02
2.1573e+04, 7.6141e-03
2.1580e+04, 5.1540e-03
2.1588e+04, 3.7256e-03
2.1598e+04, 2.5386e-03
2.1608e+04, 1.8339e-03
2.1618e+04, 1.3885e-03
2.1628e+04, 1.0941e-03
2.1648e+04, 7.3005e-04
2.1669e+04, 5.1949e-04
2.1683e+04, 4.2522e-04
2.1711e+04, 3.0158e-04
2.1750e+04, 2.0675e-04
2.1789e+04, 1.5486e-04
2.1827e+04, 1.1715e-04
2.1866e+04, 9.5655e-05
2.1944e+04, 6.7723e-05
2.2021e+04, 5.3979e-05
2.2099e+04, 4.4842e-05
2.2176e+04, 4.0230e-05
2.2332e+04, 3.5867e-05
2.2522e+04, 3.8749e-05
2.2713e+04, 5.0831e-05
2.2808e+04, 6.2300e-05
2.2903e+04, 8.2719e-05
2.2998e+04, 1.2204e-04
2.3046e+04, 1.5564e-04
2.3094e+04, 2.0936e-04
2.3134e+04, 2.8828e-04
2.3175e+04, 4.2056e-04
2.3195e+04, 5.3087e-04
2.3215e+04, 6.9531e-04
2.3235e+04, 9.4961e-04
2.3256e+04, 1.3888e-03
2.3269e+04, 1.8718e-03
2.3282e+04, 2.6636e-03
2.3295e+04, 4.0963e-03
2.3302e+04, 5.3080e-03
2.3309e+04, 7.1554e-03
2.3314e+04, 9.3137e-03
2.3319e+04, 1.2646e-02
2.3321e+04, 1.5048e-02
2.3324e+04, 1.8201e-02
2.3326e+04, 2.2490e-02
2.3329e+04, 2.8504e-02
2.3331e+04, 3.6968e-02
2.3333e+04, 4.2719e-02
2.3334e+04, 4.9985e-02
2.3335e+04, 5.9369e-02
2.3336e+04, 7.1816e-02
2.3337e+04, 8.8847e-02
2.3338e+04, 9.9904e-02
2.3339e+04, 1.1294e-01
2.3339e+04, 1.3217e-01
2.3340e+04, 1.5640e-01
2.3341e+04, 1.8704e-01
2.3342e+04, 2.2507e-01
2.3342e+04, 2.7324e-01
2.3343e+04, 3.3170e-01
2.3344e+04, 4.0309e-01
2.3344e+04, 4.8550e-01
2.3346e+04, 6.4315e-01
2.3347e+04, 8.1279e-01
2.3348e+04, 9.6601e-01
2.3348e+04, 1.0263e+00
2.3349e+04, 1.0693e+00
2.3350e+04, 1.0905e+00
2.3350e+04, 1.0977e+00
2.3351e+04, 1.0885e+00
2.3351e+04, 1.0624e+00
2.3352e+04, 1.0207e+00
2.3352e+04, 9.6582e-01
2.3353e+04, 8.2819e-01
2.3354e+04, 6.7464e-01
2.3355e+04, 5.1443e-01
2.3356e+04, 4.4330e-01
2.3357e+04, 3.8088e-01
2.3357e+04, 3.2535e-01
2.3358e+04, 2.7770e-01
2.3358e+04, 2.3739e-01
2.3359e+04, 2.0417e-01
2.3359e+04, 1.7691e-01
2.3360e+04, 1.5454e-01
2.3361e+04, 1.3584e-01
2.3361e+04, 1.2018e-01
2.3362e+04, 1.0680e-01
2.3362e+04, 9.5709e-02
2.3363e+04, 7.8207e-02
2.3364e+04, 6.5106e-02
2.3366e+04, 5.5211e-02
2.3367e+04, 4.7415e-02
2.3368e+04, 4.1256e-02
2.3370e+04, 3.2441e-02
2.3372e+04, 2.6248e-02
2.3374e+04, 2.1693e-02
2.3376e+04, 1.8237e-02
2.3380e+04, 1.3417e-02
2.3385e+04, 1.0308e-02
2.3390e+04, 7.7501e-03
2.3395e+04, 6.0369e-03
2.3406e+04, 3.9681e-03
2.3416e+04, 2.8220e-03
2.3427e+04, 2.1103e-03
2.3441e+04, 1.5113e-03
2.3455e+04, 1.1500e-03
2.3484e+04, 7.3107e-04
2.3512e+04, 5.1737e-04
2.3541e+04, 3.9567e-04
2.3588e+04, 2.8729e-04
2.3635e+04, 2.3590e-04
2.3729e+04, 2.0283e-04
2.3800e+04, 2.2064e-04
2.3871e+04, 2.7572e-04
2.3941e+04, 3.9572e-04
2.3977e+04, 5.0297e-04
2.4012e+04, 6.7258e-04
2.4037e+04, 8.6074e-04
2.4062e+04, 1.1482e-03
2.4088e+04, 1.6124e-03
2.4113e+04, 2.4489e-03
2.4126e+04, 3.1414e-03
2.4138e+04, 4.1764e-03
2.4151e+04, 5.8196e-03
2.4157e+04, 7.0410e-03
2.4163e+04, 8.6900e-03
2.4170e+04, 1.1186e-02
2.4174e+04, 1.2861e-02
2.4177e+04, 1.4930e-02
2.4180e+04, 1.7538e-02
2.4184e+04, 2.0887e-02
2.4187e+04, 2.5324e-02
2.4190e+04, 3.1320e-02
2.4192e+04, 3.5698e-02
2.4194e+04, 4.1022e-02
2.4196e+04, 4.7616e-02
2.4198e+04, 5.5902e-02
2.4200e+04, 6.6556e-02
2.4202e+04, 8.0375e-02
2.4203e+04, 8.8944e-02
2.4204e+04, 9.8782e-02
2.4205e+04, 1.1038e-01
2.4205e+04, 1.2383e-01
2.4207e+04, 1.4354e-01
2.4208e+04, 1.6765e-01
2.4209e+04, 1.9710e-01
2.4210e+04, 2.3251e-01
2.4211e+04, 2.7520e-01
2.4212e+04, 3.2458e-01
2.4215e+04, 4.3997e-01
2.4216e+04, 5.0912e-01
2.4217e+04, 5.6907e-01
2.4219e+04, 6.1009e-01
2.4219e+04, 6.2095e-01
2.4220e+04, 6.2454e-01
2.4221e+04, 6.1265e-01
2.4222e+04, 5.7899e-01
2.4224e+04, 5.2870e-01
2.4225e+04, 4.6917e-01
2.4227e+04, 3.4569e-01
2.4228e+04, 2.9120e-01
2.4230e+04, 2.4465e-01
2.4231e+04, 2.0249e-01
2.4232e+04, 1.6878e-01
2.4233e+04, 1.4165e-01
2.4235e+04, 1.2019e-01
2.4236e+04, 1.0285e-01
2.4237e+04, 8.8952e-02
2.4239e+04, 7.7611e-02
2.4240e+04, 6.8258e-02
2.4241e+04, 6.1022e-02
2.4242e+04, 5.4857e-02
2.4245e+04, 4.5029e-02
2.4247e+04, 3.7597e-02
2.4249e+04, 3.1852e-02
2.4252e+04, 2.7309e-02
2.4254e+04, 2.3684e-02
2.4257e+04, 2.0736e-02
2.4259e+04, 1.8311e-02
2.4263e+04, 1.4729e-02
2.4268e+04, 1.2094e-02
2.4272e+04, 1.0103e-02
2.4277e+04, 8.5699e-03
2.4286e+04, 6.3880e-03
2.4295e+04, 4.9471e-03
2.4312e+04, 3.2851e-03
2.4330e+04, 2.3365e-03
2.4347e+04, 1.7482e-03
2.4364e+04, 1.3580e-03
2.4399e+04, 8.9147e-04
2.4433e+04, 6.2907e-04
2.4468e+04, 4.6938e-04
2.4502e+04, 3.6414e-04
2.4550e+04, 2.6900e-04
2.4599e+04, 2.0711e-04
2.4695e+04, 1.3435e-04
2.4723e+04, 1.2091e-04
2.4806e+04, 9.1614e-05
2.4889e+04, 7.1608e-05
2.4999e+04, 5.4475e-05
2.5178e+04, 3.8327e-05
2.5358e+04, 2.8777e-05
2.5717e+04, 1.9312e-05
2.6075e+04, 1.5055e-05
2.6434e+04, 1.3818e-05
2.6697e+04, 1.4716e-05
2.6959e+04, 1.8227e-05
2.7090e+04, 2.2056e-05
2.7221e+04, 2.9597e-05
2.7352e+04, 4.5115e-05
2.7418e+04, 6.0373e-05
2.7483e+04, 8.7468e-05
2.7538e+04, 1.3162e-04
2.7585e+04, 2.0751e-04
2.7608e+04, 2.7571e-04
2.7632e+04, 3.8526e-04
2.7655e+04, 5.5848e-04
2.7678e+04, 9.2034e-04
2.7690e+04, 1.2534e-03
2.7701e+04, 1.8077e-03
2.7713e+04, 2.8035e-03
2.7719e+04, 3.6780e-03
2.7725e+04, 5.0021e-03
2.7731e+04, 7.3543e-03
2.7737e+04, 1.1971e-02
2.7740e+04, 1.6167e-02
2.7743e+04, 2.3264e-02
2.7744e+04, 2.8941e-02
2.7746e+04, 3.7473e-02
2.7747e+04, 5.1844e-02
2.7748e+04, 6.3189e-02
2.7749e+04, 7.9410e-02
2.7750e+04, 1.0543e-01
2.7750e+04, 1.2338e-01
2.7750e+04, 1.4497e-01
2.7751e+04, 1.7218e-01
2.7751e+04, 2.0466e-01
2.7752e+04, 2.4513e-01
2.7752e+04, 2.9276e-01
2.7752e+04, 3.5108e-01
2.7753e+04, 4.1833e-01
2.7753e+04, 4.9884e-01
2.7754e+04, 5.8939e-01
2.7754e+04, 6.9489e-01
2.7755e+04, 8.1013e-01
2.7755e+04, 1.0741e+00
2.7758e+04, 1.9618e+00
2.7758e+04, 2.1427e+00
2.7759e+04, 2.2811e+00
2.7759e+04, 2.3632e+00
2.7760e+04, 2.3912e+00
2.7761e+04, 2.3546e+00
2.7761e+04, 2.2483e+00
2.7762e+04, 2.0734e+00
2.7763e+04, 1.8503e+00
2.7764e+04, 1.3637e+00
2.7765e+04, 1.1241e+00
2.7765e+04, 9.0734e-01
2.7766e+04, 7.6545e-01
2.7766e+04, 6.4177e-01
2.7767e+04, 5.3136e-01
2.7767e+04, 4.3874e-01
2.7767e+04, 3.5892e-01
2.7768e+04, 2.9409e-01
2.7768e+04, 2.3980e-01
2.7769e+04, 1.9682e-01
2.7769e+04, 1.6161e-01
2.7770e+04, 1.3420e-01
2.7770e+04, 1.1201e-01
2.7771e+04, 9.4870e-02
2.7771e+04, 8.1011e-02
2.7772e+04, 7.0249e-02
2.7772e+04, 5.4654e-02
2.7773e+04, 4.4719e-02
2.7774e+04, 3.7622e-02
2.7776e+04, 2.8200e-02
2.7779e+04, 1.8006e-02
2.7783e+04, 1.2628e-02
2.7786e+04, 9.4047e-03
2.7793e+04, 5.8000e-03
2.7800e+04, 3.9551e-03
2.7811e+04, 2.3968e-03
2.7822e+04, 1.6013e-03
2.7833e+04, 1.1476e-03
2.7844e+04, 8.7602e-04
2.7867e+04, 5.4648e-04
2.7889e+04, 3.7840e-04
2.7911e+04, 2.7913e-04
2.7934e+04, 2.1535e-04
2.7978e+04, 1.3812e-04
2.8015e+04, 1.0496e-04
2.8052e+04, 8.4580e-05
2.8126e+04, 5.7783e-05
2.8200e+04, 4.4265e-05
2.8273e+04, 3.6874e-05
2.8421e+04, 2.9898e-05
2.8568e+04, 2.8290e-05
2.8716e+04, 3.0173e-05
2.8863e+04, 3.5317e-05
2.9011e+04, 4.5247e-05
2.9158e+04, 6.4078e-05
2.9232e+04, 8.0153e-05
2.9306e+04, 1.0437e-04
2.9380e+04, 1.4359e-04
2.9453e+04, 2.1315e-04
2.9490e+04, 2.7097e-04
2.9527e+04, 3.5746e-04
2.9564e+04, 4.9635e-04
2.9583e+04, 5.9868e-04
2.9601e+04, 7.3922e-04
2.9622e+04, 9.7666e-04
2.9633e+04, 1.1422e-03
2.9644e+04, 1.3546e-03
2.9654e+04, 1.6339e-03
2.9665e+04, 2.0110e-03
2.9686e+04, 3.2979e-03
2.9691e+04, 3.7226e-03
2.9695e+04, 4.2383e-03
2.9698e+04, 4.5373e-03
2.9700e+04, 4.8674e-03
2.9702e+04, 5.2373e-03
2.9703e+04, 5.4377e-03
2.9704e+04, 5.6500e-03
2.9706e+04, 5.9843e-03
2.9708e+04, 6.3494e-03
2.9709e+04, 6.7488e-03
2.9711e+04, 7.1840e-03
2.9713e+04, 7.6651e-03
2.9714e+04, 8.1919e-03
2.9716e+04, 8.7777e-03
2.9717e+04, 9.4230e-03
2.9719e+04, 1.0173e-02
2.9721e+04, 1.1014e-02
2.9723e+04, 1.1960e-02
2.9724e+04, 1.3029e-02
2.9726e+04, 1.4245e-02
2.9727e+04, 1.4916e-02
2.9728e+04, 1.5633e-02
2.9728e+04, 1.6402e-02
2.9729e+04, 1.7226e-02
2.9730e+04, 1.8111e-02
2.9731e+04, 1.9051e-02
2.9732e+04, 2.0701e-02
2.9734e+04, 2.2544e-02
2.9735e+04, 2.4643e-02
2.9736e+04, 2.7003e-02
2.9738e+04, 2.9705e-02
2.9739e+04, 3.2758e-02
2.9740e+04, 3.6239e-02
2.9742e+04, 4.0208e-02
2.9742e+04, 4.2823e-02
2.9743e+04, 4.5610e-02
2.9744e+04, 4.8653e-02
2.9745e+04, 5.1886e-02
2.9746e+04, 5.9111e-02
2.9748e+04, 6.7250e-02
2.9750e+04, 7.6330e-02
2.9751e+04, 8.6071e-02
2.9754e+04, 1.0560e-01
2.9757e+04, 1.1961e-01
2.9759e+04, 1.2359e-01
2.9760e+04, 1.2494e-01
2.9761e+04, 1.2356e-01
2.9763e+04, 1.1955e-01
2.9764e+04, 1.1484e-01
2.9765e+04, 1.0910e-01
2.9767e+04, 9.5652e-02
2.9772e+04, 6.8183e-02
2.9774e+04, 5.6610e-02
2.9776e+04, 4.7053e-02
2.9779e+04, 3.9306e-02
2.9781e+04, 3.3086e-02
2.9784e+04, 2.7160e-02
2.9786e+04, 2.2608e-02
2.9789e+04, 1.9047e-02
2.9792e+04, 1.6249e-02
2.9794e+04, 1.4003e-02
2.9797e+04, 1.2188e-02
2.9800e+04, 1.0689e-02
2.9803e+04, 9.4489e-03
2.9807e+04, 7.7646e-03
2.9812e+04, 6.4919e-03
2.9817e+04, 5.5086e-03
2.9821e+04, 4.7357e-03
2.9826e+04, 4.1152e-03
2.9830e+04, 3.6130e-03
2.9840e+04, 2.8577e-03
2.9848e+04, 2.3575e-03
2.9857e+04, 1.9839e-03
2.9865e+04, 1.6980e-03
2.9874e+04, 1.4749e-03
2.9891e+04, 1.1563e-03
2.9908e+04, 9.4872e-04
2.9927e+04, 8.0020e-04
2.9945e+04, 7.0413e-04
2.9983e+04, 6.2485e-04
3.0014e+04, 6.5753e-04
3.0045e+04, 8.1144e-04
3.0060e+04, 9.6992e-04
3.0076e+04, 1.2292e-03
3.0091e+04, 1.6692e-03
3.0107e+04, 2.4770e-03
3.0113e+04, 3.0142e-03
3.0122e+04, 4.1909e-03
3.0131e+04, 6.2595e-03
3.0135e+04, 7.9825e-03
3.0140e+04, 1.0562e-02
3.0144e+04, 1.4670e-02
3.0149e+04, 2.1932e-02
3.0151e+04, 3.0284e-02
3.0153e+04, 3.6571e-02
3.0154e+04, 4.5253e-02
3.0156e+04, 5.8193e-02
3.0157e+04, 6.7261e-02
3.0157e+04, 7.8817e-02
3.0158e+04, 9.4272e-02
3.0159e+04, 1.1504e-01
3.0159e+04, 1.4324e-01
3.0160e+04, 1.8103e-01
3.0161e+04, 2.2168e-01
3.0161e+04, 2.7225e-01
3.0162e+04, 3.3538e-01
3.0163e+04, 4.1299e-01
3.0163e+04, 5.0663e-01
3.0164e+04, 6.1723e-01
3.0164e+04, 7.4470e-01
3.0165e+04, 8.8761e-01
3.0166e+04, 1.2348e+00
3.0167e+04, 1.5820e+00
3.0168e+04, 1.7112e+00
3.0168e+04, 1.8189e+00
3.0169e+04, 1.8993e+00
3.0170e+04, 1.9478e+00
3.0170e+04, 1.9619e+00
3.0171e+04, 1.9447e+00
3.0171e+04, 1.8955e+00
3.0172e+04, 1.8152e+00
3.0172e+04, 1.7110e+00
3.0173e+04, 1.4268e+00
3.0174e+04, 1.1126e+00
3.0175e+04, 8.2667e-01
3.0176e+04, 7.0109e-01
3.0176e+04, 5.8894e-01
3.0177e+04, 4.9100e-01
3.0178e+04, 4.0714e-01
3.0178e+04, 3.3662e-01
3.0179e+04, 2.7820e-01
3.0179e+04, 2.2802e-01
3.0180e+04, 1.8791e-01
3.0180e+04, 1.5612e-01
3.0181e+04, 1.3141e-01
3.0181e+04, 1.1152e-01
3.0182e+04, 9.6024e-02
3.0182e+04, 8.3434e-02
3.0183e+04, 7.3476e-02
3.0184e+04, 5.8419e-02
3.0185e+04, 4.8036e-02
3.0187e+04, 3.4649e-02
3.0191e+04, 2.3644e-02
3.0194e+04, 1.7281e-02
3.0200e+04, 1.0496e-02
3.0207e+04, 7.0680e-03
3.0213e+04, 5.1011e-03
3.0226e+04, 3.0873e-03
3.0238e+04, 2.0721e-03
3.0251e+04, 1.5020e-03
3.0264e+04, 1.1402e-03
3.0289e+04, 7.2690e-04
3.0314e+04, 5.0977e-04
3.0344e+04, 3.5909e-04
3.0375e+04, 2.7025e-04
3.0437e+04, 1.7170e-04
3.0498e+04, 1.2106e-04
3.0560e+04, 9.0932e-05
3.0670e+04, 6.0636e-05
3.0780e+04, 4.4075e-05
3.0890e+04, 3.3714e-05
3.0945e+04, 2.9946e-05
3.0972e+04, 2.8361e-05
3.0986e+04, 2.8214e-05
3.0988e+04, 3.1790e-05
3.0989e+04, 3.7785e-05
3.0990e+04, 5.0910e-05
3.0991e+04, 7.7908e-05
3.0991e+04, 1.3015e-04
3.0992e+04, 2.2534e-04
3.0993e+04, 3.8861e-04
3.0994e+04, 6.5237e-04
3.0995e+04, 1.0536e-03
3.0996e+04, 1.6286e-03
3.0997e+04, 2.4044e-03
3.0998e+04, 4.5704e-03
3.1000e+04, 7.2966e-03
3.1000e+04, 1.4599e-02
3.5000e+04, 1.3812e-02
4.0000e+04, 1.3018e-02
5.0000e+04, 1.1790e-02
6.0000e+04, 1.0861e-02
7.0000e+04, 1.0427e-02
8.0000e+04, 9.9434e-03
9.0000e+04, 9.3252e-03
1.0000e+05, 8.8048e-03
1.0000e+05, 8.8038e-03
1.5000e+05, 7.4927e-03
2.0000e+05, 6.8302e-03
2.5000e+05, 6.5133e-03
3.0000e+05, 6.3173e-03
3.5000e+05, 6.2045e-03
4.0000e+05, 6.1731e-03
5.0000e+05, 6.3208e-03
5.5000e+05, 6.4815e-03
6.0000e+05, 6.6910e-03
6.5000e+05, 6.9431e-03
7.0000e+05, 7.2317e-03
7.5000e+05, 7.5507e-03
8.4602e+05, 8.2272e-03
9.0000e+05, 6.0955e-03
1.0000e+06, 5.2711e-03
1.2500e+06, 4.7176e-03
1.5000e+06, 4.8443e-03
1.6006e+06, 4.9974e-03
1.6006e+06, 4.9972e-03
1.6457e+06, 4.7115e-03
1.8295e+06, 3.3646e-03
1.9003e+06, 3.2249e-03
1.9003e+06, 3.2248e-03
1.9801e+06, 3.0618e-03
1.9970e+06, 3.0349e-03
2.1176e+06, 2.8086e-03
2.1176e+06, 2.8086e-03
2.1552e+06, 2.7723e-03
2.1552e+06, 2.7723e-03
2.1631e+06, 2.7455e-03
2.2076e+06, 2.6635e-03
2.2076e+06, 2.6635e-03
2.3003e+06, 2.4936e-03
2.3003e+06, 2.4935e-03
2.3181e+06, 2.4543e-03
2.3488e+06, 2.3832e-03
2.4234e+06, 2.2570e-03
2.5000e+06, 2.1910e-03
2.7500e+06, 2.1385e-03
3.0000e+06, 2.1849e-03
3.2500e+06, 2.3146e-03
3.5000e+06, 2.1125e-03
3.7804e+06, 1.8857e-03
4.0000e+06, 1.7082e-03
4.2684e+06, 1.4821e-03
4.5000e+06, 1.2871e-03
4.7500e+06, 1.0766e-03
5.0000e+06, 8.6603e-04
5.2500e+06, 6.7791e-04
5.5000e+06, 5.7944e-04
5.7500e+06, 4.8098e-04
6.0000e+06, 4.1529e-04
6.2500e+06, 3.6425e-04
6.5000e+06, 3.1321e-04
6.7500e+06, 2.8916e-04
7.0000e+06, 2.6512e-04
7.2500e+06, 2.4929e-04
7.5000e+06, 2.4246e-04
7.8484e+06, 2.3422e-04
8.0000e+06, 2.3410e-04
8.2500e+06, 2.3389e-04
8.4783e+06, 2.3622e-04
8.4783e+06, 2.3622e-04
8.7500e+06, 2.5122e-04
9.0000e+06, 2.6502e-04
9.2500e+06, 2.8635e-04
9.5000e+06, 3.1269e-04
9.6907e+06, 3.3279e-04
1.0090e+07, 3.9581e-04
1.0250e+07, 4.2212e-04
1.0500e+07, 4.6252e-04
1.0750e+07, 5.0189e-04
1.0962e+07, 5.3527e-04
1.1000e+07, 5.4125e-04
1.1250e+07, 5.8061e-04
1.1500e+07, 6.4075e-04
1.1750e+07, 7.1059e-04
1.2000e+07, 7.4466e-04
1.2250e+07, 7.7873e-04
1.2500e+07, 8.1279e-04
1.2750e+07, 8.4686e-04
1.3000e+07, 8.7706e-04
1.3250e+07, 9.0147e-04
1.3500e+07, 9.2588e-04
1.3750e+07, 9.5028e-04
1.4000e+07, 9.7469e-04
1.4250e+07, 9.8935e-04
1.4611e+07, 1.0011e-03
1.4750e+07, 1.0057e-03
1.5000e+07, 1.0138e-03
1.5250e+07, 1.0220e-03
1.5500e+07, 1.0197e-03
1.5750e+07, 1.0148e-03
1.6000e+07, 1.0099e-03
1.6250e+07, 1.0050e-03
1.6500e+07, 1.0000e-03
1.6750e+07, 9.9827e-04
1.7000e+07, 9.9650e-04
1.7500e+07, 9.9295e-04
1.8000e+07, 9.9336e-04
1.8500e+07, 9.9640e-04
1.9000e+07, 9.9945e-04
1.9500e+07, 1.0106e-03
2.0000e+07, 1.0217e-03
