ebin, xs
1.0000e-05, 9.0315e+00
1.0625e-05, 8.7618e+00
1.1250e-05, 8.5150e+00
1.1875e-05, 8.2879e+00
1.2500e-05, 8.0780e+00
1.3750e-05, 7.7021e+00
1.5000e-05, 7.3742e+00
1.6250e-05, 7.0849e+00
1.7500e-05, 6.8272e+00
1.8750e-05, 6.5957e+00
2.0000e-05, 6.3862e+00
2.1875e-05, 6.1064e+00
2.3750e-05, 5.8604e+00
2.5625e-05, 5.6419e+00
2.7500e-05, 5.4462e+00
2.9375e-05, 5.2695e+00
3.1250e-05, 5.1090e+00
3.3125e-05, 4.9623e+00
3.5000e-05, 4.8275e+00
3.8750e-05, 4.5880e+00
4.2500e-05, 4.3809e+00
4.6250e-05, 4.1996e+00
5.0000e-05, 4.0390e+00
5.3125e-05, 3.9184e+00
5.6250e-05, 3.8080e+00
5.9375e-05, 3.7064e+00
6.2500e-05, 3.6126e+00
6.8750e-05, 3.4445e+00
7.5000e-05, 3.2978e+00
8.1250e-05, 3.1685e+00
8.7500e-05, 3.0532e+00
9.3750e-05, 2.9497e+00
1.0000e-04, 2.8560e+00
1.0625e-04, 2.7707e+00
1.1250e-04, 2.6927e+00
1.1875e-04, 2.6208e+00
1.2500e-04, 2.5545e+00
1.3750e-04, 2.4356e+00
1.5000e-04, 2.3319e+00
1.6250e-04, 2.2404e+00
1.7500e-04, 2.1589e+00
1.8750e-04, 2.0857e+00
2.0000e-04, 2.0195e+00
2.1875e-04, 1.9310e+00
2.3750e-04, 1.8532e+00
2.5625e-04, 1.7841e+00
2.7500e-04, 1.7222e+00
2.9375e-04, 1.6664e+00
3.1250e-04, 1.6156e+00
3.3125e-04, 1.5692e+00
3.5000e-04, 1.5266e+00
3.8750e-04, 1.4509e+00
4.2500e-04, 1.3854e+00
4.6250e-04, 1.3280e+00
5.0000e-04, 1.2772e+00
5.3125e-04, 1.2391e+00
5.6250e-04, 1.2042e+00
5.9375e-04, 1.1721e+00
6.2500e-04, 1.1424e+00
6.8750e-04, 1.0892e+00
7.5000e-04, 1.0429e+00
8.1250e-04, 1.0020e+00
8.7500e-04, 9.6551e-01
9.3750e-04, 9.3277e-01
1.0000e-03, 9.0315e-01
1.0625e-03, 8.7618e-01
1.1250e-03, 8.5150e-01
1.1875e-03, 8.2879e-01
1.2500e-03, 8.0780e-01
1.3750e-03, 7.7021e-01
1.5000e-03, 7.3742e-01
1.6250e-03, 7.0849e-01
1.7500e-03, 6.8272e-01
1.8750e-03, 6.5957e-01
2.0000e-03, 6.3863e-01
2.1875e-03, 6.1064e-01
2.3750e-03, 5.8605e-01
2.5625e-03, 5.6420e-01
2.7500e-03, 5.4462e-01
2.9375e-03, 5.2696e-01
3.1250e-03, 5.1090e-01
3.3125e-03, 4.9623e-01
3.5000e-03, 4.8276e-01
3.8750e-03, 4.5880e-01
4.2500e-03, 4.3810e-01
4.6250e-03, 4.1996e-01
5.0000e-03, 4.0390e-01
5.3125e-03, 3.9184e-01
5.6250e-03, 3.8080e-01
5.9375e-03, 3.7064e-01
6.2500e-03, 3.6126e-01
6.8750e-03, 3.4444e-01
7.5000e-03, 3.2978e-01
8.1250e-03, 3.1684e-01
8.7500e-03, 3.0531e-01
9.3750e-03, 2.9496e-01
1.0000e-02, 2.8559e-01
1.0625e-02, 2.7707e-01
1.1250e-02, 2.6926e-01
1.1875e-02, 2.6208e-01
1.2500e-02, 2.5544e-01
1.3750e-02, 2.4356e-01
1.5000e-02, 2.3319e-01
1.6250e-02, 2.2404e-01
1.7500e-02, 2.1588e-01
1.8750e-02, 2.0856e-01
2.0000e-02, 2.0194e-01
2.1325e-02, 1.9556e-01
2.2650e-02, 1.8976e-01
2.3975e-02, 1.8444e-01
2.5300e-02, 1.7955e-01
2.6844e-02, 1.7432e-01
2.8387e-02, 1.6952e-01
3.1475e-02, 1.6099e-01
3.4563e-02, 1.5363e-01
3.7650e-02, 1.4720e-01
4.0738e-02, 1.4150e-01
4.3825e-02, 1.3642e-01
4.6913e-02, 1.3185e-01
5.0000e-02, 1.2771e-01
5.3125e-02, 1.2390e-01
5.6250e-02, 1.2041e-01
5.9375e-02, 1.1720e-01
6.2500e-02, 1.1424e-01
6.8750e-02, 1.0893e-01
7.5000e-02, 1.0429e-01
8.1250e-02, 1.0020e-01
8.7500e-02, 9.6546e-02
9.3750e-02, 9.3269e-02
1.0000e-01, 9.0304e-02
1.0625e-01, 8.7607e-02
1.1250e-01, 8.5139e-02
1.1875e-01, 8.2873e-02
1.2500e-01, 8.0780e-02
1.3750e-01, 7.7027e-02
1.5000e-01, 7.3746e-02
1.6250e-01, 7.0849e-02
1.7500e-01, 6.8268e-02
1.8750e-01, 6.5954e-02
2.0000e-01, 6.3863e-02
2.1875e-01, 6.1067e-02
2.3750e-01, 5.8605e-02
2.5625e-01, 5.6417e-02
2.7500e-01, 5.4457e-02
2.9375e-01, 5.2688e-02
3.1250e-01, 5.1082e-02
3.3125e-01, 4.9617e-02
3.5000e-01, 4.8277e-02
3.8750e-01, 4.5888e-02
4.2500e-01, 4.3813e-02
5.0000e-01, 4.0398e-02
6.2500e-01, 3.6133e-02
7.5000e-01, 3.2978e-02
8.7500e-01, 3.0538e-02
1.0000e+00, 2.8571e-02
1.2500e+00, 2.5547e-02
1.5000e+00, 2.3317e-02
1.7500e+00, 2.1590e-02
2.0000e+00, 2.0196e-02
2.3750e+00, 1.8532e-02
2.7500e+00, 1.7223e-02
3.1250e+00, 1.6154e-02
3.5000e+00, 1.5262e-02
4.2500e+00, 1.3848e-02
5.0000e+00, 1.2766e-02
6.2500e+00, 1.1417e-02
7.5000e+00, 1.0420e-02
8.7500e+00, 9.6468e-03
1.0000e+01, 9.0232e-03
1.2500e+01, 8.0680e-03
1.5000e+01, 7.3629e-03
1.7500e+01, 6.8154e-03
2.0000e+01, 6.3739e-03
2.3750e+01, 5.8470e-03
2.7500e+01, 5.4321e-03
3.1250e+01, 5.0938e-03
3.5000e+01, 4.8114e-03
4.2500e+01, 4.3632e-03
5.0000e+01, 4.0199e-03
6.2500e+01, 3.5915e-03
7.5000e+01, 3.2748e-03
8.7500e+01, 3.0285e-03
1.0000e+02, 2.8298e-03
1.2500e+02, 2.5253e-03
1.5000e+02, 2.3001e-03
1.7500e+02, 2.1247e-03
2.0000e+02, 1.9831e-03
2.3750e+02, 1.8138e-03
2.7500e+02, 1.6800e-03
3.1250e+02, 1.5707e-03
3.5000e+02, 1.4793e-03
4.2500e+02, 1.3335e-03
5.0000e+02, 1.2214e-03
6.2500e+02, 1.0806e-03
7.5000e+02, 9.7581e-04
8.7500e+02, 8.9376e-04
1.0000e+03, 8.2715e-04
1.1250e+03, 7.7161e-04
1.2500e+03, 7.2433e-04
1.5000e+03, 6.4756e-04
1.7500e+03, 5.8730e-04
2.0000e+03, 5.3832e-04
2.3750e+03, 4.7940e-04
2.7500e+03, 4.3262e-04
3.1250e+03, 3.9430e-04
3.5000e+03, 3.6220e-04
4.2500e+03, 3.1114e-04
5.0000e+03, 2.7211e-04
6.2500e+03, 2.2389e-04
7.5000e+03, 1.8901e-04
8.7500e+03, 1.6265e-04
1.0000e+04, 1.4210e-04
1.1529e+04, 1.2267e-04
1.3058e+04, 1.0750e-04
1.6116e+04, 8.8382e-05
1.6444e+04, 9.2047e-05
1.6608e+04, 9.8930e-05
1.6771e+04, 1.2924e-04
1.6820e+04, 1.6070e-04
1.6844e+04, 1.8901e-04
1.6869e+04, 2.3864e-04
1.6893e+04, 3.3363e-04
1.6905e+04, 4.0153e-04
1.6917e+04, 5.1605e-04
1.6929e+04, 7.1593e-04
1.6942e+04, 1.0696e-03
1.6948e+04, 1.3882e-03
1.6954e+04, 1.8939e-03
1.6960e+04, 2.7517e-03
1.6966e+04, 4.4250e-03
1.6968e+04, 5.7094e-03
1.6971e+04, 7.8513e-03
1.6972e+04, 9.7134e-03
1.6974e+04, 1.2957e-02
1.6975e+04, 1.9417e-02
1.6976e+04, 2.5013e-02
1.6976e+04, 3.3258e-02
1.6977e+04, 4.5380e-02
1.6977e+04, 6.3047e-02
1.6978e+04, 8.8458e-02
1.6979e+04, 1.2439e-01
1.6979e+04, 1.7423e-01
1.6980e+04, 2.4187e-01
1.6981e+04, 3.3157e-01
1.6981e+04, 4.4760e-01
1.6982e+04, 5.9387e-01
1.6983e+04, 7.7329e-01
1.6983e+04, 9.8718e-01
1.6984e+04, 1.2346e+00
1.6984e+04, 1.5117e+00
1.6985e+04, 1.8116e+00
1.6986e+04, 2.4315e+00
1.6987e+04, 2.7679e+00
1.6988e+04, 3.0570e+00
1.6989e+04, 3.2816e+00
1.6989e+04, 3.4237e+00
1.6990e+04, 3.4673e+00
1.6990e+04, 3.4715e+00
1.6990e+04, 3.4650e+00
1.6991e+04, 3.4060e+00
1.6992e+04, 3.2376e+00
1.6992e+04, 2.9814e+00
1.6993e+04, 2.6600e+00
1.6994e+04, 2.3046e+00
1.6996e+04, 1.5065e+00
1.6996e+04, 1.1534e+00
1.6997e+04, 8.5574e-01
1.6998e+04, 6.1171e-01
1.6999e+04, 4.2559e-01
1.7000e+04, 2.8656e-01
1.7000e+04, 1.8940e-01
1.7001e+04, 1.1495e-01
1.7002e+04, 6.9752e-02
1.7003e+04, 4.3019e-02
1.7004e+04, 2.7661e-02
1.7005e+04, 1.8887e-02
1.7006e+04, 1.3937e-02
1.7008e+04, 9.1315e-03
1.7010e+04, 6.8979e-03
1.7012e+04, 5.5512e-03
1.7016e+04, 3.9056e-03
1.7019e+04, 2.9227e-03
1.7023e+04, 2.2756e-03
1.7031e+04, 1.5033e-03
1.7038e+04, 1.0875e-03
1.7046e+04, 8.3485e-04
1.7061e+04, 5.4014e-04
1.7075e+04, 3.9319e-04
1.7090e+04, 3.1084e-04
1.7120e+04, 2.1754e-04
1.7178e+04, 1.4453e-04
1.7266e+04, 1.1003e-04
1.7355e+04, 9.6569e-05
1.7531e+04, 8.6463e-05
1.7884e+04, 7.9823e-05
1.8589e+04, 7.4630e-05
2.0000e+04, 6.8683e-05
2.3750e+04, 5.8762e-05
2.7500e+04, 5.3606e-05
3.1250e+04, 5.2348e-05
3.5000e+04, 5.5349e-05
3.8750e+04, 6.4556e-05
4.2500e+04, 8.5673e-05
4.4258e+04, 1.0391e-04
4.6016e+04, 1.3258e-04
4.7773e+04, 1.7981e-04
4.8652e+04, 2.1628e-04
4.9531e+04, 2.6713e-04
5.0000e+04, 3.0311e-04
5.0753e+04, 3.8049e-04
5.1506e+04, 4.9487e-04
5.1882e+04, 5.7289e-04
5.2258e+04, 6.7371e-04
5.2635e+04, 8.0456e-04
5.3011e+04, 9.7537e-04
5.3345e+04, 1.1831e-03
5.3678e+04, 1.4736e-03
5.4012e+04, 1.8715e-03
5.4095e+04, 1.9999e-03
5.4179e+04, 2.1542e-03
5.4262e+04, 2.4041e-03
5.4304e+04, 2.6222e-03
5.4325e+04, 2.8910e-03
5.4335e+04, 3.2080e-03
5.4346e+04, 3.8854e-03
5.4350e+04, 4.7197e-03
5.4352e+04, 5.7454e-03
5.4354e+04, 7.9105e-03
5.4356e+04, 1.2549e-02
5.4357e+04, 1.6521e-02
5.4358e+04, 2.2177e-02
5.4361e+04, 4.1013e-02
5.4363e+04, 7.4997e-02
5.4365e+04, 1.2352e-01
5.4366e+04, 1.9400e-01
5.4368e+04, 2.8936e-01
5.4370e+04, 4.0827e-01
5.4374e+04, 6.8246e-01
5.4376e+04, 8.0687e-01
5.4378e+04, 8.9809e-01
5.4380e+04, 9.4248e-01
5.4380e+04, 9.4291e-01
5.4381e+04, 9.4060e-01
5.4381e+04, 9.3374e-01
5.4382e+04, 8.9311e-01
5.4384e+04, 8.2411e-01
5.4387e+04, 6.3109e-01
5.4390e+04, 4.0480e-01
5.4393e+04, 2.2238e-01
5.4395e+04, 1.5563e-01
5.4396e+04, 1.0562e-01
5.4398e+04, 6.9709e-02
5.4399e+04, 4.5098e-02
5.4401e+04, 2.8877e-02
5.4402e+04, 1.8749e-02
5.4404e+04, 1.2601e-02
5.4405e+04, 8.9772e-03
5.4407e+04, 6.8821e-03
5.4408e+04, 5.6758e-03
5.4411e+04, 4.5364e-03
5.4418e+04, 3.7750e-03
5.4424e+04, 3.4396e-03
5.4436e+04, 3.1435e-03
5.4485e+04, 2.9087e-03
5.4525e+04, 2.9473e-03
5.4564e+04, 3.0272e-03
5.4584e+04, 3.0778e-03
5.4604e+04, 3.1320e-03
5.4624e+04, 3.1889e-03
5.4643e+04, 3.2488e-03
5.4658e+04, 3.2955e-03
5.4673e+04, 3.3436e-03
5.4688e+04, 3.3931e-03
5.4703e+04, 3.4442e-03
5.4732e+04, 3.5500e-03
5.4762e+04, 3.6614e-03
5.4791e+04, 3.7785e-03
5.4821e+04, 3.9017e-03
5.4851e+04, 4.0312e-03
5.4880e+04, 4.1674e-03
5.4916e+04, 4.3437e-03
5.4952e+04, 4.5313e-03
5.4989e+04, 4.7313e-03
5.5025e+04, 4.9448e-03
5.5061e+04, 5.1727e-03
5.5097e+04, 5.4166e-03
5.5133e+04, 5.6778e-03
5.5170e+04, 5.9576e-03
5.5206e+04, 6.2584e-03
5.5242e+04, 6.5815e-03
5.5278e+04, 6.9295e-03
5.5314e+04, 7.3050e-03
5.5350e+04, 7.7101e-03
5.5387e+04, 8.1487e-03
5.5423e+04, 8.6238e-03
5.5459e+04, 9.1390e-03
5.5493e+04, 9.6780e-03
5.5528e+04, 1.0258e-02
5.5562e+04, 1.0894e-02
5.5597e+04, 1.1572e-02
5.5632e+04, 1.2320e-02
5.5666e+04, 1.3142e-02
5.5701e+04, 1.4021e-02
5.5735e+04, 1.5001e-02
5.5770e+04, 1.6074e-02
5.5804e+04, 1.7229e-02
5.5839e+04, 1.8523e-02
5.5873e+04, 1.9937e-02
5.5908e+04, 2.1463e-02
5.5942e+04, 2.3176e-02
5.5977e+04, 2.5038e-02
5.6011e+04, 2.7046e-02
5.6072e+04, 3.1097e-02
5.6103e+04, 3.3351e-02
5.6134e+04, 3.5729e-02
5.6164e+04, 3.8233e-02
5.6195e+04, 4.0861e-02
5.6256e+04, 4.6277e-02
5.6317e+04, 5.1580e-02
5.6378e+04, 5.6171e-02
5.6439e+04, 5.9329e-02
5.6500e+04, 6.0406e-02
5.6554e+04, 5.9398e-02
5.6609e+04, 5.6717e-02
5.6658e+04, 5.3211e-02
5.6707e+04, 4.9087e-02
5.6805e+04, 4.0393e-02
5.6903e+04, 3.2406e-02
5.7001e+04, 2.5882e-02
5.7099e+04, 2.0778e-02
5.7197e+04, 1.6892e-02
5.7296e+04, 1.3867e-02
5.7394e+04, 1.1514e-02
5.7499e+04, 9.6002e-03
5.7603e+04, 8.0875e-03
5.7708e+04, 6.8895e-03
5.7813e+04, 5.9411e-03
5.7918e+04, 5.1601e-03
5.8023e+04, 4.5254e-03
5.8233e+04, 3.5524e-03
5.8433e+04, 2.8935e-03
5.8633e+04, 2.3925e-03
5.8833e+04, 2.0151e-03
5.9033e+04, 1.7162e-03
5.9234e+04, 1.4778e-03
5.9434e+04, 1.2889e-03
5.9834e+04, 1.0018e-03
6.0197e+04, 8.1920e-04
6.0559e+04, 6.8267e-04
6.1283e+04, 4.9553e-04
6.2008e+04, 3.7720e-04
6.2733e+04, 2.9740e-04
6.3457e+04, 2.4239e-04
6.4182e+04, 2.0259e-04
6.5631e+04, 1.5076e-04
6.7080e+04, 1.2115e-04
6.8529e+04, 1.0483e-04
6.9750e+04, 9.9331e-05
7.2038e+04, 1.1150e-04
7.3182e+04, 1.3643e-04
7.4326e+04, 1.9513e-04
7.5012e+04, 2.7542e-04
7.5355e+04, 3.5116e-04
7.5699e+04, 4.9600e-04
7.5928e+04, 7.1555e-04
7.6042e+04, 9.4124e-04
7.6099e+04, 1.1254e-03
7.6156e+04, 1.3944e-03
7.6199e+04, 1.7006e-03
7.6242e+04, 2.1625e-03
7.6264e+04, 2.4880e-03
7.6285e+04, 2.9084e-03
7.6306e+04, 3.4639e-03
7.6328e+04, 4.2319e-03
7.6339e+04, 4.7585e-03
7.6351e+04, 5.3993e-03
7.6362e+04, 6.1900e-03
7.6373e+04, 7.1798e-03
7.6385e+04, 8.4402e-03
7.6396e+04, 1.0067e-02
7.6407e+04, 1.2203e-02
7.6413e+04, 1.3533e-02
7.6419e+04, 1.5088e-02
7.6425e+04, 1.7234e-02
7.6432e+04, 1.9832e-02
7.6438e+04, 2.2990e-02
7.6445e+04, 2.6825e-02
7.6451e+04, 3.1483e-02
7.6458e+04, 3.7065e-02
7.6464e+04, 4.3600e-02
7.6471e+04, 5.0918e-02
7.6478e+04, 5.9361e-02
7.6486e+04, 6.7097e-02
7.6493e+04, 7.2645e-02
7.6496e+04, 7.4157e-02
7.6500e+04, 7.4667e-02
7.6503e+04, 7.4191e-02
7.6507e+04, 7.2803e-02
7.6514e+04, 6.7694e-02
7.6521e+04, 6.0481e-02
7.6528e+04, 5.2461e-02
7.6534e+04, 4.4666e-02
7.6541e+04, 3.7694e-02
7.6548e+04, 3.1765e-02
7.6555e+04, 2.6862e-02
7.6560e+04, 2.4066e-02
7.6565e+04, 2.1637e-02
7.6569e+04, 1.9527e-02
7.6574e+04, 1.7692e-02
7.6583e+04, 1.4685e-02
7.6593e+04, 1.2361e-02
7.6602e+04, 1.0541e-02
7.6611e+04, 9.1003e-03
7.6621e+04, 7.9446e-03
7.6630e+04, 7.0070e-03
7.6648e+04, 5.6614e-03
7.6665e+04, 4.7025e-03
7.6683e+04, 4.0015e-03
7.6700e+04, 3.4664e-03
7.6718e+04, 3.0533e-03
7.6736e+04, 2.7295e-03
7.6771e+04, 2.2644e-03
7.6808e+04, 1.9451e-03
7.6846e+04, 1.7302e-03
7.6920e+04, 1.4822e-03
7.7070e+04, 1.3360e-03
7.7203e+04, 1.3853e-03
7.7385e+04, 1.6220e-03
7.7568e+04, 2.0611e-03
7.7750e+04, 2.8063e-03
7.7842e+04, 3.3711e-03
7.7933e+04, 4.1268e-03
7.8024e+04, 5.1961e-03
7.8116e+04, 6.7607e-03
7.8161e+04, 7.8225e-03
7.8207e+04, 9.1635e-03
7.8253e+04, 1.0881e-02
7.8298e+04, 1.3120e-02
7.8325e+04, 1.4789e-02
7.8352e+04, 1.6799e-02
7.8379e+04, 1.9183e-02
7.8406e+04, 2.2165e-02
7.8433e+04, 2.5888e-02
7.8460e+04, 3.0609e-02
7.8487e+04, 3.6710e-02
7.8501e+04, 4.0444e-02
7.8514e+04, 4.4753e-02
7.8531e+04, 5.1033e-02
7.8547e+04, 5.8660e-02
7.8564e+04, 6.8021e-02
7.8580e+04, 7.9628e-02
7.8597e+04, 9.4063e-02
7.8605e+04, 1.0263e-01
7.8614e+04, 1.1235e-01
7.8622e+04, 1.2335e-01
7.8630e+04, 1.3582e-01
7.8638e+04, 1.4994e-01
7.8647e+04, 1.6592e-01
7.8660e+04, 1.9500e-01
7.8673e+04, 2.2978e-01
7.8686e+04, 2.7044e-01
7.8698e+04, 3.1557e-01
7.8711e+04, 3.6158e-01
7.8724e+04, 4.0333e-01
7.8737e+04, 4.3309e-01
7.8744e+04, 4.4114e-01
7.8750e+04, 4.4380e-01
7.8758e+04, 4.3919e-01
7.8766e+04, 4.2616e-01
7.8775e+04, 4.0610e-01
7.8783e+04, 3.8095e-01
7.8816e+04, 2.6640e-01
7.8832e+04, 2.1662e-01
7.8840e+04, 1.9532e-01
7.8848e+04, 1.7630e-01
7.8856e+04, 1.5939e-01
7.8865e+04, 1.4441e-01
7.8873e+04, 1.3117e-01
7.8881e+04, 1.1946e-01
7.8898e+04, 9.9568e-02
7.8914e+04, 8.3919e-02
7.8931e+04, 7.1484e-02
7.8948e+04, 6.1495e-02
7.8964e+04, 5.3382e-02
7.8981e+04, 4.6730e-02
7.8998e+04, 4.1272e-02
7.9014e+04, 3.6658e-02
7.9030e+04, 3.3047e-02
7.9045e+04, 2.9932e-02
7.9075e+04, 2.4875e-02
7.9106e+04, 2.0985e-02
7.9136e+04, 1.7936e-02
7.9167e+04, 1.5499e-02
7.9198e+04, 1.3527e-02
7.9228e+04, 1.1908e-02
7.9259e+04, 1.0561e-02
7.9317e+04, 8.5721e-03
7.9375e+04, 7.0799e-03
7.9434e+04, 5.9551e-03
7.9492e+04, 5.0739e-03
7.9608e+04, 3.8170e-03
7.9725e+04, 2.9772e-03
7.9947e+04, 2.0067e-03
8.0169e+04, 1.4424e-03
8.0392e+04, 1.0948e-03
8.0614e+04, 8.6082e-04
8.1058e+04, 5.8339e-04
8.1502e+04, 4.4285e-04
8.1591e+04, 4.7608e-04
8.1611e+04, 5.2570e-04
8.1632e+04, 6.7214e-04
8.1637e+04, 7.5903e-04
8.1642e+04, 9.6876e-04
8.1645e+04, 1.2415e-03
8.1647e+04, 1.8407e-03
8.1649e+04, 2.3762e-03
8.1650e+04, 3.1702e-03
8.1651e+04, 4.3349e-03
8.1652e+04, 6.0200e-03
8.1654e+04, 8.4194e-03
8.1655e+04, 1.1776e-02
8.1658e+04, 2.2583e-02
8.1660e+04, 4.1293e-02
8.1663e+04, 7.0976e-02
8.1665e+04, 1.1387e-01
8.1668e+04, 1.6990e-01
8.1673e+04, 3.0223e-01
8.1676e+04, 3.6851e-01
8.1679e+04, 4.0338e-01
8.1680e+04, 4.0593e-01
8.1681e+04, 4.0241e-01
8.1685e+04, 3.5421e-01
8.1688e+04, 2.6812e-01
8.1693e+04, 1.4234e-01
8.1696e+04, 9.3396e-02
8.1698e+04, 5.7288e-02
8.1701e+04, 3.2916e-02
8.1703e+04, 1.7946e-02
8.1706e+04, 9.4204e-03
8.1707e+04, 6.7810e-03
8.1708e+04, 4.9128e-03
8.1710e+04, 3.5898e-03
8.1711e+04, 2.6748e-03
8.1713e+04, 1.6273e-03
8.1716e+04, 1.1455e-03
8.1718e+04, 9.1848e-04
8.1723e+04, 7.3197e-04
8.1728e+04, 6.4839e-04
8.1748e+04, 4.9698e-04
8.1768e+04, 4.3883e-04
8.1829e+04, 3.8480e-04
8.1889e+04, 3.5552e-04
8.2010e+04, 3.2664e-04
8.2252e+04, 2.8981e-04
8.2736e+04, 2.4581e-04
8.3088e+04, 2.3308e-04
8.3528e+04, 2.5268e-04
8.3748e+04, 2.9941e-04
8.3858e+04, 3.4393e-04
8.3968e+04, 4.2040e-04
8.4045e+04, 5.0839e-04
8.4122e+04, 6.4715e-04
8.4160e+04, 7.5012e-04
8.4199e+04, 8.8838e-04
8.4237e+04, 1.0797e-03
8.4276e+04, 1.3542e-03
8.4309e+04, 1.6924e-03
8.4325e+04, 1.9179e-03
8.4342e+04, 2.1952e-03
8.4358e+04, 2.5411e-03
8.4375e+04, 2.9789e-03
8.4391e+04, 3.5429e-03
8.4408e+04, 4.2829e-03
8.4418e+04, 4.8681e-03
8.4429e+04, 5.5764e-03
8.4439e+04, 6.4407e-03
8.4449e+04, 7.5007e-03
8.4459e+04, 8.8156e-03
8.4470e+04, 1.0460e-02
8.4480e+04, 1.2515e-02
8.4490e+04, 1.5060e-02
8.4498e+04, 1.7233e-02
8.4505e+04, 1.9675e-02
8.4520e+04, 2.5040e-02
8.4528e+04, 2.7617e-02
8.4535e+04, 2.9778e-02
8.4543e+04, 3.1227e-02
8.4550e+04, 3.1735e-02
8.4555e+04, 3.1521e-02
8.4559e+04, 3.0903e-02
8.4569e+04, 2.8647e-02
8.4578e+04, 2.5505e-02
8.4588e+04, 2.2063e-02
8.4597e+04, 1.8751e-02
8.4607e+04, 1.5815e-02
8.4616e+04, 1.3330e-02
8.4626e+04, 1.1280e-02
8.4632e+04, 1.0163e-02
8.4638e+04, 9.1857e-03
8.4650e+04, 7.5787e-03
8.4662e+04, 6.3316e-03
8.4674e+04, 5.3512e-03
8.4687e+04, 4.5742e-03
8.4699e+04, 3.9514e-03
8.4711e+04, 3.4464e-03
8.4723e+04, 3.0321e-03
8.4743e+04, 2.4915e-03
8.4764e+04, 2.0860e-03
8.4784e+04, 1.7748e-03
8.4804e+04, 1.5331e-03
8.4845e+04, 1.1809e-03
8.4885e+04, 9.4389e-04
8.4931e+04, 7.5899e-04
8.4977e+04, 6.2927e-04
8.5069e+04, 4.6467e-04
8.5161e+04, 3.6641e-04
8.5253e+04, 3.0378e-04
8.5459e+04, 2.2609e-04
8.5664e+04, 1.8767e-04
8.6075e+04, 1.5896e-04
8.6162e+04, 1.5819e-04
8.6421e+04, 1.6938e-04
8.6681e+04, 2.1055e-04
8.6816e+04, 2.6807e-04
8.6951e+04, 3.8683e-04
8.7019e+04, 5.0577e-04
8.7087e+04, 7.2185e-04
8.7154e+04, 1.1524e-03
8.7188e+04, 1.5573e-03
8.7222e+04, 2.2636e-03
8.7248e+04, 3.1884e-03
8.7273e+04, 4.8929e-03
8.7286e+04, 6.3385e-03
8.7299e+04, 8.5391e-03
8.7312e+04, 1.2198e-02
8.7318e+04, 1.5023e-02
8.7325e+04, 1.9001e-02
8.7328e+04, 2.2111e-02
8.7332e+04, 2.6103e-02
8.7336e+04, 3.1370e-02
8.7339e+04, 3.8531e-02
8.7341e+04, 4.3151e-02
8.7343e+04, 4.8705e-02
8.7345e+04, 5.5443e-02
8.7347e+04, 6.3691e-02
8.7349e+04, 7.3853e-02
8.7351e+04, 8.6421e-02
8.7352e+04, 1.0197e-01
8.7354e+04, 1.2104e-01
8.7356e+04, 1.4337e-01
8.7358e+04, 1.7002e-01
8.7360e+04, 2.0169e-01
8.7361e+04, 2.3825e-01
8.7363e+04, 2.7998e-01
8.7365e+04, 3.2588e-01
8.7369e+04, 4.2645e-01
8.7373e+04, 5.4868e-01
8.7375e+04, 5.9623e-01
8.7377e+04, 6.2803e-01
8.7380e+04, 6.4110e-01
8.7381e+04, 6.3707e-01
8.7383e+04, 6.2513e-01
8.7386e+04, 5.7999e-01
8.7388e+04, 5.1313e-01
8.7391e+04, 4.3455e-01
8.7394e+04, 3.4697e-01
8.7397e+04, 2.6754e-01
8.7399e+04, 2.3257e-01
8.7400e+04, 2.0151e-01
8.7402e+04, 1.7400e-01
8.7403e+04, 1.5029e-01
8.7405e+04, 1.2726e-01
8.7407e+04, 1.0823e-01
8.7409e+04, 9.2466e-02
8.7410e+04, 7.9605e-02
8.7412e+04, 6.9003e-02
8.7414e+04, 6.0348e-02
8.7416e+04, 5.3167e-02
8.7417e+04, 4.7241e-02
8.7421e+04, 3.8072e-02
8.7424e+04, 3.1433e-02
8.7428e+04, 2.6462e-02
8.7431e+04, 2.2638e-02
8.7436e+04, 1.8872e-02
8.7440e+04, 1.5996e-02
8.7449e+04, 1.1952e-02
8.7458e+04, 9.2993e-03
8.7467e+04, 7.4573e-03
8.7484e+04, 5.1114e-03
8.7502e+04, 3.7345e-03
8.7522e+04, 2.8009e-03
8.7541e+04, 2.1786e-03
8.7580e+04, 1.4368e-03
8.7619e+04, 1.0391e-03
8.7658e+04, 7.8747e-04
8.7735e+04, 5.1106e-04
8.7813e+04, 3.7139e-04
8.7893e+04, 2.8781e-04
8.7973e+04, 2.3600e-04
8.8133e+04, 1.7818e-04
8.8452e+04, 1.2907e-04
8.9092e+04, 1.0498e-04
8.9660e+04, 1.1031e-04
9.0264e+04, 1.4314e-04
9.0566e+04, 1.8132e-04
9.0867e+04, 2.5688e-04
9.1134e+04, 4.0180e-04
9.1267e+04, 5.3889e-04
9.1400e+04, 7.7770e-04
9.1471e+04, 9.8398e-04
9.1542e+04, 1.2915e-03
9.1613e+04, 1.7741e-03
9.1649e+04, 2.1293e-03
9.1684e+04, 2.6046e-03
9.1724e+04, 3.3592e-03
9.1744e+04, 3.8653e-03
9.1764e+04, 4.4934e-03
9.1784e+04, 5.2849e-03
9.1804e+04, 6.2931e-03
9.1824e+04, 7.6015e-03
9.1834e+04, 8.4126e-03
9.1844e+04, 9.3525e-03
9.1856e+04, 1.0710e-02
9.1868e+04, 1.2359e-02
9.1881e+04, 1.4376e-02
9.1893e+04, 1.6857e-02
9.1905e+04, 1.9923e-02
9.1917e+04, 2.3702e-02
9.1929e+04, 2.8322e-02
9.1941e+04, 3.3832e-02
9.1971e+04, 4.9310e-02
9.1978e+04, 5.2741e-02
9.1985e+04, 5.5478e-02
9.1993e+04, 5.7247e-02
9.2000e+04, 5.7852e-02
9.2007e+04, 5.7299e-02
9.2014e+04, 5.5717e-02
9.2021e+04, 5.3262e-02
9.2028e+04, 5.0154e-02
9.2055e+04, 3.5607e-02
9.2069e+04, 2.9150e-02
9.2083e+04, 2.3833e-02
9.2096e+04, 1.9583e-02
9.2110e+04, 1.6232e-02
9.2125e+04, 1.3418e-02
9.2140e+04, 1.1227e-02
9.2154e+04, 9.5020e-03
9.2169e+04, 8.1290e-03
9.2184e+04, 7.0230e-03
9.2199e+04, 6.1219e-03
9.2214e+04, 5.3797e-03
9.2228e+04, 4.7633e-03
9.2257e+04, 3.8501e-03
9.2285e+04, 3.1686e-03
9.2313e+04, 2.6530e-03
9.2341e+04, 2.2541e-03
9.2398e+04, 1.6871e-03
9.2454e+04, 1.3125e-03
9.2508e+04, 1.0654e-03
9.2562e+04, 8.8284e-04
9.2669e+04, 6.3762e-04
9.2777e+04, 4.8713e-04
9.2884e+04, 3.8739e-04
9.3110e+04, 2.6484e-04
9.3336e+04, 1.9920e-04
9.3787e+04, 1.3610e-04
9.4303e+04, 1.0863e-04
9.4819e+04, 1.0210e-04
9.5335e+04, 1.1158e-04
9.5851e+04, 1.4528e-04
9.6120e+04, 1.8368e-04
9.6388e+04, 2.4991e-04
9.6657e+04, 3.8621e-04
9.6791e+04, 5.0941e-04
9.6926e+04, 7.1540e-04
9.7012e+04, 9.2860e-04
9.7098e+04, 1.2609e-03
9.7184e+04, 1.8156e-03
9.7270e+04, 2.8617e-03
9.7307e+04, 3.6335e-03
9.7345e+04, 4.7578e-03
9.7383e+04, 6.5160e-03
9.7402e+04, 7.7871e-03
9.7420e+04, 9.4697e-03
9.7442e+04, 1.2155e-02
9.7453e+04, 1.3945e-02
9.7463e+04, 1.6151e-02
9.7474e+04, 1.8908e-02
9.7485e+04, 2.2427e-02
9.7496e+04, 2.7024e-02
9.7501e+04, 2.9864e-02
9.7506e+04, 3.3158e-02
9.7514e+04, 3.8628e-02
9.7521e+04, 4.5507e-02
9.7528e+04, 5.4287e-02
9.7532e+04, 5.9604e-02
9.7536e+04, 6.5661e-02
9.7540e+04, 7.2620e-02
9.7543e+04, 8.0597e-02
9.7547e+04, 8.9808e-02
9.7551e+04, 1.0040e-01
9.7554e+04, 1.1263e-01
9.7558e+04, 1.2664e-01
9.7562e+04, 1.4267e-01
9.7565e+04, 1.6075e-01
9.7570e+04, 1.8453e-01
9.7574e+04, 2.1074e-01
9.7583e+04, 2.6605e-01
9.7587e+04, 2.9143e-01
9.7591e+04, 3.1208e-01
9.7596e+04, 3.2563e-01
9.7600e+04, 3.3033e-01
9.7603e+04, 3.2804e-01
9.7606e+04, 3.2135e-01
9.7609e+04, 3.1071e-01
9.7612e+04, 2.9676e-01
9.7618e+04, 2.6201e-01
9.7624e+04, 2.2367e-01
9.7630e+04, 1.8676e-01
9.7636e+04, 1.5433e-01
9.7642e+04, 1.2726e-01
9.7648e+04, 1.0542e-01
9.7654e+04, 8.6946e-02
9.7660e+04, 7.2477e-02
9.7667e+04, 6.1090e-02
9.7673e+04, 5.2063e-02
9.7680e+04, 4.4806e-02
9.7686e+04, 3.8926e-02
9.7692e+04, 3.4099e-02
9.7699e+04, 3.0108e-02
9.7705e+04, 2.6907e-02
9.7711e+04, 2.4182e-02
9.7723e+04, 1.9818e-02
9.7735e+04, 1.6518e-02
9.7747e+04, 1.3974e-02
9.7759e+04, 1.1972e-02
9.7772e+04, 1.0370e-02
9.7796e+04, 7.9969e-03
9.7819e+04, 6.4293e-03
9.7842e+04, 5.2782e-03
9.7889e+04, 3.7370e-03
9.7935e+04, 2.7864e-03
9.7981e+04, 2.1594e-03
9.8069e+04, 1.4402e-03
9.8157e+04, 1.0301e-03
9.8245e+04, 7.7593e-04
9.8333e+04, 6.0719e-04
9.8449e+04, 4.6071e-04
9.8565e+04, 3.6375e-04
9.8796e+04, 2.4573e-04
9.9028e+04, 1.8120e-04
9.9259e+04, 1.4005e-04
9.9630e+04, 1.0197e-04
1.0000e+05, 7.9534e-05
1.0052e+05, 6.1913e-05
1.0105e+05, 5.5285e-05
1.0113e+05, 5.8090e-05
1.0121e+05, 6.7987e-05
1.0125e+05, 8.0326e-05
1.0129e+05, 1.0928e-04
1.0131e+05, 1.4417e-04
1.0133e+05, 2.1539e-04
1.0134e+05, 2.8609e-04
1.0135e+05, 4.2660e-04
1.0136e+05, 5.9233e-04
1.0136e+05, 7.5729e-04
1.0136e+05, 1.0581e-03
1.0136e+05, 1.6315e-03
1.0137e+05, 2.7300e-03
1.0137e+05, 4.7863e-03
1.0137e+05, 8.4808e-03
1.0138e+05, 1.6111e-02
1.0138e+05, 2.9174e-02
1.0138e+05, 4.9654e-02
1.0138e+05, 7.8833e-02
1.0140e+05, 2.3568e-01
1.0140e+05, 2.5781e-01
1.0140e+05, 2.5792e-01
1.0140e+05, 2.5647e-01
1.0140e+05, 2.5267e-01
1.0141e+05, 2.2050e-01
1.0141e+05, 1.6947e-01
1.0142e+05, 6.9894e-02
1.0142e+05, 3.8735e-02
1.0142e+05, 1.9491e-02
1.0143e+05, 1.2144e-02
1.0143e+05, 7.4010e-03
1.0143e+05, 4.4714e-03
1.0143e+05, 2.7917e-03
1.0143e+05, 1.7641e-03
1.0144e+05, 1.2032e-03
1.0144e+05, 8.6700e-04
1.0144e+05, 6.7998e-04
1.0145e+05, 4.8468e-04
1.0145e+05, 3.8786e-04
1.0146e+05, 2.8159e-04
1.0148e+05, 1.7932e-04
1.0149e+05, 1.3059e-04
1.0151e+05, 1.0426e-04
1.0153e+05, 8.9219e-05
1.0156e+05, 7.1260e-05
1.0163e+05, 5.5278e-05
1.0170e+05, 4.8875e-05
1.0195e+05, 4.1220e-05
1.0221e+05, 3.7466e-05
1.0271e+05, 3.3345e-05
1.0372e+05, 2.8324e-05
1.0574e+05, 2.3086e-05
1.0978e+05, 1.8782e-05
1.1098e+05, 1.8390e-05
1.1278e+05, 1.8627e-05
1.1458e+05, 2.1030e-05
1.1547e+05, 2.2645e-05
1.1637e+05, 2.6670e-05
1.1727e+05, 3.3751e-05
1.1817e+05, 5.0708e-05
1.1858e+05, 6.8419e-05
1.1899e+05, 9.9639e-05
1.1920e+05, 1.2669e-04
1.1940e+05, 1.7029e-04
1.1961e+05, 2.4127e-04
1.1982e+05, 3.7692e-04
1.1992e+05, 4.9484e-04
1.2002e+05, 6.8217e-04
1.2013e+05, 1.0038e-03
1.2023e+05, 1.6216e-03
1.2027e+05, 2.0860e-03
1.2032e+05, 2.7819e-03
1.2034e+05, 3.2711e-03
1.2036e+05, 3.8976e-03
1.2038e+05, 4.7147e-03
1.2041e+05, 5.8241e-03
1.2042e+05, 6.6170e-03
1.2043e+05, 7.5819e-03
1.2044e+05, 8.7717e-03
1.2046e+05, 1.0261e-02
1.2047e+05, 1.2156e-02
1.2048e+05, 1.4614e-02
1.2049e+05, 1.7863e-02
1.2050e+05, 1.9872e-02
1.2050e+05, 2.2225e-02
1.2051e+05, 2.5203e-02
1.2052e+05, 2.8727e-02
1.2052e+05, 3.2988e-02
1.2053e+05, 3.8175e-02
1.2054e+05, 4.4636e-02
1.2054e+05, 5.2462e-02
1.2055e+05, 6.2066e-02
1.2056e+05, 7.3749e-02
1.2056e+05, 8.5820e-02
1.2057e+05, 9.9284e-02
1.2058e+05, 1.2937e-01
1.2058e+05, 1.4395e-01
1.2059e+05, 1.5588e-01
1.2059e+05, 1.6399e-01
1.2060e+05, 1.6676e-01
1.2061e+05, 1.6322e-01
1.2061e+05, 1.5331e-01
1.2062e+05, 1.3887e-01
1.2062e+05, 1.2216e-01
1.2064e+05, 8.9505e-02
1.2064e+05, 7.5705e-02
1.2065e+05, 6.4033e-02
1.2065e+05, 5.7430e-02
1.2066e+05, 5.1631e-02
1.2066e+05, 4.6550e-02
1.2067e+05, 4.2201e-02
1.2067e+05, 3.4842e-02
1.2068e+05, 2.9188e-02
1.2069e+05, 2.4686e-02
1.2070e+05, 2.1148e-02
1.2071e+05, 1.8295e-02
1.2071e+05, 1.5969e-02
1.2073e+05, 1.2934e-02
1.2074e+05, 1.0678e-02
1.2076e+05, 8.9600e-03
1.2077e+05, 7.6366e-03
1.2078e+05, 6.5758e-03
1.2080e+05, 5.7222e-03
1.2082e+05, 4.4406e-03
1.2085e+05, 3.6476e-03
1.2087e+05, 3.0494e-03
1.2092e+05, 2.2228e-03
1.2096e+05, 1.6958e-03
1.2101e+05, 1.3352e-03
1.2112e+05, 8.4165e-04
1.2123e+05, 5.8219e-04
1.2134e+05, 4.2644e-04
1.2144e+05, 3.2703e-04
1.2158e+05, 2.4881e-04
1.2171e+05, 1.9723e-04
1.2197e+05, 1.3359e-04
1.2223e+05, 9.7777e-05
1.2249e+05, 7.5782e-05
1.2295e+05, 5.3318e-05
1.2341e+05, 4.0990e-05
1.2434e+05, 2.8669e-05
1.2526e+05, 2.2998e-05
1.2619e+05, 2.0038e-05
1.2896e+05, 1.7630e-05
1.3104e+05, 2.0855e-05
1.3209e+05, 2.5985e-05
1.3261e+05, 3.1195e-05
1.3313e+05, 4.0236e-05
1.3350e+05, 5.2140e-05
1.3388e+05, 7.2631e-05
1.3425e+05, 1.1494e-04
1.3444e+05, 1.5543e-04
1.3463e+05, 2.2267e-04
1.3475e+05, 2.9226e-04
1.3486e+05, 4.0285e-04
1.3498e+05, 5.9244e-04
1.3504e+05, 7.4411e-04
1.3509e+05, 9.6352e-04
1.3514e+05, 1.2226e-03
1.3519e+05, 1.5991e-03
1.3521e+05, 1.8581e-03
1.3523e+05, 2.1848e-03
1.3526e+05, 2.6047e-03
1.3528e+05, 3.1559e-03
1.3530e+05, 3.5859e-03
1.3531e+05, 4.1034e-03
1.3532e+05, 4.7422e-03
1.3534e+05, 5.5278e-03
1.3535e+05, 6.5167e-03
1.3537e+05, 7.7683e-03
1.3538e+05, 9.4032e-03
1.3539e+05, 1.0394e-02
1.3540e+05, 1.1531e-02
1.3541e+05, 1.3625e-02
1.3542e+05, 1.6196e-02
1.3543e+05, 1.9395e-02
1.3544e+05, 2.3235e-02
1.3545e+05, 2.7762e-02
1.3546e+05, 3.2664e-02
1.3547e+05, 3.7447e-02
1.3548e+05, 4.1298e-02
1.3549e+05, 4.2926e-02
1.3550e+05, 4.3491e-02
1.3551e+05, 4.3201e-02
1.3551e+05, 4.2359e-02
1.3552e+05, 3.9311e-02
1.3553e+05, 3.5045e-02
1.3554e+05, 3.0339e-02
1.3555e+05, 2.5790e-02
1.3556e+05, 2.1736e-02
1.3557e+05, 1.8294e-02
1.3558e+05, 1.5448e-02
1.3560e+05, 1.2523e-02
1.3561e+05, 1.0296e-02
1.3562e+05, 8.5589e-03
1.3564e+05, 7.2065e-03
1.3565e+05, 6.1283e-03
1.3567e+05, 5.2717e-03
1.3568e+05, 4.5728e-03
1.3569e+05, 4.0044e-03
1.3572e+05, 3.2606e-03
1.3574e+05, 2.7033e-03
1.3576e+05, 2.2763e-03
1.3578e+05, 1.9463e-03
1.3583e+05, 1.4651e-03
1.3587e+05, 1.1417e-03
1.3592e+05, 9.1446e-04
1.3596e+05, 7.4951e-04
1.3605e+05, 5.3193e-04
1.3614e+05, 3.9689e-04
1.3623e+05, 3.0836e-04
1.3645e+05, 1.8949e-04
1.3667e+05, 1.2967e-04
1.3688e+05, 9.5421e-05
1.3710e+05, 7.4149e-05
1.3749e+05, 5.2151e-05
1.3787e+05, 3.9939e-05
1.3864e+05, 2.7582e-05
1.3941e+05, 2.1754e-05
1.4018e+05, 1.8561e-05
1.4211e+05, 1.4966e-05
1.4403e+05, 1.3622e-05
1.4788e+05, 1.2870e-05
1.5327e+05, 1.3687e-05
1.5866e+05, 1.5925e-05
1.6406e+05, 2.0668e-05
1.6945e+05, 3.1002e-05
1.7330e+05, 4.8110e-05
1.7522e+05, 6.4723e-05
1.7715e+05, 9.3092e-05
1.7816e+05, 1.1771e-04
1.7917e+05, 1.5436e-04
1.8018e+05, 2.1258e-04
1.8069e+05, 2.5596e-04
1.8119e+05, 3.1333e-04
1.8172e+05, 3.9911e-04
1.8225e+05, 5.2603e-04
1.8278e+05, 7.2994e-04
1.8304e+05, 8.6775e-04
1.8318e+05, 9.5333e-04
1.8331e+05, 1.0540e-03
1.8342e+05, 1.1491e-03
1.8353e+05, 1.2573e-03
1.8358e+05, 1.3167e-03
1.8363e+05, 1.3808e-03
1.8369e+05, 1.4481e-03
1.8374e+05, 1.5207e-03
1.8381e+05, 1.6174e-03
1.8388e+05, 1.7230e-03
1.8394e+05, 1.8386e-03
1.8401e+05, 1.9656e-03
1.8407e+05, 2.1049e-03
1.8414e+05, 2.2584e-03
1.8417e+05, 2.3409e-03
1.8421e+05, 2.4278e-03
1.8424e+05, 2.5190e-03
1.8427e+05, 2.6144e-03
1.8431e+05, 2.7154e-03
1.8434e+05, 2.8216e-03
1.8437e+05, 2.9331e-03
1.8440e+05, 3.0508e-03
1.8444e+05, 3.1748e-03
1.8447e+05, 3.3050e-03
1.8450e+05, 3.4424e-03
1.8454e+05, 3.5868e-03
1.8457e+05, 3.7390e-03
1.8460e+05, 3.8994e-03
1.8464e+05, 4.0686e-03
1.8467e+05, 4.2462e-03
1.8470e+05, 4.4330e-03
1.8474e+05, 4.6298e-03
1.8480e+05, 5.0514e-03
1.8485e+05, 5.3556e-03
1.8489e+05, 5.6774e-03
1.8493e+05, 6.0173e-03
1.8498e+05, 6.3745e-03
1.8502e+05, 6.7484e-03
1.8507e+05, 7.1353e-03
1.8511e+05, 7.5328e-03
1.8515e+05, 7.9363e-03
1.8524e+05, 8.7385e-03
1.8533e+05, 9.4869e-03
1.8551e+05, 1.0529e-02
1.8560e+05, 1.0684e-02
1.8567e+05, 1.0573e-02
1.8574e+05, 1.0295e-02
1.8581e+05, 9.8859e-03
1.8588e+05, 9.3590e-03
1.8596e+05, 8.7191e-03
1.8603e+05, 8.0481e-03
1.8618e+05, 6.7191e-03
1.8647e+05, 4.5525e-03
1.8677e+05, 3.1386e-03
1.8691e+05, 2.6358e-03
1.8706e+05, 2.2347e-03
1.8724e+05, 1.8599e-03
1.8742e+05, 1.5634e-03
1.8777e+05, 1.1467e-03
1.8813e+05, 8.7434e-04
1.8848e+05, 6.8859e-04
1.8881e+05, 5.6751e-04
1.8913e+05, 4.7526e-04
1.8979e+05, 3.5094e-04
1.9044e+05, 2.7503e-04
1.9109e+05, 2.2992e-04
1.9180e+05, 2.1069e-04
1.9233e+05, 2.2629e-04
1.9260e+05, 2.5431e-04
1.9287e+05, 3.1248e-04
1.9315e+05, 4.5375e-04
1.9329e+05, 5.9893e-04
1.9343e+05, 8.6389e-04
1.9350e+05, 1.0886e-03
1.9357e+05, 1.4309e-03
1.9364e+05, 1.9873e-03
1.9368e+05, 2.4002e-03
1.9371e+05, 2.9658e-03
1.9373e+05, 3.3743e-03
1.9375e+05, 3.8718e-03
1.9377e+05, 4.4887e-03
1.9379e+05, 5.2650e-03
1.9381e+05, 6.2635e-03
1.9383e+05, 7.5578e-03
1.9385e+05, 9.2713e-03
1.9386e+05, 1.0337e-02
1.9387e+05, 1.1582e-02
1.9388e+05, 1.3179e-02
1.9389e+05, 1.5073e-02
1.9390e+05, 1.7342e-02
1.9391e+05, 2.0060e-02
1.9392e+05, 2.3335e-02
1.9393e+05, 2.7165e-02
1.9394e+05, 3.1588e-02
1.9395e+05, 3.6510e-02
1.9397e+05, 4.8505e-02
1.9399e+05, 5.2684e-02
1.9399e+05, 5.3823e-02
1.9400e+05, 5.4202e-02
1.9401e+05, 5.3828e-02
1.9401e+05, 5.2741e-02
1.9402e+05, 4.8768e-02
1.9404e+05, 4.3230e-02
1.9405e+05, 3.7223e-02
1.9406e+05, 3.1429e-02
1.9407e+05, 2.6362e-02
1.9409e+05, 2.2068e-02
1.9410e+05, 1.8575e-02
1.9411e+05, 1.5102e-02
1.9413e+05, 1.2450e-02
1.9414e+05, 1.0399e-02
1.9416e+05, 8.7928e-03
1.9417e+05, 7.5055e-03
1.9419e+05, 6.4774e-03
1.9420e+05, 5.6421e-03
1.9422e+05, 4.9560e-03
1.9424e+05, 4.0188e-03
1.9427e+05, 3.3239e-03
1.9430e+05, 2.7955e-03
1.9432e+05, 2.3870e-03
1.9438e+05, 1.8045e-03
1.9443e+05, 1.4135e-03
1.9448e+05, 1.1406e-03
1.9454e+05, 9.4340e-04
1.9464e+05, 6.8269e-04
1.9475e+05, 5.2417e-04
1.9485e+05, 4.1886e-04
1.9508e+05, 2.8702e-04
1.9531e+05, 2.1660e-04
1.9576e+05, 1.4500e-04
1.9655e+05, 9.5113e-05
1.9733e+05, 7.2656e-05
1.9891e+05, 5.1073e-05
2.0157e+05, 3.5298e-05
2.0423e+05, 2.7576e-05
2.0955e+05, 2.0717e-05
2.1342e+05, 1.9278e-05
2.1584e+05, 1.9719e-05
2.1826e+05, 2.2193e-05
2.1947e+05, 2.4468e-05
2.2068e+05, 2.9383e-05
2.2189e+05, 3.9397e-05
2.2250e+05, 4.9817e-05
2.2310e+05, 6.9043e-05
2.2344e+05, 8.9742e-05
2.2377e+05, 1.2437e-04
2.2394e+05, 1.5314e-04
2.2410e+05, 1.9760e-04
2.2427e+05, 2.6768e-04
2.2443e+05, 3.9583e-04
2.2452e+05, 5.1658e-04
2.2462e+05, 7.0433e-04
2.2466e+05, 8.4525e-04
2.2471e+05, 1.0356e-03
2.2475e+05, 1.3025e-03
2.2480e+05, 1.6876e-03
2.2482e+05, 1.9165e-03
2.2484e+05, 2.1962e-03
2.2486e+05, 2.5427e-03
2.2488e+05, 2.9758e-03
2.2490e+05, 3.5324e-03
2.2492e+05, 4.2540e-03
2.2494e+05, 5.2167e-03
2.2495e+05, 5.8151e-03
2.2496e+05, 6.5172e-03
2.2497e+05, 7.3939e-03
2.2498e+05, 8.4472e-03
2.2499e+05, 9.7196e-03
2.2500e+05, 1.1247e-02
2.2501e+05, 1.3120e-02
2.2502e+05, 1.5393e-02
2.2503e+05, 1.8128e-02
2.2504e+05, 2.1325e-02
2.2505e+05, 2.6854e-02
2.2507e+05, 3.2665e-02
2.2508e+05, 3.5264e-02
2.2508e+05, 3.7317e-02
2.2509e+05, 3.8649e-02
2.2510e+05, 3.9110e-02
2.2511e+05, 3.8865e-02
2.2511e+05, 3.8148e-02
2.2512e+05, 3.5499e-02
2.2513e+05, 3.1739e-02
2.2514e+05, 2.7573e-02
2.2515e+05, 2.3463e-02
2.2517e+05, 1.9801e-02
2.2518e+05, 1.6645e-02
2.2519e+05, 1.4051e-02
2.2520e+05, 1.1517e-02
2.2521e+05, 9.5458e-03
2.2523e+05, 8.0071e-03
2.2524e+05, 6.7939e-03
2.2525e+05, 5.8245e-03
2.2527e+05, 5.0415e-03
2.2528e+05, 4.4031e-03
2.2529e+05, 3.8776e-03
2.2532e+05, 3.1593e-03
2.2534e+05, 2.6254e-03
2.2536e+05, 2.2190e-03
2.2539e+05, 1.9050e-03
2.2543e+05, 1.4565e-03
2.2548e+05, 1.1579e-03
2.2553e+05, 9.5121e-04
2.2557e+05, 8.0404e-04
2.2567e+05, 6.1619e-04
2.2576e+05, 5.1183e-04
2.2585e+05, 4.5381e-04
2.2596e+05, 4.2595e-04
2.2601e+05, 4.2420e-04
2.2614e+05, 4.5060e-04
2.2626e+05, 5.2646e-04
2.2633e+05, 5.9010e-04
2.2639e+05, 6.7861e-04
2.2645e+05, 8.0018e-04
2.2652e+05, 9.7356e-04
2.2655e+05, 1.1007e-03
2.2659e+05, 1.2584e-03
2.2662e+05, 1.4563e-03
2.2666e+05, 1.7078e-03
2.2669e+05, 2.0321e-03
2.2673e+05, 2.4565e-03
2.2676e+05, 3.0192e-03
2.2678e+05, 3.3672e-03
2.2680e+05, 3.7679e-03
2.2682e+05, 4.4807e-03
2.2685e+05, 5.3649e-03
2.2687e+05, 6.4268e-03
2.2690e+05, 7.6723e-03
2.2695e+05, 1.0319e-02
2.2697e+05, 1.1277e-02
2.2699e+05, 1.1543e-02
2.2700e+05, 1.1633e-02
2.2701e+05, 1.1508e-02
2.2703e+05, 1.1152e-02
2.2704e+05, 1.0604e-02
2.2706e+05, 9.9210e-03
2.2712e+05, 6.8584e-03
2.2715e+05, 5.5633e-03
2.2718e+05, 4.5174e-03
2.2721e+05, 3.6953e-03
2.2724e+05, 3.0570e-03
2.2727e+05, 2.4933e-03
2.2730e+05, 2.0642e-03
2.2734e+05, 1.7330e-03
2.2737e+05, 1.4744e-03
2.2740e+05, 1.2682e-03
2.2744e+05, 1.1022e-03
2.2750e+05, 8.5546e-04
2.2757e+05, 6.9209e-04
2.2763e+05, 5.7110e-04
2.2776e+05, 4.1074e-04
2.2789e+05, 3.1212e-04
2.2802e+05, 2.4721e-04
2.2829e+05, 1.6759e-04
2.2856e+05, 1.2452e-04
2.2910e+05, 8.2404e-05
2.2988e+05, 5.9566e-05
2.3066e+05, 5.4500e-05
2.3125e+05, 6.0295e-05
2.3184e+05, 7.8985e-05
2.3210e+05, 9.8469e-05
2.3235e+05, 1.3142e-04
2.3261e+05, 1.9873e-04
2.3274e+05, 2.6022e-04
2.3287e+05, 3.6254e-04
2.3295e+05, 4.7334e-04
2.3304e+05, 6.4635e-04
2.3308e+05, 7.7389e-04
2.3312e+05, 9.4392e-04
2.3317e+05, 1.1781e-03
2.3321e+05, 1.5099e-03
2.3325e+05, 1.9148e-03
2.3326e+05, 2.1800e-03
2.3328e+05, 2.5001e-03
2.3330e+05, 2.8937e-03
2.3332e+05, 3.3763e-03
2.3334e+05, 3.9793e-03
2.3336e+05, 4.7288e-03
2.3337e+05, 5.6491e-03
2.3339e+05, 6.7889e-03
2.3341e+05, 8.1741e-03
2.3343e+05, 9.7912e-03
2.3346e+05, 1.3186e-02
2.3348e+05, 1.4399e-02
2.3349e+05, 1.4734e-02
2.3350e+05, 1.4846e-02
2.3351e+05, 1.4736e-02
2.3352e+05, 1.4419e-02
2.3353e+05, 1.3269e-02
2.3355e+05, 1.1694e-02
2.3357e+05, 1.0002e-02
2.3359e+05, 8.4125e-03
2.3360e+05, 7.0314e-03
2.3362e+05, 5.8819e-03
2.3364e+05, 4.9498e-03
2.3366e+05, 4.1176e-03
2.3368e+05, 3.4597e-03
2.3370e+05, 2.9369e-03
2.3372e+05, 2.5187e-03
2.3374e+05, 2.1816e-03
2.3375e+05, 1.9047e-03
2.3379e+05, 1.4837e-03
2.3383e+05, 1.2043e-03
2.3387e+05, 9.9712e-04
2.3390e+05, 8.3923e-04
2.3394e+05, 7.1637e-04
2.3401e+05, 5.4167e-04
2.3408e+05, 4.2439e-04
2.3416e+05, 3.3223e-04
2.3425e+05, 2.6843e-04
2.3441e+05, 1.8880e-04
2.3458e+05, 1.4198e-04
2.3474e+05, 1.1255e-04
2.3500e+05, 8.4875e-05
2.3525e+05, 6.8528e-05
2.3576e+05, 5.0356e-05
2.3677e+05, 3.6433e-05
2.3853e+05, 3.0959e-05
2.4074e+05, 3.5619e-05
2.4184e+05, 4.4762e-05
2.4239e+05, 5.3913e-05
2.4294e+05, 7.0963e-05
2.4326e+05, 8.8789e-05
2.4358e+05, 1.1961e-04
2.4390e+05, 1.7791e-04
2.4406e+05, 2.3185e-04
2.4422e+05, 3.1939e-04
2.4432e+05, 4.0672e-04
2.4442e+05, 5.4007e-04
2.4447e+05, 6.3466e-04
2.4452e+05, 7.5730e-04
2.4457e+05, 9.1922e-04
2.4462e+05, 1.1430e-03
2.4465e+05, 1.3231e-03
2.4468e+05, 1.5481e-03
2.4471e+05, 1.8338e-03
2.4474e+05, 2.2026e-03
2.4477e+05, 2.6861e-03
2.4478e+05, 2.9855e-03
2.4480e+05, 3.3296e-03
2.4481e+05, 3.7315e-03
2.4483e+05, 4.1951e-03
2.4484e+05, 4.7369e-03
2.4486e+05, 5.3591e-03
2.4488e+05, 6.1939e-03
2.4490e+05, 7.1567e-03
2.4493e+05, 9.3916e-03
2.4495e+05, 1.0524e-02
2.4496e+05, 1.1505e-02
2.4498e+05, 1.2181e-02
2.4500e+05, 1.2423e-02
2.4501e+05, 1.2288e-02
2.4503e+05, 1.1908e-02
2.4504e+05, 1.1317e-02
2.4505e+05, 1.0585e-02
2.4510e+05, 7.2882e-03
2.4513e+05, 5.8959e-03
2.4515e+05, 4.7751e-03
2.4518e+05, 3.8969e-03
2.4521e+05, 3.2177e-03
2.4524e+05, 2.6083e-03
2.4527e+05, 2.1501e-03
2.4530e+05, 1.7980e-03
2.4533e+05, 1.5251e-03
2.4536e+05, 1.3088e-03
2.4539e+05, 1.1363e-03
2.4545e+05, 8.8141e-04
2.4550e+05, 7.1404e-04
2.4556e+05, 5.9148e-04
2.4562e+05, 5.0033e-04
2.4568e+05, 4.3099e-04
2.4579e+05, 3.3471e-04
2.4590e+05, 2.7365e-04
2.4606e+05, 2.2322e-04
2.4621e+05, 1.9347e-04
2.4652e+05, 1.7037e-04
2.4687e+05, 1.8841e-04
2.4704e+05, 2.2078e-04
2.4722e+05, 2.8390e-04
2.4733e+05, 3.5632e-04
2.4744e+05, 4.7970e-04
2.4750e+05, 5.7537e-04
2.4756e+05, 7.0912e-04
2.4762e+05, 9.0213e-04
2.4765e+05, 1.0336e-03
2.4767e+05, 1.1988e-03
2.4770e+05, 1.3552e-03
2.4772e+05, 1.5446e-03
2.4774e+05, 1.7790e-03
2.4776e+05, 2.0695e-03
2.4778e+05, 2.4364e-03
2.4780e+05, 2.9052e-03
2.4783e+05, 3.5218e-03
2.4784e+05, 3.8992e-03
2.4785e+05, 4.3346e-03
2.4786e+05, 5.1162e-03
2.4788e+05, 6.0832e-03
2.4790e+05, 7.2889e-03
2.4791e+05, 8.7509e-03
2.4793e+05, 1.0485e-02
2.4795e+05, 1.2387e-02
2.4796e+05, 1.4259e-02
2.4798e+05, 1.5770e-02
2.4799e+05, 1.6392e-02
2.4800e+05, 1.6606e-02
2.4801e+05, 1.6386e-02
2.4802e+05, 1.5982e-02
2.4803e+05, 1.5403e-02
2.4804e+05, 1.3866e-02
2.4807e+05, 1.0322e-02
2.4809e+05, 8.7165e-03
2.4810e+05, 7.3425e-03
2.4812e+05, 6.2017e-03
2.4813e+05, 5.2735e-03
2.4815e+05, 4.3191e-03
2.4817e+05, 3.5857e-03
2.4819e+05, 3.0171e-03
2.4821e+05, 2.5703e-03
2.4823e+05, 2.2117e-03
2.4825e+05, 1.9228e-03
2.4827e+05, 1.6874e-03
2.4829e+05, 1.4945e-03
2.4832e+05, 1.2275e-03
2.4836e+05, 1.0297e-03
2.4839e+05, 8.7886e-04
2.4843e+05, 7.6319e-04
2.4850e+05, 5.9653e-04
2.4857e+05, 4.8665e-04
2.4863e+05, 4.1144e-04
2.4870e+05, 3.5850e-04
2.4884e+05, 2.9393e-04
2.4898e+05, 2.6123e-04
2.4912e+05, 2.4916e-04
2.4934e+05, 2.6290e-04
2.4956e+05, 3.2338e-04
2.4970e+05, 4.0096e-04
2.4984e+05, 5.3890e-04
2.4998e+05, 8.0106e-04
2.5004e+05, 1.0324e-03
2.5011e+05, 1.3976e-03
2.5016e+05, 1.8118e-03
2.5019e+05, 2.0990e-03
2.5021e+05, 2.4630e-03
2.5024e+05, 2.9360e-03
2.5027e+05, 3.5598e-03
2.5029e+05, 4.4038e-03
2.5030e+05, 4.9436e-03
2.5032e+05, 5.5843e-03
2.5033e+05, 6.3652e-03
2.5034e+05, 7.3191e-03
2.5035e+05, 8.4969e-03
2.5037e+05, 9.9558e-03
2.5038e+05, 1.1815e-02
2.5039e+05, 1.4174e-02
2.5040e+05, 1.5622e-02
2.5040e+05, 1.7245e-02
2.5041e+05, 1.9094e-02
2.5042e+05, 2.1198e-02
2.5043e+05, 2.5308e-02
2.5044e+05, 3.0245e-02
2.5045e+05, 3.6113e-02
2.5046e+05, 4.2598e-02
2.5047e+05, 4.9302e-02
2.5048e+05, 5.5232e-02
2.5049e+05, 5.9435e-02
2.5049e+05, 6.0561e-02
2.5050e+05, 6.0933e-02
2.5051e+05, 6.0496e-02
2.5051e+05, 5.9250e-02
2.5052e+05, 5.7278e-02
2.5052e+05, 5.4701e-02
2.5053e+05, 4.8274e-02
2.5054e+05, 4.1285e-02
2.5055e+05, 3.4547e-02
2.5057e+05, 2.8692e-02
2.5058e+05, 2.3810e-02
2.5059e+05, 1.9847e-02
2.5060e+05, 1.6408e-02
2.5061e+05, 1.3710e-02
2.5062e+05, 1.1582e-02
2.5063e+05, 9.9022e-03
2.5065e+05, 8.5396e-03
2.5066e+05, 7.4340e-03
2.5067e+05, 6.5272e-03
2.5068e+05, 5.7800e-03
2.5069e+05, 5.1463e-03
2.5070e+05, 4.6098e-03
2.5073e+05, 3.7602e-03
2.5075e+05, 3.1270e-03
2.5078e+05, 2.6451e-03
2.5080e+05, 2.2674e-03
2.5082e+05, 1.9681e-03
2.5087e+05, 1.5320e-03
2.5093e+05, 1.1503e-03
2.5100e+05, 9.0486e-04
2.5106e+05, 7.3945e-04
2.5112e+05, 6.2306e-04
2.5125e+05, 4.7567e-04
2.5137e+05, 3.9612e-04
2.5156e+05, 3.4836e-04
2.5181e+05, 3.8394e-04
2.5194e+05, 4.5931e-04
2.5206e+05, 6.1401e-04
2.5215e+05, 8.1728e-04
2.5224e+05, 1.1765e-03
2.5228e+05, 1.4822e-03
2.5232e+05, 1.9429e-03
2.5237e+05, 2.6692e-03
2.5239e+05, 3.2127e-03
2.5241e+05, 3.9500e-03
2.5242e+05, 4.5662e-03
2.5244e+05, 5.3337e-03
2.5245e+05, 6.3191e-03
2.5246e+05, 7.5959e-03
2.5248e+05, 9.3230e-03
2.5248e+05, 1.0417e-02
2.5249e+05, 1.1691e-02
2.5250e+05, 1.3233e-02
2.5250e+05, 1.5059e-02
2.5251e+05, 1.7306e-02
2.5252e+05, 2.0017e-02
2.5252e+05, 2.2611e-02
2.5253e+05, 2.5683e-02
2.5253e+05, 2.9330e-02
2.5254e+05, 3.3652e-02
2.5255e+05, 3.8751e-02
2.5255e+05, 4.4704e-02
2.5256e+05, 5.1540e-02
2.5256e+05, 5.9205e-02
2.5258e+05, 8.8838e-02
2.5259e+05, 9.5074e-02
2.5259e+05, 9.9832e-02
2.5260e+05, 1.0292e-01
2.5260e+05, 1.0395e-01
2.5261e+05, 1.0174e-01
2.5261e+05, 9.5640e-02
2.5262e+05, 8.6666e-02
2.5263e+05, 7.6138e-02
2.5264e+05, 5.4997e-02
2.5265e+05, 4.6032e-02
2.5265e+05, 3.8454e-02
2.5266e+05, 3.1486e-02
2.5267e+05, 2.6058e-02
2.5268e+05, 2.1740e-02
2.5269e+05, 1.8382e-02
2.5269e+05, 1.5681e-02
2.5270e+05, 1.3542e-02
2.5271e+05, 1.1783e-02
2.5272e+05, 1.0358e-02
2.5272e+05, 8.9763e-03
2.5273e+05, 7.8618e-03
2.5275e+05, 6.1722e-03
2.5277e+05, 4.9689e-03
2.5279e+05, 4.0942e-03
2.5281e+05, 3.4332e-03
2.5282e+05, 2.9235e-03
2.5286e+05, 2.1928e-03
2.5289e+05, 1.8134e-03
2.5291e+05, 1.5287e-03
2.5297e+05, 1.1359e-03
2.5302e+05, 8.7879e-04
2.5307e+05, 7.0399e-04
2.5318e+05, 4.8772e-04
2.5329e+05, 3.6487e-04
2.5345e+05, 2.5705e-04
2.5361e+05, 1.9654e-04
2.5394e+05, 1.3465e-04
2.5427e+05, 1.0537e-04
2.5459e+05, 9.0148e-05
2.5525e+05, 7.9781e-05
2.5571e+05, 8.5897e-05
2.5618e+05, 1.0143e-04
2.5642e+05, 1.2124e-04
2.5665e+05, 1.5434e-04
2.5689e+05, 2.0483e-04
2.5712e+05, 3.1754e-04
2.5725e+05, 4.3936e-04
2.5738e+05, 6.5447e-04
2.5744e+05, 8.3686e-04
2.5750e+05, 1.1149e-03
2.5757e+05, 1.5633e-03
2.5760e+05, 1.8976e-03
2.5763e+05, 2.3593e-03
2.5765e+05, 2.7260e-03
2.5767e+05, 3.1835e-03
2.5769e+05, 3.7661e-03
2.5771e+05, 4.5192e-03
2.5773e+05, 5.5264e-03
2.5774e+05, 6.1629e-03
2.5775e+05, 6.9074e-03
2.5776e+05, 7.8033e-03
2.5777e+05, 8.8680e-03
2.5778e+05, 1.0172e-02
2.5778e+05, 1.1751e-02
2.5779e+05, 1.3301e-02
2.5780e+05, 1.5131e-02
2.5781e+05, 1.7364e-02
2.5782e+05, 2.0035e-02
2.5782e+05, 2.3324e-02
2.5783e+05, 2.7269e-02
2.5784e+05, 3.2098e-02
2.5785e+05, 3.7774e-02
2.5785e+05, 4.3628e-02
2.5786e+05, 5.0013e-02
2.5787e+05, 6.3551e-02
2.5788e+05, 6.9870e-02
2.5789e+05, 7.4935e-02
2.5789e+05, 7.8257e-02
2.5790e+05, 7.9414e-02
2.5790e+05, 7.8813e-02
2.5791e+05, 7.7105e-02
2.5791e+05, 7.4401e-02
2.5792e+05, 7.0869e-02
2.5793e+05, 6.2154e-02
2.5794e+05, 5.2617e-02
2.5795e+05, 4.3555e-02
2.5796e+05, 3.5680e-02
2.5797e+05, 2.9200e-02
2.5798e+05, 2.4024e-02
2.5798e+05, 2.1517e-02
2.5799e+05, 1.9375e-02
2.5800e+05, 1.5848e-02
2.5801e+05, 1.3149e-02
2.5802e+05, 1.1074e-02
2.5803e+05, 9.4257e-03
2.5804e+05, 8.1222e-03
2.5805e+05, 7.0588e-03
2.5806e+05, 6.1972e-03
2.5807e+05, 5.3888e-03
2.5809e+05, 4.7324e-03
2.5811e+05, 3.7262e-03
2.5814e+05, 3.0086e-03
2.5816e+05, 2.4824e-03
2.5819e+05, 2.0837e-03
2.5821e+05, 1.7775e-03
2.5826e+05, 1.3358e-03
2.5832e+05, 9.7701e-04
2.5839e+05, 7.4829e-04
2.5845e+05, 5.9448e-04
2.5851e+05, 4.8574e-04
2.5864e+05, 3.4401e-04
2.5876e+05, 2.5976e-04
2.5898e+05, 1.7938e-04
2.5919e+05, 1.3470e-04
2.5962e+05, 9.0005e-05
2.6004e+05, 6.9341e-05
2.6047e+05, 5.7678e-05
2.6186e+05, 4.2816e-05
2.6325e+05, 3.8399e-05
2.6603e+05, 3.6985e-05
2.7083e+05, 4.1907e-05
2.7563e+05, 5.1727e-05
2.8043e+05, 6.7808e-05
2.8283e+05, 7.9566e-05
2.8523e+05, 9.5902e-05
2.8631e+05, 1.0625e-04
2.8738e+05, 1.2143e-04
2.8792e+05, 1.3352e-04
2.8845e+05, 1.5393e-04
2.8899e+05, 1.9264e-04
2.8926e+05, 2.3681e-04
2.8953e+05, 3.3167e-04
2.8969e+05, 4.5764e-04
2.8977e+05, 5.5857e-04
2.8984e+05, 7.1768e-04
2.8992e+05, 9.9799e-04
2.8996e+05, 1.2150e-03
2.9000e+05, 1.5366e-03
2.9004e+05, 1.9773e-03
2.9008e+05, 2.7154e-03
2.9012e+05, 4.0050e-03
2.9014e+05, 5.0320e-03
2.9016e+05, 6.5655e-03
2.9017e+05, 7.9465e-03
2.9018e+05, 9.8121e-03
2.9020e+05, 1.2469e-02
2.9021e+05, 1.6402e-02
2.9022e+05, 1.9182e-02
2.9022e+05, 2.2791e-02
2.9023e+05, 2.7600e-02
2.9023e+05, 3.4071e-02
2.9024e+05, 4.3307e-02
2.9024e+05, 4.9328e-02
2.9025e+05, 5.6555e-02
2.9025e+05, 6.5229e-02
2.9025e+05, 7.5608e-02
2.9026e+05, 8.7954e-02
2.9026e+05, 1.0200e-01
2.9026e+05, 1.2123e-01
2.9027e+05, 1.4294e-01
2.9027e+05, 1.6834e-01
2.9027e+05, 1.9559e-01
2.9029e+05, 3.1226e-01
2.9029e+05, 3.3649e-01
2.9029e+05, 3.5464e-01
2.9030e+05, 3.6642e-01
2.9030e+05, 3.7029e-01
2.9030e+05, 3.6802e-01
2.9031e+05, 3.6163e-01
2.9031e+05, 3.5090e-01
2.9031e+05, 3.3708e-01
2.9032e+05, 3.0054e-01
2.9032e+05, 2.5725e-01
2.9033e+05, 2.1425e-01
2.9033e+05, 1.7375e-01
2.9034e+05, 1.3823e-01
2.9034e+05, 1.2242e-01
2.9034e+05, 1.0878e-01
2.9034e+05, 9.6126e-02
2.9034e+05, 8.5403e-02
2.9035e+05, 6.7418e-02
2.9035e+05, 5.3838e-02
2.9036e+05, 4.3660e-02
2.9036e+05, 3.6835e-02
2.9037e+05, 3.1480e-02
2.9037e+05, 2.7230e-02
2.9038e+05, 2.3811e-02
2.9039e+05, 1.8717e-02
2.9039e+05, 1.5191e-02
2.9040e+05, 1.2582e-02
2.9041e+05, 1.0611e-02
2.9043e+05, 7.8821e-03
2.9045e+05, 6.1078e-03
2.9046e+05, 4.8957e-03
2.9048e+05, 4.0128e-03
2.9050e+05, 3.3515e-03
2.9052e+05, 2.6073e-03
2.9055e+05, 2.0983e-03
2.9060e+05, 1.4747e-03
2.9066e+05, 1.0983e-03
2.9071e+05, 8.6268e-04
2.9082e+05, 5.9991e-04
2.9093e+05, 4.5514e-04
2.9104e+05, 3.7088e-04
2.9114e+05, 3.1798e-04
2.9136e+05, 2.5810e-04
2.9154e+05, 2.3104e-04
2.9172e+05, 2.1454e-04
2.9191e+05, 2.0402e-04
2.9209e+05, 1.9731e-04
2.9246e+05, 1.9061e-04
2.9282e+05, 1.8905e-04
2.9308e+05, 1.9001e-04
2.9334e+05, 1.9154e-04
2.9360e+05, 1.9385e-04
2.9387e+05, 1.9685e-04
2.9413e+05, 2.0014e-04
2.9439e+05, 2.0394e-04
2.9491e+05, 2.1234e-04
2.9543e+05, 2.2190e-04
2.9569e+05, 2.2699e-04
2.9596e+05, 2.3235e-04
2.9622e+05, 2.3785e-04
2.9648e+05, 2.4361e-04
2.9700e+05, 2.5563e-04
2.9762e+05, 2.7105e-04
2.9825e+05, 2.8748e-04
2.9888e+05, 3.0483e-04
2.9950e+05, 3.2299e-04
3.0012e+05, 3.4179e-04
3.0075e+05, 3.6103e-04
3.0138e+05, 3.8040e-04
3.0200e+05, 3.9957e-04
3.0262e+05, 4.1810e-04
3.0325e+05, 4.3550e-04
3.0450e+05, 4.6479e-04
3.0700e+05, 4.8774e-04
3.0825e+05, 4.7736e-04
3.0950e+05, 4.5383e-04
3.1075e+05, 4.2080e-04
3.1200e+05, 3.8256e-04
3.1325e+05, 3.4292e-04
3.1512e+05, 2.8689e-04
3.1700e+05, 2.3755e-04
3.2245e+05, 1.4152e-04
3.2518e+05, 1.1343e-04
3.2790e+05, 9.9019e-05
3.2910e+05, 1.0858e-04
3.2970e+05, 1.3527e-04
3.3000e+05, 1.7426e-04
3.3015e+05, 2.0826e-04
3.3030e+05, 2.7004e-04
3.3043e+05, 3.6054e-04
3.3055e+05, 5.3681e-04
3.3061e+05, 6.9352e-04
3.3067e+05, 9.3932e-04
3.3073e+05, 1.3785e-03
3.3079e+05, 2.2507e-03
3.3082e+05, 2.9967e-03
3.3085e+05, 4.2031e-03
3.3087e+05, 5.0963e-03
3.3088e+05, 6.3000e-03
3.3090e+05, 7.9689e-03
3.3091e+05, 1.0324e-02
3.3092e+05, 1.2372e-02
3.3093e+05, 1.4971e-02
3.3094e+05, 1.8241e-02
3.3095e+05, 2.2263e-02
3.3098e+05, 4.1713e-02
3.3099e+05, 4.4191e-02
3.3100e+05, 4.5051e-02
3.3101e+05, 4.4166e-02
3.3102e+05, 4.1666e-02
3.3102e+05, 3.7959e-02
3.3103e+05, 3.3576e-02
3.3105e+05, 2.4715e-02
3.3106e+05, 2.0865e-02
3.3106e+05, 1.7610e-02
3.3107e+05, 1.4082e-02
3.3109e+05, 1.1380e-02
3.3110e+05, 9.3219e-03
3.3111e+05, 7.7447e-03
3.3112e+05, 6.5205e-03
3.3113e+05, 5.5568e-03
3.3115e+05, 4.1661e-03
3.3117e+05, 3.1428e-03
3.3120e+05, 2.4623e-03
3.3124e+05, 1.6317e-03
3.3129e+05, 1.1665e-03
3.3134e+05, 8.8329e-04
3.3143e+05, 5.7950e-04
3.3152e+05, 4.1786e-04
3.3170e+05, 2.6212e-04
3.3188e+05, 1.9006e-04
3.3206e+05, 1.5150e-04
3.3244e+05, 1.1172e-04
3.3282e+05, 9.3313e-05
3.3359e+05, 7.6690e-05
3.3511e+05, 6.4415e-05
3.3715e+05, 6.0573e-05
3.3884e+05, 6.9089e-05
3.3969e+05, 8.7539e-05
3.4012e+05, 1.0735e-04
3.4054e+05, 1.4794e-04
3.4075e+05, 1.8555e-04
3.4096e+05, 2.4838e-04
3.4118e+05, 3.6616e-04
3.4128e+05, 4.6431e-04
3.4139e+05, 6.1866e-04
3.4147e+05, 7.9738e-04
3.4155e+05, 1.0721e-03
3.4163e+05, 1.5229e-03
3.4167e+05, 1.8675e-03
3.4171e+05, 2.3412e-03
3.4175e+05, 3.0703e-03
3.4177e+05, 3.5629e-03
3.4179e+05, 4.1736e-03
3.4181e+05, 4.9364e-03
3.4183e+05, 5.9013e-03
3.4186e+05, 7.1311e-03
3.4188e+05, 8.6909e-03
3.4189e+05, 1.0073e-02
3.4191e+05, 1.1668e-02
3.4194e+05, 1.5317e-02
3.4197e+05, 1.8728e-02
3.4198e+05, 1.9805e-02
3.4200e+05, 2.0185e-02
3.4201e+05, 2.0015e-02
3.4202e+05, 1.9528e-02
3.4204e+05, 1.7778e-02
3.4208e+05, 1.2991e-02
3.4210e+05, 1.0756e-02
3.4212e+05, 8.8681e-03
3.4214e+05, 7.3340e-03
3.4216e+05, 6.1140e-03
3.4218e+05, 5.0500e-03
3.4221e+05, 4.2240e-03
3.4223e+05, 3.5715e-03
3.4225e+05, 3.0551e-03
3.4230e+05, 2.3014e-03
3.4234e+05, 1.7951e-03
3.4239e+05, 1.4368e-03
3.4243e+05, 1.1768e-03
3.4252e+05, 8.3453e-04
3.4261e+05, 6.2689e-04
3.4270e+05, 4.9298e-04
3.4282e+05, 3.7594e-04
3.4294e+05, 3.0060e-04
3.4318e+05, 2.1408e-04
3.4341e+05, 1.6919e-04
3.4365e+05, 1.4512e-04
3.4401e+05, 1.3106e-04
3.4431e+05, 1.3519e-04
3.4461e+05, 1.5586e-04
3.4490e+05, 2.0346e-04
3.4505e+05, 2.5000e-04
3.4520e+05, 3.2587e-04
3.4532e+05, 4.2726e-04
3.4544e+05, 6.0099e-04
3.4556e+05, 9.2631e-04
3.4562e+05, 1.2113e-03
3.4568e+05, 1.6581e-03
3.4572e+05, 2.1755e-03
3.4577e+05, 2.9830e-03
3.4579e+05, 3.5635e-03
3.4581e+05, 4.3177e-03
3.4584e+05, 5.3236e-03
3.4586e+05, 6.6739e-03
3.4588e+05, 8.1016e-03
3.4589e+05, 9.9141e-03
3.4591e+05, 1.2192e-02
3.4593e+05, 1.4951e-02
3.4596e+05, 2.1097e-02
3.4598e+05, 2.3384e-02
3.4599e+05, 2.4024e-02
3.4600e+05, 2.4243e-02
3.4601e+05, 2.3941e-02
3.4602e+05, 2.3192e-02
3.4603e+05, 2.2065e-02
3.4605e+05, 1.9101e-02
3.4608e+05, 1.2853e-02
3.4610e+05, 1.0366e-02
3.4612e+05, 8.3912e-03
3.4614e+05, 6.8555e-03
3.4616e+05, 5.6661e-03
3.4618e+05, 4.6400e-03
3.4620e+05, 3.8592e-03
3.4622e+05, 3.2531e-03
3.4624e+05, 2.7757e-03
3.4628e+05, 2.0853e-03
3.4632e+05, 1.6243e-03
3.4637e+05, 1.2759e-03
3.4641e+05, 1.0290e-03
3.4651e+05, 7.1297e-04
3.4660e+05, 5.2641e-04
3.4669e+05, 4.0816e-04
3.4681e+05, 3.0588e-04
3.4693e+05, 2.4042e-04
3.4717e+05, 1.6454e-04
3.4741e+05, 1.2333e-04
3.4765e+05, 9.8480e-05
3.4800e+05, 7.6878e-05
3.4834e+05, 6.3936e-05
3.4904e+05, 4.9018e-05
3.5042e+05, 3.6030e-05
3.5368e+05, 2.5460e-05
3.5693e+05, 2.0834e-05
3.6344e+05, 1.5528e-05
3.7453e+05, 1.0711e-05
3.8562e+05, 7.9284e-06
4.0780e+05, 4.9876e-06
4.2516e+05, 3.8797e-06
4.4252e+05, 3.4722e-06
4.5264e+05, 3.9965e-06
4.5770e+05, 5.1745e-06
4.6023e+05, 6.6174e-06
4.6277e+05, 9.8066e-06
4.6379e+05, 1.2362e-05
4.6482e+05, 1.6587e-05
4.6584e+05, 2.4125e-05
4.6635e+05, 3.0459e-05
4.6686e+05, 4.0051e-05
4.6726e+05, 5.1328e-05
4.6765e+05, 6.7974e-05
4.6804e+05, 9.5060e-05
4.6843e+05, 1.4250e-04
4.6864e+05, 1.8433e-04
4.6885e+05, 2.4586e-04
4.6896e+05, 2.8854e-04
4.6906e+05, 3.4241e-04
4.6917e+05, 4.1110e-04
4.6928e+05, 4.9939e-04
4.6937e+05, 5.9585e-04
4.6946e+05, 7.1537e-04
4.6955e+05, 8.6183e-04
4.6964e+05, 1.0350e-03
4.6982e+05, 1.4116e-03
4.6991e+05, 1.5516e-03
4.6995e+05, 1.5911e-03
4.7000e+05, 1.6046e-03
4.7005e+05, 1.5895e-03
4.7009e+05, 1.5467e-03
4.7019e+05, 1.3977e-03
4.7038e+05, 1.0076e-03
4.7047e+05, 8.3278e-04
4.7056e+05, 6.8732e-04
4.7066e+05, 5.6978e-04
4.7075e+05, 4.7578e-04
4.7085e+05, 3.9686e-04
4.7095e+05, 3.3446e-04
4.7115e+05, 2.4505e-04
4.7135e+05, 1.8620e-04
4.7155e+05, 1.4608e-04
4.7191e+05, 9.9569e-05
4.7228e+05, 7.2250e-05
4.7264e+05, 5.4930e-05
4.7301e+05, 4.3337e-05
4.7384e+05, 2.8064e-05
4.7467e+05, 2.0007e-05
4.7550e+05, 1.5379e-05
4.7633e+05, 1.2348e-05
4.7859e+05, 8.2721e-06
4.8085e+05, 6.6155e-06
4.8537e+05, 5.7380e-06
4.8909e+05, 6.3473e-06
4.9281e+05, 8.3395e-06
4.9454e+05, 1.0205e-05
4.9627e+05, 1.3116e-05
4.9800e+05, 1.8164e-05
4.9973e+05, 2.7687e-05
5.0052e+05, 3.5170e-05
5.0132e+05, 4.6361e-05
5.0212e+05, 6.3974e-05
5.0252e+05, 7.6880e-05
5.0292e+05, 9.3481e-05
5.0325e+05, 1.1234e-04
5.0359e+05, 1.3664e-04
5.0393e+05, 1.6795e-04
5.0427e+05, 2.0899e-04
5.0461e+05, 2.6192e-04
5.0495e+05, 3.2662e-04
5.0563e+05, 4.5837e-04
5.0581e+05, 4.7906e-04
5.0600e+05, 4.8612e-04
5.0619e+05, 4.7832e-04
5.0644e+05, 4.4530e-04
5.0670e+05, 3.9698e-04
5.0722e+05, 2.9128e-04
5.0748e+05, 2.4520e-04
5.0774e+05, 2.0665e-04
5.0799e+05, 1.7472e-04
5.0825e+05, 1.4860e-04
5.0861e+05, 1.2005e-04
5.0898e+05, 9.8500e-05
5.0934e+05, 8.1837e-05
5.0970e+05, 6.9081e-05
5.1042e+05, 5.0859e-05
5.1115e+05, 3.8878e-05
5.1237e+05, 2.6599e-05
5.1359e+05, 1.9446e-05
5.1603e+05, 1.1901e-05
5.1847e+05, 8.2276e-06
5.2091e+05, 6.1677e-06
5.2578e+05, 4.0506e-06
5.3219e+05, 2.8264e-06
5.3859e+05, 2.2322e-06
5.5140e+05, 1.7343e-06
5.5628e+05, 1.6839e-06
5.6664e+05, 1.9200e-06
5.7701e+05, 4.5031e-06
5.7838e+05, 5.8950e-06
5.7975e+05, 8.3588e-06
5.8044e+05, 1.0215e-05
5.8113e+05, 1.3317e-05
5.8181e+05, 1.7043e-05
5.8250e+05, 2.3636e-05
5.8303e+05, 3.2423e-05
5.8357e+05, 4.7475e-05
5.8410e+05, 7.5171e-05
5.8437e+05, 9.9550e-05
5.8463e+05, 1.3724e-04
5.8484e+05, 1.8408e-04
5.8505e+05, 2.5756e-04
5.8516e+05, 3.1020e-04
5.8526e+05, 3.7877e-04
5.8537e+05, 4.6857e-04
5.8547e+05, 5.8598e-04
5.8554e+05, 6.7733e-04
5.8560e+05, 7.8253e-04
5.8567e+05, 9.0188e-04
5.8574e+05, 1.0298e-03
5.8587e+05, 1.2673e-03
5.8593e+05, 1.3448e-03
5.8600e+05, 1.3724e-03
5.8606e+05, 1.3515e-03
5.8610e+05, 1.3061e-03
5.8615e+05, 1.2405e-03
5.8624e+05, 1.0736e-03
5.8643e+05, 7.3350e-04
5.8652e+05, 5.9919e-04
5.8661e+05, 4.9135e-04
5.8670e+05, 4.0623e-04
5.8679e+05, 3.3920e-04
5.8690e+05, 2.8107e-04
5.8695e+05, 2.6516e-04
5.8697e+05, 3.1171e-04
5.8700e+05, 4.5802e-04
5.8700e+05, 6.7405e-04
6.0000e+05, 6.6889e-04
6.5000e+05, 6.5157e-04
7.0000e+05, 6.3874e-04
7.5000e+05, 6.2787e-04
8.0000e+05, 6.2075e-04
8.5000e+05, 6.1503e-04
9.0000e+05, 6.1219e-04
9.5000e+05, 6.0873e-04
1.0000e+06, 6.0846e-04
1.1000e+06, 6.1045e-04
1.2000e+06, 6.1375e-04
1.3000e+06, 6.2170e-04
1.4000e+06, 6.2887e-04
1.5000e+06, 6.4086e-04
1.5852e+06, 5.5377e-04
1.5852e+06, 5.5377e-04
1.5852e+06, 5.5375e-04
1.6000e+06, 5.4031e-04
1.6500e+06, 4.9451e-04
1.7000e+06, 4.5379e-04
1.7500e+06, 4.4000e-04
1.8000e+06, 4.2700e-04
1.9000e+06, 4.1394e-04
2.0000e+06, 4.0549e-04
2.2500e+06, 3.9754e-04
2.5000e+06, 3.9057e-04
2.7289e+06, 3.9110e-04
2.7289e+06, 3.9110e-04
2.7289e+06, 3.9110e-04
2.7289e+06, 3.9110e-04
2.7628e+06, 3.9118e-04
2.7967e+06, 3.9125e-04
2.8645e+06, 3.9140e-04
3.0000e+06, 3.9169e-04
3.1316e+06, 3.9898e-04
3.2633e+06, 4.0610e-04
3.2633e+06, 4.0610e-04
3.3225e+06, 4.0925e-04
3.3817e+06, 4.1237e-04
3.5000e+06, 4.1851e-04
3.5134e+06, 4.1924e-04
3.5134e+06, 4.1924e-04
3.6803e+06, 4.2821e-04
3.8472e+06, 4.3696e-04
3.8967e+06, 4.3952e-04
3.9462e+06, 4.4206e-04
4.0000e+06, 4.4480e-04
4.0551e+06, 4.3863e-04
4.0991e+06, 4.3381e-04
4.1431e+06, 4.2910e-04
4.2311e+06, 4.1998e-04
4.2311e+06, 4.1998e-04
4.2560e+06, 4.1746e-04
4.2566e+06, 4.1741e-04
4.2566e+06, 4.1741e-04
4.3273e+06, 4.1043e-04
4.3981e+06, 4.0368e-04
4.3981e+06, 4.0368e-04
4.4488e+06, 3.9897e-04
4.4996e+06, 3.9438e-04
4.4996e+06, 3.9437e-04
4.5000e+06, 3.9434e-04
4.5001e+06, 3.9433e-04
4.5510e+06, 3.8693e-04
4.6018e+06, 3.7975e-04
4.7036e+06, 3.6602e-04
4.9071e+06, 3.4081e-04
5.0000e+06, 3.3021e-04
5.2500e+06, 3.0582e-04
5.5000e+06, 2.8425e-04
6.0000e+06, 2.6617e-04
6.2294e+06, 2.5812e-04
6.5000e+06, 2.4929e-04
7.0000e+06, 2.4262e-04
7.5000e+06, 2.4493e-04
8.0000e+06, 2.5250e-04
8.5000e+06, 2.6553e-04
9.0000e+06, 2.8337e-04
9.5000e+06, 3.0394e-04
1.0000e+07, 3.3138e-04
1.0147e+07, 3.4147e-04
1.0500e+07, 3.6628e-04
1.0937e+07, 3.9825e-04
1.1000e+07, 4.0298e-04
1.1169e+07, 4.1865e-04
1.1169e+07, 4.1865e-04
1.1500e+07, 4.5037e-04
1.2000e+07, 5.0097e-04
1.2417e+07, 5.4460e-04
1.2417e+07, 5.4460e-04
1.2500e+07, 5.5359e-04
1.3000e+07, 6.0936e-04
1.3500e+07, 6.5685e-04
1.4000e+07, 7.0611e-04
1.4096e+07, 7.1439e-04
1.4096e+07, 7.1440e-04
1.4356e+07, 7.3690e-04
1.4500e+07, 7.4953e-04
1.5000e+07, 7.9401e-04
1.5500e+07, 8.2864e-04
1.6000e+07, 8.6360e-04
1.6500e+07, 8.8057e-04
1.7000e+07, 8.9734e-04
1.7500e+07, 9.0233e-04
1.8000e+07, 9.0721e-04
1.8500e+07, 8.8575e-04
1.9000e+07, 8.6535e-04
1.9477e+07, 8.0257e-04
1.9500e+07, 7.9969e-04
2.0000e+07, 7.4050e-04
