ebin, xs
1.0000e-05, 1.5011e+03
1.0625e-05, 1.4563e+03
1.1250e-05, 1.4152e+03
1.1875e-05, 1.3775e+03
1.2500e-05, 1.3426e+03
1.3750e-05, 1.2801e+03
1.5000e-05, 1.2256e+03
1.6250e-05, 1.1776e+03
1.7500e-05, 1.1347e+03
1.8750e-05, 1.0962e+03
2.0000e-05, 1.0614e+03
2.1875e-05, 1.0149e+03
2.3750e-05, 9.7404e+02
2.5625e-05, 9.3772e+02
2.7500e-05, 9.0519e+02
2.9375e-05, 8.7582e+02
3.1250e-05, 8.4914e+02
3.3125e-05, 8.2476e+02
3.5000e-05, 8.0236e+02
3.8750e-05, 7.6255e+02
4.2500e-05, 7.2813e+02
4.6250e-05, 6.9799e+02
5.0000e-05, 6.7130e+02
5.3125e-05, 6.5126e+02
5.6250e-05, 6.3291e+02
5.9375e-05, 6.1603e+02
6.2500e-05, 6.0043e+02
6.8750e-05, 5.7249e+02
7.5000e-05, 5.4811e+02
8.1250e-05, 5.2661e+02
8.7500e-05, 5.0745e+02
9.3750e-05, 4.9025e+02
1.0000e-04, 4.7468e+02
1.0625e-04, 4.6051e+02
1.1250e-04, 4.4753e+02
1.1875e-04, 4.3559e+02
1.2500e-04, 4.2456e+02
1.3750e-04, 4.0480e+02
1.5000e-04, 3.8757e+02
1.6250e-04, 3.7236e+02
1.7500e-04, 3.5882e+02
1.8750e-04, 3.4665e+02
2.0000e-04, 3.3564e+02
2.1875e-04, 3.2093e+02
2.3750e-04, 3.0800e+02
2.5625e-04, 2.9652e+02
2.7500e-04, 2.8623e+02
2.9375e-04, 2.7694e+02
3.1250e-04, 2.6850e+02
3.3125e-04, 2.6079e+02
3.5000e-04, 2.5371e+02
3.8750e-04, 2.4112e+02
4.2500e-04, 2.3023e+02
4.6250e-04, 2.2070e+02
5.0000e-04, 2.1226e+02
5.3125e-04, 2.0592e+02
5.6250e-04, 2.0012e+02
5.9375e-04, 1.9478e+02
6.2500e-04, 1.8985e+02
6.8750e-04, 1.8101e+02
7.5000e-04, 1.7330e+02
8.1250e-04, 1.6650e+02
8.7500e-04, 1.6044e+02
9.3750e-04, 1.5500e+02
1.0000e-03, 1.5007e+02
1.0625e-03, 1.4559e+02
1.1250e-03, 1.4149e+02
1.1875e-03, 1.3771e+02
1.2500e-03, 1.3422e+02
1.3750e-03, 1.2797e+02
1.5000e-03, 1.2252e+02
1.6250e-03, 1.1771e+02
1.7500e-03, 1.1342e+02
1.8750e-03, 1.0957e+02
2.0000e-03, 1.0609e+02
2.1875e-03, 1.0144e+02
2.3750e-03, 9.7347e+01
2.5625e-03, 9.3714e+01
2.7500e-03, 9.0459e+01
2.9375e-03, 8.7521e+01
3.1250e-03, 8.4851e+01
3.3125e-03, 8.2411e+01
3.5000e-03, 8.0170e+01
3.8750e-03, 7.6185e+01
4.2500e-03, 7.2739e+01
4.6250e-03, 6.9721e+01
5.0000e-03, 6.7049e+01
5.3125e-03, 6.5041e+01
5.6250e-03, 6.3204e+01
5.9375e-03, 6.1514e+01
6.2500e-03, 5.9952e+01
6.8750e-03, 5.7153e+01
7.5000e-03, 5.4711e+01
8.1250e-03, 5.2556e+01
8.7500e-03, 5.0635e+01
9.3750e-03, 4.8909e+01
1.0000e-02, 4.7348e+01
1.0625e-02, 4.5928e+01
1.1250e-02, 4.4628e+01
1.1875e-02, 4.3432e+01
1.2500e-02, 4.2327e+01
1.3750e-02, 4.0346e+01
1.5000e-02, 3.8616e+01
1.6250e-02, 3.7089e+01
1.7500e-02, 3.5727e+01
1.8750e-02, 3.4504e+01
2.0000e-02, 3.3397e+01
2.1325e-02, 3.2332e+01
2.2650e-02, 3.1361e+01
2.3975e-02, 3.0472e+01
2.5300e-02, 2.9653e+01
2.6844e-02, 2.8777e+01
2.8387e-02, 2.7974e+01
2.9931e-02, 2.7234e+01
3.1475e-02, 2.6549e+01
3.4563e-02, 2.5319e+01
3.7650e-02, 2.4240e+01
4.0738e-02, 2.3284e+01
4.3825e-02, 2.2431e+01
4.6913e-02, 2.1663e+01
5.0000e-02, 2.0967e+01
5.3125e-02, 2.0325e+01
5.6250e-02, 1.9737e+01
5.9375e-02, 1.9197e+01
6.2500e-02, 1.8699e+01
6.8750e-02, 1.7804e+01
7.5000e-02, 1.7019e+01
8.1250e-02, 1.6325e+01
8.7500e-02, 1.5707e+01
9.3750e-02, 1.5151e+01
1.0000e-01, 1.4647e+01
1.0625e-01, 1.4188e+01
1.1250e-01, 1.3767e+01
1.1875e-01, 1.3380e+01
1.2500e-01, 1.3024e+01
1.3750e-01, 1.2383e+01
1.5000e-01, 1.1819e+01
1.6250e-01, 1.1321e+01
1.7500e-01, 1.0876e+01
1.8750e-01, 1.0476e+01
2.0000e-01, 1.0115e+01
2.1875e-01, 9.6297e+00
2.3750e-01, 9.2007e+00
2.5625e-01, 8.8187e+00
2.7500e-01, 8.4755e+00
2.9375e-01, 8.1649e+00
3.1250e-01, 7.8819e+00
3.3125e-01, 7.6227e+00
3.5000e-01, 7.3841e+00
3.6875e-01, 7.1634e+00
3.8750e-01, 6.9596e+00
4.2500e-01, 6.5910e+00
5.0000e-01, 5.9775e+00
5.6250e-01, 5.5606e+00
6.2500e-01, 5.2050e+00
7.5000e-01, 4.6291e+00
8.7500e-01, 4.1800e+00
1.0000e+00, 3.8169e+00
1.1250e+00, 3.5148e+00
1.2500e+00, 3.2596e+00
1.5000e+00, 2.8504e+00
1.7500e+00, 2.5364e+00
2.0000e+00, 2.2873e+00
2.1875e+00, 2.1317e+00
2.3750e+00, 1.9979e+00
2.7500e+00, 1.7794e+00
3.1250e+00, 1.6098e+00
3.5000e+00, 1.4766e+00
3.8750e+00, 1.3710e+00
4.2500e+00, 1.2873e+00
4.6250e+00, 1.2212e+00
5.0000e+00, 1.1701e+00
5.6250e+00, 1.1122e+00
6.2500e+00, 1.0833e+00
6.8750e+00, 1.0808e+00
7.5000e+00, 1.1042e+00
8.1250e+00, 1.1555e+00
8.7500e+00, 1.2395e+00
9.3750e+00, 1.3642e+00
9.6875e+00, 1.4460e+00
1.0000e+01, 1.5447e+00
1.0366e+01, 1.6857e+00
1.0732e+01, 1.8610e+00
1.1099e+01, 2.0812e+00
1.1465e+01, 2.3609e+00
1.1831e+01, 2.7198e+00
1.2014e+01, 2.9382e+00
1.2197e+01, 3.1919e+00
1.2380e+01, 3.4865e+00
1.2563e+01, 3.8310e+00
1.2746e+01, 4.2374e+00
1.2929e+01, 4.7210e+00
1.3101e+01, 5.2633e+00
1.3273e+01, 5.9150e+00
1.3444e+01, 6.7081e+00
1.3616e+01, 7.6826e+00
1.3788e+01, 8.8892e+00
1.3873e+01, 9.6178e+00
1.3959e+01, 1.0445e+01
1.4045e+01, 1.1390e+01
1.4131e+01, 1.2475e+01
1.4217e+01, 1.3730e+01
1.4303e+01, 1.5192e+01
1.4381e+01, 1.6757e+01
1.4460e+01, 1.8586e+01
1.4539e+01, 2.0743e+01
1.4617e+01, 2.3310e+01
1.4696e+01, 2.6390e+01
1.4775e+01, 3.0117e+01
1.4814e+01, 3.2291e+01
1.4853e+01, 3.4721e+01
1.4873e+01, 3.6045e+01
1.4893e+01, 3.7449e+01
1.4912e+01, 3.8940e+01
1.4932e+01, 4.0523e+01
1.4943e+01, 4.1430e+01
1.4953e+01, 4.2368e+01
1.4964e+01, 4.3339e+01
1.4975e+01, 4.4344e+01
1.4986e+01, 4.5386e+01
1.4996e+01, 4.6466e+01
1.5007e+01, 4.7586e+01
1.5018e+01, 4.8746e+01
1.5029e+01, 5.0035e+01
1.5041e+01, 5.1375e+01
1.5049e+01, 5.2416e+01
1.5058e+01, 5.3490e+01
1.5066e+01, 5.4599e+01
1.5075e+01, 5.5742e+01
1.5083e+01, 5.6824e+01
1.5091e+01, 5.7938e+01
1.5099e+01, 5.9085e+01
1.5106e+01, 6.0267e+01
1.5114e+01, 6.1486e+01
1.5122e+01, 6.2743e+01
1.5130e+01, 6.4040e+01
1.5138e+01, 6.5377e+01
1.5146e+01, 6.6759e+01
1.5154e+01, 6.8186e+01
1.5162e+01, 6.9660e+01
1.5169e+01, 7.1181e+01
1.5185e+01, 7.4383e+01
1.5201e+01, 7.7809e+01
1.5217e+01, 8.1485e+01
1.5232e+01, 8.5429e+01
1.5248e+01, 8.9673e+01
1.5264e+01, 9.4249e+01
1.5280e+01, 9.9194e+01
1.5295e+01, 1.0454e+02
1.5311e+01, 1.1035e+02
1.5327e+01, 1.1667e+02
1.5342e+01, 1.2356e+02
1.5358e+01, 1.3109e+02
1.5374e+01, 1.3935e+02
1.5390e+01, 1.4844e+02
1.5405e+01, 1.5847e+02
1.5421e+01, 1.6958e+02
1.5437e+01, 1.8196e+02
1.5453e+01, 1.9577e+02
1.5468e+01, 2.1129e+02
1.5484e+01, 2.2879e+02
1.5500e+01, 2.4866e+02
1.5516e+01, 2.7136e+02
1.5531e+01, 2.9751e+02
1.5547e+01, 3.2785e+02
1.5563e+01, 3.6343e+02
1.5578e+01, 4.0558e+02
1.5586e+01, 4.2969e+02
1.5594e+01, 4.5621e+02
1.5602e+01, 4.8547e+02
1.5610e+01, 5.1784e+02
1.5618e+01, 5.5391e+02
1.5626e+01, 5.9420e+02
1.5634e+01, 6.3940e+02
1.5641e+01, 6.9028e+02
1.5649e+01, 7.4511e+02
1.5656e+01, 8.0701e+02
1.5664e+01, 8.7712e+02
1.5671e+01, 9.5674e+02
1.5679e+01, 1.0473e+03
1.5686e+01, 1.1506e+03
1.5694e+01, 1.2684e+03
1.5701e+01, 1.4025e+03
1.5709e+01, 1.5555e+03
1.5716e+01, 1.7295e+03
1.5724e+01, 1.9269e+03
1.5732e+01, 2.1500e+03
1.5739e+01, 2.4010e+03
1.5747e+01, 2.6819e+03
1.5754e+01, 2.9943e+03
1.5762e+01, 3.3388e+03
1.5769e+01, 3.7357e+03
1.5777e+01, 4.1683e+03
1.5793e+01, 5.1312e+03
1.5809e+01, 6.1975e+03
1.5824e+01, 7.3099e+03
1.5841e+01, 8.4293e+03
1.5857e+01, 9.4117e+03
1.5873e+01, 1.0155e+04
1.5890e+01, 1.0571e+04
1.5900e+01, 1.0642e+04
1.5915e+01, 1.0463e+04
1.5931e+01, 9.9661e+03
1.5946e+01, 9.2030e+03
1.5961e+01, 8.2505e+03
1.6003e+01, 5.3665e+03
1.6013e+01, 4.7004e+03
1.6024e+01, 4.0872e+03
1.6034e+01, 3.5332e+03
1.6044e+01, 3.0415e+03
1.6053e+01, 2.6886e+03
1.6061e+01, 2.3754e+03
1.6070e+01, 2.0993e+03
1.6078e+01, 1.8574e+03
1.6086e+01, 1.6464e+03
1.6095e+01, 1.4635e+03
1.6103e+01, 1.3053e+03
1.6112e+01, 1.1686e+03
1.6120e+01, 1.0504e+03
1.6129e+01, 9.4844e+02
1.6137e+01, 8.6017e+02
1.6145e+01, 7.8358e+02
1.6154e+01, 7.1681e+02
1.6162e+01, 6.5852e+02
1.6179e+01, 5.6220e+02
1.6194e+01, 4.9454e+02
1.6209e+01, 4.3909e+02
1.6224e+01, 3.9295e+02
1.6239e+01, 3.5412e+02
1.6253e+01, 3.2103e+02
1.6268e+01, 2.9258e+02
1.6283e+01, 2.6791e+02
1.6298e+01, 2.4633e+02
1.6328e+01, 2.1051e+02
1.6357e+01, 1.8212e+02
1.6387e+01, 1.5918e+02
1.6417e+01, 1.4038e+02
1.6443e+01, 1.2666e+02
1.6468e+01, 1.1489e+02
1.6494e+01, 1.0469e+02
1.6520e+01, 9.5802e+01
1.6546e+01, 8.8005e+01
1.6572e+01, 8.1131e+01
1.6623e+01, 6.9613e+01
1.6675e+01, 6.0405e+01
1.6726e+01, 5.2926e+01
1.6778e+01, 4.6751e+01
1.6829e+01, 4.1586e+01
1.6877e+01, 3.7533e+01
1.6924e+01, 3.4043e+01
1.6972e+01, 3.1016e+01
1.7019e+01, 2.8376e+01
1.7067e+01, 2.6057e+01
1.7115e+01, 2.4011e+01
1.7210e+01, 2.0578e+01
1.7305e+01, 1.7829e+01
1.7400e+01, 1.5600e+01
1.7495e+01, 1.3774e+01
1.7590e+01, 1.2244e+01
1.7677e+01, 1.1047e+01
1.7765e+01, 1.0016e+01
1.7852e+01, 9.1220e+00
1.7939e+01, 8.3421e+00
1.8026e+01, 7.6575e+00
1.8113e+01, 7.0535e+00
1.8288e+01, 6.0409e+00
1.8462e+01, 5.2307e+00
1.8637e+01, 4.5727e+00
1.8811e+01, 4.0311e+00
1.8985e+01, 3.5834e+00
1.9239e+01, 3.0535e+00
1.9493e+01, 2.6300e+00
1.9746e+01, 2.2889e+00
2.0000e+01, 2.0101e+00
2.0229e+01, 1.8004e+00
2.0457e+01, 1.6223e+00
2.0686e+01, 1.4696e+00
2.0914e+01, 1.3377e+00
2.1143e+01, 1.2230e+00
2.1372e+01, 1.1234e+00
2.1829e+01, 9.5768e-01
2.2286e+01, 8.2627e-01
2.2743e+01, 7.2091e-01
2.3201e+01, 6.3519e-01
2.3658e+01, 5.6458e-01
2.4115e+01, 5.0575e-01
2.4572e+01, 4.5625e-01
2.5029e+01, 4.1426e-01
2.5487e+01, 3.7834e-01
2.5944e+01, 3.4742e-01
2.6401e+01, 3.2074e-01
2.7315e+01, 2.7708e-01
2.8230e+01, 2.4328e-01
2.9144e+01, 2.1686e-01
3.0059e+01, 1.9603e-01
3.0973e+01, 1.7955e-01
3.2345e+01, 1.6138e-01
3.3717e+01, 1.4876e-01
3.5088e+01, 1.4145e-01
3.6460e+01, 1.3836e-01
3.7374e+01, 1.3901e-01
3.8289e+01, 1.4200e-01
3.9203e+01, 1.4781e-01
4.0118e+01, 1.5720e-01
4.1032e+01, 1.7140e-01
4.1489e+01, 1.8092e-01
4.1946e+01, 1.9265e-01
4.2404e+01, 2.0709e-01
4.2861e+01, 2.2499e-01
4.3318e+01, 2.4741e-01
4.3775e+01, 2.7584e-01
4.4118e+01, 3.0249e-01
4.4461e+01, 3.3434e-01
4.4804e+01, 3.7451e-01
4.5147e+01, 4.2512e-01
4.5490e+01, 4.9007e-01
4.5661e+01, 5.2967e-01
4.5833e+01, 5.7530e-01
4.6004e+01, 6.2828e-01
4.6176e+01, 6.9025e-01
4.6347e+01, 7.6339e-01
4.6519e+01, 8.5049e-01
4.6690e+01, 9.5465e-01
4.6862e+01, 1.0808e+00
4.7033e+01, 1.2381e+00
4.7204e+01, 1.4363e+00
4.7290e+01, 1.5552e+00
4.7376e+01, 1.6906e+00
4.7462e+01, 1.8457e+00
4.7547e+01, 2.0244e+00
4.7633e+01, 2.2319e+00
4.7719e+01, 2.4744e+00
4.7805e+01, 2.7601e+00
4.7890e+01, 3.0999e+00
4.7969e+01, 3.4726e+00
4.8047e+01, 3.9208e+00
4.8126e+01, 4.4667e+00
4.8205e+01, 5.1403e+00
4.8283e+01, 5.9856e+00
4.8322e+01, 6.4917e+00
4.8362e+01, 7.0670e+00
4.8401e+01, 7.7253e+00
4.8440e+01, 8.4834e+00
4.8480e+01, 9.3632e+00
4.8519e+01, 1.0393e+01
4.8565e+01, 1.1857e+01
4.8612e+01, 1.3672e+01
4.8658e+01, 1.5971e+01
4.8681e+01, 1.7363e+01
4.8705e+01, 1.8963e+01
4.8728e+01, 2.0822e+01
4.8751e+01, 2.3006e+01
4.8774e+01, 2.5610e+01
4.8798e+01, 2.8766e+01
4.8821e+01, 3.2669e+01
4.8844e+01, 3.7596e+01
4.8856e+01, 4.0566e+01
4.8867e+01, 4.3956e+01
4.8879e+01, 4.7846e+01
4.8890e+01, 5.2324e+01
4.8899e+01, 5.6141e+01
4.8908e+01, 6.0406e+01
4.8917e+01, 6.5177e+01
4.8925e+01, 7.0515e+01
4.8934e+01, 7.6503e+01
4.8943e+01, 8.3209e+01
4.8951e+01, 9.0733e+01
4.8960e+01, 9.9153e+01
4.8969e+01, 1.0859e+02
4.8977e+01, 1.1913e+02
4.8986e+01, 1.3090e+02
4.8995e+01, 1.4400e+02
4.9004e+01, 1.5856e+02
4.9012e+01, 1.7469e+02
4.9021e+01, 1.9252e+02
4.9030e+01, 2.1214e+02
4.9039e+01, 2.3427e+02
4.9048e+01, 2.5851e+02
4.9057e+01, 2.8775e+02
4.9067e+01, 3.1973e+02
4.9077e+01, 3.5452e+02
4.9087e+01, 3.9214e+02
4.9097e+01, 4.3259e+02
4.9107e+01, 4.7572e+02
4.9126e+01, 5.6945e+02
4.9146e+01, 6.7129e+02
4.9165e+01, 7.7808e+02
4.9205e+01, 9.8912e+02
4.9224e+01, 1.0830e+03
4.9244e+01, 1.1618e+03
4.9267e+01, 1.2289e+03
4.9290e+01, 1.2620e+03
4.9300e+01, 1.2649e+03
4.9305e+01, 1.2640e+03
4.9320e+01, 1.2512e+03
4.9334e+01, 1.2236e+03
4.9349e+01, 1.1825e+03
4.9364e+01, 1.1293e+03
4.9381e+01, 1.0567e+03
4.9398e+01, 9.7419e+02
4.9431e+01, 7.9352e+02
4.9460e+01, 6.3989e+02
4.9488e+01, 4.9871e+02
4.9502e+01, 4.3537e+02
4.9517e+01, 3.7764e+02
4.9531e+01, 3.2576e+02
4.9545e+01, 2.7976e+02
4.9559e+01, 2.3944e+02
4.9573e+01, 2.0452e+02
4.9588e+01, 1.7457e+02
4.9602e+01, 1.4911e+02
4.9616e+01, 1.2761e+02
4.9630e+01, 1.0959e+02
4.9645e+01, 9.4540e+01
4.9659e+01, 8.2021e+01
4.9673e+01, 7.1622e+01
4.9687e+01, 6.2983e+01
4.9701e+01, 5.5794e+01
4.9716e+01, 4.9791e+01
4.9730e+01, 4.4756e+01
4.9744e+01, 4.0507e+01
4.9758e+01, 3.6897e+01
4.9772e+01, 3.3805e+01
4.9787e+01, 3.1136e+01
4.9801e+01, 2.8813e+01
4.9829e+01, 2.4976e+01
4.9858e+01, 2.1939e+01
4.9886e+01, 1.9476e+01
4.9915e+01, 1.7438e+01
4.9943e+01, 1.5725e+01
4.9972e+01, 1.4266e+01
5.0000e+01, 1.3010e+01
5.0037e+01, 1.1616e+01
5.0074e+01, 1.0442e+01
5.0111e+01, 9.4423e+00
5.0148e+01, 8.5838e+00
5.0186e+01, 7.8400e+00
5.0223e+01, 7.1914e+00
5.0260e+01, 6.6221e+00
5.0297e+01, 6.1195e+00
5.0371e+01, 5.2757e+00
5.0445e+01, 4.5998e+00
5.0519e+01, 4.0492e+00
5.0594e+01, 3.5941e+00
5.0668e+01, 3.2128e+00
5.0742e+01, 2.8901e+00
5.0816e+01, 2.6147e+00
5.0890e+01, 2.3779e+00
5.0965e+01, 2.1728e+00
5.1039e+01, 1.9942e+00
5.1113e+01, 1.8375e+00
5.1187e+01, 1.6993e+00
5.1336e+01, 1.4680e+00
5.1484e+01, 1.2835e+00
5.1633e+01, 1.1345e+00
5.1781e+01, 1.0114e+00
5.1942e+01, 9.0045e-01
5.2102e+01, 8.0833e-01
5.2263e+01, 7.3114e-01
5.2424e+01, 6.6585e-01
5.2585e+01, 6.1017e-01
5.2746e+01, 5.6233e-01
5.2906e+01, 5.2097e-01
5.3067e+01, 4.8499e-01
5.3389e+01, 4.2594e-01
5.3710e+01, 3.8083e-01
5.4032e+01, 3.4437e-01
5.4353e+01, 3.1535e-01
5.4749e+01, 2.8745e-01
5.5145e+01, 2.6612e-01
5.5541e+01, 2.4991e-01
5.5936e+01, 2.3782e-01
5.6332e+01, 2.2915e-01
5.6728e+01, 2.2348e-01
5.7124e+01, 2.2055e-01
5.7519e+01, 2.2031e-01
5.7915e+01, 2.2286e-01
5.8311e+01, 2.2855e-01
5.8707e+01, 2.3805e-01
5.9102e+01, 2.5255e-01
5.9498e+01, 2.7373e-01
5.9696e+01, 2.8783e-01
5.9894e+01, 3.0544e-01
6.0092e+01, 3.2735e-01
6.0290e+01, 3.5497e-01
6.0488e+01, 3.9039e-01
6.0686e+01, 4.3674e-01
6.0815e+01, 4.7513e-01
6.0945e+01, 5.2217e-01
6.1075e+01, 5.8130e-01
6.1205e+01, 6.5708e-01
6.1335e+01, 7.5613e-01
6.1400e+01, 8.1743e-01
6.1465e+01, 8.8892e-01
6.1530e+01, 9.7306e-01
6.1595e+01, 1.0732e+00
6.1659e+01, 1.1941e+00
6.1724e+01, 1.3419e+00
6.1783e+01, 1.5064e+00
6.1842e+01, 1.7098e+00
6.1901e+01, 1.9660e+00
6.1930e+01, 2.1202e+00
6.1959e+01, 2.2964e+00
6.1989e+01, 2.4995e+00
6.2018e+01, 2.7358e+00
6.2047e+01, 3.0143e+00
6.2077e+01, 3.3474e+00
6.2106e+01, 3.7536e+00
6.2136e+01, 4.2605e+00
6.2165e+01, 4.9112e+00
6.2180e+01, 5.3102e+00
6.2194e+01, 5.7726e+00
6.2209e+01, 6.3132e+00
6.2224e+01, 6.9492e+00
6.2238e+01, 7.7024e+00
6.2253e+01, 8.5983e+00
6.2268e+01, 9.6697e+00
6.2282e+01, 1.0953e+01
6.2297e+01, 1.2493e+01
6.2312e+01, 1.4339e+01
6.2327e+01, 1.6550e+01
6.2341e+01, 1.9190e+01
6.2356e+01, 2.2328e+01
6.2371e+01, 2.6034e+01
6.2385e+01, 3.0388e+01
6.2400e+01, 3.5457e+01
6.2415e+01, 4.1316e+01
6.2429e+01, 4.8015e+01
6.2446e+01, 5.6890e+01
6.2463e+01, 6.6983e+01
6.2480e+01, 7.8288e+01
6.2497e+01, 9.0721e+01
6.2514e+01, 1.0415e+02
6.2531e+01, 1.1836e+02
6.2565e+01, 1.4792e+02
6.2599e+01, 1.7638e+02
6.2633e+01, 2.0017e+02
6.2650e+01, 2.0901e+02
6.2667e+01, 2.1558e+02
6.2683e+01, 2.1965e+02
6.2700e+01, 2.2099e+02
6.2718e+01, 2.1934e+02
6.2748e+01, 2.0966e+02
6.2778e+01, 1.9244e+02
6.2818e+01, 1.6210e+02
6.2857e+01, 1.2803e+02
6.2893e+01, 9.7672e+01
6.2911e+01, 8.3865e+01
6.2930e+01, 7.1285e+01
6.2948e+01, 6.0054e+01
6.2966e+01, 5.0214e+01
6.2984e+01, 4.1740e+01
6.3002e+01, 3.4558e+01
6.3019e+01, 2.9013e+01
6.3036e+01, 2.4361e+01
6.3052e+01, 2.0493e+01
6.3069e+01, 1.7305e+01
6.3086e+01, 1.4689e+01
6.3102e+01, 1.2556e+01
6.3119e+01, 1.0818e+01
6.3136e+01, 9.4039e+00
6.3152e+01, 8.2503e+00
6.3169e+01, 7.3063e+00
6.3186e+01, 6.5293e+00
6.3202e+01, 5.8854e+00
6.3219e+01, 5.3466e+00
6.3236e+01, 4.8919e+00
6.3252e+01, 4.5038e+00
6.3269e+01, 4.1698e+00
6.3302e+01, 3.6240e+00
6.3336e+01, 3.1970e+00
6.3369e+01, 2.8534e+00
6.3402e+01, 2.5707e+00
6.3436e+01, 2.3339e+00
6.3469e+01, 2.1331e+00
6.3502e+01, 1.9609e+00
6.3536e+01, 1.8119e+00
6.3602e+01, 1.5679e+00
6.3669e+01, 1.3779e+00
6.3736e+01, 1.2269e+00
6.3802e+01, 1.1048e+00
6.3893e+01, 9.7267e-01
6.3984e+01, 8.6941e-01
6.4075e+01, 7.8723e-01
6.4166e+01, 7.2095e-01
6.4257e+01, 6.6689e-01
6.4348e+01, 6.2245e-01
6.4439e+01, 5.8568e-01
6.4530e+01, 5.5500e-01
6.4711e+01, 5.0710e-01
6.4893e+01, 4.7242e-01
6.5075e+01, 4.4742e-01
6.5257e+01, 4.2963e-01
6.5548e+01, 4.1259e-01
6.5839e+01, 4.0443e-01
6.6105e+01, 4.0313e-01
6.6372e+01, 4.0657e-01
6.6905e+01, 4.2524e-01
6.7439e+01, 4.5788e-01
6.7972e+01, 5.0474e-01
6.8505e+01, 5.6779e-01
6.9039e+01, 6.5154e-01
6.9305e+01, 7.0308e-01
6.9572e+01, 7.6286e-01
6.9839e+01, 8.3220e-01
7.0105e+01, 9.1298e-01
7.0396e+01, 1.0171e+00
7.0687e+01, 1.1409e+00
7.0978e+01, 1.2933e+00
7.1269e+01, 1.4815e+00
7.1560e+01, 1.7170e+00
7.1705e+01, 1.8576e+00
7.1851e+01, 2.0171e+00
7.1996e+01, 2.1991e+00
7.2142e+01, 2.4078e+00
7.2287e+01, 2.6490e+00
7.2432e+01, 2.9297e+00
7.2590e+01, 3.2884e+00
7.2748e+01, 3.7173e+00
7.2905e+01, 4.2370e+00
7.3063e+01, 4.8799e+00
7.3220e+01, 5.6875e+00
7.3299e+01, 6.1706e+00
7.3378e+01, 6.7193e+00
7.3457e+01, 7.3462e+00
7.3535e+01, 8.0664e+00
7.3614e+01, 8.8994e+00
7.3693e+01, 9.8696e+00
7.3778e+01, 1.1106e+01
7.3820e+01, 1.1815e+01
7.3863e+01, 1.2596e+01
7.3905e+01, 1.3459e+01
7.3926e+01, 1.3925e+01
7.3948e+01, 1.4417e+01
7.3969e+01, 1.4935e+01
7.3990e+01, 1.5484e+01
7.4011e+01, 1.6064e+01
7.4032e+01, 1.6678e+01
7.4051e+01, 1.7233e+01
7.4069e+01, 1.7818e+01
7.4087e+01, 1.8434e+01
7.4105e+01, 1.9083e+01
7.4122e+01, 1.9710e+01
7.4138e+01, 2.0370e+01
7.4155e+01, 2.1064e+01
7.4172e+01, 2.1795e+01
7.4188e+01, 2.2567e+01
7.4205e+01, 2.3381e+01
7.4222e+01, 2.4242e+01
7.4238e+01, 2.5153e+01
7.4255e+01, 2.6119e+01
7.4272e+01, 2.7143e+01
7.4288e+01, 2.8232e+01
7.4305e+01, 2.9390e+01
7.4322e+01, 3.0625e+01
7.4338e+01, 3.1942e+01
7.4355e+01, 3.3352e+01
7.4372e+01, 3.4861e+01
7.4388e+01, 3.6482e+01
7.4405e+01, 3.8227e+01
7.4422e+01, 4.0109e+01
7.4438e+01, 4.2142e+01
7.4455e+01, 4.4349e+01
7.4472e+01, 4.6749e+01
7.4488e+01, 4.9370e+01
7.4505e+01, 5.2241e+01
7.4522e+01, 5.5402e+01
7.4538e+01, 5.8898e+01
7.4555e+01, 6.2784e+01
7.4572e+01, 6.7125e+01
7.4588e+01, 7.2011e+01
7.4605e+01, 7.7538e+01
7.4622e+01, 8.3840e+01
7.4638e+01, 9.1064e+01
7.4652e+01, 9.7802e+01
7.4666e+01, 1.0541e+02
7.4679e+01, 1.1405e+02
7.4693e+01, 1.2387e+02
7.4707e+01, 1.3510e+02
7.4720e+01, 1.4794e+02
7.4734e+01, 1.6268e+02
7.4748e+01, 1.7960e+02
7.4761e+01, 1.9905e+02
7.4775e+01, 2.2138e+02
7.4788e+01, 2.4702e+02
7.4802e+01, 2.7637e+02
7.4816e+01, 3.0994e+02
7.4829e+01, 3.4816e+02
7.4843e+01, 3.9157e+02
7.4857e+01, 4.4058e+02
7.4873e+01, 5.0886e+02
7.4890e+01, 5.8701e+02
7.4907e+01, 6.7561e+02
7.4923e+01, 7.7499e+02
7.4940e+01, 8.8533e+02
7.4957e+01, 1.0062e+03
7.4973e+01, 1.1372e+03
7.4990e+01, 1.2768e+03
7.5041e+01, 1.7438e+03
7.5093e+01, 2.1996e+03
7.5127e+01, 2.4439e+03
7.5161e+01, 2.6110e+03
7.5180e+01, 2.6642e+03
7.5200e+01, 2.6817e+03
7.5219e+01, 2.6640e+03
7.5238e+01, 2.6130e+03
7.5257e+01, 2.5308e+03
7.5276e+01, 2.4207e+03
7.5300e+01, 2.2517e+03
7.5323e+01, 2.0559e+03
7.5371e+01, 1.6253e+03
7.5406e+01, 1.3055e+03
7.5442e+01, 1.0156e+03
7.5459e+01, 8.8670e+02
7.5477e+01, 7.6976e+02
7.5495e+01, 6.6511e+02
7.5513e+01, 5.7269e+02
7.5529e+01, 4.9821e+02
7.5545e+01, 4.3297e+02
7.5561e+01, 3.7626e+02
7.5578e+01, 3.2731e+02
7.5594e+01, 2.8530e+02
7.5610e+01, 2.4941e+02
7.5626e+01, 2.1887e+02
7.5643e+01, 1.9294e+02
7.5659e+01, 1.7096e+02
7.5675e+01, 1.5231e+02
7.5692e+01, 1.3648e+02
7.5708e+01, 1.2302e+02
7.5724e+01, 1.1151e+02
7.5740e+01, 1.0164e+02
7.5757e+01, 9.3137e+01
7.5773e+01, 8.5763e+01
7.5805e+01, 7.3670e+01
7.5838e+01, 6.4230e+01
7.5870e+01, 5.6681e+01
7.5903e+01, 5.0512e+01
7.5935e+01, 4.5380e+01
7.5968e+01, 4.1046e+01
7.6000e+01, 3.7339e+01
7.6033e+01, 3.4137e+01
7.6065e+01, 3.1347e+01
7.6098e+01, 2.8898e+01
7.6163e+01, 2.4812e+01
7.6228e+01, 2.1558e+01
7.6293e+01, 1.8919e+01
7.6352e+01, 1.6928e+01
7.6411e+01, 1.5242e+01
7.6471e+01, 1.3800e+01
7.6530e+01, 1.2556e+01
7.6589e+01, 1.1474e+01
7.6648e+01, 1.0528e+01
7.6766e+01, 8.9563e+00
7.6884e+01, 7.7152e+00
7.7003e+01, 6.7177e+00
7.7121e+01, 5.9039e+00
7.7239e+01, 5.2314e+00
7.7351e+01, 4.6954e+00
7.7464e+01, 4.2401e+00
7.7576e+01, 3.8500e+00
7.7688e+01, 3.5118e+00
7.7801e+01, 3.2161e+00
7.7913e+01, 2.9564e+00
7.8138e+01, 2.5250e+00
7.8363e+01, 2.1840e+00
7.8587e+01, 1.9100e+00
7.8812e+01, 1.6867e+00
7.9037e+01, 1.5026e+00
7.9249e+01, 1.3566e+00
7.9462e+01, 1.2328e+00
7.9675e+01, 1.1275e+00
7.9888e+01, 1.0382e+00
8.0101e+01, 9.6020e-01
8.0314e+01, 8.9222e-01
8.0739e+01, 7.8200e-01
8.1165e+01, 6.9903e-01
8.1591e+01, 6.3750e-01
8.2016e+01, 5.9384e-01
8.2442e+01, 5.6618e-01
8.2821e+01, 5.5476e-01
8.3140e+01, 5.5540e-01
8.3459e+01, 5.6680e-01
8.3778e+01, 5.9109e-01
8.4098e+01, 6.3081e-01
8.4257e+01, 6.5910e-01
8.4417e+01, 6.9432e-01
8.4577e+01, 7.3778e-01
8.4736e+01, 7.9140e-01
8.4896e+01, 8.5774e-01
8.5056e+01, 9.4018e-01
8.5215e+01, 1.0432e+00
8.5375e+01, 1.1736e+00
8.5499e+01, 1.3011e+00
8.5623e+01, 1.4587e+00
8.5747e+01, 1.6559e+00
8.5871e+01, 1.9068e+00
8.5934e+01, 2.0586e+00
8.5996e+01, 2.2323e+00
8.6058e+01, 2.4324e+00
8.6120e+01, 2.6644e+00
8.6182e+01, 2.9356e+00
8.6244e+01, 3.2555e+00
8.6306e+01, 3.6371e+00
8.6368e+01, 4.0980e+00
8.6430e+01, 4.6631e+00
8.6492e+01, 5.3681e+00
8.6554e+01, 6.2669e+00
8.6585e+01, 6.8142e+00
8.6616e+01, 7.4466e+00
8.6647e+01, 8.1858e+00
8.6679e+01, 9.0620e+00
8.6710e+01, 1.0119e+01
8.6741e+01, 1.1422e+01
8.6772e+01, 1.3066e+01
8.6787e+01, 1.4060e+01
8.6803e+01, 1.5200e+01
8.6818e+01, 1.6514e+01
8.6834e+01, 1.8039e+01
8.6849e+01, 1.9819e+01
8.6865e+01, 2.1906e+01
8.6881e+01, 2.4490e+01
8.6897e+01, 2.7564e+01
8.6914e+01, 3.1226e+01
8.6930e+01, 3.5592e+01
8.6946e+01, 4.0794e+01
8.6962e+01, 4.6977e+01
8.6979e+01, 5.4304e+01
8.6995e+01, 6.2950e+01
8.7011e+01, 7.3101e+01
8.7027e+01, 8.4943e+01
8.7044e+01, 9.8665e+01
8.7060e+01, 1.1444e+02
8.7076e+01, 1.3243e+02
8.7092e+01, 1.5275e+02
8.7109e+01, 1.7549e+02
8.7125e+01, 2.0065e+02
8.7143e+01, 2.3217e+02
8.7162e+01, 2.6659e+02
8.7180e+01, 3.0357e+02
8.7199e+01, 3.4261e+02
8.7231e+01, 4.1428e+02
8.7264e+01, 4.8561e+02
8.7296e+01, 5.5099e+02
8.7329e+01, 6.0449e+02
8.7361e+01, 6.4080e+02
8.7381e+01, 6.5259e+02
8.7400e+01, 6.5648e+02
8.7410e+01, 6.5540e+02
8.7443e+01, 6.3686e+02
8.7476e+01, 5.9727e+02
8.7512e+01, 5.3336e+02
8.7549e+01, 4.5644e+02
8.7617e+01, 3.0912e+02
8.7650e+01, 2.4300e+02
8.7667e+01, 2.1329e+02
8.7684e+01, 1.8611e+02
8.7701e+01, 1.6152e+02
8.7718e+01, 1.3954e+02
8.7735e+01, 1.2009e+02
8.7752e+01, 1.0307e+02
8.7768e+01, 8.8289e+01
8.7785e+01, 7.5573e+01
8.7802e+01, 6.4713e+01
8.7819e+01, 5.5507e+01
8.7836e+01, 4.7738e+01
8.7853e+01, 4.1217e+01
8.7870e+01, 3.5762e+01
8.7886e+01, 3.1211e+01
8.7903e+01, 2.7414e+01
8.7920e+01, 2.4247e+01
8.7937e+01, 2.1600e+01
8.7954e+01, 1.9382e+01
8.7970e+01, 1.7592e+01
8.7986e+01, 1.6064e+01
8.8002e+01, 1.4753e+01
8.8018e+01, 1.3620e+01
8.8051e+01, 1.1771e+01
8.8083e+01, 1.0332e+01
8.8115e+01, 9.1816e+00
8.8147e+01, 8.2392e+00
8.8179e+01, 7.4519e+00
8.8212e+01, 6.7837e+00
8.8244e+01, 6.2092e+00
8.8276e+01, 5.7101e+00
8.8340e+01, 4.8872e+00
8.8405e+01, 4.2391e+00
8.8469e+01, 3.7180e+00
8.8527e+01, 3.3291e+00
8.8586e+01, 3.0012e+00
8.8644e+01, 2.7218e+00
8.8702e+01, 2.4816e+00
8.8760e+01, 2.2732e+00
8.8819e+01, 2.0912e+00
8.8935e+01, 1.7897e+00
8.9052e+01, 1.5517e+00
8.9168e+01, 1.3606e+00
8.9285e+01, 1.2048e+00
8.9401e+01, 1.0760e+00
8.9524e+01, 9.6334e-01
8.9647e+01, 8.6899e-01
8.9769e+01, 7.8886e-01
8.9892e+01, 7.1999e-01
9.0015e+01, 6.6041e-01
9.0137e+01, 6.0858e-01
9.0383e+01, 5.2330e-01
9.0628e+01, 4.5647e-01
9.0873e+01, 4.0302e-01
9.1119e+01, 3.5951e-01
9.1364e+01, 3.2357e-01
9.1609e+01, 2.9354e-01
9.1855e+01, 2.6837e-01
9.2100e+01, 2.4660e-01
9.2345e+01, 2.2768e-01
9.2836e+01, 1.9671e-01
9.3327e+01, 1.7254e-01
9.3817e+01, 1.5325e-01
9.4308e+01, 1.3751e-01
9.4799e+01, 1.2446e-01
9.5289e+01, 1.1354e-01
9.5878e+01, 1.0261e-01
9.6467e+01, 9.3307e-02
9.7056e+01, 8.5323e-02
9.7645e+01, 7.8482e-02
9.8822e+01, 6.7436e-02
9.9117e+01, 6.5049e-02
9.9264e+01, 6.4098e-02
9.9338e+01, 6.4605e-02
9.9374e+01, 6.6093e-02
9.9411e+01, 6.9755e-02
9.9448e+01, 7.7868e-02
9.9466e+01, 8.4805e-02
9.9485e+01, 9.4646e-02
9.9503e+01, 1.0842e-01
9.9522e+01, 1.2744e-01
9.9540e+01, 1.5338e-01
9.9558e+01, 1.8831e-01
9.9577e+01, 2.3479e-01
9.9595e+01, 2.9588e-01
9.9614e+01, 3.7522e-01
9.9623e+01, 4.2302e-01
9.9632e+01, 4.7700e-01
9.9641e+01, 5.3780e-01
9.9650e+01, 6.0605e-01
9.9659e+01, 6.8245e-01
9.9669e+01, 7.6770e-01
9.9678e+01, 8.6257e-01
9.9687e+01, 9.6780e-01
9.9696e+01, 1.0842e+00
9.9706e+01, 1.2126e+00
9.9715e+01, 1.3537e+00
9.9724e+01, 1.5084e+00
9.9742e+01, 1.8617e+00
9.9761e+01, 2.2788e+00
9.9779e+01, 2.7652e+00
9.9797e+01, 3.3257e+00
9.9816e+01, 3.9642e+00
9.9834e+01, 4.6828e+00
9.9853e+01, 5.4821e+00
9.9871e+01, 6.3606e+00
9.9889e+01, 7.3147e+00
9.9926e+01, 9.4252e+00
1.0000e+02, 1.4172e+01
1.0000e+02, 2.8277e+01
2.0000e+02, 1.6274e+01
3.0000e+02, 1.1697e+01
4.0000e+02, 9.2753e+00
5.0000e+02, 7.7299e+00
7.0000e+02, 5.8760e+00
9.0000e+02, 4.7927e+00
1.0000e+03, 4.4019e+00
1.2000e+03, 3.8021e+00
1.5000e+03, 3.1828e+00
1.8000e+03, 2.7568e+00
2.0000e+03, 2.5391e+00
2.5000e+03, 2.1381e+00
3.0000e+03, 1.8635e+00
4.0000e+03, 1.5106e+00
5.0000e+03, 1.2933e+00
6.0000e+03, 1.1459e+00
7.0000e+03, 1.0394e+00
8.0000e+03, 9.5870e-01
9.0000e+03, 8.9537e-01
1.0000e+04, 8.4423e-01
1.1000e+04, 8.0195e-01
1.2000e+04, 7.6631e-01
1.3000e+04, 7.4110e-01
1.4000e+04, 7.1514e-01
1.5000e+04, 6.9237e-01
1.7000e+04, 6.5417e-01
2.0000e+04, 6.0971e-01
2.2000e+04, 5.8600e-01
2.5000e+04, 5.5663e-01
3.0000e+04, 5.1921e-01
3.5000e+04, 4.9151e-01
4.0000e+04, 4.7065e-01
4.5000e+04, 4.5431e-01
5.0000e+04, 4.4149e-01
5.5000e+04, 4.3135e-01
6.0000e+04, 4.2327e-01
6.5000e+04, 4.1682e-01
7.0000e+04, 4.1166e-01
8.0000e+04, 4.0419e-01
9.0000e+04, 3.9937e-01
9.5000e+04, 3.9764e-01
1.0000e+05, 3.9623e-01
1.0414e+05, 3.8551e-01
1.0500e+05, 3.8328e-01
1.1000e+05, 3.4562e-01
1.1500e+05, 3.2613e-01
1.2000e+05, 3.1218e-01
1.3000e+05, 2.9123e-01
1.4000e+05, 2.7530e-01
1.5000e+05, 2.6210e-01
1.6000e+05, 2.5109e-01
1.7000e+05, 2.4238e-01
1.8000e+05, 2.3536e-01
1.9000e+05, 2.2941e-01
2.0000e+05, 2.2431e-01
2.2000e+05, 2.1608e-01
2.5000e+05, 2.0593e-01
2.7000e+05, 2.0088e-01
3.0000e+05, 1.9482e-01
3.2000e+05, 1.9159e-01
3.3943e+05, 1.8893e-01
3.5000e+05, 1.8748e-01
4.0000e+05, 1.8191e-01
4.2000e+05, 1.8019e-01
4.5000e+05, 1.7849e-01
5.0000e+05, 1.7718e-01
5.2000e+05, 1.7702e-01
5.5000e+05, 1.7710e-01
5.9400e+05, 1.7847e-01
6.0000e+05, 1.7866e-01
6.1000e+05, 1.7903e-01
6.2000e+05, 1.7946e-01
6.3000e+05, 1.7994e-01
6.5000e+05, 1.8109e-01
6.9230e+05, 1.8458e-01
7.0000e+05, 1.8521e-01
7.5000e+05, 1.8978e-01
8.0000e+05, 1.9513e-01
8.5000e+05, 2.0168e-01
9.0000e+05, 2.0885e-01
9.5000e+05, 2.1684e-01
1.0000e+06, 2.2600e-01
1.0120e+06, 2.2638e-01
1.0500e+06, 2.2757e-01
1.0884e+06, 2.2927e-01
1.1000e+06, 2.2978e-01
1.1236e+06, 2.2781e-01
1.1448e+06, 2.2602e-01
1.1500e+06, 2.2559e-01
1.1915e+06, 2.2295e-01
1.2000e+06, 2.2242e-01
1.2500e+06, 2.2147e-01
1.3000e+06, 2.1968e-01
1.7000e+06, 1.8990e-01
1.8000e+06, 1.7070e-01
1.9000e+06, 1.6144e-01
2.0000e+06, 1.5143e-01
2.0500e+06, 1.5043e-01
2.1000e+06, 1.4118e-01
2.2000e+06, 1.3056e-01
2.3000e+06, 1.2055e-01
2.5000e+06, 1.0153e-01
2.7500e+06, 7.9996e-02
3.0000e+06, 6.3978e-02
3.5000e+06, 4.0431e-02
4.0000e+06, 2.5721e-02
4.5000e+06, 1.6403e-02
5.0000e+06, 1.0502e-02
5.5000e+06, 6.7874e-03
6.0000e+06, 4.4259e-03
6.5000e+06, 2.8401e-03
7.0000e+06, 1.9420e-03
7.5000e+06, 1.4486e-03
8.0000e+06, 1.1672e-03
8.2000e+06, 1.1033e-03
8.4000e+06, 1.0396e-03
8.4592e+06, 1.0255e-03
8.6000e+06, 9.9189e-04
8.6823e+06, 9.7994e-04
8.8000e+06, 9.6285e-04
9.0000e+06, 9.3537e-04
9.3000e+06, 9.0712e-04
9.6000e+06, 8.9339e-04
1.0000e+07, 8.8581e-04
1.0500e+07, 8.8637e-04
1.0900e+07, 8.8706e-04
1.1500e+07, 8.7840e-04
1.2000e+07, 8.6106e-04
1.2500e+07, 8.3490e-04
1.3000e+07, 8.0044e-04
1.3500e+07, 7.6004e-04
1.4000e+07, 7.1383e-04
1.4500e+07, 6.6089e-04
1.5000e+07, 6.0394e-04
1.5429e+07, 5.5739e-04
1.5500e+07, 5.4969e-04
1.6000e+07, 4.8511e-04
1.7000e+07, 3.8469e-04
1.8000e+07, 2.9896e-04
2.0000e+07, 1.9314e-04
2.2000e+07, 1.3182e-04
2.4000e+07, 9.5870e-05
2.4268e+07, 9.2644e-05
2.6000e+07, 7.1824e-05
2.8000e+07, 5.5106e-05
3.2000e+07, 3.3638e-05
3.4000e+07, 2.6540e-05
4.0000e+07, 1.3244e-05
4.5000e+07, 7.8680e-06
5.0000e+07, 4.8268e-06
5.5000e+07, 3.0184e-06
6.0000e+07, 1.9417e-06
7.0000e+07, 9.0154e-07
8.0000e+07, 4.4461e-07
9.0000e+07, 2.5119e-07
1.0000e+08, 1.4157e-07
1.1500e+08, 6.5540e-08
1.3000e+08, 3.7311e-08
1.5000e+08, 1.5917e-08
