ebin, xs
1.0000e-05, 1.7504e+02
1.0625e-05, 1.6981e+02
1.1250e-05, 1.6503e+02
1.1875e-05, 1.6063e+02
1.2500e-05, 1.5656e+02
1.3750e-05, 1.4927e+02
1.5000e-05, 1.4292e+02
1.6250e-05, 1.3731e+02
1.7500e-05, 1.3232e+02
1.8750e-05, 1.2783e+02
2.0000e-05, 1.2377e+02
2.1875e-05, 1.1835e+02
2.3750e-05, 1.1358e+02
2.5625e-05, 1.0935e+02
2.7500e-05, 1.0555e+02
2.9375e-05, 1.0213e+02
3.1250e-05, 9.9018e+01
3.3125e-05, 9.6174e+01
3.5000e-05, 9.3563e+01
3.8750e-05, 8.8920e+01
4.2500e-05, 8.4907e+01
4.6250e-05, 8.1392e+01
5.0000e-05, 7.8280e+01
5.3125e-05, 7.5943e+01
5.6250e-05, 7.3803e+01
5.9375e-05, 7.1835e+01
6.2500e-05, 7.0016e+01
6.8750e-05, 6.6758e+01
7.5000e-05, 6.3916e+01
8.1250e-05, 6.1408e+01
8.7500e-05, 5.9175e+01
9.3750e-05, 5.7168e+01
1.0000e-04, 5.5353e+01
1.0625e-04, 5.3700e+01
1.1250e-04, 5.2187e+01
1.1875e-04, 5.0795e+01
1.2500e-04, 4.9509e+01
1.3750e-04, 4.7205e+01
1.5000e-04, 4.5196e+01
1.6250e-04, 4.3423e+01
1.7500e-04, 4.1843e+01
1.8750e-04, 4.0424e+01
2.0000e-04, 3.9141e+01
2.1875e-04, 3.7426e+01
2.3750e-04, 3.5918e+01
2.5625e-04, 3.4579e+01
2.7500e-04, 3.3379e+01
2.9375e-04, 3.2297e+01
3.1250e-04, 3.1313e+01
3.3125e-04, 3.0414e+01
3.5000e-04, 2.9588e+01
3.8750e-04, 2.8120e+01
4.2500e-04, 2.6851e+01
4.6250e-04, 2.5739e+01
5.0000e-04, 2.4755e+01
5.3125e-04, 2.4016e+01
5.6250e-04, 2.3340e+01
5.9375e-04, 2.2717e+01
6.2500e-04, 2.2142e+01
6.8750e-04, 2.1112e+01
7.5000e-04, 2.0213e+01
8.1250e-04, 1.9420e+01
8.7500e-04, 1.8714e+01
9.3750e-04, 1.8079e+01
1.0000e-03, 1.7505e+01
1.0625e-03, 1.6983e+01
1.1250e-03, 1.6504e+01
1.1875e-03, 1.6064e+01
1.2500e-03, 1.5658e+01
1.3750e-03, 1.4929e+01
1.5000e-03, 1.4294e+01
1.6250e-03, 1.3733e+01
1.7500e-03, 1.3234e+01
1.8750e-03, 1.2785e+01
2.0000e-03, 1.2379e+01
2.1875e-03, 1.1837e+01
2.3750e-03, 1.1360e+01
2.5625e-03, 1.0937e+01
2.7500e-03, 1.0558e+01
2.9375e-03, 1.0216e+01
3.1250e-03, 9.9046e+00
3.3125e-03, 9.6204e+00
3.5000e-03, 9.3593e+00
3.8750e-03, 8.8952e+00
4.2500e-03, 8.4939e+00
4.6250e-03, 8.1425e+00
5.0000e-03, 7.8315e+00
5.3125e-03, 7.5978e+00
5.6250e-03, 7.3840e+00
5.9375e-03, 7.1872e+00
6.2500e-03, 7.0054e+00
6.8750e-03, 6.6798e+00
7.5000e-03, 6.3957e+00
8.1250e-03, 6.1450e+00
8.7500e-03, 5.9217e+00
9.3750e-03, 5.7212e+00
1.0000e-02, 5.5398e+00
1.0625e-02, 5.3747e+00
1.1250e-02, 5.2236e+00
1.1875e-02, 5.0846e+00
1.2500e-02, 4.9562e+00
1.3750e-02, 4.7262e+00
1.5000e-02, 4.5255e+00
1.6250e-02, 4.3483e+00
1.7500e-02, 4.1905e+00
1.8750e-02, 4.0487e+00
2.0000e-02, 3.9205e+00
2.1325e-02, 3.7971e+00
2.2650e-02, 3.6848e+00
2.3975e-02, 3.5820e+00
2.5300e-02, 3.4874e+00
2.6844e-02, 3.3863e+00
2.8387e-02, 3.2936e+00
3.1475e-02, 3.1290e+00
3.4563e-02, 2.9868e+00
3.7650e-02, 2.8623e+00
4.0738e-02, 2.7523e+00
4.3825e-02, 2.6541e+00
4.6913e-02, 2.5659e+00
5.0000e-02, 2.4860e+00
5.3125e-02, 2.4124e+00
5.6250e-02, 2.3451e+00
5.9375e-02, 2.2833e+00
6.2500e-02, 2.2263e+00
6.8750e-02, 2.1241e+00
7.5000e-02, 2.0347e+00
8.1250e-02, 1.9559e+00
8.7500e-02, 1.8857e+00
9.3750e-02, 1.8227e+00
1.0000e-01, 1.7657e+00
1.0625e-01, 1.7139e+00
1.1250e-01, 1.6665e+00
1.1875e-01, 1.6231e+00
1.2500e-01, 1.5831e+00
1.3750e-01, 1.5113e+00
1.5000e-01, 1.4485e+00
1.6250e-01, 1.3931e+00
1.7500e-01, 1.3439e+00
1.8750e-01, 1.2998e+00
2.0000e-01, 1.2601e+00
2.1875e-01, 1.2070e+00
2.3750e-01, 1.1604e+00
2.5625e-01, 1.1190e+00
2.7500e-01, 1.0820e+00
2.9375e-01, 1.0487e+00
3.1250e-01, 1.0185e+00
3.3125e-01, 9.9105e-01
3.5000e-01, 9.6603e-01
3.8750e-01, 9.2155e-01
4.2500e-01, 8.8308e-01
5.0000e-01, 8.2024e-01
6.2500e-01, 7.4296e-01
7.5000e-01, 6.8703e-01
8.7500e-01, 6.4476e-01
1.0000e+00, 6.1163e-01
1.2500e+00, 5.6318e-01
1.5000e+00, 5.3034e-01
1.7500e+00, 5.0764e-01
2.0000e+00, 4.9201e-01
2.3750e+00, 4.7834e-01
2.7500e+00, 4.7379e-01
3.1250e+00, 4.7677e-01
3.5000e+00, 4.8684e-01
3.8750e+00, 5.0413e-01
4.2500e+00, 5.2936e-01
4.6250e+00, 5.6391e-01
5.0000e+00, 6.0983e-01
5.3021e+00, 6.5730e-01
5.6041e+00, 7.1682e-01
5.9062e+00, 7.9179e-01
6.2082e+00, 8.8723e-01
6.5103e+00, 1.0097e+00
6.6613e+00, 1.0842e+00
6.8123e+00, 1.1708e+00
6.9633e+00, 1.2712e+00
7.1143e+00, 1.3886e+00
7.2654e+00, 1.5269e+00
7.4164e+00, 1.6914e+00
7.5674e+00, 1.8891e+00
7.7184e+00, 2.1294e+00
7.8695e+00, 2.4256e+00
8.0205e+00, 2.7966e+00
8.1715e+00, 3.2651e+00
8.2470e+00, 3.5478e+00
8.3225e+00, 3.8754e+00
8.3981e+00, 4.2547e+00
8.4736e+00, 4.6966e+00
8.5491e+00, 5.2158e+00
8.6246e+00, 5.8314e+00
8.7001e+00, 6.5692e+00
8.7756e+00, 7.4641e+00
8.8511e+00, 8.5643e+00
8.9267e+00, 9.9356e+00
9.0022e+00, 1.1669e+01
9.0399e+00, 1.2717e+01
9.0777e+00, 1.3921e+01
9.1154e+00, 1.5314e+01
9.1532e+00, 1.6936e+01
9.1909e+00, 1.8838e+01
9.2287e+00, 2.1091e+01
9.2665e+00, 2.3786e+01
9.3042e+00, 2.7048e+01
9.3420e+00, 3.1047e+01
9.3797e+00, 3.6026e+01
9.3986e+00, 3.8990e+01
9.4175e+00, 4.2347e+01
9.4364e+00, 4.6175e+01
9.4552e+00, 5.0567e+01
9.4741e+00, 5.5646e+01
9.4930e+00, 6.1567e+01
9.5119e+00, 6.8533e+01
9.5307e+00, 7.6815e+01
9.5520e+00, 8.8170e+01
9.5732e+00, 1.0241e+02
9.5838e+00, 1.1095e+02
9.5945e+00, 1.2068e+02
9.6051e+00, 1.3183e+02
9.6157e+00, 1.4470e+02
9.6263e+00, 1.5967e+02
9.6369e+00, 1.7720e+02
9.6476e+00, 1.9786e+02
9.6582e+00, 2.2235e+02
9.6635e+00, 2.3630e+02
9.6688e+00, 2.5152e+02
9.6741e+00, 2.6817e+02
9.6794e+00, 2.8637e+02
9.6847e+00, 3.0627e+02
9.6900e+00, 3.2802e+02
9.6953e+00, 3.5179e+02
9.7007e+00, 3.7774e+02
9.7054e+00, 4.0277e+02
9.7101e+00, 4.2978e+02
9.7166e+00, 4.7034e+02
9.7231e+00, 5.1513e+02
9.7296e+00, 5.6441e+02
9.7361e+00, 6.1837e+02
9.7425e+00, 6.7718e+02
9.7490e+00, 7.4091e+02
9.7555e+00, 8.0953e+02
9.7620e+00, 8.8292e+02
9.7685e+00, 9.6084e+02
9.7750e+00, 1.0429e+03
9.7815e+00, 1.1285e+03
9.7880e+00, 1.2170e+03
9.8009e+00, 1.3991e+03
9.8139e+00, 1.5808e+03
9.8275e+00, 1.7590e+03
9.8411e+00, 1.9127e+03
9.8546e+00, 2.0298e+03
9.8682e+00, 2.1003e+03
9.8800e+00, 2.1187e+03
9.8918e+00, 2.0958e+03
9.9075e+00, 2.0047e+03
9.9231e+00, 1.8548e+03
9.9388e+00, 1.6627e+03
9.9545e+00, 1.4476e+03
9.9772e+00, 1.1318e+03
9.9886e+00, 9.8444e+02
1.0000e+01, 8.4909e+02
1.0013e+01, 7.0745e+02
1.0027e+01, 5.8649e+02
1.0040e+01, 4.8560e+02
1.0054e+01, 4.0299e+02
1.0067e+01, 3.3622e+02
1.0081e+01, 2.8269e+02
1.0094e+01, 2.3991e+02
1.0107e+01, 2.0568e+02
1.0120e+01, 1.7925e+02
1.0133e+01, 1.5762e+02
1.0146e+01, 1.3976e+02
1.0159e+01, 1.2487e+02
1.0172e+01, 1.1232e+02
1.0184e+01, 1.0165e+02
1.0197e+01, 9.2480e+01
1.0210e+01, 8.4550e+01
1.0223e+01, 7.7627e+01
1.0236e+01, 7.1546e+01
1.0261e+01, 6.1400e+01
1.0287e+01, 5.3314e+01
1.0312e+01, 4.6755e+01
1.0337e+01, 4.1589e+01
1.0361e+01, 3.7248e+01
1.0386e+01, 3.3559e+01
1.0410e+01, 3.0397e+01
1.0435e+01, 2.7662e+01
1.0459e+01, 2.5281e+01
1.0483e+01, 2.3193e+01
1.0508e+01, 2.1355e+01
1.0557e+01, 1.8277e+01
1.0605e+01, 1.5820e+01
1.0654e+01, 1.3828e+01
1.0703e+01, 1.2190e+01
1.0747e+01, 1.0952e+01
1.0791e+01, 9.8953e+00
1.0835e+01, 8.9860e+00
1.0879e+01, 8.1979e+00
1.0923e+01, 7.5084e+00
1.0967e+01, 6.9007e+00
1.1055e+01, 5.8840e+00
1.1143e+01, 5.0754e+00
1.1230e+01, 4.4224e+00
1.1318e+01, 3.8876e+00
1.1406e+01, 3.4442e+00
1.1475e+01, 3.1497e+00
1.1543e+01, 2.8914e+00
1.1680e+01, 2.4618e+00
1.1816e+01, 2.1221e+00
1.1953e+01, 1.8509e+00
1.2090e+01, 1.6265e+00
1.2227e+01, 1.4406e+00
1.2363e+01, 1.2851e+00
1.2500e+01, 1.1538e+00
1.2637e+01, 1.0419e+00
1.2773e+01, 9.4589e-01
1.2910e+01, 8.6281e-01
1.3047e+01, 7.9047e-01
1.3184e+01, 7.2712e-01
1.3320e+01, 6.7132e-01
1.3594e+01, 5.7803e-01
1.3867e+01, 5.0490e-01
1.4141e+01, 4.4421e-01
1.4414e+01, 3.9444e-01
1.4688e+01, 3.5319e-01
1.5000e+01, 3.1408e-01
1.5312e+01, 2.8166e-01
1.5625e+01, 2.5446e-01
1.5938e+01, 2.3144e-01
1.6250e+01, 2.1176e-01
1.6562e+01, 1.9481e-01
1.6875e+01, 1.8018e-01
1.7500e+01, 1.5610e-01
1.8125e+01, 1.3720e-01
1.8750e+01, 1.2214e-01
1.9375e+01, 1.0992e-01
2.0000e+01, 9.9867e-02
2.0938e+01, 8.7764e-02
2.1875e+01, 7.8254e-02
2.2812e+01, 7.0626e-02
2.3750e+01, 6.4386e-02
2.4688e+01, 5.9195e-02
2.5625e+01, 5.4822e-02
2.7500e+01, 4.7835e-02
2.9375e+01, 4.2489e-02
3.1250e+01, 3.8266e-02
3.3125e+01, 3.4835e-02
3.5000e+01, 3.1986e-02
3.6875e+01, 2.9575e-02
3.8750e+01, 2.7507e-02
4.2500e+01, 2.4124e-02
4.6250e+01, 2.1462e-02
5.0000e+01, 1.9308e-02
5.3125e+01, 1.7801e-02
5.6250e+01, 1.6501e-02
6.2500e+01, 1.4368e-02
6.8750e+01, 1.2696e-02
7.5000e+01, 1.1356e-02
8.1250e+01, 1.0266e-02
8.7500e+01, 9.3680e-03
9.3750e+01, 8.6223e-03
1.0000e+02, 7.9994e-03
1.0625e+02, 7.4775e-03
1.1250e+02, 7.0408e-03
1.2500e+02, 6.3751e-03
1.3750e+02, 5.9365e-03
1.5000e+02, 5.6946e-03
1.6250e+02, 5.6485e-03
1.6875e+02, 5.7087e-03
1.7500e+02, 5.8372e-03
1.8125e+02, 6.0501e-03
1.8750e+02, 6.3735e-03
1.9375e+02, 6.8502e-03
2.0000e+02, 7.5501e-03
2.0328e+02, 8.0475e-03
2.0657e+02, 8.6721e-03
2.0985e+02, 9.4646e-03
2.1313e+02, 1.0486e-02
2.1477e+02, 1.1102e-02
2.1641e+02, 1.1830e-02
2.1806e+02, 1.2639e-02
2.1970e+02, 1.3586e-02
2.2134e+02, 1.4723e-02
2.2298e+02, 1.6076e-02
2.2462e+02, 1.7703e-02
2.2626e+02, 1.9687e-02
2.2771e+02, 2.1820e-02
2.2916e+02, 2.4424e-02
2.3061e+02, 2.7652e-02
2.3206e+02, 3.1714e-02
2.3278e+02, 3.4070e-02
2.3351e+02, 3.6822e-02
2.3423e+02, 3.9979e-02
2.3495e+02, 4.3617e-02
2.3568e+02, 4.7840e-02
2.3640e+02, 5.2782e-02
2.3713e+02, 5.8617e-02
2.3785e+02, 6.5572e-02
2.3853e+02, 7.3349e-02
2.3920e+02, 8.2713e-02
2.3988e+02, 9.4090e-02
2.4055e+02, 1.0796e-01
2.4123e+02, 1.2558e-01
2.4157e+02, 1.3614e-01
2.4191e+02, 1.4815e-01
2.4224e+02, 1.6189e-01
2.4258e+02, 1.7770e-01
2.4292e+02, 1.9603e-01
2.4326e+02, 2.1745e-01
2.4362e+02, 2.4468e-01
2.4398e+02, 2.7752e-01
2.4434e+02, 3.1757e-01
2.4471e+02, 3.6693e-01
2.4507e+02, 4.2900e-01
2.4525e+02, 4.6639e-01
2.4543e+02, 5.0905e-01
2.4561e+02, 5.5804e-01
2.4579e+02, 6.1459e-01
2.4597e+02, 6.8038e-01
2.4615e+02, 7.5755e-01
2.4635e+02, 8.5569e-01
2.4654e+02, 9.7453e-01
2.4673e+02, 1.1204e+00
2.4693e+02, 1.3024e+00
2.4702e+02, 1.4109e+00
2.4712e+02, 1.5339e+00
2.4722e+02, 1.6744e+00
2.4731e+02, 1.8357e+00
2.4741e+02, 2.0228e+00
2.4751e+02, 2.2413e+00
2.4760e+02, 2.4993e+00
2.4770e+02, 2.8070e+00
2.4780e+02, 3.1929e+00
2.4790e+02, 3.6725e+00
2.4795e+02, 3.9588e+00
2.4800e+02, 4.2850e+00
2.4805e+02, 4.6608e+00
2.4810e+02, 5.0991e+00
2.4815e+02, 5.6184e+00
2.4820e+02, 6.2442e+00
2.4822e+02, 6.6079e+00
2.4825e+02, 7.0130e+00
2.4827e+02, 7.4662e+00
2.4830e+02, 7.9758e+00
2.4832e+02, 8.5516e+00
2.4835e+02, 9.2047e+00
2.4837e+02, 9.9487e+00
2.4840e+02, 1.0799e+01
2.4842e+02, 1.1774e+01
2.4845e+02, 1.2894e+01
2.4847e+02, 1.4183e+01
2.4850e+02, 1.5663e+01
2.4852e+02, 1.6997e+01
2.4853e+02, 1.8482e+01
2.4855e+02, 2.0143e+01
2.4857e+02, 2.2000e+01
2.4859e+02, 2.4072e+01
2.4861e+02, 2.6384e+01
2.4863e+02, 2.8959e+01
2.4865e+02, 3.1822e+01
2.4867e+02, 3.4492e+01
2.4869e+02, 3.7404e+01
2.4870e+02, 4.0576e+01
2.4872e+02, 4.4024e+01
2.4874e+02, 4.7765e+01
2.4875e+02, 5.1819e+01
2.4879e+02, 6.0926e+01
2.4882e+02, 7.1477e+01
2.4885e+02, 8.3587e+01
2.4888e+02, 9.7348e+01
2.4892e+02, 1.1277e+02
2.4895e+02, 1.2997e+02
2.4898e+02, 1.4888e+02
2.4902e+02, 1.6939e+02
2.4905e+02, 1.9130e+02
2.4912e+02, 2.3871e+02
2.4918e+02, 2.8827e+02
2.4925e+02, 3.3646e+02
2.4932e+02, 3.7901e+02
2.4936e+02, 4.0272e+02
2.4941e+02, 4.2066e+02
2.4945e+02, 4.3154e+02
2.4949e+02, 4.3598e+02
2.4950e+02, 4.3608e+02
2.4951e+02, 4.3595e+02
2.4953e+02, 4.3442e+02
2.4955e+02, 4.3117e+02
2.4960e+02, 4.1971e+02
2.4966e+02, 3.9364e+02
2.4972e+02, 3.5808e+02
2.4977e+02, 3.2300e+02
2.4982e+02, 2.8536e+02
2.4992e+02, 2.0975e+02
2.4997e+02, 1.7902e+02
2.5001e+02, 1.5077e+02
2.5006e+02, 1.2544e+02
2.5010e+02, 1.0327e+02
2.5015e+02, 8.4183e+01
2.5019e+02, 6.8145e+01
2.5021e+02, 6.1151e+01
2.5024e+02, 5.4845e+01
2.5026e+02, 4.9156e+01
2.5028e+02, 4.4042e+01
2.5032e+02, 3.6474e+01
2.5036e+02, 3.0267e+01
2.5040e+02, 2.5215e+01
2.5043e+02, 2.1139e+01
2.5047e+02, 1.7848e+01
2.5051e+02, 1.5210e+01
2.5055e+02, 1.3085e+01
2.5059e+02, 1.1380e+01
2.5063e+02, 9.9973e+00
2.5067e+02, 8.8756e+00
2.5070e+02, 7.9531e+00
2.5074e+02, 7.1907e+00
2.5078e+02, 6.5505e+00
2.5082e+02, 6.0095e+00
2.5086e+02, 5.5445e+00
2.5090e+02, 5.1426e+00
2.5097e+02, 4.5273e+00
2.5104e+02, 4.0313e+00
2.5111e+02, 3.6213e+00
2.5118e+02, 3.2761e+00
2.5125e+02, 2.9813e+00
2.5132e+02, 2.7268e+00
2.5139e+02, 2.5049e+00
2.5146e+02, 2.3102e+00
2.5160e+02, 1.9852e+00
2.5174e+02, 1.7261e+00
2.5188e+02, 1.5159e+00
2.5202e+02, 1.3427e+00
2.5217e+02, 1.1981e+00
2.5231e+02, 1.0760e+00
2.5245e+02, 9.7191e-01
2.5259e+02, 8.8231e-01
2.5273e+02, 8.0464e-01
2.5287e+02, 7.3688e-01
2.5301e+02, 6.7742e-01
2.5315e+02, 6.2495e-01
2.5343e+02, 5.3692e-01
2.5372e+02, 4.6647e-01
2.5400e+02, 4.0920e-01
2.5428e+02, 3.6208e-01
2.5455e+02, 3.2449e-01
2.5482e+02, 2.9254e-01
2.5509e+02, 2.6504e-01
2.5536e+02, 2.4124e-01
2.5563e+02, 2.2053e-01
2.5590e+02, 2.0243e-01
2.5643e+02, 1.7242e-01
2.5697e+02, 1.4873e-01
2.5751e+02, 1.2971e-01
2.5805e+02, 1.1421e-01
2.5859e+02, 1.0141e-01
2.5910e+02, 9.1199e-02
2.5961e+02, 8.2616e-02
2.6013e+02, 7.5174e-02
2.6064e+02, 6.8711e-02
2.6115e+02, 6.3076e-02
2.6166e+02, 5.8159e-02
2.6269e+02, 4.9996e-02
2.6372e+02, 4.3558e-02
2.6474e+02, 3.8390e-02
2.6577e+02, 3.4178e-02
2.6679e+02, 3.0704e-02
2.6797e+02, 2.7469e-02
2.6915e+02, 2.4744e-02
2.7033e+02, 2.2509e-02
2.7151e+02, 2.0605e-02
2.7269e+02, 1.8979e-02
2.7387e+02, 1.7613e-02
2.7623e+02, 1.5411e-02
2.7859e+02, 1.3748e-02
2.8094e+02, 1.2460e-02
2.8330e+02, 1.1487e-02
2.8566e+02, 1.0671e-02
2.8935e+02, 9.7392e-03
2.9305e+02, 9.0815e-03
2.9674e+02, 8.6149e-03
3.0043e+02, 8.2902e-03
3.0781e+02, 7.9552e-03
3.1520e+02, 7.8999e-03
3.2381e+02, 8.1309e-03
3.2812e+02, 8.3237e-03
3.3243e+02, 8.6018e-03
3.4104e+02, 9.3071e-03
3.4966e+02, 1.0315e-02
3.5396e+02, 1.0924e-02
3.5827e+02, 1.1661e-02
3.6258e+02, 1.2482e-02
3.6689e+02, 1.3428e-02
3.7550e+02, 1.5849e-02
3.7981e+02, 1.7357e-02
3.8411e+02, 1.9111e-02
3.8863e+02, 2.1361e-02
3.9314e+02, 2.4062e-02
3.9765e+02, 2.7372e-02
4.0216e+02, 3.1531e-02
4.0668e+02, 3.6711e-02
4.1119e+02, 4.3478e-02
4.1344e+02, 4.7540e-02
4.1570e+02, 5.2400e-02
4.1796e+02, 5.7960e-02
4.2021e+02, 6.4305e-02
4.2247e+02, 7.1994e-02
4.2473e+02, 8.1199e-02
4.2698e+02, 9.2352e-02
4.2924e+02, 1.0609e-01
4.3149e+02, 1.2311e-01
4.3375e+02, 1.4479e-01
4.3488e+02, 1.5781e-01
4.3601e+02, 1.7286e-01
4.3713e+02, 1.9010e-01
4.3826e+02, 2.0994e-01
4.4016e+02, 2.5111e-01
4.4111e+02, 2.7657e-01
4.4206e+02, 3.0627e-01
4.4301e+02, 3.4108e-01
4.4395e+02, 3.8206e-01
4.4443e+02, 4.0534e-01
4.4490e+02, 4.3095e-01
4.4514e+02, 4.4470e-01
4.4538e+02, 4.5911e-01
4.4561e+02, 4.7423e-01
4.4585e+02, 4.9012e-01
4.4615e+02, 5.1150e-01
4.4645e+02, 5.3433e-01
4.4661e+02, 5.4634e-01
4.4676e+02, 5.5875e-01
4.4691e+02, 5.7159e-01
4.4706e+02, 5.8490e-01
4.4719e+02, 5.9689e-01
4.4732e+02, 6.0926e-01
4.4745e+02, 6.2202e-01
4.4758e+02, 6.3520e-01
4.4785e+02, 6.6284e-01
4.4811e+02, 6.9232e-01
4.4825e+02, 7.0898e-01
4.4839e+02, 7.2623e-01
4.4853e+02, 7.4413e-01
4.4867e+02, 7.6270e-01
4.4881e+02, 7.8199e-01
4.4895e+02, 8.0201e-01
4.4910e+02, 8.2282e-01
4.4924e+02, 8.4445e-01
4.4938e+02, 8.6696e-01
4.4952e+02, 8.9038e-01
4.4966e+02, 9.1477e-01
4.4980e+02, 9.4018e-01
4.4994e+02, 9.6667e-01
4.5008e+02, 9.9430e-01
4.5022e+02, 1.0231e+00
4.5036e+02, 1.0533e+00
4.5065e+02, 1.1177e+00
4.5093e+02, 1.1882e+00
4.5121e+02, 1.2657e+00
4.5149e+02, 1.3510e+00
4.5177e+02, 1.4453e+00
4.5206e+02, 1.5500e+00
4.5234e+02, 1.6665e+00
4.5262e+02, 1.7967e+00
4.5290e+02, 1.9429e+00
4.5318e+02, 2.1078e+00
4.5347e+02, 2.2948e+00
4.5375e+02, 2.5080e+00
4.5403e+02, 2.7527e+00
4.5431e+02, 3.0352e+00
4.5459e+02, 3.3638e+00
4.5488e+02, 3.7494e+00
4.5516e+02, 4.2061e+00
4.5530e+02, 4.4665e+00
4.5544e+02, 4.7522e+00
4.5558e+02, 5.0665e+00
4.5572e+02, 5.4133e+00
4.5586e+02, 5.7974e+00
4.5600e+02, 6.2243e+00
4.5615e+02, 6.7011e+00
4.5629e+02, 7.2350e+00
4.5643e+02, 7.8360e+00
4.5657e+02, 8.5159e+00
4.5671e+02, 9.2894e+00
4.5685e+02, 1.0175e+01
4.5699e+02, 1.1195e+01
4.5713e+02, 1.2381e+01
4.5727e+02, 1.3772e+01
4.5741e+02, 1.5417e+01
4.5756e+02, 1.7385e+01
4.5770e+02, 1.9771e+01
4.5784e+02, 2.2703e+01
4.5791e+02, 2.4429e+01
4.5798e+02, 2.6367e+01
4.5805e+02, 2.8552e+01
4.5812e+02, 3.1028e+01
4.5819e+02, 3.3848e+01
4.5826e+02, 3.7075e+01
4.5836e+02, 4.2658e+01
4.5847e+02, 4.9548e+01
4.5852e+02, 5.3599e+01
4.5857e+02, 5.8119e+01
4.5862e+02, 6.3165e+01
4.5867e+02, 6.8785e+01
4.5872e+02, 7.5063e+01
4.5877e+02, 8.2053e+01
4.5882e+02, 8.9818e+01
4.5888e+02, 9.8398e+01
4.5898e+02, 1.1829e+02
4.5908e+02, 1.4198e+02
4.5915e+02, 1.6048e+02
4.5922e+02, 1.8064e+02
4.5936e+02, 2.2493e+02
4.5950e+02, 2.7142e+02
4.5964e+02, 3.1477e+02
4.5973e+02, 3.3767e+02
4.5982e+02, 3.5529e+02
4.5991e+02, 3.6640e+02
4.6000e+02, 3.7015e+02
4.6008e+02, 3.6699e+02
4.6016e+02, 3.5785e+02
4.6024e+02, 3.4326e+02
4.6032e+02, 3.2410e+02
4.6048e+02, 2.7637e+02
4.6064e+02, 2.2379e+02
4.6075e+02, 1.9001e+02
4.6085e+02, 1.5918e+02
4.6096e+02, 1.3215e+02
4.6106e+02, 1.0924e+02
4.6117e+02, 9.0304e+01
4.6122e+02, 8.2211e+01
4.6128e+02, 7.4965e+01
4.6133e+02, 6.8469e+01
4.6138e+02, 6.2676e+01
4.6149e+02, 5.2884e+01
4.6158e+02, 4.6369e+01
4.6166e+02, 4.0943e+01
4.6175e+02, 3.6400e+01
4.6184e+02, 3.2572e+01
4.6192e+02, 2.9325e+01
4.6201e+02, 2.6549e+01
4.6210e+02, 2.4158e+01
4.6219e+02, 2.2084e+01
4.6227e+02, 2.0272e+01
4.6236e+02, 1.8679e+01
4.6253e+02, 1.6020e+01
4.6271e+02, 1.3900e+01
4.6288e+02, 1.2181e+01
4.6304e+02, 1.0911e+01
4.6319e+02, 9.8316e+00
4.6335e+02, 8.9074e+00
4.6350e+02, 8.1100e+00
4.6365e+02, 7.4163e+00
4.6381e+02, 6.8094e+00
4.6412e+02, 5.8010e+00
4.6443e+02, 5.0013e+00
4.6474e+02, 4.3560e+00
4.6505e+02, 3.8280e+00
4.6536e+02, 3.3907e+00
4.6563e+02, 3.0668e+00
4.6590e+02, 2.7873e+00
4.6617e+02, 2.5444e+00
4.6644e+02, 2.3321e+00
4.6671e+02, 2.1453e+00
4.6698e+02, 1.9801e+00
4.6752e+02, 1.7029e+00
4.6806e+02, 1.4810e+00
4.6860e+02, 1.2993e+00
4.6915e+02, 1.1485e+00
4.6969e+02, 1.0224e+00
4.7019e+02, 9.2298e-01
4.7069e+02, 8.3739e-01
4.7119e+02, 7.6315e-01
4.7170e+02, 6.9836e-01
4.7220e+02, 6.4146e-01
4.7270e+02, 5.9123e-01
4.7371e+02, 5.0694e-01
4.7471e+02, 4.3950e-01
4.7572e+02, 3.8535e-01
4.7672e+02, 3.3996e-01
4.7773e+02, 3.0208e-01
4.7866e+02, 2.7249e-01
4.7958e+02, 2.4701e-01
4.8051e+02, 2.2489e-01
4.8144e+02, 2.0562e-01
4.8237e+02, 1.8874e-01
4.8330e+02, 1.7384e-01
4.8515e+02, 1.4883e-01
4.8701e+02, 1.2886e-01
4.8886e+02, 1.1262e-01
4.9072e+02, 9.9488e-02
4.9258e+02, 8.8244e-02
4.9443e+02, 7.8934e-02
4.9629e+02, 7.0985e-02
4.9814e+02, 6.4089e-02
5.0000e+02, 5.8145e-02
5.0220e+02, 5.2150e-02
5.0439e+02, 4.7043e-02
5.0659e+02, 4.2647e-02
5.0879e+02, 3.8920e-02
5.1099e+02, 3.5568e-02
5.1318e+02, 3.2668e-02
5.1538e+02, 3.0020e-02
5.1758e+02, 2.7787e-02
5.1978e+02, 2.5690e-02
5.2197e+02, 2.3907e-02
5.2637e+02, 2.0775e-02
5.3076e+02, 1.8214e-02
5.3516e+02, 1.6100e-02
5.3931e+02, 1.4427e-02
5.4346e+02, 1.3001e-02
5.4761e+02, 1.1776e-02
5.5176e+02, 1.0715e-02
5.5591e+02, 9.8033e-03
5.6006e+02, 9.0057e-03
5.6421e+02, 8.2761e-03
5.6836e+02, 7.6439e-03
5.7666e+02, 6.5670e-03
5.8496e+02, 5.7012e-03
5.9326e+02, 4.9953e-03
6.0156e+02, 4.4132e-03
6.1328e+02, 3.7565e-03
6.2500e+02, 3.2257e-03
6.4062e+02, 2.6808e-03
6.5625e+02, 2.2627e-03
6.7188e+02, 1.9350e-03
6.8750e+02, 1.6731e-03
7.0312e+02, 1.4608e-03
7.1875e+02, 1.2864e-03
7.5000e+02, 1.0193e-03
7.8125e+02, 8.2739e-04
8.1250e+02, 6.8484e-04
8.4375e+02, 5.7618e-04
8.7500e+02, 4.9147e-04
9.3750e+02, 3.6980e-04
1.0000e+03, 2.8850e-04
1.0625e+03, 2.3164e-04
1.1250e+03, 1.9047e-04
1.2500e+03, 1.3658e-04
1.3750e+03, 1.0477e-04
1.5000e+03, 8.5704e-05
1.6250e+03, 7.5395e-05
1.7500e+03, 7.2939e-05
1.8750e+03, 8.1081e-05
2.0000e+03, 1.1243e-04
2.0831e+03, 1.7030e-04
2.1246e+03, 2.2991e-04
2.1661e+03, 3.4058e-04
2.1856e+03, 4.2802e-04
2.2051e+03, 5.5922e-04
2.2246e+03, 7.6488e-04
2.2440e+03, 1.1225e-03
2.2544e+03, 1.4319e-03
2.2648e+03, 1.8945e-03
2.2752e+03, 2.6265e-03
2.2856e+03, 3.9014e-03
2.2911e+03, 5.0022e-03
2.2966e+03, 6.6509e-03
2.3021e+03, 9.2604e-03
2.3049e+03, 1.1197e-02
2.3076e+03, 1.3822e-02
2.3106e+03, 1.7759e-02
2.3135e+03, 2.3667e-02
2.3149e+03, 2.7802e-02
2.3164e+03, 3.3097e-02
2.3179e+03, 4.0064e-02
2.3193e+03, 4.9566e-02
2.3209e+03, 6.3865e-02
2.3216e+03, 7.3483e-02
2.3224e+03, 8.5457e-02
2.3232e+03, 1.0067e-01
2.3239e+03, 1.2037e-01
2.3247e+03, 1.4658e-01
2.3251e+03, 1.6310e-01
2.3255e+03, 1.8267e-01
2.3259e+03, 2.0889e-01
2.3263e+03, 2.4145e-01
2.3268e+03, 2.8267e-01
2.3272e+03, 3.3612e-01
2.3274e+03, 3.6915e-01
2.3276e+03, 4.0780e-01
2.3278e+03, 4.5365e-01
2.3280e+03, 5.0900e-01
2.3282e+03, 5.7740e-01
2.3285e+03, 6.6439e-01
2.3286e+03, 7.1770e-01
2.3287e+03, 7.7881e-01
2.3288e+03, 8.5011e-01
2.3289e+03, 9.3403e-01
2.3290e+03, 1.0587e+00
2.3291e+03, 1.1321e+00
2.3291e+03, 1.2129e+00
2.3292e+03, 1.3048e+00
2.3293e+03, 1.4080e+00
2.3293e+03, 1.5241e+00
2.3294e+03, 1.6527e+00
2.3295e+03, 1.7996e+00
2.3295e+03, 1.9651e+00
2.3296e+03, 2.1515e+00
2.3297e+03, 2.3578e+00
2.3297e+03, 2.5932e+00
2.3298e+03, 2.8533e+00
2.3299e+03, 3.1493e+00
2.3299e+03, 3.4751e+00
2.3300e+03, 3.8988e+00
2.3301e+03, 4.3710e+00
2.3301e+03, 4.9099e+00
2.3302e+03, 5.5062e+00
2.3303e+03, 6.1815e+00
2.3304e+03, 6.9223e+00
2.3304e+03, 7.7538e+00
2.3305e+03, 8.6575e+00
2.3306e+03, 9.7756e+00
2.3307e+03, 1.0990e+01
2.3308e+03, 1.2316e+01
2.3308e+03, 1.3753e+01
2.3310e+03, 1.6949e+01
2.3312e+03, 2.0527e+01
2.3314e+03, 2.5899e+01
2.3316e+03, 3.1429e+01
2.3318e+03, 3.6390e+01
2.3320e+03, 4.0535e+01
2.3323e+03, 4.3498e+01
2.3324e+03, 4.4384e+01
2.3325e+03, 4.4686e+01
2.3325e+03, 4.4673e+01
2.3326e+03, 4.4463e+01
2.3327e+03, 4.4006e+01
2.3328e+03, 4.2384e+01
2.3330e+03, 3.9524e+01
2.3332e+03, 3.5826e+01
2.3335e+03, 2.8510e+01
2.3338e+03, 2.1109e+01
2.3340e+03, 1.7450e+01
2.3342e+03, 1.4210e+01
2.3343e+03, 1.1444e+01
2.3344e+03, 1.0243e+01
2.3345e+03, 9.1623e+00
2.3345e+03, 2.4623e+00
2.5000e+03, 2.3485e+00
3.0000e+03, 2.0756e+00
3.5000e+03, 1.8761e+00
4.0000e+03, 1.7237e+00
4.5000e+03, 1.6050e+00
5.0000e+03, 1.5057e+00
6.0000e+03, 1.3575e+00
7.0000e+03, 1.2492e+00
8.0000e+03, 1.1666e+00
1.0000e+04, 1.0479e+00
1.2500e+04, 9.4882e-01
1.5000e+04, 8.7852e-01
1.7000e+04, 8.3558e-01
2.0000e+04, 7.8359e-01
2.5000e+04, 7.1710e-01
3.0000e+04, 6.6760e-01
3.5000e+04, 6.2833e-01
4.0000e+04, 5.9532e-01
5.0000e+04, 5.4371e-01
6.0000e+04, 5.0599e-01
7.0000e+04, 4.7419e-01
8.0000e+04, 4.4966e-01
1.0000e+05, 4.1319e-01
1.0000e+05, 4.1328e-01
1.2500e+05, 3.8699e-01
1.5000e+05, 3.6675e-01
2.0000e+05, 3.4934e-01
2.5000e+05, 3.4456e-01
3.0000e+05, 3.4619e-01
3.9171e+05, 3.5676e-01
3.9675e+05, 3.5213e-01
4.0179e+05, 3.4761e-01
4.1186e+05, 3.3891e-01
4.3201e+05, 3.2275e-01
4.5215e+05, 3.0804e-01
4.7230e+05, 2.9460e-01
5.0000e+05, 2.7791e-01
5.5000e+05, 2.7760e-01
6.0000e+05, 2.7732e-01
6.5000e+05, 2.7707e-01
7.0000e+05, 2.7683e-01
7.5000e+05, 2.8171e-01
8.0000e+05, 2.8636e-01
8.4347e+05, 2.9193e-01
8.8695e+05, 2.9732e-01
9.0000e+05, 2.8740e-01
9.2472e+05, 2.8403e-01
9.4945e+05, 2.8079e-01
9.6208e+05, 2.7939e-01
9.7472e+05, 2.7801e-01
1.0000e+06, 2.7533e-01
1.0312e+06, 2.7680e-01
1.0625e+06, 2.7824e-01
1.0938e+06, 2.7964e-01
1.1250e+06, 2.8100e-01
1.1562e+06, 2.8234e-01
1.1875e+06, 2.8365e-01
1.2188e+06, 2.8493e-01
1.2500e+06, 2.8618e-01
1.2902e+06, 2.9017e-01
1.2902e+06, 2.9017e-01
1.3072e+06, 2.9184e-01
1.3243e+06, 2.9351e-01
1.3280e+06, 2.9309e-01
1.3280e+06, 2.9309e-01
1.3495e+06, 2.9314e-01
1.3710e+06, 2.9319e-01
1.3925e+06, 2.9324e-01
1.4140e+06, 2.9329e-01
1.4355e+06, 2.9334e-01
1.4570e+06, 2.9339e-01
1.4785e+06, 2.9343e-01
1.5000e+06, 2.9348e-01
1.5003e+06, 2.9348e-01
1.5003e+06, 2.9348e-01
1.5188e+06, 2.9448e-01
1.5372e+06, 2.9548e-01
1.5557e+06, 2.9647e-01
1.5742e+06, 2.9745e-01
1.5926e+06, 2.9843e-01
1.6111e+06, 2.9939e-01
1.6295e+06, 3.0035e-01
1.6480e+06, 3.0129e-01
1.6699e+06, 3.0331e-01
1.6918e+06, 3.0531e-01
1.7064e+06, 3.0511e-01
1.7209e+06, 3.0491e-01
1.7355e+06, 3.0471e-01
1.7500e+06, 3.0452e-01
1.7620e+06, 3.0512e-01
1.7741e+06, 3.0571e-01
1.7741e+06, 3.0571e-01
1.7921e+06, 3.0680e-01
1.8102e+06, 3.0787e-01
1.8282e+06, 3.0894e-01
1.8463e+06, 3.1000e-01
1.8643e+06, 3.1106e-01
1.8824e+06, 3.1211e-01
1.9004e+06, 3.1315e-01
1.9184e+06, 3.1419e-01
1.9388e+06, 3.1569e-01
1.9592e+06, 3.1718e-01
1.9796e+06, 3.1866e-01
2.0000e+06, 3.2013e-01
2.0199e+06, 3.2235e-01
2.0398e+06, 3.2456e-01
2.0597e+06, 3.2676e-01
2.0796e+06, 3.2895e-01
2.0987e+06, 3.3106e-01
2.1178e+06, 3.3315e-01
2.1368e+06, 3.3524e-01
2.1559e+06, 3.3733e-01
2.1749e+06, 3.3941e-01
2.1940e+06, 3.4148e-01
2.2131e+06, 3.4355e-01
2.2321e+06, 3.4562e-01
2.2321e+06, 3.4562e-01
2.2489e+06, 3.4814e-01
2.2656e+06, 3.5066e-01
2.2823e+06, 3.5318e-01
2.2991e+06, 3.5569e-01
2.3158e+06, 3.5821e-01
2.3325e+06, 3.6073e-01
2.3493e+06, 3.6325e-01
2.3660e+06, 3.6576e-01
2.3660e+06, 3.6576e-01
2.3883e+06, 3.6875e-01
2.4106e+06, 3.7174e-01
2.4328e+06, 3.7472e-01
2.4551e+06, 3.7769e-01
2.4551e+06, 3.7769e-01
2.4756e+06, 3.8087e-01
2.4917e+06, 3.8278e-01
2.5077e+06, 3.8469e-01
2.5077e+06, 3.8469e-01
2.5231e+06, 3.8518e-01
2.5385e+06, 3.8567e-01
2.5539e+06, 3.8615e-01
2.5693e+06, 3.8663e-01
2.5846e+06, 3.8711e-01
2.6000e+06, 3.8759e-01
2.6154e+06, 3.8806e-01
2.6308e+06, 3.8854e-01
2.6462e+06, 3.8901e-01
2.6616e+06, 3.8948e-01
2.6769e+06, 3.8994e-01
2.6923e+06, 3.9040e-01
2.7077e+06, 3.9087e-01
2.7231e+06, 3.9133e-01
2.7385e+06, 3.9178e-01
2.7539e+06, 3.9224e-01
2.7692e+06, 3.9269e-01
2.7846e+06, 3.9314e-01
2.8000e+06, 3.9359e-01
2.8154e+06, 3.9404e-01
2.8308e+06, 3.9449e-01
2.8462e+06, 3.9493e-01
2.8616e+06, 3.9537e-01
2.8769e+06, 3.9581e-01
2.8923e+06, 3.9625e-01
2.9077e+06, 3.9669e-01
2.9231e+06, 3.9712e-01
2.9385e+06, 3.9755e-01
2.9539e+06, 3.9799e-01
2.9692e+06, 3.9842e-01
2.9846e+06, 3.9884e-01
3.0000e+06, 3.9927e-01
3.0156e+06, 3.9697e-01
3.0312e+06, 3.9469e-01
3.0469e+06, 3.9244e-01
3.0625e+06, 3.9021e-01
3.0781e+06, 3.8801e-01
3.0938e+06, 3.8582e-01
3.1094e+06, 3.8367e-01
3.1250e+06, 3.8153e-01
3.1406e+06, 3.7942e-01
3.1562e+06, 3.7733e-01
3.1719e+06, 3.7526e-01
3.1875e+06, 3.7322e-01
3.2031e+06, 3.7119e-01
3.2188e+06, 3.6918e-01
3.2344e+06, 3.6720e-01
3.2500e+06, 3.6524e-01
3.2656e+06, 3.6329e-01
3.2812e+06, 3.6137e-01
3.2969e+06, 3.5946e-01
3.3125e+06, 3.5757e-01
3.3281e+06, 3.5571e-01
3.3438e+06, 3.5386e-01
3.3594e+06, 3.5203e-01
3.3750e+06, 3.5021e-01
3.3906e+06, 3.4842e-01
3.4062e+06, 3.4664e-01
3.4219e+06, 3.4488e-01
3.4375e+06, 3.4313e-01
3.4531e+06, 3.4140e-01
3.4688e+06, 3.3969e-01
3.4844e+06, 3.3800e-01
3.5000e+06, 3.3632e-01
3.5156e+06, 3.3466e-01
3.5312e+06, 3.3301e-01
3.5469e+06, 3.3138e-01
3.5625e+06, 3.2976e-01
3.5781e+06, 3.2816e-01
3.5938e+06, 3.2657e-01
3.6094e+06, 3.2500e-01
3.6250e+06, 3.2344e-01
3.6406e+06, 3.2189e-01
3.6562e+06, 3.2036e-01
3.6719e+06, 3.1884e-01
3.6875e+06, 3.1734e-01
3.7031e+06, 3.1585e-01
3.7188e+06, 3.1437e-01
3.7344e+06, 3.1291e-01
3.7500e+06, 3.1146e-01
3.7656e+06, 3.1002e-01
3.7812e+06, 3.0860e-01
3.7969e+06, 3.0718e-01
3.8125e+06, 3.0578e-01
3.8281e+06, 3.0439e-01
3.8438e+06, 3.0302e-01
3.8594e+06, 3.0165e-01
3.8750e+06, 3.0030e-01
3.8906e+06, 2.9896e-01
3.9062e+06, 2.9762e-01
3.9219e+06, 2.9631e-01
3.9375e+06, 2.9500e-01
3.9531e+06, 2.9370e-01
3.9688e+06, 2.9241e-01
3.9844e+06, 2.9114e-01
4.0000e+06, 2.8987e-01
4.0156e+06, 2.8769e-01
4.0312e+06, 2.8553e-01
4.0469e+06, 2.8339e-01
4.0625e+06, 2.8128e-01
4.0781e+06, 2.7919e-01
4.0938e+06, 2.7713e-01
4.1094e+06, 2.7509e-01
4.1250e+06, 2.7307e-01
4.1406e+06, 2.7108e-01
4.1562e+06, 2.6910e-01
4.1719e+06, 2.6715e-01
4.1875e+06, 2.6522e-01
4.2031e+06, 2.6331e-01
4.2188e+06, 2.6142e-01
4.2344e+06, 2.5955e-01
4.2500e+06, 2.5770e-01
4.2656e+06, 2.5588e-01
4.2812e+06, 2.5407e-01
4.2969e+06, 2.5228e-01
4.3125e+06, 2.5051e-01
4.3281e+06, 2.4876e-01
4.3438e+06, 2.4702e-01
4.3594e+06, 2.4531e-01
4.3750e+06, 2.4361e-01
4.3906e+06, 2.4193e-01
4.4062e+06, 2.4027e-01
4.4219e+06, 2.3862e-01
4.4375e+06, 2.3700e-01
4.4531e+06, 2.3539e-01
4.4688e+06, 2.3379e-01
4.4844e+06, 2.3221e-01
4.5000e+06, 2.3065e-01
4.5156e+06, 2.2911e-01
4.5312e+06, 2.2758e-01
4.5469e+06, 2.2606e-01
4.5625e+06, 2.2456e-01
4.5781e+06, 2.2308e-01
4.5938e+06, 2.2161e-01
4.6094e+06, 2.2015e-01
4.6250e+06, 2.1871e-01
4.6406e+06, 2.1728e-01
4.6562e+06, 2.1587e-01
4.6719e+06, 2.1447e-01
4.6875e+06, 2.1309e-01
4.7031e+06, 2.1172e-01
4.7188e+06, 2.1036e-01
4.7344e+06, 2.0901e-01
4.7500e+06, 2.0768e-01
4.7656e+06, 2.0636e-01
4.7812e+06, 2.0506e-01
4.7969e+06, 2.0376e-01
4.8125e+06, 2.0248e-01
4.8281e+06, 2.0121e-01
4.8438e+06, 1.9995e-01
4.8594e+06, 1.9871e-01
4.8750e+06, 1.9748e-01
4.8906e+06, 1.9625e-01
4.9062e+06, 1.9504e-01
4.9219e+06, 1.9384e-01
4.9375e+06, 1.9265e-01
4.9531e+06, 1.9148e-01
4.9688e+06, 1.9031e-01
4.9844e+06, 1.8915e-01
5.0000e+06, 1.8801e-01
5.0217e+06, 1.8629e-01
5.0434e+06, 1.8460e-01
5.0651e+06, 1.8292e-01
5.0868e+06, 1.8127e-01
5.1084e+06, 1.7965e-01
5.1301e+06, 1.7804e-01
5.1518e+06, 1.7645e-01
5.1735e+06, 1.7489e-01
5.1952e+06, 1.7334e-01
5.2169e+06, 1.7182e-01
5.2386e+06, 1.7031e-01
5.2603e+06, 1.6883e-01
5.2820e+06, 1.6736e-01
5.3037e+06, 1.6591e-01
5.3253e+06, 1.6448e-01
5.3470e+06, 1.6307e-01
5.3716e+06, 1.6149e-01
5.3962e+06, 1.5994e-01
5.4207e+06, 1.5840e-01
5.4453e+06, 1.5689e-01
5.4699e+06, 1.5540e-01
5.4945e+06, 1.5393e-01
5.5190e+06, 1.5248e-01
5.5436e+06, 1.5105e-01
5.6007e+06, 1.4781e-01
5.6577e+06, 1.4466e-01
5.7148e+06, 1.4162e-01
5.7718e+06, 1.3867e-01
5.8289e+06, 1.3580e-01
5.8859e+06, 1.3303e-01
5.9430e+06, 1.3033e-01
6.0000e+06, 1.2772e-01
6.0442e+06, 1.2546e-01
6.0884e+06, 1.2326e-01
6.1327e+06, 1.2111e-01
6.1769e+06, 1.1901e-01
6.2211e+06, 1.1696e-01
6.2653e+06, 1.1497e-01
6.3095e+06, 1.1302e-01
6.3538e+06, 1.1112e-01
6.3980e+06, 1.0926e-01
6.4422e+06, 1.0744e-01
6.4864e+06, 1.0567e-01
6.5306e+06, 1.0394e-01
6.5748e+06, 1.0225e-01
6.6191e+06, 1.0060e-01
6.6633e+06, 9.8983e-02
6.7075e+06, 9.7404e-02
6.7441e+06, 9.6126e-02
6.7806e+06, 9.4871e-02
6.8172e+06, 9.3639e-02
6.8538e+06, 9.2429e-02
6.8903e+06, 9.1241e-02
6.9269e+06, 9.0075e-02
6.9634e+06, 8.8929e-02
7.0000e+06, 8.7805e-02
7.0422e+06, 8.6002e-02
7.0845e+06, 8.4246e-02
7.1267e+06, 8.2536e-02
7.1689e+06, 8.0871e-02
7.2111e+06, 7.9249e-02
7.2534e+06, 7.7669e-02
7.2956e+06, 7.6129e-02
7.3378e+06, 7.4628e-02
7.3801e+06, 7.3166e-02
7.4223e+06, 7.1739e-02
7.4645e+06, 7.0349e-02
7.5067e+06, 6.8993e-02
7.5490e+06, 6.7671e-02
7.5912e+06, 6.6381e-02
7.6334e+06, 6.5123e-02
7.6756e+06, 6.3895e-02
7.6959e+06, 6.3317e-02
7.7162e+06, 6.2745e-02
7.7365e+06, 6.2179e-02
7.7567e+06, 6.1620e-02
7.7770e+06, 6.1068e-02
7.7973e+06, 6.0522e-02
7.8176e+06, 5.9982e-02
7.8378e+06, 5.9449e-02
7.8581e+06, 5.8922e-02
7.8784e+06, 5.8400e-02
7.8986e+06, 5.7885e-02
7.9189e+06, 5.7375e-02
7.9392e+06, 5.6871e-02
7.9595e+06, 5.6373e-02
7.9797e+06, 5.5881e-02
8.0000e+06, 5.5394e-02
8.0233e+06, 5.4623e-02
8.0466e+06, 5.3866e-02
8.0698e+06, 5.3121e-02
8.0931e+06, 5.2389e-02
8.1164e+06, 5.1669e-02
8.1397e+06, 5.0960e-02
8.1630e+06, 5.0264e-02
8.1862e+06, 4.9579e-02
8.2095e+06, 4.8905e-02
8.2328e+06, 4.8242e-02
8.2561e+06, 4.7590e-02
8.2794e+06, 4.6948e-02
8.3026e+06, 4.6317e-02
8.3259e+06, 4.5697e-02
8.3492e+06, 4.5086e-02
8.3725e+06, 4.4485e-02
8.3958e+06, 4.3894e-02
8.4190e+06, 4.3312e-02
8.4423e+06, 4.2739e-02
8.4656e+06, 4.2176e-02
8.4889e+06, 4.1621e-02
8.5122e+06, 4.1076e-02
8.5354e+06, 4.0538e-02
8.5587e+06, 4.0010e-02
8.5820e+06, 3.9489e-02
8.6053e+06, 3.8977e-02
8.6286e+06, 3.8473e-02
8.6518e+06, 3.7977e-02
8.6751e+06, 3.7488e-02
8.6984e+06, 3.7007e-02
8.7217e+06, 3.6533e-02
8.7450e+06, 3.6067e-02
8.7609e+06, 3.5752e-02
8.7768e+06, 3.5440e-02
8.7928e+06, 3.5132e-02
8.8087e+06, 3.4826e-02
8.8247e+06, 3.4524e-02
8.8406e+06, 3.4225e-02
8.8565e+06, 3.3929e-02
8.8725e+06, 3.3637e-02
8.8884e+06, 3.3347e-02
8.9044e+06, 3.3060e-02
8.9203e+06, 3.2777e-02
8.9362e+06, 3.2496e-02
8.9522e+06, 3.2218e-02
8.9681e+06, 3.1943e-02
8.9841e+06, 3.1671e-02
9.0000e+06, 3.1401e-02
9.0152e+06, 3.1112e-02
9.0304e+06, 3.0825e-02
9.0456e+06, 3.0542e-02
9.0609e+06, 3.0262e-02
9.0761e+06, 2.9984e-02
9.0913e+06, 2.9710e-02
9.1065e+06, 2.9439e-02
9.1217e+06, 2.9170e-02
9.1369e+06, 2.8905e-02
9.1521e+06, 2.8642e-02
9.1673e+06, 2.8382e-02
9.1826e+06, 2.8125e-02
9.1978e+06, 2.7871e-02
9.2130e+06, 2.7619e-02
9.2282e+06, 2.7371e-02
9.2434e+06, 2.7124e-02
9.2586e+06, 2.6881e-02
9.2738e+06, 2.6640e-02
9.2891e+06, 2.6401e-02
9.3043e+06, 2.6165e-02
9.3195e+06, 2.5932e-02
9.3347e+06, 2.5701e-02
9.3499e+06, 2.5472e-02
9.3651e+06, 2.5246e-02
9.3803e+06, 2.5022e-02
9.3956e+06, 2.4800e-02
9.4108e+06, 2.4581e-02
9.4260e+06, 2.4364e-02
9.4412e+06, 2.4150e-02
9.4564e+06, 2.3937e-02
9.4716e+06, 2.3727e-02
9.4868e+06, 2.3519e-02
9.5029e+06, 2.3302e-02
9.5189e+06, 2.3088e-02
9.5349e+06, 2.2875e-02
9.5510e+06, 2.2665e-02
9.5670e+06, 2.2458e-02
9.5830e+06, 2.2252e-02
9.5991e+06, 2.2049e-02
9.6151e+06, 2.1848e-02
9.6312e+06, 2.1649e-02
9.6472e+06, 2.1453e-02
9.6632e+06, 2.1258e-02
9.6793e+06, 2.1065e-02
9.6953e+06, 2.0875e-02
9.7113e+06, 2.0687e-02
9.7274e+06, 2.0500e-02
9.7434e+06, 2.0316e-02
9.7595e+06, 2.0133e-02
9.7755e+06, 1.9953e-02
9.7915e+06, 1.9774e-02
9.8076e+06, 1.9597e-02
9.8236e+06, 1.9422e-02
9.8396e+06, 1.9249e-02
9.8557e+06, 1.9078e-02
9.8717e+06, 1.8909e-02
9.8877e+06, 1.8741e-02
9.9038e+06, 1.8575e-02
9.9198e+06, 1.8411e-02
9.9359e+06, 1.8249e-02
9.9519e+06, 1.8088e-02
9.9679e+06, 1.7929e-02
9.9840e+06, 1.7771e-02
1.0000e+07, 1.7615e-02
1.0013e+07, 1.7449e-02
1.0026e+07, 1.7284e-02
1.0039e+07, 1.7120e-02
1.0052e+07, 1.6959e-02
1.0065e+07, 1.6799e-02
1.0078e+07, 1.6641e-02
1.0092e+07, 1.6485e-02
1.0105e+07, 1.6330e-02
1.0118e+07, 1.6177e-02
1.0131e+07, 1.6026e-02
1.0144e+07, 1.5876e-02
1.0157e+07, 1.5728e-02
1.0170e+07, 1.5581e-02
1.0183e+07, 1.5436e-02
1.0196e+07, 1.5292e-02
1.0209e+07, 1.5150e-02
1.0209e+07, 1.5150e-02
1.0234e+07, 1.4890e-02
1.0258e+07, 1.4636e-02
1.0282e+07, 1.4387e-02
1.0306e+07, 1.4142e-02
1.0330e+07, 1.3902e-02
1.0355e+07, 1.3667e-02
1.0379e+07, 1.3436e-02
1.0403e+07, 1.3210e-02
1.0427e+07, 1.2988e-02
1.0452e+07, 1.2770e-02
1.0476e+07, 1.2556e-02
1.0500e+07, 1.2347e-02
1.0524e+07, 1.2141e-02
1.0549e+07, 1.1939e-02
1.0573e+07, 1.1741e-02
1.0597e+07, 1.1547e-02
1.0610e+07, 1.1448e-02
1.0622e+07, 1.1349e-02
1.0635e+07, 1.1252e-02
1.0648e+07, 1.1155e-02
1.0660e+07, 1.1060e-02
1.0673e+07, 1.0965e-02
1.0685e+07, 1.0871e-02
1.0698e+07, 1.0779e-02
1.0710e+07, 1.0687e-02
1.0723e+07, 1.0596e-02
1.0736e+07, 1.0506e-02
1.0748e+07, 1.0416e-02
1.0761e+07, 1.0328e-02
1.0773e+07, 1.0240e-02
1.0786e+07, 1.0154e-02
1.0799e+07, 1.0068e-02
1.0811e+07, 9.9829e-03
1.0824e+07, 9.8987e-03
1.0836e+07, 9.8152e-03
1.0849e+07, 9.7327e-03
1.0862e+07, 9.6508e-03
1.0874e+07, 9.5698e-03
1.0887e+07, 9.4895e-03
1.0899e+07, 9.4100e-03
1.0912e+07, 9.3312e-03
1.0924e+07, 9.2532e-03
1.0937e+07, 9.1760e-03
1.0950e+07, 9.0995e-03
1.0962e+07, 9.0237e-03
1.0975e+07, 8.9486e-03
1.0987e+07, 8.8742e-03
1.1000e+07, 8.8005e-03
1.1015e+07, 8.7185e-03
1.1031e+07, 8.6373e-03
1.1046e+07, 8.5570e-03
1.1061e+07, 8.4776e-03
1.1076e+07, 8.3990e-03
1.1092e+07, 8.3213e-03
1.1107e+07, 8.2443e-03
1.1122e+07, 8.1682e-03
1.1138e+07, 8.0929e-03
1.1153e+07, 8.0184e-03
1.1168e+07, 7.9447e-03
1.1183e+07, 7.8717e-03
1.1199e+07, 7.7995e-03
1.1214e+07, 7.7281e-03
1.1229e+07, 7.6575e-03
1.1245e+07, 7.5876e-03
1.1260e+07, 7.5184e-03
1.1275e+07, 7.4499e-03
1.1290e+07, 7.3821e-03
1.1306e+07, 7.3151e-03
1.1321e+07, 7.2487e-03
1.1336e+07, 7.1831e-03
1.1352e+07, 7.1181e-03
1.1367e+07, 7.0538e-03
1.1382e+07, 6.9901e-03
1.1397e+07, 6.9272e-03
1.1413e+07, 6.8648e-03
1.1428e+07, 6.8031e-03
1.1443e+07, 6.7421e-03
1.1459e+07, 6.6817e-03
1.1474e+07, 6.6219e-03
1.1489e+07, 6.5627e-03
1.1505e+07, 6.5015e-03
1.1521e+07, 6.4410e-03
1.1537e+07, 6.3811e-03
1.1553e+07, 6.3219e-03
1.1569e+07, 6.2632e-03
1.1585e+07, 6.2053e-03
1.1601e+07, 6.1479e-03
1.1617e+07, 6.0911e-03
1.1633e+07, 6.0350e-03
1.1649e+07, 5.9794e-03
1.1665e+07, 5.9244e-03
1.1681e+07, 5.8700e-03
1.1697e+07, 5.8162e-03
1.1713e+07, 5.7629e-03
1.1729e+07, 5.7102e-03
1.1745e+07, 5.6581e-03
1.1761e+07, 5.6065e-03
1.1776e+07, 5.5554e-03
1.1792e+07, 5.5049e-03
1.1808e+07, 5.4549e-03
1.1824e+07, 5.4054e-03
1.1840e+07, 5.3564e-03
1.1856e+07, 5.3079e-03
1.1872e+07, 5.2600e-03
1.1888e+07, 5.2125e-03
1.1904e+07, 5.1656e-03
1.1920e+07, 5.1191e-03
1.1936e+07, 5.0731e-03
1.1952e+07, 5.0276e-03
1.1968e+07, 4.9825e-03
1.1984e+07, 4.9379e-03
1.2000e+07, 4.8938e-03
1.2015e+07, 4.8454e-03
1.2031e+07, 4.7977e-03
1.2046e+07, 4.7504e-03
1.2061e+07, 4.7037e-03
1.2077e+07, 4.6575e-03
1.2092e+07, 4.6118e-03
1.2107e+07, 4.5666e-03
1.2122e+07, 4.5219e-03
1.2138e+07, 4.4777e-03
1.2153e+07, 4.4340e-03
1.2168e+07, 4.3908e-03
1.2184e+07, 4.3480e-03
1.2199e+07, 4.3057e-03
1.2214e+07, 4.2639e-03
1.2230e+07, 4.2226e-03
1.2245e+07, 4.1817e-03
1.2260e+07, 4.1412e-03
1.2276e+07, 4.1012e-03
1.2291e+07, 4.0616e-03
1.2306e+07, 4.0224e-03
1.2322e+07, 3.9837e-03
1.2337e+07, 3.9454e-03
1.2352e+07, 3.9075e-03
1.2368e+07, 3.8700e-03
1.2383e+07, 3.8329e-03
1.2398e+07, 3.7963e-03
1.2413e+07, 3.7600e-03
1.2429e+07, 3.7241e-03
1.2444e+07, 3.6886e-03
1.2459e+07, 3.6535e-03
1.2475e+07, 3.6187e-03
1.2490e+07, 3.5843e-03
1.2506e+07, 3.5526e-03
1.2522e+07, 3.5211e-03
1.2538e+07, 3.4900e-03
1.2554e+07, 3.4591e-03
1.2570e+07, 3.4286e-03
1.2586e+07, 3.3984e-03
1.2602e+07, 3.3685e-03
1.2618e+07, 3.3389e-03
1.2633e+07, 3.3096e-03
1.2649e+07, 3.2806e-03
1.2665e+07, 3.2519e-03
1.2681e+07, 3.2234e-03
1.2697e+07, 3.1953e-03
1.2713e+07, 3.1674e-03
1.2729e+07, 3.1398e-03
1.2745e+07, 3.1125e-03
1.2761e+07, 3.0855e-03
1.2777e+07, 3.0587e-03
1.2793e+07, 3.0322e-03
1.2809e+07, 3.0059e-03
1.2825e+07, 2.9799e-03
1.2841e+07, 2.9542e-03
1.2857e+07, 2.9287e-03
1.2872e+07, 2.9035e-03
1.2888e+07, 2.8785e-03
1.2904e+07, 2.8538e-03
1.2920e+07, 2.8293e-03
1.2936e+07, 2.8050e-03
1.2952e+07, 2.7810e-03
1.2968e+07, 2.7572e-03
1.2984e+07, 2.7337e-03
1.3000e+07, 2.7104e-03
1.3015e+07, 2.6912e-03
1.3031e+07, 2.6722e-03
1.3046e+07, 2.6534e-03
1.3061e+07, 2.6347e-03
1.3077e+07, 2.6162e-03
1.3092e+07, 2.5979e-03
1.3107e+07, 2.5796e-03
1.3123e+07, 2.5616e-03
1.3138e+07, 2.5436e-03
1.3153e+07, 2.5259e-03
1.3169e+07, 2.5082e-03
1.3184e+07, 2.4908e-03
1.3199e+07, 2.4734e-03
1.3215e+07, 2.4562e-03
1.3230e+07, 2.4392e-03
1.3245e+07, 2.4222e-03
1.3261e+07, 2.4054e-03
1.3276e+07, 2.3888e-03
1.3291e+07, 2.3723e-03
1.3307e+07, 2.3559e-03
1.3322e+07, 2.3396e-03
1.3337e+07, 2.3235e-03
1.3353e+07, 2.3075e-03
1.3368e+07, 2.2916e-03
1.3383e+07, 2.2759e-03
1.3399e+07, 2.2603e-03
1.3414e+07, 2.2448e-03
1.3429e+07, 2.2294e-03
1.3445e+07, 2.2142e-03
1.3460e+07, 2.1991e-03
1.3475e+07, 2.1841e-03
1.3491e+07, 2.1692e-03
1.3507e+07, 2.1563e-03
1.3523e+07, 2.1434e-03
1.3538e+07, 2.1306e-03
1.3554e+07, 2.1180e-03
1.3570e+07, 2.1054e-03
1.3586e+07, 2.0929e-03
1.3602e+07, 2.0805e-03
1.3618e+07, 2.0682e-03
1.3634e+07, 2.0560e-03
1.3650e+07, 2.0438e-03
1.3666e+07, 2.0318e-03
1.3682e+07, 2.0198e-03
1.3698e+07, 2.0079e-03
1.3714e+07, 1.9961e-03
1.3729e+07, 1.9844e-03
1.3745e+07, 1.9728e-03
1.3761e+07, 1.9612e-03
1.3777e+07, 1.9498e-03
1.3793e+07, 1.9384e-03
1.3809e+07, 1.9271e-03
1.3825e+07, 1.9158e-03
1.3841e+07, 1.9047e-03
1.3857e+07, 1.8936e-03
1.3873e+07, 1.8826e-03
1.3889e+07, 1.8717e-03
1.3905e+07, 1.8608e-03
1.3920e+07, 1.8500e-03
1.3936e+07, 1.8393e-03
1.3952e+07, 1.8287e-03
1.3968e+07, 1.8182e-03
1.3984e+07, 1.8077e-03
1.4000e+07, 1.7973e-03
1.4031e+07, 1.7839e-03
1.4061e+07, 1.7706e-03
1.4092e+07, 1.7575e-03
1.4123e+07, 1.7445e-03
1.4154e+07, 1.7316e-03
1.4184e+07, 1.7188e-03
1.4215e+07, 1.7062e-03
1.4246e+07, 1.6936e-03
1.4276e+07, 1.6812e-03
1.4307e+07, 1.6689e-03
1.4338e+07, 1.6568e-03
1.4369e+07, 1.6447e-03
1.4399e+07, 1.6328e-03
1.4430e+07, 1.6209e-03
1.4461e+07, 1.6092e-03
1.4491e+07, 1.5976e-03
1.4500e+07, 1.5949e-03
1.4560e+07, 1.5765e-03
1.4620e+07, 1.5585e-03
1.4680e+07, 1.5406e-03
1.4740e+07, 1.5231e-03
1.4800e+07, 1.5058e-03
1.4860e+07, 1.4888e-03
1.4920e+07, 1.4721e-03
1.4980e+07, 1.4556e-03
1.5000e+07, 1.4501e-03
1.5031e+07, 1.4451e-03
1.5062e+07, 1.4401e-03
1.5094e+07, 1.4351e-03
1.5125e+07, 1.4301e-03
1.5156e+07, 1.4252e-03
1.5188e+07, 1.4203e-03
1.5219e+07, 1.4155e-03
1.5250e+07, 1.4106e-03
1.5281e+07, 1.4058e-03
1.5312e+07, 1.4010e-03
1.5344e+07, 1.3963e-03
1.5375e+07, 1.3916e-03
1.5406e+07, 1.3868e-03
1.5438e+07, 1.3822e-03
1.5469e+07, 1.3775e-03
1.5500e+07, 1.3729e-03
1.5531e+07, 1.3683e-03
1.5562e+07, 1.3637e-03
1.5594e+07, 1.3591e-03
1.5625e+07, 1.3546e-03
1.5656e+07, 1.3501e-03
1.5688e+07, 1.3456e-03
1.5719e+07, 1.3412e-03
1.5750e+07, 1.3367e-03
1.5781e+07, 1.3323e-03
1.5812e+07, 1.3279e-03
1.5844e+07, 1.3235e-03
1.5875e+07, 1.3192e-03
1.5906e+07, 1.3149e-03
1.5938e+07, 1.3106e-03
1.5969e+07, 1.3063e-03
1.6000e+07, 1.3020e-03
1.6034e+07, 1.3000e-03
1.6068e+07, 1.2980e-03
1.6102e+07, 1.2960e-03
1.6136e+07, 1.2940e-03
1.6170e+07, 1.2920e-03
1.6204e+07, 1.2900e-03
1.6238e+07, 1.2880e-03
1.6272e+07, 1.2860e-03
1.6317e+07, 1.2834e-03
1.6363e+07, 1.2808e-03
1.6408e+07, 1.2781e-03
1.6454e+07, 1.2755e-03
1.6499e+07, 1.2730e-03
1.6545e+07, 1.2704e-03
1.6590e+07, 1.2678e-03
1.6636e+07, 1.2653e-03
1.6681e+07, 1.2627e-03
1.6727e+07, 1.2602e-03
1.6772e+07, 1.2577e-03
1.6818e+07, 1.2552e-03
1.6863e+07, 1.2527e-03
1.6909e+07, 1.2502e-03
1.6954e+07, 1.2477e-03
1.7000e+07, 1.2453e-03
1.7062e+07, 1.2444e-03
1.7125e+07, 1.2436e-03
1.7188e+07, 1.2427e-03
1.7250e+07, 1.2419e-03
1.7312e+07, 1.2411e-03
1.7375e+07, 1.2402e-03
1.7438e+07, 1.2394e-03
1.7500e+07, 1.2386e-03
1.7562e+07, 1.2377e-03
1.7625e+07, 1.2369e-03
1.7688e+07, 1.2361e-03
1.7750e+07, 1.2353e-03
1.7812e+07, 1.2345e-03
1.7875e+07, 1.2337e-03
1.7938e+07, 1.2329e-03
1.8000e+07, 1.2321e-03
1.8007e+07, 1.2322e-03
1.8007e+07, 1.2322e-03
1.8131e+07, 1.2344e-03
1.8256e+07, 1.2366e-03
1.8380e+07, 1.2387e-03
1.8504e+07, 1.2409e-03
1.8628e+07, 1.2430e-03
1.8752e+07, 1.2451e-03
1.8876e+07, 1.2472e-03
1.9000e+07, 1.2493e-03
1.9125e+07, 1.2540e-03
1.9250e+07, 1.2587e-03
1.9375e+07, 1.2633e-03
1.9500e+07, 1.2680e-03
1.9625e+07, 1.2726e-03
1.9750e+07, 1.2772e-03
1.9875e+07, 1.2818e-03
2.0000e+07, 1.2864e-03
