ebin, xs
1.0000e-05, 2.2674e+01
1.0625e-05, 2.1997e+01
1.1250e-05, 2.1377e+01
1.1875e-05, 2.0807e+01
1.2500e-05, 2.0280e+01
1.3750e-05, 1.9336e+01
1.5000e-05, 1.8513e+01
1.6250e-05, 1.7787e+01
1.7500e-05, 1.7140e+01
1.8750e-05, 1.6559e+01
2.0000e-05, 1.6033e+01
2.1875e-05, 1.5330e+01
2.3750e-05, 1.4713e+01
2.5625e-05, 1.4164e+01
2.7500e-05, 1.3673e+01
2.9375e-05, 1.3229e+01
3.1250e-05, 1.2826e+01
3.3125e-05, 1.2458e+01
3.5000e-05, 1.2120e+01
3.8750e-05, 1.1518e+01
4.2500e-05, 1.0998e+01
4.6250e-05, 1.0543e+01
5.0000e-05, 1.0140e+01
5.3125e-05, 9.8372e+00
5.6250e-05, 9.5601e+00
5.9375e-05, 9.3051e+00
6.2500e-05, 9.0695e+00
6.8750e-05, 8.6474e+00
7.5000e-05, 8.2793e+00
8.1250e-05, 7.9545e+00
8.7500e-05, 7.6651e+00
9.3750e-05, 7.4052e+00
1.0000e-04, 7.1701e+00
1.0625e-04, 6.9560e+00
1.1250e-04, 6.7600e+00
1.1875e-04, 6.5797e+00
1.2500e-04, 6.4131e+00
1.3750e-04, 6.1146e+00
1.5000e-04, 5.8543e+00
1.6250e-04, 5.6247e+00
1.7500e-04, 5.4201e+00
1.8750e-04, 5.2363e+00
2.0000e-04, 5.0700e+00
2.1875e-04, 4.8478e+00
2.3750e-04, 4.6525e+00
2.5625e-04, 4.4791e+00
2.7500e-04, 4.3237e+00
2.9375e-04, 4.1834e+00
3.1250e-04, 4.0560e+00
3.3125e-04, 3.9395e+00
3.5000e-04, 3.8325e+00
3.8750e-04, 3.6424e+00
4.2500e-04, 3.4780e+00
4.6250e-04, 3.3340e+00
5.0000e-04, 3.2065e+00
5.3125e-04, 3.1108e+00
5.6250e-04, 3.0231e+00
5.9375e-04, 2.9425e+00
6.2500e-04, 2.8680e+00
6.8750e-04, 2.7345e+00
7.5000e-04, 2.6181e+00
8.1250e-04, 2.5154e+00
8.7500e-04, 2.4239e+00
9.3750e-04, 2.3417e+00
1.0000e-03, 2.2673e+00
1.0625e-03, 2.1996e+00
1.1250e-03, 2.1377e+00
1.1875e-03, 2.0807e+00
1.2500e-03, 2.0280e+00
1.3750e-03, 1.9336e+00
1.5000e-03, 1.8513e+00
1.6250e-03, 1.7787e+00
1.7500e-03, 1.7140e+00
1.8750e-03, 1.6558e+00
2.0000e-03, 1.6033e+00
2.1875e-03, 1.5330e+00
2.3750e-03, 1.4712e+00
2.5625e-03, 1.4164e+00
2.7500e-03, 1.3673e+00
2.9375e-03, 1.3229e+00
3.1250e-03, 1.2826e+00
3.3125e-03, 1.2458e+00
3.5000e-03, 1.2120e+00
3.8750e-03, 1.1518e+00
4.2500e-03, 1.0998e+00
4.6250e-03, 1.0543e+00
5.0000e-03, 1.0140e+00
5.3125e-03, 9.8369e-01
5.6250e-03, 9.5597e-01
5.9375e-03, 9.3047e-01
6.2500e-03, 9.0691e-01
6.8750e-03, 8.6470e-01
7.5000e-03, 8.2787e-01
8.1250e-03, 7.9538e-01
8.7500e-03, 7.6643e-01
9.3750e-03, 7.4043e-01
1.0000e-02, 7.1691e-01
1.0625e-02, 6.9550e-01
1.1250e-02, 6.7591e-01
1.1875e-02, 6.5789e-01
1.2500e-02, 6.4124e-01
1.3750e-02, 6.1141e-01
1.5000e-02, 5.8538e-01
1.6250e-02, 5.6239e-01
1.7500e-02, 5.4191e-01
1.8750e-02, 5.2351e-01
2.0000e-02, 5.0687e-01
2.1325e-02, 4.9086e-01
2.2650e-02, 4.7628e-01
2.3975e-02, 4.6293e-01
2.5300e-02, 4.5065e-01
2.6844e-02, 4.3753e-01
2.8387e-02, 4.2549e-01
3.1475e-02, 4.0411e-01
3.4563e-02, 3.8562e-01
3.7650e-02, 3.6944e-01
4.0738e-02, 3.5513e-01
4.3825e-02, 3.4237e-01
4.6913e-02, 3.3089e-01
5.0000e-02, 3.2049e-01
5.3125e-02, 3.1091e-01
5.6250e-02, 3.0214e-01
5.9375e-02, 2.9409e-01
6.2500e-02, 2.8666e-01
6.8750e-02, 2.7334e-01
7.5000e-02, 2.6168e-01
8.1250e-02, 2.5138e-01
8.7500e-02, 2.4222e-01
9.3750e-02, 2.3398e-01
1.0000e-01, 2.2653e-01
1.0625e-01, 2.1975e-01
1.1250e-01, 2.1355e-01
1.1875e-01, 2.0785e-01
1.2500e-01, 2.0260e-01
1.3750e-01, 1.9318e-01
1.5000e-01, 1.8493e-01
1.6250e-01, 1.7764e-01
1.7500e-01, 1.7115e-01
1.8750e-01, 1.6533e-01
2.0000e-01, 1.6008e-01
2.1875e-01, 1.5305e-01
2.3750e-01, 1.4686e-01
2.5625e-01, 1.4135e-01
2.7500e-01, 1.3642e-01
2.9375e-01, 1.3197e-01
3.1250e-01, 1.2793e-01
3.3125e-01, 1.2424e-01
3.5000e-01, 1.2087e-01
3.8750e-01, 1.1485e-01
4.2500e-01, 1.0963e-01
5.0000e-01, 1.0102e-01
6.2500e-01, 9.0266e-02
7.5000e-01, 8.2310e-02
8.7500e-01, 7.6139e-02
1.0000e+00, 7.1161e-02
1.2500e+00, 6.3514e-02
1.5000e+00, 5.7862e-02
1.7500e+00, 5.3472e-02
2.0000e+00, 4.9925e-02
2.3750e+00, 4.5683e-02
2.7500e+00, 4.2338e-02
3.1250e+00, 3.9603e-02
3.5000e+00, 3.7316e-02
4.2500e+00, 3.3676e-02
5.0000e+00, 3.0881e-02
6.2500e+00, 2.7379e-02
7.5000e+00, 2.4779e-02
8.7500e+00, 2.2752e-02
1.0000e+01, 2.1112e-02
1.1250e+01, 1.9749e-02
1.2500e+01, 1.8594e-02
1.5000e+01, 1.6732e-02
1.7500e+01, 1.5287e-02
2.0000e+01, 1.4127e-02
2.3750e+01, 1.2757e-02
2.7500e+01, 1.1699e-02
3.1250e+01, 1.0862e-02
3.5000e+01, 1.0193e-02
3.8750e+01, 9.6549e-03
4.2500e+01, 9.2265e-03
5.0000e+01, 8.6452e-03
5.6250e+01, 8.4148e-03
6.2500e+01, 8.4241e-03
6.8750e+01, 8.7257e-03
7.1875e+01, 9.0205e-03
7.5000e+01, 9.4445e-03
7.8125e+01, 1.0035e-02
8.1250e+01, 1.0851e-02
8.4375e+01, 1.1977e-02
8.5938e+01, 1.2697e-02
8.7500e+01, 1.3558e-02
8.9062e+01, 1.4591e-02
9.0625e+01, 1.5839e-02
9.2188e+01, 1.7364e-02
9.3750e+01, 1.9248e-02
9.5312e+01, 2.1609e-02
9.6875e+01, 2.4604e-02
9.7656e+01, 2.6412e-02
9.8438e+01, 2.8495e-02
9.9219e+01, 3.0898e-02
1.0000e+02, 3.3693e-02
1.0087e+02, 3.7381e-02
1.0174e+02, 4.1824e-02
1.0262e+02, 4.7250e-02
1.0349e+02, 5.3962e-02
1.0393e+02, 5.7815e-02
1.0436e+02, 6.2255e-02
1.0480e+02, 6.7289e-02
1.0523e+02, 7.3015e-02
1.0567e+02, 7.9570e-02
1.0611e+02, 8.7117e-02
1.0654e+02, 9.5871e-02
1.0698e+02, 1.0610e-01
1.0744e+02, 1.1906e-01
1.0791e+02, 1.3467e-01
1.0837e+02, 1.5373e-01
1.0884e+02, 1.7733e-01
1.0930e+02, 2.0678e-01
1.0954e+02, 2.2438e-01
1.0977e+02, 2.4457e-01
1.1000e+02, 2.6774e-01
1.1023e+02, 2.9447e-01
1.1047e+02, 3.2551e-01
1.1070e+02, 3.6186e-01
1.1095e+02, 4.0776e-01
1.1119e+02, 4.6316e-01
1.1144e+02, 5.3095e-01
1.1169e+02, 6.1503e-01
1.1194e+02, 7.2088e-01
1.1206e+02, 7.8431e-01
1.1218e+02, 8.5659e-01
1.1231e+02, 9.3977e-01
1.1243e+02, 1.0361e+00
1.1255e+02, 1.1485e+00
1.1268e+02, 1.2806e+00
1.1281e+02, 1.4476e+00
1.1294e+02, 1.6501e+00
1.1307e+02, 1.8994e+00
1.1320e+02, 2.2106e+00
1.1327e+02, 2.3967e+00
1.1333e+02, 2.6074e+00
1.1340e+02, 2.8479e+00
1.1346e+02, 3.1245e+00
1.1353e+02, 3.4450e+00
1.1359e+02, 3.8197e+00
1.1366e+02, 4.2623e+00
1.1372e+02, 4.7913e+00
1.1378e+02, 5.3556e+00
1.1384e+02, 6.0337e+00
1.1390e+02, 6.8666e+00
1.1396e+02, 7.9125e+00
1.1399e+02, 8.5464e+00
1.1401e+02, 9.2775e+00
1.1404e+02, 1.0131e+01
1.1406e+02, 1.0613e+01
1.1407e+02, 1.1139e+01
1.1409e+02, 1.1719e+01
1.1410e+02, 1.2353e+01
1.1412e+02, 1.3057e+01
1.1413e+02, 1.3833e+01
1.1415e+02, 1.4702e+01
1.1416e+02, 1.5666e+01
1.1417e+02, 1.6744e+01
1.1419e+02, 1.7953e+01
1.1420e+02, 1.9058e+01
1.1421e+02, 2.0266e+01
1.1422e+02, 2.1599e+01
1.1424e+02, 2.3072e+01
1.1425e+02, 2.4714e+01
1.1426e+02, 2.6515e+01
1.1427e+02, 2.8509e+01
1.1428e+02, 3.0714e+01
1.1430e+02, 3.3748e+01
1.1431e+02, 3.6070e+01
1.1432e+02, 3.8597e+01
1.1433e+02, 4.1347e+01
1.1434e+02, 4.4336e+01
1.1435e+02, 4.7583e+01
1.1436e+02, 5.1107e+01
1.1437e+02, 5.4928e+01
1.1438e+02, 5.9066e+01
1.1440e+02, 6.8380e+01
1.1442e+02, 7.9222e+01
1.1444e+02, 9.1767e+01
1.1446e+02, 1.0611e+02
1.1448e+02, 1.2177e+02
1.1450e+02, 1.3942e+02
1.1452e+02, 1.5916e+02
1.1453e+02, 1.8106e+02
1.1455e+02, 2.0517e+02
1.1457e+02, 2.3148e+02
1.1459e+02, 2.5993e+02
1.1461e+02, 2.9024e+02
1.1464e+02, 3.4012e+02
1.1467e+02, 3.9332e+02
1.1473e+02, 5.0397e+02
1.1477e+02, 5.7755e+02
1.1481e+02, 6.4275e+02
1.1484e+02, 6.9059e+02
1.1488e+02, 7.2366e+02
1.1490e+02, 7.3661e+02
1.1493e+02, 7.4088e+02
1.1494e+02, 7.4064e+02
1.1495e+02, 7.3756e+02
1.1497e+02, 7.3097e+02
1.1500e+02, 7.0772e+02
1.1504e+02, 6.6275e+02
1.1508e+02, 6.0346e+02
1.1514e+02, 4.9041e+02
1.1520e+02, 3.7250e+02
1.1523e+02, 3.2142e+02
1.1526e+02, 2.7407e+02
1.1529e+02, 2.3088e+02
1.1532e+02, 1.9260e+02
1.1534e+02, 1.5909e+02
1.1537e+02, 1.3049e+02
1.1540e+02, 1.0641e+02
1.1542e+02, 9.5908e+01
1.1543e+02, 8.6448e+01
1.1544e+02, 7.7836e+01
1.1546e+02, 7.0078e+01
1.1547e+02, 6.3112e+01
1.1549e+02, 5.6915e+01
1.1550e+02, 5.1338e+01
1.1552e+02, 4.6367e+01
1.1553e+02, 4.1946e+01
1.1554e+02, 3.8045e+01
1.1556e+02, 3.4561e+01
1.1557e+02, 3.1474e+01
1.1559e+02, 2.8740e+01
1.1560e+02, 2.6337e+01
1.1562e+02, 2.4194e+01
1.1563e+02, 2.2297e+01
1.1566e+02, 1.9131e+01
1.1569e+02, 1.6620e+01
1.1572e+02, 1.4623e+01
1.1574e+02, 1.3008e+01
1.1577e+02, 1.1692e+01
1.1580e+02, 1.0598e+01
1.1583e+02, 9.6815e+00
1.1586e+02, 8.9006e+00
1.1589e+02, 8.2265e+00
1.1594e+02, 7.2075e+00
1.1599e+02, 6.3874e+00
1.1604e+02, 5.7116e+00
1.1609e+02, 5.1447e+00
1.1615e+02, 4.6627e+00
1.1620e+02, 4.2482e+00
1.1625e+02, 3.8886e+00
1.1630e+02, 3.5741e+00
1.1641e+02, 3.0522e+00
1.1651e+02, 2.6389e+00
1.1661e+02, 2.3056e+00
1.1672e+02, 2.0328e+00
1.1682e+02, 1.8169e+00
1.1691e+02, 1.6342e+00
1.1701e+02, 1.4782e+00
1.1711e+02, 1.3437e+00
1.1721e+02, 1.2269e+00
1.1731e+02, 1.1246e+00
1.1741e+02, 1.0346e+00
1.1751e+02, 9.5494e-01
1.1770e+02, 8.2109e-01
1.1790e+02, 7.1366e-01
1.1810e+02, 6.2611e-01
1.1829e+02, 5.5385e-01
1.1848e+02, 4.9634e-01
1.1867e+02, 4.4747e-01
1.1886e+02, 4.0563e-01
1.1904e+02, 3.6958e-01
1.1923e+02, 3.3808e-01
1.1942e+02, 3.1034e-01
1.1979e+02, 2.6414e-01
1.2016e+02, 2.2759e-01
1.2054e+02, 1.9818e-01
1.2091e+02, 1.7417e-01
1.2128e+02, 1.5431e-01
1.2164e+02, 1.3855e-01
1.2199e+02, 1.2511e-01
1.2234e+02, 1.1356e-01
1.2270e+02, 1.0359e-01
1.2305e+02, 9.5008e-02
1.2340e+02, 8.7437e-02
1.2411e+02, 7.4684e-02
1.2481e+02, 6.4592e-02
1.2552e+02, 5.6469e-02
1.2622e+02, 4.9837e-02
1.2693e+02, 4.4352e-02
1.2759e+02, 4.0012e-02
1.2826e+02, 3.6311e-02
1.2892e+02, 3.3128e-02
1.2959e+02, 3.0372e-02
1.3025e+02, 2.7969e-02
1.3092e+02, 2.5876e-02
1.3224e+02, 2.2383e-02
1.3357e+02, 1.9599e-02
1.3490e+02, 1.7357e-02
1.3623e+02, 1.5524e-02
1.3756e+02, 1.4006e-02
1.3897e+02, 1.2663e-02
1.4038e+02, 1.1539e-02
1.4179e+02, 1.0588e-02
1.4320e+02, 9.7769e-03
1.4462e+02, 9.0896e-03
1.4603e+02, 8.4947e-03
1.4885e+02, 7.4911e-03
1.5167e+02, 6.7101e-03
1.5450e+02, 6.0900e-03
1.5732e+02, 5.5895e-03
1.6014e+02, 5.1795e-03
1.6263e+02, 4.8767e-03
1.6513e+02, 4.6336e-03
1.6762e+02, 4.3958e-03
1.7011e+02, 4.2062e-03
1.7509e+02, 3.8789e-03
1.8007e+02, 3.6225e-03
1.8505e+02, 3.4180e-03
1.9004e+02, 3.2540e-03
2.0000e+02, 3.0050e-03
2.1406e+02, 2.7837e-03
2.2812e+02, 2.6556e-03
2.4219e+02, 2.5715e-03
2.5625e+02, 2.5296e-03
2.7500e+02, 2.5326e-03
2.9375e+02, 2.5847e-03
3.1250e+02, 2.6824e-03
3.3125e+02, 2.8265e-03
3.5000e+02, 3.0220e-03
3.6875e+02, 3.2777e-03
3.8750e+02, 3.6072e-03
4.0625e+02, 4.0308e-03
4.2500e+02, 4.5785e-03
4.3438e+02, 4.9122e-03
4.4375e+02, 5.2961e-03
4.5312e+02, 5.7394e-03
4.6250e+02, 6.2546e-03
4.7188e+02, 6.8573e-03
4.8125e+02, 7.5680e-03
4.9062e+02, 8.4133e-03
5.0000e+02, 9.4290e-03
5.0833e+02, 1.0515e-02
5.1665e+02, 1.1826e-02
5.2498e+02, 1.3423e-02
5.3331e+02, 1.5394e-02
5.3747e+02, 1.6516e-02
5.4163e+02, 1.7813e-02
5.4579e+02, 1.9277e-02
5.4996e+02, 2.0938e-02
5.5412e+02, 2.2833e-02
5.5828e+02, 2.5008e-02
5.6245e+02, 2.7526e-02
5.6661e+02, 3.0463e-02
5.7064e+02, 3.3801e-02
5.7466e+02, 3.7754e-02
5.7868e+02, 4.2470e-02
5.8271e+02, 4.8152e-02
5.8472e+02, 5.1326e-02
5.8673e+02, 5.5080e-02
5.8875e+02, 5.8917e-02
5.9076e+02, 6.3375e-02
5.9277e+02, 6.8405e-02
5.9478e+02, 7.4071e-02
5.9579e+02, 7.7115e-02
5.9679e+02, 8.0406e-02
5.9780e+02, 8.3924e-02
5.9881e+02, 8.7671e-02
5.9950e+02, 9.0405e-02
6.0019e+02, 9.3279e-02
6.0089e+02, 9.6295e-02
6.0158e+02, 9.9462e-02
6.0228e+02, 1.0279e-01
6.0297e+02, 1.0629e-01
6.0366e+02, 1.0997e-01
6.0401e+02, 1.1188e-01
6.0436e+02, 1.1385e-01
6.0459e+02, 1.1520e-01
6.0471e+02, 1.1589e-01
6.0483e+02, 1.1659e-01
6.0499e+02, 1.1755e-01
6.0515e+02, 1.1852e-01
6.0531e+02, 1.1951e-01
6.0547e+02, 1.2051e-01
6.0581e+02, 1.2271e-01
6.0616e+02, 1.2498e-01
6.0686e+02, 1.2971e-01
6.0720e+02, 1.3217e-01
6.0755e+02, 1.3471e-01
6.0790e+02, 1.3731e-01
6.0824e+02, 1.4000e-01
6.0859e+02, 1.4277e-01
6.0894e+02, 1.4562e-01
6.0928e+02, 1.4856e-01
6.0963e+02, 1.5159e-01
6.0998e+02, 1.5472e-01
6.1032e+02, 1.5794e-01
6.1067e+02, 1.6127e-01
6.1102e+02, 1.6470e-01
6.1140e+02, 1.6861e-01
6.1178e+02, 1.7265e-01
6.1216e+02, 1.7685e-01
6.1254e+02, 1.8120e-01
6.1293e+02, 1.8572e-01
6.1331e+02, 1.9042e-01
6.1407e+02, 2.0035e-01
6.1483e+02, 2.1109e-01
6.1560e+02, 2.2273e-01
6.1636e+02, 2.3537e-01
6.1712e+02, 2.4912e-01
6.1789e+02, 2.6413e-01
6.1865e+02, 2.8055e-01
6.1941e+02, 2.9855e-01
6.2018e+02, 3.1836e-01
6.2094e+02, 3.4023e-01
6.2170e+02, 3.6444e-01
6.2247e+02, 3.9135e-01
6.2323e+02, 4.2138e-01
6.2399e+02, 4.5502e-01
6.2476e+02, 4.9287e-01
6.2552e+02, 5.3569e-01
6.2628e+02, 5.8436e-01
6.2705e+02, 6.4003e-01
6.2781e+02, 7.0407e-01
6.2857e+02, 7.7826e-01
6.2934e+02, 8.6488e-01
6.3010e+02, 9.6688e-01
6.3086e+02, 1.0881e+00
6.3124e+02, 1.1575e+00
6.3163e+02, 1.2337e+00
6.3201e+02, 1.3177e+00
6.3239e+02, 1.4106e+00
6.3277e+02, 1.5138e+00
6.3315e+02, 1.6287e+00
6.3353e+02, 1.7572e+00
6.3392e+02, 1.9015e+00
6.3430e+02, 2.0644e+00
6.3468e+02, 2.2488e+00
6.3506e+02, 2.4586e+00
6.3544e+02, 2.6985e+00
6.3582e+02, 2.9756e+00
6.3621e+02, 3.2982e+00
6.3659e+02, 3.6767e+00
6.3697e+02, 4.1242e+00
6.3735e+02, 4.6583e+00
6.3773e+02, 5.3024e+00
6.3811e+02, 6.0884e+00
6.3850e+02, 7.0607e+00
6.3879e+02, 7.9784e+00
6.3908e+02, 9.0834e+00
6.3938e+02, 1.0428e+01
6.3967e+02, 1.2083e+01
6.3982e+02, 1.3057e+01
6.3997e+02, 1.4147e+01
6.4012e+02, 1.5373e+01
6.4026e+02, 1.6757e+01
6.4041e+02, 1.8326e+01
6.4056e+02, 2.0107e+01
6.4071e+02, 2.2140e+01
6.4085e+02, 2.4462e+01
6.4105e+02, 2.8031e+01
6.4124e+02, 3.2291e+01
6.4143e+02, 3.7364e+01
6.4163e+02, 4.3352e+01
6.4182e+02, 5.0310e+01
6.4202e+02, 5.8200e+01
6.4240e+02, 7.5822e+01
6.4263e+02, 8.5901e+01
6.4285e+02, 9.4446e+01
6.4308e+02, 1.0020e+02
6.4330e+02, 1.0221e+02
6.4342e+02, 1.0161e+02
6.4354e+02, 9.9891e+01
6.4377e+02, 9.3470e+01
6.4401e+02, 8.4125e+01
6.4425e+02, 7.3343e+01
6.4448e+02, 6.2460e+01
6.4472e+02, 5.2427e+01
6.4496e+02, 4.3715e+01
6.4519e+02, 3.6451e+01
6.4543e+02, 3.0479e+01
6.4567e+02, 2.5671e+01
6.4591e+02, 2.1809e+01
6.4615e+02, 1.8696e+01
6.4639e+02, 1.6168e+01
6.4662e+02, 1.4100e+01
6.4686e+02, 1.2393e+01
6.4710e+02, 1.0971e+01
6.4733e+02, 9.8250e+00
6.4756e+02, 8.8469e+00
6.4779e+02, 8.0046e+00
6.4801e+02, 7.2748e+00
6.4824e+02, 6.6382e+00
6.4847e+02, 6.0804e+00
6.4870e+02, 5.5891e+00
6.4892e+02, 5.1543e+00
6.4938e+02, 4.4229e+00
6.4984e+02, 3.8358e+00
6.5029e+02, 3.3576e+00
6.5075e+02, 2.9634e+00
6.5118e+02, 2.6498e+00
6.5162e+02, 2.3840e+00
6.5205e+02, 2.1559e+00
6.5248e+02, 1.9581e+00
6.5292e+02, 1.7857e+00
6.5335e+02, 1.6350e+00
6.5378e+02, 1.5026e+00
6.5422e+02, 1.3855e+00
6.5509e+02, 1.1889e+00
6.5595e+02, 1.0312e+00
6.5682e+02, 9.0280e-01
6.5769e+02, 7.9691e-01
6.5852e+02, 7.1261e-01
6.5934e+02, 6.4117e-01
6.6016e+02, 5.8072e-01
6.6099e+02, 5.2775e-01
6.6181e+02, 4.8154e-01
6.6264e+02, 4.4097e-01
6.6429e+02, 3.7393e-01
6.6594e+02, 3.2105e-01
6.6758e+02, 2.7858e-01
6.6923e+02, 2.4396e-01
6.7088e+02, 2.1539e-01
6.7236e+02, 1.9386e-01
6.7383e+02, 1.7540e-01
6.7531e+02, 1.5943e-01
6.7678e+02, 1.4554e-01
6.7826e+02, 1.3357e-01
6.7974e+02, 1.2300e-01
6.8121e+02, 1.1339e-01
6.8269e+02, 1.0497e-01
6.8564e+02, 9.0615e-02
6.8859e+02, 7.9000e-02
6.9154e+02, 6.9473e-02
6.9449e+02, 6.1564e-02
6.9727e+02, 5.5285e-02
7.0005e+02, 4.9912e-02
7.0282e+02, 4.5279e-02
7.0560e+02, 4.1257e-02
7.0838e+02, 3.7743e-02
7.1115e+02, 3.4666e-02
7.1671e+02, 2.9525e-02
7.2226e+02, 2.5427e-02
7.2782e+02, 2.2119e-02
7.3337e+02, 1.9409e-02
7.3893e+02, 1.7163e-02
7.4414e+02, 1.5392e-02
7.4934e+02, 1.3879e-02
7.5455e+02, 1.2577e-02
7.5976e+02, 1.1446e-02
7.6497e+02, 1.0459e-02
7.7017e+02, 9.5914e-03
7.7538e+02, 8.8256e-03
7.8059e+02, 8.1658e-03
7.9100e+02, 7.0104e-03
8.0142e+02, 6.0807e-03
8.1183e+02, 5.3221e-03
8.2225e+02, 4.6967e-03
8.3891e+02, 3.9101e-03
8.5558e+02, 3.2900e-03
8.7224e+02, 2.8141e-03
8.8891e+02, 2.4260e-03
9.0557e+02, 2.1173e-03
9.2223e+02, 1.8591e-03
9.5556e+02, 1.4683e-03
9.7778e+02, 1.2716e-03
1.0000e+03, 1.1117e-03
1.0312e+03, 9.3306e-04
1.0625e+03, 7.9428e-04
1.0938e+03, 6.8440e-04
1.1250e+03, 5.9610e-04
1.1875e+03, 4.6500e-04
1.2500e+03, 3.7451e-04
1.3125e+03, 3.1010e-04
1.3750e+03, 2.6335e-04
1.5000e+03, 2.0457e-04
1.5938e+03, 1.8266e-04
1.6875e+03, 1.7511e-04
1.7500e+03, 1.8162e-04
1.8555e+03, 2.3012e-04
1.9082e+03, 2.9438e-04
1.9609e+03, 4.3320e-04
2.0000e+03, 6.6521e-04
2.0153e+03, 8.2752e-04
2.0307e+03, 1.0710e-03
2.0460e+03, 1.4527e-03
2.0614e+03, 2.1165e-03
2.0696e+03, 2.6903e-03
2.0777e+03, 3.5480e-03
2.0859e+03, 4.9033e-03
2.0900e+03, 5.9075e-03
2.0941e+03, 7.2628e-03
2.0985e+03, 9.2982e-03
2.1028e+03, 1.2344e-02
2.1050e+03, 1.4468e-02
2.1072e+03, 1.7162e-02
2.1093e+03, 2.0733e-02
2.1115e+03, 2.5568e-02
2.1138e+03, 3.2816e-02
2.1150e+03, 3.7665e-02
2.1161e+03, 4.3685e-02
2.1173e+03, 5.1277e-02
2.1184e+03, 6.1007e-02
2.1196e+03, 7.3814e-02
2.1207e+03, 9.1240e-02
2.1214e+03, 1.0449e-01
2.1221e+03, 1.2088e-01
2.1227e+03, 1.4155e-01
2.1234e+03, 1.6808e-01
2.1241e+03, 2.0305e-01
2.1244e+03, 2.2486e-01
2.1247e+03, 2.5037e-01
2.1251e+03, 2.8069e-01
2.1254e+03, 3.1693e-01
2.1257e+03, 3.6113e-01
2.1261e+03, 4.1566e-01
2.1263e+03, 4.6850e-01
2.1265e+03, 4.9910e-01
2.1266e+03, 5.3310e-01
2.1267e+03, 5.7107e-01
2.1269e+03, 6.1378e-01
2.1270e+03, 6.6217e-01
2.1271e+03, 7.1703e-01
2.1272e+03, 7.2427e-01
2.1272e+03, 7.4151e-01
2.1272e+03, 7.5948e-01
2.1273e+03, 7.9778e-01
2.1274e+03, 8.3962e-01
2.1274e+03, 8.8550e-01
2.1275e+03, 9.3600e-01
2.1276e+03, 9.9181e-01
2.1277e+03, 1.0538e+00
2.1277e+03, 1.1228e+00
2.1278e+03, 1.1934e+00
2.1279e+03, 1.2720e+00
2.1279e+03, 1.3596e+00
2.1280e+03, 1.4576e+00
2.1281e+03, 1.5675e+00
2.1282e+03, 1.6910e+00
2.1282e+03, 1.8300e+00
2.1283e+03, 1.9866e+00
2.1284e+03, 2.1633e+00
2.1284e+03, 2.3627e+00
2.1285e+03, 2.5878e+00
2.1286e+03, 2.8416e+00
2.1286e+03, 3.1277e+00
2.1287e+03, 3.4498e+00
2.1288e+03, 3.8117e+00
2.1288e+03, 4.2112e+00
2.1289e+03, 4.8076e+00
2.1290e+03, 5.4938e+00
2.1291e+03, 6.2793e+00
2.1292e+03, 7.1728e+00
2.1293e+03, 8.1825e+00
2.1294e+03, 9.3152e+00
2.1294e+03, 1.0576e+01
2.1295e+03, 1.1951e+01
2.1296e+03, 1.3472e+01
2.1297e+03, 1.5120e+01
2.1299e+03, 1.8767e+01
2.1301e+03, 2.2782e+01
2.1302e+03, 2.6964e+01
2.1304e+03, 3.1849e+01
2.1307e+03, 3.6171e+01
2.1308e+03, 3.9066e+01
2.1310e+03, 4.0974e+01
2.1312e+03, 4.1726e+01
2.1312e+03, 4.1704e+01
2.1313e+03, 4.1305e+01
2.1315e+03, 4.0420e+01
2.1316e+03, 3.9084e+01
2.1317e+03, 3.7363e+01
2.1319e+03, 3.2572e+01
2.1322e+03, 2.6974e+01
2.1324e+03, 2.1232e+01
2.1326e+03, 1.6004e+01
2.1328e+03, 1.3685e+01
2.1329e+03, 1.1621e+01
2.1330e+03, 9.7855e+00
2.1331e+03, 8.2066e+00
2.1332e+03, 7.0236e+00
2.1333e+03, 6.0009e+00
2.1334e+03, 5.1248e+00
2.1335e+03, 4.3803e+00
2.1336e+03, 3.7520e+00
2.1338e+03, 3.2249e+00
2.1339e+03, 2.7846e+00
2.1340e+03, 2.4179e+00
2.1341e+03, 2.1131e+00
2.1342e+03, 1.8596e+00
2.1343e+03, 1.6485e+00
2.1344e+03, 1.4722e+00
2.1345e+03, 1.3242e+00
2.1346e+03, 1.1993e+00
2.1347e+03, 1.0932e+00
2.1348e+03, 1.0032e+00
2.1350e+03, 8.5648e-01
2.1352e+03, 7.4376e-01
2.1354e+03, 6.5458e-01
2.1356e+03, 5.8221e-01
2.1358e+03, 5.2226e-01
2.1360e+03, 4.7177e-01
2.1362e+03, 4.2869e-01
2.1365e+03, 3.9153e-01
2.1369e+03, 3.3085e-01
2.1373e+03, 2.8362e-01
2.1377e+03, 2.4604e-01
2.1381e+03, 2.1561e-01
2.1385e+03, 1.9297e-01
2.1389e+03, 1.7383e-01
2.1396e+03, 1.4333e-01
2.1404e+03, 1.2029e-01
2.1411e+03, 1.0244e-01
2.1418e+03, 8.8268e-02
2.1426e+03, 7.6865e-02
2.1433e+03, 6.7547e-02
2.1441e+03, 5.9835e-02
2.1455e+03, 4.8504e-02
2.1469e+03, 4.0132e-02
2.1483e+03, 3.3789e-02
2.1497e+03, 2.8850e-02
2.1525e+03, 2.1703e-02
2.1553e+03, 1.6923e-02
2.1579e+03, 1.3746e-02
2.1605e+03, 1.1391e-02
2.1658e+03, 8.2099e-03
2.1710e+03, 6.1918e-03
2.1763e+03, 4.8389e-03
2.1812e+03, 3.9434e-03
2.1861e+03, 3.2778e-03
2.1959e+03, 2.3725e-03
2.2057e+03, 1.8057e-03
2.2155e+03, 1.4208e-03
2.2338e+03, 9.8015e-04
2.2520e+03, 7.2408e-04
2.2884e+03, 4.5401e-04
2.3276e+03, 3.1639e-04
2.3669e+03, 2.4273e-04
2.4453e+03, 1.7587e-04
2.5350e+03, 1.5577e-04
2.6303e+03, 1.7855e-04
2.6779e+03, 2.1698e-04
2.7256e+03, 3.0451e-04
2.7592e+03, 4.5256e-04
2.7760e+03, 6.0468e-04
2.7928e+03, 8.9950e-04
2.7999e+03, 1.1158e-03
2.8069e+03, 1.4447e-03
2.8139e+03, 1.9852e-03
2.8209e+03, 2.9635e-03
2.8244e+03, 3.7964e-03
2.8279e+03, 5.0790e-03
2.8314e+03, 7.2099e-03
2.8349e+03, 1.1122e-02
2.8367e+03, 1.4696e-02
2.8386e+03, 2.0411e-02
2.8404e+03, 3.0430e-02
2.8413e+03, 3.8567e-02
2.8422e+03, 5.0631e-02
2.8432e+03, 7.1154e-02
2.8437e+03, 8.7004e-02
2.8442e+03, 1.1001e-01
2.8447e+03, 1.4828e-01
2.8449e+03, 1.7970e-01
2.8451e+03, 2.2717e-01
2.8454e+03, 3.0307e-01
2.8455e+03, 3.5779e-01
2.8456e+03, 4.2751e-01
2.8457e+03, 5.1786e-01
2.8459e+03, 6.3274e-01
2.8460e+03, 7.7925e-01
2.8461e+03, 9.6499e-01
2.8462e+03, 1.1665e+00
2.8463e+03, 1.4086e+00
2.8464e+03, 1.6998e+00
2.8465e+03, 2.0472e+00
2.8466e+03, 2.4583e+00
2.8467e+03, 2.9400e+00
2.8468e+03, 3.4993e+00
2.8469e+03, 4.1420e+00
2.8470e+03, 4.8728e+00
2.8471e+03, 5.6948e+00
2.8472e+03, 6.6088e+00
2.8473e+03, 7.6130e+00
2.8475e+03, 8.7028e+00
2.8476e+03, 9.8702e+00
2.8478e+03, 1.2388e+01
2.8480e+03, 1.4892e+01
2.8482e+03, 1.8385e+01
2.8484e+03, 2.0151e+01
2.8486e+03, 2.1602e+01
2.8487e+03, 2.2701e+01
2.8489e+03, 2.3145e+01
2.8490e+03, 2.3313e+01
2.8490e+03, 2.3311e+01
2.8490e+03, 2.3289e+01
2.8491e+03, 2.3242e+01
2.8492e+03, 2.3076e+01
2.8493e+03, 2.2182e+01
2.8495e+03, 2.0898e+01
2.8497e+03, 1.9250e+01
2.8500e+03, 1.5824e+01
2.8503e+03, 1.2168e+01
2.8505e+03, 9.2613e+00
2.8506e+03, 7.9459e+00
2.8507e+03, 6.7544e+00
2.8509e+03, 5.6758e+00
2.8510e+03, 4.7237e+00
2.8511e+03, 3.8962e+00
2.8512e+03, 3.1930e+00
2.8513e+03, 2.5939e+00
2.8514e+03, 2.3327e+00
2.8515e+03, 2.0950e+00
2.8516e+03, 1.6847e+00
2.8517e+03, 1.3512e+00
2.8518e+03, 1.0832e+00
2.8520e+03, 8.6992e-01
2.8521e+03, 7.0165e-01
2.8522e+03, 5.6984e-01
2.8523e+03, 4.6715e-01
2.8524e+03, 3.8742e-01
2.8526e+03, 3.2558e-01
2.8527e+03, 2.7753e-01
2.8529e+03, 2.1053e-01
2.8532e+03, 1.6837e-01
2.8534e+03, 1.4121e-01
2.8536e+03, 1.2168e-01
2.8541e+03, 9.5161e-02
2.8546e+03, 7.7426e-02
2.8550e+03, 6.4583e-02
2.8560e+03, 4.7201e-02
2.8569e+03, 3.6185e-02
2.8579e+03, 2.8400e-02
2.8589e+03, 2.2927e-02
2.8608e+03, 1.5904e-02
2.8628e+03, 1.1734e-02
2.8647e+03, 9.0643e-03
2.8686e+03, 5.9425e-03
2.8725e+03, 4.2583e-03
2.8764e+03, 3.2548e-03
2.8803e+03, 2.6158e-03
2.8895e+03, 1.7977e-03
2.8987e+03, 1.4300e-03
2.9172e+03, 1.2157e-03
2.9307e+03, 1.2826e-03
2.9441e+03, 1.5041e-03
2.9576e+03, 1.9380e-03
2.9711e+03, 2.7494e-03
2.9782e+03, 3.4668e-03
2.9853e+03, 4.5533e-03
2.9924e+03, 6.3061e-03
2.9959e+03, 7.6064e-03
2.9995e+03, 9.3603e-03
3.0032e+03, 1.1998e-02
3.0069e+03, 1.5965e-02
3.0088e+03, 1.8747e-02
3.0106e+03, 2.2336e-02
3.0125e+03, 2.7071e-02
3.0144e+03, 3.3464e-02
3.0163e+03, 4.3037e-02
3.0173e+03, 4.9475e-02
3.0183e+03, 5.7493e-02
3.0192e+03, 6.7663e-02
3.0202e+03, 8.0838e-02
3.0212e+03, 9.8354e-02
3.0222e+03, 1.2239e-01
3.0227e+03, 1.3950e-01
3.0232e+03, 1.6054e-01
3.0238e+03, 1.8683e-01
3.0243e+03, 2.2036e-01
3.0248e+03, 2.6427e-01
3.0251e+03, 2.9163e-01
3.0253e+03, 3.2382e-01
3.0256e+03, 3.6223e-01
3.0259e+03, 4.0880e-01
3.0260e+03, 4.3602e-01
3.0261e+03, 4.6648e-01
3.0263e+03, 5.0082e-01
3.0264e+03, 5.3980e-01
3.0265e+03, 5.7312e-01
3.0267e+03, 6.3059e-01
3.0268e+03, 6.9894e-01
3.0269e+03, 7.3810e-01
3.0270e+03, 7.8116e-01
3.0270e+03, 8.2865e-01
3.0271e+03, 8.8114e-01
3.0272e+03, 9.4578e-01
3.0273e+03, 1.0174e+00
3.0274e+03, 1.0980e+00
3.0275e+03, 1.1886e+00
3.0275e+03, 1.2920e+00
3.0276e+03, 1.4073e+00
3.0277e+03, 1.5375e+00
3.0278e+03, 1.6843e+00
3.0279e+03, 1.8520e+00
3.0280e+03, 2.0389e+00
3.0280e+03, 2.2491e+00
3.0281e+03, 2.4852e+00
3.0282e+03, 2.7498e+00
3.0283e+03, 3.0456e+00
3.0284e+03, 3.3752e+00
3.0285e+03, 3.7414e+00
3.0286e+03, 4.3514e+00
3.0287e+03, 5.0534e+00
3.0288e+03, 5.8538e+00
3.0289e+03, 6.7567e+00
3.0291e+03, 7.7641e+00
3.0292e+03, 8.8743e+00
3.0293e+03, 1.0082e+01
3.0294e+03, 1.1367e+01
3.0296e+03, 1.3116e+01
3.0297e+03, 1.4945e+01
3.0300e+03, 1.8620e+01
3.0303e+03, 2.1247e+01
3.0305e+03, 2.3345e+01
3.0308e+03, 2.4627e+01
3.0310e+03, 2.5070e+01
3.0310e+03, 2.5055e+01
3.0312e+03, 2.4806e+01
3.0313e+03, 2.4265e+01
3.0314e+03, 2.3452e+01
3.0316e+03, 2.2398e+01
3.0319e+03, 1.9670e+01
3.0321e+03, 1.6482e+01
3.0324e+03, 1.3215e+01
3.0327e+03, 1.0181e+01
3.0328e+03, 8.8142e+00
3.0330e+03, 7.5811e+00
3.0331e+03, 6.4706e+00
3.0332e+03, 5.4997e+00
3.0334e+03, 4.6846e+00
3.0335e+03, 3.9860e+00
3.0336e+03, 3.3884e+00
3.0338e+03, 2.8820e+00
3.0339e+03, 2.4532e+00
3.0340e+03, 2.0981e+00
3.0342e+03, 1.8029e+00
3.0343e+03, 1.5584e+00
3.0344e+03, 1.3549e+00
3.0345e+03, 1.1880e+00
3.0347e+03, 1.0498e+00
3.0348e+03, 9.3485e-01
3.0349e+03, 8.3885e-01
3.0351e+03, 7.5814e-01
3.0353e+03, 6.3140e-01
3.0356e+03, 5.4122e-01
3.0358e+03, 4.7136e-01
3.0361e+03, 4.1570e-01
3.0363e+03, 3.7031e-01
3.0368e+03, 3.0068e-01
3.0373e+03, 2.4997e-01
3.0378e+03, 2.1143e-01
3.0383e+03, 1.8139e-01
3.0388e+03, 1.5746e-01
3.0393e+03, 1.3811e-01
3.0402e+03, 1.1134e-01
3.0411e+03, 9.1781e-02
3.0420e+03, 7.7011e-02
3.0429e+03, 6.5561e-02
3.0438e+03, 5.6482e-02
3.0447e+03, 4.9183e-02
3.0465e+03, 3.8282e-02
3.0482e+03, 3.1020e-02
3.0499e+03, 2.5666e-02
3.0533e+03, 1.8434e-02
3.0567e+03, 1.3867e-02
3.0601e+03, 1.0817e-02
3.0633e+03, 8.7841e-03
3.0665e+03, 7.2791e-03
3.0729e+03, 5.2506e-03
3.0793e+03, 3.9639e-03
3.0857e+03, 3.1034e-03
3.0977e+03, 2.1074e-03
3.1097e+03, 1.5348e-03
3.1217e+03, 1.1700e-03
3.1337e+03, 9.2612e-04
3.1593e+03, 6.1612e-04
3.1849e+03, 4.4821e-04
3.2104e+03, 3.4719e-04
3.2360e+03, 2.8242e-04
3.2872e+03, 2.0912e-04
3.3384e+03, 1.7408e-04
3.4407e+03, 1.5913e-04
3.4919e+03, 1.7221e-04
3.5431e+03, 2.0251e-04
3.5942e+03, 2.6075e-04
3.6454e+03, 3.7498e-04
3.6694e+03, 4.6688e-04
3.6934e+03, 6.0568e-04
3.7174e+03, 8.2403e-04
3.7413e+03, 1.2044e-03
3.7541e+03, 1.5334e-03
3.7669e+03, 2.0251e-03
3.7797e+03, 2.8019e-03
3.7925e+03, 4.1520e-03
3.7993e+03, 5.3145e-03
3.8061e+03, 7.0512e-03
3.8129e+03, 9.7896e-03
3.8163e+03, 1.1815e-02
3.8197e+03, 1.4551e-02
3.8233e+03, 1.8638e-02
3.8269e+03, 2.4739e-02
3.8287e+03, 2.8984e-02
3.8305e+03, 3.4402e-02
3.8323e+03, 4.1494e-02
3.8341e+03, 5.1105e-02
3.8361e+03, 6.6358e-02
3.8371e+03, 7.6717e-02
3.8381e+03, 8.9721e-02
3.8391e+03, 1.0639e-01
3.8401e+03, 1.2820e-01
3.8406e+03, 1.4174e-01
3.8411e+03, 1.5757e-01
3.8416e+03, 1.7628e-01
3.8421e+03, 1.9858e-01
3.8426e+03, 2.2344e-01
3.8428e+03, 2.3769e-01
3.8430e+03, 2.5341e-01
3.8434e+03, 2.7943e-01
3.8437e+03, 3.0987e-01
3.8440e+03, 3.3877e-01
3.8442e+03, 3.7217e-01
3.8444e+03, 3.9094e-01
3.8445e+03, 4.1113e-01
3.8447e+03, 4.3321e-01
3.8448e+03, 4.5708e-01
3.8449e+03, 4.8336e-01
3.8451e+03, 5.1198e-01
3.8452e+03, 5.4373e-01
3.8453e+03, 5.7857e-01
3.8455e+03, 6.1756e-01
3.8456e+03, 6.6074e-01
3.8458e+03, 7.0914e-01
3.8459e+03, 7.6364e-01
3.8461e+03, 8.3793e-01
3.8461e+03, 8.7928e-01
3.8462e+03, 9.2397e-01
3.8463e+03, 9.7298e-01
3.8464e+03, 1.0255e+00
3.8465e+03, 1.0825e+00
3.8465e+03, 1.1444e+00
3.8466e+03, 1.2126e+00
3.8467e+03, 1.2859e+00
3.8468e+03, 1.3658e+00
3.8469e+03, 1.4529e+00
3.8469e+03, 1.5477e+00
3.8470e+03, 1.6511e+00
3.8471e+03, 1.7638e+00
3.8472e+03, 1.8864e+00
3.8473e+03, 2.1209e+00
3.8475e+03, 2.3889e+00
3.8476e+03, 2.6987e+00
3.8477e+03, 3.0500e+00
3.8479e+03, 3.4518e+00
3.8480e+03, 3.9020e+00
3.8482e+03, 4.4097e+00
3.8483e+03, 4.9695e+00
3.8484e+03, 5.5900e+00
3.8486e+03, 6.2609e+00
3.8487e+03, 6.9890e+00
3.8488e+03, 7.7584e+00
3.8491e+03, 9.4108e+00
3.8494e+03, 1.1123e+01
3.8497e+03, 1.2765e+01
3.8499e+03, 1.4214e+01
3.8502e+03, 1.5341e+01
3.8505e+03, 1.6033e+01
3.8507e+03, 1.6221e+01
3.8508e+03, 1.6199e+01
3.8510e+03, 1.5889e+01
3.8512e+03, 1.5238e+01
3.8514e+03, 1.4294e+01
3.8517e+03, 1.3123e+01
3.8519e+03, 1.1501e+01
3.8522e+03, 9.8020e+00
3.8525e+03, 8.1437e+00
3.8528e+03, 6.6195e+00
3.8530e+03, 5.5351e+00
3.8532e+03, 4.5891e+00
3.8534e+03, 3.7838e+00
3.8536e+03, 3.1127e+00
3.8537e+03, 2.8236e+00
3.8539e+03, 2.5630e+00
3.8540e+03, 2.3289e+00
3.8541e+03, 2.1190e+00
3.8542e+03, 1.9314e+00
3.8543e+03, 1.7640e+00
3.8545e+03, 1.4828e+00
3.8547e+03, 1.2750e+00
3.8549e+03, 1.1066e+00
3.8551e+03, 9.6956e-01
3.8553e+03, 8.5769e-01
3.8555e+03, 7.6468e-01
3.8557e+03, 6.8738e-01
3.8561e+03, 5.6623e-01
3.8565e+03, 4.7641e-01
3.8569e+03, 4.0783e-01
3.8573e+03, 3.5383e-01
3.8577e+03, 3.1035e-01
3.8581e+03, 2.7464e-01
3.8585e+03, 2.4500e-01
3.8593e+03, 1.9873e-01
3.8601e+03, 1.6461e-01
3.8609e+03, 1.3871e-01
3.8617e+03, 1.1852e-01
3.8625e+03, 1.0247e-01
3.8641e+03, 7.8908e-02
3.8655e+03, 6.3967e-02
3.8670e+03, 5.2917e-02
3.8684e+03, 4.4487e-02
3.8699e+03, 3.7922e-02
3.8728e+03, 2.8512e-02
3.8757e+03, 2.2222e-02
3.8785e+03, 1.8006e-02
3.8812e+03, 1.4903e-02
3.8867e+03, 1.0668e-02
3.8923e+03, 8.0122e-03
3.8978e+03, 6.2391e-03
3.9082e+03, 4.1833e-03
3.9187e+03, 2.9960e-03
3.9291e+03, 2.2502e-03
3.9396e+03, 1.7528e-03
3.9547e+03, 1.2830e-03
3.9698e+03, 9.8308e-04
3.9849e+03, 7.7638e-04
3.9924e+03, 6.9615e-04
3.9943e+03, 6.7934e-04
3.9953e+03, 6.8232e-04
3.9958e+03, 7.1723e-04
3.9962e+03, 8.5211e-04
3.9965e+03, 1.0093e-03
3.9967e+03, 1.2789e-03
3.9969e+03, 1.7241e-03
3.9972e+03, 2.4325e-03
3.9974e+03, 3.5197e-03
3.9976e+03, 5.1290e-03
3.9979e+03, 7.4271e-03
3.9981e+03, 1.0594e-02
3.9986e+03, 2.0206e-02
3.9991e+03, 3.4884e-02
3.9995e+03, 5.4346e-02
4.0000e+03, 7.6705e-02
4.0000e+03, 1.5285e-01
4.5000e+03, 1.4342e-01
5.0000e+03, 1.3548e-01
6.0000e+03, 1.2224e-01
7.0000e+03, 1.1138e-01
8.0000e+03, 1.0252e-01
9.0000e+03, 9.5090e-02
1.0000e+04, 8.8898e-02
1.1250e+04, 8.2296e-02
1.2500e+04, 7.6807e-02
1.5000e+04, 6.8072e-02
1.7000e+04, 6.2644e-02
2.0000e+04, 5.6325e-02
2.2500e+04, 5.2306e-02
2.5000e+04, 4.8955e-02
3.0000e+04, 4.4093e-02
3.5000e+04, 4.0712e-02
4.0000e+04, 3.8233e-02
5.0000e+04, 3.4712e-02
6.0000e+04, 3.2349e-02
7.0000e+04, 3.0878e-02
8.0000e+04, 2.9561e-02
1.0000e+05, 2.7452e-02
1.0000e+05, 2.7817e-02
1.2000e+05, 2.7009e-02
1.5000e+05, 2.5753e-02
2.0000e+05, 2.3732e-02
3.0000e+05, 2.1254e-02
4.0000e+05, 2.0696e-02
5.0000e+05, 2.1151e-02
6.0000e+05, 2.2201e-02
6.7281e+05, 2.3253e-02
7.0000e+05, 1.7183e-02
8.0000e+05, 1.4760e-02
9.0000e+05, 1.4252e-02
1.0000e+06, 1.4304e-02
1.1500e+06, 1.4814e-02
1.3078e+06, 1.5612e-02
1.3078e+06, 1.5611e-02
1.4513e+06, 1.3407e-02
1.4513e+06, 1.3407e-02
1.6000e+06, 1.1114e-02
1.8175e+06, 1.1425e-02
1.9780e+06, 1.1010e-02
1.9780e+06, 1.1010e-02
2.0009e+06, 1.0865e-02
2.0560e+06, 1.0398e-02
2.0560e+06, 1.0398e-02
2.1264e+06, 1.0040e-02
2.1264e+06, 1.0040e-02
2.1280e+06, 1.0017e-02
2.1281e+06, 1.0016e-02
2.1837e+06, 9.7502e-03
2.2039e+06, 9.6570e-03
2.2039e+06, 9.6568e-03
2.2310e+06, 9.4483e-03
2.2310e+06, 9.4482e-03
2.3210e+06, 9.1627e-03
2.3210e+06, 9.1627e-03
2.3686e+06, 9.1079e-03
2.4132e+06, 9.0546e-03
2.4132e+06, 9.0546e-03
2.4433e+06, 8.9969e-03
2.4433e+06, 8.9968e-03
2.4880e+06, 8.8637e-03
2.6000e+06, 8.0704e-03
2.7456e+06, 6.7715e-03
2.8159e+06, 6.1756e-03
3.0000e+06, 4.8556e-03
3.2500e+06, 3.5672e-03
3.5000e+06, 2.6750e-03
4.0000e+06, 1.5254e-03
4.5000e+06, 9.0517e-04
5.0000e+06, 5.4865e-04
5.5000e+06, 3.4669e-04
6.0000e+06, 2.4597e-04
6.5000e+06, 1.9600e-04
6.9521e+06, 1.7879e-04
7.2000e+06, 1.7778e-04
7.5000e+06, 1.8311e-04
8.0000e+06, 2.0192e-04
8.5000e+06, 2.3636e-04
8.7500e+06, 2.5682e-04
9.0030e+06, 2.7876e-04
9.1936e+06, 2.9563e-04
9.3441e+06, 3.0895e-04
9.5000e+06, 3.2257e-04
9.7500e+06, 3.4372e-04
1.0000e+07, 3.6368e-04
1.0250e+07, 3.8215e-04
1.0500e+07, 3.9905e-04
1.0750e+07, 4.1430e-04
1.1000e+07, 4.2789e-04
1.1500e+07, 4.4982e-04
1.2000e+07, 4.6456e-04
1.2500e+07, 4.7296e-04
1.3000e+07, 4.7732e-04
1.3500e+07, 4.7993e-04
1.4000e+07, 4.8146e-04
1.4500e+07, 4.8077e-04
1.4600e+07, 4.8021e-04
1.5000e+07, 4.7623e-04
1.5500e+07, 4.6724e-04
1.5673e+07, 4.6325e-04
1.6000e+07, 4.5493e-04
1.6500e+07, 4.4154e-04
1.7000e+07, 4.2936e-04
1.7500e+07, 4.1988e-04
1.8000e+07, 4.1358e-04
1.8500e+07, 4.0990e-04
1.9000e+07, 4.0749e-04
1.9500e+07, 4.0457e-04
2.0000e+07, 3.9938e-04
