ebin, xs
1.0000e-05, 2.4137e+02
1.0625e-05, 2.3416e+02
1.1250e-05, 2.2756e+02
1.1875e-05, 2.2150e+02
1.2500e-05, 2.1589e+02
1.3750e-05, 2.0584e+02
1.5000e-05, 1.9708e+02
1.6250e-05, 1.8935e+02
1.7500e-05, 1.8246e+02
1.8750e-05, 1.7627e+02
2.0000e-05, 1.7067e+02
2.1875e-05, 1.6319e+02
2.3750e-05, 1.5662e+02
2.5625e-05, 1.5078e+02
2.7500e-05, 1.4555e+02
2.9375e-05, 1.4083e+02
3.1250e-05, 1.3654e+02
3.3125e-05, 1.3262e+02
3.5000e-05, 1.2902e+02
3.8750e-05, 1.2261e+02
4.2500e-05, 1.1708e+02
4.6250e-05, 1.1223e+02
5.0000e-05, 1.0794e+02
5.3125e-05, 1.0472e+02
5.6250e-05, 1.0177e+02
5.9375e-05, 9.9055e+01
6.2500e-05, 9.6547e+01
6.8750e-05, 9.2054e+01
7.5000e-05, 8.8135e+01
8.1250e-05, 8.4677e+01
8.7500e-05, 8.1597e+01
9.3750e-05, 7.8830e+01
1.0000e-04, 7.6326e+01
1.0625e-04, 7.4047e+01
1.1250e-04, 7.1961e+01
1.1875e-04, 7.0042e+01
1.2500e-04, 6.8268e+01
1.3750e-04, 6.5091e+01
1.5000e-04, 6.2320e+01
1.6250e-04, 5.9875e+01
1.7500e-04, 5.7697e+01
1.8750e-04, 5.5740e+01
2.0000e-04, 5.3970e+01
2.1875e-04, 5.1605e+01
2.3750e-04, 4.9526e+01
2.5625e-04, 4.7679e+01
2.7500e-04, 4.6025e+01
2.9375e-04, 4.4532e+01
3.1250e-04, 4.3175e+01
3.3125e-04, 4.1935e+01
3.5000e-04, 4.0796e+01
3.8750e-04, 3.8772e+01
4.2500e-04, 3.7022e+01
4.6250e-04, 3.5489e+01
5.0000e-04, 3.4132e+01
5.3125e-04, 3.3113e+01
5.6250e-04, 3.2179e+01
5.9375e-04, 3.1321e+01
6.2500e-04, 3.0528e+01
6.8750e-04, 2.9107e+01
7.5000e-04, 2.7867e+01
8.1250e-04, 2.6774e+01
8.7500e-04, 2.5800e+01
9.3750e-04, 2.4925e+01
1.0000e-03, 2.4133e+01
1.0625e-03, 2.3412e+01
1.1250e-03, 2.2752e+01
1.1875e-03, 2.2145e+01
1.2500e-03, 2.1584e+01
1.3750e-03, 2.0579e+01
1.5000e-03, 1.9703e+01
1.6250e-03, 1.8929e+01
1.7500e-03, 1.8241e+01
1.8750e-03, 1.7622e+01
2.0000e-03, 1.7062e+01
2.1875e-03, 1.6314e+01
2.3750e-03, 1.5656e+01
2.5625e-03, 1.5072e+01
2.7500e-03, 1.4549e+01
2.9375e-03, 1.4076e+01
3.1250e-03, 1.3647e+01
3.3125e-03, 1.3255e+01
3.5000e-03, 1.2895e+01
3.8750e-03, 1.2254e+01
4.2500e-03, 1.1700e+01
4.6250e-03, 1.1215e+01
5.0000e-03, 1.0786e+01
5.3125e-03, 1.0463e+01
5.6250e-03, 1.0168e+01
5.9375e-03, 9.8960e+00
6.2500e-03, 9.6449e+00
6.8750e-03, 9.1951e+00
7.5000e-03, 8.8026e+00
8.1250e-03, 8.4563e+00
8.7500e-03, 8.1477e+00
9.3750e-03, 7.8705e+00
1.0000e-02, 7.6198e+00
1.0625e-02, 7.3915e+00
1.1250e-02, 7.1826e+00
1.1875e-02, 6.9905e+00
1.2500e-02, 6.8129e+00
1.3750e-02, 6.4947e+00
1.5000e-02, 6.2169e+00
1.6250e-02, 5.9716e+00
1.7500e-02, 5.7530e+00
1.8750e-02, 5.5566e+00
2.0000e-02, 5.3789e+00
2.1325e-02, 5.2079e+00
2.2650e-02, 5.0521e+00
2.3975e-02, 4.9094e+00
2.5300e-02, 4.7780e+00
2.6844e-02, 4.6375e+00
2.8387e-02, 4.5086e+00
2.9931e-02, 4.3899e+00
3.1475e-02, 4.2800e+00
3.4563e-02, 4.0826e+00
3.7650e-02, 3.9096e+00
4.0738e-02, 3.7564e+00
4.3825e-02, 3.6197e+00
4.6913e-02, 3.4966e+00
5.0000e-02, 3.3851e+00
5.3125e-02, 3.2823e+00
5.6250e-02, 3.1882e+00
5.9375e-02, 3.1018e+00
6.2500e-02, 3.0219e+00
6.8750e-02, 2.8787e+00
7.5000e-02, 2.7532e+00
8.1250e-02, 2.6423e+00
8.7500e-02, 2.5435e+00
9.3750e-02, 2.4546e+00
1.0000e-01, 2.3741e+00
1.0625e-01, 2.3008e+00
1.1250e-01, 2.2337e+00
1.1875e-01, 2.1720e+00
1.2500e-01, 2.1151e+00
1.3750e-01, 2.0129e+00
1.5000e-01, 1.9231e+00
1.6250e-01, 1.8438e+00
1.7500e-01, 1.7730e+00
1.8750e-01, 1.7094e+00
2.0000e-01, 1.6519e+00
2.1875e-01, 1.5749e+00
2.3750e-01, 1.5068e+00
2.5625e-01, 1.4461e+00
2.7500e-01, 1.3917e+00
2.9375e-01, 1.3424e+00
3.1250e-01, 1.2976e+00
3.3125e-01, 1.2565e+00
3.5000e-01, 1.2187e+00
3.6875e-01, 1.1837e+00
3.8750e-01, 1.1515e+00
4.2500e-01, 1.0931e+00
5.0000e-01, 9.9598e-01
5.6250e-01, 9.2993e-01
6.2500e-01, 8.7350e-01
7.5000e-01, 7.8191e-01
8.7500e-01, 7.1020e-01
1.0000e+00, 6.5189e-01
1.1250e+00, 6.0304e-01
1.2500e+00, 5.6145e-01
1.5000e+00, 4.9392e-01
1.7500e+00, 4.4109e-01
2.0000e+00, 3.9824e-01
2.3750e+00, 3.4692e-01
2.7500e+00, 3.0653e-01
3.1250e+00, 2.7368e-01
3.5000e+00, 2.4644e-01
3.8750e+00, 2.2347e-01
4.2500e+00, 2.0383e-01
4.6250e+00, 1.8685e-01
5.0000e+00, 1.7206e-01
5.6250e+00, 1.5119e-01
6.2500e+00, 1.3400e-01
6.8750e+00, 1.1966e-01
7.5000e+00, 1.0753e-01
8.1250e+00, 9.7182e-02
8.7500e+00, 8.8265e-02
9.3750e+00, 8.0523e-02
1.0000e+01, 7.3754e-02
1.0625e+01, 6.7801e-02
1.1250e+01, 6.2546e-02
1.2500e+01, 5.3696e-02
1.3750e+01, 4.6574e-02
1.5000e+01, 4.0768e-02
1.6250e+01, 3.5972e-02
1.7500e+01, 3.1968e-02
1.8750e+01, 2.8592e-02
2.0000e+01, 2.5724e-02
2.1875e+01, 2.2165e-02
2.3750e+01, 1.9294e-02
2.5625e+01, 1.6950e-02
2.7500e+01, 1.5013e-02
2.9375e+01, 1.3396e-02
3.1250e+01, 1.2033e-02
3.3125e+01, 1.0874e-02
3.5000e+01, 9.8812e-03
3.6875e+01, 9.0250e-03
3.8750e+01, 8.2818e-03
4.0625e+01, 7.6330e-03
4.2500e+01, 7.0642e-03
4.6250e+01, 6.1174e-03
5.0000e+01, 5.3669e-03
5.3125e+01, 4.8555e-03
5.6250e+01, 4.4253e-03
5.9375e+01, 4.0602e-03
6.2500e+01, 3.7480e-03
6.5625e+01, 3.4792e-03
6.8750e+01, 3.2465e-03
7.5000e+01, 2.8659e-03
8.1250e+01, 2.5709e-03
8.7500e+01, 2.3388e-03
9.3750e+01, 2.1536e-03
1.0000e+02, 2.0042e-03
1.0625e+02, 1.8826e-03
1.1250e+02, 1.7830e-03
1.2500e+02, 1.6333e-03
1.3750e+02, 1.5314e-03
1.5000e+02, 1.4635e-03
1.6250e+02, 1.4209e-03
1.7500e+02, 1.3985e-03
1.8750e+02, 1.3928e-03
2.0000e+02, 1.4022e-03
2.1618e+02, 1.4363e-03
2.3235e+02, 1.4949e-03
2.4853e+02, 1.5811e-03
2.6471e+02, 1.7009e-03
2.7280e+02, 1.7729e-03
2.8089e+02, 1.8650e-03
2.8897e+02, 1.9676e-03
2.9706e+02, 2.0911e-03
3.0515e+02, 2.2322e-03
3.1324e+02, 2.4062e-03
3.2133e+02, 2.6168e-03
3.2942e+02, 2.8758e-03
3.3616e+02, 3.1426e-03
3.4290e+02, 3.4702e-03
3.4964e+02, 3.8787e-03
3.5638e+02, 4.3978e-03
3.5975e+02, 4.6990e-03
3.6312e+02, 5.0555e-03
3.6649e+02, 5.4671e-03
3.6986e+02, 5.9461e-03
3.7323e+02, 6.5084e-03
3.7660e+02, 7.1755e-03
3.7997e+02, 7.9765e-03
3.8334e+02, 8.9523e-03
3.8626e+02, 9.9924e-03
3.8918e+02, 1.1266e-02
3.9210e+02, 1.2770e-02
3.9502e+02, 1.4714e-02
3.9795e+02, 1.7186e-02
3.9941e+02, 1.8692e-02
4.0087e+02, 2.0436e-02
4.0233e+02, 2.2461e-02
4.0379e+02, 2.4820e-02
4.0525e+02, 2.7589e-02
4.0671e+02, 3.0886e-02
4.0806e+02, 3.4552e-02
4.0940e+02, 3.8850e-02
4.1075e+02, 4.4155e-02
4.1210e+02, 5.0684e-02
4.1345e+02, 5.8854e-02
4.1412e+02, 6.3730e-02
4.1480e+02, 6.9258e-02
4.1547e+02, 7.5568e-02
4.1614e+02, 8.2810e-02
4.1682e+02, 9.1175e-02
4.1749e+02, 1.0091e-01
4.1822e+02, 1.1338e-01
4.1895e+02, 1.2831e-01
4.1968e+02, 1.4628e-01
4.2041e+02, 1.6864e-01
4.2114e+02, 1.9673e-01
4.2151e+02, 2.1353e-01
4.2187e+02, 2.3261e-01
4.2224e+02, 2.5440e-01
4.2260e+02, 2.7946e-01
4.2297e+02, 3.0847e-01
4.2333e+02, 3.4231e-01
4.2371e+02, 3.8378e-01
4.2409e+02, 4.3330e-01
4.2447e+02, 4.9299e-01
4.2485e+02, 5.6592e-01
4.2523e+02, 6.5688e-01
4.2561e+02, 7.7227e-01
4.2580e+02, 8.4190e-01
4.2599e+02, 9.2149e-01
4.2618e+02, 1.0131e+00
4.2637e+02, 1.1192e+00
4.2646e+02, 1.1799e+00
4.2656e+02, 1.2458e+00
4.2666e+02, 1.3176e+00
4.2675e+02, 1.3958e+00
4.2685e+02, 1.4814e+00
4.2695e+02, 1.5753e+00
4.2704e+02, 1.6788e+00
4.2714e+02, 1.7930e+00
4.2718e+02, 1.8444e+00
4.2724e+02, 1.9210e+00
4.2729e+02, 2.0025e+00
4.2737e+02, 2.1162e+00
4.2744e+02, 2.2400e+00
4.2752e+02, 2.3754e+00
4.2759e+02, 2.5240e+00
4.2766e+02, 2.6878e+00
4.2770e+02, 2.7760e+00
4.2774e+02, 2.8686e+00
4.2777e+02, 2.9665e+00
4.2781e+02, 3.0693e+00
4.2785e+02, 3.1783e+00
4.2788e+02, 3.2931e+00
4.2792e+02, 3.4212e+00
4.2796e+02, 3.5570e+00
4.2800e+02, 3.7017e+00
4.2804e+02, 3.8561e+00
4.2808e+02, 4.0212e+00
4.2812e+02, 4.1982e+00
4.2815e+02, 4.3883e+00
4.2819e+02, 4.5932e+00
4.2823e+02, 4.8151e+00
4.2827e+02, 5.0550e+00
4.2831e+02, 5.3161e+00
4.2835e+02, 5.6012e+00
4.2839e+02, 5.9140e+00
4.2843e+02, 6.2586e+00
4.2846e+02, 6.6403e+00
4.2850e+02, 7.0651e+00
4.2854e+02, 7.5419e+00
4.2858e+02, 8.0773e+00
4.2862e+02, 8.6831e+00
4.2866e+02, 9.3724e+00
4.2870e+02, 1.0163e+01
4.2873e+02, 1.1069e+01
4.2877e+02, 1.2115e+01
4.2881e+02, 1.3326e+01
4.2885e+02, 1.4737e+01
4.2889e+02, 1.6374e+01
4.2893e+02, 1.8281e+01
4.2897e+02, 2.0504e+01
4.2900e+02, 2.3091e+01
4.2904e+02, 2.6100e+01
4.2908e+02, 2.9590e+01
4.2912e+02, 3.3626e+01
4.2915e+02, 3.6736e+01
4.2917e+02, 4.0141e+01
4.2920e+02, 4.3889e+01
4.2923e+02, 4.7974e+01
4.2928e+02, 5.7298e+01
4.2933e+02, 6.8244e+01
4.2938e+02, 8.0977e+01
4.2944e+02, 9.5524e+01
4.2949e+02, 1.1195e+02
4.2954e+02, 1.3012e+02
4.2962e+02, 1.5966e+02
4.2970e+02, 1.9164e+02
4.2985e+02, 2.5682e+02
4.2993e+02, 2.8603e+02
4.3000e+02, 3.1002e+02
4.3009e+02, 3.2818e+02
4.3018e+02, 3.3573e+02
4.3019e+02, 3.3588e+02
4.3024e+02, 3.3419e+02
4.3028e+02, 3.2924e+02
4.3037e+02, 3.1031e+02
4.3047e+02, 2.8060e+02
4.3056e+02, 2.4393e+02
4.3074e+02, 1.6839e+02
4.3083e+02, 1.3363e+02
4.3087e+02, 1.1784e+02
4.3092e+02, 1.0332e+02
4.3096e+02, 9.0679e+01
4.3100e+02, 7.9274e+01
4.3105e+02, 6.9038e+01
4.3109e+02, 5.9980e+01
4.3113e+02, 5.1995e+01
4.3117e+02, 4.5044e+01
4.3122e+02, 3.9008e+01
4.3126e+02, 3.3824e+01
4.3130e+02, 2.9377e+01
4.3134e+02, 2.5596e+01
4.3139e+02, 2.2378e+01
4.3143e+02, 1.9661e+01
4.3147e+02, 1.7357e+01
4.3151e+02, 1.5415e+01
4.3156e+02, 1.3772e+01
4.3160e+02, 1.2379e+01
4.3164e+02, 1.1247e+01
4.3168e+02, 1.0275e+01
4.3172e+02, 9.4351e+00
4.3176e+02, 8.7059e+00
4.3184e+02, 7.5097e+00
4.3192e+02, 6.5758e+00
4.3200e+02, 5.8282e+00
4.3208e+02, 5.2180e+00
4.3216e+02, 4.7096e+00
4.3224e+02, 4.2792e+00
4.3233e+02, 3.9094e+00
4.3241e+02, 3.5892e+00
4.3249e+02, 3.3089e+00
4.3257e+02, 3.0618e+00
4.3273e+02, 2.6469e+00
4.3289e+02, 2.3135e+00
4.3304e+02, 2.0671e+00
4.3318e+02, 1.8591e+00
4.3333e+02, 1.6817e+00
4.3347e+02, 1.5292e+00
4.3361e+02, 1.3968e+00
4.3376e+02, 1.2813e+00
4.3405e+02, 1.0898e+00
4.3434e+02, 9.3844e-01
4.3463e+02, 8.1670e-01
4.3492e+02, 7.1731e-01
4.3521e+02, 6.3517e-01
4.3548e+02, 5.7017e-01
4.3575e+02, 5.1475e-01
4.3602e+02, 4.6708e-01
4.3629e+02, 4.2584e-01
4.3657e+02, 3.8993e-01
4.3684e+02, 3.5850e-01
4.3738e+02, 3.0610e-01
4.3793e+02, 2.6425e-01
4.3847e+02, 2.3044e-01
4.3902e+02, 2.0277e-01
4.3956e+02, 1.7984e-01
4.4007e+02, 1.6172e-01
4.4058e+02, 1.4624e-01
4.4109e+02, 1.3290e-01
4.4160e+02, 1.2133e-01
4.4211e+02, 1.1123e-01
4.4262e+02, 1.0236e-01
4.4313e+02, 9.4564e-02
4.4365e+02, 8.7718e-02
4.4467e+02, 7.5967e-02
4.4569e+02, 6.6441e-02
4.4671e+02, 5.8644e-02
4.4773e+02, 5.2183e-02
4.4868e+02, 4.7102e-02
4.4963e+02, 4.2758e-02
4.5059e+02, 3.9014e-02
4.5154e+02, 3.5766e-02
4.5249e+02, 3.2929e-02
4.5345e+02, 3.0438e-02
4.5535e+02, 2.6291e-02
4.5726e+02, 2.3066e-02
4.5916e+02, 2.0391e-02
4.6107e+02, 1.8212e-02
4.6297e+02, 1.6418e-02
4.6502e+02, 1.4828e-02
4.6706e+02, 1.3506e-02
4.6910e+02, 1.2396e-02
4.7114e+02, 1.1458e-02
4.7523e+02, 9.9757e-03
4.7931e+02, 8.8991e-03
4.8339e+02, 8.0728e-03
4.8748e+02, 7.4534e-03
4.9156e+02, 6.9908e-03
4.9564e+02, 6.6505e-03
5.0000e+02, 6.3942e-03
5.0657e+02, 6.1793e-03
5.1314e+02, 6.1145e-03
5.2026e+02, 6.2286e-03
5.2737e+02, 6.4601e-03
5.3449e+02, 6.8516e-03
5.4161e+02, 7.4208e-03
5.4872e+02, 8.1884e-03
5.5584e+02, 9.2219e-03
5.6296e+02, 1.0600e-02
5.6651e+02, 1.1447e-02
5.7007e+02, 1.2431e-02
5.7418e+02, 1.3790e-02
5.7828e+02, 1.5439e-02
5.8239e+02, 1.7460e-02
5.8650e+02, 1.9969e-02
5.8855e+02, 2.1400e-02
5.9060e+02, 2.3059e-02
5.9265e+02, 2.4935e-02
5.9471e+02, 2.7068e-02
5.9676e+02, 2.9507e-02
5.9881e+02, 3.2313e-02
6.0087e+02, 3.5566e-02
6.0292e+02, 3.9366e-02
6.0511e+02, 4.4168e-02
6.0730e+02, 4.9948e-02
6.0949e+02, 5.6989e-02
6.1168e+02, 6.5688e-02
6.1387e+02, 7.6535e-02
6.1496e+02, 8.2997e-02
6.1606e+02, 9.0404e-02
6.1715e+02, 9.8873e-02
6.1825e+02, 1.0862e-01
6.1934e+02, 1.1990e-01
6.2044e+02, 1.3308e-01
6.2133e+02, 1.4548e-01
6.2222e+02, 1.5973e-01
6.2311e+02, 1.7621e-01
6.2400e+02, 1.9540e-01
6.2489e+02, 2.1774e-01
6.2577e+02, 2.4426e-01
6.2622e+02, 2.5945e-01
6.2666e+02, 2.7611e-01
6.2689e+02, 2.8506e-01
6.2711e+02, 2.9446e-01
6.2733e+02, 3.0434e-01
6.2755e+02, 3.1475e-01
6.2789e+02, 3.3138e-01
6.2822e+02, 3.4938e-01
6.2855e+02, 3.6890e-01
6.2872e+02, 3.7928e-01
6.2889e+02, 3.9012e-01
6.2891e+02, 3.9183e-01
6.2902e+02, 3.9893e-01
6.2912e+02, 4.0623e-01
6.2933e+02, 4.2144e-01
6.2954e+02, 4.3719e-01
6.2974e+02, 4.5384e-01
6.2995e+02, 4.7147e-01
6.3015e+02, 4.9015e-01
6.3036e+02, 5.0997e-01
6.3057e+02, 5.3103e-01
6.3077e+02, 5.5343e-01
6.3098e+02, 5.7728e-01
6.3116e+02, 6.0055e-01
6.3135e+02, 6.2527e-01
6.3154e+02, 6.5155e-01
6.3173e+02, 6.7954e-01
6.3192e+02, 7.0940e-01
6.3210e+02, 7.4131e-01
6.3229e+02, 7.7544e-01
6.3248e+02, 8.1198e-01
6.3267e+02, 8.5121e-01
6.3286e+02, 8.9336e-01
6.3305e+02, 9.3873e-01
6.3323e+02, 9.8766e-01
6.3342e+02, 1.0405e+00
6.3361e+02, 1.0978e+00
6.3380e+02, 1.1600e+00
6.3399e+02, 1.2276e+00
6.3417e+02, 1.3013e+00
6.3436e+02, 1.3820e+00
6.3455e+02, 1.4705e+00
6.3474e+02, 1.5678e+00
6.3493e+02, 1.6751e+00
6.3512e+02, 1.7939e+00
6.3530e+02, 1.9259e+00
6.3549e+02, 2.0730e+00
6.3570e+02, 2.2538e+00
6.3590e+02, 2.4596e+00
6.3611e+02, 2.6955e+00
6.3631e+02, 2.9676e+00
6.3652e+02, 3.2839e+00
6.3672e+02, 3.6547e+00
6.3693e+02, 4.0933e+00
6.3713e+02, 4.6177e+00
6.3732e+02, 5.1944e+00
6.3751e+02, 5.8894e+00
6.3760e+02, 6.2919e+00
6.3770e+02, 6.7383e+00
6.3779e+02, 7.2355e+00
6.3789e+02, 7.7916e+00
6.3798e+02, 8.4167e+00
6.3808e+02, 9.1230e+00
6.3817e+02, 9.9255e+00
6.3826e+02, 1.0843e+01
6.3836e+02, 1.1899e+01
6.3845e+02, 1.3121e+01
6.3855e+02, 1.4547e+01
6.3864e+02, 1.6220e+01
6.3875e+02, 1.8595e+01
6.3886e+02, 2.1507e+01
6.3892e+02, 2.3207e+01
6.3897e+02, 2.5096e+01
6.3903e+02, 2.7193e+01
6.3908e+02, 2.9521e+01
6.3914e+02, 3.2104e+01
6.3920e+02, 3.4964e+01
6.3925e+02, 3.8124e+01
6.3931e+02, 4.1605e+01
6.3942e+02, 4.9603e+01
6.3953e+02, 5.9054e+01
6.3962e+02, 6.7909e+01
6.3971e+02, 7.7684e+01
6.3989e+02, 9.9317e+01
6.4008e+02, 1.2171e+02
6.4026e+02, 1.4142e+02
6.4034e+02, 1.4862e+02
6.4043e+02, 1.5403e+02
6.4051e+02, 1.5739e+02
6.4060e+02, 1.5852e+02
6.4069e+02, 1.5729e+02
6.4077e+02, 1.5373e+02
6.4086e+02, 1.4802e+02
6.4095e+02, 1.4048e+02
6.4112e+02, 1.2145e+02
6.4130e+02, 1.0002e+02
6.4148e+02, 7.8287e+01
6.4157e+02, 6.8445e+01
6.4166e+02, 5.9529e+01
6.4176e+02, 5.1592e+01
6.4185e+02, 4.4658e+01
6.4194e+02, 3.8667e+01
6.4203e+02, 3.3556e+01
6.4211e+02, 2.9552e+01
6.4220e+02, 2.6130e+01
6.4228e+02, 2.3203e+01
6.4236e+02, 2.0706e+01
6.4245e+02, 1.8568e+01
6.4253e+02, 1.6737e+01
6.4262e+02, 1.5159e+01
6.4270e+02, 1.3795e+01
6.4278e+02, 1.2608e+01
6.4287e+02, 1.1572e+01
6.4303e+02, 9.8569e+00
6.4320e+02, 8.5061e+00
6.4337e+02, 7.4221e+00
6.4353e+02, 6.5744e+00
6.4369e+02, 5.8673e+00
6.4385e+02, 5.2705e+00
6.4401e+02, 4.7618e+00
6.4417e+02, 4.3243e+00
6.4433e+02, 3.9450e+00
6.4449e+02, 3.6139e+00
6.4465e+02, 3.3234e+00
6.4497e+02, 2.8388e+00
6.4529e+02, 2.4539e+00
6.4561e+02, 2.1429e+00
6.4593e+02, 1.8881e+00
6.4623e+02, 1.6860e+00
6.4654e+02, 1.5152e+00
6.4684e+02, 1.3692e+00
6.4715e+02, 1.2431e+00
6.4745e+02, 1.1335e+00
6.4775e+02, 1.0378e+00
6.4806e+02, 9.5370e-01
6.4836e+02, 8.7944e-01
6.4897e+02, 7.5483e-01
6.4958e+02, 6.5502e-01
6.5019e+02, 5.7382e-01
6.5080e+02, 5.0689e-01
6.5135e+02, 4.5621e-01
6.5190e+02, 4.1281e-01
6.5244e+02, 3.7549e-01
6.5299e+02, 3.4324e-01
6.5354e+02, 3.1487e-01
6.5409e+02, 2.8974e-01
6.5519e+02, 2.4774e-01
6.5628e+02, 2.1430e-01
6.5738e+02, 1.8727e-01
6.5847e+02, 1.6510e-01
6.5957e+02, 1.4670e-01
6.6061e+02, 1.3205e-01
6.6164e+02, 1.1955e-01
6.6268e+02, 1.0879e-01
6.6371e+02, 9.9471e-02
6.6475e+02, 9.1480e-02
6.6578e+02, 8.4433e-02
6.6682e+02, 7.8105e-02
6.6785e+02, 7.2565e-02
6.6993e+02, 6.3237e-02
6.7200e+02, 5.5825e-02
6.7407e+02, 4.9898e-02
6.7614e+02, 4.5160e-02
6.7857e+02, 4.0850e-02
6.8101e+02, 3.7719e-02
6.8345e+02, 3.5693e-02
6.8588e+02, 3.4891e-02
6.8710e+02, 3.5067e-02
6.8832e+02, 3.5612e-02
6.8954e+02, 3.6810e-02
6.9076e+02, 3.8801e-02
6.9197e+02, 4.1888e-02
6.9319e+02, 4.6565e-02
6.9380e+02, 4.9710e-02
6.9441e+02, 5.3640e-02
6.9502e+02, 5.8602e-02
6.9563e+02, 6.4904e-02
6.9612e+02, 7.1221e-02
6.9660e+02, 7.9038e-02
6.9709e+02, 8.8839e-02
6.9758e+02, 1.0130e-01
6.9806e+02, 1.1744e-01
6.9831e+02, 1.2737e-01
6.9855e+02, 1.3893e-01
6.9880e+02, 1.5249e-01
6.9904e+02, 1.6852e-01
6.9928e+02, 1.8766e-01
6.9953e+02, 2.1078e-01
6.9975e+02, 2.3711e-01
6.9998e+02, 2.6936e-01
7.0021e+02, 3.0954e-01
7.0044e+02, 3.6064e-01
7.0055e+02, 3.9169e-01
7.0067e+02, 4.2748e-01
7.0078e+02, 4.6920e-01
7.0090e+02, 5.1852e-01
7.0101e+02, 5.7801e-01
7.0113e+02, 6.5178e-01
7.0124e+02, 7.4673e-01
7.0130e+02, 8.0560e-01
7.0135e+02, 8.7484e-01
7.0141e+02, 9.6357e-01
7.0148e+02, 1.0720e+00
7.0154e+02, 1.2065e+00
7.0160e+02, 1.3753e+00
7.0166e+02, 1.5892e+00
7.0172e+02, 1.8620e+00
7.0175e+02, 2.0260e+00
7.0178e+02, 2.2110e+00
7.0181e+02, 2.4212e+00
7.0184e+02, 2.6583e+00
7.0187e+02, 2.9273e+00
7.0190e+02, 3.2304e+00
7.0193e+02, 3.5737e+00
7.0196e+02, 3.9595e+00
7.0199e+02, 4.3953e+00
7.0202e+02, 4.8835e+00
7.0205e+02, 5.4329e+00
7.0208e+02, 6.0458e+00
7.0212e+02, 6.7325e+00
7.0215e+02, 7.4951e+00
7.0218e+02, 8.3452e+00
7.0221e+02, 9.2842e+00
7.0224e+02, 1.0325e+01
7.0227e+02, 1.1469e+01
7.0230e+02, 1.2729e+01
7.0233e+02, 1.4104e+01
7.0236e+02, 1.5760e+01
7.0239e+02, 1.7570e+01
7.0243e+02, 1.9546e+01
7.0246e+02, 2.1694e+01
7.0253e+02, 2.6522e+01
7.0259e+02, 3.2073e+01
7.0266e+02, 3.8346e+01
7.0273e+02, 4.5272e+01
7.0279e+02, 5.2765e+01
7.0286e+02, 6.0688e+01
7.0291e+02, 6.6279e+01
7.0307e+02, 8.6563e+01
7.0317e+02, 9.7155e+01
7.0326e+02, 1.0450e+02
7.0334e+02, 1.0984e+02
7.0342e+02, 1.1282e+02
7.0348e+02, 1.1339e+02
7.0349e+02, 1.1338e+02
7.0351e+02, 1.1324e+02
7.0353e+02, 1.1293e+02
7.0357e+02, 1.1181e+02
7.0367e+02, 1.0708e+02
7.0375e+02, 1.0091e+02
7.0383e+02, 9.3139e+01
7.0391e+02, 8.4220e+01
7.0398e+02, 7.4622e+01
7.0414e+02, 5.5188e+01
7.0422e+02, 4.6502e+01
7.0430e+02, 3.8529e+01
7.0437e+02, 3.1413e+01
7.0445e+02, 2.5236e+01
7.0449e+02, 2.2493e+01
7.0452e+02, 1.9989e+01
7.0456e+02, 1.7703e+01
7.0460e+02, 1.5640e+01
7.0464e+02, 1.3778e+01
7.0468e+02, 1.2114e+01
7.0471e+02, 1.0631e+01
7.0475e+02, 9.3153e+00
7.0479e+02, 8.2545e+00
7.0482e+02, 7.3130e+00
7.0486e+02, 6.4775e+00
7.0489e+02, 5.7386e+00
7.0492e+02, 5.0871e+00
7.0496e+02, 4.5142e+00
7.0499e+02, 4.0117e+00
7.0503e+02, 3.5719e+00
7.0506e+02, 3.1868e+00
7.0510e+02, 2.8520e+00
7.0513e+02, 2.5605e+00
7.0517e+02, 2.3069e+00
7.0520e+02, 2.0863e+00
7.0523e+02, 1.8945e+00
7.0527e+02, 1.7277e+00
7.0530e+02, 1.5824e+00
7.0534e+02, 1.4554e+00
7.0537e+02, 1.3448e+00
7.0544e+02, 1.1629e+00
7.0551e+02, 1.0217e+00
7.0558e+02, 9.1030e-01
7.0565e+02, 8.2075e-01
7.0572e+02, 7.4757e-01
7.0579e+02, 6.8652e-01
7.0585e+02, 6.3468e-01
7.0598e+02, 5.5464e-01
7.0611e+02, 4.9145e-01
7.0625e+02, 4.3988e-01
7.0638e+02, 3.9685e-01
7.0651e+02, 3.6034e-01
7.0664e+02, 3.2905e-01
7.0677e+02, 3.0194e-01
7.0690e+02, 2.7827e-01
7.0716e+02, 2.3900e-01
7.0742e+02, 2.0795e-01
7.0768e+02, 1.8292e-01
7.0794e+02, 1.6243e-01
7.0819e+02, 1.4629e-01
7.0843e+02, 1.3263e-01
7.0868e+02, 1.2095e-01
7.0893e+02, 1.1089e-01
7.0942e+02, 9.4514e-02
7.0991e+02, 8.1808e-02
7.1040e+02, 7.1727e-02
7.1090e+02, 6.3601e-02
7.1139e+02, 5.6953e-02
7.1188e+02, 5.1441e-02
7.1240e+02, 4.6566e-02
7.1293e+02, 4.2471e-02
7.1397e+02, 3.6046e-02
7.1501e+02, 3.1218e-02
7.1606e+02, 2.7479e-02
7.1710e+02, 2.4528e-02
7.1814e+02, 2.2150e-02
7.2023e+02, 1.8586e-02
7.2197e+02, 1.6417e-02
7.2371e+02, 1.4706e-02
7.2545e+02, 1.3335e-02
7.2718e+02, 1.2210e-02
7.3066e+02, 1.0473e-02
7.3414e+02, 9.2043e-03
7.3762e+02, 8.2007e-03
7.4109e+02, 7.3996e-03
7.4457e+02, 6.7431e-03
7.4805e+02, 6.1939e-03
7.5269e+02, 5.5877e-03
7.5732e+02, 5.0982e-03
7.6660e+02, 4.3167e-03
7.7587e+02, 3.7325e-03
7.8515e+02, 3.2851e-03
7.9442e+02, 2.9431e-03
8.0369e+02, 2.6708e-03
8.1297e+02, 2.4521e-03
8.2224e+02, 2.2778e-03
8.4079e+02, 2.0440e-03
8.5934e+02, 1.9384e-03
8.7232e+02, 1.9620e-03
8.8530e+02, 2.1155e-03
8.9179e+02, 2.2648e-03
8.9829e+02, 2.5237e-03
9.0478e+02, 2.9545e-03
9.1127e+02, 3.7105e-03
9.1498e+02, 4.4365e-03
9.1869e+02, 5.5637e-03
9.2054e+02, 6.3665e-03
9.2240e+02, 7.4239e-03
9.2425e+02, 8.8638e-03
9.2611e+02, 1.0881e-02
9.2785e+02, 1.3608e-02
9.2958e+02, 1.7678e-02
9.3045e+02, 2.0501e-02
9.3132e+02, 2.4151e-02
9.3219e+02, 2.8964e-02
9.3306e+02, 3.5486e-02
9.3399e+02, 4.5380e-02
9.3445e+02, 5.2031e-02
9.3492e+02, 6.0309e-02
9.3538e+02, 7.0806e-02
9.3584e+02, 8.4444e-02
9.3631e+02, 1.0267e-01
9.3654e+02, 1.1419e-01
9.3677e+02, 1.2785e-01
9.3702e+02, 1.4539e-01
9.3726e+02, 1.6698e-01
9.3751e+02, 1.9409e-01
9.3776e+02, 2.2897e-01
9.3800e+02, 2.7559e-01
9.3813e+02, 3.0554e-01
9.3825e+02, 3.4209e-01
9.3837e+02, 3.8833e-01
9.3850e+02, 4.4928e-01
9.3862e+02, 5.3378e-01
9.3868e+02, 5.8913e-01
9.3874e+02, 6.5645e-01
9.3881e+02, 7.4489e-01
9.3887e+02, 8.5571e-01
9.3894e+02, 9.9557e-01
9.3900e+02, 1.1727e+00
9.3907e+02, 1.3973e+00
9.3910e+02, 1.5312e+00
9.3913e+02, 1.6818e+00
9.3917e+02, 1.8511e+00
9.3920e+02, 2.0411e+00
9.3923e+02, 2.2543e+00
9.3926e+02, 2.4930e+00
9.3930e+02, 2.7598e+00
9.3933e+02, 3.0577e+00
9.3936e+02, 3.3896e+00
9.3939e+02, 3.7585e+00
9.3943e+02, 4.1679e+00
9.3946e+02, 4.6212e+00
9.3953e+02, 5.6733e+00
9.3959e+02, 6.9439e+00
9.3966e+02, 8.4623e+00
9.3972e+02, 1.0257e+01
9.3979e+02, 1.2352e+01
9.3985e+02, 1.4917e+01
9.3992e+02, 1.7853e+01
9.3999e+02, 2.1174e+01
9.4006e+02, 2.4860e+01
9.4013e+02, 2.8896e+01
9.4020e+02, 3.3228e+01
9.4034e+02, 4.2523e+01
9.4044e+02, 4.9559e+01
9.4057e+02, 5.8181e+01
9.4072e+02, 6.6549e+01
9.4080e+02, 6.9790e+01
9.4088e+02, 7.2040e+01
9.4096e+02, 7.3188e+01
9.4100e+02, 7.3341e+01
9.4101e+02, 7.3336e+01
9.4103e+02, 7.3267e+01
9.4105e+02, 7.3118e+01
9.4109e+02, 7.2580e+01
9.4118e+02, 7.0274e+01
9.4126e+02, 6.7226e+01
9.4134e+02, 6.3323e+01
9.4150e+02, 5.3632e+01
9.4166e+02, 4.2747e+01
9.4181e+02, 3.2572e+01
9.4189e+02, 2.7877e+01
9.4196e+02, 2.3564e+01
9.4204e+02, 1.9674e+01
9.4211e+02, 1.6241e+01
9.4219e+02, 1.3259e+01
9.4226e+02, 1.0720e+01
9.4233e+02, 8.7754e+00
9.4240e+02, 7.1412e+00
9.4243e+02, 6.4287e+00
9.4247e+02, 5.7810e+00
9.4250e+02, 5.1941e+00
9.4254e+02, 4.6652e+00
9.4257e+02, 4.1869e+00
9.4261e+02, 3.7570e+00
9.4264e+02, 3.3714e+00
9.4267e+02, 3.0274e+00
9.4271e+02, 2.7192e+00
9.4274e+02, 2.4447e+00
9.4278e+02, 2.2005e+00
9.4281e+02, 1.9843e+00
9.4285e+02, 1.7920e+00
9.4288e+02, 1.6218e+00
9.4291e+02, 1.4712e+00
9.4295e+02, 1.3385e+00
9.4302e+02, 1.1171e+00
9.4308e+02, 9.4465e-01
9.4315e+02, 8.0965e-01
9.4322e+02, 7.0379e-01
9.4329e+02, 6.1991e-01
9.4336e+02, 5.5299e-01
9.4342e+02, 5.0134e-01
9.4349e+02, 4.5856e-01
9.4362e+02, 3.9211e-01
9.4375e+02, 3.4270e-01
9.4388e+02, 3.0416e-01
9.4401e+02, 2.7292e-01
9.4413e+02, 2.4693e-01
9.4439e+02, 2.0584e-01
9.4465e+02, 1.7474e-01
9.4491e+02, 1.5046e-01
9.4517e+02, 1.3107e-01
9.4543e+02, 1.1531e-01
9.4567e+02, 1.0296e-01
9.4592e+02, 9.2565e-02
9.4641e+02, 7.6110e-02
9.4690e+02, 6.3792e-02
9.4739e+02, 5.4298e-02
9.4788e+02, 4.6810e-02
9.4837e+02, 4.0804e-02
9.4934e+02, 3.1882e-02
9.5027e+02, 2.5986e-02
9.5119e+02, 2.1645e-02
9.5211e+02, 1.8369e-02
9.5303e+02, 1.5825e-02
9.5487e+02, 1.2158e-02
9.5671e+02, 9.7134e-03
9.5867e+02, 7.9140e-03
9.6063e+02, 6.6306e-03
9.6454e+02, 4.9689e-03
9.6846e+02, 3.9609e-03
9.7237e+02, 3.3103e-03
9.7928e+02, 2.6253e-03
9.8618e+02, 2.2312e-03
9.9309e+02, 1.9946e-03
1.0000e+03, 1.8493e-03
1.0142e+03, 1.7129e-03
1.0302e+03, 1.7251e-03
1.0462e+03, 1.9031e-03
1.0542e+03, 2.0829e-03
1.0621e+03, 2.3580e-03
1.0701e+03, 2.8179e-03
1.0781e+03, 3.6247e-03
1.0826e+03, 4.3655e-03
1.0870e+03, 5.5083e-03
1.0892e+03, 6.3282e-03
1.0914e+03, 7.4056e-03
1.0937e+03, 8.8546e-03
1.0959e+03, 1.0862e-02
1.0980e+03, 1.3639e-02
1.1001e+03, 1.7814e-02
1.1011e+03, 2.0747e-02
1.1022e+03, 2.4523e-02
1.1033e+03, 2.9482e-02
1.1043e+03, 3.6257e-02
1.1054e+03, 4.6472e-02
1.1060e+03, 5.3362e-02
1.1065e+03, 6.1974e-02
1.1071e+03, 7.2936e-02
1.1076e+03, 8.7183e-02
1.1082e+03, 1.0619e-01
1.1085e+03, 1.1819e-01
1.1087e+03, 1.3243e-01
1.1090e+03, 1.5056e-01
1.1093e+03, 1.7281e-01
1.1096e+03, 2.0066e-01
1.1099e+03, 2.3628e-01
1.1102e+03, 2.8337e-01
1.1103e+03, 3.1298e-01
1.1105e+03, 3.4799e-01
1.1106e+03, 3.9089e-01
1.1108e+03, 4.4438e-01
1.1109e+03, 5.1484e-01
1.1110e+03, 5.5917e-01
1.1111e+03, 6.1107e-01
1.1112e+03, 6.7820e-01
1.1112e+03, 7.5984e-01
1.1113e+03, 8.6150e-01
1.1114e+03, 9.8937e-01
1.1115e+03, 1.1538e+00
1.1115e+03, 1.3607e+00
1.1116e+03, 1.4847e+00
1.1116e+03, 1.6247e+00
1.1116e+03, 1.7829e+00
1.1117e+03, 1.9614e+00
1.1117e+03, 2.1683e+00
1.1118e+03, 2.3957e+00
1.1118e+03, 2.6516e+00
1.1118e+03, 2.9391e+00
1.1119e+03, 3.2614e+00
1.1119e+03, 3.6222e+00
1.1120e+03, 4.0252e+00
1.1120e+03, 4.4742e+00
1.1120e+03, 4.9872e+00
1.1121e+03, 5.5423e+00
1.1121e+03, 6.1561e+00
1.1121e+03, 6.8331e+00
1.1122e+03, 7.5775e+00
1.1122e+03, 8.3936e+00
1.1123e+03, 9.2857e+00
1.1123e+03, 1.0258e+01
1.1124e+03, 1.1933e+01
1.1124e+03, 1.3822e+01
1.1125e+03, 1.5933e+01
1.1125e+03, 1.8272e+01
1.1126e+03, 2.0839e+01
1.1127e+03, 2.3630e+01
1.1127e+03, 2.6634e+01
1.1128e+03, 2.9835e+01
1.1128e+03, 3.1416e+01
1.1129e+03, 3.6299e+01
1.1130e+03, 4.1394e+01
1.1132e+03, 5.7440e+01
1.1134e+03, 6.5111e+01
1.1135e+03, 6.8066e+01
1.1135e+03, 7.0310e+01
1.1136e+03, 7.1764e+01
1.1137e+03, 7.2392e+01
1.1137e+03, 7.2384e+01
1.1137e+03, 7.2293e+01
1.1138e+03, 7.2100e+01
1.1138e+03, 7.1432e+01
1.1139e+03, 6.7900e+01
1.1141e+03, 6.3690e+01
1.1142e+03, 5.8454e+01
1.1143e+03, 4.7162e+01
1.1145e+03, 3.5488e+01
1.1146e+03, 3.0427e+01
1.1147e+03, 2.5729e+01
1.1148e+03, 2.1468e+01
1.1149e+03, 1.7688e+01
1.1150e+03, 1.4403e+01
1.1151e+03, 1.1604e+01
1.1151e+03, 1.0365e+01
1.1151e+03, 9.2625e+00
1.1152e+03, 8.2399e+00
1.1152e+03, 7.3377e+00
1.1153e+03, 6.5434e+00
1.1153e+03, 5.8453e+00
1.1154e+03, 5.2035e+00
1.1154e+03, 4.6431e+00
1.1154e+03, 4.1312e+00
1.1155e+03, 3.6868e+00
1.1155e+03, 3.2832e+00
1.1156e+03, 2.9347e+00
1.1156e+03, 2.6196e+00
1.1156e+03, 2.3487e+00
1.1157e+03, 2.1047e+00
1.1157e+03, 1.8956e+00
1.1158e+03, 1.7078e+00
1.1158e+03, 1.5472e+00
1.1159e+03, 1.4031e+00
1.1159e+03, 1.2800e+00
1.1159e+03, 1.1695e+00
1.1160e+03, 1.0750e+00
1.1161e+03, 9.1717e-01
1.1161e+03, 7.9480e-01
1.1162e+03, 6.9891e-01
1.1163e+03, 6.2276e-01
1.1164e+03, 5.6132e-01
1.1165e+03, 5.1089e-01
1.1166e+03, 4.6879e-01
1.1167e+03, 4.0466e-01
1.1169e+03, 3.5559e-01
1.1170e+03, 3.1623e-01
1.1172e+03, 2.8377e-01
1.1173e+03, 2.5646e-01
1.1175e+03, 2.3315e-01
1.1178e+03, 1.9554e-01
1.1181e+03, 1.6655e-01
1.1185e+03, 1.4380e-01
1.1188e+03, 1.2553e-01
1.1191e+03, 1.1063e-01
1.1197e+03, 8.8931e-02
1.1203e+03, 7.3184e-02
1.1209e+03, 6.1345e-02
1.1215e+03, 5.2206e-02
1.1221e+03, 4.5010e-02
1.1227e+03, 3.9245e-02
1.1239e+03, 3.0690e-02
1.1250e+03, 2.5005e-02
1.1262e+03, 2.0851e-02
1.1273e+03, 1.7694e-02
1.1284e+03, 1.5236e-02
1.1307e+03, 1.1730e-02
1.1330e+03, 9.4023e-03
1.1354e+03, 7.7057e-03
1.1378e+03, 6.5072e-03
1.1426e+03, 4.9335e-03
1.1474e+03, 3.9968e-03
1.1522e+03, 3.3983e-03
1.1586e+03, 2.9019e-03
1.1649e+03, 2.5926e-03
1.1775e+03, 2.2652e-03
1.1902e+03, 2.1376e-03
1.2028e+03, 2.1102e-03
1.2180e+03, 2.1771e-03
1.2332e+03, 2.3054e-03
1.2484e+03, 2.5013e-03
1.2635e+03, 2.7713e-03
1.2787e+03, 3.1263e-03
1.2939e+03, 3.6159e-03
1.3091e+03, 4.3003e-03
1.3167e+03, 4.7554e-03
1.3243e+03, 5.3256e-03
1.3324e+03, 6.1328e-03
1.3405e+03, 7.2990e-03
1.3445e+03, 8.1161e-03
1.3486e+03, 9.2157e-03
1.3526e+03, 1.0818e-02
1.3546e+03, 1.1941e-02
1.3567e+03, 1.3403e-02
1.3588e+03, 1.5574e-02
1.3610e+03, 1.8874e-02
1.3620e+03, 2.1231e-02
1.3631e+03, 2.4332e-02
1.3642e+03, 2.8618e-02
1.3653e+03, 3.4827e-02
1.3662e+03, 4.2997e-02
1.3667e+03, 4.8594e-02
1.3672e+03, 5.5680e-02
1.3676e+03, 6.4925e-02
1.3681e+03, 7.7321e-02
1.3686e+03, 9.4626e-02
1.3691e+03, 1.2014e-01
1.3693e+03, 1.3944e-01
1.3696e+03, 1.6580e-01
1.3698e+03, 2.0547e-01
1.3699e+03, 2.3470e-01
1.3701e+03, 2.7430e-01
1.3702e+03, 3.3077e-01
1.3703e+03, 4.1220e-01
1.3704e+03, 4.6734e-01
1.3704e+03, 5.3352e-01
1.3705e+03, 6.1419e-01
1.3706e+03, 7.1247e-01
1.3706e+03, 8.3414e-01
1.3707e+03, 9.7976e-01
1.3708e+03, 1.1559e+00
1.3708e+03, 1.3683e+00
1.3709e+03, 1.6275e+00
1.3709e+03, 1.9325e+00
1.3710e+03, 2.2945e+00
1.3711e+03, 2.7216e+00
1.3711e+03, 3.1965e+00
1.3712e+03, 3.7359e+00
1.3713e+03, 4.3654e+00
1.3713e+03, 5.0712e+00
1.3714e+03, 5.8840e+00
1.3714e+03, 6.7828e+00
1.3715e+03, 7.7854e+00
1.3715e+03, 8.8957e+00
1.3716e+03, 1.0138e+01
1.3717e+03, 1.1470e+01
1.3718e+03, 1.4458e+01
1.3719e+03, 1.7868e+01
1.3720e+03, 2.1555e+01
1.3723e+03, 3.1215e+01
1.3723e+03, 3.1340e+01
1.3723e+03, 3.1772e+01
1.3724e+03, 3.2199e+01
1.3724e+03, 3.3038e+01
1.3724e+03, 3.4615e+01
1.3726e+03, 3.8748e+01
1.3727e+03, 4.0343e+01
1.3728e+03, 4.1265e+01
1.3729e+03, 4.1675e+01
1.3729e+03, 4.1688e+01
1.3729e+03, 4.1687e+01
1.3729e+03, 4.1659e+01
1.3729e+03, 4.1604e+01
1.3730e+03, 4.1401e+01
1.3731e+03, 4.0439e+01
1.3732e+03, 3.7621e+01
1.3734e+03, 3.3919e+01
1.3735e+03, 2.9550e+01
1.3738e+03, 2.0168e+01
1.3740e+03, 1.5836e+01
1.3740e+03, 1.3861e+01
1.3741e+03, 1.2062e+01
1.3742e+03, 1.0528e+01
1.3742e+03, 9.1523e+00
1.3743e+03, 7.8921e+00
1.3744e+03, 6.7828e+00
1.3744e+03, 5.7851e+00
1.3745e+03, 4.9223e+00
1.3746e+03, 4.1701e+00
1.3746e+03, 3.5197e+00
1.3747e+03, 2.9536e+00
1.3748e+03, 2.4793e+00
1.3748e+03, 2.0782e+00
1.3749e+03, 1.7411e+00
1.3750e+03, 1.4557e+00
1.3750e+03, 1.2226e+00
1.3751e+03, 1.0301e+00
1.3752e+03, 8.7170e-01
1.3752e+03, 7.4553e-01
1.3753e+03, 6.4325e-01
1.3753e+03, 5.5901e-01
1.3754e+03, 4.8967e-01
1.3755e+03, 3.8548e-01
1.3756e+03, 3.1417e-01
1.3758e+03, 2.6444e-01
1.3759e+03, 2.2877e-01
1.3760e+03, 2.0228e-01
1.3761e+03, 1.8186e-01
1.3764e+03, 1.5202e-01
1.3766e+03, 1.3094e-01
1.3769e+03, 1.1493e-01
1.3771e+03, 1.0229e-01
1.3775e+03, 8.9682e-02
1.3778e+03, 7.9805e-02
1.3784e+03, 6.5516e-02
1.3790e+03, 5.5872e-02
1.3796e+03, 4.9129e-02
1.3803e+03, 4.4320e-02
1.3809e+03, 4.0846e-02
1.3822e+03, 3.6507e-02
1.3834e+03, 3.4487e-02
1.3847e+03, 3.4093e-02
1.3857e+03, 3.4736e-02
1.3866e+03, 3.6199e-02
1.3876e+03, 3.8562e-02
1.3886e+03, 4.2011e-02
1.3896e+03, 4.6880e-02
1.3906e+03, 5.3713e-02
1.3916e+03, 6.3434e-02
1.3921e+03, 6.9905e-02
1.3926e+03, 7.7869e-02
1.3931e+03, 8.6682e-02
1.3935e+03, 9.7547e-02
1.3939e+03, 1.1117e-01
1.3944e+03, 1.2859e-01
1.3948e+03, 1.5143e-01
1.3953e+03, 1.8222e-01
1.3955e+03, 2.0192e-01
1.3957e+03, 2.2558e-01
1.3959e+03, 2.5447e-01
1.3962e+03, 2.9058e-01
1.3964e+03, 3.3757e-01
1.3966e+03, 4.0160e-01
1.3967e+03, 4.4385e-01
1.3968e+03, 4.9639e-01
1.3969e+03, 5.6332e-01
1.3970e+03, 6.5057e-01
1.3972e+03, 7.6783e-01
1.3972e+03, 8.4110e-01
1.3973e+03, 9.2496e-01
1.3973e+03, 1.0247e+00
1.3974e+03, 1.1392e+00
1.3974e+03, 1.2757e+00
1.3975e+03, 1.4324e+00
1.3976e+03, 1.6191e+00
1.3976e+03, 1.8331e+00
1.3977e+03, 2.0870e+00
1.3977e+03, 2.3770e+00
1.3978e+03, 2.7193e+00
1.3978e+03, 3.1078e+00
1.3979e+03, 3.5633e+00
1.3979e+03, 4.0765e+00
1.3980e+03, 4.8466e+00
1.3981e+03, 5.7389e+00
1.3982e+03, 6.7780e+00
1.3982e+03, 7.9782e+00
1.3983e+03, 9.3736e+00
1.3984e+03, 1.0936e+01
1.3984e+03, 1.2692e+01
1.3985e+03, 1.4646e+01
1.3985e+03, 1.5151e+01
1.3986e+03, 1.6702e+01
1.3986e+03, 1.8352e+01
1.3987e+03, 2.2349e+01
1.3988e+03, 2.6742e+01
1.3991e+03, 3.6226e+01
1.3992e+03, 4.2338e+01
1.3993e+03, 4.7870e+01
1.3995e+03, 5.2996e+01
1.3997e+03, 5.5655e+01
1.3998e+03, 5.6516e+01
1.3998e+03, 5.6510e+01
1.3998e+03, 5.6429e+01
1.3999e+03, 5.6259e+01
1.3999e+03, 5.5645e+01
1.4001e+03, 5.2754e+01
1.4002e+03, 4.9180e+01
1.4003e+03, 4.4792e+01
1.4006e+03, 3.5462e+01
1.4008e+03, 2.5987e+01
1.4009e+03, 2.1619e+01
1.4010e+03, 1.7703e+01
1.4011e+03, 1.4232e+01
1.4012e+03, 1.1292e+01
1.4013e+03, 9.9960e+00
1.4013e+03, 8.8205e+00
1.4014e+03, 7.7609e+00
1.4014e+03, 6.8273e+00
1.4015e+03, 5.9791e+00
1.4016e+03, 5.2270e+00
1.4016e+03, 4.5635e+00
1.4017e+03, 3.9907e+00
1.4017e+03, 3.5231e+00
1.4018e+03, 3.1109e+00
1.4018e+03, 2.7488e+00
1.4019e+03, 2.4374e+00
1.4019e+03, 2.1596e+00
1.4020e+03, 1.9176e+00
1.4020e+03, 1.7071e+00
1.4021e+03, 1.5277e+00
1.4021e+03, 1.3689e+00
1.4022e+03, 1.2313e+00
1.4022e+03, 1.1122e+00
1.4023e+03, 1.0110e+00
1.4024e+03, 8.4513e-01
1.4025e+03, 7.1960e-01
1.4026e+03, 6.2280e-01
1.4027e+03, 5.4860e-01
1.4028e+03, 4.8956e-01
1.4029e+03, 4.4261e-01
1.4031e+03, 3.7157e-01
1.4033e+03, 3.2050e-01
1.4035e+03, 2.8292e-01
1.4037e+03, 2.5269e-01
1.4039e+03, 2.2775e-01
1.4041e+03, 2.0691e-01
1.4044e+03, 1.7383e-01
1.4048e+03, 1.4896e-01
1.4052e+03, 1.2972e-01
1.4056e+03, 1.1451e-01
1.4060e+03, 1.0228e-01
1.4064e+03, 9.2296e-02
1.4069e+03, 8.2102e-02
1.4073e+03, 7.3963e-02
1.4083e+03, 6.1864e-02
1.4093e+03, 5.3486e-02
1.4103e+03, 4.7510e-02
1.4112e+03, 4.3166e-02
1.4122e+03, 3.9957e-02
1.4142e+03, 3.5665e-02
1.4158e+03, 3.3547e-02
1.4174e+03, 3.2305e-02
1.4206e+03, 3.1532e-02
1.4242e+03, 3.2329e-02
1.4278e+03, 3.4395e-02
1.4313e+03, 3.7593e-02
1.4349e+03, 4.1989e-02
1.4385e+03, 4.7756e-02
1.4420e+03, 5.5320e-02
1.4438e+03, 5.9927e-02
1.4456e+03, 6.5270e-02
1.4474e+03, 7.1424e-02
1.4492e+03, 7.8536e-02
1.4523e+03, 9.3735e-02
1.4538e+03, 1.0319e-01
1.4553e+03, 1.1426e-01
1.4569e+03, 1.2728e-01
1.4584e+03, 1.4265e-01
1.4592e+03, 1.5143e-01
1.4600e+03, 1.6110e-01
1.4607e+03, 1.7174e-01
1.4615e+03, 1.8349e-01
1.4621e+03, 1.9393e-01
1.4628e+03, 2.0527e-01
1.4631e+03, 2.1133e-01
1.4634e+03, 2.1766e-01
1.4637e+03, 2.2429e-01
1.4640e+03, 2.3122e-01
1.4641e+03, 2.3239e-01
1.4642e+03, 2.3580e-01
1.4643e+03, 2.3927e-01
1.4647e+03, 2.4854e-01
1.4651e+03, 2.5837e-01
1.4655e+03, 2.6880e-01
1.4658e+03, 2.7988e-01
1.4662e+03, 2.9166e-01
1.4666e+03, 3.0421e-01
1.4670e+03, 3.1759e-01
1.4673e+03, 3.3184e-01
1.4676e+03, 3.4081e-01
1.4678e+03, 3.5014e-01
1.4680e+03, 3.5987e-01
1.4682e+03, 3.7000e-01
1.4685e+03, 3.8058e-01
1.4687e+03, 3.9162e-01
1.4689e+03, 4.0315e-01
1.4691e+03, 4.1520e-01
1.4696e+03, 4.4099e-01
1.4700e+03, 4.6927e-01
1.4705e+03, 5.0038e-01
1.4709e+03, 5.3471e-01
1.4714e+03, 5.7271e-01
1.4718e+03, 6.1493e-01
1.4722e+03, 6.6203e-01
1.4727e+03, 7.1477e-01
1.4731e+03, 7.7410e-01
1.4736e+03, 8.4118e-01
1.4740e+03, 9.1740e-01
1.4745e+03, 1.0045e+00
1.4749e+03, 1.1047e+00
1.4754e+03, 1.2207e+00
1.4758e+03, 1.3561e+00
1.4763e+03, 1.5154e+00
1.4765e+03, 1.6058e+00
1.4767e+03, 1.7046e+00
1.4769e+03, 1.8128e+00
1.4772e+03, 1.9317e+00
1.4774e+03, 2.0627e+00
1.4776e+03, 2.2075e+00
1.4778e+03, 2.3681e+00
1.4780e+03, 2.5461e+00
1.4784e+03, 2.8452e+00
1.4787e+03, 3.1988e+00
1.4790e+03, 3.6239e+00
1.4793e+03, 4.1374e+00
1.4795e+03, 4.4378e+00
1.4797e+03, 4.7699e+00
1.4798e+03, 5.1403e+00
1.4800e+03, 5.5550e+00
1.4802e+03, 6.0213e+00
1.4803e+03, 6.5474e+00
1.4805e+03, 7.1434e+00
1.4806e+03, 7.8210e+00
1.4809e+03, 8.9130e+00
1.4811e+03, 1.0229e+01
1.4813e+03, 1.1820e+01
1.4815e+03, 1.3744e+01
1.4818e+03, 1.6061e+01
1.4820e+03, 1.8823e+01
1.4822e+03, 2.2064e+01
1.4824e+03, 2.5759e+01
1.4826e+03, 2.9629e+01
1.4828e+03, 3.3724e+01
1.4833e+03, 4.1878e+01
1.4835e+03, 4.5411e+01
1.4837e+03, 4.8180e+01
1.4839e+03, 4.9959e+01
1.4841e+03, 5.0563e+01
1.4842e+03, 5.0240e+01
1.4845e+03, 4.8693e+01
1.4847e+03, 4.6023e+01
1.4849e+03, 4.2490e+01
1.4851e+03, 3.8431e+01
1.4856e+03, 2.9858e+01
1.4858e+03, 2.5846e+01
1.4860e+03, 2.2234e+01
1.4862e+03, 1.8527e+01
1.4865e+03, 1.5448e+01
1.4868e+03, 1.2940e+01
1.4870e+03, 1.0918e+01
1.4873e+03, 9.2930e+00
1.4875e+03, 7.9827e+00
1.4878e+03, 6.9194e+00
1.4880e+03, 6.0519e+00
1.4882e+03, 5.4651e+00
1.4884e+03, 4.9582e+00
1.4886e+03, 4.5180e+00
1.4888e+03, 4.1351e+00
1.4891e+03, 3.7972e+00
1.4893e+03, 3.4988e+00
1.4897e+03, 2.9998e+00
1.4901e+03, 2.5996e+00
1.4905e+03, 2.2756e+00
1.4909e+03, 2.0082e+00
1.4913e+03, 1.7859e+00
1.4917e+03, 1.6125e+00
1.4921e+03, 1.4633e+00
1.4924e+03, 1.3335e+00
1.4928e+03, 1.2204e+00
1.4932e+03, 1.1209e+00
1.4936e+03, 1.0333e+00
1.4943e+03, 8.8611e-01
1.4951e+03, 7.6830e-01
1.4958e+03, 6.7255e-01
1.4966e+03, 5.9379e-01
1.4973e+03, 5.2845e-01
1.4981e+03, 4.7333e-01
1.4988e+03, 4.2619e-01
1.4996e+03, 3.8565e-01
1.5003e+03, 3.5061e-01
1.5011e+03, 3.2014e-01
1.5018e+03, 2.9348e-01
1.5026e+03, 2.7002e-01
1.5033e+03, 2.4929e-01
1.5048e+03, 2.1436e-01
1.5063e+03, 1.8632e-01
1.5078e+03, 1.6343e-01
1.5093e+03, 1.4452e-01
1.5107e+03, 1.3006e-01
1.5121e+03, 1.1784e-01
1.5134e+03, 1.0715e-01
1.5148e+03, 9.7820e-02
1.5162e+03, 8.9624e-02
1.5175e+03, 8.2451e-02
1.5202e+03, 7.0448e-02
1.5230e+03, 6.0901e-02
1.5257e+03, 5.3181e-02
1.5284e+03, 4.6840e-02
1.5312e+03, 4.1574e-02
1.5338e+03, 3.7359e-02
1.5364e+03, 3.3759e-02
1.5390e+03, 3.0729e-02
1.5415e+03, 2.8013e-02
1.5467e+03, 2.3583e-02
1.5519e+03, 2.0156e-02
1.5571e+03, 1.7434e-02
1.5623e+03, 1.5228e-02
1.5675e+03, 1.3419e-02
1.5727e+03, 1.1923e-02
1.5776e+03, 1.0736e-02
1.5825e+03, 9.7261e-03
1.5923e+03, 8.1241e-03
1.6022e+03, 6.8979e-03
1.6120e+03, 5.9487e-03
1.6218e+03, 5.2034e-03
1.6316e+03, 4.6126e-03
1.6415e+03, 4.1429e-03
1.6513e+03, 3.7728e-03
1.6688e+03, 3.3172e-03
1.6862e+03, 3.1010e-03
1.6983e+03, 3.1328e-03
1.7103e+03, 3.3722e-03
1.7163e+03, 3.6402e-03
1.7223e+03, 4.0838e-03
1.7283e+03, 4.7930e-03
1.7343e+03, 6.0296e-03
1.7381e+03, 7.3161e-03
1.7419e+03, 9.2997e-03
1.7439e+03, 1.0739e-02
1.7458e+03, 1.2640e-02
1.7477e+03, 1.5218e-02
1.7496e+03, 1.8834e-02
1.7514e+03, 2.3657e-02
1.7531e+03, 3.0825e-02
1.7540e+03, 3.5842e-02
1.7549e+03, 4.2280e-02
1.7558e+03, 5.0741e-02
1.7567e+03, 6.2178e-02
1.7576e+03, 7.9667e-02
1.7581e+03, 9.1431e-02
1.7586e+03, 1.0610e-01
1.7591e+03, 1.2486e-01
1.7596e+03, 1.4939e-01
1.7600e+03, 1.8243e-01
1.7603e+03, 2.0351e-01
1.7605e+03, 2.2865e-01
1.7608e+03, 2.6186e-01
1.7610e+03, 3.0404e-01
1.7613e+03, 3.5989e-01
1.7614e+03, 3.9550e-01
1.7615e+03, 4.3851e-01
1.7617e+03, 4.9158e-01
1.7618e+03, 5.5858e-01
1.7619e+03, 6.4503e-01
1.7620e+03, 7.5878e-01
1.7621e+03, 8.2915e-01
1.7622e+03, 9.1073e-01
1.7622e+03, 1.0055e+00
1.7623e+03, 1.1158e+00
1.7624e+03, 1.2442e+00
1.7624e+03, 1.3938e+00
1.7625e+03, 1.5679e+00
1.7626e+03, 1.7704e+00
1.7626e+03, 2.0014e+00
1.7627e+03, 2.2684e+00
1.7627e+03, 2.5761e+00
1.7628e+03, 2.9296e+00
1.7629e+03, 3.3344e+00
1.7629e+03, 3.7961e+00
1.7630e+03, 4.3206e+00
1.7631e+03, 4.9137e+00
1.7631e+03, 5.5814e+00
1.7632e+03, 6.3292e+00
1.7633e+03, 7.1624e+00
1.7633e+03, 8.0858e+00
1.7634e+03, 9.1033e+00
1.7634e+03, 1.0218e+01
1.7635e+03, 1.1432e+01
1.7636e+03, 1.2723e+01
1.7636e+03, 1.3675e+01
1.7637e+03, 1.5540e+01
1.7638e+03, 1.7548e+01
1.7639e+03, 2.1902e+01
1.7641e+03, 2.7534e+01
1.7643e+03, 3.3166e+01
1.7645e+03, 3.9127e+01
1.7647e+03, 4.2885e+01
1.7648e+03, 4.4139e+01
1.7649e+03, 4.4926e+01
1.7650e+03, 4.5241e+01
1.7650e+03, 4.5234e+01
1.7651e+03, 4.5136e+01
1.7651e+03, 4.4928e+01
1.7652e+03, 4.4174e+01
1.7653e+03, 4.2695e+01
1.7654e+03, 4.0682e+01
1.7656e+03, 3.6523e+01
1.7658e+03, 3.1608e+01
1.7661e+03, 2.2091e+01
1.7662e+03, 1.7695e+01
1.7664e+03, 1.3827e+01
1.7665e+03, 1.2102e+01
1.7665e+03, 1.0532e+01
1.7666e+03, 9.1182e+00
1.7667e+03, 7.8566e+00
1.7668e+03, 6.7414e+00
1.7669e+03, 5.7642e+00
1.7669e+03, 4.9149e+00
1.7670e+03, 4.1912e+00
1.7671e+03, 3.5632e+00
1.7672e+03, 3.0291e+00
1.7673e+03, 2.5778e+00
1.7673e+03, 2.2030e+00
1.7674e+03, 1.8850e+00
1.7675e+03, 1.6201e+00
1.7676e+03, 1.3999e+00
1.7676e+03, 1.2195e+00
1.7677e+03, 1.0802e+00
1.7678e+03, 9.6279e-01
1.7679e+03, 8.6369e-01
1.7679e+03, 7.8093e-01
1.7681e+03, 6.4884e-01
1.7682e+03, 5.5248e-01
1.7684e+03, 4.7943e-01
1.7685e+03, 4.2331e-01
1.7686e+03, 3.7860e-01
1.7688e+03, 3.4206e-01
1.7691e+03, 2.8531e-01
1.7694e+03, 2.4307e-01
1.7697e+03, 2.1024e-01
1.7699e+03, 1.8408e-01
1.7702e+03, 1.6362e-01
1.7705e+03, 1.4658e-01
1.7710e+03, 1.1982e-01
1.7716e+03, 9.9946e-02
1.7721e+03, 8.4760e-02
1.7727e+03, 7.2839e-02
1.7732e+03, 6.3337e-02
1.7743e+03, 4.9267e-02
1.7753e+03, 3.9951e-02
1.7764e+03, 3.3146e-02
1.7774e+03, 2.7993e-02
1.7784e+03, 2.3982e-02
1.7805e+03, 1.8253e-02
1.7826e+03, 1.4445e-02
1.7847e+03, 1.1664e-02
1.7869e+03, 9.6860e-03
1.7913e+03, 7.0713e-03
1.7956e+03, 5.4890e-03
1.8000e+03, 4.4557e-03
1.8057e+03, 3.5670e-03
1.8115e+03, 2.9762e-03
1.8229e+03, 2.2576e-03
1.8344e+03, 1.8557e-03
1.8459e+03, 1.5930e-03
1.8651e+03, 1.3267e-03
1.8844e+03, 1.1655e-03
1.9229e+03, 9.8653e-04
1.9615e+03, 9.0247e-04
2.0000e+03, 8.6427e-04
2.0269e+03, 8.6175e-04
2.0841e+03, 9.1173e-04
2.1412e+03, 1.0493e-03
2.1698e+03, 1.1656e-03
2.1984e+03, 1.3243e-03
2.2270e+03, 1.5576e-03
2.2556e+03, 1.9066e-03
2.2791e+03, 2.3469e-03
2.3026e+03, 3.0162e-03
2.3144e+03, 3.5070e-03
2.3262e+03, 4.1620e-03
2.3379e+03, 5.0605e-03
2.3497e+03, 6.3494e-03
2.3598e+03, 7.9717e-03
2.3648e+03, 9.0700e-03
2.3699e+03, 1.0437e-02
2.3749e+03, 1.2184e-02
2.3800e+03, 1.4449e-02
2.3850e+03, 1.7496e-02
2.3901e+03, 2.1662e-02
2.3947e+03, 2.7072e-02
2.3970e+03, 3.0635e-02
2.3993e+03, 3.4990e-02
2.4016e+03, 4.0391e-02
2.4039e+03, 4.7208e-02
2.4063e+03, 5.5984e-02
2.4086e+03, 6.7543e-02
2.4102e+03, 7.7786e-02
2.4110e+03, 8.3808e-02
2.4118e+03, 9.0602e-02
2.4126e+03, 9.8301e-02
2.4134e+03, 1.0704e-01
2.4138e+03, 1.1187e-01
2.4142e+03, 1.1702e-01
2.4146e+03, 1.2257e-01
2.4150e+03, 1.2852e-01
2.4152e+03, 1.3182e-01
2.4156e+03, 1.3816e-01
2.4159e+03, 1.4497e-01
2.4163e+03, 1.5230e-01
2.4167e+03, 1.6022e-01
2.4171e+03, 1.6877e-01
2.4175e+03, 1.7804e-01
2.4179e+03, 1.8809e-01
2.4182e+03, 1.9903e-01
2.4185e+03, 2.0886e-01
2.4189e+03, 2.1940e-01
2.4192e+03, 2.3078e-01
2.4195e+03, 2.4308e-01
2.4198e+03, 2.5645e-01
2.4201e+03, 2.7092e-01
2.4204e+03, 2.8667e-01
2.4208e+03, 3.0386e-01
2.4210e+03, 3.2104e-01
2.4213e+03, 3.3974e-01
2.4216e+03, 3.6015e-01
2.4219e+03, 3.8247e-01
2.4222e+03, 4.0697e-01
2.4225e+03, 4.3393e-01
2.4228e+03, 4.6370e-01
2.4231e+03, 4.9656e-01
2.4234e+03, 5.3323e-01
2.4236e+03, 5.7418e-01
2.4239e+03, 6.2011e-01
2.4242e+03, 6.7187e-01
2.4245e+03, 7.3051e-01
2.4248e+03, 7.9732e-01
2.4251e+03, 8.7390e-01
2.4254e+03, 9.6231e-01
2.4257e+03, 1.0651e+00
2.4260e+03, 1.1858e+00
2.4262e+03, 1.3286e+00
2.4265e+03, 1.4995e+00
2.4267e+03, 1.5982e+00
2.4268e+03, 1.7064e+00
2.4270e+03, 1.8269e+00
2.4271e+03, 1.9599e+00
2.4273e+03, 2.1090e+00
2.4274e+03, 2.2744e+00
2.4275e+03, 2.4612e+00
2.4277e+03, 2.6697e+00
2.4278e+03, 2.8617e+00
2.4279e+03, 3.0719e+00
2.4280e+03, 3.3043e+00
2.4282e+03, 3.5613e+00
2.4283e+03, 3.8480e+00
2.4284e+03, 4.1626e+00
2.4285e+03, 4.5103e+00
2.4286e+03, 4.8939e+00
2.4288e+03, 5.3202e+00
2.4289e+03, 5.7847e+00
2.4291e+03, 6.8474e+00
2.4293e+03, 8.0972e+00
2.4296e+03, 9.5320e+00
2.4298e+03, 1.0946e+01
2.4300e+03, 1.2456e+01
2.4304e+03, 1.5223e+01
2.4308e+03, 1.7721e+01
2.4309e+03, 1.8724e+01
2.4311e+03, 1.9480e+01
2.4313e+03, 1.9954e+01
2.4315e+03, 2.0114e+01
2.4316e+03, 2.0029e+01
2.4318e+03, 1.9642e+01
2.4320e+03, 1.8970e+01
2.4322e+03, 1.8050e+01
2.4324e+03, 1.6931e+01
2.4327e+03, 1.4319e+01
2.4331e+03, 1.1596e+01
2.4334e+03, 9.6604e+00
2.4337e+03, 7.9555e+00
2.4340e+03, 6.5083e+00
2.4341e+03, 5.8845e+00
2.4342e+03, 5.3277e+00
2.4344e+03, 4.8261e+00
2.4345e+03, 4.3792e+00
2.4347e+03, 3.9823e+00
2.4348e+03, 3.6325e+00
2.4349e+03, 3.3200e+00
2.4351e+03, 3.0448e+00
2.4354e+03, 2.5815e+00
2.4356e+03, 2.2768e+00
2.4358e+03, 2.0224e+00
2.4361e+03, 1.8083e+00
2.4363e+03, 1.6276e+00
2.4365e+03, 1.4724e+00
2.4367e+03, 1.3387e+00
2.4370e+03, 1.2228e+00
2.4372e+03, 1.1219e+00
2.4374e+03, 1.0328e+00
2.4376e+03, 9.5410e-01
2.4381e+03, 8.2197e-01
2.4386e+03, 7.1556e-01
2.4390e+03, 6.2893e-01
2.4394e+03, 5.6498e-01
2.4398e+03, 5.1042e-01
2.4402e+03, 4.6349e-01
2.4406e+03, 4.2284e-01
2.4410e+03, 3.8740e-01
2.4414e+03, 3.5632e-01
2.4422e+03, 3.0466e-01
2.4430e+03, 2.6354e-01
2.4438e+03, 2.3023e-01
2.4446e+03, 2.0290e-01
2.4454e+03, 1.8023e-01
2.4462e+03, 1.6120e-01
2.4471e+03, 1.4509e-01
2.4479e+03, 1.3132e-01
2.4487e+03, 1.1947e-01
2.4503e+03, 1.0025e-01
2.4519e+03, 8.5545e-02
2.4535e+03, 7.3918e-02
2.4551e+03, 6.4557e-02
2.4567e+03, 5.6955e-02
2.4583e+03, 5.0709e-02
2.4599e+03, 4.5512e-02
2.4615e+03, 4.1147e-02
2.4647e+03, 3.4299e-02
2.4679e+03, 2.9251e-02
2.4712e+03, 2.5501e-02
2.4744e+03, 2.2587e-02
2.4776e+03, 2.0337e-02
2.4808e+03, 1.8600e-02
2.4840e+03, 1.7270e-02
2.4909e+03, 1.5483e-02
2.4977e+03, 1.4863e-02
2.5042e+03, 1.5317e-02
2.5074e+03, 1.6001e-02
2.5106e+03, 1.7086e-02
2.5138e+03, 1.8682e-02
2.5170e+03, 2.1097e-02
2.5203e+03, 2.4745e-02
2.5235e+03, 3.0471e-02
2.5259e+03, 3.7252e-02
2.5272e+03, 4.1955e-02
2.5284e+03, 4.7960e-02
2.5296e+03, 5.5792e-02
2.5309e+03, 6.6258e-02
2.5321e+03, 8.0698e-02
2.5333e+03, 1.0142e-01
2.5339e+03, 1.1478e-01
2.5345e+03, 1.3134e-01
2.5351e+03, 1.5232e-01
2.5357e+03, 1.7937e-01
2.5363e+03, 2.1531e-01
2.5369e+03, 2.6454e-01
2.5372e+03, 2.9655e-01
2.5375e+03, 3.3538e-01
2.5378e+03, 3.8378e-01
2.5379e+03, 4.1258e-01
2.5380e+03, 4.4539e-01
2.5382e+03, 4.7337e-01
2.5383e+03, 5.0437e-01
2.5384e+03, 5.3957e-01
2.5385e+03, 5.7911e-01
2.5386e+03, 6.2470e-01
2.5387e+03, 6.7672e-01
2.5388e+03, 7.3764e-01
2.5389e+03, 8.0822e-01
2.5390e+03, 8.5486e-01
2.5391e+03, 9.0623e-01
2.5391e+03, 9.6294e-01
2.5392e+03, 1.0246e+00
2.5392e+03, 1.0939e+00
2.5393e+03, 1.1708e+00
2.5394e+03, 1.2561e+00
2.5394e+03, 1.3493e+00
2.5395e+03, 1.4596e+00
2.5396e+03, 1.5827e+00
2.5396e+03, 1.7203e+00
2.5397e+03, 1.8738e+00
2.5398e+03, 2.0450e+00
2.5398e+03, 2.2357e+00
2.5399e+03, 2.4478e+00
2.5400e+03, 2.6834e+00
2.5400e+03, 2.9445e+00
2.5401e+03, 3.2332e+00
2.5402e+03, 3.5518e+00
2.5402e+03, 3.9023e+00
2.5403e+03, 4.2869e+00
2.5404e+03, 4.7075e+00
2.5404e+03, 5.1660e+00
2.5405e+03, 5.6563e+00
2.5406e+03, 6.2535e+00
2.5407e+03, 6.9021e+00
2.5408e+03, 8.3466e+00
2.5410e+03, 1.0009e+01
2.5411e+03, 1.1853e+01
2.5412e+03, 1.3876e+01
2.5414e+03, 1.6004e+01
2.5417e+03, 2.0363e+01
2.5419e+03, 2.3498e+01
2.5421e+03, 2.6045e+01
2.5423e+03, 2.7445e+01
2.5425e+03, 2.8198e+01
2.5426e+03, 2.8313e+01
2.5426e+03, 2.8300e+01
2.5427e+03, 2.8102e+01
2.5428e+03, 2.7675e+01
2.5430e+03, 2.6188e+01
2.5432e+03, 2.4872e+01
2.5433e+03, 2.3336e+01
2.5436e+03, 1.9784e+01
2.5440e+03, 1.3771e+01
2.5442e+03, 1.1037e+01
2.5444e+03, 8.6439e+00
2.5445e+03, 7.6718e+00
2.5446e+03, 6.7847e+00
2.5447e+03, 5.9819e+00
2.5447e+03, 5.2684e+00
2.5448e+03, 4.6251e+00
2.5449e+03, 4.0613e+00
2.5450e+03, 3.5597e+00
2.5451e+03, 3.1252e+00
2.5452e+03, 2.7428e+00
2.5453e+03, 2.4148e+00
2.5454e+03, 2.1285e+00
2.5455e+03, 1.8846e+00
2.5456e+03, 1.6728e+00
2.5457e+03, 1.4930e+00
2.5458e+03, 1.3373e+00
2.5459e+03, 1.2051e+00
2.5460e+03, 1.0905e+00
2.5461e+03, 9.9196e-01
2.5462e+03, 8.3426e-01
2.5464e+03, 7.1505e-01
2.5466e+03, 6.2312e-01
2.5468e+03, 5.5066e-01
2.5470e+03, 4.9226e-01
2.5472e+03, 4.4422e-01
2.5474e+03, 4.0398e-01
2.5477e+03, 3.4015e-01
2.5481e+03, 2.9207e-01
2.5485e+03, 2.5456e-01
2.5489e+03, 2.2461e-01
2.5493e+03, 1.9625e-01
2.5497e+03, 1.7364e-01
2.5502e+03, 1.5526e-01
2.5506e+03, 1.4011e-01
2.5515e+03, 1.1687e-01
2.5524e+03, 1.0026e-01
2.5533e+03, 8.8094e-02
2.5542e+03, 7.9068e-02
2.5551e+03, 7.2276e-02
2.5559e+03, 6.7180e-02
2.5570e+03, 6.2726e-02
2.5581e+03, 5.9897e-02
2.5592e+03, 5.8429e-02
2.5603e+03, 5.8182e-02
2.5614e+03, 5.9217e-02
2.5626e+03, 6.1662e-02
2.5638e+03, 6.5723e-02
2.5649e+03, 7.1782e-02
2.5661e+03, 8.0443e-02
2.5672e+03, 9.2747e-02
2.5684e+03, 1.1062e-01
2.5690e+03, 1.2260e-01
2.5695e+03, 1.3741e-01
2.5701e+03, 1.5539e-01
2.5707e+03, 1.7810e-01
2.5712e+03, 2.0743e-01
2.5718e+03, 2.4611e-01
2.5724e+03, 2.9901e-01
2.5726e+03, 3.3321e-01
2.5729e+03, 3.7456e-01
2.5732e+03, 4.2591e-01
2.5733e+03, 4.5635e-01
2.5735e+03, 4.9090e-01
2.5736e+03, 5.3079e-01
2.5738e+03, 5.7664e-01
2.5739e+03, 6.3028e-01
2.5740e+03, 6.9375e-01
2.5741e+03, 7.3163e-01
2.5742e+03, 7.7276e-01
2.5743e+03, 8.1817e-01
2.5743e+03, 8.6844e-01
2.5743e+03, 8.7361e-01
2.5744e+03, 8.8868e-01
2.5744e+03, 9.0341e-01
2.5744e+03, 9.3496e-01
2.5745e+03, 9.8543e-01
2.5745e+03, 1.0395e+00
2.5746e+03, 1.0997e+00
2.5746e+03, 1.1643e+00
2.5747e+03, 1.2363e+00
2.5748e+03, 1.3138e+00
2.5748e+03, 1.4002e+00
2.5749e+03, 1.4933e+00
2.5749e+03, 1.5971e+00
2.5750e+03, 1.7091e+00
2.5750e+03, 1.8339e+00
2.5751e+03, 1.9683e+00
2.5752e+03, 2.1181e+00
2.5752e+03, 2.2792e+00
2.5753e+03, 2.4552e+00
2.5753e+03, 2.6471e+00
2.5754e+03, 3.0019e+00
2.5755e+03, 3.4089e+00
2.5756e+03, 3.8737e+00
2.5757e+03, 4.3959e+00
2.5758e+03, 4.9915e+00
2.5759e+03, 5.6525e+00
2.5760e+03, 6.3966e+00
2.5761e+03, 7.2108e+00
2.5762e+03, 8.1137e+00
2.5763e+03, 9.0858e+00
2.5764e+03, 1.0146e+01
2.5765e+03, 1.1266e+01
2.5766e+03, 1.3707e+01
2.5768e+03, 1.6325e+01
2.5771e+03, 1.9954e+01
2.5773e+03, 2.3286e+01
2.5775e+03, 2.5287e+01
2.5777e+03, 2.6735e+01
2.5779e+03, 2.7400e+01
2.5780e+03, 2.7624e+01
2.5780e+03, 2.7609e+01
2.5781e+03, 2.7388e+01
2.5783e+03, 2.6908e+01
2.5785e+03, 2.5241e+01
2.5787e+03, 2.2480e+01
2.5790e+03, 1.9144e+01
2.5794e+03, 1.3241e+01
2.5796e+03, 1.0579e+01
2.5797e+03, 9.3677e+00
2.5798e+03, 8.2626e+00
2.5799e+03, 7.2458e+00
2.5800e+03, 6.3292e+00
2.5801e+03, 5.5110e+00
2.5802e+03, 4.7938e+00
2.5803e+03, 4.1583e+00
2.5804e+03, 3.6050e+00
2.5805e+03, 3.1268e+00
2.5807e+03, 2.7196e+00
2.5808e+03, 2.3680e+00
2.5809e+03, 2.0688e+00
2.5810e+03, 1.8149e+00
2.5811e+03, 1.6020e+00
2.5812e+03, 1.4201e+00
2.5813e+03, 1.2676e+00
2.5814e+03, 1.1372e+00
2.5815e+03, 1.0274e+00
2.5817e+03, 8.5944e-01
2.5819e+03, 7.3354e-01
2.5821e+03, 6.3711e-01
2.5823e+03, 5.6180e-01
2.5825e+03, 5.0097e-01
2.5827e+03, 4.5106e-01
2.5831e+03, 3.7413e-01
2.5835e+03, 3.1728e-01
2.5839e+03, 2.7385e-01
2.5843e+03, 2.3960e-01
2.5847e+03, 2.1216e-01
2.5851e+03, 1.8778e-01
2.5856e+03, 1.6792e-01
2.5864e+03, 1.3782e-01
2.5873e+03, 1.1638e-01
2.5882e+03, 1.0063e-01
2.5891e+03, 8.8791e-02
2.5899e+03, 7.9774e-02
2.5908e+03, 7.2820e-02
2.5917e+03, 6.7392e-02
2.5932e+03, 6.0620e-02
2.5947e+03, 5.6392e-02
2.5963e+03, 5.4089e-02
2.5978e+03, 5.3377e-02
2.5991e+03, 5.3926e-02
2.6004e+03, 5.5558e-02
2.6017e+03, 5.8396e-02
2.6029e+03, 6.2678e-02
2.6042e+03, 6.8807e-02
2.6055e+03, 7.7452e-02
2.6068e+03, 8.9903e-02
2.6081e+03, 1.0836e-01
2.6088e+03, 1.2189e-01
2.6095e+03, 1.3928e-01
2.6102e+03, 1.6219e-01
2.6109e+03, 1.9327e-01
2.6112e+03, 2.1322e-01
2.6115e+03, 2.3711e-01
2.6119e+03, 2.6633e-01
2.6122e+03, 3.0258e-01
2.6126e+03, 3.4903e-01
2.6127e+03, 3.7741e-01
2.6129e+03, 4.1043e-01
2.6131e+03, 4.4967e-01
2.6133e+03, 4.9651e-01
2.6134e+03, 5.5378e-01
2.6135e+03, 5.8763e-01
2.6136e+03, 6.2518e-01
2.6137e+03, 6.7550e-01
2.6138e+03, 7.3377e-01
2.6139e+03, 8.0164e-01
2.6140e+03, 8.8109e-01
2.6141e+03, 9.4005e-01
2.6141e+03, 1.0046e+00
2.6142e+03, 1.0763e+00
2.6143e+03, 1.1562e+00
2.6143e+03, 1.2451e+00
2.6144e+03, 1.3442e+00
2.6145e+03, 1.4545e+00
2.6145e+03, 1.5774e+00
2.6146e+03, 1.7096e+00
2.6146e+03, 1.8561e+00
2.6147e+03, 2.0182e+00
2.6148e+03, 2.1976e+00
2.6148e+03, 2.3955e+00
2.6149e+03, 2.6137e+00
2.6149e+03, 2.8537e+00
2.6150e+03, 3.1126e+00
2.6151e+03, 3.4008e+00
2.6151e+03, 3.7155e+00
2.6152e+03, 4.0586e+00
2.6153e+03, 4.4315e+00
2.6154e+03, 5.2721e+00
2.6155e+03, 6.2385e+00
2.6156e+03, 7.1727e+00
2.6157e+03, 8.2092e+00
2.6158e+03, 9.3464e+00
2.6159e+03, 1.0568e+01
2.6161e+03, 1.3271e+01
2.6163e+03, 1.6206e+01
2.6168e+03, 2.2034e+01
2.6170e+03, 2.4459e+01
2.6172e+03, 2.6245e+01
2.6173e+03, 2.7064e+01
2.6175e+03, 2.7341e+01
2.6175e+03, 2.7330e+01
2.6176e+03, 2.7191e+01
2.6177e+03, 2.6894e+01
2.6179e+03, 2.5859e+01
2.6181e+03, 2.3779e+01
2.6183e+03, 2.1084e+01
2.6187e+03, 1.5644e+01
2.6189e+03, 1.2958e+01
2.6191e+03, 1.0496e+01
2.6192e+03, 8.5917e+00
2.6194e+03, 6.9379e+00
2.6195e+03, 6.2037e+00
2.6196e+03, 5.5414e+00
2.6197e+03, 4.9402e+00
2.6197e+03, 4.3976e+00
2.6198e+03, 3.9050e+00
2.6199e+03, 3.4707e+00
2.6200e+03, 3.0803e+00
2.6201e+03, 2.7393e+00
2.6202e+03, 2.4353e+00
2.6202e+03, 2.1717e+00
2.6203e+03, 1.9409e+00
2.6204e+03, 1.7393e+00
2.6205e+03, 1.5617e+00
2.6206e+03, 1.4091e+00
2.6207e+03, 1.2749e+00
2.6207e+03, 1.1598e+00
2.6209e+03, 9.7148e-01
2.6211e+03, 8.2931e-01
2.6212e+03, 7.1958e-01
2.6214e+03, 6.3428e-01
2.6216e+03, 5.6684e-01
2.6217e+03, 5.1283e-01
2.6221e+03, 4.3110e-01
2.6224e+03, 3.7281e-01
2.6228e+03, 3.2892e-01
2.6231e+03, 2.9495e-01
2.6234e+03, 2.6791e-01
2.6238e+03, 2.4610e-01
2.6244e+03, 2.1375e-01
2.6251e+03, 1.9176e-01
2.6258e+03, 1.7679e-01
2.6264e+03, 1.6684e-01
2.6271e+03, 1.6066e-01
2.6278e+03, 1.5750e-01
2.6284e+03, 1.5691e-01
2.6292e+03, 1.5934e-01
2.6301e+03, 1.6509e-01
2.6309e+03, 1.7421e-01
2.6317e+03, 1.8699e-01
2.6325e+03, 2.0402e-01
2.6329e+03, 2.1442e-01
2.6333e+03, 2.2626e-01
2.6338e+03, 2.3979e-01
2.6342e+03, 2.5518e-01
2.6346e+03, 2.7279e-01
2.6348e+03, 2.8251e-01
2.6350e+03, 2.9290e-01
2.6352e+03, 3.0700e-01
2.6355e+03, 3.2239e-01
2.6358e+03, 3.3925e-01
2.6360e+03, 3.5765e-01
2.6362e+03, 3.7582e-01
2.6365e+03, 3.9563e-01
2.6367e+03, 4.1730e-01
2.6369e+03, 4.4104e-01
2.6372e+03, 4.6714e-01
2.6374e+03, 4.9589e-01
2.6375e+03, 5.1145e-01
2.6376e+03, 5.2768e-01
2.6377e+03, 5.4476e-01
2.6379e+03, 5.6277e-01
2.6380e+03, 5.8415e-01
2.6381e+03, 6.0670e-01
2.6382e+03, 6.3068e-01
2.6384e+03, 6.5623e-01
2.6385e+03, 6.8372e-01
2.6386e+03, 7.1286e-01
2.6388e+03, 7.4405e-01
2.6389e+03, 7.7748e-01
2.6390e+03, 8.1367e-01
2.6391e+03, 8.5231e-01
2.6393e+03, 8.9397e-01
2.6394e+03, 9.3897e-01
2.6395e+03, 9.8810e-01
2.6397e+03, 1.0410e+00
2.6398e+03, 1.0986e+00
2.6399e+03, 1.1614e+00
2.6400e+03, 1.2307e+00
2.6402e+03, 1.3061e+00
2.6403e+03, 1.3898e+00
2.6404e+03, 1.4815e+00
2.6406e+03, 1.5840e+00
2.6407e+03, 1.6970e+00
2.6408e+03, 1.8230e+00
2.6409e+03, 1.9639e+00
2.6411e+03, 2.1232e+00
2.6412e+03, 2.3011e+00
2.6413e+03, 2.5015e+00
2.6415e+03, 2.7278e+00
2.6416e+03, 2.9856e+00
2.6417e+03, 3.2749e+00
2.6418e+03, 3.6019e+00
2.6420e+03, 3.9708e+00
2.6421e+03, 4.4347e+00
2.6423e+03, 4.9578e+00
2.6424e+03, 5.5486e+00
2.6425e+03, 6.2113e+00
2.6427e+03, 6.9490e+00
2.6428e+03, 7.7624e+00
2.6430e+03, 8.6498e+00
2.6431e+03, 9.6062e+00
2.6434e+03, 1.1719e+01
2.6437e+03, 1.3953e+01
2.6440e+03, 1.6122e+01
2.6442e+03, 1.7992e+01
2.6444e+03, 1.8849e+01
2.6446e+03, 1.9493e+01
2.6447e+03, 1.9891e+01
2.6449e+03, 2.0026e+01
2.6450e+03, 1.9965e+01
2.6452e+03, 1.9555e+01
2.6454e+03, 1.8789e+01
2.6456e+03, 1.7720e+01
2.6458e+03, 1.6416e+01
2.6462e+03, 1.3413e+01
2.6466e+03, 1.0375e+01
2.6468e+03, 8.8100e+00
2.6470e+03, 7.4145e+00
2.6473e+03, 6.2073e+00
2.6475e+03, 5.1923e+00
2.6477e+03, 4.3475e+00
2.6479e+03, 3.6572e+00
2.6482e+03, 3.0980e+00
2.6484e+03, 2.6482e+00
2.6486e+03, 2.3126e+00
2.6488e+03, 2.0352e+00
2.6490e+03, 1.8046e+00
2.6492e+03, 1.6124e+00
2.6494e+03, 1.4493e+00
2.6496e+03, 1.3112e+00
2.6498e+03, 1.1921e+00
2.6500e+03, 1.0895e+00
2.6502e+03, 9.9971e-01
2.6504e+03, 9.2132e-01
2.6508e+03, 7.9040e-01
2.6512e+03, 6.8630e-01
2.6516e+03, 6.0205e-01
2.6520e+03, 5.3908e-01
2.6524e+03, 4.8591e-01
2.6527e+03, 4.4034e-01
2.6531e+03, 4.0118e-01
2.6535e+03, 3.6706e-01
2.6538e+03, 3.3728e-01
2.6546e+03, 2.8783e-01
2.6553e+03, 2.4864e-01
2.6560e+03, 2.1713e-01
2.6568e+03, 1.9136e-01
2.6575e+03, 1.7005e-01
2.6582e+03, 1.5219e-01
2.6590e+03, 1.3711e-01
2.6604e+03, 1.1323e-01
2.6619e+03, 9.5230e-02
2.6634e+03, 8.1274e-02
2.6648e+03, 7.0266e-02
2.6663e+03, 6.1442e-02
2.6678e+03, 5.4251e-02
2.6692e+03, 4.8309e-02
2.6722e+03, 3.9139e-02
2.6751e+03, 3.2531e-02
2.6780e+03, 2.7528e-02
2.6809e+03, 2.3657e-02
2.6839e+03, 2.0608e-02
2.6868e+03, 1.8162e-02
2.6927e+03, 1.4520e-02
2.6985e+03, 1.1979e-02
2.7044e+03, 1.0152e-02
2.7103e+03, 8.7675e-03
2.7161e+03, 7.7007e-03
2.7278e+03, 6.1965e-03
2.7396e+03, 5.2245e-03
2.7552e+03, 4.4283e-03
2.7708e+03, 3.9420e-03
2.7864e+03, 3.6989e-03
2.8021e+03, 3.6141e-03
2.8255e+03, 3.7854e-03
2.8490e+03, 4.3482e-03
2.8607e+03, 4.8309e-03
2.8724e+03, 5.5087e-03
2.8841e+03, 6.4557e-03
2.8959e+03, 7.8454e-03
2.9063e+03, 9.6584e-03
2.9115e+03, 1.0873e-02
2.9167e+03, 1.2380e-02
2.9219e+03, 1.4267e-02
2.9271e+03, 1.6694e-02
2.9323e+03, 1.9903e-02
2.9375e+03, 2.4258e-02
2.9428e+03, 3.0396e-02
2.9454e+03, 3.4464e-02
2.9480e+03, 3.9483e-02
2.9506e+03, 4.5784e-02
2.9532e+03, 5.3776e-02
2.9545e+03, 5.8627e-02
2.9558e+03, 6.4263e-02
2.9571e+03, 7.0811e-02
2.9577e+03, 7.4489e-02
2.9584e+03, 7.8488e-02
2.9592e+03, 8.4292e-02
2.9601e+03, 9.0812e-02
2.9605e+03, 9.4382e-02
2.9609e+03, 9.8170e-02
2.9614e+03, 1.0222e-01
2.9618e+03, 1.0652e-01
2.9622e+03, 1.1069e-01
2.9626e+03, 1.1511e-01
2.9630e+03, 1.1983e-01
2.9633e+03, 1.2485e-01
2.9637e+03, 1.3023e-01
2.9641e+03, 1.3597e-01
2.9645e+03, 1.4213e-01
2.9649e+03, 1.4874e-01
2.9653e+03, 1.5704e-01
2.9658e+03, 1.6609e-01
2.9662e+03, 1.7601e-01
2.9667e+03, 1.8687e-01
2.9669e+03, 1.9271e-01
2.9671e+03, 1.9885e-01
2.9676e+03, 2.1210e-01
2.9680e+03, 2.2681e-01
2.9685e+03, 2.4316e-01
2.9689e+03, 2.6149e-01
2.9694e+03, 2.8210e-01
2.9698e+03, 3.0539e-01
2.9703e+03, 3.3181e-01
2.9707e+03, 3.6209e-01
2.9712e+03, 3.9696e-01
2.9716e+03, 4.3742e-01
2.9721e+03, 4.8465e-01
2.9725e+03, 5.4055e-01
2.9727e+03, 5.7239e-01
2.9730e+03, 6.0727e-01
2.9732e+03, 6.4561e-01
2.9734e+03, 6.8789e-01
2.9736e+03, 7.3467e-01
2.9738e+03, 7.8639e-01
2.9741e+03, 8.4432e-01
2.9743e+03, 9.0921e-01
2.9745e+03, 9.8225e-01
2.9747e+03, 1.0649e+00
2.9750e+03, 1.1589e+00
2.9752e+03, 1.2665e+00
2.9754e+03, 1.3905e+00
2.9756e+03, 1.5334e+00
2.9759e+03, 1.7181e+00
2.9761e+03, 1.9373e+00
2.9764e+03, 2.2002e+00
2.9766e+03, 2.5172e+00
2.9769e+03, 2.9021e+00
2.9771e+03, 3.3654e+00
2.9773e+03, 3.9230e+00
2.9776e+03, 4.5886e+00
2.9778e+03, 5.2973e+00
2.9780e+03, 6.1084e+00
2.9783e+03, 7.0198e+00
2.9785e+03, 8.0214e+00
2.9794e+03, 1.2357e+01
2.9796e+03, 1.3441e+01
2.9799e+03, 1.4291e+01
2.9801e+03, 1.4834e+01
2.9804e+03, 1.5021e+01
2.9806e+03, 1.4875e+01
2.9809e+03, 1.4446e+01
2.9811e+03, 1.3767e+01
2.9813e+03, 1.2889e+01
2.9818e+03, 1.0748e+01
2.9822e+03, 8.4914e+00
2.9825e+03, 7.3745e+00
2.9827e+03, 6.3567e+00
2.9829e+03, 5.4549e+00
2.9832e+03, 4.6769e+00
2.9834e+03, 4.0120e+00
2.9837e+03, 3.4536e+00
2.9839e+03, 2.9887e+00
2.9841e+03, 2.6049e+00
2.9844e+03, 2.3099e+00
2.9846e+03, 2.0614e+00
2.9848e+03, 1.8514e+00
2.9850e+03, 1.6738e+00
2.9853e+03, 1.5216e+00
2.9855e+03, 1.3914e+00
2.9857e+03, 1.2785e+00
2.9859e+03, 1.1810e+00
2.9864e+03, 1.0204e+00
2.9868e+03, 8.9613e-01
2.9872e+03, 7.9834e-01
2.9877e+03, 7.2051e-01
2.9882e+03, 6.4800e-01
2.9887e+03, 5.9193e-01
2.9892e+03, 5.4847e-01
2.9898e+03, 5.1533e-01
2.9903e+03, 4.9068e-01
2.9908e+03, 4.7345e-01
2.9913e+03, 4.6281e-01
2.9918e+03, 4.5835e-01
2.9923e+03, 4.5940e-01
2.9928e+03, 4.6520e-01
2.9932e+03, 4.7601e-01
2.9937e+03, 4.9223e-01
2.9942e+03, 5.1459e-01
2.9944e+03, 5.2836e-01
2.9946e+03, 5.4396e-01
2.9948e+03, 5.6172e-01
2.9951e+03, 5.8178e-01
2.9953e+03, 6.0440e-01
2.9955e+03, 6.2974e-01
2.9957e+03, 6.4432e-01
2.9958e+03, 6.5969e-01
2.9959e+03, 6.7618e-01
2.9960e+03, 6.9358e-01
2.9961e+03, 7.1226e-01
2.9963e+03, 7.3199e-01
2.9964e+03, 7.5300e-01
2.9965e+03, 7.7539e-01
2.9967e+03, 8.0991e-01
2.9968e+03, 8.2830e-01
2.9968e+03, 8.4757e-01
2.9969e+03, 8.6803e-01
2.9970e+03, 8.8924e-01
2.9971e+03, 9.1151e-01
2.9972e+03, 9.3490e-01
2.9973e+03, 9.5978e-01
2.9974e+03, 9.8565e-01
2.9975e+03, 1.0415e+00
2.9977e+03, 1.1036e+00
2.9979e+03, 1.1727e+00
2.9980e+03, 1.2199e+00
2.9981e+03, 1.2700e+00
2.9982e+03, 1.3244e+00
2.9983e+03, 1.3824e+00
2.9984e+03, 1.4455e+00
2.9985e+03, 1.5129e+00
2.9986e+03, 1.5858e+00
2.9987e+03, 1.6647e+00
2.9988e+03, 1.7510e+00
2.9989e+03, 1.8438e+00
2.9990e+03, 1.9446e+00
2.9991e+03, 2.0543e+00
2.9992e+03, 2.1749e+00
2.9993e+03, 2.3052e+00
2.9994e+03, 2.4472e+00
2.9996e+03, 2.6021e+00
2.9997e+03, 2.7813e+00
2.9998e+03, 2.9758e+00
2.9999e+03, 3.1908e+00
3.0000e+03, 3.4240e+00
3.0001e+03, 3.6811e+00
3.0002e+03, 3.9590e+00
3.0003e+03, 4.2614e+00
3.0004e+03, 4.5896e+00
3.0005e+03, 4.9479e+00
3.0007e+03, 5.3308e+00
3.0009e+03, 6.1851e+00
3.0011e+03, 7.1505e+00
3.0013e+03, 8.2109e+00
3.0016e+03, 9.7851e+00
3.0019e+03, 1.1402e+01
3.0022e+03, 1.2941e+01
3.0025e+03, 1.4237e+01
3.0029e+03, 1.5225e+01
3.0030e+03, 1.5484e+01
3.0032e+03, 1.5570e+01
3.0033e+03, 1.5512e+01
3.0035e+03, 1.5231e+01
3.0037e+03, 1.4733e+01
3.0039e+03, 1.4047e+01
3.0041e+03, 1.3207e+01
3.0045e+03, 1.1226e+01
3.0049e+03, 9.1332e+00
3.0052e+03, 7.7981e+00
3.0054e+03, 6.5845e+00
3.0057e+03, 5.5213e+00
3.0059e+03, 4.6168e+00
3.0062e+03, 3.8646e+00
3.0065e+03, 3.2490e+00
3.0067e+03, 2.7502e+00
3.0070e+03, 2.3491e+00
3.0072e+03, 2.0579e+00
3.0075e+03, 1.8171e+00
3.0077e+03, 1.6160e+00
3.0079e+03, 1.4470e+00
3.0081e+03, 1.3038e+00
3.0084e+03, 1.1816e+00
3.0086e+03, 1.0765e+00
3.0088e+03, 9.8546e-01
3.0091e+03, 9.0601e-01
3.0093e+03, 8.3624e-01
3.0098e+03, 7.1984e-01
3.0102e+03, 6.2709e-01
3.0107e+03, 5.5186e-01
3.0112e+03, 4.8981e-01
3.0116e+03, 4.3820e-01
3.0121e+03, 3.9470e-01
3.0125e+03, 3.5768e-01
3.0130e+03, 3.2590e-01
3.0135e+03, 2.9841e-01
3.0144e+03, 2.5344e-01
3.0153e+03, 2.1837e-01
3.0162e+03, 1.9036e-01
3.0172e+03, 1.6763e-01
3.0181e+03, 1.4893e-01
3.0189e+03, 1.3430e-01
3.0198e+03, 1.2184e-01
3.0215e+03, 1.0186e-01
3.0233e+03, 8.6660e-02
3.0250e+03, 7.4810e-02
3.0267e+03, 6.5423e-02
3.0284e+03, 5.7748e-02
3.0302e+03, 5.1394e-02
3.0319e+03, 4.6090e-02
3.0353e+03, 3.7792e-02
3.0388e+03, 3.1657e-02
3.0422e+03, 2.6979e-02
3.0457e+03, 2.3325e-02
3.0491e+03, 2.0455e-02
3.0526e+03, 1.8078e-02
3.0595e+03, 1.4495e-02
3.0674e+03, 1.1660e-02
3.0753e+03, 9.6623e-03
3.0831e+03, 8.2095e-03
3.0910e+03, 7.1237e-03
3.1068e+03, 5.6574e-03
3.1226e+03, 4.7972e-03
3.1383e+03, 4.3348e-03
3.1541e+03, 4.1950e-03
3.1689e+03, 4.3774e-03
3.1837e+03, 4.9963e-03
3.1911e+03, 5.5484e-03
3.1985e+03, 6.3938e-03
3.2059e+03, 7.6846e-03
3.2133e+03, 9.7246e-03
3.2184e+03, 1.1926e-02
3.2236e+03, 1.5261e-02
3.2262e+03, 1.7601e-02
3.2288e+03, 2.0617e-02
3.2314e+03, 2.4593e-02
3.2340e+03, 2.9929e-02
3.2367e+03, 3.7890e-02
3.2380e+03, 4.3218e-02
3.2394e+03, 4.9818e-02
3.2408e+03, 5.8145e-02
3.2421e+03, 6.8845e-02
3.2435e+03, 8.2926e-02
3.2448e+03, 1.0196e-01
3.2455e+03, 1.1442e-01
3.2462e+03, 1.2937e-01
3.2469e+03, 1.4755e-01
3.2476e+03, 1.6993e-01
3.2483e+03, 1.9799e-01
3.2486e+03, 2.1478e-01
3.2490e+03, 2.3381e-01
3.2493e+03, 2.5566e-01
3.2497e+03, 2.8076e-01
3.2500e+03, 3.1002e-01
3.2502e+03, 3.2641e-01
3.2504e+03, 3.4420e-01
3.2505e+03, 3.6497e-01
3.2507e+03, 3.8764e-01
3.2509e+03, 4.0627e-01
3.2510e+03, 4.2635e-01
3.2511e+03, 4.4804e-01
3.2513e+03, 4.7137e-01
3.2514e+03, 4.9687e-01
3.2516e+03, 5.2465e-01
3.2517e+03, 5.5500e-01
3.2518e+03, 5.8802e-01
3.2520e+03, 6.3327e-01
3.2521e+03, 6.5805e-01
3.2522e+03, 6.8412e-01
3.2523e+03, 7.1225e-01
3.2523e+03, 7.4195e-01
3.2524e+03, 7.7410e-01
3.2525e+03, 8.0817e-01
3.2526e+03, 8.4519e-01
3.2527e+03, 8.8503e-01
3.2528e+03, 9.2800e-01
3.2529e+03, 9.7386e-01
3.2529e+03, 1.0241e+00
3.2530e+03, 1.0778e+00
3.2531e+03, 1.1369e+00
3.2532e+03, 1.2003e+00
3.2533e+03, 1.2702e+00
3.2534e+03, 1.3465e+00
3.2534e+03, 1.4298e+00
3.2535e+03, 1.5197e+00
3.2536e+03, 1.6192e+00
3.2537e+03, 1.7282e+00
3.2538e+03, 1.8474e+00
3.2539e+03, 1.9765e+00
3.2540e+03, 2.1193e+00
3.2540e+03, 2.2757e+00
3.2541e+03, 2.4466e+00
3.2542e+03, 2.6311e+00
3.2543e+03, 2.8347e+00
3.2544e+03, 3.0564e+00
3.2545e+03, 3.2975e+00
3.2546e+03, 3.5558e+00
3.2547e+03, 4.0884e+00
3.2549e+03, 4.6937e+00
3.2550e+03, 5.3785e+00
3.2552e+03, 6.1439e+00
3.2553e+03, 6.9876e+00
3.2555e+03, 7.9036e+00
3.2558e+03, 9.9062e+00
3.2561e+03, 1.2222e+01
3.2565e+03, 1.4377e+01
3.2567e+03, 1.5496e+01
3.2569e+03, 1.6357e+01
3.2571e+03, 1.6898e+01
3.2573e+03, 1.7082e+01
3.2574e+03, 1.7053e+01
3.2576e+03, 1.6657e+01
3.2579e+03, 1.5832e+01
3.2581e+03, 1.4652e+01
3.2583e+03, 1.3217e+01
3.2586e+03, 1.1097e+01
3.2590e+03, 8.9691e+00
3.2593e+03, 7.0250e+00
3.2594e+03, 6.1575e+00
3.2596e+03, 5.3770e+00
3.2597e+03, 4.8325e+00
3.2598e+03, 4.3413e+00
3.2599e+03, 3.8938e+00
3.2601e+03, 3.4952e+00
3.2602e+03, 3.1362e+00
3.2603e+03, 2.8197e+00
3.2604e+03, 2.5369e+00
3.2606e+03, 2.2893e+00
3.2607e+03, 2.0693e+00
3.2608e+03, 1.8773e+00
3.2609e+03, 1.7071e+00
3.2610e+03, 1.5586e+00
3.2612e+03, 1.4269e+00
3.2613e+03, 1.3118e+00
3.2615e+03, 1.1198e+00
3.2617e+03, 9.7794e-01
3.2620e+03, 8.6315e-01
3.2622e+03, 7.6827e-01
3.2624e+03, 6.8954e-01
3.2626e+03, 6.2285e-01
3.2628e+03, 5.6622e-01
3.2633e+03, 4.7503e-01
3.2637e+03, 4.0500e-01
3.2642e+03, 3.4996e-01
3.2646e+03, 3.0578e-01
3.2651e+03, 2.6977e-01
3.2655e+03, 2.4214e-01
3.2659e+03, 2.1863e-01
3.2667e+03, 1.8102e-01
3.2675e+03, 1.5245e-01
3.2683e+03, 1.3027e-01
3.2691e+03, 1.1266e-01
3.2700e+03, 9.8471e-02
3.2716e+03, 7.7246e-02
3.2732e+03, 6.2932e-02
3.2747e+03, 5.2302e-02
3.2763e+03, 4.4199e-02
3.2778e+03, 3.7896e-02
3.2809e+03, 2.8856e-02
3.2840e+03, 2.2812e-02
3.2870e+03, 1.8769e-02
3.2900e+03, 1.5766e-02
3.2959e+03, 1.1696e-02
3.3018e+03, 9.1542e-03
3.3078e+03, 7.4643e-03
3.3158e+03, 5.9701e-03
3.3238e+03, 4.9887e-03
3.3398e+03, 3.8639e-03
3.3558e+03, 3.3255e-03
3.3718e+03, 3.0812e-03
3.3813e+03, 3.0396e-03
3.4038e+03, 3.1878e-03
3.4264e+03, 3.6904e-03
3.4376e+03, 4.1161e-03
3.4489e+03, 4.7175e-03
3.4602e+03, 5.5468e-03
3.4714e+03, 6.7344e-03
3.4821e+03, 8.3729e-03
3.4928e+03, 1.0830e-02
3.4981e+03, 1.2536e-02
3.5035e+03, 1.4714e-02
3.5088e+03, 1.7531e-02
3.5141e+03, 2.1345e-02
3.5198e+03, 2.6971e-02
3.5226e+03, 3.0688e-02
3.5254e+03, 3.5250e-02
3.5282e+03, 4.0939e-02
3.5310e+03, 4.8153e-02
3.5338e+03, 5.7395e-02
3.5353e+03, 6.3080e-02
3.5360e+03, 6.6255e-02
3.5367e+03, 6.9676e-02
3.5373e+03, 7.2771e-02
3.5379e+03, 7.6080e-02
3.5384e+03, 7.9626e-02
3.5390e+03, 8.3428e-02
3.5396e+03, 8.7512e-02
3.5402e+03, 9.1905e-02
3.5408e+03, 9.6640e-02
3.5414e+03, 1.0176e-01
3.5416e+03, 1.0311e-01
3.5420e+03, 1.0713e-01
3.5424e+03, 1.1138e-01
3.5428e+03, 1.1590e-01
3.5433e+03, 1.2069e-01
3.5437e+03, 1.2579e-01
3.5441e+03, 1.3122e-01
3.5445e+03, 1.3701e-01
3.5450e+03, 1.4319e-01
3.5454e+03, 1.4951e-01
3.5458e+03, 1.5627e-01
3.5462e+03, 1.6349e-01
3.5466e+03, 1.7120e-01
3.5470e+03, 1.7950e-01
3.5474e+03, 1.8842e-01
3.5478e+03, 1.9802e-01
3.5482e+03, 2.0835e-01
3.5486e+03, 2.1954e-01
3.5490e+03, 2.3165e-01
3.5495e+03, 2.4480e-01
3.5499e+03, 2.5906e-01
3.5503e+03, 2.7464e-01
3.5507e+03, 2.9163e-01
3.5511e+03, 3.1029e-01
3.5515e+03, 3.3074e-01
3.5519e+03, 3.5333e-01
3.5523e+03, 3.7832e-01
3.5527e+03, 4.0604e-01
3.5531e+03, 4.3682e-01
3.5535e+03, 4.7131e-01
3.5539e+03, 5.1003e-01
3.5543e+03, 5.5368e-01
3.5548e+03, 6.0299e-01
3.5552e+03, 6.5926e-01
3.5556e+03, 7.2367e-01
3.5560e+03, 7.9782e-01
3.5564e+03, 8.8349e-01
3.5568e+03, 9.8358e-01
3.5572e+03, 1.1007e+00
3.5576e+03, 1.2395e+00
3.5580e+03, 1.4041e+00
3.5584e+03, 1.6015e+00
3.5586e+03, 1.7147e+00
3.5588e+03, 1.8389e+00
3.5590e+03, 1.9753e+00
3.5592e+03, 2.1250e+00
3.5594e+03, 2.2894e+00
3.5596e+03, 2.4688e+00
3.5598e+03, 2.6660e+00
3.5601e+03, 2.8815e+00
3.5605e+03, 3.3687e+00
3.5609e+03, 3.9355e+00
3.5613e+03, 4.5729e+00
3.5619e+03, 5.6983e+00
3.5626e+03, 6.7875e+00
3.5629e+03, 7.2449e+00
3.5632e+03, 7.5985e+00
3.5636e+03, 7.8226e+00
3.5639e+03, 7.8989e+00
3.5642e+03, 7.8370e+00
3.5645e+03, 7.6821e+00
3.5647e+03, 7.4414e+00
3.5652e+03, 6.7539e+00
3.5658e+03, 5.8967e+00
3.5663e+03, 4.9969e+00
3.5668e+03, 4.1475e+00
3.5673e+03, 3.4070e+00
3.5676e+03, 3.0833e+00
3.5678e+03, 2.7912e+00
3.5681e+03, 2.5294e+00
3.5683e+03, 2.2966e+00
3.5686e+03, 2.0649e+00
3.5689e+03, 1.8627e+00
3.5692e+03, 1.6858e+00
3.5695e+03, 1.5309e+00
3.5698e+03, 1.3944e+00
3.5701e+03, 1.2747e+00
3.5704e+03, 1.1691e+00
3.5707e+03, 1.0756e+00
3.5713e+03, 9.1822e-01
3.5718e+03, 7.9251e-01
3.5724e+03, 6.9061e-01
3.5730e+03, 6.0701e-01
3.5735e+03, 5.4335e-01
3.5741e+03, 4.8917e-01
3.5746e+03, 4.4267e-01
3.5751e+03, 4.0250e-01
3.5757e+03, 3.6744e-01
3.5762e+03, 3.3677e-01
3.5772e+03, 2.8580e-01
3.5783e+03, 2.4554e-01
3.5794e+03, 2.1322e-01
3.5804e+03, 1.8687e-01
3.5815e+03, 1.6513e-01
3.5824e+03, 1.4863e-01
3.5834e+03, 1.3452e-01
3.5853e+03, 1.1182e-01
3.5872e+03, 9.4394e-02
3.5891e+03, 8.0690e-02
3.5910e+03, 6.9769e-02
3.5929e+03, 6.0930e-02
3.5948e+03, 5.3675e-02
3.5967e+03, 4.7647e-02
3.6005e+03, 3.8290e-02
3.6044e+03, 3.1515e-02
3.6082e+03, 2.6365e-02
3.6120e+03, 2.2378e-02
3.6158e+03, 1.9237e-02
3.6196e+03, 1.6719e-02
3.6272e+03, 1.2981e-02
3.6340e+03, 1.0631e-02
3.6408e+03, 8.8739e-03
3.6476e+03, 7.5304e-03
3.6543e+03, 6.4770e-03
3.6679e+03, 4.9446e-03
3.6815e+03, 3.9095e-03
3.6942e+03, 3.2167e-03
3.7069e+03, 2.6991e-03
3.7323e+03, 1.9931e-03
3.7577e+03, 1.5367e-03
3.7831e+03, 1.2281e-03
3.8373e+03, 8.2862e-04
3.8916e+03, 6.0500e-04
3.9458e+03, 4.6562e-04
3.9729e+03, 4.1463e-04
3.9864e+03, 3.9329e-04
3.9932e+03, 3.8271e-04
3.9949e+03, 3.9260e-04
3.9953e+03, 4.2942e-04
3.9958e+03, 5.5729e-04
3.9960e+03, 7.0296e-04
3.9962e+03, 9.5254e-04
3.9964e+03, 1.3680e-03
3.9966e+03, 2.0362e-03
3.9968e+03, 3.0910e-03
3.9970e+03, 4.7034e-03
3.9972e+03, 7.0991e-03
3.9975e+03, 1.0540e-02
3.9977e+03, 1.5390e-02
3.9979e+03, 2.2011e-02
3.9983e+03, 4.2064e-02
3.9987e+03, 7.3548e-02
3.9992e+03, 1.1752e-01
3.9996e+03, 1.7269e-01
4.0000e+03, 2.3425e-01
4.0000e+03, 4.6836e-01
5.0000e+03, 4.1949e-01
6.0000e+03, 3.8325e-01
7.0000e+03, 3.5462e-01
8.0000e+03, 3.3107e-01
9.0000e+03, 3.1114e-01
1.0000e+04, 2.9397e-01
1.1250e+04, 2.7428e-01
1.2500e+04, 2.5778e-01
1.5000e+04, 2.3154e-01
1.7500e+04, 2.1146e-01
2.0000e+04, 1.9547e-01
2.2500e+04, 1.8114e-01
2.5000e+04, 1.6922e-01
3.0000e+04, 1.5041e-01
3.5000e+04, 1.3580e-01
4.0000e+04, 1.2429e-01
4.5000e+04, 1.1503e-01
5.0000e+04, 1.0734e-01
6.0000e+04, 9.5496e-02
7.0000e+04, 8.6760e-02
8.0000e+04, 8.0049e-02
9.0000e+04, 9.4024e-02
1.0000e+05, 9.1065e-02
1.2500e+05, 8.6194e-02
1.5000e+05, 8.2409e-02
2.0000e+05, 7.6771e-02
3.0000e+05, 7.1797e-02
4.0000e+05, 7.7921e-02
5.0000e+05, 8.1033e-02
5.4000e+05, 8.2550e-02
5.4016e+05, 8.2361e-02
5.5358e+05, 6.8309e-02
5.6700e+05, 5.6908e-02
6.0000e+05, 5.0243e-02
6.5000e+05, 4.6771e-02
7.0000e+05, 4.3771e-02
7.2200e+05, 4.3246e-02
8.0000e+05, 4.5464e-02
8.7800e+05, 4.5954e-02
9.0000e+05, 4.6047e-02
1.0000e+06, 4.7527e-02
1.0330e+06, 4.8147e-02
1.1310e+06, 4.9862e-02
1.1880e+06, 4.6162e-02
1.2100e+06, 4.5692e-02
1.2130e+06, 4.5646e-02
1.2134e+06, 4.5563e-02
1.2310e+06, 4.1608e-02
1.2520e+06, 4.0293e-02
1.2740e+06, 3.9383e-02
1.3880e+06, 3.7438e-02
1.5000e+06, 3.7487e-02
1.6140e+06, 3.8038e-02
1.6460e+06, 3.8119e-02
1.7280e+06, 3.7276e-02
1.7740e+06, 3.7295e-02
1.8210e+06, 3.7455e-02
1.8220e+06, 3.7443e-02
1.8670e+06, 3.6952e-02
1.9130e+06, 3.6893e-02
1.9490e+06, 3.6932e-02
1.9590e+06, 3.6956e-02
1.9591e+06, 3.6951e-02
1.9850e+06, 3.5669e-02
2.0000e+06, 3.5722e-02
2.0210e+06, 3.5806e-02
2.0570e+06, 3.5992e-02
2.1000e+06, 3.6250e-02
2.1000e+06, 3.6250e-02
2.2269e+06, 3.5960e-02
2.5000e+06, 3.5394e-02
2.7500e+06, 3.0965e-02
3.0000e+06, 2.7408e-02
3.1250e+06, 2.4659e-02
3.2500e+06, 2.2278e-02
3.3750e+06, 2.0204e-02
3.5000e+06, 1.8388e-02
3.6250e+06, 1.6186e-02
3.7500e+06, 1.4310e-02
3.8750e+06, 1.2702e-02
4.0000e+06, 1.1318e-02
4.1250e+06, 9.8257e-03
4.2500e+06, 8.5662e-03
4.3750e+06, 7.4979e-03
4.5000e+06, 6.5875e-03
4.6250e+06, 5.6601e-03
4.7500e+06, 4.8830e-03
4.8750e+06, 4.2288e-03
5.0000e+06, 3.6756e-03
5.1250e+06, 3.1344e-03
5.2500e+06, 2.6832e-03
5.3750e+06, 2.3054e-03
5.5000e+06, 1.9877e-03
5.6250e+06, 1.6865e-03
5.7500e+06, 1.4361e-03
5.8750e+06, 1.2272e-03
6.0000e+06, 1.0521e-03
6.1228e+06, 8.9847e-04
6.2457e+06, 7.6969e-04
6.3686e+06, 6.6135e-04
6.4914e+06, 5.6992e-04
6.4914e+06, 5.6990e-04
6.5000e+06, 5.6407e-04
6.6250e+06, 4.8027e-04
6.7500e+06, 4.1015e-04
6.8750e+06, 3.5129e-04
7.0000e+06, 3.0171e-04
7.1250e+06, 2.5672e-04
7.2500e+06, 2.1905e-04
7.3750e+06, 1.8741e-04
7.5000e+06, 1.6077e-04
7.6250e+06, 1.3697e-04
7.7500e+06, 1.1700e-04
7.8750e+06, 1.0019e-04
8.0000e+06, 8.6011e-05
8.1250e+06, 7.3436e-05
8.2500e+06, 6.2851e-05
8.3750e+06, 5.3917e-05
8.5000e+06, 4.6359e-05
8.6250e+06, 3.9719e-05
8.7500e+06, 3.4106e-05
8.8750e+06, 2.9349e-05
9.0000e+06, 2.5309e-05
9.0938e+06, 2.2586e-05
9.2118e+06, 1.9604e-05
9.3299e+06, 1.7046e-05
9.4150e+06, 1.5430e-05
9.5000e+06, 1.3979e-05
1.0000e+07, 7.2214e-06
1.1000e+07, 0.0000e+00
1.2000e+07, 0.0000e+00
1.3000e+07, 0.0000e+00
1.4000e+07, 0.0000e+00
1.5000e+07, 0.0000e+00
1.6000e+07, 0.0000e+00
1.6289e+07, 0.0000e+00
1.7000e+07, 0.0000e+00
1.8000e+07, 0.0000e+00
1.9000e+07, 0.0000e+00
2.0000e+07, 0.0000e+00
