ebin, xs
1.0000e-05, 1.3086e+01
1.0625e-05, 1.2696e+01
1.1250e-05, 1.2338e+01
1.1875e-05, 1.2009e+01
1.2500e-05, 1.1705e+01
1.3750e-05, 1.1160e+01
1.5000e-05, 1.0685e+01
1.6250e-05, 1.0266e+01
1.7500e-05, 9.8923e+00
1.8750e-05, 9.5569e+00
2.0000e-05, 9.2534e+00
2.1875e-05, 8.8480e+00
2.3750e-05, 8.4915e+00
2.5625e-05, 8.1750e+00
2.7500e-05, 7.8914e+00
2.9375e-05, 7.6354e+00
3.1250e-05, 7.4028e+00
3.3125e-05, 7.1902e+00
3.5000e-05, 6.9950e+00
3.8750e-05, 6.6479e+00
4.2500e-05, 6.3479e+00
4.6250e-05, 6.0851e+00
5.0000e-05, 5.8525e+00
5.3125e-05, 5.6777e+00
5.6250e-05, 5.5178e+00
5.9375e-05, 5.3706e+00
6.2500e-05, 5.2346e+00
6.8750e-05, 4.9910e+00
7.5000e-05, 4.7786e+00
8.1250e-05, 4.5911e+00
8.7500e-05, 4.4241e+00
9.3750e-05, 4.2741e+00
1.0000e-04, 4.1384e+00
1.0625e-04, 4.0148e+00
1.1250e-04, 3.9017e+00
1.1875e-04, 3.7977e+00
1.2500e-04, 3.7015e+00
1.3750e-04, 3.5293e+00
1.5000e-04, 3.3790e+00
1.6250e-04, 3.2465e+00
1.7500e-04, 3.1284e+00
1.8750e-04, 3.0224e+00
2.0000e-04, 2.9264e+00
2.1875e-04, 2.7982e+00
2.3750e-04, 2.6855e+00
2.5625e-04, 2.5854e+00
2.7500e-04, 2.4957e+00
2.9375e-04, 2.4148e+00
3.1250e-04, 2.3412e+00
3.3125e-04, 2.2740e+00
3.5000e-04, 2.2123e+00
3.8750e-04, 2.1025e+00
4.2500e-04, 2.0076e+00
4.6250e-04, 1.9245e+00
5.0000e-04, 1.8510e+00
5.3125e-04, 1.7957e+00
5.6250e-04, 1.7452e+00
5.9375e-04, 1.6986e+00
6.2500e-04, 1.6556e+00
6.8750e-04, 1.5786e+00
7.5000e-04, 1.5114e+00
8.1250e-04, 1.4522e+00
8.7500e-04, 1.3993e+00
9.3750e-04, 1.3519e+00
1.0000e-03, 1.3090e+00
1.0625e-03, 1.2699e+00
1.1250e-03, 1.2342e+00
1.1875e-03, 1.2013e+00
1.2500e-03, 1.1709e+00
1.3750e-03, 1.1164e+00
1.5000e-03, 1.0689e+00
1.6250e-03, 1.0270e+00
1.7500e-03, 9.8967e-01
1.8750e-03, 9.5613e-01
2.0000e-03, 9.2579e-01
2.1875e-03, 8.8526e-01
2.3750e-03, 8.4962e-01
2.5625e-03, 8.1797e-01
2.7500e-03, 7.8962e-01
2.9375e-03, 7.6402e-01
3.1250e-03, 7.4077e-01
3.3125e-03, 7.1952e-01
3.5000e-03, 7.0000e-01
3.8750e-03, 6.6530e-01
4.2500e-03, 6.3530e-01
4.6250e-03, 6.0902e-01
5.0000e-03, 5.8576e-01
5.3125e-03, 5.6829e-01
5.6250e-03, 5.5229e-01
5.9375e-03, 5.3758e-01
6.2500e-03, 5.2398e-01
6.8750e-03, 4.9963e-01
7.5000e-03, 4.7838e-01
8.1250e-03, 4.5963e-01
8.7500e-03, 4.4293e-01
9.3750e-03, 4.2792e-01
1.0000e-02, 4.1435e-01
1.0625e-02, 4.0200e-01
1.1250e-02, 3.9070e-01
1.1875e-02, 3.8030e-01
1.2500e-02, 3.7069e-01
1.3750e-02, 3.5348e-01
1.5000e-02, 3.3846e-01
1.6250e-02, 3.2520e-01
1.7500e-02, 3.1338e-01
1.8750e-02, 3.0277e-01
2.0000e-02, 2.9317e-01
2.1325e-02, 2.8393e-01
2.2650e-02, 2.7551e-01
2.3975e-02, 2.6781e-01
2.5300e-02, 2.6073e-01
2.6844e-02, 2.5316e-01
2.8387e-02, 2.4621e-01
3.1475e-02, 2.3388e-01
3.4563e-02, 2.2321e-01
3.7650e-02, 2.1387e-01
4.0738e-02, 2.0562e-01
4.3825e-02, 1.9826e-01
4.6913e-02, 1.9164e-01
5.0000e-02, 1.8564e-01
5.3125e-02, 1.8011e-01
5.6250e-02, 1.7505e-01
5.9375e-02, 1.7041e-01
6.2500e-02, 1.6612e-01
6.8750e-02, 1.5844e-01
7.5000e-02, 1.5171e-01
8.1250e-02, 1.4578e-01
8.7500e-02, 1.4049e-01
9.3750e-02, 1.3574e-01
1.0000e-01, 1.3144e-01
1.0625e-01, 1.2753e-01
1.1250e-01, 1.2395e-01
1.1875e-01, 1.2067e-01
1.2500e-01, 1.1764e-01
1.3750e-01, 1.1221e-01
1.5000e-01, 1.0745e-01
1.6250e-01, 1.0325e-01
1.7500e-01, 9.9512e-02
1.8750e-01, 9.6155e-02
2.0000e-01, 9.3128e-02
2.1875e-01, 8.9078e-02
2.3750e-01, 8.5507e-02
2.5625e-01, 8.2336e-02
2.7500e-01, 7.9495e-02
2.9375e-01, 7.6931e-02
3.1250e-01, 7.4602e-02
3.3125e-01, 7.2475e-02
3.5000e-01, 7.0534e-02
3.8750e-01, 6.7071e-02
4.2500e-01, 6.4062e-02
5.0000e-01, 5.9107e-02
6.2500e-01, 5.2920e-02
7.5000e-01, 4.8346e-02
8.7500e-01, 4.4800e-02
1.0000e+00, 4.1941e-02
1.2500e+00, 3.7554e-02
1.5000e+00, 3.4315e-02
1.7500e+00, 3.1802e-02
2.0000e+00, 2.9774e-02
2.3750e+00, 2.7351e-02
2.7500e+00, 2.5444e-02
3.1250e+00, 2.3886e-02
3.5000e+00, 2.2586e-02
4.2500e+00, 2.0520e-02
5.0000e+00, 1.8937e-02
6.2500e+00, 1.6958e-02
7.5000e+00, 1.5492e-02
8.7500e+00, 1.4351e-02
1.0000e+01, 1.3429e-02
1.2500e+01, 1.2012e-02
1.5000e+01, 1.0960e-02
1.7500e+01, 1.0140e-02
2.0000e+01, 9.4749e-03
2.3750e+01, 8.6775e-03
2.7500e+01, 8.0453e-03
3.1250e+01, 7.5271e-03
3.5000e+01, 7.0920e-03
3.8750e+01, 6.7196e-03
4.2500e+01, 6.3960e-03
5.0000e+01, 5.8577e-03
6.2500e+01, 5.1785e-03
7.5000e+01, 4.6706e-03
8.7500e+01, 4.2718e-03
1.0000e+02, 3.9476e-03
1.1250e+02, 3.6772e-03
1.2500e+02, 3.4472e-03
1.5000e+02, 3.0752e-03
1.7500e+02, 2.7853e-03
2.0000e+02, 2.5520e-03
2.3750e+02, 2.2755e-03
2.7500e+02, 2.0605e-03
3.1250e+02, 1.8883e-03
3.5000e+02, 1.7476e-03
3.8750e+02, 1.6305e-03
4.2500e+02, 1.5318e-03
5.0000e+02, 1.3752e-03
5.6250e+02, 1.2748e-03
6.2500e+02, 1.1940e-03
6.8750e+02, 1.1279e-03
7.5000e+02, 1.0731e-03
8.7500e+02, 9.8821e-04
1.0000e+03, 9.2640e-04
1.1250e+03, 8.8003e-04
1.2500e+03, 8.4443e-04
1.5000e+03, 7.9443e-04
1.7500e+03, 7.6258e-04
1.9375e+03, 7.4904e-04
2.0000e+03, 7.4980e-04
2.0770e+03, 7.7917e-04
2.1113e+03, 8.8602e-04
2.1284e+03, 1.1582e-03
2.1327e+03, 1.3571e-03
2.1370e+03, 1.6967e-03
2.1413e+03, 2.4861e-03
2.1434e+03, 3.2997e-03
2.1456e+03, 4.7819e-03
2.1473e+03, 7.4059e-03
2.1482e+03, 9.8053e-03
2.1491e+03, 1.3818e-02
2.1495e+03, 1.7094e-02
2.1500e+03, 2.2584e-02
2.1502e+03, 2.7457e-02
2.1504e+03, 3.5814e-02
2.1506e+03, 5.1479e-02
2.1509e+03, 8.1972e-02
2.1510e+03, 1.0718e-01
2.1511e+03, 1.4206e-01
2.1512e+03, 1.9082e-01
2.1513e+03, 2.5708e-01
2.1514e+03, 3.4772e-01
2.1515e+03, 4.6791e-01
2.1516e+03, 6.2794e-01
2.1517e+03, 8.3412e-01
2.1519e+03, 1.1005e+00
2.1520e+03, 1.4330e+00
2.1520e+03, 1.6320e+00
2.1521e+03, 1.8488e+00
2.1521e+03, 2.0879e+00
2.1522e+03, 2.3506e+00
2.1523e+03, 2.9566e+00
2.1524e+03, 3.6622e+00
2.1525e+03, 4.4753e+00
2.1526e+03, 5.3943e+00
2.1527e+03, 6.4894e+00
2.1529e+03, 7.6709e+00
2.1531e+03, 1.0224e+01
2.1533e+03, 1.2762e+01
2.1534e+03, 1.3915e+01
2.1536e+03, 1.4913e+01
2.1537e+03, 1.5805e+01
2.1538e+03, 1.6408e+01
2.1539e+03, 1.6628e+01
2.1540e+03, 1.6691e+01
2.1540e+03, 1.6705e+01
2.1540e+03, 1.6705e+01
2.1540e+03, 1.6702e+01
2.1540e+03, 1.6694e+01
2.1541e+03, 1.6652e+01
2.1541e+03, 1.6503e+01
2.1543e+03, 1.5795e+01
2.1544e+03, 1.4946e+01
2.1546e+03, 1.3880e+01
2.1548e+03, 1.1330e+01
2.1550e+03, 9.0481e+00
2.1552e+03, 6.8794e+00
2.1553e+03, 5.8787e+00
2.1554e+03, 4.9696e+00
2.1555e+03, 4.1503e+00
2.1556e+03, 3.4250e+00
2.1557e+03, 2.7877e+00
2.1558e+03, 2.2474e+00
2.1559e+03, 1.7918e+00
2.1560e+03, 1.4135e+00
2.1561e+03, 1.1039e+00
2.1562e+03, 8.5417e-01
2.1564e+03, 6.5554e-01
2.1565e+03, 4.9966e-01
2.1566e+03, 3.6979e-01
2.1567e+03, 2.7355e-01
2.1568e+03, 2.0190e-01
2.1569e+03, 1.5014e-01
2.1570e+03, 1.1247e-01
2.1571e+03, 8.5777e-02
2.1573e+03, 5.3245e-02
2.1576e+03, 3.6651e-02
2.1578e+03, 2.7911e-02
2.1582e+03, 1.9571e-02
2.1591e+03, 1.2600e-02
2.1600e+03, 9.0992e-03
2.1609e+03, 6.9724e-03
2.1618e+03, 5.5563e-03
2.1636e+03, 3.8638e-03
2.1654e+03, 2.9509e-03
2.1671e+03, 2.3951e-03
2.1707e+03, 1.7431e-03
2.1743e+03, 1.4070e-03
2.1780e+03, 1.2240e-03
2.1853e+03, 1.0169e-03
2.1999e+03, 8.6000e-04
2.2291e+03, 7.7635e-04
2.2874e+03, 7.3654e-04
2.3319e+03, 7.2736e-04
2.4208e+03, 7.1821e-04
2.6321e+03, 7.0714e-04
2.8433e+03, 6.9984e-04
3.2657e+03, 6.8970e-04
4.1106e+03, 6.7814e-04
5.0000e+03, 6.7187e-04
6.2500e+03, 6.6729e-04
6.5625e+03, 6.6656e-04
7.5000e+03, 6.6493e-04
8.7500e+03, 6.6360e-04
1.0000e+04, 6.6282e-04
1.3143e+04, 6.6231e-04
1.6023e+04, 6.6577e-04
1.7202e+04, 6.8043e-04
1.7759e+04, 7.3069e-04
1.7906e+04, 7.8005e-04
1.8053e+04, 9.0591e-04
1.8135e+04, 1.0868e-03
1.8176e+04, 1.2642e-03
1.8217e+04, 1.5741e-03
1.8237e+04, 1.8296e-03
1.8258e+04, 2.2083e-03
1.8278e+04, 2.8063e-03
1.8288e+04, 3.2415e-03
1.8299e+04, 3.8186e-03
1.8310e+04, 4.7173e-03
1.8316e+04, 5.3166e-03
1.8321e+04, 6.0562e-03
1.8327e+04, 6.9868e-03
1.8332e+04, 8.1748e-03
1.8338e+04, 9.7285e-03
1.8344e+04, 1.1802e-02
1.8347e+04, 1.3231e-02
1.8350e+04, 1.4942e-02
1.8353e+04, 1.7029e-02
1.8356e+04, 1.9597e-02
1.8359e+04, 2.2792e-02
1.8362e+04, 2.6819e-02
1.8365e+04, 3.1968e-02
1.8367e+04, 3.5074e-02
1.8368e+04, 3.8623e-02
1.8371e+04, 4.6234e-02
1.8372e+04, 5.0826e-02
1.8374e+04, 5.5994e-02
1.8375e+04, 6.1895e-02
1.8376e+04, 6.8523e-02
1.8378e+04, 7.5996e-02
1.8379e+04, 8.4371e-02
1.8382e+04, 1.0396e-01
1.8384e+04, 1.2648e-01
1.8387e+04, 1.4945e-01
1.8389e+04, 1.5957e-01
1.8390e+04, 1.6786e-01
1.8391e+04, 1.7423e-01
1.8393e+04, 1.7643e-01
1.8394e+04, 1.7512e-01
1.8395e+04, 1.7139e-01
1.8397e+04, 1.6551e-01
1.8398e+04, 1.5788e-01
1.8400e+04, 1.3925e-01
1.8402e+04, 1.1910e-01
1.8405e+04, 1.0007e-01
1.8407e+04, 8.3492e-02
1.8409e+04, 6.9699e-02
1.8412e+04, 5.8480e-02
1.8413e+04, 5.2949e-02
1.8414e+04, 4.8110e-02
1.8417e+04, 4.0046e-02
1.8420e+04, 3.3736e-02
1.8423e+04, 2.8772e-02
1.8425e+04, 2.4797e-02
1.8428e+04, 2.1583e-02
1.8431e+04, 1.8932e-02
1.8434e+04, 1.6746e-02
1.8438e+04, 1.4002e-02
1.8442e+04, 1.1897e-02
1.8446e+04, 1.0246e-02
1.8451e+04, 8.9300e-03
1.8455e+04, 7.8647e-03
1.8459e+04, 6.9909e-03
1.8468e+04, 5.6626e-03
1.8476e+04, 4.7102e-03
1.8485e+04, 4.0018e-03
1.8493e+04, 3.4630e-03
1.8502e+04, 3.0451e-03
1.8519e+04, 2.4469e-03
1.8536e+04, 2.0483e-03
1.8569e+04, 1.5844e-03
1.8602e+04, 1.3189e-03
1.8667e+04, 1.0431e-03
1.8785e+04, 8.4825e-04
1.8904e+04, 7.7165e-04
1.8954e+04, 7.5293e-04
1.9003e+04, 7.3861e-04
1.9103e+04, 7.1845e-04
1.9452e+04, 6.8693e-04
1.9801e+04, 6.7569e-04
2.0000e+04, 6.7227e-04
2.0610e+04, 6.6689e-04
2.0732e+04, 6.6628e-04
2.1221e+04, 6.6457e-04
2.2258e+04, 6.6285e-04
2.3295e+04, 6.6210e-04
2.5370e+04, 6.6152e-04
3.0741e+04, 6.6186e-04
3.2877e+04, 6.6341e-04
3.3945e+04, 6.6698e-04
3.5013e+04, 6.9927e-04
3.5203e+04, 7.4048e-04
3.5394e+04, 9.1982e-04
3.5455e+04, 1.1336e-03
3.5486e+04, 1.3547e-03
3.5516e+04, 1.7815e-03
3.5543e+04, 2.5824e-03
3.5556e+04, 3.3530e-03
3.5563e+04, 3.9263e-03
3.5570e+04, 4.7032e-03
3.5577e+04, 5.8916e-03
3.5584e+04, 7.6815e-03
3.5587e+04, 8.9415e-03
3.5591e+04, 1.0575e-02
3.5595e+04, 1.2756e-02
3.5598e+04, 1.5735e-02
3.5600e+04, 1.7803e-02
3.5602e+04, 2.0323e-02
3.5604e+04, 2.3438e-02
3.5606e+04, 2.7323e-02
3.5608e+04, 3.2312e-02
3.5610e+04, 3.8817e-02
3.5611e+04, 4.2852e-02
3.5612e+04, 4.7485e-02
3.5613e+04, 5.2884e-02
3.5613e+04, 5.9203e-02
3.5615e+04, 6.9587e-02
3.5616e+04, 8.2428e-02
3.5617e+04, 9.8514e-02
3.5619e+04, 1.1814e-01
3.5620e+04, 1.4196e-01
3.5621e+04, 1.6951e-01
3.5624e+04, 2.3233e-01
3.5625e+04, 2.6379e-01
3.5626e+04, 2.8994e-01
3.5628e+04, 3.0754e-01
3.5629e+04, 3.1367e-01
3.5630e+04, 3.0945e-01
3.5631e+04, 2.9746e-01
3.5632e+04, 2.7873e-01
3.5633e+04, 2.5544e-01
3.5635e+04, 2.0246e-01
3.5638e+04, 1.5258e-01
3.5639e+04, 1.2732e-01
3.5640e+04, 1.0609e-01
3.5641e+04, 8.8700e-02
3.5643e+04, 7.4648e-02
3.5644e+04, 6.3359e-02
3.5645e+04, 5.4279e-02
3.5647e+04, 4.6935e-02
3.5648e+04, 4.0949e-02
3.5649e+04, 3.6590e-02
3.5650e+04, 3.2889e-02
3.5652e+04, 2.7000e-02
3.5655e+04, 2.2582e-02
3.5657e+04, 1.9190e-02
3.5659e+04, 1.6530e-02
3.5661e+04, 1.4404e-02
3.5664e+04, 1.2676e-02
3.5666e+04, 1.1253e-02
3.5670e+04, 9.3332e-03
3.5673e+04, 7.8951e-03
3.5677e+04, 6.7874e-03
3.5681e+04, 5.9162e-03
3.5689e+04, 4.6530e-03
3.5696e+04, 3.7999e-03
3.5711e+04, 2.8079e-03
3.5725e+04, 2.2219e-03
3.5753e+04, 1.5928e-03
3.5785e+04, 1.2507e-03
3.5817e+04, 1.0671e-03
3.5881e+04, 8.8782e-04
3.6086e+04, 7.3111e-04
3.6782e+04, 6.7360e-04
3.7438e+04, 6.6758e-04
3.8831e+04, 6.6579e-04
4.0224e+04, 6.6717e-04
4.1698e+04, 6.7155e-04
4.3173e+04, 6.8377e-04
4.3952e+04, 7.0098e-04
4.4341e+04, 7.1755e-04
4.4535e+04, 7.2981e-04
4.4730e+04, 7.4644e-04
4.4935e+04, 7.7153e-04
4.5140e+04, 8.0853e-04
4.5242e+04, 8.3473e-04
4.5345e+04, 8.6808e-04
4.5447e+04, 9.1110e-04
4.5549e+04, 9.6776e-04
4.5606e+04, 1.0081e-03
4.5662e+04, 1.0559e-03
4.5718e+04, 1.1136e-03
4.5775e+04, 1.1848e-03
4.5831e+04, 1.2713e-03
4.5887e+04, 1.3801e-03
4.5944e+04, 1.5165e-03
4.6000e+04, 1.6865e-03
4.6051e+04, 1.8833e-03
4.6103e+04, 2.1250e-03
4.6154e+04, 2.4141e-03
4.6205e+04, 2.7558e-03
4.6308e+04, 3.4783e-03
4.6333e+04, 3.6268e-03
4.6359e+04, 3.7359e-03
4.6384e+04, 3.8079e-03
4.6410e+04, 3.8353e-03
4.6441e+04, 3.7910e-03
4.6472e+04, 3.6776e-03
4.6503e+04, 3.5124e-03
4.6533e+04, 3.3122e-03
4.6657e+04, 2.4507e-03
4.6688e+04, 2.2672e-03
4.6718e+04, 2.1053e-03
4.6749e+04, 1.9533e-03
4.6780e+04, 1.8270e-03
4.6811e+04, 1.7103e-03
4.6842e+04, 1.6094e-03
4.6903e+04, 1.4409e-03
4.6974e+04, 1.2959e-03
4.7010e+04, 1.2351e-03
4.7045e+04, 1.1840e-03
4.7116e+04, 1.0977e-03
4.7187e+04, 1.0312e-03
4.7258e+04, 9.7748e-04
4.7329e+04, 9.3480e-04
4.7471e+04, 8.7098e-04
4.7594e+04, 8.3221e-04
4.7716e+04, 8.0315e-04
4.7839e+04, 7.8060e-04
4.7961e+04, 7.6320e-04
4.8207e+04, 7.3787e-04
4.8452e+04, 7.2072e-04
4.8839e+04, 7.0344e-04
4.9226e+04, 6.9269e-04
5.0000e+04, 6.8042e-04
5.1147e+04, 6.7205e-04
5.2293e+04, 6.6808e-04
5.3440e+04, 6.6593e-04
5.4013e+04, 6.6523e-04
5.6306e+04, 6.6413e-04
5.6880e+04, 6.6444e-04
5.7453e+04, 6.6546e-04
5.8026e+04, 6.6885e-04
5.8313e+04, 6.7374e-04
5.8653e+04, 6.9348e-04
5.8824e+04, 7.3034e-04
5.8909e+04, 7.8067e-04
5.8994e+04, 9.1307e-04
5.9050e+04, 1.1781e-03
5.9078e+04, 1.5045e-03
5.9092e+04, 1.7970e-03
5.9106e+04, 2.2732e-03
5.9115e+04, 2.7589e-03
5.9124e+04, 3.5019e-03
5.9133e+04, 4.7199e-03
5.9137e+04, 5.6520e-03
5.9142e+04, 6.9474e-03
5.9146e+04, 8.8310e-03
5.9148e+04, 1.0109e-02
5.9151e+04, 1.1714e-02
5.9153e+04, 1.3771e-02
5.9155e+04, 1.6467e-02
5.9157e+04, 2.0092e-02
5.9158e+04, 2.2385e-02
5.9160e+04, 2.5096e-02
5.9161e+04, 2.9681e-02
5.9163e+04, 3.5541e-02
5.9164e+04, 4.3041e-02
5.9166e+04, 5.2577e-02
5.9167e+04, 6.4499e-02
5.9169e+04, 7.8975e-02
5.9170e+04, 9.5819e-02
5.9172e+04, 1.1431e-01
5.9174e+04, 1.3606e-01
5.9175e+04, 1.5509e-01
5.9176e+04, 1.6260e-01
5.9177e+04, 1.6826e-01
5.9178e+04, 1.7178e-01
5.9179e+04, 1.7297e-01
5.9180e+04, 1.7054e-01
5.9182e+04, 1.6353e-01
5.9183e+04, 1.5267e-01
5.9184e+04, 1.3904e-01
5.9187e+04, 1.0828e-01
5.9188e+04, 9.3250e-02
5.9189e+04, 7.9556e-02
5.9191e+04, 6.6030e-02
5.9192e+04, 5.4680e-02
5.9193e+04, 4.5405e-02
5.9195e+04, 3.7997e-02
5.9196e+04, 3.2045e-02
5.9198e+04, 2.7333e-02
5.9199e+04, 2.3535e-02
5.9200e+04, 2.0493e-02
5.9203e+04, 1.6469e-02
5.9205e+04, 1.3557e-02
5.9208e+04, 1.1386e-02
5.9210e+04, 9.7220e-03
5.9213e+04, 8.4189e-03
5.9215e+04, 7.3790e-03
5.9220e+04, 5.8462e-03
5.9225e+04, 4.7861e-03
5.9230e+04, 4.0246e-03
5.9240e+04, 3.0181e-03
5.9249e+04, 2.4040e-03
5.9259e+04, 2.0045e-03
5.9290e+04, 1.3600e-03
5.9321e+04, 1.0902e-03
5.9383e+04, 8.6926e-04
5.9581e+04, 7.1542e-04
5.9647e+04, 7.0144e-04
5.9713e+04, 6.9233e-04
5.9944e+04, 6.7684e-04
6.0174e+04, 6.7082e-04
6.0636e+04, 6.6604e-04
6.0768e+04, 6.6538e-04
6.1032e+04, 6.6447e-04
6.1823e+04, 6.6320e-04
6.2879e+04, 6.6274e-04
6.3934e+04, 6.6293e-04
6.4989e+04, 6.6404e-04
6.6012e+04, 6.6840e-04
6.7034e+04, 7.1226e-04
6.7199e+04, 7.5712e-04
6.7364e+04, 9.0316e-04
6.7430e+04, 1.0751e-03
6.7463e+04, 1.2377e-03
6.7496e+04, 1.5211e-03
6.7513e+04, 1.7653e-03
6.7531e+04, 2.1294e-03
6.7548e+04, 2.7026e-03
6.7557e+04, 3.1238e-03
6.7566e+04, 3.6902e-03
6.7576e+04, 4.5850e-03
6.7581e+04, 5.1866e-03
6.7586e+04, 5.9329e-03
6.7590e+04, 6.8759e-03
6.7595e+04, 8.0806e-03
6.7600e+04, 9.6557e-03
6.7603e+04, 1.0629e-02
6.7605e+04, 1.1756e-02
6.7608e+04, 1.3308e-02
6.7611e+04, 1.5173e-02
6.7614e+04, 1.7432e-02
6.7616e+04, 2.0182e-02
6.7619e+04, 2.3542e-02
6.7622e+04, 2.7604e-02
6.7625e+04, 3.2467e-02
6.7628e+04, 3.8149e-02
6.7636e+04, 5.6868e-02
6.7638e+04, 6.0969e-02
6.7640e+04, 6.4192e-02
6.7642e+04, 6.6263e-02
6.7644e+04, 6.6976e-02
6.7646e+04, 6.6559e-02
6.7647e+04, 6.5351e-02
6.7650e+04, 6.0859e-02
6.7653e+04, 5.4440e-02
6.7656e+04, 4.7238e-02
6.7659e+04, 4.0138e-02
6.7662e+04, 3.3744e-02
6.7665e+04, 2.8294e-02
6.7669e+04, 2.3809e-02
6.7672e+04, 2.0112e-02
6.7675e+04, 1.7142e-02
6.7678e+04, 1.4745e-02
6.7681e+04, 1.2800e-02
6.7684e+04, 1.1212e-02
6.7687e+04, 9.9038e-03
6.7690e+04, 8.8172e-03
6.7693e+04, 7.9056e-03
6.7699e+04, 6.5762e-03
6.7705e+04, 5.5733e-03
6.7710e+04, 4.8015e-03
6.7716e+04, 4.1971e-03
6.7722e+04, 3.7139e-03
6.7727e+04, 3.3231e-03
6.7739e+04, 2.7361e-03
6.7750e+04, 2.3410e-03
6.7761e+04, 2.0467e-03
6.7782e+04, 1.6493e-03
6.7804e+04, 1.4009e-03
6.7826e+04, 1.2356e-03
6.7867e+04, 1.0439e-03
6.7908e+04, 9.3357e-04
6.7991e+04, 8.1936e-04
6.8156e+04, 7.3388e-04
6.8322e+04, 7.0278e-04
6.8653e+04, 6.8001e-04
6.8851e+04, 6.7436e-04
6.8983e+04, 6.7190e-04
6.9314e+04, 6.6815e-04
6.9645e+04, 6.6607e-04
6.9777e+04, 6.6551e-04
7.0042e+04, 6.6467e-04
7.0836e+04, 6.6338e-04
7.2952e+04, 6.6353e-04
7.4540e+04, 6.6988e-04
7.4805e+04, 6.7371e-04
7.5268e+04, 6.9104e-04
7.5731e+04, 7.9233e-04
7.5838e+04, 8.9818e-04
7.5892e+04, 1.0070e-03
7.5946e+04, 1.2111e-03
7.5969e+04, 1.3554e-03
7.5991e+04, 1.5656e-03
7.6014e+04, 1.8871e-03
7.6025e+04, 2.1156e-03
7.6037e+04, 2.4137e-03
7.6050e+04, 2.8972e-03
7.6057e+04, 3.2140e-03
7.6064e+04, 3.6041e-03
7.6070e+04, 4.0901e-03
7.6077e+04, 4.7033e-03
7.6084e+04, 5.4903e-03
7.6091e+04, 6.5177e-03
7.6096e+04, 7.5765e-03
7.6101e+04, 8.9274e-03
7.6107e+04, 1.0674e-02
7.6109e+04, 1.1737e-02
7.6112e+04, 1.2955e-02
7.6115e+04, 1.4358e-02
7.6117e+04, 1.5962e-02
7.6120e+04, 1.7799e-02
7.6123e+04, 1.9893e-02
7.6125e+04, 2.2271e-02
7.6128e+04, 2.4921e-02
7.6133e+04, 3.0943e-02
7.6142e+04, 4.0510e-02
7.6146e+04, 4.3766e-02
7.6148e+04, 4.4654e-02
7.6150e+04, 4.4953e-02
7.6152e+04, 4.4626e-02
7.6154e+04, 4.3678e-02
7.6156e+04, 4.2170e-02
7.6159e+04, 4.0219e-02
7.6163e+04, 3.5436e-02
7.6167e+04, 3.0267e-02
7.6172e+04, 2.5399e-02
7.6176e+04, 2.1176e-02
7.6180e+04, 1.7681e-02
7.6184e+04, 1.4855e-02
7.6189e+04, 1.2464e-02
7.6194e+04, 1.0575e-02
7.6198e+04, 9.0730e-03
7.6203e+04, 7.8716e-03
7.6207e+04, 6.8970e-03
7.6212e+04, 6.1016e-03
7.6217e+04, 5.4459e-03
7.6221e+04, 4.8995e-03
7.6230e+04, 4.1047e-03
7.6238e+04, 3.5102e-03
7.6246e+04, 3.0552e-03
7.6255e+04, 2.6999e-03
7.6271e+04, 2.1892e-03
7.6288e+04, 1.8481e-03
7.6304e+04, 1.6202e-03
7.6320e+04, 1.4503e-03
7.6352e+04, 1.2221e-03
7.6384e+04, 1.0801e-03
7.6416e+04, 9.8582e-04
7.6477e+04, 8.7699e-04
7.6538e+04, 8.1438e-04
7.6661e+04, 7.4990e-04
7.6905e+04, 7.0180e-04
7.7149e+04, 6.8440e-04
7.7930e+04, 6.6904e-04
7.8760e+04, 6.7086e-04
7.8919e+04, 6.7736e-04
7.9077e+04, 7.0354e-04
7.9144e+04, 7.4530e-04
7.9178e+04, 7.9669e-04
7.9212e+04, 9.1609e-04
7.9225e+04, 1.0178e-03
7.9239e+04, 1.1967e-03
7.9246e+04, 1.3423e-03
7.9253e+04, 1.5552e-03
7.9260e+04, 1.8898e-03
7.9266e+04, 2.4661e-03
7.9270e+04, 2.8913e-03
7.9273e+04, 3.4935e-03
7.9276e+04, 4.3991e-03
7.9279e+04, 5.8504e-03
7.9282e+04, 8.3850e-03
7.9284e+04, 1.0360e-02
7.9286e+04, 1.3034e-02
7.9286e+04, 1.4716e-02
7.9287e+04, 1.6662e-02
7.9288e+04, 1.8898e-02
7.9289e+04, 2.1445e-02
7.9290e+04, 2.4316e-02
7.9290e+04, 2.7515e-02
7.9291e+04, 3.1028e-02
7.9292e+04, 3.4777e-02
7.9292e+04, 3.6666e-02
7.9293e+04, 3.9638e-02
7.9294e+04, 4.2635e-02
7.9295e+04, 4.8723e-02
7.9296e+04, 5.4658e-02
7.9297e+04, 6.0070e-02
7.9300e+04, 6.9098e-02
7.9301e+04, 6.9756e-02
7.9302e+04, 6.9091e-02
7.9303e+04, 6.7163e-02
7.9304e+04, 6.4484e-02
7.9305e+04, 6.1082e-02
7.9306e+04, 5.7042e-02
7.9307e+04, 5.2633e-02
7.9308e+04, 4.3230e-02
7.9310e+04, 3.4189e-02
7.9313e+04, 2.1112e-02
7.9316e+04, 1.2888e-02
7.9318e+04, 1.0252e-02
7.9320e+04, 8.3139e-03
7.9323e+04, 5.8291e-03
7.9326e+04, 4.2861e-03
7.9330e+04, 3.3648e-03
7.9333e+04, 2.7625e-03
7.9337e+04, 2.3462e-03
7.9344e+04, 1.8183e-03
7.9350e+04, 1.5081e-03
7.9359e+04, 1.2793e-03
7.9367e+04, 1.1322e-03
7.9383e+04, 9.6140e-04
7.9416e+04, 8.1478e-04
7.9454e+04, 7.4838e-04
7.9492e+04, 7.1776e-04
7.9568e+04, 6.9069e-04
7.9740e+04, 6.7276e-04
7.9911e+04, 6.6753e-04
7.9952e+04, 6.6684e-04
8.0033e+04, 6.6579e-04
8.0113e+04, 6.6502e-04
8.0316e+04, 6.6379e-04
8.0518e+04, 6.6306e-04
8.0598e+04, 6.6286e-04
8.0922e+04, 6.6226e-04
8.1245e+04, 6.6190e-04
8.1569e+04, 6.6164e-04
8.2215e+04, 6.6131e-04
8.3185e+04, 6.6102e-04
8.4479e+04, 6.6080e-04
8.7066e+04, 6.6057e-04
9.3533e+04, 6.6036e-04
1.0000e+05, 6.6028e-04
1.1986e+05, 6.6028e-04
1.2317e+05, 6.6034e-04
1.2648e+05, 6.6048e-04
1.3089e+05, 6.6136e-04
1.3200e+05, 6.6225e-04
1.3255e+05, 6.6313e-04
1.3310e+05, 6.6473e-04
1.3455e+05, 6.9363e-04
1.3476e+05, 7.1863e-04
1.3486e+05, 7.4313e-04
1.3496e+05, 7.8677e-04
1.3502e+05, 8.2224e-04
1.3507e+05, 8.7502e-04
1.3512e+05, 9.5749e-04
1.3514e+05, 1.0172e-03
1.3517e+05, 1.0955e-03
1.3520e+05, 1.2225e-03
1.3522e+05, 1.3060e-03
1.3523e+05, 1.4066e-03
1.3525e+05, 1.5314e-03
1.3526e+05, 1.6860e-03
1.3528e+05, 1.8781e-03
1.3529e+05, 2.1149e-03
1.3530e+05, 2.3513e-03
1.3532e+05, 2.6279e-03
1.3533e+05, 2.9427e-03
1.3534e+05, 3.2842e-03
1.3537e+05, 3.9274e-03
1.3538e+05, 4.1391e-03
1.3539e+05, 4.2152e-03
1.3540e+05, 4.1783e-03
1.3541e+05, 4.0726e-03
1.3542e+05, 3.9098e-03
1.3542e+05, 3.7060e-03
1.3546e+05, 2.7859e-03
1.3547e+05, 2.3906e-03
1.3549e+05, 2.0707e-03
1.3551e+05, 1.8157e-03
1.3553e+05, 1.6169e-03
1.3554e+05, 1.4478e-03
1.3556e+05, 1.3174e-03
1.3558e+05, 1.2147e-03
1.3560e+05, 1.1336e-03
1.3564e+05, 1.0151e-03
1.3567e+05, 9.3512e-04
1.3571e+05, 8.8152e-04
1.3574e+05, 8.4162e-04
1.3581e+05, 7.8831e-04
1.3588e+05, 7.5529e-04
1.3596e+05, 7.3348e-04
1.3609e+05, 7.0855e-04
1.3622e+05, 6.9429e-04
1.3649e+05, 6.7979e-04
1.3740e+05, 6.6611e-04
1.3762e+05, 6.6503e-04
1.3783e+05, 6.6423e-04
1.3869e+05, 6.6242e-04
1.3976e+05, 6.6149e-04
1.4062e+05, 6.6112e-04
1.4320e+05, 6.6067e-04
1.5350e+05, 6.6072e-04
1.5693e+05, 6.6129e-04
1.5865e+05, 6.6211e-04
1.5994e+05, 6.6365e-04
1.6187e+05, 6.7943e-04
1.6216e+05, 6.9313e-04
1.6231e+05, 7.0674e-04
1.6246e+05, 7.3132e-04
1.6253e+05, 7.5207e-04
1.6261e+05, 7.8361e-04
1.6268e+05, 8.3469e-04
1.6272e+05, 8.7292e-04
1.6275e+05, 9.2424e-04
1.6279e+05, 9.9625e-04
1.6283e+05, 1.1007e-03
1.6285e+05, 1.1708e-03
1.6286e+05, 1.2568e-03
1.6288e+05, 1.3635e-03
1.6290e+05, 1.4965e-03
1.6292e+05, 1.6515e-03
1.6294e+05, 1.8407e-03
1.6295e+05, 2.0673e-03
1.6297e+05, 2.3279e-03
1.6301e+05, 2.8702e-03
1.6302e+05, 3.0637e-03
1.6303e+05, 3.1168e-03
1.6304e+05, 3.1349e-03
1.6305e+05, 3.1146e-03
1.6306e+05, 3.0570e-03
1.6308e+05, 2.8519e-03
1.6311e+05, 2.2914e-03
1.6313e+05, 2.0254e-03
1.6315e+05, 1.7993e-03
1.6316e+05, 1.6128e-03
1.6318e+05, 1.4615e-03
1.6320e+05, 1.3124e-03
1.6323e+05, 1.1981e-03
1.6325e+05, 1.1101e-03
1.6327e+05, 1.0411e-03
1.6332e+05, 9.4168e-04
1.6336e+05, 8.7627e-04
1.6340e+05, 8.3601e-04
1.6344e+05, 8.0614e-04
1.6352e+05, 7.6580e-04
1.6367e+05, 7.2429e-04
1.6383e+05, 7.0484e-04
1.6398e+05, 6.9458e-04
1.6430e+05, 6.8616e-04
1.6439e+05, 6.8539e-04
1.6474e+05, 6.8736e-04
1.6510e+05, 6.9953e-04
1.6528e+05, 7.1335e-04
1.6546e+05, 7.3935e-04
1.6554e+05, 7.6131e-04
1.6563e+05, 7.9445e-04
1.6572e+05, 8.4689e-04
1.6577e+05, 8.8539e-04
1.6581e+05, 9.3629e-04
1.6584e+05, 9.8406e-04
1.6588e+05, 1.0439e-03
1.6591e+05, 1.1196e-03
1.6594e+05, 1.2151e-03
1.6597e+05, 1.3362e-03
1.6601e+05, 1.4859e-03
1.6604e+05, 1.6642e-03
1.6607e+05, 1.8552e-03
1.6611e+05, 2.0614e-03
1.6613e+05, 2.1243e-03
1.6615e+05, 2.1462e-03
1.6617e+05, 2.1235e-03
1.6618e+05, 2.0801e-03
1.6620e+05, 2.0186e-03
1.6623e+05, 1.8600e-03
1.6629e+05, 1.5197e-03
1.6632e+05, 1.3764e-03
1.6635e+05, 1.2575e-03
1.6638e+05, 1.1610e-03
1.6641e+05, 1.0832e-03
1.6644e+05, 1.0086e-03
1.6648e+05, 9.5080e-04
1.6651e+05, 9.0547e-04
1.6655e+05, 8.7006e-04
1.6662e+05, 8.1753e-04
1.6669e+05, 7.8218e-04
1.6680e+05, 7.4594e-04
1.6692e+05, 7.2370e-04
1.6715e+05, 6.9910e-04
1.6736e+05, 6.8734e-04
1.6757e+05, 6.8025e-04
1.6798e+05, 6.7250e-04
1.6874e+05, 6.6665e-04
1.7118e+05, 6.6216e-04
1.7666e+05, 6.6093e-04
1.8092e+05, 6.6129e-04
1.8153e+05, 6.6152e-04
1.8312e+05, 6.6307e-04
1.8472e+05, 6.7513e-04
1.8506e+05, 6.8999e-04
1.8524e+05, 7.0725e-04
1.8541e+05, 7.4583e-04
1.8552e+05, 8.0470e-04
1.8558e+05, 8.5943e-04
1.8561e+05, 8.9869e-04
1.8563e+05, 9.5016e-04
1.8567e+05, 1.0402e-03
1.8569e+05, 1.1002e-03
1.8571e+05, 1.1738e-03
1.8572e+05, 1.2651e-03
1.8574e+05, 1.3795e-03
1.8576e+05, 1.5227e-03
1.8578e+05, 1.7011e-03
1.8579e+05, 1.8553e-03
1.8580e+05, 2.0290e-03
1.8583e+05, 2.4195e-03
1.8585e+05, 2.7767e-03
1.8587e+05, 2.8891e-03
1.8588e+05, 2.9289e-03
1.8589e+05, 2.8949e-03
1.8590e+05, 2.8166e-03
1.8591e+05, 2.7018e-03
1.8593e+05, 2.4118e-03
1.8597e+05, 1.8320e-03
1.8599e+05, 1.6087e-03
1.8601e+05, 1.4318e-03
1.8603e+05, 1.2939e-03
1.8605e+05, 1.1864e-03
1.8607e+05, 1.0962e-03
1.8609e+05, 1.0263e-03
1.8614e+05, 9.2720e-04
1.8618e+05, 8.6236e-04
1.8622e+05, 8.1834e-04
1.8631e+05, 7.6399e-04
1.8639e+05, 7.3328e-04
1.8657e+05, 7.0192e-04
1.8689e+05, 6.7964e-04
1.8722e+05, 6.7143e-04
1.8784e+05, 6.6556e-04
1.8996e+05, 6.6161e-04
1.9021e+05, 6.6148e-04
1.9046e+05, 6.6137e-04
1.9140e+05, 6.6108e-04
1.9233e+05, 6.6092e-04
1.9420e+05, 6.6074e-04
1.9794e+05, 6.6065e-04
2.1091e+05, 6.6145e-04
2.1639e+05, 6.6665e-04
2.1714e+05, 6.7445e-04
2.1746e+05, 6.9237e-04
2.1762e+05, 7.2699e-04
2.1770e+05, 7.8123e-04
2.1778e+05, 9.7762e-04
2.1780e+05, 1.1177e-03
2.1782e+05, 1.3741e-03
2.1783e+05, 1.6002e-03
2.1784e+05, 1.9514e-03
2.1785e+05, 2.2074e-03
2.1785e+05, 2.5499e-03
2.1786e+05, 3.0215e-03
2.1786e+05, 3.6922e-03
2.1786e+05, 4.2636e-03
2.1787e+05, 4.9979e-03
2.1787e+05, 5.9464e-03
2.1787e+05, 7.1244e-03
2.1788e+05, 8.6615e-03
2.1788e+05, 1.0493e-02
2.1788e+05, 1.2719e-02
2.1789e+05, 1.5113e-02
2.1789e+05, 1.7946e-02
2.1789e+05, 2.0387e-02
2.1790e+05, 2.2128e-02
2.1790e+05, 2.2586e-02
2.1790e+05, 2.2730e-02
2.1790e+05, 2.2467e-02
2.1790e+05, 2.1702e-02
2.1791e+05, 2.0505e-02
2.1791e+05, 1.8981e-02
2.1792e+05, 1.1990e-02
2.1792e+05, 1.0428e-02
2.1792e+05, 9.1024e-03
2.1792e+05, 7.9477e-03
2.1793e+05, 6.9583e-03
2.1793e+05, 6.0853e-03
2.1793e+05, 5.3856e-03
2.1794e+05, 4.3066e-03
2.1794e+05, 3.5285e-03
2.1794e+05, 2.9819e-03
2.1795e+05, 2.5693e-03
2.1795e+05, 2.2639e-03
2.1796e+05, 1.8776e-03
2.1797e+05, 1.6168e-03
2.1798e+05, 1.3006e-03
2.1802e+05, 1.0073e-03
2.1808e+05, 8.1504e-04
2.1828e+05, 7.0750e-04
2.1848e+05, 6.9440e-04
2.1883e+05, 7.0545e-04
2.1900e+05, 7.2969e-04
2.1917e+05, 8.0922e-04
2.1921e+05, 8.6033e-04
2.1926e+05, 9.4732e-04
2.1930e+05, 1.1136e-03
2.1932e+05, 1.2617e-03
2.1935e+05, 1.4973e-03
2.1936e+05, 1.7716e-03
2.1937e+05, 1.9640e-03
2.1938e+05, 2.2062e-03
2.1939e+05, 2.5239e-03
2.1940e+05, 2.9369e-03
2.1940e+05, 3.4954e-03
2.1941e+05, 3.8442e-03
2.1941e+05, 4.2399e-03
2.1942e+05, 4.9019e-03
2.1942e+05, 5.6926e-03
2.1943e+05, 6.6497e-03
2.1943e+05, 7.7235e-03
2.1945e+05, 1.0013e-02
2.1945e+05, 1.0956e-02
2.1946e+05, 1.1524e-02
2.1946e+05, 1.1644e-02
2.1946e+05, 1.1564e-02
2.1947e+05, 1.1329e-02
2.1947e+05, 1.0485e-02
2.1948e+05, 9.3116e-03
2.1948e+05, 8.0320e-03
2.1949e+05, 6.8166e-03
2.1950e+05, 5.7564e-03
2.1950e+05, 4.8774e-03
2.1951e+05, 4.1677e-03
2.1952e+05, 3.5359e-03
2.1952e+05, 3.0466e-03
2.1953e+05, 2.6651e-03
2.1954e+05, 2.3685e-03
2.1954e+05, 2.1284e-03
2.1955e+05, 1.9375e-03
2.1956e+05, 1.6508e-03
2.1958e+05, 1.4219e-03
2.1960e+05, 1.2658e-03
2.1963e+05, 1.0727e-03
2.1966e+05, 9.6394e-04
2.1969e+05, 8.9630e-04
2.1977e+05, 8.0866e-04
2.1986e+05, 7.7280e-04
2.2000e+05, 7.5242e-04
2.2010e+05, 7.5354e-04
2.2021e+05, 7.6305e-04
2.2031e+05, 7.8133e-04
2.2041e+05, 8.1102e-04
2.2046e+05, 8.3372e-04
2.2052e+05, 8.6235e-04
2.2057e+05, 8.9884e-04
2.2062e+05, 9.4435e-04
2.2068e+05, 1.0010e-03
2.2073e+05, 1.0683e-03
2.2084e+05, 1.2165e-03
2.2090e+05, 1.2707e-03
2.2092e+05, 1.2862e-03
2.2095e+05, 1.2915e-03
2.2099e+05, 1.2815e-03
2.2102e+05, 1.2579e-03
2.2105e+05, 1.2237e-03
2.2111e+05, 1.1386e-03
2.2124e+05, 9.7453e-04
2.2130e+05, 9.1362e-04
2.2137e+05, 8.6608e-04
2.2143e+05, 8.2915e-04
2.2150e+05, 8.0061e-04
2.2157e+05, 7.7636e-04
2.2164e+05, 7.5757e-04
2.2178e+05, 7.3140e-04
2.2192e+05, 7.1453e-04
2.2206e+05, 7.0316e-04
2.2237e+05, 6.8846e-04
2.2268e+05, 6.8065e-04
2.2330e+05, 6.7328e-04
2.2392e+05, 6.7038e-04
2.2557e+05, 6.7171e-04
2.2619e+05, 6.7722e-04
2.2681e+05, 6.9489e-04
2.2709e+05, 7.1819e-04
2.2723e+05, 7.4099e-04
2.2737e+05, 7.8128e-04
2.2745e+05, 8.1415e-04
2.2752e+05, 8.6275e-04
2.2759e+05, 9.3819e-04
2.2762e+05, 9.9240e-04
2.2766e+05, 1.0631e-03
2.2770e+05, 1.1785e-03
2.2772e+05, 1.2530e-03
2.2774e+05, 1.3439e-03
2.2776e+05, 1.4553e-03
2.2778e+05, 1.5911e-03
2.2781e+05, 1.7585e-03
2.2783e+05, 1.9616e-03
2.2784e+05, 2.1548e-03
2.2786e+05, 2.3732e-03
2.2789e+05, 2.8672e-03
2.2791e+05, 3.1133e-03
2.2793e+05, 3.3238e-03
2.2794e+05, 3.4678e-03
2.2796e+05, 3.5189e-03
2.2797e+05, 3.4931e-03
2.2798e+05, 3.4197e-03
2.2801e+05, 3.1608e-03
2.2805e+05, 2.4744e-03
2.2808e+05, 2.1620e-03
2.2810e+05, 1.9017e-03
2.2812e+05, 1.6903e-03
2.2815e+05, 1.5212e-03
2.2817e+05, 1.3799e-03
2.2819e+05, 1.2684e-03
2.2822e+05, 1.1790e-03
2.2824e+05, 1.1072e-03
2.2829e+05, 1.0005e-03
2.2834e+05, 9.2762e-04
2.2839e+05, 8.7890e-04
2.2843e+05, 8.4224e-04
2.2852e+05, 7.9201e-04
2.2861e+05, 7.6012e-04
2.2870e+05, 7.3870e-04
2.2887e+05, 7.1364e-04
2.2904e+05, 6.9927e-04
2.2938e+05, 6.8435e-04
2.3029e+05, 6.7186e-04
2.3145e+05, 6.7112e-04
2.3180e+05, 6.7924e-04
2.3197e+05, 6.9796e-04
2.3205e+05, 7.3265e-04
2.3214e+05, 8.8695e-04
2.3216e+05, 1.0165e-03
2.3218e+05, 1.3018e-03
2.3219e+05, 1.6096e-03
2.3220e+05, 2.2298e-03
2.3220e+05, 2.8220e-03
2.3221e+05, 3.8432e-03
2.3221e+05, 4.6289e-03
2.3221e+05, 5.6868e-03
2.3222e+05, 7.0960e-03
2.3222e+05, 8.8517e-03
2.3222e+05, 1.0477e-02
2.3222e+05, 1.2356e-02
2.3223e+05, 1.6632e-02
2.3223e+05, 2.1398e-02
2.3223e+05, 2.5497e-02
2.3224e+05, 2.7710e-02
2.3224e+05, 2.8464e-02
2.3224e+05, 2.7710e-02
2.3225e+05, 2.5591e-02
2.3225e+05, 2.2486e-02
2.3225e+05, 1.9020e-02
2.3226e+05, 1.4582e-02
2.3226e+05, 1.0756e-02
2.3226e+05, 9.1707e-03
2.3226e+05, 7.8143e-03
2.3226e+05, 6.6745e-03
2.3227e+05, 5.7781e-03
2.3227e+05, 4.3574e-03
2.3227e+05, 3.4384e-03
2.3228e+05, 2.8038e-03
2.3228e+05, 2.3787e-03
2.3229e+05, 1.8993e-03
2.3229e+05, 1.6023e-03
2.3230e+05, 1.2633e-03
2.3233e+05, 9.7370e-04
2.3238e+05, 7.9184e-04
2.3247e+05, 7.0936e-04
2.3263e+05, 6.8215e-04
2.3304e+05, 6.7011e-04
2.3346e+05, 6.6812e-04
2.3445e+05, 6.6766e-04
2.3543e+05, 6.6860e-04
2.3642e+05, 6.7037e-04
2.3740e+05, 6.7327e-04
2.3824e+05, 6.7716e-04
2.3907e+05, 6.8328e-04
2.3949e+05, 6.8764e-04
2.3990e+05, 6.9343e-04
2.4032e+05, 7.0115e-04
2.4074e+05, 7.1139e-04
2.4098e+05, 7.1928e-04
2.4123e+05, 7.2879e-04
2.4147e+05, 7.4036e-04
2.4171e+05, 7.5448e-04
2.4196e+05, 7.7130e-04
2.4220e+05, 7.9135e-04
2.4269e+05, 8.3744e-04
2.4306e+05, 8.6864e-04
2.4324e+05, 8.7806e-04
2.4343e+05, 8.8115e-04
2.4362e+05, 8.7736e-04
2.4377e+05, 8.6902e-04
2.4393e+05, 8.5741e-04
2.4424e+05, 8.2896e-04
2.4486e+05, 7.7292e-04
2.4518e+05, 7.5148e-04
2.4549e+05, 7.3476e-04
2.4580e+05, 7.2155e-04
2.4611e+05, 7.1115e-04
2.4644e+05, 7.0278e-04
2.4677e+05, 6.9612e-04
2.4711e+05, 6.9084e-04
2.4744e+05, 6.8667e-04
2.4810e+05, 6.8046e-04
2.4876e+05, 6.7626e-04
2.4948e+05, 6.7320e-04
2.5020e+05, 6.7115e-04
2.5201e+05, 6.7832e-04
2.5223e+05, 6.9421e-04
2.5234e+05, 7.1984e-04
2.5246e+05, 8.1670e-04
2.5251e+05, 1.0187e-03
2.5254e+05, 1.3301e-03
2.5256e+05, 1.6646e-03
2.5257e+05, 2.3223e-03
2.5257e+05, 2.6643e-03
2.5258e+05, 3.1125e-03
2.5258e+05, 3.7247e-03
2.5259e+05, 4.5727e-03
2.5259e+05, 5.1416e-03
2.5259e+05, 5.7819e-03
2.5259e+05, 6.5292e-03
2.5260e+05, 7.3933e-03
2.5260e+05, 8.3788e-03
2.5260e+05, 9.4838e-03
2.5260e+05, 1.0696e-02
2.5260e+05, 1.1992e-02
2.5261e+05, 1.4547e-02
2.5261e+05, 1.6884e-02
2.5262e+05, 1.8547e-02
2.5262e+05, 1.8999e-02
2.5262e+05, 1.9153e-02
2.5262e+05, 1.8790e-02
2.5263e+05, 1.7877e-02
2.5263e+05, 1.6521e-02
2.5263e+05, 1.4871e-02
2.5263e+05, 1.3151e-02
2.5264e+05, 9.7138e-03
2.5265e+05, 7.0116e-03
2.5265e+05, 5.0582e-03
2.5266e+05, 3.8084e-03
2.5266e+05, 2.9871e-03
2.5267e+05, 2.4532e-03
2.5267e+05, 2.0792e-03
2.5268e+05, 1.8164e-03
2.5269e+05, 1.4695e-03
2.5270e+05, 1.2245e-03
2.5272e+05, 1.0789e-03
2.5275e+05, 9.1941e-04
2.5277e+05, 8.3813e-04
2.5280e+05, 7.9184e-04
2.5286e+05, 7.4066e-04
2.5292e+05, 7.1845e-04
2.5305e+05, 7.0498e-04
2.5321e+05, 7.2435e-04
2.5329e+05, 7.7473e-04
2.5333e+05, 8.4017e-04
2.5337e+05, 1.0030e-03
2.5340e+05, 1.3428e-03
2.5341e+05, 1.7531e-03
2.5342e+05, 2.1133e-03
2.5343e+05, 2.6868e-03
2.5343e+05, 3.1566e-03
2.5344e+05, 3.7870e-03
2.5344e+05, 4.6627e-03
2.5344e+05, 5.2214e-03
2.5344e+05, 5.8773e-03
2.5344e+05, 6.6860e-03
2.5345e+05, 7.5766e-03
2.5345e+05, 8.5920e-03
2.5345e+05, 9.7311e-03
2.5345e+05, 1.0984e-02
2.5345e+05, 1.2331e-02
2.5346e+05, 1.5164e-02
2.5346e+05, 1.9167e-02
2.5347e+05, 2.0360e-02
2.5347e+05, 2.0782e-02
2.5347e+05, 2.0444e-02
2.5348e+05, 1.9421e-02
2.5348e+05, 1.7910e-02
2.5348e+05, 1.6058e-02
2.5348e+05, 1.4048e-02
2.5349e+05, 7.0896e-03
2.5350e+05, 5.0590e-03
2.5350e+05, 3.7783e-03
2.5351e+05, 2.9471e-03
2.5352e+05, 2.4140e-03
2.5352e+05, 2.0436e-03
2.5353e+05, 1.7856e-03
2.5354e+05, 1.4477e-03
2.5355e+05, 1.1550e-03
2.5357e+05, 1.0016e-03
2.5360e+05, 8.5368e-04
2.5364e+05, 7.8551e-04
2.5367e+05, 7.4927e-04
2.5380e+05, 6.9765e-04
2.5393e+05, 6.8250e-04
2.5418e+05, 6.7233e-04
2.5463e+05, 6.6737e-04
2.5636e+05, 6.6373e-04
2.5808e+05, 6.6271e-04
2.6396e+05, 6.6141e-04
2.6984e+05, 6.6097e-04
2.8161e+05, 6.6119e-04
2.8467e+05, 6.6461e-04
2.8522e+05, 6.6968e-04
2.8576e+05, 7.0044e-04
2.8590e+05, 7.4234e-04
2.8605e+05, 9.0243e-04
2.8608e+05, 9.9636e-04
2.8611e+05, 1.1573e-03
2.8612e+05, 1.2835e-03
2.8614e+05, 1.4648e-03
2.8615e+05, 1.7346e-03
2.8616e+05, 1.9198e-03
2.8617e+05, 2.1497e-03
2.8617e+05, 2.3600e-03
2.8618e+05, 2.6134e-03
2.8618e+05, 2.9197e-03
2.8619e+05, 3.2902e-03
2.8619e+05, 3.7366e-03
2.8620e+05, 4.2687e-03
2.8621e+05, 4.8901e-03
2.8621e+05, 5.5910e-03
2.8623e+05, 7.5009e-03
2.8623e+05, 8.1775e-03
2.8624e+05, 8.3626e-03
2.8624e+05, 8.4244e-03
2.8624e+05, 8.3435e-03
2.8625e+05, 8.1212e-03
2.8625e+05, 7.7777e-03
2.8626e+05, 6.8434e-03
2.8628e+05, 4.7908e-03
2.8628e+05, 3.9475e-03
2.8629e+05, 3.2929e-03
2.8630e+05, 2.7852e-03
2.8631e+05, 2.4024e-03
2.8632e+05, 2.0298e-03
2.8633e+05, 1.7605e-03
2.8634e+05, 1.5613e-03
2.8635e+05, 1.4100e-03
2.8637e+05, 1.2006e-03
2.8639e+05, 1.0677e-03
2.8641e+05, 9.7338e-04
2.8643e+05, 9.0873e-04
2.8647e+05, 8.2709e-04
2.8652e+05, 7.7986e-04
2.8656e+05, 7.5029e-04
2.8668e+05, 7.0867e-04
2.8680e+05, 6.9051e-04
2.8703e+05, 6.7560e-04
2.8779e+05, 6.6506e-04
2.8947e+05, 6.6265e-04
2.9114e+05, 6.6314e-04
2.9296e+05, 6.6599e-04
2.9388e+05, 6.7016e-04
2.9433e+05, 6.7431e-04
2.9479e+05, 6.8176e-04
2.9502e+05, 6.8786e-04
2.9524e+05, 6.9684e-04
2.9547e+05, 7.1063e-04
2.9559e+05, 7.2041e-04
2.9570e+05, 7.3271e-04
2.9581e+05, 7.4732e-04
2.9591e+05, 7.6550e-04
2.9602e+05, 7.8808e-04
2.9612e+05, 8.1544e-04
2.9633e+05, 8.7701e-04
2.9644e+05, 9.0041e-04
2.9654e+05, 9.0977e-04
2.9661e+05, 9.0585e-04
2.9670e+05, 8.8862e-04
2.9680e+05, 8.6322e-04
2.9698e+05, 8.0789e-04
2.9717e+05, 7.6415e-04
2.9736e+05, 7.3446e-04
2.9749e+05, 7.2088e-04
2.9761e+05, 7.1044e-04
2.9785e+05, 6.9601e-04
2.9810e+05, 6.8675e-04
2.9834e+05, 6.8060e-04
2.9877e+05, 6.7393e-04
2.9920e+05, 6.7008e-04
3.0007e+05, 6.6599e-04
3.0179e+05, 6.6296e-04
3.0352e+05, 6.6188e-04
3.0905e+05, 6.6176e-04
3.1003e+05, 6.6309e-04
3.1100e+05, 6.7185e-04
3.1132e+05, 6.8971e-04
3.1148e+05, 7.2098e-04
3.1164e+05, 8.4959e-04
3.1167e+05, 9.2939e-04
3.1170e+05, 1.0778e-03
3.1172e+05, 1.2023e-03
3.1174e+05, 1.3881e-03
3.1175e+05, 1.5189e-03
3.1176e+05, 1.6855e-03
3.1176e+05, 1.9028e-03
3.1177e+05, 2.1906e-03
3.1178e+05, 2.4276e-03
3.1178e+05, 2.7106e-03
3.1179e+05, 3.0624e-03
3.1180e+05, 3.4829e-03
3.1180e+05, 3.9989e-03
3.1181e+05, 4.5968e-03
3.1181e+05, 5.2907e-03
3.1182e+05, 6.0262e-03
3.1183e+05, 7.4955e-03
3.1183e+05, 7.9648e-03
3.1184e+05, 8.1305e-03
3.1184e+05, 8.0558e-03
3.1185e+05, 7.8497e-03
3.1185e+05, 7.5396e-03
3.1186e+05, 6.6906e-03
3.1187e+05, 4.7612e-03
3.1188e+05, 3.9380e-03
3.1189e+05, 3.2895e-03
3.1189e+05, 2.7878e-03
3.1190e+05, 2.4030e-03
3.1191e+05, 1.9940e-03
3.1192e+05, 1.7081e-03
3.1193e+05, 1.5021e-03
3.1194e+05, 1.3509e-03
3.1196e+05, 1.1467e-03
3.1199e+05, 1.0208e-03
3.1202e+05, 9.1153e-04
3.1204e+05, 8.4483e-04
3.1210e+05, 7.7175e-04
3.1222e+05, 7.1380e-04
3.1238e+05, 6.8736e-04
3.1254e+05, 6.7661e-04
3.1286e+05, 6.6814e-04
3.1328e+05, 6.6435e-04
3.1455e+05, 6.6163e-04
3.1582e+05, 6.6103e-04
3.1977e+05, 6.6070e-04
3.2371e+05, 6.6089e-04
3.2766e+05, 6.6365e-04
3.2851e+05, 6.6833e-04
3.2935e+05, 7.0296e-04
3.2957e+05, 7.5444e-04
3.2963e+05, 7.8932e-04
3.2969e+05, 8.4793e-04
3.2973e+05, 8.9198e-04
3.2976e+05, 9.5429e-04
3.2979e+05, 1.0447e-03
3.2982e+05, 1.1793e-03
3.2985e+05, 1.3311e-03
3.2986e+05, 1.4308e-03
3.2987e+05, 1.5514e-03
3.2988e+05, 1.6980e-03
3.2989e+05, 1.8762e-03
3.2991e+05, 2.0920e-03
3.2992e+05, 2.3500e-03
3.2993e+05, 2.5698e-03
3.2994e+05, 2.8102e-03
3.2995e+05, 3.3163e-03
3.2997e+05, 3.7419e-03
3.2998e+05, 3.8688e-03
3.2999e+05, 3.9132e-03
3.3000e+05, 3.8685e-03
3.3001e+05, 3.7792e-03
3.3001e+05, 3.6498e-03
3.3003e+05, 3.3126e-03
3.3005e+05, 2.5664e-03
3.3007e+05, 2.2440e-03
3.3008e+05, 1.9777e-03
3.3009e+05, 1.7613e-03
3.3011e+05, 1.5872e-03
3.3012e+05, 1.4154e-03
3.3014e+05, 1.2846e-03
3.3016e+05, 1.1833e-03
3.3017e+05, 1.1042e-03
3.3021e+05, 9.8957e-04
3.3024e+05, 9.1309e-04
3.3027e+05, 8.6297e-04
3.3031e+05, 8.2621e-04
3.3037e+05, 7.7722e-04
3.3043e+05, 7.4718e-04
3.3050e+05, 7.2720e-04
3.3064e+05, 7.0110e-04
3.3078e+05, 6.8781e-04
3.3107e+05, 6.7523e-04
3.3151e+05, 6.6804e-04
3.3194e+05, 6.6508e-04
3.3316e+05, 6.6229e-04
3.3439e+05, 6.6150e-04
3.3771e+05, 6.6112e-04
3.4103e+05, 6.6148e-04
3.4565e+05, 6.6549e-04
3.4666e+05, 6.7026e-04
3.4724e+05, 6.7696e-04
3.4752e+05, 6.8323e-04
3.4781e+05, 6.9384e-04
3.4801e+05, 7.0561e-04
3.4811e+05, 7.1373e-04
3.4820e+05, 7.2415e-04
3.4830e+05, 7.3735e-04
3.4840e+05, 7.5430e-04
3.4849e+05, 7.7621e-04
3.4859e+05, 8.0322e-04
3.4899e+05, 9.1076e-04
3.4905e+05, 9.0691e-04
3.4910e+05, 8.9614e-04
3.4918e+05, 8.7354e-04
3.4926e+05, 8.4694e-04
3.4941e+05, 7.9583e-04
3.4957e+05, 7.5756e-04
3.4972e+05, 7.3160e-04
3.4984e+05, 7.1811e-04
3.4995e+05, 7.0792e-04
3.5018e+05, 6.9408e-04
3.5042e+05, 6.8576e-04
3.5065e+05, 6.8037e-04
3.5115e+05, 6.7407e-04
3.5166e+05, 6.7136e-04
3.5268e+05, 6.7127e-04
3.5369e+05, 6.7904e-04
3.5406e+05, 6.8700e-04
3.5446e+05, 7.0482e-04
3.5465e+05, 7.2183e-04
3.5485e+05, 7.5134e-04
3.5498e+05, 7.8310e-04
3.5504e+05, 8.0519e-04
3.5510e+05, 8.3344e-04
3.5517e+05, 8.6957e-04
3.5523e+05, 9.1674e-04
3.5526e+05, 9.4530e-04
3.5529e+05, 9.7811e-04
3.5533e+05, 1.0152e-03
3.5536e+05, 1.0567e-03
3.5539e+05, 1.1090e-03
3.5543e+05, 1.1671e-03
3.5550e+05, 1.2925e-03
3.5557e+05, 1.4023e-03
3.5560e+05, 1.4358e-03
3.5564e+05, 1.4475e-03
3.5568e+05, 1.4354e-03
3.5570e+05, 1.4098e-03
3.5573e+05, 1.3728e-03
3.5579e+05, 1.2793e-03
3.5590e+05, 1.0868e-03
3.5596e+05, 1.0099e-03
3.5601e+05, 9.4800e-04
3.5607e+05, 8.9894e-04
3.5613e+05, 8.6002e-04
3.5619e+05, 8.2449e-04
3.5626e+05, 7.9704e-04
3.5639e+05, 7.5876e-04
3.5653e+05, 7.3446e-04
3.5666e+05, 7.1777e-04
3.5688e+05, 7.0015e-04
3.5711e+05, 6.8957e-04
3.5756e+05, 6.7811e-04
3.5813e+05, 6.7140e-04
3.5871e+05, 6.6803e-04
3.5920e+05, 6.6638e-04
3.5952e+05, 6.6562e-04
3.6051e+05, 6.6434e-04
3.6149e+05, 6.6394e-04
3.6345e+05, 6.6567e-04
3.6447e+05, 6.7045e-04
3.6550e+05, 6.9486e-04
3.6566e+05, 7.0730e-04
3.6591e+05, 7.4358e-04
3.6603e+05, 7.7956e-04
3.6609e+05, 8.0666e-04
3.6615e+05, 8.4322e-04
3.6621e+05, 8.9383e-04
3.6624e+05, 9.2683e-04
3.6627e+05, 9.6629e-04
3.6630e+05, 1.0140e-03
3.6634e+05, 1.0715e-03
3.6637e+05, 1.1407e-03
3.6640e+05, 1.2229e-03
3.6642e+05, 1.2978e-03
3.6645e+05, 1.3801e-03
3.6647e+05, 1.4683e-03
3.6649e+05, 1.5579e-03
3.6654e+05, 1.7133e-03
3.6657e+05, 1.7606e-03
3.6659e+05, 1.7772e-03
3.6661e+05, 1.7602e-03
3.6664e+05, 1.7126e-03
3.6666e+05, 1.6506e-03
3.6668e+05, 1.5769e-03
3.6672e+05, 1.4188e-03
3.6681e+05, 1.1514e-03
3.6685e+05, 1.0558e-03
3.6690e+05, 9.8208e-04
3.6694e+05, 9.2517e-04
3.6698e+05, 8.8108e-04
3.6703e+05, 8.4184e-04
3.6708e+05, 8.1175e-04
3.6718e+05, 7.6975e-04
3.6728e+05, 7.4275e-04
3.6738e+05, 7.2460e-04
3.6756e+05, 7.0375e-04
3.6774e+05, 6.9158e-04
3.6810e+05, 6.7873e-04
3.6863e+05, 6.7066e-04
3.6915e+05, 6.6698e-04
3.6968e+05, 6.6499e-04
3.6994e+05, 6.6432e-04
3.7086e+05, 6.6287e-04
3.7178e+05, 6.6210e-04
3.7363e+05, 6.6136e-04
3.8100e+05, 6.6124e-04
3.8202e+05, 6.6226e-04
3.8304e+05, 6.7230e-04
3.8329e+05, 6.9516e-04
3.8342e+05, 7.4370e-04
3.8348e+05, 8.2068e-04
3.8355e+05, 1.0740e-03
3.8357e+05, 1.2855e-03
3.8358e+05, 1.4586e-03
3.8359e+05, 1.7109e-03
3.8360e+05, 2.1013e-03
3.8360e+05, 2.3753e-03
3.8361e+05, 2.7154e-03
3.8361e+05, 3.1552e-03
3.8361e+05, 3.7079e-03
3.8362e+05, 4.3852e-03
3.8362e+05, 5.1641e-03
3.8363e+05, 6.3175e-03
3.8364e+05, 7.4197e-03
3.8364e+05, 8.2528e-03
3.8365e+05, 8.4821e-03
3.8365e+05, 8.5581e-03
3.8366e+05, 8.3351e-03
3.8366e+05, 7.7431e-03
3.8367e+05, 6.9186e-03
3.8368e+05, 5.0802e-03
3.8369e+05, 3.5842e-03
3.8369e+05, 3.0361e-03
3.8370e+05, 2.6056e-03
3.8370e+05, 2.2028e-03
3.8371e+05, 1.9097e-03
3.8372e+05, 1.5193e-03
3.8373e+05, 1.2855e-03
3.8375e+05, 1.1364e-03
3.8377e+05, 9.6054e-04
3.8380e+05, 8.6684e-04
3.8384e+05, 7.8751e-04
3.8388e+05, 7.4614e-04
3.8396e+05, 7.0698e-04
3.8412e+05, 6.8054e-04
3.8444e+05, 6.6761e-04
3.8477e+05, 6.6411e-04
3.8487e+05, 6.6356e-04
3.8507e+05, 6.6279e-04
3.8569e+05, 6.6166e-04
3.8631e+05, 6.6125e-04
3.8756e+05, 6.6095e-04
3.9005e+05, 6.6095e-04
3.9444e+05, 6.6326e-04
3.9524e+05, 6.6701e-04
3.9564e+05, 6.7368e-04
3.9604e+05, 7.0574e-04
3.9624e+05, 8.0512e-04
3.9628e+05, 8.6624e-04
3.9632e+05, 9.7515e-04
3.9634e+05, 1.0653e-03
3.9636e+05, 1.1990e-03
3.9638e+05, 1.4073e-03
3.9639e+05, 1.5546e-03
3.9640e+05, 1.7456e-03
3.9641e+05, 1.9569e-03
3.9642e+05, 2.2203e-03
3.9643e+05, 2.5540e-03
3.9643e+05, 2.9584e-03
3.9644e+05, 3.4392e-03
3.9645e+05, 3.9569e-03
3.9647e+05, 4.8458e-03
3.9647e+05, 4.9871e-03
3.9648e+05, 5.0359e-03
3.9649e+05, 4.9851e-03
3.9649e+05, 4.8557e-03
3.9650e+05, 4.6590e-03
3.9650e+05, 4.1308e-03
3.9652e+05, 2.9906e-03
3.9653e+05, 2.5303e-03
3.9654e+05, 2.1651e-03
3.9655e+05, 1.8822e-03
3.9656e+05, 1.6643e-03
3.9658e+05, 1.4154e-03
3.9659e+05, 1.2461e-03
3.9661e+05, 1.1266e-03
3.9663e+05, 1.0400e-03
3.9666e+05, 9.2502e-04
3.9669e+05, 8.5483e-04
3.9672e+05, 8.0194e-04
3.9676e+05, 7.6857e-04
3.9684e+05, 7.2939e-04
3.9698e+05, 6.9611e-04
3.9720e+05, 6.7943e-04
3.9741e+05, 6.7303e-04
3.9784e+05, 6.6866e-04
3.9893e+05, 6.7061e-04
4.0001e+05, 7.0246e-04
4.0008e+05, 7.0895e-04
4.0031e+05, 7.4906e-04
4.0042e+05, 7.9038e-04
4.0048e+05, 8.2220e-04
4.0054e+05, 8.6625e-04
4.0058e+05, 9.0556e-04
4.0061e+05, 9.5571e-04
4.0065e+05, 1.0205e-03
4.0069e+05, 1.1040e-03
4.0071e+05, 1.1544e-03
4.0073e+05, 1.2109e-03
4.0075e+05, 1.2738e-03
4.0077e+05, 1.3430e-03
4.0081e+05, 1.4966e-03
4.0084e+05, 1.6484e-03
4.0088e+05, 1.7457e-03
4.0091e+05, 1.7824e-03
4.0093e+05, 1.7655e-03
4.0095e+05, 1.7181e-03
4.0097e+05, 1.6596e-03
4.0099e+05, 1.5905e-03
4.0103e+05, 1.4407e-03
4.0110e+05, 1.1780e-03
4.0114e+05, 1.0813e-03
4.0117e+05, 1.0056e-03
4.0121e+05, 9.4640e-04
4.0125e+05, 8.9996e-04
4.0129e+05, 8.5965e-04
4.0133e+05, 8.2820e-04
4.0141e+05, 7.8349e-04
4.0149e+05, 7.5413e-04
4.0158e+05, 7.3409e-04
4.0173e+05, 7.1066e-04
4.0188e+05, 6.9681e-04
4.0217e+05, 6.8201e-04
4.0267e+05, 6.7189e-04
4.0316e+05, 6.6755e-04
4.0348e+05, 6.6594e-04
4.0370e+05, 6.6516e-04
4.0446e+05, 6.6349e-04
4.0523e+05, 6.6264e-04
4.0675e+05, 6.6194e-04
4.1133e+05, 6.6344e-04
4.1253e+05, 6.6639e-04
4.1372e+05, 6.7863e-04
4.1427e+05, 7.0268e-04
4.1453e+05, 7.3471e-04
4.1466e+05, 7.6567e-04
4.1472e+05, 7.8822e-04
4.1479e+05, 8.1852e-04
4.1482e+05, 8.4105e-04
4.1486e+05, 8.6818e-04
4.1490e+05, 9.0104e-04
4.1494e+05, 9.4086e-04
4.1498e+05, 9.8934e-04
4.1501e+05, 1.0478e-03
4.1505e+05, 1.1175e-03
4.1509e+05, 1.1978e-03
4.1513e+05, 1.2975e-03
4.1517e+05, 1.3942e-03
4.1522e+05, 1.4674e-03
4.1526e+05, 1.4950e-03
4.1529e+05, 1.4823e-03
4.1532e+05, 1.4467e-03
4.1536e+05, 1.3652e-03
4.1540e+05, 1.2686e-03
4.1548e+05, 1.0880e-03
4.1557e+05, 9.5866e-04
4.1565e+05, 8.7375e-04
4.1570e+05, 8.3508e-04
4.1576e+05, 8.0544e-04
4.1587e+05, 7.6432e-04
4.1597e+05, 7.3792e-04
4.1608e+05, 7.2024e-04
4.1626e+05, 7.0202e-04
4.1643e+05, 6.9096e-04
4.1679e+05, 6.7884e-04
4.1722e+05, 6.7176e-04
4.1765e+05, 6.6812e-04
4.1787e+05, 6.6694e-04
4.1830e+05, 6.6529e-04
4.1992e+05, 6.6271e-04
4.2154e+05, 6.6197e-04
4.2716e+05, 6.6643e-04
4.2781e+05, 6.7071e-04
4.2833e+05, 6.7850e-04
4.2858e+05, 6.8605e-04
4.2884e+05, 6.9905e-04
4.2899e+05, 7.1128e-04
4.2914e+05, 7.2927e-04
4.2921e+05, 7.4125e-04
4.2929e+05, 7.5583e-04
4.2936e+05, 7.7323e-04
4.2944e+05, 7.9334e-04
4.2960e+05, 8.4101e-04
4.2969e+05, 8.6009e-04
4.2977e+05, 8.6713e-04
4.2983e+05, 8.6393e-04
4.2988e+05, 8.5501e-04
4.2997e+05, 8.3179e-04
4.3006e+05, 8.0483e-04
4.3025e+05, 7.5718e-04
4.3043e+05, 7.2543e-04
4.3061e+05, 7.0575e-04
4.3081e+05, 6.9253e-04
4.3101e+05, 6.8415e-04
4.3140e+05, 6.7474e-04
4.3180e+05, 6.6992e-04
4.3220e+05, 6.6715e-04
4.3332e+05, 6.6362e-04
4.3444e+05, 6.6226e-04
4.3682e+05, 6.6122e-04
4.3920e+05, 6.6089e-04
4.4527e+05, 6.6192e-04
4.4600e+05, 6.6419e-04
4.4636e+05, 6.6837e-04
4.4673e+05, 6.8728e-04
4.4688e+05, 7.2554e-04
4.4695e+05, 7.7997e-04
4.4702e+05, 9.6046e-04
4.4705e+05, 1.1007e-03
4.4707e+05, 1.3691e-03
4.4708e+05, 1.6044e-03
4.4709e+05, 1.7652e-03
4.4709e+05, 1.9620e-03
4.4710e+05, 2.2131e-03
4.4710e+05, 2.5283e-03
4.4711e+05, 2.9200e-03
4.4712e+05, 3.3867e-03
4.4712e+05, 3.8084e-03
4.4712e+05, 4.2683e-03
4.4713e+05, 5.2067e-03
4.4714e+05, 5.9735e-03
4.4715e+05, 6.1944e-03
4.4715e+05, 6.2695e-03
4.4715e+05, 6.2239e-03
4.4716e+05, 6.0940e-03
4.4716e+05, 5.6107e-03
4.4717e+05, 4.9371e-03
4.4718e+05, 3.5280e-03
4.4719e+05, 2.9518e-03
4.4720e+05, 2.4921e-03
4.4720e+05, 2.1368e-03
4.4721e+05, 1.8687e-03
4.4722e+05, 1.6144e-03
4.4723e+05, 1.4310e-03
4.4724e+05, 1.1891e-03
4.4726e+05, 1.0450e-03
4.4728e+05, 9.5257e-04
4.4731e+05, 8.4430e-04
4.4734e+05, 7.8670e-04
4.4740e+05, 7.3810e-04
4.4745e+05, 7.1269e-04
4.4756e+05, 6.8876e-04
4.4778e+05, 6.7266e-04
4.4838e+05, 6.6373e-04
4.4851e+05, 6.6314e-04
4.4878e+05, 6.6237e-04
4.4951e+05, 6.6145e-04
4.5025e+05, 6.6111e-04
4.5171e+05, 6.6088e-04
4.5465e+05, 6.6087e-04
4.6052e+05, 6.6216e-04
4.6192e+05, 6.6405e-04
4.6333e+05, 6.7541e-04
4.6359e+05, 6.8447e-04
4.6386e+05, 7.0514e-04
4.6399e+05, 7.2649e-04
4.6406e+05, 7.4295e-04
4.6413e+05, 7.6552e-04
4.6417e+05, 7.8631e-04
4.6422e+05, 8.1237e-04
4.6427e+05, 8.4460e-04
4.6431e+05, 8.8323e-04
4.6450e+05, 1.0148e-03
4.6453e+05, 1.0095e-03
4.6456e+05, 9.9446e-04
4.6461e+05, 9.5834e-04
4.6465e+05, 9.1571e-04
4.6474e+05, 8.3737e-04
4.6483e+05, 7.8239e-04
4.6493e+05, 7.4713e-04
4.6505e+05, 7.1801e-04
4.6518e+05, 7.0101e-04
4.6530e+05, 6.9049e-04
4.6543e+05, 6.8359e-04
4.6566e+05, 6.7613e-04
4.6588e+05, 6.7191e-04
4.6633e+05, 6.6756e-04
4.6665e+05, 6.6601e-04
4.6686e+05, 6.6532e-04
4.6772e+05, 6.6388e-04
4.6856e+05, 6.6342e-04
4.7026e+05, 6.6357e-04
4.7260e+05, 6.6531e-04
4.7494e+05, 6.7036e-04
4.7558e+05, 6.7316e-04
4.7622e+05, 6.7727e-04
4.7685e+05, 6.8352e-04
4.7717e+05, 6.8794e-04
4.7749e+05, 6.9343e-04
4.7779e+05, 7.0013e-04
4.7809e+05, 7.0843e-04
4.7839e+05, 7.1886e-04
4.7854e+05, 7.2485e-04
4.7869e+05, 7.3153e-04
4.7899e+05, 7.4623e-04
4.7929e+05, 7.6170e-04
4.7959e+05, 7.7677e-04
4.7989e+05, 7.9119e-04
4.8006e+05, 8.0211e-04
4.8023e+05, 8.2211e-04
4.8040e+05, 8.6676e-04
4.8049e+05, 9.1008e-04
4.8057e+05, 9.7441e-04
4.8075e+05, 1.0902e-03
4.8081e+05, 1.0674e-03
4.8087e+05, 1.0175e-03
4.8092e+05, 9.6070e-04
4.8104e+05, 8.6858e-04
4.8115e+05, 8.1291e-04
4.8127e+05, 7.7920e-04
4.8151e+05, 7.4125e-04
4.8176e+05, 7.2181e-04
4.8200e+05, 7.0938e-04
4.8224e+05, 7.0074e-04
4.8254e+05, 6.9306e-04
4.8284e+05, 6.8747e-04
4.8345e+05, 6.7976e-04
4.8405e+05, 6.7486e-04
4.8465e+05, 6.7155e-04
4.8572e+05, 6.6789e-04
4.8626e+05, 6.6668e-04
4.8732e+05, 6.6496e-04
4.8866e+05, 6.6362e-04
4.8933e+05, 6.6314e-04
4.8967e+05, 6.6294e-04
4.8983e+05, 6.6284e-04
4.8992e+05, 6.6279e-04
4.8996e+05, 6.6282e-04
4.8998e+05, 6.6565e-04
4.8999e+05, 6.7285e-04
4.9000e+05, 7.0768e-04
5.0000e+05, 7.0932e-04
6.0000e+05, 7.5492e-04
7.0000e+05, 8.0739e-04
8.0000e+05, 8.6847e-04
1.0000e+06, 1.0223e-03
1.2500e+06, 1.2886e-03
1.3227e+06, 1.3839e-03
1.3227e+06, 1.3837e-03
1.4000e+06, 1.1285e-03
1.5500e+06, 1.1186e-03
1.7070e+06, 1.1685e-03
1.9057e+06, 5.5078e-04
1.9057e+06, 5.5078e-04
2.1415e+06, 5.2915e-04
2.2783e+06, 4.8948e-04
2.3065e+06, 4.8766e-04
2.4327e+06, 4.5413e-04
2.4327e+06, 4.5412e-04
2.4833e+06, 4.3775e-04
2.5789e+06, 4.1224e-04
2.6279e+06, 4.0023e-04
2.6538e+06, 3.9270e-04
2.8704e+06, 3.6057e-04
2.8704e+06, 3.6056e-04
2.8903e+06, 3.5707e-04
3.0012e+06, 3.4269e-04
3.0012e+06, 3.4269e-04
3.2357e+06, 3.3074e-04
3.2357e+06, 3.3074e-04
3.2995e+06, 3.2868e-04
3.2995e+06, 3.2868e-04
3.5000e+06, 3.0423e-04
3.6590e+06, 2.7482e-04
4.0000e+06, 2.1766e-04
4.5000e+06, 1.5295e-04
5.0000e+06, 1.0889e-04
5.5000e+06, 8.1573e-05
6.0000e+06, 6.8720e-05
6.1419e+06, 6.6543e-05
6.5000e+06, 6.3380e-05
7.0000e+06, 6.3925e-05
7.5000e+06, 6.9862e-05
7.7294e+06, 7.4410e-05
8.0541e+06, 8.1647e-05
8.0541e+06, 8.1648e-05
8.2500e+06, 8.8032e-05
8.5000e+06, 9.7695e-05
8.7500e+06, 1.0923e-04
9.0000e+06, 1.2283e-04
9.2500e+06, 1.3869e-04
9.3871e+06, 1.4843e-04
9.5000e+06, 1.5704e-04
9.7500e+06, 1.7805e-04
9.9704e+06, 1.9887e-04
1.0250e+07, 2.2839e-04
1.0500e+07, 2.5758e-04
1.0750e+07, 2.8904e-04
1.1000e+07, 3.2223e-04
1.1500e+07, 3.9072e-04
1.2000e+07, 4.5644e-04
1.2500e+07, 5.1393e-04
1.3000e+07, 5.6087e-04
1.3500e+07, 5.9724e-04
1.4000e+07, 6.2322e-04
1.4500e+07, 6.3902e-04
1.4554e+07, 6.4018e-04
1.4554e+07, 6.4018e-04
1.5000e+07, 6.4666e-04
1.5500e+07, 6.5004e-04
1.6000e+07, 6.5262e-04
1.6500e+07, 6.5515e-04
1.7000e+07, 6.5558e-04
1.7500e+07, 6.5104e-04
1.8000e+07, 6.4018e-04
1.8500e+07, 6.2417e-04
1.9000e+07, 6.0588e-04
1.9500e+07, 5.8839e-04
2.0000e+07, 5.7382e-04
