ebin, xs
1.0000e-05, 3.1861e+03
1.0625e-05, 3.0910e+03
1.1250e-05, 3.0039e+03
1.1875e-05, 2.9238e+03
1.2500e-05, 2.8497e+03
1.3750e-05, 2.7171e+03
1.5000e-05, 2.6014e+03
1.6250e-05, 2.4994e+03
1.7500e-05, 2.4085e+03
1.8750e-05, 2.3268e+03
2.0000e-05, 2.2529e+03
2.1875e-05, 2.1542e+03
2.3750e-05, 2.0674e+03
2.5625e-05, 1.9903e+03
2.7500e-05, 1.9213e+03
2.9375e-05, 1.8590e+03
3.1250e-05, 1.8023e+03
3.3125e-05, 1.7506e+03
3.5000e-05, 1.7030e+03
3.8750e-05, 1.6185e+03
4.2500e-05, 1.5455e+03
4.6250e-05, 1.4815e+03
5.0000e-05, 1.4249e+03
5.3125e-05, 1.3823e+03
5.6250e-05, 1.3434e+03
5.9375e-05, 1.3075e+03
6.2500e-05, 1.2744e+03
6.8750e-05, 1.2151e+03
7.5000e-05, 1.1634e+03
8.1250e-05, 1.1178e+03
8.7500e-05, 1.0771e+03
9.3750e-05, 1.0406e+03
1.0000e-04, 1.0075e+03
1.0625e-04, 9.7745e+02
1.1250e-04, 9.4991e+02
1.1875e-04, 9.2457e+02
1.2500e-04, 9.0116e+02
1.3750e-04, 8.5922e+02
1.5000e-04, 8.2264e+02
1.6250e-04, 7.9037e+02
1.7500e-04, 7.6162e+02
1.8750e-04, 7.3579e+02
2.0000e-04, 7.1243e+02
2.1875e-04, 6.8121e+02
2.3750e-04, 6.5376e+02
2.5625e-04, 6.2939e+02
2.7500e-04, 6.0755e+02
2.9375e-04, 5.8784e+02
3.1250e-04, 5.6993e+02
3.3125e-04, 5.5357e+02
3.5000e-04, 5.3854e+02
3.8750e-04, 5.1181e+02
4.2500e-04, 4.8871e+02
4.6250e-04, 4.6848e+02
5.0000e-04, 4.5056e+02
5.3125e-04, 4.3711e+02
5.6250e-04, 4.2479e+02
5.9375e-04, 4.1346e+02
6.2500e-04, 4.0299e+02
6.8750e-04, 3.8424e+02
7.5000e-04, 3.6788e+02
8.1250e-04, 3.5344e+02
8.7500e-04, 3.4058e+02
9.3750e-04, 3.2903e+02
1.0000e-03, 3.1858e+02
1.0625e-03, 3.0907e+02
1.1250e-03, 3.0036e+02
1.1875e-03, 2.9235e+02
1.2500e-03, 2.8495e+02
1.3750e-03, 2.7168e+02
1.5000e-03, 2.6011e+02
1.6250e-03, 2.4991e+02
1.7500e-03, 2.4081e+02
1.8750e-03, 2.3265e+02
2.0000e-03, 2.2526e+02
2.1875e-03, 2.1538e+02
2.3750e-03, 2.0670e+02
2.5625e-03, 1.9900e+02
2.7500e-03, 1.9209e+02
2.9375e-03, 1.8586e+02
3.1250e-03, 1.8019e+02
3.3125e-03, 1.7502e+02
3.5000e-03, 1.7026e+02
3.8750e-03, 1.6181e+02
4.2500e-03, 1.5450e+02
4.6250e-03, 1.4810e+02
5.0000e-03, 1.4243e+02
5.3125e-03, 1.3817e+02
5.6250e-03, 1.3428e+02
5.9375e-03, 1.3069e+02
6.2500e-03, 1.2738e+02
6.8750e-03, 1.2145e+02
7.5000e-03, 1.1627e+02
8.1250e-03, 1.1170e+02
8.7500e-03, 1.0763e+02
9.3750e-03, 1.0397e+02
1.0000e-02, 1.0067e+02
1.0625e-02, 9.7656e+01
1.1250e-02, 9.4901e+01
1.1875e-02, 9.2368e+01
1.2500e-02, 9.0027e+01
1.3750e-02, 8.5832e+01
1.5000e-02, 8.2169e+01
1.6250e-02, 7.8936e+01
1.7500e-02, 7.6054e+01
1.8750e-02, 7.3465e+01
2.0000e-02, 7.1123e+01
2.1325e-02, 6.8869e+01
2.2650e-02, 6.6816e+01
2.3975e-02, 6.4936e+01
2.5300e-02, 6.3206e+01
2.6844e-02, 6.1354e+01
2.8387e-02, 5.9657e+01
2.9931e-02, 5.8094e+01
3.1475e-02, 5.6648e+01
3.4563e-02, 5.4049e+01
3.7650e-02, 5.1772e+01
4.0738e-02, 4.9757e+01
4.3825e-02, 4.7958e+01
4.6913e-02, 4.6340e+01
5.0000e-02, 4.4874e+01
5.3125e-02, 4.3522e+01
5.6250e-02, 4.2285e+01
5.9375e-02, 4.1149e+01
6.2500e-02, 4.0102e+01
6.8750e-02, 3.8221e+01
7.5000e-02, 3.6574e+01
8.1250e-02, 3.5119e+01
8.7500e-02, 3.3823e+01
9.3750e-02, 3.2658e+01
1.0000e-01, 3.1605e+01
1.0625e-01, 3.0645e+01
1.1250e-01, 2.9766e+01
1.1875e-01, 2.8959e+01
1.2500e-01, 2.8216e+01
1.3750e-01, 2.6880e+01
1.5000e-01, 2.5708e+01
1.6250e-01, 2.4673e+01
1.7500e-01, 2.3751e+01
1.8750e-01, 2.2922e+01
2.0000e-01, 2.2174e+01
2.1875e-01, 2.1173e+01
2.3750e-01, 2.0288e+01
2.5625e-01, 1.9502e+01
2.7500e-01, 1.8797e+01
2.9375e-01, 1.8159e+01
3.1250e-01, 1.7580e+01
3.3125e-01, 1.7049e+01
3.5000e-01, 1.6562e+01
3.6875e-01, 1.6111e+01
3.8750e-01, 1.5696e+01
4.2500e-01, 1.4945e+01
5.0000e-01, 1.3699e+01
6.2500e-01, 1.2133e+01
7.5000e-01, 1.0968e+01
8.7500e-01, 1.0058e+01
1.0000e+00, 9.3191e+00
1.1250e+00, 8.7016e+00
1.2500e+00, 8.1762e+00
1.5000e+00, 7.3232e+00
1.7500e+00, 6.6547e+00
2.0000e+00, 6.1107e+00
2.3750e+00, 5.4553e+00
2.7500e+00, 4.9344e+00
3.1250e+00, 4.5063e+00
3.5000e+00, 4.1468e+00
3.8750e+00, 3.8395e+00
4.2500e+00, 3.5729e+00
5.0000e+00, 3.1321e+00
5.6250e+00, 2.8342e+00
6.2500e+00, 2.5825e+00
6.8750e+00, 2.3670e+00
7.5000e+00, 2.1802e+00
8.7500e+00, 1.8724e+00
1.0000e+01, 1.6293e+00
1.1250e+01, 1.4325e+00
1.2500e+01, 1.2703e+00
1.3750e+01, 1.1347e+00
1.5000e+01, 1.0199e+00
1.6250e+01, 9.2175e-01
1.7500e+01, 8.3708e-01
1.8750e+01, 7.6347e-01
2.0000e+01, 6.9907e-01
2.1875e+01, 6.1651e-01
2.3750e+01, 5.4743e-01
2.5625e+01, 4.8908e-01
2.7500e+01, 4.3935e-01
2.9375e+01, 3.9662e-01
3.1250e+01, 3.5966e-01
3.3125e+01, 3.2746e-01
3.5000e+01, 2.9927e-01
3.6875e+01, 2.7444e-01
3.8750e+01, 2.5250e-01
4.2500e+01, 2.1558e-01
4.6250e+01, 1.8594e-01
5.0000e+01, 1.6182e-01
5.3125e+01, 1.4503e-01
5.6250e+01, 1.3065e-01
5.9375e+01, 1.1824e-01
6.2500e+01, 1.0748e-01
6.5625e+01, 9.8084e-02
6.8750e+01, 8.9842e-02
7.1875e+01, 8.2577e-02
7.5000e+01, 7.6152e-02
8.1250e+01, 6.5338e-02
8.7500e+01, 5.6659e-02
9.0000e+01, 5.3668e-02
9.5000e+01, 4.8373e-02
1.0000e+02, 4.3842e-02
1.0625e+02, 3.9055e-02
1.1250e+02, 3.5054e-02
1.1875e+02, 3.1688e-02
1.2500e+02, 2.8839e-02
1.3125e+02, 2.6416e-02
1.3750e+02, 2.4347e-02
1.4375e+02, 2.2577e-02
1.5000e+02, 2.1062e-02
1.6250e+02, 1.8658e-02
1.7500e+02, 1.6927e-02
1.8750e+02, 1.5746e-02
2.0000e+02, 1.5045e-02
2.0890e+02, 1.4827e-02
2.1759e+02, 1.4850e-02
2.2628e+02, 1.5130e-02
2.3496e+02, 1.5709e-02
2.4365e+02, 1.6657e-02
2.5234e+02, 1.8088e-02
2.5668e+02, 1.9016e-02
2.6103e+02, 2.0156e-02
2.6537e+02, 2.1534e-02
2.6972e+02, 2.3204e-02
2.7406e+02, 2.5210e-02
2.7840e+02, 2.7678e-02
2.8380e+02, 3.1662e-02
2.8650e+02, 3.4076e-02
2.8920e+02, 3.6840e-02
2.9190e+02, 4.0177e-02
2.9460e+02, 4.4092e-02
2.9730e+02, 4.8654e-02
3.0000e+02, 5.4024e-02
3.0252e+02, 6.0297e-02
3.0504e+02, 6.7539e-02
3.0756e+02, 7.6729e-02
3.0882e+02, 8.1951e-02
3.1008e+02, 8.8040e-02
3.1134e+02, 9.4557e-02
3.1260e+02, 1.0227e-01
3.1386e+02, 1.1071e-01
3.1512e+02, 1.2050e-01
3.1638e+02, 1.3137e-01
3.1764e+02, 1.4420e-01
3.1890e+02, 1.5913e-01
3.2016e+02, 1.7662e-01
3.2148e+02, 1.9845e-01
3.2280e+02, 2.2478e-01
3.2412e+02, 2.5687e-01
3.2544e+02, 2.9653e-01
3.2676e+02, 3.4646e-01
3.2809e+02, 4.1069e-01
3.2875e+02, 4.4980e-01
3.2941e+02, 4.9390e-01
3.3007e+02, 5.4600e-01
3.3073e+02, 6.0704e-01
3.3149e+02, 6.9167e-01
3.3226e+02, 7.9529e-01
3.3264e+02, 8.5584e-01
3.3283e+02, 8.8885e-01
3.3302e+02, 9.2389e-01
3.3321e+02, 9.6113e-01
3.3341e+02, 1.0007e+00
3.3360e+02, 1.0428e+00
3.3379e+02, 1.0877e+00
3.3395e+02, 1.1278e+00
3.3411e+02, 1.1701e+00
3.3427e+02, 1.2148e+00
3.3435e+02, 1.2382e+00
3.3443e+02, 1.2622e+00
3.3445e+02, 1.2689e+00
3.3451e+02, 1.2874e+00
3.3457e+02, 1.3063e+00
3.3469e+02, 1.3453e+00
3.3486e+02, 1.4023e+00
3.3502e+02, 1.4630e+00
3.3510e+02, 1.4949e+00
3.3519e+02, 1.5278e+00
3.3527e+02, 1.5619e+00
3.3535e+02, 1.5970e+00
3.3543e+02, 1.6334e+00
3.3552e+02, 1.6710e+00
3.3560e+02, 1.7100e+00
3.3568e+02, 1.7504e+00
3.3577e+02, 1.7922e+00
3.3585e+02, 1.8356e+00
3.3593e+02, 1.8805e+00
3.3601e+02, 1.9272e+00
3.3611e+02, 1.9834e+00
3.3620e+02, 2.0422e+00
3.3630e+02, 2.1036e+00
3.3640e+02, 2.1678e+00
3.3649e+02, 2.2351e+00
3.3659e+02, 2.3055e+00
3.3668e+02, 2.3794e+00
3.3678e+02, 2.4569e+00
3.3697e+02, 2.6238e+00
3.3716e+02, 2.8084e+00
3.3735e+02, 3.0134e+00
3.3754e+02, 3.2417e+00
3.3773e+02, 3.4974e+00
3.3793e+02, 3.7847e+00
3.3812e+02, 4.1092e+00
3.3831e+02, 4.4776e+00
3.3850e+02, 4.8982e+00
3.3869e+02, 5.3816e+00
3.3888e+02, 5.9409e+00
3.3907e+02, 6.5931e+00
3.3926e+02, 7.3603e+00
3.3936e+02, 7.7955e+00
3.3945e+02, 8.2708e+00
3.3955e+02, 8.7920e+00
3.3965e+02, 9.3640e+00
3.3974e+02, 9.9944e+00
3.3984e+02, 1.0692e+01
3.3993e+02, 1.1466e+01
3.4003e+02, 1.2328e+01
3.4012e+02, 1.3292e+01
3.4022e+02, 1.4375e+01
3.4032e+02, 1.5598e+01
3.4041e+02, 1.6986e+01
3.4051e+02, 1.8572e+01
3.4060e+02, 2.0395e+01
3.4071e+02, 2.2716e+01
3.4081e+02, 2.5470e+01
3.4092e+02, 2.8774e+01
3.4102e+02, 3.2793e+01
3.4107e+02, 3.5140e+01
3.4112e+02, 3.7754e+01
3.4118e+02, 4.0688e+01
3.4123e+02, 4.3984e+01
3.4128e+02, 4.7721e+01
3.4133e+02, 5.1961e+01
3.4138e+02, 5.6816e+01
3.4144e+02, 6.2383e+01
3.4148e+02, 6.7128e+01
3.4151e+02, 7.2413e+01
3.4155e+02, 7.8325e+01
3.4159e+02, 8.4950e+01
3.4163e+02, 9.2386e+01
3.4167e+02, 1.0074e+02
3.4171e+02, 1.1011e+02
3.4175e+02, 1.2064e+02
3.4179e+02, 1.3248e+02
3.4183e+02, 1.4568e+02
3.4187e+02, 1.6040e+02
3.4191e+02, 1.7676e+02
3.4195e+02, 1.9483e+02
3.4198e+02, 2.1469e+02
3.4206e+02, 2.5986e+02
3.4216e+02, 3.2456e+02
3.4225e+02, 3.9677e+02
3.4235e+02, 4.7105e+02
3.4245e+02, 5.3955e+02
3.4251e+02, 5.7745e+02
3.4257e+02, 6.0648e+02
3.4264e+02, 6.2472e+02
3.4270e+02, 6.3087e+02
3.4276e+02, 6.2595e+02
3.4281e+02, 6.1173e+02
3.4287e+02, 5.8897e+02
3.4292e+02, 5.5890e+02
3.4303e+02, 4.8301e+02
3.4314e+02, 3.9764e+02
3.4326e+02, 3.1186e+02
3.4332e+02, 2.7299e+02
3.4337e+02, 2.3771e+02
3.4343e+02, 2.0631e+02
3.4349e+02, 1.7880e+02
3.4355e+02, 1.5503e+02
3.4360e+02, 1.3470e+02
3.4366e+02, 1.1874e+02
3.4371e+02, 1.0508e+02
3.4376e+02, 9.3403e+01
3.4381e+02, 8.3413e+01
3.4387e+02, 7.4858e+01
3.4392e+02, 6.7511e+01
3.4397e+02, 6.1179e+01
3.4403e+02, 5.5696e+01
3.4408e+02, 5.0918e+01
3.4413e+02, 4.6747e+01
3.4424e+02, 3.9840e+01
3.4434e+02, 3.4394e+01
3.4445e+02, 3.0022e+01
3.4455e+02, 2.6597e+01
3.4465e+02, 2.3743e+01
3.4475e+02, 2.1332e+01
3.4485e+02, 1.9277e+01
3.4495e+02, 1.7507e+01
3.4505e+02, 1.5974e+01
3.4515e+02, 1.4635e+01
3.4525e+02, 1.3459e+01
3.4545e+02, 1.1499e+01
3.4565e+02, 9.9406e+00
3.4586e+02, 8.6816e+00
3.4606e+02, 7.6500e+00
3.4625e+02, 6.8314e+00
3.4644e+02, 6.1391e+00
3.4663e+02, 5.5472e+00
3.4682e+02, 5.0367e+00
3.4702e+02, 4.5926e+00
3.4721e+02, 4.2046e+00
3.4740e+02, 3.8635e+00
3.4759e+02, 3.5626e+00
3.4797e+02, 3.0572e+00
3.4836e+02, 2.6525e+00
3.4874e+02, 2.3232e+00
3.4912e+02, 2.0517e+00
3.4947e+02, 1.8461e+00
3.4981e+02, 1.6700e+00
3.5016e+02, 1.5186e+00
3.5050e+02, 1.3876e+00
3.5085e+02, 1.2725e+00
3.5119e+02, 1.1705e+00
3.5188e+02, 9.9985e-01
3.5257e+02, 8.6401e-01
3.5326e+02, 7.5408e-01
3.5395e+02, 6.6388e-01
3.5464e+02, 5.8897e-01
3.5529e+02, 5.2928e-01
3.5595e+02, 4.7824e-01
3.5660e+02, 4.3424e-01
3.5725e+02, 3.9609e-01
3.5790e+02, 3.6327e-01
3.5855e+02, 3.3425e-01
3.5920e+02, 3.0811e-01
3.5986e+02, 2.8512e-01
3.6116e+02, 2.4611e-01
3.6246e+02, 2.1463e-01
3.6377e+02, 1.8885e-01
3.6507e+02, 1.6749e-01
3.6628e+02, 1.5074e-01
3.6749e+02, 1.3641e-01
3.6871e+02, 1.2404e-01
3.6992e+02, 1.1330e-01
3.7113e+02, 1.0392e-01
3.7234e+02, 9.5695e-02
3.7477e+02, 8.1984e-02
3.7719e+02, 7.1015e-02
3.7961e+02, 6.2150e-02
3.8204e+02, 5.4884e-02
3.8446e+02, 4.8843e-02
3.8640e+02, 4.4736e-02
3.8835e+02, 4.1151e-02
3.9223e+02, 3.5197e-02
3.9612e+02, 3.0520e-02
4.0000e+02, 2.6720e-02
4.0318e+02, 2.4165e-02
4.0637e+02, 2.2030e-02
4.0955e+02, 2.0166e-02
4.1273e+02, 1.8550e-02
4.1592e+02, 1.7091e-02
4.1910e+02, 1.5895e-02
4.2228e+02, 1.4777e-02
4.2547e+02, 1.3819e-02
4.3183e+02, 1.2196e-02
4.3820e+02, 1.0916e-02
4.4457e+02, 9.8689e-03
4.5093e+02, 9.0108e-03
4.6320e+02, 7.8011e-03
4.6933e+02, 7.3340e-03
4.7547e+02, 6.9743e-03
4.8160e+02, 6.6644e-03
4.8773e+02, 6.4467e-03
5.0000e+02, 6.1911e-03
5.0533e+02, 6.1776e-03
5.1100e+02, 6.2358e-03
5.1666e+02, 6.3827e-03
5.2233e+02, 6.6411e-03
5.2799e+02, 7.0477e-03
5.3365e+02, 7.6623e-03
5.3932e+02, 8.5448e-03
5.4215e+02, 9.1583e-03
5.4498e+02, 9.9198e-03
5.4782e+02, 1.0875e-02
5.5065e+02, 1.2090e-02
5.5281e+02, 1.3259e-02
5.5498e+02, 1.4706e-02
5.5715e+02, 1.6435e-02
5.5931e+02, 1.8679e-02
5.6148e+02, 2.1563e-02
5.6256e+02, 2.3327e-02
5.6364e+02, 2.5367e-02
5.6473e+02, 2.7742e-02
5.6581e+02, 3.0521e-02
5.6689e+02, 3.3798e-02
5.6797e+02, 3.7709e-02
5.6897e+02, 4.2031e-02
5.6997e+02, 4.7140e-02
5.7097e+02, 5.3439e-02
5.7197e+02, 6.1207e-02
5.7297e+02, 7.0937e-02
5.7347e+02, 7.6750e-02
5.7397e+02, 8.3348e-02
5.7447e+02, 9.0878e-02
5.7497e+02, 9.9525e-02
5.7547e+02, 1.0952e-01
5.7597e+02, 1.2117e-01
5.7651e+02, 1.3609e-01
5.7705e+02, 1.5394e-01
5.7760e+02, 1.7555e-01
5.7814e+02, 2.0237e-01
5.7868e+02, 2.3612e-01
5.7895e+02, 2.5633e-01
5.7922e+02, 2.7931e-01
5.7949e+02, 3.0559e-01
5.7976e+02, 3.3583e-01
5.8003e+02, 3.7089e-01
5.8030e+02, 4.1183e-01
5.8060e+02, 4.6412e-01
5.8089e+02, 5.2710e-01
5.8118e+02, 6.0396e-01
5.8147e+02, 6.9927e-01
5.8176e+02, 8.1990e-01
5.8191e+02, 8.9266e-01
5.8205e+02, 9.7579e-01
5.8220e+02, 1.0715e+00
5.8234e+02, 1.1825e+00
5.8249e+02, 1.3122e+00
5.8264e+02, 1.4650e+00
5.8276e+02, 1.6193e+00
5.8289e+02, 1.8002e+00
5.8301e+02, 2.0149e+00
5.8314e+02, 2.2730e+00
5.8320e+02, 2.4226e+00
5.8326e+02, 2.5888e+00
5.8332e+02, 2.7745e+00
5.8339e+02, 2.9830e+00
5.8345e+02, 3.2199e+00
5.8351e+02, 3.4911e+00
5.8354e+02, 3.6423e+00
5.8357e+02, 3.8049e+00
5.8360e+02, 3.9809e+00
5.8364e+02, 4.1721e+00
5.8367e+02, 4.4085e+00
5.8371e+02, 4.6696e+00
5.8374e+02, 4.9611e+00
5.8378e+02, 5.2861e+00
5.8381e+02, 5.5881e+00
5.8383e+02, 5.9221e+00
5.8386e+02, 6.2930e+00
5.8389e+02, 6.7059e+00
5.8392e+02, 7.1671e+00
5.8395e+02, 7.6836e+00
5.8398e+02, 8.2633e+00
5.8401e+02, 8.9129e+00
5.8403e+02, 9.4274e+00
5.8405e+02, 9.9852e+00
5.8407e+02, 1.0593e+01
5.8409e+02, 1.1255e+01
5.8411e+02, 1.1981e+01
5.8414e+02, 1.2768e+01
5.8416e+02, 1.3626e+01
5.8418e+02, 1.4561e+01
5.8420e+02, 1.5585e+01
5.8422e+02, 1.6695e+01
5.8424e+02, 1.7902e+01
5.8426e+02, 1.9215e+01
5.8428e+02, 2.0648e+01
5.8430e+02, 2.2196e+01
5.8434e+02, 2.5690e+01
5.8437e+02, 2.8439e+01
5.8440e+02, 3.1481e+01
5.8443e+02, 3.4859e+01
5.8446e+02, 3.8572e+01
5.8449e+02, 4.2669e+01
5.8452e+02, 4.7140e+01
5.8454e+02, 5.2016e+01
5.8457e+02, 5.7313e+01
5.8463e+02, 6.9233e+01
5.8469e+02, 8.2897e+01
5.8474e+02, 9.8306e+01
5.8480e+02, 1.1525e+02
5.8486e+02, 1.3353e+02
5.8492e+02, 1.5270e+02
5.8503e+02, 1.9155e+02
5.8512e+02, 2.1931e+02
5.8521e+02, 2.4220e+02
5.8527e+02, 2.5357e+02
5.8533e+02, 2.6108e+02
5.8540e+02, 2.6448e+02
5.8541e+02, 2.6438e+02
5.8545e+02, 2.6277e+02
5.8549e+02, 2.5926e+02
5.8557e+02, 2.4688e+02
5.8566e+02, 2.2462e+02
5.8575e+02, 1.9654e+02
5.8591e+02, 1.4391e+02
5.8599e+02, 1.1859e+02
5.8607e+02, 9.5556e+01
5.8614e+02, 7.5436e+01
5.8618e+02, 6.6575e+01
5.8622e+02, 5.8551e+01
5.8626e+02, 5.1312e+01
5.8630e+02, 4.4864e+01
5.8634e+02, 3.9135e+01
5.8638e+02, 3.4107e+01
5.8642e+02, 2.9698e+01
5.8645e+02, 2.5876e+01
5.8649e+02, 2.2562e+01
5.8653e+02, 1.9717e+01
5.8657e+02, 1.7272e+01
5.8661e+02, 1.5187e+01
5.8665e+02, 1.3405e+01
5.8669e+02, 1.1892e+01
5.8673e+02, 1.0655e+01
5.8676e+02, 9.5950e+00
5.8680e+02, 8.6846e+00
5.8684e+02, 7.9033e+00
5.8687e+02, 7.2271e+00
5.8691e+02, 6.6415e+00
5.8695e+02, 6.1323e+00
5.8699e+02, 5.6883e+00
5.8706e+02, 4.9518e+00
5.8713e+02, 4.3715e+00
5.8721e+02, 3.9027e+00
5.8728e+02, 3.5170e+00
5.8736e+02, 3.1929e+00
5.8743e+02, 2.9171e+00
5.8751e+02, 2.6786e+00
5.8758e+02, 2.4709e+00
5.8773e+02, 2.1258e+00
5.8788e+02, 1.8517e+00
5.8801e+02, 1.6486e+00
5.8815e+02, 1.4783e+00
5.8828e+02, 1.3338e+00
5.8842e+02, 1.2102e+00
5.8855e+02, 1.1032e+00
5.8868e+02, 1.0102e+00
5.8882e+02, 9.2856e-01
5.8895e+02, 8.5659e-01
5.8922e+02, 7.3586e-01
5.8949e+02, 6.3923e-01
5.8976e+02, 5.6067e-01
5.9003e+02, 4.9594e-01
5.9029e+02, 4.4453e-01
5.9054e+02, 4.0088e-01
5.9080e+02, 3.6350e-01
5.9105e+02, 3.3122e-01
5.9130e+02, 3.0309e-01
5.9156e+02, 2.7839e-01
5.9207e+02, 2.3722e-01
5.9258e+02, 2.0461e-01
5.9309e+02, 1.7837e-01
5.9360e+02, 1.5693e-01
5.9411e+02, 1.3920e-01
5.9485e+02, 1.1852e-01
5.9558e+02, 1.0221e-01
5.9632e+02, 8.9182e-02
5.9705e+02, 7.8588e-02
5.9779e+02, 6.9740e-02
5.9853e+02, 6.2341e-02
5.9926e+02, 5.6098e-02
6.0000e+02, 5.0785e-02
6.0081e+02, 4.5815e-02
6.0162e+02, 4.1572e-02
6.0242e+02, 3.7921e-02
6.0323e+02, 3.4757e-02
6.0485e+02, 2.9576e-02
6.0646e+02, 2.5545e-02
6.0808e+02, 2.2404e-02
6.0970e+02, 1.9803e-02
6.1131e+02, 1.7678e-02
6.1293e+02, 1.5922e-02
6.1466e+02, 1.4356e-02
6.1639e+02, 1.3046e-02
6.1985e+02, 1.0994e-02
6.2332e+02, 9.4775e-03
6.2678e+02, 8.3406e-03
6.3024e+02, 7.4359e-03
6.3371e+02, 6.7202e-03
6.3717e+02, 6.1446e-03
6.4063e+02, 5.6753e-03
6.4805e+02, 4.9210e-03
6.5547e+02, 4.4136e-03
6.6289e+02, 4.0256e-03
6.7032e+02, 3.7529e-03
6.7774e+02, 3.5546e-03
6.8516e+02, 3.4096e-03
7.0000e+02, 3.2262e-03
7.1635e+02, 3.1727e-03
7.3726e+02, 3.2876e-03
7.4772e+02, 3.4241e-03
7.5817e+02, 3.6267e-03
7.6863e+02, 3.9237e-03
7.7909e+02, 4.3370e-03
7.8954e+02, 4.9127e-03
8.0000e+02, 5.7330e-03
8.0510e+02, 6.2808e-03
8.1020e+02, 6.9389e-03
8.1530e+02, 7.7646e-03
8.2040e+02, 8.8161e-03
8.2550e+02, 1.0184e-02
8.3060e+02, 1.1959e-02
8.3315e+02, 1.3080e-02
8.3570e+02, 1.4396e-02
8.3825e+02, 1.5958e-02
8.4080e+02, 1.7834e-02
8.4310e+02, 1.9867e-02
8.4540e+02, 2.2316e-02
8.4770e+02, 2.5301e-02
8.5000e+02, 2.8992e-02
8.5173e+02, 3.2381e-02
8.5345e+02, 3.6350e-02
8.5517e+02, 4.1246e-02
8.5690e+02, 4.7267e-02
8.5862e+02, 5.4792e-02
8.5949e+02, 5.9277e-02
8.6035e+02, 6.4360e-02
8.6121e+02, 7.0156e-02
8.6208e+02, 7.6802e-02
8.6294e+02, 8.4469e-02
8.6380e+02, 9.3379e-02
8.6473e+02, 1.0478e-01
8.6567e+02, 1.1840e-01
8.6660e+02, 1.3476e-01
8.6754e+02, 1.5507e-01
8.6847e+02, 1.8051e-01
8.6894e+02, 1.9569e-01
8.6941e+02, 2.1289e-01
8.6987e+02, 2.3251e-01
8.7034e+02, 2.5501e-01
8.7081e+02, 2.8098e-01
8.7127e+02, 3.1112e-01
8.7171e+02, 3.4343e-01
8.7214e+02, 3.8107e-01
8.7235e+02, 4.0233e-01
8.7257e+02, 4.2545e-01
8.7278e+02, 4.5065e-01
8.7300e+02, 4.7820e-01
8.7320e+02, 5.0576e-01
8.7340e+02, 5.3581e-01
8.7359e+02, 5.6865e-01
8.7379e+02, 6.0466e-01
8.7391e+02, 6.2760e-01
8.7402e+02, 6.5189e-01
8.7414e+02, 6.7765e-01
8.7426e+02, 7.0498e-01
8.7437e+02, 7.3402e-01
8.7449e+02, 7.6492e-01
8.7461e+02, 7.9783e-01
8.7473e+02, 8.3291e-01
8.7489e+02, 8.8555e-01
8.7497e+02, 9.1379e-01
8.7505e+02, 9.4338e-01
8.7513e+02, 9.7449e-01
8.7521e+02, 1.0071e+00
8.7529e+02, 1.0415e+00
8.7537e+02, 1.0777e+00
8.7545e+02, 1.1159e+00
8.7553e+02, 1.1561e+00
8.7561e+02, 1.1987e+00
8.7570e+02, 1.2436e+00
8.7578e+02, 1.2911e+00
8.7586e+02, 1.3415e+00
8.7594e+02, 1.3949e+00
8.7602e+02, 1.4516e+00
8.7612e+02, 1.5260e+00
8.7622e+02, 1.6062e+00
8.7632e+02, 1.6930e+00
8.7641e+02, 1.7873e+00
8.7651e+02, 1.8899e+00
8.7661e+02, 2.0018e+00
8.7671e+02, 2.1242e+00
8.7681e+02, 2.2584e+00
8.7691e+02, 2.4063e+00
8.7701e+02, 2.5696e+00
8.7711e+02, 2.7507e+00
8.7720e+02, 2.9524e+00
8.7730e+02, 3.1783e+00
8.7740e+02, 3.4323e+00
8.7750e+02, 3.7198e+00
8.7760e+02, 4.0472e+00
8.7771e+02, 4.4606e+00
8.7782e+02, 4.9455e+00
8.7792e+02, 5.5216e+00
8.7803e+02, 6.2148e+00
8.7809e+02, 6.6160e+00
8.7814e+02, 7.0607e+00
8.7819e+02, 7.5554e+00
8.7825e+02, 8.1078e+00
8.7830e+02, 8.7267e+00
8.7835e+02, 9.4223e+00
8.7841e+02, 1.0207e+01
8.7846e+02, 1.1093e+01
8.7851e+02, 1.2010e+01
8.7856e+02, 1.3037e+01
8.7861e+02, 1.4191e+01
8.7866e+02, 1.5487e+01
8.7871e+02, 1.6945e+01
8.7876e+02, 1.8579e+01
8.7881e+02, 2.0410e+01
8.7886e+02, 2.2457e+01
8.7891e+02, 2.4745e+01
8.7896e+02, 2.7283e+01
8.7901e+02, 3.0094e+01
8.7906e+02, 3.3193e+01
8.7911e+02, 3.6593e+01
8.7915e+02, 4.0303e+01
8.7925e+02, 4.8658e+01
8.7936e+02, 5.9135e+01
8.7947e+02, 7.0800e+01
8.7968e+02, 9.5729e+01
8.7979e+02, 1.0779e+02
8.7990e+02, 1.1816e+02
8.8001e+02, 1.2594e+02
8.8012e+02, 1.3039e+02
8.8020e+02, 1.3128e+02
8.8031e+02, 1.2923e+02
8.8043e+02, 1.2333e+02
8.8054e+02, 1.1420e+02
8.8065e+02, 1.0270e+02
8.8088e+02, 7.6448e+01
8.8100e+02, 6.3678e+01
8.8111e+02, 5.2080e+01
8.8121e+02, 4.2776e+01
8.8132e+02, 3.4874e+01
8.8137e+02, 3.1438e+01
8.8142e+02, 2.8333e+01
8.8148e+02, 2.5540e+01
8.8153e+02, 2.3046e+01
8.8158e+02, 2.0817e+01
8.8163e+02, 1.8836e+01
8.8169e+02, 1.7079e+01
8.8174e+02, 1.5528e+01
8.8179e+02, 1.4153e+01
8.8184e+02, 1.2937e+01
8.8190e+02, 1.1863e+01
8.8195e+02, 1.0913e+01
8.8205e+02, 9.3860e+00
8.8215e+02, 8.1628e+00
8.8225e+02, 7.1729e+00
8.8235e+02, 6.3627e+00
8.8245e+02, 5.6901e+00
8.8255e+02, 5.1254e+00
8.8265e+02, 4.6458e+00
8.8275e+02, 4.2347e+00
8.8285e+02, 3.8784e+00
8.8295e+02, 3.5673e+00
8.8315e+02, 3.0520e+00
8.8335e+02, 2.6443e+00
8.8355e+02, 2.3154e+00
8.8374e+02, 2.0573e+00
8.8393e+02, 1.8412e+00
8.8412e+02, 1.6580e+00
8.8431e+02, 1.5013e+00
8.8450e+02, 1.3660e+00
8.8469e+02, 1.2483e+00
8.8488e+02, 1.1454e+00
8.8507e+02, 1.0547e+00
8.8545e+02, 9.0321e-01
8.8583e+02, 7.8241e-01
8.8621e+02, 6.8449e-01
8.8659e+02, 6.0402e-01
8.8694e+02, 5.4325e-01
8.8728e+02, 4.9133e-01
8.8762e+02, 4.4668e-01
8.8796e+02, 4.0797e-01
8.8831e+02, 3.7410e-01
8.8865e+02, 3.4423e-01
8.8934e+02, 2.9423e-01
8.9002e+02, 2.5443e-01
8.9071e+02, 2.2226e-01
8.9139e+02, 1.9588e-01
8.9208e+02, 1.7398e-01
8.9307e+02, 1.4836e-01
8.9406e+02, 1.2808e-01
8.9505e+02, 1.1184e-01
8.9604e+02, 9.8617e-02
8.9703e+02, 8.7537e-02
8.9802e+02, 7.8260e-02
8.9901e+02, 7.0423e-02
9.0000e+02, 6.3770e-02
9.0117e+02, 5.7106e-02
9.0234e+02, 5.1443e-02
9.0352e+02, 4.6607e-02
9.0469e+02, 4.2463e-02
9.0586e+02, 3.8891e-02
9.0703e+02, 3.5780e-02
9.0938e+02, 3.0654e-02
9.1172e+02, 2.6660e-02
9.1406e+02, 2.3481e-02
9.1641e+02, 2.0972e-02
9.1875e+02, 1.8860e-02
9.2188e+02, 1.6635e-02
9.2500e+02, 1.4900e-02
9.2812e+02, 1.3536e-02
9.3125e+02, 1.2461e-02
9.3438e+02, 1.1619e-02
9.3750e+02, 1.0969e-02
9.4375e+02, 1.0143e-02
9.5000e+02, 9.8661e-03
9.5625e+02, 1.0141e-02
9.5938e+02, 1.0522e-02
9.6250e+02, 1.1106e-02
9.6562e+02, 1.1948e-02
9.6875e+02, 1.3131e-02
9.7188e+02, 1.4771e-02
9.7500e+02, 1.7087e-02
9.7666e+02, 1.8712e-02
9.7832e+02, 2.0704e-02
9.7998e+02, 2.3172e-02
9.8164e+02, 2.6273e-02
9.8330e+02, 3.0231e-02
9.8496e+02, 3.5293e-02
9.8662e+02, 4.2109e-02
9.8745e+02, 4.6399e-02
9.8828e+02, 5.1461e-02
9.8911e+02, 5.7493e-02
9.8994e+02, 6.4756e-02
9.9077e+02, 7.3609e-02
9.9160e+02, 8.4551e-02
9.9243e+02, 9.8256e-02
9.9326e+02, 1.1567e-01
9.9368e+02, 1.2629e-01
9.9409e+02, 1.3853e-01
9.9451e+02, 1.5274e-01
9.9492e+02, 1.6933e-01
9.9539e+02, 1.9141e-01
9.9585e+02, 2.1825e-01
9.9631e+02, 2.5134e-01
9.9678e+02, 2.9278e-01
9.9701e+02, 3.1756e-01
9.9724e+02, 3.4566e-01
9.9747e+02, 3.7773e-01
9.9771e+02, 4.1454e-01
9.9794e+02, 4.5714e-01
9.9817e+02, 5.0683e-01
9.9840e+02, 5.6537e-01
9.9863e+02, 6.3505e-01
9.9879e+02, 6.9188e-01
9.9896e+02, 7.5693e-01
9.9912e+02, 8.3204e-01
9.9928e+02, 9.1935e-01
9.9944e+02, 1.0220e+00
9.9952e+02, 1.0802e+00
9.9960e+02, 1.1437e+00
9.9968e+02, 1.2135e+00
9.9977e+02, 1.2903e+00
9.9985e+02, 1.3753e+00
9.9993e+02, 1.4696e+00
1.0000e+03, 1.5645e+00
1.0000e+03, 1.5714e+00
1.0000e+03, 1.5894e+00
1.0000e+03, 1.6064e+00
1.0001e+03, 1.6413e+00
1.0001e+03, 1.7165e+00
1.0002e+03, 1.7978e+00
1.0002e+03, 1.8839e+00
1.0002e+03, 1.9672e+00
1.0003e+03, 2.0550e+00
1.0003e+03, 2.1498e+00
1.0004e+03, 2.2525e+00
1.0004e+03, 2.3669e+00
1.0005e+03, 2.4890e+00
1.0005e+03, 2.6227e+00
1.0005e+03, 2.7697e+00
1.0006e+03, 2.9358e+00
1.0006e+03, 3.1158e+00
1.0007e+03, 3.3157e+00
1.0007e+03, 3.5387e+00
1.0008e+03, 3.7945e+00
1.0008e+03, 4.0753e+00
1.0008e+03, 4.3913e+00
1.0009e+03, 4.7477e+00
1.0009e+03, 5.0106e+00
1.0009e+03, 5.2855e+00
1.0010e+03, 5.5947e+00
1.0010e+03, 5.9181e+00
1.0010e+03, 6.2822e+00
1.0010e+03, 6.6632e+00
1.0011e+03, 7.5237e+00
1.0011e+03, 8.5537e+00
1.0012e+03, 9.7398e+00
1.0013e+03, 1.1153e+01
1.0013e+03, 1.2769e+01
1.0014e+03, 1.4678e+01
1.0014e+03, 1.6882e+01
1.0015e+03, 1.9412e+01
1.0015e+03, 2.2238e+01
1.0016e+03, 2.5488e+01
1.0016e+03, 2.9063e+01
1.0017e+03, 3.3105e+01
1.0018e+03, 3.7469e+01
1.0018e+03, 4.2307e+01
1.0019e+03, 4.7522e+01
1.0020e+03, 5.8816e+01
1.0022e+03, 8.3464e+01
1.0023e+03, 9.5172e+01
1.0024e+03, 1.0529e+02
1.0025e+03, 1.1345e+02
1.0026e+03, 1.1769e+02
1.0027e+03, 1.1821e+02
1.0028e+03, 1.1588e+02
1.0029e+03, 1.0924e+02
1.0031e+03, 9.8193e+01
1.0032e+03, 8.4628e+01
1.0034e+03, 5.7904e+01
1.0036e+03, 4.5743e+01
1.0036e+03, 4.0298e+01
1.0037e+03, 3.5298e+01
1.0037e+03, 3.0907e+01
1.0038e+03, 2.6953e+01
1.0038e+03, 2.3427e+01
1.0039e+03, 2.0363e+01
1.0040e+03, 1.7628e+01
1.0040e+03, 1.5250e+01
1.0041e+03, 1.3198e+01
1.0041e+03, 1.1466e+01
1.0042e+03, 9.9602e+00
1.0042e+03, 8.6807e+00
1.0043e+03, 7.5973e+00
1.0044e+03, 6.6967e+00
1.0044e+03, 5.9217e+00
1.0045e+03, 5.2781e+00
1.0045e+03, 4.7235e+00
1.0046e+03, 4.2611e+00
1.0046e+03, 3.8797e+00
1.0047e+03, 3.5513e+00
1.0047e+03, 3.2671e+00
1.0048e+03, 3.0199e+00
1.0049e+03, 2.6129e+00
1.0050e+03, 2.2936e+00
1.0051e+03, 2.0371e+00
1.0052e+03, 1.8266e+00
1.0053e+03, 1.6506e+00
1.0054e+03, 1.5012e+00
1.0056e+03, 1.3727e+00
1.0057e+03, 1.2610e+00
1.0059e+03, 1.0769e+00
1.0061e+03, 9.3187e-01
1.0063e+03, 8.1567e-01
1.0065e+03, 7.2866e-01
1.0067e+03, 6.5559e-01
1.0069e+03, 5.9299e-01
1.0071e+03, 5.3942e-01
1.0073e+03, 4.9272e-01
1.0075e+03, 4.5212e-01
1.0079e+03, 3.8482e-01
1.0083e+03, 3.3152e-01
1.0086e+03, 2.8869e-01
1.0090e+03, 2.5377e-01
1.0094e+03, 2.2499e-01
1.0098e+03, 2.0205e-01
1.0102e+03, 1.8256e-01
1.0105e+03, 1.6583e-01
1.0109e+03, 1.5137e-01
1.0113e+03, 1.3880e-01
1.0116e+03, 1.2775e-01
1.0124e+03, 1.0928e-01
1.0131e+03, 9.4583e-02
1.0138e+03, 8.2731e-02
1.0146e+03, 7.3035e-02
1.0153e+03, 6.5000e-02
1.0160e+03, 5.8631e-02
1.0167e+03, 5.3190e-02
1.0181e+03, 4.4441e-02
1.0194e+03, 3.7815e-02
1.0208e+03, 3.2650e-02
1.0222e+03, 2.8508e-02
1.0236e+03, 2.5165e-02
1.0250e+03, 2.2426e-02
1.0263e+03, 2.0154e-02
1.0293e+03, 1.6450e-02
1.0322e+03, 1.3795e-02
1.0352e+03, 1.1858e-02
1.0381e+03, 1.0347e-02
1.0410e+03, 9.1703e-03
1.0440e+03, 8.2370e-03
1.0498e+03, 6.8699e-03
1.0538e+03, 6.2053e-03
1.0578e+03, 5.6777e-03
1.0657e+03, 4.9278e-03
1.0737e+03, 4.4174e-03
1.0816e+03, 4.0770e-03
1.0896e+03, 3.8511e-03
1.0975e+03, 3.7226e-03
1.1134e+03, 3.6293e-03
1.1252e+03, 3.7418e-03
1.1369e+03, 4.0720e-03
1.1428e+03, 4.3827e-03
1.1487e+03, 4.8536e-03
1.1545e+03, 5.6891e-03
1.1575e+03, 6.3555e-03
1.1604e+03, 7.3275e-03
1.1630e+03, 8.6357e-03
1.1656e+03, 1.0699e-02
1.1669e+03, 1.2202e-02
1.1682e+03, 1.4251e-02
1.1695e+03, 1.7124e-02
1.1708e+03, 2.1331e-02
1.1719e+03, 2.6778e-02
1.1730e+03, 3.5194e-02
1.1736e+03, 4.1299e-02
1.1741e+03, 4.9386e-02
1.1747e+03, 6.0467e-02
1.1753e+03, 7.6182e-02
1.1755e+03, 8.6683e-02
1.1758e+03, 9.9716e-02
1.1761e+03, 1.1623e-01
1.1764e+03, 1.3757e-01
1.1767e+03, 1.6631e-01
1.1769e+03, 2.0685e-01
1.1771e+03, 2.3453e-01
1.1772e+03, 2.7014e-01
1.1774e+03, 3.1889e-01
1.1775e+03, 3.9031e-01
1.1776e+03, 4.4439e-01
1.1777e+03, 5.1451e-01
1.1777e+03, 6.0668e-01
1.1778e+03, 7.2709e-01
1.1779e+03, 8.8944e-01
1.1780e+03, 1.1028e+00
1.1780e+03, 1.2362e+00
1.1780e+03, 1.3899e+00
1.1781e+03, 1.5667e+00
1.1781e+03, 1.7640e+00
1.1781e+03, 1.9957e+00
1.1782e+03, 2.2606e+00
1.1782e+03, 2.5624e+00
1.1783e+03, 2.8957e+00
1.1783e+03, 3.2828e+00
1.1783e+03, 3.7198e+00
1.1784e+03, 4.2115e+00
1.1784e+03, 4.7473e+00
1.1785e+03, 5.3608e+00
1.1785e+03, 6.0432e+00
1.1785e+03, 6.7991e+00
1.1786e+03, 7.6099e+00
1.1786e+03, 8.5235e+00
1.1786e+03, 9.5225e+00
1.1787e+03, 1.1756e+01
1.1788e+03, 1.3909e+01
1.1788e+03, 1.6275e+01
1.1789e+03, 1.8880e+01
1.1790e+03, 2.1705e+01
1.1791e+03, 2.7897e+01
1.1792e+03, 3.4505e+01
1.1793e+03, 4.0720e+01
1.1794e+03, 4.6381e+01
1.1796e+03, 5.0890e+01
1.1797e+03, 5.3359e+01
1.1797e+03, 5.4281e+01
1.1798e+03, 5.4707e+01
1.1798e+03, 5.4710e+01
1.1798e+03, 5.4706e+01
1.1798e+03, 5.4651e+01
1.1798e+03, 5.4540e+01
1.1799e+03, 5.4130e+01
1.1800e+03, 5.2256e+01
1.1800e+03, 5.1854e+01
1.1800e+03, 5.0484e+01
1.1801e+03, 4.8925e+01
1.1802e+03, 4.5247e+01
1.1803e+03, 3.7153e+01
1.1805e+03, 2.8506e+01
1.1806e+03, 2.4309e+01
1.1807e+03, 2.0437e+01
1.1807e+03, 1.6916e+01
1.1808e+03, 1.3795e+01
1.1809e+03, 1.1061e+01
1.1809e+03, 9.8547e+00
1.1810e+03, 8.7775e+00
1.1810e+03, 7.7723e+00
1.1811e+03, 6.8842e+00
1.1811e+03, 6.0637e+00
1.1812e+03, 5.3458e+00
1.1812e+03, 4.7496e+00
1.1812e+03, 4.2140e+00
1.1813e+03, 3.7347e+00
1.1813e+03, 3.3071e+00
1.1813e+03, 2.9271e+00
1.1814e+03, 2.5904e+00
1.1814e+03, 2.2929e+00
1.1814e+03, 2.0309e+00
1.1815e+03, 1.8007e+00
1.1815e+03, 1.5989e+00
1.1816e+03, 1.4224e+00
1.1816e+03, 1.2683e+00
1.1816e+03, 1.1340e+00
1.1817e+03, 1.0171e+00
1.1817e+03, 8.2937e-01
1.1818e+03, 6.8532e-01
1.1819e+03, 5.7628e-01
1.1820e+03, 4.9327e-01
1.1820e+03, 4.3021e-01
1.1821e+03, 3.8032e-01
1.1822e+03, 3.4081e-01
1.1823e+03, 2.8303e-01
1.1825e+03, 2.4384e-01
1.1826e+03, 2.1430e-01
1.1829e+03, 1.7150e-01
1.1832e+03, 1.4138e-01
1.1835e+03, 1.1911e-01
1.1837e+03, 1.0196e-01
1.1840e+03, 8.8501e-02
1.1846e+03, 6.8853e-02
1.1851e+03, 5.6036e-02
1.1856e+03, 4.6746e-02
1.1862e+03, 3.9776e-02
1.1867e+03, 3.4405e-02
1.1878e+03, 2.6777e-02
1.1888e+03, 2.1750e-02
1.1901e+03, 1.7801e-02
1.1913e+03, 1.5100e-02
1.1925e+03, 1.3155e-02
1.1938e+03, 1.1725e-02
1.1963e+03, 9.8243e-03
1.1988e+03, 8.6888e-03
1.2016e+03, 7.8886e-03
1.2044e+03, 7.4146e-03
1.2101e+03, 7.0363e-03
1.2158e+03, 7.1102e-03
1.2214e+03, 7.3847e-03
1.2271e+03, 7.9407e-03
1.2328e+03, 8.7270e-03
1.2384e+03, 9.8230e-03
1.2441e+03, 1.1285e-02
1.2498e+03, 1.3328e-02
1.2526e+03, 1.4618e-02
1.2554e+03, 1.6148e-02
1.2583e+03, 1.8035e-02
1.2611e+03, 2.0266e-02
1.2640e+03, 2.3083e-02
1.2668e+03, 2.6615e-02
1.2696e+03, 3.1154e-02
1.2725e+03, 3.7081e-02
1.2739e+03, 4.0770e-02
1.2753e+03, 4.5083e-02
1.2767e+03, 5.0149e-02
1.2781e+03, 5.6097e-02
1.2794e+03, 6.2616e-02
1.2807e+03, 7.0464e-02
1.2820e+03, 7.9958e-02
1.2833e+03, 9.1590e-02
1.2846e+03, 1.0607e-01
1.2859e+03, 1.2438e-01
1.2866e+03, 1.3543e-01
1.2872e+03, 1.4803e-01
1.2879e+03, 1.6250e-01
1.2885e+03, 1.7912e-01
1.2889e+03, 1.8933e-01
1.2892e+03, 2.0045e-01
1.2896e+03, 2.1266e-01
1.2899e+03, 2.2601e-01
1.2903e+03, 2.4071e-01
1.2906e+03, 2.5686e-01
1.2910e+03, 2.7474e-01
1.2912e+03, 2.8441e-01
1.2914e+03, 2.9460e-01
1.2916e+03, 3.1102e-01
1.2919e+03, 3.2887e-01
1.2922e+03, 3.4832e-01
1.2924e+03, 3.6949e-01
1.2927e+03, 3.9276e-01
1.2929e+03, 4.1832e-01
1.2931e+03, 4.3205e-01
1.2932e+03, 4.4648e-01
1.2933e+03, 4.6165e-01
1.2935e+03, 4.7750e-01
1.2936e+03, 4.9251e-01
1.2937e+03, 5.0810e-01
1.2938e+03, 5.2447e-01
1.2940e+03, 5.4164e-01
1.2941e+03, 5.5969e-01
1.2942e+03, 5.7868e-01
1.2944e+03, 6.1970e-01
1.2947e+03, 6.6552e-01
1.2949e+03, 7.1645e-01
1.2951e+03, 7.7353e-01
1.2954e+03, 8.3781e-01
1.2955e+03, 8.7767e-01
1.2956e+03, 9.2048e-01
1.2958e+03, 9.6655e-01
1.2959e+03, 1.0162e+00
1.2960e+03, 1.0698e+00
1.2962e+03, 1.1279e+00
1.2963e+03, 1.1909e+00
1.2964e+03, 1.2588e+00
1.2966e+03, 1.3335e+00
1.2967e+03, 1.4151e+00
1.2968e+03, 1.5046e+00
1.2970e+03, 1.6030e+00
1.2971e+03, 1.7117e+00
1.2972e+03, 1.8321e+00
1.2974e+03, 1.9661e+00
1.2975e+03, 2.1147e+00
1.2977e+03, 2.3234e+00
1.2978e+03, 2.5643e+00
1.2980e+03, 2.8483e+00
1.2981e+03, 3.1823e+00
1.2983e+03, 3.5846e+00
1.2985e+03, 4.0695e+00
1.2985e+03, 4.3516e+00
1.2986e+03, 4.6654e+00
1.2987e+03, 5.0161e+00
1.2988e+03, 5.4092e+00
1.2989e+03, 5.8114e+00
1.2989e+03, 6.2607e+00
1.2990e+03, 6.7643e+00
1.2991e+03, 7.3299e+00
1.2992e+03, 7.9667e+00
1.2992e+03, 8.6846e+00
1.2993e+03, 9.4948e+00
1.2994e+03, 1.0396e+01
1.2995e+03, 1.1427e+01
1.2995e+03, 1.2589e+01
1.2996e+03, 1.3895e+01
1.2997e+03, 1.5340e+01
1.2998e+03, 1.6974e+01
1.2998e+03, 1.8792e+01
1.2999e+03, 2.0803e+01
1.3000e+03, 2.2980e+01
1.3001e+03, 2.5657e+01
1.3001e+03, 2.8535e+01
1.3003e+03, 3.4922e+01
1.3006e+03, 4.9085e+01
1.3008e+03, 5.6138e+01
1.3010e+03, 6.1909e+01
1.3011e+03, 6.5718e+01
1.3013e+03, 6.7046e+01
1.3014e+03, 6.6532e+01
1.3015e+03, 6.5048e+01
1.3016e+03, 6.2670e+01
1.3017e+03, 5.9522e+01
1.3019e+03, 5.1549e+01
1.3021e+03, 4.2506e+01
1.3023e+03, 3.2925e+01
1.3025e+03, 2.8587e+01
1.3026e+03, 2.4696e+01
1.3027e+03, 2.1218e+01
1.3028e+03, 1.8193e+01
1.3029e+03, 1.5602e+01
1.3030e+03, 1.3427e+01
1.3031e+03, 1.1658e+01
1.3032e+03, 1.0169e+01
1.3033e+03, 8.9188e+00
1.3034e+03, 7.8785e+00
1.3036e+03, 6.9947e+00
1.3037e+03, 6.2550e+00
1.3038e+03, 5.6212e+00
1.3039e+03, 5.0850e+00
1.3040e+03, 4.6199e+00
1.3041e+03, 4.2178e+00
1.3042e+03, 3.8678e+00
1.3043e+03, 3.5640e+00
1.3045e+03, 3.0561e+00
1.3047e+03, 2.6529e+00
1.3049e+03, 2.3394e+00
1.3051e+03, 2.0810e+00
1.3053e+03, 1.8641e+00
1.3055e+03, 1.6801e+00
1.3057e+03, 1.5225e+00
1.3059e+03, 1.3864e+00
1.3061e+03, 1.2679e+00
1.3063e+03, 1.1641e+00
1.3068e+03, 9.9142e-01
1.3072e+03, 8.5512e-01
1.3076e+03, 7.4539e-01
1.3080e+03, 6.5572e-01
1.3084e+03, 5.8489e-01
1.3087e+03, 5.2516e-01
1.3091e+03, 4.7429e-01
1.3095e+03, 4.3052e-01
1.3099e+03, 3.9250e-01
1.3103e+03, 3.5927e-01
1.3107e+03, 3.3009e-01
1.3111e+03, 3.0442e-01
1.3118e+03, 2.6127e-01
1.3126e+03, 2.2676e-01
1.3134e+03, 1.9874e-01
1.3141e+03, 1.7569e-01
1.3148e+03, 1.5831e-01
1.3155e+03, 1.4343e-01
1.3162e+03, 1.3059e-01
1.3169e+03, 1.1948e-01
1.3176e+03, 1.0982e-01
1.3183e+03, 1.0129e-01
1.3197e+03, 8.6906e-02
1.3211e+03, 7.5439e-02
1.3224e+03, 6.6162e-02
1.3238e+03, 5.8552e-02
1.3252e+03, 5.2231e-02
1.3265e+03, 4.7213e-02
1.3278e+03, 4.2920e-02
1.3304e+03, 3.6008e-02
1.3330e+03, 3.0761e-02
1.3356e+03, 2.6673e-02
1.3382e+03, 2.3402e-02
1.3408e+03, 2.0764e-02
1.3434e+03, 1.8608e-02
1.3460e+03, 1.6825e-02
1.3488e+03, 1.5249e-02
1.3515e+03, 1.3933e-02
1.3570e+03, 1.1884e-02
1.3626e+03, 1.0414e-02
1.3681e+03, 9.2836e-03
1.3736e+03, 8.4262e-03
1.3791e+03, 7.7685e-03
1.3902e+03, 6.8683e-03
1.3993e+03, 6.4330e-03
1.4084e+03, 6.1389e-03
1.4175e+03, 5.9766e-03
1.4266e+03, 5.9206e-03
1.4409e+03, 6.0169e-03
1.4552e+03, 6.2843e-03
1.4695e+03, 6.7287e-03
1.4838e+03, 7.3801e-03
1.4981e+03, 8.2487e-03
1.5124e+03, 9.4383e-03
1.5195e+03, 1.0159e-02
1.5267e+03, 1.1041e-02
1.5338e+03, 1.2047e-02
1.5410e+03, 1.3195e-02
1.5540e+03, 1.5947e-02
1.5605e+03, 1.7703e-02
1.5670e+03, 1.9803e-02
1.5735e+03, 2.2374e-02
1.5800e+03, 2.5526e-02
1.5832e+03, 2.7320e-02
1.5865e+03, 2.9380e-02
1.5897e+03, 3.1696e-02
1.5913e+03, 3.2968e-02
1.5930e+03, 3.4309e-02
1.5944e+03, 3.5523e-02
1.5957e+03, 3.6812e-02
1.5971e+03, 3.8175e-02
1.5985e+03, 3.9620e-02
1.5999e+03, 4.1153e-02
1.6013e+03, 4.2781e-02
1.6019e+03, 4.3632e-02
1.6026e+03, 4.4508e-02
1.6033e+03, 4.5415e-02
1.6040e+03, 4.6351e-02
1.6045e+03, 4.6974e-02
1.6049e+03, 4.7609e-02
1.6054e+03, 4.8259e-02
1.6058e+03, 4.8922e-02
1.6067e+03, 5.0293e-02
1.6076e+03, 5.1724e-02
1.6085e+03, 5.3221e-02
1.6094e+03, 5.4787e-02
1.6103e+03, 5.6428e-02
1.6112e+03, 5.8145e-02
1.6121e+03, 6.0116e-02
1.6131e+03, 6.2195e-02
1.6141e+03, 6.4390e-02
1.6151e+03, 6.6712e-02
1.6160e+03, 6.9170e-02
1.6170e+03, 7.1780e-02
1.6180e+03, 7.4562e-02
1.6190e+03, 7.7515e-02
1.6197e+03, 7.9993e-02
1.6205e+03, 8.2605e-02
1.6213e+03, 8.5367e-02
1.6221e+03, 8.8289e-02
1.6228e+03, 9.1398e-02
1.6236e+03, 9.4714e-02
1.6251e+03, 1.0209e-01
1.6267e+03, 1.1083e-01
1.6282e+03, 1.2175e-01
1.6290e+03, 1.2857e-01
1.6298e+03, 1.3700e-01
1.6305e+03, 1.4854e-01
1.6309e+03, 1.5647e-01
1.6313e+03, 1.6728e-01
1.6316e+03, 1.8053e-01
1.6319e+03, 2.0631e-01
1.6321e+03, 2.3128e-01
1.6322e+03, 2.7303e-01
1.6324e+03, 3.4440e-01
1.6325e+03, 3.9716e-01
1.6325e+03, 4.6565e-01
1.6326e+03, 5.5527e-01
1.6327e+03, 6.6859e-01
1.6328e+03, 8.1219e-01
1.6328e+03, 9.9235e-01
1.6329e+03, 1.2192e+00
1.6330e+03, 1.4941e+00
1.6331e+03, 1.8272e+00
1.6331e+03, 2.2256e+00
1.6332e+03, 2.7028e+00
1.6333e+03, 3.2517e+00
1.6334e+03, 3.8818e+00
1.6335e+03, 4.5946e+00
1.6335e+03, 5.3886e+00
1.6336e+03, 6.2592e+00
1.6338e+03, 8.1922e+00
1.6340e+03, 1.1814e+01
1.6342e+03, 1.3498e+01
1.6343e+03, 1.4908e+01
1.6344e+03, 1.5580e+01
1.6344e+03, 1.6073e+01
1.6345e+03, 1.6358e+01
1.6346e+03, 1.6448e+01
1.6346e+03, 1.6458e+01
1.6346e+03, 1.6426e+01
1.6347e+03, 1.6297e+01
1.6348e+03, 1.5847e+01
1.6349e+03, 1.5000e+01
1.6350e+03, 1.3871e+01
1.6350e+03, 1.3535e+01
1.6351e+03, 1.2335e+01
1.6352e+03, 1.1044e+01
1.6354e+03, 8.4166e+00
1.6355e+03, 7.1591e+00
1.6356e+03, 6.0030e+00
1.6357e+03, 4.9472e+00
1.6358e+03, 4.0271e+00
1.6359e+03, 3.3444e+00
1.6360e+03, 2.7541e+00
1.6361e+03, 2.2520e+00
1.6361e+03, 1.8315e+00
1.6362e+03, 1.4846e+00
1.6363e+03, 1.2026e+00
1.6364e+03, 9.7650e-01
1.6365e+03, 7.9768e-01
1.6365e+03, 6.5802e-01
1.6366e+03, 5.5025e-01
1.6367e+03, 4.6799e-01
1.6368e+03, 4.0583e-01
1.6369e+03, 3.5927e-01
1.6369e+03, 3.2463e-01
1.6371e+03, 2.8028e-01
1.6373e+03, 2.5593e-01
1.6374e+03, 2.4248e-01
1.6378e+03, 2.3020e-01
1.6381e+03, 2.2560e-01
1.6384e+03, 2.2405e-01
1.6390e+03, 2.2542e-01
1.6397e+03, 2.3014e-01
1.6410e+03, 2.4535e-01
1.6423e+03, 2.6593e-01
1.6436e+03, 2.9116e-01
1.6449e+03, 3.2128e-01
1.6462e+03, 3.5705e-01
1.6475e+03, 3.9965e-01
1.6488e+03, 4.5069e-01
1.6499e+03, 5.0328e-01
1.6510e+03, 5.6570e-01
1.6521e+03, 6.4050e-01
1.6532e+03, 7.3110e-01
1.6538e+03, 7.8382e-01
1.6544e+03, 8.4225e-01
1.6549e+03, 9.0732e-01
1.6555e+03, 9.7994e-01
1.6560e+03, 1.0611e+00
1.6566e+03, 1.1524e+00
1.6571e+03, 1.2559e+00
1.6577e+03, 1.3738e+00
1.6584e+03, 1.5318e+00
1.6590e+03, 1.7170e+00
1.6597e+03, 1.9361e+00
1.6603e+03, 2.1964e+00
1.6609e+03, 2.5088e+00
1.6616e+03, 2.8847e+00
1.6622e+03, 3.3411e+00
1.6629e+03, 3.8953e+00
1.6632e+03, 4.2519e+00
1.6636e+03, 4.6476e+00
1.6640e+03, 5.0867e+00
1.6643e+03, 5.5722e+00
1.6650e+03, 6.6861e+00
1.6657e+03, 7.9707e+00
1.6665e+03, 9.3385e+00
1.6672e+03, 1.0610e+01
1.6675e+03, 1.1132e+01
1.6679e+03, 1.1534e+01
1.6682e+03, 1.1787e+01
1.6686e+03, 1.1871e+01
1.6690e+03, 1.1773e+01
1.6693e+03, 1.1498e+01
1.6697e+03, 1.1068e+01
1.6701e+03, 1.0513e+01
1.6708e+03, 9.1799e+00
1.6715e+03, 7.7718e+00
1.6723e+03, 6.4697e+00
1.6730e+03, 5.3587e+00
1.6738e+03, 4.4471e+00
1.6741e+03, 4.0598e+00
1.6745e+03, 3.7131e+00
1.6749e+03, 3.3880e+00
1.6753e+03, 3.0995e+00
1.6760e+03, 2.6132e+00
1.6768e+03, 2.2251e+00
1.6776e+03, 1.9131e+00
1.6784e+03, 1.6592e+00
1.6791e+03, 1.4514e+00
1.6799e+03, 1.2799e+00
1.6807e+03, 1.1362e+00
1.6814e+03, 1.0236e+00
1.6821e+03, 9.2664e-01
1.6828e+03, 8.4253e-01
1.6835e+03, 7.6936e-01
1.6842e+03, 7.0518e-01
1.6849e+03, 6.4876e-01
1.6863e+03, 5.5452e-01
1.6878e+03, 4.7951e-01
1.6892e+03, 4.1895e-01
1.6906e+03, 3.6943e-01
1.6920e+03, 3.2853e-01
1.6934e+03, 2.9616e-01
1.6947e+03, 2.6849e-01
1.6961e+03, 2.4468e-01
1.6974e+03, 2.2413e-01
1.6988e+03, 2.0646e-01
1.7001e+03, 1.9116e-01
1.7015e+03, 1.7782e-01
1.7028e+03, 1.6628e-01
1.7055e+03, 1.4749e-01
1.7082e+03, 1.3356e-01
1.7109e+03, 1.2369e-01
1.7136e+03, 1.1759e-01
1.7157e+03, 1.1558e-01
1.7173e+03, 1.1580e-01
1.7189e+03, 1.1788e-01
1.7205e+03, 1.2201e-01
1.7221e+03, 1.2932e-01
1.7238e+03, 1.4081e-01
1.7246e+03, 1.4868e-01
1.7254e+03, 1.5840e-01
1.7262e+03, 1.7045e-01
1.7270e+03, 1.8545e-01
1.7278e+03, 2.0416e-01
1.7286e+03, 2.2783e-01
1.7292e+03, 2.5043e-01
1.7298e+03, 2.7822e-01
1.7304e+03, 3.1278e-01
1.7310e+03, 3.5629e-01
1.7316e+03, 4.1216e-01
1.7319e+03, 4.4617e-01
1.7323e+03, 4.8528e-01
1.7326e+03, 5.3062e-01
1.7329e+03, 5.8361e-01
1.7332e+03, 6.4613e-01
1.7335e+03, 7.2039e-01
1.7337e+03, 7.8746e-01
1.7339e+03, 8.6505e-01
1.7342e+03, 9.5635e-01
1.7344e+03, 1.0639e+00
1.7345e+03, 1.1256e+00
1.7346e+03, 1.1932e+00
1.7348e+03, 1.2678e+00
1.7349e+03, 1.3495e+00
1.7350e+03, 1.4409e+00
1.7351e+03, 1.4910e+00
1.7351e+03, 1.5430e+00
1.7352e+03, 1.5990e+00
1.7352e+03, 1.6574e+00
1.7353e+03, 1.7194e+00
1.7353e+03, 1.7853e+00
1.7354e+03, 1.8948e+00
1.7355e+03, 1.9531e+00
1.7355e+03, 2.0145e+00
1.7356e+03, 2.0806e+00
1.7356e+03, 2.1487e+00
1.7357e+03, 2.2206e+00
1.7357e+03, 2.2966e+00
1.7357e+03, 2.3788e+00
1.7358e+03, 2.4641e+00
1.7358e+03, 2.5544e+00
1.7359e+03, 2.6503e+00
1.7359e+03, 2.7546e+00
1.7360e+03, 2.8632e+00
1.7360e+03, 2.9788e+00
1.7361e+03, 3.1022e+00
1.7361e+03, 3.2370e+00
1.7361e+03, 3.3781e+00
1.7362e+03, 3.5290e+00
1.7362e+03, 3.6906e+00
1.7363e+03, 3.8679e+00
1.7363e+03, 4.0542e+00
1.7364e+03, 4.2541e+00
1.7364e+03, 4.4689e+00
1.7365e+03, 4.7053e+00
1.7365e+03, 4.9540e+00
1.7365e+03, 5.2216e+00
1.7366e+03, 5.5094e+00
1.7367e+03, 6.1601e+00
1.7368e+03, 6.9046e+00
1.7368e+03, 7.7742e+00
1.7369e+03, 8.7639e+00
1.7370e+03, 9.9110e+00
1.7371e+03, 1.1203e+01
1.7372e+03, 1.2682e+01
1.7373e+03, 1.4323e+01
1.7374e+03, 1.6170e+01
1.7375e+03, 1.8179e+01
1.7376e+03, 2.0390e+01
1.7376e+03, 2.2768e+01
1.7378e+03, 2.7887e+01
1.7382e+03, 3.8501e+01
1.7383e+03, 4.2583e+01
1.7385e+03, 4.5787e+01
1.7386e+03, 4.7855e+01
1.7388e+03, 4.8559e+01
1.7389e+03, 4.8471e+01
1.7390e+03, 4.7188e+01
1.7392e+03, 4.4527e+01
1.7393e+03, 4.0761e+01
1.7395e+03, 3.6249e+01
1.7399e+03, 2.4231e+01
1.7401e+03, 1.8888e+01
1.7402e+03, 1.6552e+01
1.7403e+03, 1.4450e+01
1.7404e+03, 1.2921e+01
1.7405e+03, 1.1560e+01
1.7405e+03, 1.0340e+01
1.7406e+03, 9.2538e+00
1.7407e+03, 8.2800e+00
1.7408e+03, 7.4319e+00
1.7409e+03, 6.6859e+00
1.7409e+03, 6.0313e+00
1.7410e+03, 5.4510e+00
1.7411e+03, 4.9496e+00
1.7412e+03, 4.5103e+00
1.7413e+03, 4.1251e+00
1.7413e+03, 3.7828e+00
1.7414e+03, 3.4853e+00
1.7416e+03, 2.9898e+00
1.7417e+03, 2.6244e+00
1.7419e+03, 2.3281e+00
1.7420e+03, 2.0829e+00
1.7422e+03, 1.8773e+00
1.7423e+03, 1.7028e+00
1.7425e+03, 1.5533e+00
1.7426e+03, 1.4239e+00
1.7428e+03, 1.3110e+00
1.7431e+03, 1.1237e+00
1.7434e+03, 9.7618e-01
1.7436e+03, 8.5739e-01
1.7439e+03, 7.6013e-01
1.7442e+03, 6.7912e-01
1.7445e+03, 6.1126e-01
1.7448e+03, 5.5358e-01
1.7451e+03, 5.0410e-01
1.7454e+03, 4.6119e-01
1.7457e+03, 4.2396e-01
1.7463e+03, 3.6262e-01
1.7469e+03, 3.1444e-01
1.7475e+03, 2.7601e-01
1.7481e+03, 2.4478e-01
1.7486e+03, 2.1914e-01
1.7493e+03, 1.9419e-01
1.7500e+03, 1.7366e-01
1.7507e+03, 1.5652e-01
1.7514e+03, 1.4213e-01
1.7521e+03, 1.2989e-01
1.7528e+03, 1.1941e-01
1.7542e+03, 1.0246e-01
1.7556e+03, 8.9440e-02
1.7570e+03, 7.9301e-02
1.7584e+03, 7.1029e-02
1.7598e+03, 6.4235e-02
1.7615e+03, 5.7424e-02
1.7632e+03, 5.1895e-02
1.7649e+03, 4.7327e-02
1.7666e+03, 4.3496e-02
1.7700e+03, 3.7472e-02
1.7735e+03, 3.2938e-02
1.7769e+03, 2.9386e-02
1.7803e+03, 2.6549e-02
1.7837e+03, 2.4234e-02
1.7872e+03, 2.2312e-02
1.7910e+03, 2.0511e-02
1.7949e+03, 1.9029e-02
1.8026e+03, 1.6681e-02
1.8103e+03, 1.4951e-02
1.8180e+03, 1.3662e-02
1.8257e+03, 1.2709e-02
1.8334e+03, 1.2030e-02
1.8411e+03, 1.1587e-02
1.8488e+03, 1.1369e-02
1.8561e+03, 1.1369e-02
1.8634e+03, 1.1585e-02
1.8706e+03, 1.2051e-02
1.8779e+03, 1.2824e-02
1.8852e+03, 1.4001e-02
1.8925e+03, 1.5674e-02
1.8997e+03, 1.8198e-02
1.9034e+03, 1.9895e-02
1.9070e+03, 2.1990e-02
1.9102e+03, 2.4264e-02
1.9134e+03, 2.7058e-02
1.9166e+03, 3.0531e-02
1.9198e+03, 3.4906e-02
1.9231e+03, 4.0409e-02
1.9263e+03, 4.7702e-02
1.9279e+03, 5.2217e-02
1.9295e+03, 5.7481e-02
1.9311e+03, 6.3666e-02
1.9327e+03, 7.1000e-02
1.9340e+03, 7.8208e-02
1.9354e+03, 8.6647e-02
1.9367e+03, 9.6623e-02
1.9380e+03, 1.0851e-01
1.9394e+03, 1.2271e-01
1.9407e+03, 1.3995e-01
1.9414e+03, 1.5009e-01
1.9421e+03, 1.6143e-01
1.9424e+03, 1.6762e-01
1.9427e+03, 1.7416e-01
1.9431e+03, 1.8111e-01
1.9434e+03, 1.8849e-01
1.9438e+03, 1.9864e-01
1.9442e+03, 2.0965e-01
1.9447e+03, 2.2162e-01
1.9449e+03, 2.2800e-01
1.9451e+03, 2.3467e-01
1.9453e+03, 2.4255e-01
1.9456e+03, 2.5083e-01
1.9458e+03, 2.5956e-01
1.9461e+03, 2.6872e-01
1.9463e+03, 2.7843e-01
1.9465e+03, 2.8867e-01
1.9468e+03, 2.9951e-01
1.9470e+03, 3.1092e-01
1.9473e+03, 3.2587e-01
1.9476e+03, 3.4189e-01
1.9479e+03, 3.5914e-01
1.9482e+03, 3.7774e-01
1.9485e+03, 3.9791e-01
1.9488e+03, 4.1968e-01
1.9491e+03, 4.4331e-01
1.9494e+03, 4.6901e-01
1.9497e+03, 4.9714e-01
1.9500e+03, 5.2779e-01
1.9503e+03, 5.6139e-01
1.9506e+03, 5.9832e-01
1.9509e+03, 6.3920e-01
1.9511e+03, 6.8429e-01
1.9514e+03, 7.3436e-01
1.9517e+03, 7.9017e-01
1.9520e+03, 8.5285e-01
1.9523e+03, 9.2308e-01
1.9526e+03, 1.0024e+00
1.9529e+03, 1.0925e+00
1.9532e+03, 1.1957e+00
1.9535e+03, 1.3138e+00
1.9538e+03, 1.4504e+00
1.9541e+03, 1.6095e+00
1.9544e+03, 1.7970e+00
1.9547e+03, 2.0184e+00
1.9550e+03, 2.2831e+00
1.9551e+03, 2.4353e+00
1.9553e+03, 2.6030e+00
1.9554e+03, 2.7897e+00
1.9556e+03, 2.9954e+00
1.9557e+03, 3.2241e+00
1.9559e+03, 3.4792e+00
1.9560e+03, 3.7645e+00
1.9562e+03, 4.0845e+00
1.9563e+03, 4.4444e+00
1.9564e+03, 4.8501e+00
1.9566e+03, 5.4910e+00
1.9568e+03, 6.2491e+00
1.9570e+03, 7.1450e+00
1.9572e+03, 8.1942e+00
1.9574e+03, 9.4255e+00
1.9576e+03, 1.0839e+01
1.9578e+03, 1.2448e+01
1.9580e+03, 1.4220e+01
1.9588e+03, 2.1620e+01
1.9590e+03, 2.3150e+01
1.9592e+03, 2.4336e+01
1.9594e+03, 2.5087e+01
1.9596e+03, 2.5340e+01
1.9598e+03, 2.5175e+01
1.9600e+03, 2.4336e+01
1.9602e+03, 2.2889e+01
1.9604e+03, 2.0987e+01
1.9607e+03, 1.8816e+01
1.9611e+03, 1.4341e+01
1.9614e+03, 1.2306e+01
1.9616e+03, 1.0497e+01
1.9617e+03, 9.4917e+00
1.9619e+03, 8.5897e+00
1.9620e+03, 7.7748e+00
1.9622e+03, 7.0525e+00
1.9623e+03, 6.4056e+00
1.9625e+03, 5.8354e+00
1.9626e+03, 5.3262e+00
1.9627e+03, 4.8777e+00
1.9630e+03, 4.1224e+00
1.9633e+03, 3.5222e+00
1.9636e+03, 3.0403e+00
1.9639e+03, 2.6502e+00
1.9641e+03, 2.3877e+00
1.9643e+03, 2.1628e+00
1.9646e+03, 1.9672e+00
1.9648e+03, 1.7976e+00
1.9650e+03, 1.6483e+00
1.9653e+03, 1.5174e+00
1.9657e+03, 1.2979e+00
1.9662e+03, 1.1231e+00
1.9666e+03, 9.8153e-01
1.9671e+03, 8.6535e-01
1.9676e+03, 7.6871e-01
1.9680e+03, 6.9357e-01
1.9684e+03, 6.2887e-01
1.9688e+03, 5.7278e-01
1.9692e+03, 5.2400e-01
1.9697e+03, 4.8112e-01
1.9701e+03, 4.4332e-01
1.9709e+03, 3.8008e-01
1.9718e+03, 3.2950e-01
1.9726e+03, 2.8849e-01
1.9735e+03, 2.5476e-01
1.9743e+03, 2.2683e-01
1.9751e+03, 2.0331e-01
1.9760e+03, 1.8318e-01
1.9768e+03, 1.6589e-01
1.9777e+03, 1.5098e-01
1.9785e+03, 1.3801e-01
1.9793e+03, 1.2668e-01
1.9810e+03, 1.0790e-01
1.9827e+03, 9.3076e-02
1.9844e+03, 8.1177e-02
1.9861e+03, 7.1479e-02
1.9878e+03, 6.3534e-02
1.9893e+03, 5.7494e-02
1.9908e+03, 5.2204e-02
1.9939e+03, 4.3718e-02
1.9969e+03, 3.7223e-02
2.0000e+03, 3.2151e-02
2.0023e+03, 2.9064e-02
2.0046e+03, 2.6442e-02
2.0091e+03, 2.2254e-02
2.0137e+03, 1.9107e-02
2.0183e+03, 1.6688e-02
2.0228e+03, 1.4792e-02
2.0274e+03, 1.3306e-02
2.0320e+03, 1.2148e-02
2.0365e+03, 1.1273e-02
2.0411e+03, 1.0665e-02
2.0456e+03, 1.0358e-02
2.0499e+03, 1.0433e-02
2.0542e+03, 1.1098e-02
2.0563e+03, 1.1822e-02
2.0585e+03, 1.3042e-02
2.0606e+03, 1.5092e-02
2.0628e+03, 1.8699e-02
2.0641e+03, 2.2335e-02
2.0653e+03, 2.8073e-02
2.0666e+03, 3.7823e-02
2.0673e+03, 4.5504e-02
2.0679e+03, 5.6567e-02
2.0685e+03, 7.3423e-02
2.0689e+03, 8.5471e-02
2.0692e+03, 1.0149e-01
2.0695e+03, 1.2413e-01
2.0698e+03, 1.6016e-01
2.0700e+03, 1.8850e-01
2.0702e+03, 2.2951e-01
2.0703e+03, 2.9190e-01
2.0705e+03, 3.8978e-01
2.0706e+03, 4.6342e-01
2.0706e+03, 5.5768e-01
2.0707e+03, 6.7809e-01
2.0708e+03, 8.2930e-01
2.0709e+03, 1.0227e+00
2.0710e+03, 1.2658e+00
2.0711e+03, 1.5688e+00
2.0711e+03, 1.9384e+00
2.0712e+03, 2.3953e+00
2.0713e+03, 2.9484e+00
2.0714e+03, 3.6103e+00
2.0715e+03, 4.3831e+00
2.0716e+03, 5.2956e+00
2.0717e+03, 6.3344e+00
2.0717e+03, 7.5292e+00
2.0718e+03, 8.8525e+00
2.0719e+03, 1.0259e+01
2.0720e+03, 1.1765e+01
2.0721e+03, 1.5064e+01
2.0723e+03, 1.8618e+01
2.0725e+03, 2.2129e+01
2.0726e+03, 2.4662e+01
2.0727e+03, 2.6845e+01
2.0729e+03, 2.8732e+01
2.0730e+03, 2.9565e+01
2.0730e+03, 2.9908e+01
2.0731e+03, 3.0022e+01
2.0731e+03, 3.0021e+01
2.0731e+03, 2.9990e+01
2.0732e+03, 2.9925e+01
2.0732e+03, 2.9687e+01
2.0733e+03, 2.8673e+01
2.0735e+03, 2.7204e+01
2.0736e+03, 2.5305e+01
2.0738e+03, 2.1150e+01
2.0740e+03, 1.6629e+01
2.0742e+03, 1.2290e+01
2.0743e+03, 1.0345e+01
2.0744e+03, 8.5861e+00
2.0745e+03, 7.0173e+00
2.0746e+03, 5.6736e+00
2.0747e+03, 4.5338e+00
2.0747e+03, 4.0366e+00
2.0748e+03, 3.5850e+00
2.0748e+03, 3.2150e+00
2.0749e+03, 2.8853e+00
2.0749e+03, 2.5794e+00
2.0750e+03, 2.3086e+00
2.0750e+03, 2.0590e+00
2.0751e+03, 1.8395e+00
2.0752e+03, 1.4623e+00
2.0753e+03, 1.1625e+00
2.0753e+03, 9.2652e-01
2.0754e+03, 7.4241e-01
2.0755e+03, 6.0115e-01
2.0756e+03, 4.9092e-01
2.0757e+03, 4.0623e-01
2.0758e+03, 3.4119e-01
2.0759e+03, 2.9113e-01
2.0761e+03, 2.2210e-01
2.0763e+03, 1.7919e-01
2.0764e+03, 1.5199e-01
2.0766e+03, 1.3243e-01
2.0769e+03, 1.0546e-01
2.0773e+03, 8.7251e-02
2.0776e+03, 7.3920e-02
2.0783e+03, 5.5728e-02
2.0790e+03, 4.4059e-02
2.0797e+03, 3.5606e-02
2.0804e+03, 2.9678e-02
2.0819e+03, 2.2080e-02
2.0833e+03, 1.7518e-02
2.0848e+03, 1.4556e-02
2.0873e+03, 1.1399e-02
2.0899e+03, 9.5200e-03
2.0950e+03, 7.4948e-03
2.1001e+03, 6.4187e-03
2.1052e+03, 5.7747e-03
2.1146e+03, 5.0964e-03
2.1241e+03, 4.7369e-03
2.1430e+03, 4.4932e-03
2.1590e+03, 4.6509e-03
2.1750e+03, 5.2070e-03
2.1830e+03, 5.6994e-03
2.1910e+03, 6.4337e-03
2.1990e+03, 7.5199e-03
2.2070e+03, 9.1356e-03
2.2135e+03, 1.1191e-02
2.2168e+03, 1.2598e-02
2.2201e+03, 1.4371e-02
2.2233e+03, 1.6647e-02
2.2266e+03, 1.9625e-02
2.2299e+03, 2.3592e-02
2.2331e+03, 2.9170e-02
2.2362e+03, 3.6721e-02
2.2378e+03, 4.1746e-02
2.2393e+03, 4.7955e-02
2.2409e+03, 5.5741e-02
2.2424e+03, 6.5599e-02
2.2440e+03, 7.8558e-02
2.2455e+03, 9.5999e-02
2.2463e+03, 1.0777e-01
2.2471e+03, 1.2191e-01
2.2480e+03, 1.3912e-01
2.2488e+03, 1.6032e-01
2.2496e+03, 1.8686e-01
2.2504e+03, 2.2062e-01
2.2508e+03, 2.4108e-01
2.2512e+03, 2.6461e-01
2.2516e+03, 2.9186e-01
2.2518e+03, 3.0716e-01
2.2520e+03, 3.2364e-01
2.2523e+03, 3.4660e-01
2.2526e+03, 3.7214e-01
2.2528e+03, 4.0069e-01
2.2531e+03, 4.3260e-01
2.2531e+03, 4.3404e-01
2.2531e+03, 4.3749e-01
2.2531e+03, 4.4085e-01
2.2532e+03, 4.4782e-01
2.2533e+03, 4.6227e-01
2.2535e+03, 4.9341e-01
2.2537e+03, 5.2807e-01
2.2539e+03, 5.6660e-01
2.2541e+03, 6.0962e-01
2.2542e+03, 6.3292e-01
2.2543e+03, 6.5762e-01
2.2544e+03, 6.8410e-01
2.2545e+03, 7.1197e-01
2.2546e+03, 7.4164e-01
2.2547e+03, 7.7326e-01
2.2548e+03, 8.0736e-01
2.2549e+03, 8.4348e-01
2.2550e+03, 8.8217e-01
2.2551e+03, 9.2370e-01
2.2553e+03, 9.7888e-01
2.2554e+03, 1.0394e+00
2.2555e+03, 1.1060e+00
2.2556e+03, 1.1795e+00
2.2558e+03, 1.2610e+00
2.2559e+03, 1.3518e+00
2.2560e+03, 1.4534e+00
2.2561e+03, 1.5677e+00
2.2563e+03, 1.6969e+00
2.2564e+03, 1.8440e+00
2.2565e+03, 2.0123e+00
2.2566e+03, 2.2061e+00
2.2568e+03, 2.4307e+00
2.2569e+03, 2.6924e+00
2.2570e+03, 2.9990e+00
2.2571e+03, 3.3564e+00
2.2573e+03, 3.7813e+00
2.2574e+03, 4.2832e+00
2.2575e+03, 4.8761e+00
2.2576e+03, 5.5750e+00
2.2578e+03, 6.3953e+00
2.2579e+03, 7.3522e+00
2.2580e+03, 8.4592e+00
2.2581e+03, 9.7266e+00
2.2583e+03, 1.1160e+01
2.2584e+03, 1.2758e+01
2.2585e+03, 1.4509e+01
2.2586e+03, 1.6393e+01
2.2589e+03, 2.0420e+01
2.2591e+03, 2.4443e+01
2.2593e+03, 2.7190e+01
2.2595e+03, 2.9366e+01
2.2597e+03, 3.0771e+01
2.2599e+03, 3.1255e+01
2.2600e+03, 3.1182e+01
2.2601e+03, 3.0698e+01
2.2602e+03, 2.9794e+01
2.2604e+03, 2.8501e+01
2.2605e+03, 2.6900e+01
2.2608e+03, 2.3031e+01
2.2610e+03, 1.8806e+01
2.2613e+03, 1.4313e+01
2.2614e+03, 1.2314e+01
2.2616e+03, 1.0527e+01
2.2617e+03, 8.9630e+00
2.2619e+03, 7.6182e+00
2.2620e+03, 6.4792e+00
2.2622e+03, 5.5257e+00
2.2623e+03, 4.7990e+00
2.2624e+03, 4.1883e+00
2.2626e+03, 3.6761e+00
2.2627e+03, 3.2465e+00
2.2628e+03, 2.8854e+00
2.2630e+03, 2.5807e+00
2.2631e+03, 2.3223e+00
2.2632e+03, 2.1018e+00
2.2634e+03, 1.9124e+00
2.2635e+03, 1.7487e+00
2.2636e+03, 1.6060e+00
2.2638e+03, 1.4810e+00
2.2640e+03, 1.2730e+00
2.2643e+03, 1.1082e+00
2.2645e+03, 9.8613e-01
2.2648e+03, 8.8427e-01
2.2650e+03, 7.9756e-01
2.2652e+03, 7.2366e-01
2.2655e+03, 6.5957e-01
2.2657e+03, 6.0403e-01
2.2659e+03, 5.5516e-01
2.2662e+03, 5.1225e-01
2.2667e+03, 4.4015e-01
2.2671e+03, 3.8243e-01
2.2676e+03, 3.3549e-01
2.2681e+03, 2.9688e-01
2.2686e+03, 2.6460e-01
2.2690e+03, 2.3742e-01
2.2695e+03, 2.1432e-01
2.2700e+03, 1.9450e-01
2.2709e+03, 1.6237e-01
2.2719e+03, 1.3762e-01
2.2728e+03, 1.1815e-01
2.2738e+03, 1.0262e-01
2.2747e+03, 9.0003e-02
2.2757e+03, 7.9631e-02
2.2774e+03, 6.5221e-02
2.2791e+03, 5.4491e-02
2.2807e+03, 4.6319e-02
2.2824e+03, 3.9928e-02
2.2841e+03, 3.4786e-02
2.2858e+03, 3.0626e-02
2.2892e+03, 2.4375e-02
2.2928e+03, 1.9741e-02
2.2964e+03, 1.6418e-02
2.2999e+03, 1.3991e-02
2.3035e+03, 1.2104e-02
2.3107e+03, 9.4811e-03
2.3179e+03, 7.7969e-03
2.3251e+03, 6.6640e-03
2.3322e+03, 5.8974e-03
2.3394e+03, 5.3373e-03
2.3466e+03, 4.9445e-03
2.3609e+03, 4.5079e-03
2.3753e+03, 4.4149e-03
2.3896e+03, 4.6318e-03
2.4040e+03, 5.2407e-03
2.4112e+03, 5.7670e-03
2.4183e+03, 6.4984e-03
2.4255e+03, 7.5979e-03
2.4327e+03, 9.2827e-03
2.4382e+03, 1.1255e-02
2.4437e+03, 1.4221e-02
2.4464e+03, 1.6349e-02
2.4492e+03, 1.9131e-02
2.4519e+03, 2.2872e-02
2.4546e+03, 2.8069e-02
2.4574e+03, 3.5581e-02
2.4588e+03, 4.0614e-02
2.4601e+03, 4.6976e-02
2.4615e+03, 5.5139e-02
2.4629e+03, 6.5825e-02
2.4642e+03, 8.0197e-02
2.4656e+03, 1.0013e-01
2.4662e+03, 1.1203e-01
2.4669e+03, 1.2627e-01
2.4675e+03, 1.4357e-01
2.4681e+03, 1.6488e-01
2.4688e+03, 1.9153e-01
2.4694e+03, 2.2546e-01
2.4700e+03, 2.6959e-01
2.4704e+03, 2.9688e-01
2.4707e+03, 3.2859e-01
2.4710e+03, 3.6510e-01
2.4713e+03, 4.0833e-01
2.4715e+03, 4.3302e-01
2.4716e+03, 4.6013e-01
2.4718e+03, 4.9000e-01
2.4719e+03, 5.2303e-01
2.4719e+03, 5.2891e-01
2.4720e+03, 5.5083e-01
2.4721e+03, 5.7397e-01
2.4723e+03, 6.2541e-01
2.4724e+03, 6.5409e-01
2.4725e+03, 6.8460e-01
2.4726e+03, 7.1744e-01
2.4727e+03, 7.5290e-01
2.4728e+03, 8.1485e-01
2.4729e+03, 8.4925e-01
2.4730e+03, 8.8555e-01
2.4730e+03, 9.2503e-01
2.4731e+03, 9.6690e-01
2.4732e+03, 1.0126e+00
2.4733e+03, 1.0614e+00
2.4733e+03, 1.1149e+00
2.4734e+03, 1.1722e+00
2.4735e+03, 1.2354e+00
2.4736e+03, 1.3036e+00
2.4736e+03, 1.3792e+00
2.4737e+03, 1.4612e+00
2.4738e+03, 1.5527e+00
2.4738e+03, 1.6523e+00
2.4739e+03, 1.7641e+00
2.4740e+03, 1.8883e+00
2.4741e+03, 2.0265e+00
2.4741e+03, 2.1784e+00
2.4742e+03, 2.3501e+00
2.4743e+03, 2.5393e+00
2.4744e+03, 2.7536e+00
2.4744e+03, 2.9899e+00
2.4745e+03, 3.2577e+00
2.4746e+03, 3.5528e+00
2.4746e+03, 3.8866e+00
2.4747e+03, 4.2533e+00
2.4748e+03, 4.6668e+00
2.4749e+03, 5.1192e+00
2.4749e+03, 5.6264e+00
2.4750e+03, 6.1779e+00
2.4751e+03, 7.0247e+00
2.4752e+03, 7.9796e+00
2.4753e+03, 9.0472e+00
2.4754e+03, 1.0229e+01
2.4755e+03, 1.1524e+01
2.4756e+03, 1.2926e+01
2.4758e+03, 1.5988e+01
2.4761e+03, 2.0873e+01
2.4764e+03, 2.5528e+01
2.4765e+03, 2.7627e+01
2.4767e+03, 2.9234e+01
2.4768e+03, 3.0255e+01
2.4770e+03, 3.0600e+01
2.4771e+03, 3.0561e+01
2.4772e+03, 3.0025e+01
2.4773e+03, 2.8905e+01
2.4775e+03, 2.7275e+01
2.4776e+03, 2.5238e+01
2.4778e+03, 2.2141e+01
2.4780e+03, 1.8855e+01
2.4782e+03, 1.5607e+01
2.4784e+03, 1.2629e+01
2.4786e+03, 1.0301e+01
2.4788e+03, 8.3207e+00
2.4789e+03, 7.4532e+00
2.4789e+03, 6.6690e+00
2.4790e+03, 5.9646e+00
2.4791e+03, 5.3422e+00
2.4792e+03, 4.7821e+00
2.4793e+03, 4.2863e+00
2.4794e+03, 3.8489e+00
2.4795e+03, 3.4684e+00
2.4795e+03, 3.1302e+00
2.4796e+03, 2.8336e+00
2.4797e+03, 2.5737e+00
2.4798e+03, 2.3485e+00
2.4799e+03, 2.0173e+00
2.4801e+03, 1.7520e+00
2.4802e+03, 1.5375e+00
2.4804e+03, 1.3635e+00
2.4805e+03, 1.2188e+00
2.4807e+03, 1.0978e+00
2.4808e+03, 9.9552e-01
2.4810e+03, 9.0865e-01
2.4811e+03, 8.3311e-01
2.4813e+03, 7.6731e-01
2.4816e+03, 6.5878e-01
2.4819e+03, 5.7261e-01
2.4822e+03, 5.0321e-01
2.4824e+03, 4.5411e-01
2.4827e+03, 4.1210e-01
2.4832e+03, 3.4440e-01
2.4837e+03, 2.9240e-01
2.4842e+03, 2.5170e-01
2.4847e+03, 2.1910e-01
2.4852e+03, 1.9267e-01
2.4857e+03, 1.7091e-01
2.4862e+03, 1.5277e-01
2.4868e+03, 1.3617e-01
2.4873e+03, 1.2223e-01
2.4884e+03, 1.0024e-01
2.4895e+03, 8.3880e-02
2.4906e+03, 7.1417e-02
2.4917e+03, 6.1690e-02
2.4928e+03, 5.3985e-02
2.4950e+03, 4.2711e-02
2.4976e+03, 3.3844e-02
2.5001e+03, 2.7835e-02
2.5027e+03, 2.3602e-02
2.5052e+03, 2.0530e-02
2.5078e+03, 1.8296e-02
2.5104e+03, 1.6568e-02
2.5155e+03, 1.4265e-02
2.5192e+03, 1.3261e-02
2.5228e+03, 1.2626e-02
2.5301e+03, 1.2161e-02
2.5371e+03, 1.2531e-02
2.5441e+03, 1.3691e-02
2.5475e+03, 1.4652e-02
2.5510e+03, 1.5994e-02
2.5545e+03, 1.7889e-02
2.5580e+03, 2.0897e-02
2.5601e+03, 2.3789e-02
2.5622e+03, 2.8394e-02
2.5632e+03, 3.2009e-02
2.5643e+03, 3.7268e-02
2.5653e+03, 4.5559e-02
2.5664e+03, 6.0408e-02
2.5671e+03, 8.0340e-02
2.5675e+03, 9.8520e-02
2.5678e+03, 1.3362e-01
2.5680e+03, 1.6603e-01
2.5682e+03, 2.1826e-01
2.5684e+03, 3.0388e-01
2.5685e+03, 3.6583e-01
2.5686e+03, 4.4401e-01
2.5687e+03, 5.4436e-01
2.5688e+03, 6.6959e-01
2.5689e+03, 8.2814e-01
2.5689e+03, 1.0229e+00
2.5690e+03, 1.2652e+00
2.5691e+03, 1.5571e+00
2.5692e+03, 1.9130e+00
2.5693e+03, 2.3329e+00
2.5694e+03, 2.7347e+00
2.5695e+03, 3.1844e+00
2.5695e+03, 3.6973e+00
2.5696e+03, 4.2620e+00
2.5697e+03, 4.8950e+00
2.5698e+03, 5.5797e+00
2.5699e+03, 7.1223e+00
2.5701e+03, 8.8832e+00
2.5702e+03, 1.0798e+01
2.5705e+03, 1.4720e+01
2.5707e+03, 1.7216e+01
2.5707e+03, 1.7268e+01
2.5707e+03, 1.7380e+01
2.5707e+03, 1.7490e+01
2.5708e+03, 1.7704e+01
2.5708e+03, 1.8177e+01
2.5709e+03, 1.8593e+01
2.5710e+03, 1.9271e+01
2.5711e+03, 1.9712e+01
2.5711e+03, 1.9856e+01
2.5712e+03, 1.9904e+01
2.5712e+03, 1.9903e+01
2.5712e+03, 1.9894e+01
2.5712e+03, 1.9875e+01
2.5713e+03, 1.9809e+01
2.5714e+03, 1.9427e+01
2.5716e+03, 1.8172e+01
2.5718e+03, 1.6293e+01
2.5720e+03, 1.4006e+01
2.5723e+03, 8.8430e+00
2.5724e+03, 7.6553e+00
2.5725e+03, 6.5645e+00
2.5726e+03, 5.5698e+00
2.5727e+03, 4.6778e+00
2.5729e+03, 3.7571e+00
2.5729e+03, 3.3508e+00
2.5730e+03, 2.9794e+00
2.5730e+03, 2.6416e+00
2.5731e+03, 2.3358e+00
2.5731e+03, 2.0603e+00
2.5732e+03, 1.8132e+00
2.5733e+03, 1.5927e+00
2.5733e+03, 1.3967e+00
2.5734e+03, 1.0705e+00
2.5736e+03, 8.1905e-01
2.5737e+03, 6.2954e-01
2.5738e+03, 4.8609e-01
2.5739e+03, 3.7979e-01
2.5740e+03, 3.0169e-01
2.5741e+03, 2.4506e-01
2.5742e+03, 2.0336e-01
2.5744e+03, 1.7287e-01
2.5746e+03, 1.3377e-01
2.5749e+03, 1.0325e-01
2.5753e+03, 8.6996e-02
2.5760e+03, 6.9165e-02
2.5767e+03, 5.9317e-02
2.5774e+03, 5.3321e-02
2.5788e+03, 4.7048e-02
2.5801e+03, 4.4638e-02
2.5816e+03, 4.4216e-02
2.5837e+03, 4.5810e-02
2.5857e+03, 4.8913e-02
2.5877e+03, 5.3319e-02
2.5898e+03, 5.9274e-02
2.5918e+03, 6.6887e-02
2.5939e+03, 7.6555e-02
2.5959e+03, 8.8875e-02
2.5969e+03, 9.6277e-02
2.5974e+03, 1.0037e-01
2.5979e+03, 1.0475e-01
2.5984e+03, 1.0875e-01
2.5988e+03, 1.1299e-01
2.5992e+03, 1.1749e-01
2.5997e+03, 1.2228e-01
2.6001e+03, 1.2738e-01
2.6005e+03, 1.3283e-01
2.6010e+03, 1.3865e-01
2.6012e+03, 1.4171e-01
2.6014e+03, 1.4487e-01
2.6015e+03, 1.4696e-01
2.6019e+03, 1.5314e-01
2.6023e+03, 1.5971e-01
2.6027e+03, 1.6675e-01
2.6031e+03, 1.7425e-01
2.6034e+03, 1.7940e-01
2.6036e+03, 1.8479e-01
2.6039e+03, 1.9042e-01
2.6041e+03, 1.9630e-01
2.6044e+03, 2.0249e-01
2.6046e+03, 2.0895e-01
2.6049e+03, 2.1576e-01
2.6052e+03, 2.2289e-01
2.6054e+03, 2.3040e-01
2.6057e+03, 2.3832e-01
2.6059e+03, 2.4665e-01
2.6062e+03, 2.5540e-01
2.6064e+03, 2.6466e-01
2.6067e+03, 2.7441e-01
2.6069e+03, 2.8475e-01
2.6072e+03, 2.9565e-01
2.6074e+03, 3.0724e-01
2.6077e+03, 3.1953e-01
2.6080e+03, 3.3258e-01
2.6082e+03, 3.4640e-01
2.6085e+03, 3.6116e-01
2.6087e+03, 3.7689e-01
2.6090e+03, 3.9369e-01
2.6092e+03, 4.1156e-01
2.6095e+03, 4.3076e-01
2.6097e+03, 4.5134e-01
2.6100e+03, 4.7345e-01
2.6102e+03, 4.9712e-01
2.6105e+03, 5.2273e-01
2.6108e+03, 5.5026e-01
2.6110e+03, 5.8014e-01
2.6113e+03, 6.1240e-01
2.6115e+03, 6.4757e-01
2.6118e+03, 6.8586e-01
2.6120e+03, 7.2765e-01
2.6123e+03, 7.7317e-01
2.6125e+03, 8.2330e-01
2.6128e+03, 8.7821e-01
2.6130e+03, 9.3903e-01
2.6133e+03, 1.0061e+00
2.6136e+03, 1.0808e+00
2.6138e+03, 1.1640e+00
2.6141e+03, 1.2571e+00
2.6143e+03, 1.3611e+00
2.6146e+03, 1.4788e+00
2.6148e+03, 1.6116e+00
2.6151e+03, 1.7632e+00
2.6153e+03, 1.9357e+00
2.6156e+03, 2.1346e+00
2.6158e+03, 2.3643e+00
2.6161e+03, 2.6307e+00
2.6164e+03, 2.9397e+00
2.6166e+03, 3.3020e+00
2.6169e+03, 3.7261e+00
2.6171e+03, 4.2225e+00
2.6174e+03, 4.7995e+00
2.6177e+03, 5.5946e+00
2.6180e+03, 6.5234e+00
2.6183e+03, 7.5875e+00
2.6186e+03, 8.7679e+00
2.6192e+03, 1.1278e+01
2.6195e+03, 1.2442e+01
2.6198e+03, 1.3407e+01
2.6201e+03, 1.4110e+01
2.6204e+03, 1.4355e+01
2.6206e+03, 1.4242e+01
2.6210e+03, 1.3649e+01
2.6213e+03, 1.2634e+01
2.6216e+03, 1.1338e+01
2.6220e+03, 9.9171e+00
2.6223e+03, 8.5080e+00
2.6226e+03, 7.2064e+00
2.6230e+03, 6.0642e+00
2.6233e+03, 5.0975e+00
2.6235e+03, 4.6236e+00
2.6237e+03, 4.2004e+00
2.6239e+03, 3.8235e+00
2.6241e+03, 3.4885e+00
2.6243e+03, 3.1909e+00
2.6245e+03, 2.9263e+00
2.6248e+03, 2.4819e+00
2.6252e+03, 2.1262e+00
2.6256e+03, 1.8401e+00
2.6260e+03, 1.6061e+00
2.6264e+03, 1.4136e+00
2.6267e+03, 1.2757e+00
2.6270e+03, 1.1567e+00
2.6273e+03, 1.0535e+00
2.6277e+03, 9.6325e-01
2.6280e+03, 8.8406e-01
2.6283e+03, 8.1418e-01
2.6289e+03, 6.9723e-01
2.6296e+03, 6.0360e-01
2.6302e+03, 5.2765e-01
2.6309e+03, 4.6527e-01
2.6315e+03, 4.1354e-01
2.6322e+03, 3.6995e-01
2.6328e+03, 3.3284e-01
2.6335e+03, 3.0098e-01
2.6341e+03, 2.7346e-01
2.6348e+03, 2.4956e-01
2.6354e+03, 2.2867e-01
2.6360e+03, 2.1031e-01
2.6367e+03, 1.9411e-01
2.6380e+03, 1.6686e-01
2.6393e+03, 1.4501e-01
2.6406e+03, 1.2723e-01
2.6419e+03, 1.1260e-01
2.6431e+03, 1.0099e-01
2.6443e+03, 9.1091e-02
2.6456e+03, 8.2541e-02
2.6468e+03, 7.5160e-02
2.6493e+03, 6.3166e-02
2.6517e+03, 5.3932e-02
2.6542e+03, 4.6686e-02
2.6567e+03, 4.0929e-02
2.6591e+03, 3.6315e-02
2.6616e+03, 3.2620e-02
2.6639e+03, 2.9823e-02
2.6663e+03, 2.7688e-02
2.6686e+03, 2.6261e-02
2.6710e+03, 2.5785e-02
2.6728e+03, 2.6437e-02
2.6746e+03, 2.8888e-02
2.6755e+03, 3.1481e-02
2.6764e+03, 3.5880e-02
2.6773e+03, 4.3767e-02
2.6778e+03, 5.0272e-02
2.6783e+03, 6.0486e-02
2.6785e+03, 7.0789e-02
2.6788e+03, 8.8436e-02
2.6791e+03, 1.2291e-01
2.6792e+03, 1.5258e-01
2.6794e+03, 1.9574e-01
2.6795e+03, 2.5937e-01
2.6797e+03, 3.5114e-01
2.6798e+03, 4.8370e-01
2.6799e+03, 6.6929e-01
2.6800e+03, 7.8836e-01
2.6801e+03, 9.2773e-01
2.6801e+03, 1.0899e+00
2.6802e+03, 1.2747e+00
2.6803e+03, 1.4900e+00
2.6804e+03, 1.7323e+00
2.6804e+03, 2.0110e+00
2.6805e+03, 2.3206e+00
2.6806e+03, 2.6509e+00
2.6806e+03, 3.0161e+00
2.6807e+03, 3.4173e+00
2.6808e+03, 3.8551e+00
2.6809e+03, 4.8403e+00
2.6810e+03, 5.9648e+00
2.6812e+03, 7.2100e+00
2.6813e+03, 8.5446e+00
2.6815e+03, 1.1295e+01
2.6818e+03, 1.3393e+01
2.6819e+03, 1.4266e+01
2.6820e+03, 1.4976e+01
2.6821e+03, 1.5575e+01
2.6822e+03, 1.5802e+01
2.6823e+03, 1.5864e+01
2.6823e+03, 1.5884e+01
2.6823e+03, 1.5882e+01
2.6823e+03, 1.5862e+01
2.6824e+03, 1.5822e+01
2.6825e+03, 1.5552e+01
2.6827e+03, 1.4684e+01
2.6828e+03, 1.3362e+01
2.6830e+03, 1.1732e+01
2.6834e+03, 7.9138e+00
2.6836e+03, 6.1326e+00
2.6837e+03, 5.3225e+00
2.6837e+03, 4.5769e+00
2.6838e+03, 3.8658e+00
2.6839e+03, 3.2339e+00
2.6840e+03, 2.6803e+00
2.6841e+03, 2.2023e+00
2.6842e+03, 1.7950e+00
2.6843e+03, 1.4525e+00
2.6844e+03, 1.1681e+00
2.6845e+03, 9.3469e-01
2.6846e+03, 7.4541e-01
2.6847e+03, 5.9354e-01
2.6848e+03, 4.7291e-01
2.6849e+03, 3.7799e-01
2.6850e+03, 3.0390e-01
2.6851e+03, 2.4648e-01
2.6853e+03, 1.6851e-01
2.6855e+03, 1.1397e-01
2.6858e+03, 8.5370e-02
2.6860e+03, 6.9224e-02
2.6863e+03, 5.9222e-02
2.6868e+03, 4.7069e-02
2.6872e+03, 3.9535e-02
2.6882e+03, 3.0342e-02
2.6892e+03, 2.4975e-02
2.6908e+03, 1.9734e-02
2.6924e+03, 1.6721e-02
2.6957e+03, 1.3327e-02
2.6989e+03, 1.1418e-02
2.7022e+03, 1.0104e-02
2.7096e+03, 8.1843e-03
2.7171e+03, 6.9030e-03
2.7245e+03, 5.9892e-03
2.7320e+03, 5.2798e-03
2.7469e+03, 4.2851e-03
2.7618e+03, 3.5909e-03
2.7767e+03, 3.1164e-03
2.7915e+03, 2.7655e-03
2.8213e+03, 2.3323e-03
2.8511e+03, 2.1316e-03
2.8809e+03, 2.0816e-03
2.9069e+03, 2.1833e-03
2.9330e+03, 2.4600e-03
2.9591e+03, 3.0463e-03
2.9721e+03, 3.5580e-03
2.9851e+03, 4.3474e-03
2.9926e+03, 5.0107e-03
2.9963e+03, 5.4411e-03
2.9972e+03, 6.2759e-03
2.9974e+03, 7.1687e-03
2.9977e+03, 8.8734e-03
2.9979e+03, 1.1990e-02
2.9981e+03, 1.7324e-02
2.9984e+03, 2.6012e-02
2.9986e+03, 3.9291e-02
2.9988e+03, 5.8401e-02
2.9991e+03, 8.4155e-02
2.9993e+03, 1.1711e-01
2.9995e+03, 1.5646e-01
3.0000e+03, 2.4827e-01
3.0000e+03, 4.9110e-01
3.5000e+03, 4.5105e-01
4.0000e+03, 4.1900e-01
5.0000e+03, 3.7280e-01
6.0000e+03, 3.3940e-01
7.0000e+03, 3.1360e-01
8.0000e+03, 2.9260e-01
9.0000e+03, 2.7780e-01
1.0000e+04, 2.6600e-01
1.2500e+04, 2.3934e-01
1.5000e+04, 2.1955e-01
1.7000e+04, 2.0692e-01
2.0000e+04, 1.9160e-01
2.5000e+04, 1.7422e-01
3.0000e+04, 1.6120e-01
3.5000e+04, 1.5337e-01
4.0000e+04, 1.4690e-01
5.0000e+04, 1.3880e-01
6.0000e+04, 1.3320e-01
7.0000e+04, 1.2880e-01
7.3457e+04, 1.1243e-01
7.6914e+04, 9.8765e-02
8.0000e+04, 8.8400e-02
8.5000e+04, 8.0523e-02
9.0000e+04, 7.3740e-02
1.0000e+05, 6.5640e-02
1.1000e+05, 6.0054e-02
1.2000e+05, 5.5370e-02
1.2500e+05, 5.3601e-02
1.4000e+05, 4.8980e-02
1.5000e+05, 4.6671e-02
1.6000e+05, 4.4610e-02
1.8000e+05, 4.1430e-02
2.0000e+05, 3.9050e-02
2.5000e+05, 3.5370e-02
2.5458e+05, 3.5047e-02
3.0000e+05, 3.2260e-02
3.5000e+05, 3.0440e-02
4.0000e+05, 2.9300e-02
4.5000e+05, 2.8630e-02
5.0000e+05, 2.8230e-02
5.2908e+05, 2.8242e-02
5.5000e+05, 2.8250e-02
6.0000e+05, 2.8560e-02
6.5000e+05, 2.9060e-02
7.0000e+05, 2.9620e-02
7.5000e+05, 3.0600e-02
8.0000e+05, 3.1810e-02
8.5000e+05, 3.3070e-02
8.9509e+05, 3.4135e-02
9.0000e+05, 3.4250e-02
9.5000e+05, 3.5970e-02
1.0000e+06, 3.7940e-02
1.2000e+06, 4.6560e-02
1.3260e+06, 5.0307e-02
1.3558e+06, 5.1182e-02
1.3900e+06, 5.2180e-02
1.4000e+06, 5.2470e-02
1.4767e+06, 5.1894e-02
1.4957e+06, 5.1757e-02
1.5270e+06, 5.1536e-02
1.5701e+06, 5.1240e-02
1.5812e+06, 5.1165e-02
1.6000e+06, 5.1040e-02
1.6157e+06, 5.0299e-02
1.6338e+06, 4.9463e-02
1.6434e+06, 4.9028e-02
1.6809e+06, 4.7397e-02
1.6845e+06, 4.7245e-02
1.7115e+06, 4.6130e-02
1.7193e+06, 4.5817e-02
1.7208e+06, 4.5759e-02
1.7254e+06, 4.5575e-02
1.7437e+06, 4.4859e-02
1.7702e+06, 4.3855e-02
1.7963e+06, 4.2904e-02
1.8000e+06, 4.2770e-02
1.8159e+06, 4.2205e-02
1.8304e+06, 4.1699e-02
1.8621e+06, 4.0626e-02
1.8700e+06, 4.0368e-02
1.8869e+06, 3.9822e-02
1.8956e+06, 3.9545e-02
1.8969e+06, 3.9503e-02
1.9372e+06, 3.8266e-02
1.9472e+06, 3.7967e-02
2.0000e+06, 3.6460e-02
2.2000e+06, 3.2550e-02
2.4000e+06, 3.0070e-02
2.6000e+06, 2.8320e-02
2.8000e+06, 2.6550e-02
3.0000e+06, 2.4560e-02
3.2500e+06, 2.2200e-02
3.5000e+06, 1.8990e-02
3.6250e+06, 1.7115e-02
3.7500e+06, 1.5480e-02
4.0000e+06, 1.3270e-02
4.1250e+06, 1.2087e-02
4.2500e+06, 1.1040e-02
4.3750e+06, 9.8746e-03
4.5000e+06, 8.8600e-03
4.6250e+06, 7.8102e-03
4.7500e+06, 6.9080e-03
4.8750e+06, 6.1849e-03
5.0000e+06, 5.5530e-03
5.1250e+06, 4.9268e-03
5.2500e+06, 4.3838e-03
5.3750e+06, 3.9113e-03
5.5000e+06, 3.4990e-03
5.6250e+06, 3.0958e-03
5.7500e+06, 2.7464e-03
5.8750e+06, 2.4427e-03
6.0000e+06, 2.1780e-03
6.1250e+06, 1.9525e-03
6.2500e+06, 1.7543e-03
6.3750e+06, 1.5795e-03
6.5000e+06, 1.4250e-03
6.7500e+06, 1.2126e-03
7.0000e+06, 1.0380e-03
7.2500e+06, 9.1716e-04
7.5000e+06, 8.1380e-04
7.5079e+06, 8.1264e-04
8.0000e+06, 7.4610e-04
8.0260e+06, 7.4163e-04
8.5000e+06, 6.6670e-04
9.0000e+06, 6.2070e-04
9.5000e+06, 6.8130e-04
1.0000e+07, 6.8890e-04
1.1000e+07, 7.9340e-04
1.2000e+07, 8.3950e-04
1.2779e+07, 8.0679e-04
1.3000e+07, 7.9810e-04
1.4000e+07, 7.2310e-04
1.5000e+07, 6.2960e-04
1.5500e+07, 5.6631e-04
1.6000e+07, 5.1110e-04
1.6500e+07, 4.4769e-04
1.7000e+07, 3.9370e-04
1.7500e+07, 3.4393e-04
1.8000e+07, 3.0160e-04
1.8500e+07, 2.6612e-04
1.9000e+07, 2.3560e-04
1.9500e+07, 2.1049e-04
2.0000e+07, 1.8860e-04
