ebin, xs
1.0000e-05, 1.4206e+02
1.0625e-05, 1.3782e+02
1.1250e-05, 1.3393e+02
1.1875e-05, 1.3036e+02
1.2500e-05, 1.2706e+02
1.3750e-05, 1.2115e+02
1.5000e-05, 1.1599e+02
1.6250e-05, 1.1144e+02
1.7500e-05, 1.0738e+02
1.8750e-05, 1.0374e+02
2.0000e-05, 1.0045e+02
2.1875e-05, 9.6048e+01
2.3750e-05, 9.2179e+01
2.5625e-05, 8.8742e+01
2.7500e-05, 8.5664e+01
2.9375e-05, 8.2885e+01
3.1250e-05, 8.0360e+01
3.3125e-05, 7.8052e+01
3.5000e-05, 7.5933e+01
3.8750e-05, 7.2165e+01
4.2500e-05, 6.8908e+01
4.6250e-05, 6.6055e+01
5.0000e-05, 6.3530e+01
5.3125e-05, 6.1633e+01
5.6250e-05, 5.9897e+01
5.9375e-05, 5.8299e+01
6.2500e-05, 5.6823e+01
6.8750e-05, 5.4178e+01
7.5000e-05, 5.1872e+01
8.1250e-05, 4.9837e+01
8.7500e-05, 4.8024e+01
9.3750e-05, 4.6396e+01
1.0000e-04, 4.4922e+01
1.0625e-04, 4.3581e+01
1.1250e-04, 4.2353e+01
1.1875e-04, 4.1224e+01
1.2500e-04, 4.0180e+01
1.3750e-04, 3.8310e+01
1.5000e-04, 3.6679e+01
1.6250e-04, 3.5240e+01
1.7500e-04, 3.3958e+01
1.8750e-04, 3.2807e+01
2.0000e-04, 3.1765e+01
2.1875e-04, 3.0373e+01
2.3750e-04, 2.9149e+01
2.5625e-04, 2.8063e+01
2.7500e-04, 2.7089e+01
2.9375e-04, 2.6210e+01
3.1250e-04, 2.5412e+01
3.3125e-04, 2.4682e+01
3.5000e-04, 2.4012e+01
3.8750e-04, 2.2820e+01
4.2500e-04, 2.1790e+01
4.6250e-04, 2.0888e+01
5.0000e-04, 2.0090e+01
5.3125e-04, 1.9490e+01
5.6250e-04, 1.8941e+01
5.9375e-04, 1.8436e+01
6.2500e-04, 1.7969e+01
6.8750e-04, 1.7132e+01
7.5000e-04, 1.6403e+01
8.1250e-04, 1.5760e+01
8.7500e-04, 1.5186e+01
9.3750e-04, 1.4671e+01
1.0000e-03, 1.4205e+01
1.0625e-03, 1.3781e+01
1.1250e-03, 1.3393e+01
1.1875e-03, 1.3036e+01
1.2500e-03, 1.2706e+01
1.3750e-03, 1.2114e+01
1.5000e-03, 1.1599e+01
1.6250e-03, 1.1144e+01
1.7500e-03, 1.0738e+01
1.8750e-03, 1.0374e+01
2.0000e-03, 1.0045e+01
2.1875e-03, 9.6046e+00
2.3750e-03, 9.2176e+00
2.5625e-03, 8.8740e+00
2.7500e-03, 8.5662e+00
2.9375e-03, 8.2883e+00
3.1250e-03, 8.0358e+00
3.3125e-03, 7.8051e+00
3.5000e-03, 7.5931e+00
3.8750e-03, 7.2164e+00
4.2500e-03, 6.8906e+00
4.6250e-03, 6.6052e+00
5.0000e-03, 6.3526e+00
5.3125e-03, 6.1629e+00
5.6250e-03, 5.9893e+00
5.9375e-03, 5.8295e+00
6.2500e-03, 5.6819e+00
6.8750e-03, 5.4175e+00
7.5000e-03, 5.1867e+00
8.1250e-03, 4.9831e+00
8.7500e-03, 4.8017e+00
9.3750e-03, 4.6388e+00
1.0000e-02, 4.4914e+00
1.0625e-02, 4.3572e+00
1.1250e-02, 4.2345e+00
1.1875e-02, 4.1216e+00
1.2500e-02, 4.0174e+00
1.3750e-02, 3.8305e+00
1.5000e-02, 3.6674e+00
1.6250e-02, 3.5233e+00
1.7500e-02, 3.3950e+00
1.8750e-02, 3.2797e+00
2.0000e-02, 3.1754e+00
2.1325e-02, 3.0751e+00
2.2650e-02, 2.9837e+00
2.3975e-02, 2.9000e+00
2.5300e-02, 2.8231e+00
2.6844e-02, 2.7409e+00
2.8387e-02, 2.6655e+00
3.1475e-02, 2.5315e+00
3.4563e-02, 2.4157e+00
3.7650e-02, 2.3142e+00
4.0738e-02, 2.2246e+00
4.3825e-02, 2.1446e+00
4.6913e-02, 2.0727e+00
5.0000e-02, 2.0075e+00
5.3125e-02, 1.9475e+00
5.6250e-02, 1.8925e+00
5.9375e-02, 1.8421e+00
6.2500e-02, 1.7955e+00
6.8750e-02, 1.7120e+00
7.5000e-02, 1.6390e+00
8.1250e-02, 1.5744e+00
8.7500e-02, 1.5170e+00
9.3750e-02, 1.4654e+00
1.0000e-01, 1.4187e+00
1.0625e-01, 1.3762e+00
1.1250e-01, 1.3373e+00
1.1875e-01, 1.3015e+00
1.2500e-01, 1.2687e+00
1.3750e-01, 1.2096e+00
1.5000e-01, 1.1579e+00
1.6250e-01, 1.1122e+00
1.7500e-01, 1.0715e+00
1.8750e-01, 1.0350e+00
2.0000e-01, 1.0021e+00
2.1875e-01, 9.5800e-01
2.3750e-01, 9.1914e-01
2.5625e-01, 8.8462e-01
2.7500e-01, 8.5370e-01
2.9375e-01, 8.2579e-01
3.1250e-01, 8.0042e-01
3.3125e-01, 7.7725e-01
3.5000e-01, 7.5610e-01
3.8750e-01, 7.1835e-01
4.2500e-01, 6.8556e-01
5.0000e-01, 6.3151e-01
6.2500e-01, 5.6397e-01
7.5000e-01, 5.1399e-01
8.7500e-01, 4.7518e-01
1.0000e+00, 4.4386e-01
1.2500e+00, 3.9574e-01
1.5000e+00, 3.6013e-01
1.7500e+00, 3.3243e-01
2.0000e+00, 3.1003e-01
2.3750e+00, 2.8322e-01
2.7500e+00, 2.6204e-01
3.1250e+00, 2.4470e-01
3.5000e+00, 2.3018e-01
4.2500e+00, 2.0703e-01
5.0000e+00, 1.8920e-01
5.6250e+00, 1.7709e-01
6.2500e+00, 1.6679e-01
7.5000e+00, 1.5008e-01
8.7500e+00, 1.3699e-01
1.0000e+01, 1.2636e-01
1.1250e+01, 1.1749e-01
1.2500e+01, 1.0994e-01
1.5000e+01, 9.7696e-02
1.7500e+01, 8.8104e-02
2.0000e+01, 8.0326e-02
2.3750e+01, 7.1007e-02
2.7500e+01, 6.3655e-02
3.1250e+01, 5.7673e-02
3.5000e+01, 5.2703e-02
3.8750e+01, 4.8501e-02
4.2500e+01, 4.4902e-02
5.0000e+01, 3.9067e-02
5.6250e+01, 3.5246e-02
6.2500e+01, 3.2126e-02
6.8750e+01, 2.9571e-02
7.5000e+01, 2.7486e-02
8.0444e+01, 2.6139e-02
8.3166e+01, 2.5692e-02
8.5887e+01, 2.5518e-02
8.7944e+01, 2.5730e-02
9.0000e+01, 2.6578e-02
9.0981e+01, 2.7441e-02
9.1962e+01, 2.8883e-02
9.2453e+01, 2.9958e-02
9.2944e+01, 3.1422e-02
9.3434e+01, 3.3441e-02
9.3925e+01, 3.6266e-02
9.4186e+01, 3.8254e-02
9.4446e+01, 4.0763e-02
9.4707e+01, 4.3943e-02
9.4968e+01, 4.8046e-02
9.5228e+01, 5.3442e-02
9.5358e+01, 5.6781e-02
9.5489e+01, 6.0692e-02
9.5619e+01, 6.5338e-02
9.5749e+01, 7.0910e-02
9.5880e+01, 7.7658e-02
9.6010e+01, 8.5927e-02
9.6125e+01, 9.4875e-02
9.6240e+01, 1.0586e-01
9.6355e+01, 1.1954e-01
9.6470e+01, 1.3690e-01
9.6528e+01, 1.4740e-01
9.6585e+01, 1.5945e-01
9.6642e+01, 1.7339e-01
9.6700e+01, 1.8963e-01
9.6757e+01, 2.0874e-01
9.6815e+01, 2.3144e-01
9.6872e+01, 2.5874e-01
9.6930e+01, 2.9204e-01
9.6987e+01, 3.3343e-01
9.7045e+01, 3.8616e-01
9.7074e+01, 4.1839e-01
9.7102e+01, 4.5587e-01
9.7131e+01, 5.0011e-01
9.7160e+01, 5.5328e-01
9.7189e+01, 6.1860e-01
9.7217e+01, 7.0078e-01
9.7246e+01, 8.0674e-01
9.7261e+01, 8.7162e-01
9.7275e+01, 9.4652e-01
9.7289e+01, 1.0335e+00
9.7304e+01, 1.1347e+00
9.7318e+01, 1.2530e+00
9.7332e+01, 1.3914e+00
9.7347e+01, 1.5539e+00
9.7361e+01, 1.7444e+00
9.7376e+01, 1.9679e+00
9.7390e+01, 2.2297e+00
9.7404e+01, 2.5362e+00
9.7419e+01, 2.8936e+00
9.7433e+01, 3.3096e+00
9.7447e+01, 3.7914e+00
9.7462e+01, 4.3476e+00
9.7476e+01, 4.9859e+00
9.7491e+01, 5.7150e+00
9.7505e+01, 6.5431e+00
9.7519e+01, 7.4787e+00
9.7534e+01, 8.5276e+00
9.7548e+01, 9.6971e+00
9.7562e+01, 1.0990e+01
9.7577e+01, 1.2411e+01
9.7591e+01, 1.3958e+01
9.7620e+01, 1.7422e+01
9.7651e+01, 2.1605e+01
9.7681e+01, 2.6156e+01
9.7743e+01, 3.5487e+01
9.7777e+01, 4.0178e+01
9.7812e+01, 4.3914e+01
9.7833e+01, 4.5557e+01
9.7854e+01, 4.6633e+01
9.7880e+01, 4.7116e+01
9.7903e+01, 4.6722e+01
9.7926e+01, 4.5581e+01
9.7951e+01, 4.3632e+01
9.7975e+01, 4.1024e+01
9.8016e+01, 3.5587e+01
9.8078e+01, 2.6291e+01
9.8108e+01, 2.1749e+01
9.8139e+01, 1.7569e+01
9.8167e+01, 1.4113e+01
9.8196e+01, 1.1146e+01
9.8210e+01, 9.8495e+00
9.8224e+01, 8.6765e+00
9.8239e+01, 7.6212e+00
9.8253e+01, 6.6793e+00
9.8267e+01, 5.8427e+00
9.8282e+01, 5.1047e+00
9.8296e+01, 4.4573e+00
9.8310e+01, 3.8926e+00
9.8324e+01, 3.4018e+00
9.8339e+01, 2.9776e+00
9.8353e+01, 2.6118e+00
9.8367e+01, 2.2979e+00
9.8382e+01, 2.0287e+00
9.8396e+01, 1.7986e+00
9.8410e+01, 1.6020e+00
9.8424e+01, 1.4343e+00
9.8439e+01, 1.2911e+00
9.8453e+01, 1.1686e+00
9.8467e+01, 1.0637e+00
9.8482e+01, 9.7353e-01
9.8496e+01, 8.9576e-01
9.8510e+01, 8.2841e-01
9.8539e+01, 7.1853e-01
9.8567e+01, 6.3345e-01
9.8596e+01, 5.6595e-01
9.8624e+01, 5.1113e-01
9.8653e+01, 4.6564e-01
9.8682e+01, 4.2719e-01
9.8710e+01, 3.9418e-01
9.8767e+01, 3.4026e-01
9.8824e+01, 2.9799e-01
9.8882e+01, 2.6400e-01
9.8939e+01, 2.3614e-01
9.8996e+01, 2.1296e-01
9.9053e+01, 1.9344e-01
9.9110e+01, 1.7684e-01
9.9167e+01, 1.6259e-01
9.9224e+01, 1.5026e-01
9.9282e+01, 1.3952e-01
9.9396e+01, 1.2178e-01
9.9510e+01, 1.0780e-01
9.9624e+01, 9.6561e-02
9.9739e+01, 8.7387e-02
9.9869e+01, 7.8836e-02
1.0000e+02, 7.1866e-02
1.0014e+02, 6.5646e-02
1.0028e+02, 6.0501e-02
1.0043e+02, 5.6195e-02
1.0057e+02, 5.2559e-02
1.0085e+02, 4.6804e-02
1.0114e+02, 4.2533e-02
1.0138e+02, 3.9623e-02
1.0163e+02, 3.7230e-02
1.0213e+02, 3.3629e-02
1.0263e+02, 3.1088e-02
1.0312e+02, 2.9256e-02
1.0362e+02, 2.7857e-02
1.0412e+02, 2.6748e-02
1.0511e+02, 2.5141e-02
1.0611e+02, 2.4061e-02
1.0710e+02, 2.3322e-02
1.0909e+02, 2.2272e-02
1.1136e+02, 2.1624e-02
1.1363e+02, 2.1211e-02
1.1817e+02, 2.0905e-02
1.2291e+02, 2.1352e-02
1.2527e+02, 2.1915e-02
1.2764e+02, 2.2756e-02
1.3001e+02, 2.4152e-02
1.3237e+02, 2.6391e-02
1.3356e+02, 2.7946e-02
1.3474e+02, 2.9952e-02
1.3592e+02, 3.2603e-02
1.3711e+02, 3.6166e-02
1.3786e+02, 3.9126e-02
1.3862e+02, 4.2811e-02
1.3938e+02, 4.7472e-02
1.4014e+02, 5.3477e-02
1.4089e+02, 6.1311e-02
1.4127e+02, 6.6161e-02
1.4165e+02, 7.1906e-02
1.4203e+02, 7.8702e-02
1.4241e+02, 8.6812e-02
1.4279e+02, 9.6602e-02
1.4316e+02, 1.0857e-01
1.4347e+02, 1.2037e-01
1.4378e+02, 1.3449e-01
1.4409e+02, 1.5157e-01
1.4439e+02, 1.7281e-01
1.4470e+02, 1.9955e-01
1.4486e+02, 2.1556e-01
1.4501e+02, 2.3377e-01
1.4516e+02, 2.5461e-01
1.4532e+02, 2.7858e-01
1.4547e+02, 3.0638e-01
1.4563e+02, 3.3886e-01
1.4579e+02, 3.8037e-01
1.4596e+02, 4.3035e-01
1.4612e+02, 4.9132e-01
1.4629e+02, 5.6687e-01
1.4645e+02, 6.6251e-01
1.4654e+02, 7.2016e-01
1.4662e+02, 7.8605e-01
1.4670e+02, 8.6182e-01
1.4678e+02, 9.4958e-01
1.4687e+02, 1.0520e+00
1.4695e+02, 1.1727e+00
1.4704e+02, 1.3278e+00
1.4713e+02, 1.5171e+00
1.4722e+02, 1.7524e+00
1.4731e+02, 2.0506e+00
1.4735e+02, 2.2315e+00
1.4739e+02, 2.4395e+00
1.4744e+02, 2.6813e+00
1.4748e+02, 2.9652e+00
1.4753e+02, 3.3056e+00
1.4757e+02, 3.7218e+00
1.4762e+02, 4.2453e+00
1.4764e+02, 4.5621e+00
1.4766e+02, 4.9252e+00
1.4769e+02, 5.4120e+00
1.4771e+02, 5.9950e+00
1.4774e+02, 6.7074e+00
1.4776e+02, 7.5808e+00
1.4779e+02, 8.6701e+00
1.4781e+02, 1.0027e+01
1.4784e+02, 1.1740e+01
1.4786e+02, 1.3888e+01
1.4787e+02, 1.5168e+01
1.4789e+02, 1.6604e+01
1.4790e+02, 1.8213e+01
1.4791e+02, 1.9999e+01
1.4792e+02, 2.2012e+01
1.4794e+02, 2.4258e+01
1.4795e+02, 2.6762e+01
1.4796e+02, 2.9522e+01
1.4797e+02, 3.2609e+01
1.4799e+02, 3.6026e+01
1.4800e+02, 3.9800e+01
1.4801e+02, 4.3920e+01
1.4803e+02, 4.8479e+01
1.4804e+02, 5.3429e+01
1.4805e+02, 5.8873e+01
1.4806e+02, 6.4746e+01
1.4808e+02, 7.2765e+01
1.4809e+02, 8.1521e+01
1.4811e+02, 9.1151e+01
1.4813e+02, 1.0155e+02
1.4814e+02, 1.1284e+02
1.4816e+02, 1.2489e+02
1.4819e+02, 1.5133e+02
1.4820e+02, 1.6215e+02
1.4822e+02, 1.8498e+02
1.4825e+02, 2.0889e+02
1.4830e+02, 2.6476e+02
1.4836e+02, 3.2897e+02
1.4840e+02, 3.5552e+02
1.4843e+02, 3.7613e+02
1.4846e+02, 3.8960e+02
1.4850e+02, 3.9516e+02
1.4850e+02, 3.9507e+02
1.4852e+02, 3.9354e+02
1.4854e+02, 3.9012e+02
1.4857e+02, 3.7784e+02
1.4860e+02, 3.5641e+02
1.4864e+02, 3.2838e+02
1.4867e+02, 2.9858e+02
1.4870e+02, 2.6644e+02
1.4876e+02, 2.0078e+02
1.4879e+02, 1.7272e+02
1.4882e+02, 1.4659e+02
1.4885e+02, 1.2285e+02
1.4887e+02, 1.0183e+02
1.4890e+02, 8.3464e+01
1.4893e+02, 6.7848e+01
1.4894e+02, 6.0954e+01
1.4896e+02, 5.4715e+01
1.4897e+02, 4.9052e+01
1.4899e+02, 4.3931e+01
1.4901e+02, 3.6020e+01
1.4903e+02, 3.2609e+01
1.4904e+02, 2.9551e+01
1.4905e+02, 2.6770e+01
1.4906e+02, 2.4269e+01
1.4908e+02, 2.2024e+01
1.4909e+02, 2.0027e+01
1.4910e+02, 1.8225e+01
1.4911e+02, 1.6615e+01
1.4913e+02, 1.5178e+01
1.4914e+02, 1.3906e+01
1.4916e+02, 1.1752e+01
1.4919e+02, 1.0040e+01
1.4921e+02, 8.6718e+00
1.4924e+02, 7.5819e+00
1.4926e+02, 6.7042e+00
1.4929e+02, 5.9907e+00
1.4931e+02, 5.4024e+00
1.4934e+02, 4.9153e+00
1.4936e+02, 4.5051e+00
1.4939e+02, 4.1551e+00
1.4944e+02, 3.6187e+00
1.4948e+02, 3.1971e+00
1.4953e+02, 2.8547e+00
1.4958e+02, 2.5701e+00
1.4962e+02, 2.3295e+00
1.4967e+02, 2.1234e+00
1.4972e+02, 1.9451e+00
1.4977e+02, 1.7894e+00
1.4986e+02, 1.5311e+00
1.4995e+02, 1.3269e+00
1.5005e+02, 1.1620e+00
1.5014e+02, 1.0267e+00
1.5023e+02, 9.2114e-01
1.5032e+02, 8.3142e-01
1.5041e+02, 7.5452e-01
1.5050e+02, 6.8816e-01
1.5058e+02, 6.3037e-01
1.5067e+02, 5.7985e-01
1.5085e+02, 4.9600e-01
1.5102e+02, 4.2972e-01
1.5120e+02, 3.7624e-01
1.5137e+02, 3.3236e-01
1.5155e+02, 2.9595e-01
1.5171e+02, 2.6744e-01
1.5188e+02, 2.4306e-01
1.5204e+02, 2.2202e-01
1.5220e+02, 2.0376e-01
1.5237e+02, 1.8779e-01
1.5253e+02, 1.7376e-01
1.5286e+02, 1.5034e-01
1.5318e+02, 1.3173e-01
1.5351e+02, 1.1679e-01
1.5384e+02, 1.0442e-01
1.5416e+02, 9.4099e-02
1.5457e+02, 8.3628e-02
1.5497e+02, 7.5063e-02
1.5537e+02, 6.7967e-02
1.5577e+02, 6.2022e-02
1.5617e+02, 5.6992e-02
1.5658e+02, 5.2743e-02
1.5738e+02, 4.5872e-02
1.5818e+02, 4.0591e-02
1.5899e+02, 3.6479e-02
1.5979e+02, 3.3213e-02
1.6060e+02, 3.0574e-02
1.6185e+02, 2.7365e-02
1.6311e+02, 2.4943e-02
1.6437e+02, 2.3074e-02
1.6562e+02, 2.1589e-02
1.6688e+02, 2.0370e-02
1.6814e+02, 1.9360e-02
1.7065e+02, 1.7839e-02
1.7316e+02, 1.6773e-02
1.7567e+02, 1.5927e-02
1.8070e+02, 1.4737e-02
1.8553e+02, 1.4031e-02
1.9035e+02, 1.3497e-02
2.0000e+02, 1.2788e-02
2.1236e+02, 1.2321e-02
2.2472e+02, 1.2124e-02
2.4354e+02, 1.2218e-02
2.6236e+02, 1.2681e-02
2.7177e+02, 1.3100e-02
2.8118e+02, 1.3652e-02
2.9059e+02, 1.4349e-02
3.0000e+02, 1.5195e-02
3.0681e+02, 1.5993e-02
3.1362e+02, 1.6952e-02
3.2044e+02, 1.8112e-02
3.2725e+02, 1.9538e-02
3.3406e+02, 2.1317e-02
3.4088e+02, 2.3593e-02
3.4769e+02, 2.6601e-02
3.5109e+02, 2.8486e-02
3.5450e+02, 3.0766e-02
3.5759e+02, 3.3259e-02
3.6068e+02, 3.6286e-02
3.6377e+02, 4.0037e-02
3.6686e+02, 4.4796e-02
3.6995e+02, 5.0987e-02
3.7150e+02, 5.4830e-02
3.7304e+02, 5.9366e-02
3.7458e+02, 6.4760e-02
3.7613e+02, 7.1258e-02
3.7768e+02, 7.9205e-02
3.7922e+02, 8.9098e-02
3.8028e+02, 9.7465e-02
3.8134e+02, 1.0710e-01
3.8241e+02, 1.1896e-01
3.8347e+02, 1.3347e-01
3.8453e+02, 1.5147e-01
3.8559e+02, 1.7426e-01
3.8612e+02, 1.8799e-01
3.8666e+02, 2.0365e-01
3.8719e+02, 2.2148e-01
3.8772e+02, 2.4231e-01
3.8820e+02, 2.6433e-01
3.8844e+02, 2.7660e-01
3.8868e+02, 2.8983e-01
3.8892e+02, 3.0411e-01
3.8917e+02, 3.1959e-01
3.8941e+02, 3.3642e-01
3.8953e+02, 3.4539e-01
3.8965e+02, 3.5476e-01
3.8987e+02, 3.7273e-01
3.9008e+02, 3.9223e-01
3.9030e+02, 4.1343e-01
3.9052e+02, 4.3652e-01
3.9074e+02, 4.6176e-01
3.9095e+02, 4.8939e-01
3.9117e+02, 5.1977e-01
3.9139e+02, 5.5324e-01
3.9152e+02, 5.7542e-01
3.9165e+02, 5.9905e-01
3.9179e+02, 6.2424e-01
3.9192e+02, 6.5112e-01
3.9205e+02, 6.7990e-01
3.9218e+02, 7.1073e-01
3.9232e+02, 7.4381e-01
3.9245e+02, 7.7934e-01
3.9258e+02, 8.1762e-01
3.9271e+02, 8.5894e-01
3.9285e+02, 9.0360e-01
3.9298e+02, 9.5196e-01
3.9311e+02, 1.0045e+00
3.9325e+02, 1.0617e+00
3.9338e+02, 1.1241e+00
3.9351e+02, 1.1924e+00
3.9372e+02, 1.3113e+00
3.9392e+02, 1.4497e+00
3.9402e+02, 1.5274e+00
3.9413e+02, 1.6118e+00
3.9423e+02, 1.7036e+00
3.9433e+02, 1.8036e+00
3.9443e+02, 1.9129e+00
3.9454e+02, 2.0327e+00
3.9464e+02, 2.1645e+00
3.9474e+02, 2.3100e+00
3.9485e+02, 2.4712e+00
3.9495e+02, 2.6504e+00
3.9505e+02, 2.8506e+00
3.9515e+02, 3.0752e+00
3.9529e+02, 3.4092e+00
3.9542e+02, 3.8028e+00
3.9555e+02, 4.2717e+00
3.9568e+02, 4.8364e+00
3.9575e+02, 5.1638e+00
3.9582e+02, 5.5273e+00
3.9588e+02, 5.9325e+00
3.9595e+02, 6.3857e+00
3.9602e+02, 6.8969e+00
3.9608e+02, 7.4763e+00
3.9615e+02, 8.1377e+00
3.9621e+02, 8.8978e+00
3.9631e+02, 1.0142e+01
3.9635e+02, 1.0876e+01
3.9640e+02, 1.1701e+01
3.9644e+02, 1.2640e+01
3.9649e+02, 1.3714e+01
3.9653e+02, 1.4952e+01
3.9658e+02, 1.6388e+01
3.9662e+02, 1.8073e+01
3.9667e+02, 2.0062e+01
3.9671e+02, 2.2428e+01
3.9676e+02, 2.5251e+01
3.9680e+02, 2.8650e+01
3.9685e+02, 3.2736e+01
3.9689e+02, 3.7676e+01
3.9694e+02, 4.3615e+01
3.9697e+02, 4.7995e+01
3.9700e+02, 5.2908e+01
3.9703e+02, 5.8407e+01
3.9705e+02, 6.4521e+01
3.9708e+02, 7.1347e+01
3.9711e+02, 7.8914e+01
3.9714e+02, 8.7270e+01
3.9717e+02, 9.6422e+01
3.9723e+02, 1.1741e+02
3.9728e+02, 1.4194e+02
3.9734e+02, 1.6997e+02
3.9740e+02, 2.0113e+02
3.9753e+02, 2.8095e+02
3.9760e+02, 3.2104e+02
3.9766e+02, 3.5784e+02
3.9772e+02, 3.8577e+02
3.9778e+02, 4.0714e+02
3.9784e+02, 4.2057e+02
3.9790e+02, 4.2510e+02
3.9795e+02, 4.2169e+02
3.9800e+02, 4.1177e+02
3.9805e+02, 3.9586e+02
3.9810e+02, 3.7474e+02
3.9816e+02, 3.4346e+02
3.9822e+02, 3.0811e+02
3.9835e+02, 2.3337e+02
3.9840e+02, 2.0196e+02
3.9845e+02, 1.7268e+02
3.9851e+02, 1.4609e+02
3.9856e+02, 1.2254e+02
3.9861e+02, 1.0211e+02
3.9867e+02, 8.4745e+01
3.9872e+02, 7.0219e+01
3.9877e+02, 5.8264e+01
3.9882e+02, 4.9764e+01
3.9887e+02, 4.2696e+01
3.9891e+02, 3.6818e+01
3.9896e+02, 3.1966e+01
3.9900e+02, 2.7944e+01
3.9905e+02, 2.4621e+01
3.9910e+02, 2.1859e+01
3.9914e+02, 1.9553e+01
3.9919e+02, 1.7610e+01
3.9923e+02, 1.5970e+01
3.9928e+02, 1.4567e+01
3.9933e+02, 1.3363e+01
3.9937e+02, 1.2315e+01
3.9942e+02, 1.1401e+01
3.9951e+02, 9.8812e+00
3.9957e+02, 9.0438e+00
3.9963e+02, 8.3178e+00
3.9975e+02, 7.1197e+00
3.9988e+02, 6.1750e+00
4.0000e+02, 5.4138e+00
4.0011e+02, 4.8285e+00
4.0023e+02, 4.3360e+00
4.0034e+02, 3.9172e+00
4.0046e+02, 3.5581e+00
4.0057e+02, 3.2471e+00
4.0069e+02, 2.9763e+00
4.0080e+02, 2.7386e+00
4.0091e+02, 2.5291e+00
4.0114e+02, 2.1777e+00
4.0137e+02, 1.8963e+00
4.0160e+02, 1.6676e+00
4.0183e+02, 1.4793e+00
4.0204e+02, 1.3288e+00
4.0226e+02, 1.2008e+00
4.0248e+02, 1.0909e+00
4.0270e+02, 9.9577e-01
4.0292e+02, 9.1287e-01
4.0313e+02, 8.4033e-01
4.0357e+02, 7.2002e-01
4.0401e+02, 6.2499e-01
4.0444e+02, 5.4865e-01
4.0488e+02, 4.8640e-01
4.0531e+02, 4.3500e-01
4.0573e+02, 3.9407e-01
4.0614e+02, 3.5950e-01
4.0656e+02, 3.2970e-01
4.0697e+02, 3.0380e-01
4.0739e+02, 2.8127e-01
4.0780e+02, 2.6160e-01
4.0863e+02, 2.2906e-01
4.0946e+02, 2.0350e-01
4.1029e+02, 1.8311e-01
4.1112e+02, 1.6662e-01
4.1195e+02, 1.5327e-01
4.1287e+02, 1.4137e-01
4.1378e+02, 1.3141e-01
4.1469e+02, 1.2318e-01
4.1561e+02, 1.1649e-01
4.1743e+02, 1.0628e-01
4.1926e+02, 9.9345e-02
4.2109e+02, 9.4696e-02
4.2291e+02, 9.2032e-02
4.2474e+02, 9.0396e-02
4.2657e+02, 8.9827e-02
4.2972e+02, 9.1184e-02
4.3130e+02, 9.2788e-02
4.3288e+02, 9.4954e-02
4.3445e+02, 9.7675e-02
4.3603e+02, 1.0095e-01
4.3682e+02, 1.0280e-01
4.3761e+02, 1.0481e-01
4.3840e+02, 1.0697e-01
4.3918e+02, 1.0929e-01
4.3975e+02, 1.1106e-01
4.4032e+02, 1.1292e-01
4.4089e+02, 1.1487e-01
4.4145e+02, 1.1691e-01
4.4202e+02, 1.1905e-01
4.4259e+02, 1.2129e-01
4.4287e+02, 1.2244e-01
4.4315e+02, 1.2363e-01
4.4344e+02, 1.2484e-01
4.4358e+02, 1.2545e-01
4.4372e+02, 1.2608e-01
4.4393e+02, 1.2700e-01
4.4413e+02, 1.2793e-01
4.4434e+02, 1.2889e-01
4.4455e+02, 1.2985e-01
4.4496e+02, 1.3184e-01
4.4537e+02, 1.3388e-01
4.4578e+02, 1.3600e-01
4.4620e+02, 1.3819e-01
4.4661e+02, 1.4045e-01
4.4702e+02, 1.4278e-01
4.4759e+02, 1.4611e-01
4.4815e+02, 1.4959e-01
4.4843e+02, 1.5139e-01
4.4871e+02, 1.5323e-01
4.4928e+02, 1.5705e-01
4.4984e+02, 1.6105e-01
4.5041e+02, 1.6525e-01
4.5097e+02, 1.6964e-01
4.5154e+02, 1.7425e-01
4.5201e+02, 1.7832e-01
4.5249e+02, 1.8257e-01
4.5297e+02, 1.8700e-01
4.5345e+02, 1.9161e-01
4.5440e+02, 2.0145e-01
4.5536e+02, 2.1219e-01
4.5631e+02, 2.2393e-01
4.5727e+02, 2.3678e-01
4.5822e+02, 2.5090e-01
4.5918e+02, 2.6644e-01
4.6013e+02, 2.8361e-01
4.6109e+02, 3.0263e-01
4.6205e+02, 3.2377e-01
4.6300e+02, 3.4736e-01
4.6396e+02, 3.7378e-01
4.6491e+02, 4.0351e-01
4.6587e+02, 4.3710e-01
4.6682e+02, 4.7526e-01
4.6778e+02, 5.1886e-01
4.6873e+02, 5.6897e-01
4.6969e+02, 6.2695e-01
4.7064e+02, 6.9454e-01
4.7160e+02, 7.7397e-01
4.7255e+02, 8.6819e-01
4.7351e+02, 9.8109e-01
4.7399e+02, 1.0461e+00
4.7446e+02, 1.1179e+00
4.7520e+02, 1.2446e+00
4.7594e+02, 1.3944e+00
4.7668e+02, 1.5732e+00
4.7742e+02, 1.7892e+00
4.7816e+02, 2.0528e+00
4.7852e+02, 2.2060e+00
4.7889e+02, 2.3767e+00
4.7926e+02, 2.5693e+00
4.7963e+02, 2.7870e+00
4.8000e+02, 3.0337e+00
4.8037e+02, 3.3146e+00
4.8085e+02, 3.7401e+00
4.8133e+02, 4.2526e+00
4.8180e+02, 4.8776e+00
4.8228e+02, 5.6498e+00
4.8252e+02, 6.1060e+00
4.8276e+02, 6.6187e+00
4.8300e+02, 7.1979e+00
4.8324e+02, 7.8552e+00
4.8347e+02, 8.6049e+00
4.8371e+02, 9.4630e+00
4.8395e+02, 1.0451e+01
4.8419e+02, 1.1595e+01
4.8443e+02, 1.2932e+01
4.8467e+02, 1.4506e+01
4.8491e+02, 1.6374e+01
4.8515e+02, 1.8606e+01
4.8539e+02, 2.1294e+01
4.8562e+02, 2.4551e+01
4.8586e+02, 2.8524e+01
4.8610e+02, 3.3392e+01
4.8623e+02, 3.6420e+01
4.8636e+02, 3.9789e+01
4.8648e+02, 4.3535e+01
4.8661e+02, 4.7685e+01
4.8686e+02, 5.7264e+01
4.8712e+02, 6.8471e+01
4.8763e+02, 9.3021e+01
4.8788e+02, 1.0332e+02
4.8801e+02, 1.0709e+02
4.8813e+02, 1.0962e+02
4.8830e+02, 1.1083e+02
4.8842e+02, 1.1009e+02
4.8855e+02, 1.0801e+02
4.8867e+02, 1.0470e+02
4.8879e+02, 1.0037e+02
4.8904e+02, 8.9539e+01
4.8929e+02, 7.7440e+01
4.8954e+02, 6.5621e+01
4.8978e+02, 5.5027e+01
4.9003e+02, 4.6020e+01
4.9028e+02, 3.8595e+01
4.9042e+02, 3.4979e+01
4.9056e+02, 3.1775e+01
4.9070e+02, 2.8938e+01
4.9085e+02, 2.6428e+01
4.9099e+02, 2.4200e+01
4.9113e+02, 2.2221e+01
4.9141e+02, 1.8889e+01
4.9170e+02, 1.6221e+01
4.9198e+02, 1.4058e+01
4.9226e+02, 1.2282e+01
4.9255e+02, 1.0811e+01
4.9277e+02, 9.8279e+00
4.9299e+02, 8.9696e+00
4.9321e+02, 8.2167e+00
4.9344e+02, 7.5530e+00
4.9388e+02, 6.4424e+00
4.9433e+02, 5.5569e+00
4.9477e+02, 4.8403e+00
4.9522e+02, 4.2526e+00
4.9567e+02, 3.7656e+00
4.9611e+02, 3.3595e+00
4.9660e+02, 2.9868e+00
4.9708e+02, 2.6705e+00
4.9757e+02, 2.4012e+00
4.9806e+02, 2.1704e+00
4.9854e+02, 1.9713e+00
4.9903e+02, 1.7984e+00
4.9951e+02, 1.6473e+00
5.0000e+02, 1.5150e+00
5.0066e+02, 1.3603e+00
5.0131e+02, 1.2275e+00
5.0197e+02, 1.1131e+00
5.0262e+02, 1.0140e+00
5.0328e+02, 9.2767e-01
5.0394e+02, 8.5192e-01
5.0525e+02, 7.2585e-01
5.0656e+02, 6.2598e-01
5.0787e+02, 5.4548e-01
5.0919e+02, 4.8078e-01
5.1050e+02, 4.2590e-01
5.1170e+02, 3.8407e-01
5.1290e+02, 3.4786e-01
5.1411e+02, 3.1636e-01
5.1531e+02, 2.8942e-01
5.1772e+02, 2.4478e-01
5.2012e+02, 2.1016e-01
5.2253e+02, 1.8242e-01
5.2493e+02, 1.6012e-01
5.2734e+02, 1.4187e-01
5.2975e+02, 1.2668e-01
5.3242e+02, 1.1301e-01
5.3509e+02, 1.0121e-01
5.3776e+02, 9.1588e-02
5.4043e+02, 8.3410e-02
5.4311e+02, 7.6332e-02
5.4578e+02, 7.0219e-02
5.4845e+02, 6.5050e-02
5.5112e+02, 6.0586e-02
5.5646e+02, 5.3193e-02
5.6181e+02, 4.7523e-02
5.6715e+02, 4.3134e-02
5.7250e+02, 3.9732e-02
5.7937e+02, 3.6514e-02
5.8625e+02, 3.4263e-02
5.9312e+02, 3.2787e-02
6.0000e+02, 3.1994e-02
6.0599e+02, 3.1842e-02
6.1330e+02, 3.2322e-02
6.2061e+02, 3.3496e-02
6.2792e+02, 3.5476e-02
6.3524e+02, 3.8416e-02
6.3889e+02, 4.0254e-02
6.4255e+02, 4.2574e-02
6.4620e+02, 4.5100e-02
6.4986e+02, 4.8145e-02
6.5351e+02, 5.1785e-02
6.5717e+02, 5.6091e-02
6.6082e+02, 6.1212e-02
6.6448e+02, 6.7340e-02
6.6785e+02, 7.4102e-02
6.6954e+02, 7.7956e-02
6.7123e+02, 8.2207e-02
6.7292e+02, 8.6822e-02
6.7376e+02, 8.9326e-02
6.7461e+02, 9.1958e-02
6.7545e+02, 9.4723e-02
6.7630e+02, 9.7624e-02
6.7714e+02, 1.0069e-01
6.7756e+02, 1.0228e-01
6.7798e+02, 1.0392e-01
6.7847e+02, 1.0585e-01
6.7895e+02, 1.0784e-01
6.7944e+02, 1.0990e-01
6.7992e+02, 1.1202e-01
6.8041e+02, 1.1422e-01
6.8089e+02, 1.1648e-01
6.8114e+02, 1.1764e-01
6.8138e+02, 1.1881e-01
6.8162e+02, 1.2001e-01
6.8186e+02, 1.2123e-01
6.8199e+02, 1.2186e-01
6.8214e+02, 1.2267e-01
6.8230e+02, 1.2348e-01
6.8246e+02, 1.2430e-01
6.8261e+02, 1.2513e-01
6.8293e+02, 1.2682e-01
6.8324e+02, 1.2855e-01
6.8386e+02, 1.3212e-01
6.8418e+02, 1.3396e-01
6.8449e+02, 1.3584e-01
6.8483e+02, 1.3797e-01
6.8518e+02, 1.4015e-01
6.8552e+02, 1.4238e-01
6.8587e+02, 1.4467e-01
6.8621e+02, 1.4702e-01
6.8655e+02, 1.4944e-01
6.8690e+02, 1.5191e-01
6.8724e+02, 1.5446e-01
6.8759e+02, 1.5707e-01
6.8793e+02, 1.5975e-01
6.8827e+02, 1.6251e-01
6.8862e+02, 1.6535e-01
6.8931e+02, 1.7125e-01
6.8999e+02, 1.7750e-01
6.9043e+02, 1.8167e-01
6.9087e+02, 1.8600e-01
6.9174e+02, 1.9514e-01
6.9262e+02, 2.0502e-01
6.9350e+02, 2.1571e-01
6.9437e+02, 2.2735e-01
6.9525e+02, 2.3995e-01
6.9612e+02, 2.5365e-01
6.9700e+02, 2.6861e-01
6.9775e+02, 2.8255e-01
6.9850e+02, 2.9764e-01
6.9925e+02, 3.1401e-01
7.0000e+02, 3.3175e-01
7.0103e+02, 3.5875e-01
7.0206e+02, 3.8933e-01
7.0309e+02, 4.2408e-01
7.0412e+02, 4.6381e-01
7.0515e+02, 5.0951e-01
7.0618e+02, 5.6242e-01
7.0721e+02, 6.2416e-01
7.0824e+02, 6.9677e-01
7.0918e+02, 7.7450e-01
7.1011e+02, 8.6612e-01
7.1105e+02, 9.7512e-01
7.1152e+02, 1.0375e+00
7.1199e+02, 1.1062e+00
7.1245e+02, 1.1819e+00
7.1292e+02, 1.2657e+00
7.1339e+02, 1.3587e+00
7.1386e+02, 1.4623e+00
7.1433e+02, 1.5781e+00
7.1479e+02, 1.7074e+00
7.1526e+02, 1.8530e+00
7.1573e+02, 2.0187e+00
7.1625e+02, 2.2284e+00
7.1676e+02, 2.4723e+00
7.1728e+02, 2.7581e+00
7.1779e+02, 3.0958e+00
7.1831e+02, 3.4982e+00
7.1882e+02, 3.9828e+00
7.1934e+02, 4.5725e+00
7.1959e+02, 4.9163e+00
7.1985e+02, 5.2989e+00
7.2027e+02, 6.0250e+00
7.2069e+02, 6.9035e+00
7.2111e+02, 7.9776e+00
7.2154e+02, 9.3030e+00
7.2175e+02, 1.0082e+01
7.2196e+02, 1.0954e+01
7.2217e+02, 1.1930e+01
7.2238e+02, 1.3026e+01
7.2259e+02, 1.4260e+01
7.2280e+02, 1.5650e+01
7.2301e+02, 1.7220e+01
7.2322e+02, 1.8987e+01
7.2357e+02, 2.2389e+01
7.2392e+02, 2.6445e+01
7.2426e+02, 3.1132e+01
7.2461e+02, 3.6271e+01
7.2496e+02, 4.1455e+01
7.2531e+02, 4.6031e+01
7.2565e+02, 4.9213e+01
7.2583e+02, 5.0062e+01
7.2600e+02, 5.0339e+01
7.2620e+02, 4.9942e+01
7.2639e+02, 4.8819e+01
7.2659e+02, 4.7054e+01
7.2679e+02, 4.4771e+01
7.2718e+02, 3.9232e+01
7.2758e+02, 3.3299e+01
7.2797e+02, 2.7756e+01
7.2837e+02, 2.2982e+01
7.2876e+02, 1.9048e+01
7.2896e+02, 1.7374e+01
7.2915e+02, 1.5876e+01
7.2937e+02, 1.4449e+01
7.2958e+02, 1.3183e+01
7.2979e+02, 1.2059e+01
7.3000e+02, 1.1060e+01
7.3042e+02, 9.3755e+00
7.3084e+02, 8.0271e+00
7.3126e+02, 6.9373e+00
7.3168e+02, 6.0487e+00
7.3211e+02, 5.3172e+00
7.3253e+02, 4.7066e+00
7.3291e+02, 4.2306e+00
7.3330e+02, 3.8209e+00
7.3369e+02, 3.4666e+00
7.3407e+02, 3.1586e+00
7.3446e+02, 2.8892e+00
7.3485e+02, 2.6523e+00
7.3562e+02, 2.2572e+00
7.3639e+02, 1.9434e+00
7.3717e+02, 1.6902e+00
7.3794e+02, 1.4830e+00
7.3871e+02, 1.3117e+00
7.3945e+02, 1.1757e+00
7.4019e+02, 1.0592e+00
7.4093e+02, 9.5837e-01
7.4167e+02, 8.7108e-01
7.4240e+02, 7.9527e-01
7.4314e+02, 7.2889e-01
7.4388e+02, 6.7041e-01
7.4462e+02, 6.1877e-01
7.4609e+02, 5.3180e-01
7.4757e+02, 4.6199e-01
7.4904e+02, 4.0506e-01
7.5052e+02, 3.5804e-01
7.5193e+02, 3.2052e-01
7.5333e+02, 2.8923e-01
7.5474e+02, 2.6171e-01
7.5614e+02, 2.3825e-01
7.5755e+02, 2.1734e-01
7.5895e+02, 1.9943e-01
7.6177e+02, 1.6941e-01
7.6458e+02, 1.4588e-01
7.6739e+02, 1.2698e-01
7.7020e+02, 1.1149e-01
7.7301e+02, 9.8701e-02
7.7638e+02, 8.6173e-02
7.7976e+02, 7.5856e-02
7.8313e+02, 6.7514e-02
7.8651e+02, 6.0267e-02
7.8988e+02, 5.4322e-02
7.9325e+02, 4.9193e-02
7.9663e+02, 4.4713e-02
8.0000e+02, 4.0831e-02
8.0387e+02, 3.7078e-02
8.0773e+02, 3.3827e-02
8.1160e+02, 3.0978e-02
8.1546e+02, 2.8474e-02
8.1933e+02, 2.6286e-02
8.2319e+02, 2.4383e-02
8.3092e+02, 2.1160e-02
8.3865e+02, 1.8562e-02
8.4638e+02, 1.6465e-02
8.5411e+02, 1.4734e-02
8.6184e+02, 1.3294e-02
8.7138e+02, 1.1841e-02
8.8092e+02, 1.0651e-02
8.9046e+02, 9.6705e-03
9.0000e+02, 8.8714e-03
9.1247e+02, 8.0963e-03
9.1870e+02, 7.8420e-03
9.2493e+02, 7.7360e-03
9.2980e+02, 7.8622e-03
9.3467e+02, 8.3921e-03
9.3711e+02, 9.0397e-03
9.3954e+02, 1.0307e-02
9.4076e+02, 1.1395e-02
9.4198e+02, 1.3011e-02
9.4320e+02, 1.5643e-02
9.4441e+02, 2.0416e-02
9.4519e+02, 2.5739e-02
9.4558e+02, 2.9578e-02
9.4597e+02, 3.4675e-02
9.4631e+02, 4.0725e-02
9.4665e+02, 4.9088e-02
9.4699e+02, 6.1144e-02
9.4734e+02, 7.9854e-02
9.4751e+02, 9.4078e-02
9.4768e+02, 1.1526e-01
9.4785e+02, 1.5149e-01
9.4793e+02, 1.8064e-01
9.4802e+02, 2.2253e-01
9.4810e+02, 2.8387e-01
9.4819e+02, 3.7412e-01
9.4823e+02, 4.3415e-01
9.4827e+02, 5.0686e-01
9.4832e+02, 5.9469e-01
9.4836e+02, 7.0046e-01
9.4840e+02, 8.2735e-01
9.4844e+02, 9.7892e-01
9.4849e+02, 1.1591e+00
9.4853e+02, 1.3722e+00
9.4857e+02, 1.6229e+00
9.4861e+02, 1.9159e+00
9.4866e+02, 2.2565e+00
9.4870e+02, 2.6499e+00
9.4874e+02, 3.1022e+00
9.4878e+02, 3.6165e+00
9.4883e+02, 4.1983e+00
9.4887e+02, 4.8517e+00
9.4891e+02, 5.5802e+00
9.4895e+02, 6.3861e+00
9.4900e+02, 7.2707e+00
9.4904e+02, 8.2337e+00
9.4912e+02, 1.0389e+01
9.4921e+02, 1.2810e+01
9.4938e+02, 1.8150e+01
9.4950e+02, 2.1948e+01
9.4962e+02, 2.5242e+01
9.4969e+02, 2.6683e+01
9.4976e+02, 2.7776e+01
9.4983e+02, 2.8473e+01
9.4989e+02, 2.8740e+01
9.4990e+02, 2.8747e+01
9.4993e+02, 2.8711e+01
9.4995e+02, 2.8605e+01
9.5001e+02, 2.8144e+01
9.5012e+02, 2.6437e+01
9.5023e+02, 2.3975e+01
9.5033e+02, 2.0953e+01
9.5049e+02, 1.5979e+01
9.5057e+02, 1.3533e+01
9.5064e+02, 1.1239e+01
9.5069e+02, 1.0098e+01
9.5077e+02, 8.0193e+00
9.5081e+02, 7.0888e+00
9.5085e+02, 6.2363e+00
9.5090e+02, 5.4116e+00
9.5094e+02, 4.6724e+00
9.5099e+02, 4.0122e+00
9.5103e+02, 3.4300e+00
9.5108e+02, 2.9183e+00
9.5112e+02, 2.4739e+00
9.5116e+02, 2.0890e+00
9.5121e+02, 1.7596e+00
9.5125e+02, 1.4781e+00
9.5130e+02, 1.2404e+00
9.5134e+02, 1.0399e+00
9.5139e+02, 8.7256e-01
9.5143e+02, 7.3295e-01
9.5148e+02, 6.1759e-01
9.5152e+02, 5.2243e-01
9.5156e+02, 4.4422e-01
9.5161e+02, 3.7999e-01
9.5165e+02, 3.2757e-01
9.5174e+02, 2.4966e-01
9.5183e+02, 1.9745e-01
9.5192e+02, 1.6201e-01
9.5201e+02, 1.3735e-01
9.5210e+02, 1.1960e-01
9.5228e+02, 9.5961e-02
9.5244e+02, 8.1359e-02
9.5261e+02, 7.0628e-02
9.5294e+02, 5.5518e-02
9.5345e+02, 4.1411e-02
9.5395e+02, 3.2704e-02
9.5449e+02, 2.6510e-02
9.5504e+02, 2.2227e-02
9.5612e+02, 1.6868e-02
9.5721e+02, 1.3839e-02
9.5830e+02, 1.1853e-02
9.6047e+02, 9.5782e-03
9.6265e+02, 8.4098e-03
9.6482e+02, 7.6753e-03
9.6700e+02, 7.2123e-03
9.7135e+02, 6.7517e-03
9.7403e+02, 6.6840e-03
9.7788e+02, 6.9045e-03
9.8172e+02, 7.7735e-03
9.8365e+02, 8.7986e-03
9.8557e+02, 1.0927e-02
9.8654e+02, 1.2877e-02
9.8750e+02, 1.5906e-02
9.8846e+02, 2.1439e-02
9.8894e+02, 2.6049e-02
9.8942e+02, 3.2974e-02
9.8971e+02, 3.9141e-02
9.9001e+02, 4.7849e-02
9.9030e+02, 6.1219e-02
9.9045e+02, 7.1425e-02
9.9059e+02, 8.6602e-02
9.9074e+02, 1.1171e-01
9.9081e+02, 1.3090e-01
9.9089e+02, 1.5714e-01
9.9096e+02, 1.9342e-01
9.9103e+02, 2.4378e-01
9.9111e+02, 3.1366e-01
9.9118e+02, 4.1012e-01
9.9125e+02, 5.4216e-01
9.9133e+02, 7.2083e-01
9.9136e+02, 8.3170e-01
9.9140e+02, 9.5933e-01
9.9143e+02, 1.1057e+00
9.9147e+02, 1.2728e+00
9.9151e+02, 1.4628e+00
9.9154e+02, 1.6778e+00
9.9158e+02, 1.9201e+00
9.9162e+02, 2.1919e+00
9.9165e+02, 2.4951e+00
9.9169e+02, 2.8317e+00
9.9173e+02, 3.2037e+00
9.9176e+02, 3.6124e+00
9.9180e+02, 4.0936e+00
9.9184e+02, 4.6183e+00
9.9192e+02, 5.8030e+00
9.9200e+02, 7.1644e+00
9.9208e+02, 8.6811e+00
9.9239e+02, 1.5441e+01
9.9249e+02, 1.7350e+01
9.9259e+02, 1.8876e+01
9.9270e+02, 1.9920e+01
9.9275e+02, 2.0208e+01
9.9280e+02, 2.0282e+01
9.9285e+02, 2.0211e+01
9.9290e+02, 1.9937e+01
9.9300e+02, 1.8990e+01
9.9310e+02, 1.7529e+01
9.9320e+02, 1.5682e+01
9.9350e+02, 9.0411e+00
9.9357e+02, 7.6532e+00
9.9364e+02, 6.3831e+00
9.9371e+02, 5.2476e+00
9.9378e+02, 4.2544e+00
9.9385e+02, 3.4039e+00
9.9389e+02, 3.0303e+00
9.9392e+02, 2.6898e+00
9.9396e+02, 2.3808e+00
9.9399e+02, 2.1016e+00
9.9403e+02, 1.8507e+00
9.9406e+02, 1.6260e+00
9.9410e+02, 1.4257e+00
9.9413e+02, 1.2480e+00
9.9417e+02, 1.0908e+00
9.9420e+02, 9.5241e-01
9.9424e+02, 8.3099e-01
9.9427e+02, 7.2486e-01
9.9434e+02, 5.5212e-01
9.9441e+02, 4.2262e-01
9.9448e+02, 3.2656e-01
9.9455e+02, 2.5588e-01
9.9462e+02, 2.0415e-01
9.9474e+02, 1.4871e-01
9.9485e+02, 1.1474e-01
9.9496e+02, 9.3278e-02
9.9507e+02, 7.9013e-02
9.9530e+02, 6.1371e-02
9.9552e+02, 5.0501e-02
9.9580e+02, 4.1247e-02
9.9608e+02, 3.4682e-02
9.9664e+02, 2.6028e-02
9.9720e+02, 2.0726e-02
9.9776e+02, 1.7233e-02
9.9888e+02, 1.2931e-02
1.0000e+03, 1.0522e-02
1.0014e+03, 8.7247e-03
1.0028e+03, 7.6294e-03
1.0057e+03, 6.4040e-03
1.0085e+03, 5.7435e-03
1.0114e+03, 5.3450e-03
1.0171e+03, 4.8871e-03
1.0227e+03, 4.6237e-03
1.0341e+03, 4.3118e-03
1.0455e+03, 4.1216e-03
1.0682e+03, 3.8962e-03
1.0910e+03, 3.7967e-03
1.1112e+03, 3.8055e-03
1.1315e+03, 3.9320e-03
1.1416e+03, 4.0722e-03
1.1518e+03, 4.3761e-03
1.1568e+03, 4.6690e-03
1.1619e+03, 5.2040e-03
1.1644e+03, 5.5663e-03
1.1670e+03, 6.1890e-03
1.1695e+03, 7.2628e-03
1.1720e+03, 9.1038e-03
1.1736e+03, 1.1329e-02
1.1752e+03, 1.5225e-02
1.1760e+03, 1.8529e-02
1.1768e+03, 2.3610e-02
1.1776e+03, 3.1959e-02
1.1780e+03, 3.8279e-02
1.1784e+03, 4.7055e-02
1.1787e+03, 5.6255e-02
1.1790e+03, 6.9143e-02
1.1793e+03, 8.8877e-02
1.1795e+03, 1.0397e-01
1.1796e+03, 1.2634e-01
1.1798e+03, 1.6281e-01
1.1798e+03, 1.9021e-01
1.1799e+03, 2.2709e-01
1.1800e+03, 2.7718e-01
1.1801e+03, 3.4547e-01
1.1801e+03, 4.3851e-01
1.1802e+03, 5.6476e-01
1.1803e+03, 7.3485e-01
1.1803e+03, 8.4181e-01
1.1804e+03, 9.6178e-01
1.1804e+03, 1.1033e+00
1.1804e+03, 1.2611e+00
1.1805e+03, 1.4459e+00
1.1805e+03, 1.6506e+00
1.1806e+03, 1.8886e+00
1.1806e+03, 2.1502e+00
1.1806e+03, 2.4521e+00
1.1807e+03, 2.7812e+00
1.1807e+03, 3.1579e+00
1.1807e+03, 3.5651e+00
1.1808e+03, 4.0144e+00
1.1808e+03, 4.5082e+00
1.1809e+03, 5.1249e+00
1.1809e+03, 5.8038e+00
1.1810e+03, 7.3344e+00
1.1811e+03, 9.1412e+00
1.1811e+03, 1.1170e+01
1.1812e+03, 1.3440e+01
1.1813e+03, 1.5846e+01
1.1815e+03, 2.0850e+01
1.1816e+03, 2.4619e+01
1.1817e+03, 2.7696e+01
1.1819e+03, 2.9563e+01
1.1819e+03, 3.0106e+01
1.1820e+03, 3.0289e+01
1.1820e+03, 3.0291e+01
1.1820e+03, 3.0264e+01
1.1820e+03, 3.0185e+01
1.1821e+03, 2.9777e+01
1.1822e+03, 2.8447e+01
1.1823e+03, 2.6680e+01
1.1824e+03, 2.4499e+01
1.1826e+03, 1.8544e+01
1.1827e+03, 1.5479e+01
1.1828e+03, 1.2571e+01
1.1829e+03, 1.0478e+01
1.1830e+03, 8.5945e+00
1.1830e+03, 6.9399e+00
1.1831e+03, 5.5205e+00
1.1832e+03, 4.8974e+00
1.1832e+03, 4.3298e+00
1.1832e+03, 3.8156e+00
1.1833e+03, 3.3521e+00
1.1833e+03, 2.9364e+00
1.1834e+03, 2.5654e+00
1.1834e+03, 2.2360e+00
1.1834e+03, 1.9447e+00
1.1835e+03, 1.6883e+00
1.1835e+03, 1.4637e+00
1.1836e+03, 1.2677e+00
1.1836e+03, 1.0974e+00
1.1836e+03, 9.4998e-01
1.1837e+03, 8.2281e-01
1.1837e+03, 7.1349e-01
1.1838e+03, 6.1981e-01
1.1838e+03, 4.7151e-01
1.1839e+03, 3.6416e-01
1.1840e+03, 2.8689e-01
1.1841e+03, 2.3193e-01
1.1842e+03, 1.8231e-01
1.1843e+03, 1.4942e-01
1.1844e+03, 1.2671e-01
1.1845e+03, 1.1041e-01
1.1847e+03, 9.1847e-02
1.1848e+03, 7.9007e-02
1.1852e+03, 6.1594e-02
1.1855e+03, 4.9972e-02
1.1858e+03, 4.1710e-02
1.1865e+03, 3.0874e-02
1.1871e+03, 2.4172e-02
1.1878e+03, 1.9705e-02
1.1885e+03, 1.6646e-02
1.1898e+03, 1.2805e-02
1.1911e+03, 1.0440e-02
1.1925e+03, 8.9494e-03
1.1951e+03, 7.2708e-03
1.1976e+03, 6.4756e-03
1.2000e+03, 5.9674e-03
1.2049e+03, 5.4368e-03
1.2148e+03, 5.1532e-03
1.2262e+03, 5.2364e-03
1.2377e+03, 5.5154e-03
1.2491e+03, 5.9124e-03
1.2606e+03, 6.4475e-03
1.2720e+03, 7.1711e-03
1.2835e+03, 8.1146e-03
1.2950e+03, 9.3972e-03
1.3007e+03, 1.0211e-02
1.3064e+03, 1.1183e-02
1.3121e+03, 1.2372e-02
1.3179e+03, 1.3840e-02
1.3236e+03, 1.5674e-02
1.3293e+03, 1.7912e-02
1.3351e+03, 2.0910e-02
1.3379e+03, 2.2767e-02
1.3408e+03, 2.4930e-02
1.3437e+03, 2.7468e-02
1.3465e+03, 3.0475e-02
1.3494e+03, 3.4083e-02
1.3522e+03, 3.8477e-02
1.3561e+03, 4.6111e-02
1.3581e+03, 5.0940e-02
1.3600e+03, 5.6655e-02
1.3620e+03, 6.3489e-02
1.3639e+03, 7.1695e-02
1.3649e+03, 7.6459e-02
1.3658e+03, 8.1773e-02
1.3668e+03, 8.7699e-02
1.3673e+03, 9.0921e-02
1.3678e+03, 9.4324e-02
1.3684e+03, 9.8920e-02
1.3690e+03, 1.0387e-01
1.3696e+03, 1.0924e-01
1.3699e+03, 1.1208e-01
1.3702e+03, 1.1504e-01
1.3705e+03, 1.1736e-01
1.3707e+03, 1.1974e-01
1.3712e+03, 1.2473e-01
1.3716e+03, 1.3006e-01
1.3721e+03, 1.3575e-01
1.3725e+03, 1.4185e-01
1.3730e+03, 1.4837e-01
1.3735e+03, 1.5537e-01
1.3739e+03, 1.6289e-01
1.3742e+03, 1.6778e-01
1.3745e+03, 1.7289e-01
1.3748e+03, 1.7824e-01
1.3751e+03, 1.8385e-01
1.3753e+03, 1.8976e-01
1.3756e+03, 1.9595e-01
1.3759e+03, 2.0245e-01
1.3762e+03, 2.0929e-01
1.3765e+03, 2.1652e-01
1.3767e+03, 2.2411e-01
1.3770e+03, 2.3212e-01
1.3773e+03, 2.4058e-01
1.3776e+03, 2.4955e-01
1.3779e+03, 2.5902e-01
1.3781e+03, 2.6904e-01
1.3784e+03, 2.7967e-01
1.3790e+03, 3.0300e-01
1.3796e+03, 3.2944e-01
1.3801e+03, 3.5957e-01
1.3807e+03, 3.9406e-01
1.3812e+03, 4.3392e-01
1.3815e+03, 4.5615e-01
1.3818e+03, 4.8016e-01
1.3821e+03, 5.0625e-01
1.3824e+03, 5.3445e-01
1.3826e+03, 5.6510e-01
1.3829e+03, 5.9850e-01
1.3834e+03, 6.6757e-01
1.3837e+03, 7.0673e-01
1.3840e+03, 7.4931e-01
1.3842e+03, 7.9609e-01
1.3845e+03, 8.4744e-01
1.3847e+03, 9.0396e-01
1.3850e+03, 9.6613e-01
1.3852e+03, 1.0353e+00
1.3855e+03, 1.1121e+00
1.3857e+03, 1.1979e+00
1.3860e+03, 1.2936e+00
1.3863e+03, 1.4017e+00
1.3865e+03, 1.5234e+00
1.3868e+03, 1.6624e+00
1.3870e+03, 1.8209e+00
1.3873e+03, 2.0245e+00
1.3876e+03, 2.2636e+00
1.3879e+03, 2.5492e+00
1.3881e+03, 2.8914e+00
1.3884e+03, 3.3093e+00
1.3886e+03, 3.5530e+00
1.3887e+03, 3.8225e+00
1.3888e+03, 4.1260e+00
1.3890e+03, 4.4642e+00
1.3891e+03, 4.8481e+00
1.3893e+03, 5.2793e+00
1.3895e+03, 6.0194e+00
1.3897e+03, 6.9143e+00
1.3899e+03, 8.0159e+00
1.3901e+03, 9.3672e+00
1.3902e+03, 1.0166e+01
1.3903e+03, 1.1045e+01
1.3904e+03, 1.2022e+01
1.3905e+03, 1.3105e+01
1.3906e+03, 1.4314e+01
1.3907e+03, 1.5634e+01
1.3909e+03, 1.8654e+01
1.3911e+03, 2.1542e+01
1.3912e+03, 2.4722e+01
1.3916e+03, 3.1659e+01
1.3919e+03, 3.8231e+01
1.3921e+03, 4.0842e+01
1.3923e+03, 4.2693e+01
1.3924e+03, 4.3481e+01
1.3925e+03, 4.3742e+01
1.3927e+03, 4.2971e+01
1.3929e+03, 4.0780e+01
1.3931e+03, 3.7463e+01
1.3933e+03, 3.3428e+01
1.3937e+03, 2.4858e+01
1.3940e+03, 2.0952e+01
1.3942e+03, 1.7530e+01
1.3943e+03, 1.5825e+01
1.3944e+03, 1.4289e+01
1.3945e+03, 1.2915e+01
1.3946e+03, 1.1701e+01
1.3948e+03, 1.0615e+01
1.3949e+03, 9.6610e+00
1.3950e+03, 8.8091e+00
1.3951e+03, 8.0611e+00
1.3952e+03, 7.3923e+00
1.3953e+03, 6.8035e+00
1.3956e+03, 5.8073e+00
1.3958e+03, 5.0098e+00
1.3960e+03, 4.3639e+00
1.3962e+03, 3.9008e+00
1.3965e+03, 3.5076e+00
1.3967e+03, 3.1710e+00
1.3969e+03, 2.8806e+00
1.3971e+03, 2.6284e+00
1.3973e+03, 2.4078e+00
1.3975e+03, 2.2139e+00
1.3977e+03, 2.0432e+00
1.3981e+03, 1.7548e+00
1.3985e+03, 1.5236e+00
1.3989e+03, 1.3354e+00
1.3993e+03, 1.1805e+00
1.3997e+03, 1.0633e+00
1.4000e+03, 9.6319e-01
1.4004e+03, 8.7676e-01
1.4007e+03, 8.0169e-01
1.4011e+03, 7.3604e-01
1.4015e+03, 6.7821e-01
1.4022e+03, 5.8119e-01
1.4029e+03, 5.0349e-01
1.4036e+03, 4.4061e-01
1.4044e+03, 3.8898e-01
1.4051e+03, 3.4606e-01
1.4058e+03, 3.0996e-01
1.4066e+03, 2.7938e-01
1.4073e+03, 2.5320e-01
1.4080e+03, 2.3074e-01
1.4087e+03, 2.1136e-01
1.4095e+03, 1.9439e-01
1.4109e+03, 1.6601e-01
1.4124e+03, 1.4364e-01
1.4138e+03, 1.2574e-01
1.4153e+03, 1.1119e-01
1.4167e+03, 9.9222e-02
1.4182e+03, 8.9250e-02
1.4196e+03, 8.0866e-02
1.4211e+03, 7.3756e-02
1.4225e+03, 6.7685e-02
1.4240e+03, 6.2549e-02
1.4254e+03, 5.8076e-02
1.4269e+03, 5.4081e-02
1.4283e+03, 5.0634e-02
1.4312e+03, 4.4899e-02
1.4342e+03, 4.0418e-02
1.4371e+03, 3.6879e-02
1.4400e+03, 3.4065e-02
1.4430e+03, 3.1705e-02
1.4461e+03, 2.9850e-02
1.4492e+03, 2.8448e-02
1.4523e+03, 2.7349e-02
1.4584e+03, 2.5896e-02
1.4646e+03, 2.5340e-02
1.4707e+03, 2.5536e-02
1.4769e+03, 2.6415e-02
1.4830e+03, 2.7980e-02
1.4861e+03, 2.8993e-02
1.4892e+03, 3.0305e-02
1.4923e+03, 3.1740e-02
1.4953e+03, 3.3536e-02
1.4984e+03, 3.5541e-02
1.5015e+03, 3.7916e-02
1.5076e+03, 4.3833e-02
1.5107e+03, 4.7511e-02
1.5122e+03, 4.9597e-02
1.5138e+03, 5.1880e-02
1.5149e+03, 5.3653e-02
1.5160e+03, 5.5535e-02
1.5171e+03, 5.7532e-02
1.5182e+03, 5.9665e-02
1.5193e+03, 6.1942e-02
1.5205e+03, 6.4371e-02
1.5210e+03, 6.5649e-02
1.5216e+03, 6.6968e-02
1.5221e+03, 6.8332e-02
1.5227e+03, 6.9742e-02
1.5231e+03, 7.0749e-02
1.5234e+03, 7.1778e-02
1.5238e+03, 7.2836e-02
1.5240e+03, 7.3373e-02
1.5242e+03, 7.3917e-02
1.5244e+03, 7.4471e-02
1.5246e+03, 7.5028e-02
1.5250e+03, 7.6165e-02
1.5254e+03, 7.7334e-02
1.5257e+03, 7.8530e-02
1.5262e+03, 7.9968e-02
1.5266e+03, 8.1449e-02
1.5271e+03, 8.2975e-02
1.5275e+03, 8.4544e-02
1.5280e+03, 8.6165e-02
1.5284e+03, 8.7833e-02
1.5289e+03, 8.9558e-02
1.5293e+03, 9.1335e-02
1.5298e+03, 9.3173e-02
1.5302e+03, 9.5067e-02
1.5307e+03, 9.7028e-02
1.5311e+03, 9.9051e-02
1.5316e+03, 1.0115e-01
1.5320e+03, 1.0331e-01
1.5325e+03, 1.0555e-01
1.5329e+03, 1.0787e-01
1.5334e+03, 1.1038e-01
1.5339e+03, 1.1299e-01
1.5348e+03, 1.1852e-01
1.5357e+03, 1.2448e-01
1.5367e+03, 1.3093e-01
1.5376e+03, 1.3791e-01
1.5386e+03, 1.4550e-01
1.5395e+03, 1.5376e-01
1.5404e+03, 1.6277e-01
1.5414e+03, 1.7262e-01
1.5423e+03, 1.8344e-01
1.5433e+03, 1.9533e-01
1.5442e+03, 2.0845e-01
1.5451e+03, 2.2298e-01
1.5461e+03, 2.3911e-01
1.5470e+03, 2.5711e-01
1.5480e+03, 2.7724e-01
1.5489e+03, 2.9989e-01
1.5498e+03, 3.2549e-01
1.5508e+03, 3.5456e-01
1.5517e+03, 3.8776e-01
1.5527e+03, 4.2589e-01
1.5536e+03, 4.6998e-01
1.5545e+03, 5.2134e-01
1.5555e+03, 5.8155e-01
1.5564e+03, 6.5292e-01
1.5574e+03, 7.3826e-01
1.5578e+03, 7.8731e-01
1.5583e+03, 8.4138e-01
1.5588e+03, 9.0118e-01
1.5592e+03, 9.6737e-01
1.5597e+03, 1.0412e+00
1.5602e+03, 1.1237e+00
1.5607e+03, 1.2162e+00
1.5611e+03, 1.3204e+00
1.5616e+03, 1.4382e+00
1.5621e+03, 1.5719e+00
1.5625e+03, 1.7241e+00
1.5630e+03, 1.8980e+00
1.5635e+03, 2.0990e+00
1.5639e+03, 2.3326e+00
1.5644e+03, 2.6054e+00
1.5649e+03, 2.9256e+00
1.5654e+03, 3.3036e+00
1.5658e+03, 3.7520e+00
1.5663e+03, 4.2863e+00
1.5668e+03, 4.9249e+00
1.5670e+03, 5.3518e+00
1.5673e+03, 5.8232e+00
1.5676e+03, 6.3467e+00
1.5679e+03, 6.9221e+00
1.5684e+03, 8.2448e+00
1.5689e+03, 9.7851e+00
1.5700e+03, 1.3163e+01
1.5706e+03, 1.4598e+01
1.5708e+03, 1.5132e+01
1.5711e+03, 1.5497e+01
1.5715e+03, 1.5687e+01
1.5718e+03, 1.5547e+01
1.5721e+03, 1.5151e+01
1.5724e+03, 1.4529e+01
1.5728e+03, 1.3734e+01
1.5734e+03, 1.1843e+01
1.5740e+03, 9.8852e+00
1.5746e+03, 8.1141e+00
1.5750e+03, 7.3349e+00
1.5753e+03, 6.6337e+00
1.5756e+03, 6.0035e+00
1.5759e+03, 5.4435e+00
1.5762e+03, 4.9458e+00
1.5765e+03, 4.5040e+00
1.5769e+03, 4.0770e+00
1.5772e+03, 3.7021e+00
1.5776e+03, 3.3724e+00
1.5779e+03, 3.0825e+00
1.5782e+03, 2.8254e+00
1.5786e+03, 2.5975e+00
1.5793e+03, 2.2146e+00
1.5800e+03, 1.9076e+00
1.5807e+03, 1.6594e+00
1.5813e+03, 1.4559e+00
1.5820e+03, 1.2882e+00
1.5827e+03, 1.1543e+00
1.5833e+03, 1.0406e+00
1.5840e+03, 9.4288e-01
1.5847e+03, 8.5862e-01
1.5853e+03, 7.8565e-01
1.5860e+03, 7.2235e-01
1.5866e+03, 6.6712e-01
1.5873e+03, 6.1877e-01
1.5886e+03, 5.3895e-01
1.5899e+03, 4.7723e-01
1.5912e+03, 4.2972e-01
1.5925e+03, 3.9412e-01
1.5935e+03, 3.7417e-01
1.5945e+03, 3.6026e-01
1.5955e+03, 3.5272e-01
1.5965e+03, 3.5246e-01
1.5972e+03, 3.5771e-01
1.5980e+03, 3.6856e-01
1.5987e+03, 3.8656e-01
1.5994e+03, 4.1464e-01
1.5998e+03, 4.3384e-01
1.6001e+03, 4.5735e-01
1.6005e+03, 4.8626e-01
1.6008e+03, 5.2173e-01
1.6012e+03, 5.6579e-01
1.6016e+03, 6.2080e-01
1.6019e+03, 6.9065e-01
1.6023e+03, 7.8089e-01
1.6026e+03, 8.7144e-01
1.6028e+03, 9.8540e-01
1.6031e+03, 1.1323e+00
1.6033e+03, 1.2228e+00
1.6034e+03, 1.3272e+00
1.6035e+03, 1.4505e+00
1.6037e+03, 1.5971e+00
1.6038e+03, 1.7741e+00
1.6040e+03, 1.9898e+00
1.6041e+03, 2.2616e+00
1.6042e+03, 2.4230e+00
1.6042e+03, 2.6061e+00
1.6043e+03, 2.8180e+00
1.6044e+03, 3.0575e+00
1.6045e+03, 3.3326e+00
1.6045e+03, 3.6498e+00
1.6046e+03, 3.8527e+00
1.6046e+03, 4.0675e+00
1.6046e+03, 4.3005e+00
1.6047e+03, 4.5533e+00
1.6047e+03, 4.8278e+00
1.6048e+03, 5.1256e+00
1.6048e+03, 5.4488e+00
1.6048e+03, 5.7994e+00
1.6049e+03, 6.1794e+00
1.6049e+03, 6.5912e+00
1.6050e+03, 7.0368e+00
1.6050e+03, 7.5187e+00
1.6050e+03, 8.0392e+00
1.6051e+03, 8.6007e+00
1.6051e+03, 9.2055e+00
1.6052e+03, 9.8560e+00
1.6052e+03, 1.0629e+01
1.6052e+03, 1.1463e+01
1.6053e+03, 1.2361e+01
1.6053e+03, 1.3325e+01
1.6054e+03, 1.5459e+01
1.6055e+03, 1.7878e+01
1.6056e+03, 2.0584e+01
1.6057e+03, 2.3566e+01
1.6058e+03, 2.6804e+01
1.6058e+03, 3.0260e+01
1.6060e+03, 3.7600e+01
1.6062e+03, 4.4987e+01
1.6064e+03, 5.1644e+01
1.6065e+03, 5.6723e+01
1.6067e+03, 5.9184e+01
1.6068e+03, 6.0027e+01
1.6068e+03, 5.9972e+01
1.6069e+03, 5.9098e+01
1.6070e+03, 5.7233e+01
1.6072e+03, 5.4477e+01
1.6073e+03, 5.0981e+01
1.6074e+03, 4.6237e+01
1.6075e+03, 4.1045e+01
1.6078e+03, 3.0523e+01
1.6079e+03, 2.6352e+01
1.6080e+03, 2.2508e+01
1.6081e+03, 1.9049e+01
1.6082e+03, 1.6031e+01
1.6083e+03, 1.3398e+01
1.6084e+03, 1.1184e+01
1.6085e+03, 9.3147e+00
1.6086e+03, 7.7859e+00
1.6087e+03, 6.5244e+00
1.6088e+03, 5.5025e+00
1.6089e+03, 4.6787e+00
1.6090e+03, 4.0217e+00
1.6091e+03, 3.4868e+00
1.6092e+03, 3.0580e+00
1.6093e+03, 2.7054e+00
1.6094e+03, 2.4187e+00
1.6095e+03, 2.1785e+00
1.6096e+03, 1.9773e+00
1.6097e+03, 1.8069e+00
1.6098e+03, 1.6624e+00
1.6099e+03, 1.5361e+00
1.6100e+03, 1.4268e+00
1.6102e+03, 1.2445e+00
1.6105e+03, 1.0930e+00
1.6107e+03, 9.7080e-01
1.6109e+03, 8.7039e-01
1.6111e+03, 7.8695e-01
1.6113e+03, 7.1608e-01
1.6115e+03, 6.5554e-01
1.6118e+03, 6.0336e-01
1.6120e+03, 5.5821e-01
1.6124e+03, 4.8358e-01
1.6128e+03, 4.2522e-01
1.6133e+03, 3.7839e-01
1.6137e+03, 3.4025e-01
1.6143e+03, 2.9990e-01
1.6148e+03, 2.6764e-01
1.6154e+03, 2.4130e-01
1.6160e+03, 2.1954e-01
1.6165e+03, 2.0127e-01
1.6171e+03, 1.8579e-01
1.6177e+03, 1.7253e-01
1.6182e+03, 1.6110e-01
1.6194e+03, 1.4210e-01
1.6205e+03, 1.2702e-01
1.6216e+03, 1.1483e-01
1.6228e+03, 1.0478e-01
1.6242e+03, 9.4307e-02
1.6256e+03, 8.5736e-02
1.6270e+03, 7.8699e-02
1.6285e+03, 7.2574e-02
1.6313e+03, 6.2674e-02
1.6342e+03, 5.5043e-02
1.6371e+03, 4.8949e-02
1.6399e+03, 4.3957e-02
1.6428e+03, 3.9788e-02
1.6457e+03, 3.6279e-02
1.6493e+03, 3.2593e-02
1.6529e+03, 2.9460e-02
1.6565e+03, 2.6763e-02
1.6601e+03, 2.4457e-02
1.6638e+03, 2.2499e-02
1.6674e+03, 2.0781e-02
1.6746e+03, 1.7903e-02
1.6819e+03, 1.5663e-02
1.6891e+03, 1.3837e-02
1.6963e+03, 1.2388e-02
1.7036e+03, 1.1133e-02
1.7108e+03, 1.0124e-02
1.7180e+03, 9.2585e-03
1.7325e+03, 7.8641e-03
1.7470e+03, 6.8569e-03
1.7615e+03, 6.0805e-03
1.7759e+03, 5.5070e-03
1.7904e+03, 5.0659e-03
1.8049e+03, 4.7638e-03
1.8194e+03, 4.5350e-03
1.8387e+03, 4.3999e-03
1.8543e+03, 4.4385e-03
1.8700e+03, 4.6612e-03
1.8779e+03, 4.8783e-03
1.8857e+03, 5.2651e-03
1.8935e+03, 5.9948e-03
1.8975e+03, 6.6887e-03
1.9014e+03, 7.9360e-03
1.9043e+03, 9.7123e-03
1.9057e+03, 1.1147e-02
1.9071e+03, 1.3276e-02
1.9086e+03, 1.6929e-02
1.9100e+03, 2.3727e-02
1.9107e+03, 2.9486e-02
1.9114e+03, 3.8541e-02
1.9121e+03, 5.4636e-02
1.9125e+03, 6.8765e-02
1.9128e+03, 9.5203e-02
1.9130e+03, 1.1248e-01
1.9131e+03, 1.3797e-01
1.9132e+03, 1.7673e-01
1.9134e+03, 2.3665e-01
1.9135e+03, 3.2957e-01
1.9136e+03, 3.9354e-01
1.9136e+03, 4.7269e-01
1.9137e+03, 5.7021e-01
1.9138e+03, 6.8976e-01
1.9138e+03, 8.3551e-01
1.9139e+03, 1.0121e+00
1.9140e+03, 1.2247e+00
1.9140e+03, 1.4787e+00
1.9141e+03, 1.7801e+00
1.9142e+03, 2.1350e+00
1.9142e+03, 2.5495e+00
1.9143e+03, 3.0297e+00
1.9144e+03, 3.5813e+00
1.9144e+03, 4.2093e+00
1.9145e+03, 4.9181e+00
1.9146e+03, 5.7105e+00
1.9146e+03, 6.5881e+00
1.9147e+03, 7.5505e+00
1.9148e+03, 9.7176e+00
1.9150e+03, 1.2143e+01
1.9152e+03, 1.7663e+01
1.9154e+03, 2.0321e+01
1.9155e+03, 2.2630e+01
1.9156e+03, 2.3945e+01
1.9157e+03, 2.4940e+01
1.9158e+03, 2.5629e+01
1.9159e+03, 2.5813e+01
1.9159e+03, 2.5861e+01
1.9160e+03, 2.5786e+01
1.9160e+03, 2.5543e+01
1.9161e+03, 2.4683e+01
1.9163e+03, 2.3125e+01
1.9164e+03, 2.1069e+01
1.9166e+03, 1.7734e+01
1.9167e+03, 1.4198e+01
1.9169e+03, 1.0793e+01
1.9170e+03, 9.2451e+00
1.9171e+03, 7.8242e+00
1.9172e+03, 6.2573e+00
1.9172e+03, 5.5589e+00
1.9173e+03, 4.9174e+00
1.9174e+03, 4.3319e+00
1.9174e+03, 3.8008e+00
1.9175e+03, 3.3220e+00
1.9175e+03, 2.9003e+00
1.9176e+03, 2.5170e+00
1.9176e+03, 2.1773e+00
1.9177e+03, 1.8780e+00
1.9177e+03, 1.6155e+00
1.9178e+03, 1.3867e+00
1.9178e+03, 1.1881e+00
1.9179e+03, 1.0166e+00
1.9179e+03, 8.7172e-01
1.9180e+03, 7.4524e-01
1.9181e+03, 6.3747e-01
1.9182e+03, 4.6862e-01
1.9183e+03, 3.4859e-01
1.9184e+03, 2.6479e-01
1.9185e+03, 2.0556e-01
1.9186e+03, 1.6420e-01
1.9188e+03, 1.1464e-01
1.9190e+03, 8.8388e-02
1.9192e+03, 7.2973e-02
1.9197e+03, 5.5044e-02
1.9201e+03, 4.4239e-02
1.9205e+03, 3.6836e-02
1.9216e+03, 2.6242e-02
1.9226e+03, 2.0417e-02
1.9236e+03, 1.6817e-02
1.9246e+03, 1.4493e-02
1.9267e+03, 1.1863e-02
1.9287e+03, 1.0500e-02
1.9328e+03, 9.3157e-03
1.9370e+03, 9.0733e-03
1.9409e+03, 9.2644e-03
1.9448e+03, 9.7172e-03
1.9527e+03, 1.1319e-02
1.9567e+03, 1.2500e-02
1.9606e+03, 1.4021e-02
1.9645e+03, 1.6000e-02
1.9685e+03, 1.8589e-02
1.9709e+03, 2.0641e-02
1.9734e+03, 2.3136e-02
1.9759e+03, 2.6208e-02
1.9783e+03, 3.0038e-02
1.9808e+03, 3.4835e-02
1.9833e+03, 4.1136e-02
1.9857e+03, 4.9519e-02
1.9869e+03, 5.4788e-02
1.9882e+03, 6.1010e-02
1.9894e+03, 6.8435e-02
1.9906e+03, 7.7380e-02
1.9919e+03, 8.8313e-02
1.9931e+03, 1.0184e-01
1.9943e+03, 1.1878e-01
1.9956e+03, 1.4037e-01
1.9962e+03, 1.5362e-01
1.9968e+03, 1.6887e-01
1.9974e+03, 1.8658e-01
1.9977e+03, 1.9653e-01
1.9980e+03, 2.0728e-01
1.9984e+03, 2.2189e-01
1.9988e+03, 2.3809e-01
1.9992e+03, 2.5624e-01
1.9994e+03, 2.6613e-01
1.9995e+03, 2.7655e-01
1.9998e+03, 2.8985e-01
2.0000e+03, 3.0410e-01
2.0003e+03, 3.2144e-01
2.0005e+03, 3.4032e-01
2.0008e+03, 3.6095e-01
2.0010e+03, 3.8344e-01
2.0013e+03, 4.0824e-01
2.0015e+03, 4.3545e-01
2.0016e+03, 4.5022e-01
2.0018e+03, 4.6565e-01
2.0019e+03, 4.8190e-01
2.0020e+03, 4.9903e-01
2.0022e+03, 5.2606e-01
2.0024e+03, 5.5524e-01
2.0026e+03, 5.8696e-01
2.0028e+03, 6.2152e-01
2.0029e+03, 6.5951e-01
2.0031e+03, 7.0093e-01
2.0033e+03, 7.4646e-01
2.0035e+03, 7.9666e-01
2.0037e+03, 8.5254e-01
2.0039e+03, 9.1430e-01
2.0041e+03, 9.8319e-01
2.0042e+03, 1.0604e+00
2.0044e+03, 1.1473e+00
2.0046e+03, 1.2456e+00
2.0048e+03, 1.3576e+00
2.0050e+03, 1.4860e+00
2.0052e+03, 1.6350e+00
2.0054e+03, 1.8076e+00
2.0055e+03, 2.0102e+00
2.0057e+03, 2.2505e+00
2.0058e+03, 2.3886e+00
2.0059e+03, 2.5386e+00
2.0060e+03, 2.7055e+00
2.0061e+03, 2.8878e+00
2.0062e+03, 3.0920e+00
2.0063e+03, 3.3163e+00
2.0064e+03, 3.5687e+00
2.0065e+03, 3.8475e+00
2.0066e+03, 4.1484e+00
2.0066e+03, 4.4802e+00
2.0067e+03, 4.8548e+00
2.0068e+03, 5.2685e+00
2.0069e+03, 5.7361e+00
2.0070e+03, 6.2524e+00
2.0071e+03, 6.8351e+00
2.0072e+03, 7.4767e+00
2.0073e+03, 8.1976e+00
2.0073e+03, 8.9869e+00
2.0074e+03, 9.8673e+00
2.0075e+03, 1.0823e+01
2.0076e+03, 1.1878e+01
2.0077e+03, 1.3009e+01
2.0079e+03, 1.5542e+01
2.0081e+03, 1.8514e+01
2.0083e+03, 2.1713e+01
2.0086e+03, 2.8049e+01
2.0088e+03, 3.0537e+01
2.0090e+03, 3.2484e+01
2.0091e+03, 3.3724e+01
2.0093e+03, 3.4149e+01
2.0094e+03, 3.4040e+01
2.0095e+03, 3.3490e+01
2.0096e+03, 3.2502e+01
2.0098e+03, 3.1124e+01
2.0099e+03, 2.9422e+01
2.0101e+03, 2.5351e+01
2.0104e+03, 2.0923e+01
2.0107e+03, 1.5789e+01
2.0109e+03, 1.3527e+01
2.0110e+03, 1.1539e+01
2.0112e+03, 9.8079e+00
2.0113e+03, 8.3464e+00
2.0115e+03, 7.1204e+00
2.0116e+03, 6.1017e+00
2.0118e+03, 5.4114e+00
2.0119e+03, 4.8248e+00
2.0120e+03, 4.3181e+00
2.0121e+03, 3.8866e+00
2.0122e+03, 3.5123e+00
2.0124e+03, 3.1914e+00
2.0125e+03, 2.9107e+00
2.0126e+03, 2.6679e+00
2.0127e+03, 2.4533e+00
2.0129e+03, 2.2658e+00
2.0131e+03, 1.9505e+00
2.0134e+03, 1.6987e+00
2.0136e+03, 1.4947e+00
2.0138e+03, 1.3382e+00
2.0141e+03, 1.2062e+00
2.0143e+03, 1.0927e+00
2.0145e+03, 9.9518e-01
2.0147e+03, 9.1000e-01
2.0150e+03, 8.3579e-01
2.0154e+03, 7.1256e-01
2.0159e+03, 6.1489e-01
2.0163e+03, 5.3631e-01
2.0168e+03, 4.7215e-01
2.0172e+03, 4.1919e-01
2.0177e+03, 3.7472e-01
2.0181e+03, 3.3702e-01
2.0186e+03, 3.0476e-01
2.0190e+03, 2.7700e-01
2.0195e+03, 2.5285e-01
2.0199e+03, 2.3178e-01
2.0208e+03, 1.9699e-01
2.0218e+03, 1.6959e-01
2.0227e+03, 1.4766e-01
2.0236e+03, 1.2981e-01
2.0245e+03, 1.1511e-01
2.0253e+03, 1.0390e-01
2.0261e+03, 9.4370e-02
2.0278e+03, 7.8914e-02
2.0294e+03, 6.7067e-02
2.0311e+03, 5.7842e-02
2.0327e+03, 5.0514e-02
2.0343e+03, 4.4607e-02
2.0360e+03, 3.9774e-02
2.0376e+03, 3.5776e-02
2.0395e+03, 3.2033e-02
2.0414e+03, 2.8899e-02
2.0452e+03, 2.4092e-02
2.0490e+03, 2.0645e-02
2.0528e+03, 1.8125e-02
2.0566e+03, 1.6250e-02
2.0604e+03, 1.4838e-02
2.0679e+03, 1.3005e-02
2.0758e+03, 1.2037e-02
2.0837e+03, 1.1708e-02
2.0897e+03, 1.1849e-02
2.0956e+03, 1.2299e-02
2.1015e+03, 1.3077e-02
2.1074e+03, 1.4236e-02
2.1134e+03, 1.5871e-02
2.1193e+03, 1.8135e-02
2.1252e+03, 2.1254e-02
2.1282e+03, 2.3294e-02
2.1312e+03, 2.5740e-02
2.1342e+03, 2.8794e-02
2.1372e+03, 3.2549e-02
2.1403e+03, 3.7222e-02
2.1433e+03, 4.3122e-02
2.1464e+03, 5.0711e-02
2.1494e+03, 6.0704e-02
2.1510e+03, 6.6975e-02
2.1525e+03, 7.4073e-02
2.1540e+03, 8.2573e-02
2.1555e+03, 9.2709e-02
2.1561e+03, 9.7399e-02
2.1568e+03, 1.0247e-01
2.1574e+03, 1.0797e-01
2.1580e+03, 1.1392e-01
2.1586e+03, 1.2041e-01
2.1592e+03, 1.2746e-01
2.1598e+03, 1.3517e-01
2.1602e+03, 1.3929e-01
2.1605e+03, 1.4360e-01
2.1607e+03, 1.4660e-01
2.1609e+03, 1.4995e-01
2.1611e+03, 1.5339e-01
2.1616e+03, 1.6066e-01
2.1620e+03, 1.6847e-01
2.1624e+03, 1.7686e-01
2.1629e+03, 1.8615e-01
2.1633e+03, 1.9619e-01
2.1636e+03, 2.0154e-01
2.1638e+03, 2.0708e-01
2.1640e+03, 2.1286e-01
2.1642e+03, 2.1889e-01
2.1645e+03, 2.2521e-01
2.1647e+03, 2.3179e-01
2.1649e+03, 2.3868e-01
2.1652e+03, 2.4586e-01
2.1654e+03, 2.5341e-01
2.1656e+03, 2.6128e-01
2.1658e+03, 2.6952e-01
2.1661e+03, 2.7817e-01
2.1665e+03, 2.9681e-01
2.1670e+03, 3.1740e-01
2.1674e+03, 3.4023e-01
2.1679e+03, 3.6558e-01
2.1683e+03, 3.9395e-01
2.1688e+03, 4.2578e-01
2.1692e+03, 4.6164e-01
2.1697e+03, 5.0217e-01
2.1701e+03, 5.4840e-01
2.1706e+03, 6.0134e-01
2.1710e+03, 6.6236e-01
2.1715e+03, 7.3300e-01
2.1719e+03, 8.1578e-01
2.1724e+03, 9.1317e-01
2.1726e+03, 9.6878e-01
2.1728e+03, 1.0293e+00
2.1731e+03, 1.0957e+00
2.1733e+03, 1.1687e+00
2.1737e+03, 1.3138e+00
2.1741e+03, 1.4868e+00
2.1743e+03, 1.5866e+00
2.1745e+03, 1.6960e+00
2.1747e+03, 1.8175e+00
2.1749e+03, 1.9516e+00
2.1751e+03, 2.1016e+00
2.1753e+03, 2.2681e+00
2.1755e+03, 2.4557e+00
2.1756e+03, 2.6655e+00
2.1758e+03, 2.9034e+00
2.1760e+03, 3.1716e+00
2.1762e+03, 3.4780e+00
2.1764e+03, 3.8255e+00
2.1767e+03, 4.2932e+00
2.1769e+03, 4.8381e+00
2.1771e+03, 5.4759e+00
2.1773e+03, 6.2208e+00
2.1776e+03, 7.0905e+00
2.1778e+03, 8.0877e+00
2.1780e+03, 9.2202e+00
2.1782e+03, 1.0482e+01
2.1785e+03, 1.1895e+01
2.1787e+03, 1.3375e+01
2.1792e+03, 1.6282e+01
2.1794e+03, 1.7529e+01
2.1796e+03, 1.8502e+01
2.1799e+03, 1.9122e+01
2.1801e+03, 1.9334e+01
2.1803e+03, 1.9185e+01
2.1806e+03, 1.8530e+01
2.1808e+03, 1.7433e+01
2.1811e+03, 1.6003e+01
2.1813e+03, 1.4388e+01
2.1819e+03, 1.1085e+01
2.1821e+03, 9.5793e+00
2.1824e+03, 8.2438e+00
2.1826e+03, 7.3550e+00
2.1828e+03, 6.5661e+00
2.1830e+03, 5.8716e+00
2.1832e+03, 5.2660e+00
2.1834e+03, 4.7340e+00
2.1836e+03, 4.2697e+00
2.1837e+03, 3.8643e+00
2.1839e+03, 3.5113e+00
2.1841e+03, 3.2001e+00
2.1843e+03, 2.9264e+00
2.1845e+03, 2.6849e+00
2.1847e+03, 2.4721e+00
2.1851e+03, 2.1134e+00
2.1855e+03, 1.8261e+00
2.1858e+03, 1.6336e+00
2.1861e+03, 1.4698e+00
2.1865e+03, 1.3293e+00
2.1868e+03, 1.2084e+00
2.1871e+03, 1.1029e+00
2.1874e+03, 1.0107e+00
2.1880e+03, 8.5773e-01
2.1887e+03, 7.3657e-01
2.1893e+03, 6.3937e-01
2.1899e+03, 5.6007e-01
2.1906e+03, 4.9476e-01
2.1911e+03, 4.4614e-01
2.1917e+03, 4.0436e-01
2.1923e+03, 3.6820e-01
2.1928e+03, 3.3669e-01
2.1934e+03, 3.0909e-01
2.1939e+03, 2.8479e-01
2.1950e+03, 2.4428e-01
2.1962e+03, 2.1180e-01
2.1973e+03, 1.8530e-01
2.1984e+03, 1.6349e-01
2.1995e+03, 1.4534e-01
2.2006e+03, 1.3008e-01
2.2018e+03, 1.1712e-01
2.2029e+03, 1.0602e-01
2.2040e+03, 9.6449e-02
2.2051e+03, 8.8132e-02
2.2062e+03, 8.0861e-02
2.2085e+03, 6.8947e-02
2.2107e+03, 5.9433e-02
2.2129e+03, 5.1771e-02
2.2152e+03, 4.5532e-02
2.2174e+03, 4.0386e-02
2.2196e+03, 3.6087e-02
2.2219e+03, 3.2461e-02
2.2263e+03, 2.6724e-02
2.2308e+03, 2.2435e-02
2.2353e+03, 1.9189e-02
2.2398e+03, 1.6593e-02
2.2442e+03, 1.4523e-02
2.2487e+03, 1.2847e-02
2.2532e+03, 1.1470e-02
2.2621e+03, 9.3651e-03
2.2711e+03, 7.8506e-03
2.2800e+03, 6.7248e-03
2.2890e+03, 5.8788e-03
2.2979e+03, 5.2058e-03
2.3068e+03, 4.6756e-03
2.3247e+03, 3.9148e-03
2.3414e+03, 3.4523e-03
2.3581e+03, 3.1496e-03
2.3748e+03, 2.9753e-03
2.3915e+03, 2.9274e-03
2.4064e+03, 3.0290e-03
2.4213e+03, 3.3230e-03
2.4288e+03, 3.6086e-03
2.4362e+03, 4.0587e-03
2.4437e+03, 4.7684e-03
2.4511e+03, 5.9881e-03
2.4556e+03, 7.1822e-03
2.4601e+03, 9.0180e-03
2.4646e+03, 1.2031e-02
2.4668e+03, 1.4348e-02
2.4690e+03, 1.7582e-02
2.4711e+03, 2.1912e-02
2.4732e+03, 2.8305e-02
2.4742e+03, 3.2757e-02
2.4753e+03, 3.8470e-02
2.4763e+03, 4.5962e-02
2.4774e+03, 5.6065e-02
2.4785e+03, 7.1384e-02
2.4791e+03, 8.1634e-02
2.4796e+03, 9.4370e-02
2.4802e+03, 1.1051e-01
2.4807e+03, 1.3146e-01
2.4813e+03, 1.5940e-01
2.4818e+03, 1.9796e-01
2.4822e+03, 2.3074e-01
2.4826e+03, 2.7299e-01
2.4829e+03, 3.2944e-01
2.4831e+03, 3.6544e-01
2.4833e+03, 4.0882e-01
2.4834e+03, 4.6227e-01
2.4836e+03, 5.2996e-01
2.4837e+03, 5.7129e-01
2.4838e+03, 6.1836e-01
2.4839e+03, 6.7364e-01
2.4840e+03, 7.3761e-01
2.4841e+03, 8.1388e-01
2.4841e+03, 9.0332e-01
2.4842e+03, 1.0112e+00
2.4843e+03, 1.1389e+00
2.4844e+03, 1.2137e+00
2.4844e+03, 1.2939e+00
2.4845e+03, 1.3818e+00
2.4845e+03, 1.4781e+00
2.4845e+03, 1.5861e+00
2.4846e+03, 1.7019e+00
2.4846e+03, 1.8287e+00
2.4847e+03, 1.9675e+00
2.4847e+03, 2.1228e+00
2.4848e+03, 2.2889e+00
2.4848e+03, 2.4744e+00
2.4849e+03, 2.6724e+00
2.4849e+03, 2.8929e+00
2.4849e+03, 3.1276e+00
2.4850e+03, 3.3822e+00
2.4850e+03, 3.6581e+00
2.4850e+03, 3.6777e+00
2.4850e+03, 3.7506e+00
2.4851e+03, 3.8180e+00
2.4851e+03, 3.9565e+00
2.4851e+03, 4.2560e+00
2.4852e+03, 4.9206e+00
2.4853e+03, 5.6988e+00
2.4854e+03, 6.5826e+00
2.4855e+03, 7.5775e+00
2.4855e+03, 8.6732e+00
2.4856e+03, 9.8974e+00
2.4857e+03, 1.1236e+01
2.4858e+03, 1.2683e+01
2.4859e+03, 1.4211e+01
2.4860e+03, 1.6224e+01
2.4861e+03, 1.8313e+01
2.4863e+03, 2.2626e+01
2.4865e+03, 2.6390e+01
2.4867e+03, 2.9597e+01
2.4868e+03, 3.1011e+01
2.4869e+03, 3.2092e+01
2.4870e+03, 3.2903e+01
2.4871e+03, 3.3177e+01
2.4871e+03, 3.3166e+01
2.4872e+03, 3.3018e+01
2.4873e+03, 3.2705e+01
2.4874e+03, 3.1599e+01
2.4876e+03, 2.9218e+01
2.4877e+03, 2.6075e+01
2.4880e+03, 2.0469e+01
2.4883e+03, 1.4877e+01
2.4884e+03, 1.2537e+01
2.4885e+03, 1.0424e+01
2.4887e+03, 8.5618e+00
2.4888e+03, 6.9718e+00
2.4889e+03, 5.6212e+00
2.4890e+03, 5.0356e+00
2.4890e+03, 4.5061e+00
2.4891e+03, 4.0292e+00
2.4892e+03, 3.6016e+00
2.4892e+03, 3.2195e+00
2.4893e+03, 2.8844e+00
2.4894e+03, 2.6047e+00
2.4894e+03, 2.3547e+00
2.4895e+03, 2.1317e+00
2.4895e+03, 1.9364e+00
2.4896e+03, 1.6026e+00
2.4898e+03, 1.3419e+00
2.4899e+03, 1.1350e+00
2.4900e+03, 9.7335e-01
2.4901e+03, 8.4517e-01
2.4902e+03, 7.4276e-01
2.4903e+03, 6.5947e-01
2.4905e+03, 5.9207e-01
2.4907e+03, 4.8908e-01
2.4909e+03, 4.1479e-01
2.4911e+03, 3.5879e-01
2.4914e+03, 3.1627e-01
2.4916e+03, 2.8176e-01
2.4920e+03, 2.2884e-01
2.4925e+03, 1.9032e-01
2.4929e+03, 1.6124e-01
2.4933e+03, 1.3865e-01
2.4938e+03, 1.2081e-01
2.4947e+03, 9.4732e-02
2.4955e+03, 7.7685e-02
2.4963e+03, 6.5450e-02
2.4972e+03, 5.6468e-02
2.4980e+03, 4.9842e-02
2.4997e+03, 4.1693e-02
2.5014e+03, 3.9100e-02
2.5027e+03, 4.1838e-02
2.5034e+03, 4.5887e-02
2.5041e+03, 5.3175e-02
2.5047e+03, 6.6854e-02
2.5051e+03, 7.9506e-02
2.5054e+03, 1.0359e-01
2.5056e+03, 1.2559e-01
2.5057e+03, 1.6078e-01
2.5059e+03, 2.1822e-01
2.5061e+03, 3.1161e-01
2.5062e+03, 3.7866e-01
2.5062e+03, 4.6366e-01
2.5063e+03, 5.7078e-01
2.5064e+03, 7.0489e-01
2.5065e+03, 8.7151e-01
2.5066e+03, 1.0769e+00
2.5067e+03, 1.3278e+00
2.5067e+03, 1.6275e+00
2.5068e+03, 1.9909e+00
2.5069e+03, 2.4224e+00
2.5070e+03, 2.9294e+00
2.5071e+03, 3.5189e+00
2.5072e+03, 4.1968e+00
2.5072e+03, 4.9675e+00
2.5073e+03, 5.8336e+00
2.5074e+03, 6.7832e+00
2.5075e+03, 7.8363e+00
2.5076e+03, 8.9762e+00
2.5078e+03, 1.1474e+01
2.5081e+03, 1.6831e+01
2.5083e+03, 1.9602e+01
2.5085e+03, 2.1793e+01
2.5086e+03, 2.2974e+01
2.5087e+03, 2.3341e+01
2.5088e+03, 2.3437e+01
2.5088e+03, 2.3443e+01
2.5089e+03, 2.3374e+01
2.5089e+03, 2.3147e+01
2.5091e+03, 2.2307e+01
2.5092e+03, 2.0587e+01
2.5094e+03, 1.8313e+01
2.5097e+03, 1.3163e+01
2.5099e+03, 1.0607e+01
2.5101e+03, 8.2822e+00
2.5101e+03, 7.2186e+00
2.5102e+03, 6.2527e+00
2.5103e+03, 5.3643e+00
2.5104e+03, 4.5763e+00
2.5105e+03, 3.8678e+00
2.5106e+03, 3.2531e+00
2.5106e+03, 2.7182e+00
2.5107e+03, 2.2575e+00
2.5108e+03, 1.7772e+00
2.5109e+03, 1.3889e+00
2.5110e+03, 1.0794e+00
2.5111e+03, 8.3592e-01
2.5112e+03, 6.4677e-01
2.5113e+03, 5.0149e-01
2.5114e+03, 3.9102e-01
2.5115e+03, 3.0775e-01
2.5116e+03, 2.4541e-01
2.5117e+03, 1.9893e-01
2.5119e+03, 1.3855e-01
2.5121e+03, 1.0456e-01
2.5123e+03, 8.4587e-02
2.5127e+03, 6.2945e-02
2.5131e+03, 5.1057e-02
2.5139e+03, 3.7139e-02
2.5148e+03, 2.8999e-02
2.5156e+03, 2.3705e-02
2.5172e+03, 1.7413e-02
2.5185e+03, 1.4311e-02
2.5199e+03, 1.2155e-02
2.5226e+03, 9.4299e-03
2.5253e+03, 7.7898e-03
2.5280e+03, 6.6955e-03
2.5334e+03, 5.3442e-03
2.5388e+03, 4.5285e-03
2.5451e+03, 3.9375e-03
2.5513e+03, 3.5644e-03
2.5638e+03, 3.1160e-03
2.5763e+03, 2.9077e-03
2.5888e+03, 2.8334e-03
2.6105e+03, 2.9205e-03
2.6322e+03, 3.2407e-03
2.6430e+03, 3.5319e-03
2.6538e+03, 3.9694e-03
2.6647e+03, 4.6546e-03
2.6755e+03, 5.7803e-03
2.6817e+03, 6.8562e-03
2.6880e+03, 8.5332e-03
2.6942e+03, 1.1365e-02
2.6974e+03, 1.3630e-02
2.7005e+03, 1.6919e-02
2.7032e+03, 2.1140e-02
2.7059e+03, 2.7563e-02
2.7073e+03, 3.2174e-02
2.7086e+03, 3.8227e-02
2.7100e+03, 4.6399e-02
2.7113e+03, 5.7795e-02
2.7126e+03, 7.2830e-02
2.7132e+03, 8.2841e-02
2.7138e+03, 9.5237e-02
2.7144e+03, 1.1084e-01
2.7151e+03, 1.3087e-01
2.7157e+03, 1.5721e-01
2.7163e+03, 1.9290e-01
2.7166e+03, 2.1578e-01
2.7169e+03, 2.4312e-01
2.7173e+03, 2.7647e-01
2.7176e+03, 3.1760e-01
2.7179e+03, 3.6979e-01
2.7180e+03, 4.0131e-01
2.7182e+03, 4.3762e-01
2.7183e+03, 4.7991e-01
2.7185e+03, 5.2983e-01
2.7187e+03, 5.8968e-01
2.7187e+03, 6.2428e-01
2.7188e+03, 6.6267e-01
2.7189e+03, 6.9122e-01
2.7190e+03, 7.5861e-01
2.7191e+03, 8.3837e-01
2.7191e+03, 8.8426e-01
2.7192e+03, 9.3362e-01
2.7193e+03, 9.8772e-01
2.7193e+03, 1.0471e+00
2.7194e+03, 1.1137e+00
2.7194e+03, 1.1858e+00
2.7195e+03, 1.2654e+00
2.7195e+03, 1.3531e+00
2.7196e+03, 1.4519e+00
2.7196e+03, 1.5591e+00
2.7197e+03, 1.6777e+00
2.7198e+03, 1.8086e+00
2.7198e+03, 1.9561e+00
2.7199e+03, 2.1161e+00
2.7199e+03, 2.2960e+00
2.7200e+03, 2.4908e+00
2.7200e+03, 2.7094e+00
2.7201e+03, 2.9454e+00
2.7201e+03, 3.2044e+00
2.7202e+03, 3.4880e+00
2.7202e+03, 3.8037e+00
2.7203e+03, 4.1421e+00
2.7204e+03, 4.5101e+00
2.7204e+03, 4.9093e+00
2.7205e+03, 5.8160e+00
2.7206e+03, 6.8555e+00
2.7207e+03, 7.6153e+00
2.7208e+03, 8.4270e+00
2.7209e+03, 1.0248e+01
2.7211e+03, 1.2303e+01
2.7212e+03, 1.4553e+01
2.7215e+03, 1.9396e+01
2.7218e+03, 2.4006e+01
2.7219e+03, 2.5943e+01
2.7221e+03, 2.7482e+01
2.7222e+03, 2.8651e+01
2.7224e+03, 2.9048e+01
2.7224e+03, 2.9033e+01
2.7225e+03, 2.8841e+01
2.7226e+03, 2.8435e+01
2.7228e+03, 2.7031e+01
2.7229e+03, 2.5521e+01
2.7230e+03, 2.3718e+01
2.7233e+03, 1.9525e+01
2.7235e+03, 1.5955e+01
2.7237e+03, 1.2587e+01
2.7238e+03, 1.1038e+01
2.7239e+03, 9.6075e+00
2.7240e+03, 8.3077e+00
2.7241e+03, 7.1535e+00
2.7242e+03, 6.2333e+00
2.7243e+03, 5.4240e+00
2.7244e+03, 4.7030e+00
2.7245e+03, 4.0796e+00
2.7246e+03, 3.5327e+00
2.7247e+03, 3.0663e+00
2.7248e+03, 2.6662e+00
2.7249e+03, 2.3246e+00
2.7250e+03, 2.0311e+00
2.7251e+03, 1.7851e+00
2.7252e+03, 1.5747e+00
2.7252e+03, 1.3988e+00
2.7253e+03, 1.2483e+00
2.7254e+03, 1.1221e+00
2.7255e+03, 1.0148e+00
2.7256e+03, 9.2309e-01
2.7258e+03, 7.7583e-01
2.7260e+03, 6.6503e-01
2.7262e+03, 5.7945e-01
2.7264e+03, 5.1160e-01
2.7265e+03, 4.5652e-01
2.7267e+03, 4.1090e-01
2.7271e+03, 3.3979e-01
2.7275e+03, 2.8668e-01
2.7278e+03, 2.4572e-01
2.7282e+03, 2.1332e-01
2.7286e+03, 1.8723e-01
2.7292e+03, 1.5239e-01
2.7299e+03, 1.2676e-01
2.7305e+03, 1.0732e-01
2.7311e+03, 9.2218e-02
2.7318e+03, 8.0254e-02
2.7324e+03, 7.0607e-02
2.7337e+03, 5.6122e-02
2.7351e+03, 4.5238e-02
2.7365e+03, 3.7475e-02
2.7378e+03, 3.1745e-02
2.7392e+03, 2.7406e-02
2.7420e+03, 2.1396e-02
2.7447e+03, 1.7492e-02
2.7479e+03, 1.4545e-02
2.7511e+03, 1.2569e-02
2.7574e+03, 1.0243e-02
2.7637e+03, 9.0433e-03
2.7700e+03, 8.4491e-03
2.7794e+03, 8.2030e-03
2.7881e+03, 8.4066e-03
2.7968e+03, 8.9027e-03
2.8055e+03, 9.6800e-03
2.8141e+03, 1.0773e-02
2.8228e+03, 1.2207e-02
2.8315e+03, 1.4130e-02
2.8402e+03, 1.6689e-02
2.8489e+03, 2.0119e-02
2.8552e+03, 2.3435e-02
2.8583e+03, 2.5432e-02
2.8615e+03, 2.7731e-02
2.8646e+03, 3.0365e-02
2.8662e+03, 3.1829e-02
2.8678e+03, 3.3416e-02
2.8694e+03, 3.5131e-02
2.8709e+03, 3.6986e-02
2.8725e+03, 3.8993e-02
2.8733e+03, 4.0060e-02
2.8741e+03, 4.1173e-02
2.8746e+03, 4.1968e-02
2.8752e+03, 4.2786e-02
2.8757e+03, 4.3631e-02
2.8760e+03, 4.4062e-02
2.8763e+03, 4.4500e-02
2.8766e+03, 4.5090e-02
2.8770e+03, 4.5690e-02
2.8773e+03, 4.6304e-02
2.8777e+03, 4.6929e-02
2.8784e+03, 4.8222e-02
2.8791e+03, 4.9567e-02
2.8798e+03, 5.0972e-02
2.8806e+03, 5.2439e-02
2.8813e+03, 5.3971e-02
2.8820e+03, 5.5571e-02
2.8825e+03, 5.6836e-02
2.8831e+03, 5.8144e-02
2.8836e+03, 5.9498e-02
2.8841e+03, 6.0901e-02
2.8847e+03, 6.2358e-02
2.8852e+03, 6.3865e-02
2.8858e+03, 6.5429e-02
2.8863e+03, 6.7052e-02
2.8869e+03, 6.8740e-02
2.8874e+03, 7.0491e-02
2.8885e+03, 7.4201e-02
2.8896e+03, 7.8220e-02
2.8907e+03, 8.2574e-02
2.8917e+03, 8.7311e-02
2.8928e+03, 9.2467e-02
2.8939e+03, 9.8102e-02
2.8950e+03, 1.0427e-01
2.8961e+03, 1.1104e-01
2.8972e+03, 1.1850e-01
2.8982e+03, 1.2673e-01
2.8993e+03, 1.3585e-01
2.9004e+03, 1.4601e-01
2.9015e+03, 1.5736e-01
2.9026e+03, 1.7007e-01
2.9037e+03, 1.8438e-01
2.9048e+03, 2.0058e-01
2.9058e+03, 2.1898e-01
2.9069e+03, 2.4003e-01
2.9080e+03, 2.6423e-01
2.9091e+03, 2.9226e-01
2.9102e+03, 3.2490e-01
2.9113e+03, 3.6328e-01
2.9123e+03, 4.0870e-01
2.9134e+03, 4.6303e-01
2.9140e+03, 4.9422e-01
2.9145e+03, 5.2857e-01
2.9151e+03, 5.6660e-01
2.9156e+03, 6.0865e-01
2.9161e+03, 6.5537e-01
2.9167e+03, 7.0745e-01
2.9175e+03, 7.9453e-01
2.9183e+03, 8.9774e-01
2.9191e+03, 1.0209e+00
2.9198e+03, 1.1684e+00
2.9206e+03, 1.3468e+00
2.9210e+03, 1.4499e+00
2.9214e+03, 1.5638e+00
2.9218e+03, 1.6901e+00
2.9222e+03, 1.8297e+00
2.9226e+03, 1.9841e+00
2.9230e+03, 2.1547e+00
2.9234e+03, 2.3369e+00
2.9238e+03, 2.5367e+00
2.9245e+03, 2.9911e+00
2.9253e+03, 3.5169e+00
2.9260e+03, 4.0935e+00
2.9268e+03, 4.6770e+00
2.9276e+03, 5.1932e+00
2.9283e+03, 5.5539e+00
2.9287e+03, 5.6508e+00
2.9291e+03, 5.6829e+00
2.9297e+03, 5.6084e+00
2.9301e+03, 5.4684e+00
2.9305e+03, 5.2664e+00
2.9313e+03, 4.7282e+00
2.9329e+03, 3.4856e+00
2.9338e+03, 2.9277e+00
2.9346e+03, 2.4530e+00
2.9354e+03, 2.0604e+00
2.9362e+03, 1.7409e+00
2.9367e+03, 1.5803e+00
2.9372e+03, 1.4388e+00
2.9377e+03, 1.3136e+00
2.9382e+03, 1.2028e+00
2.9391e+03, 1.0169e+00
2.9401e+03, 8.6923e-01
2.9411e+03, 7.5008e-01
2.9421e+03, 6.5263e-01
2.9430e+03, 5.7232e-01
2.9440e+03, 5.0557e-01
2.9448e+03, 4.6001e-01
2.9456e+03, 4.2021e-01
2.9463e+03, 3.8527e-01
2.9471e+03, 3.5447e-01
2.9487e+03, 3.0280e-01
2.9502e+03, 2.6155e-01
2.9518e+03, 2.2810e-01
2.9533e+03, 2.0068e-01
2.9549e+03, 1.7809e-01
2.9564e+03, 1.5899e-01
2.9579e+03, 1.4397e-01
2.9593e+03, 1.3096e-01
2.9607e+03, 1.1964e-01
2.9621e+03, 1.0973e-01
2.9650e+03, 9.3279e-02
2.9679e+03, 8.0278e-02
2.9707e+03, 6.9824e-02
2.9736e+03, 6.1299e-02
2.9764e+03, 5.4258e-02
2.9793e+03, 4.8412e-02
2.9844e+03, 3.9984e-02
2.9896e+03, 3.3586e-02
2.9948e+03, 2.8612e-02
3.0000e+03, 2.4689e-02
3.0041e+03, 2.2156e-02
3.0082e+03, 2.0013e-02
3.0164e+03, 1.6642e-02
3.0246e+03, 1.4082e-02
3.0328e+03, 1.2111e-02
3.0410e+03, 1.0567e-02
3.0492e+03, 9.3430e-03
3.0574e+03, 8.3637e-03
3.0656e+03, 7.5781e-03
3.0802e+03, 6.5435e-03
3.0948e+03, 5.8589e-03
3.1094e+03, 5.4561e-03
3.1240e+03, 5.3175e-03
3.1386e+03, 5.4799e-03
3.1532e+03, 6.0673e-03
3.1605e+03, 6.6013e-03
3.1678e+03, 7.3848e-03
3.1750e+03, 8.5435e-03
3.1823e+03, 1.0290e-02
3.1887e+03, 1.2615e-02
3.1951e+03, 1.6181e-02
3.1983e+03, 1.8753e-02
3.2015e+03, 2.2128e-02
3.2047e+03, 2.6669e-02
3.2079e+03, 3.2977e-02
3.2111e+03, 4.2096e-02
3.2127e+03, 4.8229e-02
3.2142e+03, 5.5828e-02
3.2158e+03, 6.5583e-02
3.2174e+03, 7.8285e-02
3.2190e+03, 9.5247e-02
3.2206e+03, 1.1857e-01
3.2218e+03, 1.4230e-01
3.2224e+03, 1.5694e-01
3.2230e+03, 1.7402e-01
3.2236e+03, 1.9416e-01
3.2239e+03, 2.0559e-01
3.2242e+03, 2.1807e-01
3.2245e+03, 2.3176e-01
3.2248e+03, 2.4679e-01
3.2251e+03, 2.6338e-01
3.2254e+03, 2.8173e-01
3.2256e+03, 2.9312e-01
3.2258e+03, 3.0788e-01
3.2260e+03, 3.2372e-01
3.2262e+03, 3.4094e-01
3.2264e+03, 3.5949e-01
3.2266e+03, 3.7974e-01
3.2268e+03, 4.0166e-01
3.2270e+03, 4.2570e-01
3.2272e+03, 4.5188e-01
3.2274e+03, 4.7972e-01
3.2276e+03, 5.1012e-01
3.2278e+03, 5.4375e-01
3.2280e+03, 5.8071e-01
3.2282e+03, 6.2188e-01
3.2284e+03, 6.6749e-01
3.2286e+03, 7.1873e-01
3.2288e+03, 7.7600e-01
3.2290e+03, 8.2632e-01
3.2291e+03, 8.8188e-01
3.2293e+03, 9.4343e-01
3.2295e+03, 1.0115e+00
3.2296e+03, 1.0879e+00
3.2298e+03, 1.1731e+00
3.2299e+03, 1.2697e+00
3.2301e+03, 1.3784e+00
3.2302e+03, 1.5028e+00
3.2304e+03, 1.6452e+00
3.2306e+03, 1.8087e+00
3.2307e+03, 1.9960e+00
3.2309e+03, 2.2141e+00
3.2310e+03, 2.4672e+00
3.2312e+03, 2.7614e+00
3.2313e+03, 3.1008e+00
3.2315e+03, 3.4968e+00
3.2317e+03, 3.9547e+00
3.2318e+03, 4.4812e+00
3.2320e+03, 5.0781e+00
3.2321e+03, 5.7571e+00
3.2323e+03, 6.5113e+00
3.2324e+03, 7.3482e+00
3.2326e+03, 8.2509e+00
3.2328e+03, 9.3082e+00
3.2329e+03, 1.0414e+01
3.2333e+03, 1.2637e+01
3.2336e+03, 1.4615e+01
3.2338e+03, 1.5398e+01
3.2340e+03, 1.5985e+01
3.2341e+03, 1.6353e+01
3.2343e+03, 1.6476e+01
3.2344e+03, 1.6419e+01
3.2346e+03, 1.6114e+01
3.2348e+03, 1.5565e+01
3.2349e+03, 1.4803e+01
3.2351e+03, 1.3869e+01
3.2355e+03, 1.1682e+01
3.2358e+03, 9.3849e+00
3.2360e+03, 8.1561e+00
3.2362e+03, 7.0260e+00
3.2364e+03, 6.0155e+00
3.2366e+03, 5.1330e+00
3.2368e+03, 4.3768e+00
3.2370e+03, 3.7385e+00
3.2372e+03, 3.2054e+00
3.2374e+03, 2.7632e+00
3.2376e+03, 2.4482e+00
3.2378e+03, 2.1817e+00
3.2379e+03, 1.9530e+00
3.2381e+03, 1.7585e+00
3.2383e+03, 1.5905e+00
3.2384e+03, 1.4462e+00
3.2386e+03, 1.3203e+00
3.2388e+03, 1.2110e+00
3.2389e+03, 1.1146e+00
3.2391e+03, 1.0300e+00
3.2394e+03, 8.8763e-01
3.2398e+03, 7.7361e-01
3.2401e+03, 6.8101e-01
3.2404e+03, 6.0425e-01
3.2408e+03, 5.4002e-01
3.2411e+03, 4.8568e-01
3.2415e+03, 4.3925e-01
3.2418e+03, 3.9924e-01
3.2421e+03, 3.6453e-01
3.2428e+03, 3.0762e-01
3.2435e+03, 2.6314e-01
3.2442e+03, 2.2777e-01
3.2448e+03, 1.9918e-01
3.2455e+03, 1.7579e-01
3.2461e+03, 1.5714e-01
3.2468e+03, 1.4137e-01
3.2481e+03, 1.1620e-01
3.2494e+03, 9.7225e-02
3.2506e+03, 8.2606e-02
3.2519e+03, 7.1094e-02
3.2532e+03, 6.1879e-02
3.2545e+03, 5.4381e-02
3.2558e+03, 4.8198e-02
3.2581e+03, 3.9477e-02
3.2604e+03, 3.3026e-02
3.2628e+03, 2.8042e-02
3.2651e+03, 2.4149e-02
3.2698e+03, 1.8542e-02
3.2744e+03, 1.4775e-02
3.2793e+03, 1.2030e-02
3.2842e+03, 1.0035e-02
3.2891e+03, 8.5432e-03
3.2940e+03, 7.4070e-03
3.3038e+03, 5.8375e-03
3.3136e+03, 4.8500e-03
3.3234e+03, 4.2641e-03
3.3332e+03, 4.0729e-03
3.3386e+03, 4.2479e-03
3.3440e+03, 4.9345e-03
3.3467e+03, 5.7322e-03
3.3494e+03, 7.2803e-03
3.3521e+03, 1.0678e-02
3.3534e+03, 1.4034e-02
3.3548e+03, 2.0430e-02
3.3557e+03, 2.9599e-02
3.3562e+03, 3.7835e-02
3.3567e+03, 5.3891e-02
3.3570e+03, 6.9774e-02
3.3572e+03, 9.7765e-02
3.3575e+03, 1.4879e-01
3.3577e+03, 2.4182e-01
3.3578e+03, 3.1339e-01
3.3580e+03, 4.0726e-01
3.3581e+03, 5.3100e-01
3.3582e+03, 6.8943e-01
3.3583e+03, 8.9281e-01
3.3584e+03, 1.1459e+00
3.3586e+03, 1.4611e+00
3.3587e+03, 1.8410e+00
3.3588e+03, 2.2987e+00
3.3589e+03, 2.8315e+00
3.3591e+03, 3.4504e+00
3.3592e+03, 4.1441e+00
3.3593e+03, 4.9187e+00
3.3594e+03, 5.7514e+00
3.3597e+03, 7.5523e+00
3.3600e+03, 1.0012e+01
3.3602e+03, 1.1068e+01
3.3603e+03, 1.1898e+01
3.3605e+03, 1.2511e+01
3.3606e+03, 1.2632e+01
3.3607e+03, 1.2667e+01
3.3608e+03, 1.2616e+01
3.3609e+03, 1.2422e+01
3.3610e+03, 1.1949e+01
3.3612e+03, 1.1259e+01
3.3614e+03, 9.6503e+00
3.3617e+03, 7.7751e+00
3.3620e+03, 5.8907e+00
3.3621e+03, 5.0093e+00
3.3622e+03, 4.2030e+00
3.3624e+03, 3.3015e+00
3.3625e+03, 2.9020e+00
3.3625e+03, 2.5417e+00
3.3626e+03, 2.2111e+00
3.3627e+03, 1.9139e+00
3.3628e+03, 1.6488e+00
3.3629e+03, 1.4169e+00
3.3629e+03, 1.2102e+00
3.3630e+03, 1.0297e+00
3.3631e+03, 8.7327e-01
3.3632e+03, 7.4002e-01
3.3633e+03, 5.2597e-01
3.3635e+03, 3.7342e-01
3.3636e+03, 2.6562e-01
3.3638e+03, 1.9171e-01
3.3640e+03, 1.4107e-01
3.3641e+03, 1.0708e-01
3.3644e+03, 6.8337e-02
3.3648e+03, 4.9671e-02
3.3654e+03, 3.3088e-02
3.3660e+03, 2.5024e-02
3.3673e+03, 1.6474e-02
3.3686e+03, 1.2115e-02
3.3699e+03, 9.4439e-03
3.3724e+03, 6.4709e-03
3.3758e+03, 4.6708e-03
3.3791e+03, 3.7643e-03
3.3858e+03, 2.8871e-03
3.3992e+03, 2.1988e-03
3.4261e+03, 1.7415e-03
3.4494e+03, 1.5846e-03
3.4727e+03, 1.5224e-03
3.4996e+03, 1.5533e-03
3.5264e+03, 1.6973e-03
3.5532e+03, 2.0659e-03
3.5666e+03, 2.3986e-03
3.5801e+03, 2.9333e-03
3.5900e+03, 3.5504e-03
3.5999e+03, 4.5052e-03
3.6098e+03, 6.0677e-03
3.6148e+03, 7.2689e-03
3.6197e+03, 8.9415e-03
3.6244e+03, 1.1198e-02
3.6290e+03, 1.4555e-02
3.6337e+03, 1.9815e-02
3.6360e+03, 2.3697e-02
3.6384e+03, 2.8910e-02
3.6409e+03, 3.6696e-02
3.6433e+03, 4.8261e-02
3.6446e+03, 5.6254e-02
3.6458e+03, 6.6423e-02
3.6471e+03, 7.9757e-02
3.6483e+03, 9.7699e-02
3.6495e+03, 1.2266e-01
3.6502e+03, 1.3897e-01
3.6508e+03, 1.5878e-01
3.6514e+03, 1.8327e-01
3.6517e+03, 1.9774e-01
3.6520e+03, 2.1401e-01
3.6523e+03, 2.3244e-01
3.6526e+03, 2.5342e-01
3.6529e+03, 2.7748e-01
3.6532e+03, 3.0519e-01
3.6534e+03, 3.2559e-01
3.6536e+03, 3.4807e-01
3.6538e+03, 3.6721e-01
3.6540e+03, 3.8805e-01
3.6541e+03, 4.1080e-01
3.6543e+03, 4.3555e-01
3.6545e+03, 4.7156e-01
3.6547e+03, 5.1229e-01
3.6548e+03, 5.3503e-01
3.6549e+03, 5.5917e-01
3.6550e+03, 5.8509e-01
3.6551e+03, 6.1300e-01
3.6552e+03, 6.4341e-01
3.6553e+03, 6.7599e-01
3.6554e+03, 7.1132e-01
3.6555e+03, 7.4973e-01
3.6556e+03, 7.9203e-01
3.6557e+03, 8.3785e-01
3.6558e+03, 8.8808e-01
3.6559e+03, 9.4332e-01
3.6560e+03, 1.0049e+00
3.6561e+03, 1.0723e+00
3.6562e+03, 1.1471e+00
3.6563e+03, 1.2303e+00
3.6564e+03, 1.3240e+00
3.6565e+03, 1.4277e+00
3.6566e+03, 1.5436e+00
3.6567e+03, 1.6734e+00
3.6568e+03, 1.8204e+00
3.6569e+03, 1.9837e+00
3.6570e+03, 2.1667e+00
3.6571e+03, 2.3715e+00
3.6572e+03, 2.6030e+00
3.6573e+03, 2.8589e+00
3.6574e+03, 3.1437e+00
3.6575e+03, 3.4596e+00
3.6576e+03, 3.8790e+00
3.6577e+03, 4.3444e+00
3.6578e+03, 4.8659e+00
3.6579e+03, 5.4358e+00
3.6581e+03, 6.0638e+00
3.6582e+03, 6.7376e+00
3.6584e+03, 8.2212e+00
3.6586e+03, 9.5933e+00
3.6588e+03, 1.1003e+01
3.6592e+03, 1.3681e+01
3.6594e+03, 1.4750e+01
3.6596e+03, 1.5573e+01
3.6598e+03, 1.6092e+01
3.6600e+03, 1.6268e+01
3.6601e+03, 1.6238e+01
3.6602e+03, 1.6035e+01
3.6604e+03, 1.5651e+01
3.6605e+03, 1.5096e+01
3.6606e+03, 1.4399e+01
3.6609e+03, 1.2670e+01
3.6612e+03, 1.0699e+01
3.6615e+03, 8.4545e+00
3.6617e+03, 7.4024e+00
3.6619e+03, 6.4352e+00
3.6620e+03, 5.5539e+00
3.6622e+03, 4.7755e+00
3.6623e+03, 4.0907e+00
3.6625e+03, 3.5041e+00
3.6627e+03, 3.0444e+00
3.6628e+03, 2.6504e+00
3.6630e+03, 2.3147e+00
3.6631e+03, 2.0300e+00
3.6632e+03, 1.7890e+00
3.6634e+03, 1.5853e+00
3.6635e+03, 1.4128e+00
3.6637e+03, 1.2665e+00
3.6638e+03, 1.1419e+00
3.6640e+03, 1.0352e+00
3.6643e+03, 8.6398e-01
3.6646e+03, 7.3400e-01
3.6649e+03, 6.3289e-01
3.6651e+03, 5.5964e-01
3.6654e+03, 4.9927e-01
3.6657e+03, 4.4844e-01
3.6659e+03, 4.0547e-01
3.6664e+03, 3.3663e-01
3.6670e+03, 2.8436e-01
3.6675e+03, 2.4361e-01
3.6680e+03, 2.1118e-01
3.6686e+03, 1.8491e-01
3.6691e+03, 1.6334e-01
3.6702e+03, 1.3033e-01
3.6712e+03, 1.0658e-01
3.6723e+03, 8.8863e-02
3.6733e+03, 7.5243e-02
3.6744e+03, 6.4563e-02
3.6754e+03, 5.6043e-02
3.6776e+03, 4.3463e-02
3.6794e+03, 3.5599e-02
3.6813e+03, 2.9750e-02
3.6851e+03, 2.1833e-02
3.6888e+03, 1.6798e-02
3.6926e+03, 1.3430e-02
3.6966e+03, 1.0954e-02
3.7006e+03, 9.2002e-03
3.7086e+03, 6.9891e-03
3.7166e+03, 5.7509e-03
3.7246e+03, 5.1042e-03
3.7321e+03, 4.8916e-03
3.7396e+03, 5.0489e-03
3.7472e+03, 5.6883e-03
3.7547e+03, 7.1451e-03
3.7584e+03, 8.4673e-03
3.7622e+03, 1.0541e-02
3.7650e+03, 1.2940e-02
3.7678e+03, 1.6737e-02
3.7707e+03, 2.3393e-02
3.7721e+03, 2.8928e-02
3.7735e+03, 3.7508e-02
3.7745e+03, 4.7762e-02
3.7756e+03, 6.4755e-02
3.7761e+03, 7.8510e-02
3.7767e+03, 1.0087e-01
3.7769e+03, 1.1935e-01
3.7772e+03, 1.4810e-01
3.7775e+03, 1.9631e-01
3.7777e+03, 2.7979e-01
3.7779e+03, 3.4718e-01
3.7780e+03, 4.3765e-01
3.7781e+03, 5.5824e-01
3.7783e+03, 7.1614e-01
3.7784e+03, 9.2340e-01
3.7786e+03, 1.1879e+00
3.7787e+03, 1.5252e+00
3.7788e+03, 1.9421e+00
3.7790e+03, 2.4558e+00
3.7791e+03, 3.0682e+00
3.7793e+03, 3.7941e+00
3.7794e+03, 4.6249e+00
3.7795e+03, 5.5685e+00
3.7797e+03, 6.6006e+00
3.7800e+03, 8.8775e+00
3.7802e+03, 1.1220e+01
3.7805e+03, 1.3301e+01
3.7807e+03, 1.4174e+01
3.7808e+03, 1.4833e+01
3.7810e+03, 1.5270e+01
3.7811e+03, 1.5381e+01
3.7812e+03, 1.5272e+01
3.7814e+03, 1.4885e+01
3.7816e+03, 1.3775e+01
3.7818e+03, 1.2800e+01
3.7819e+03, 1.1685e+01
3.7822e+03, 9.2285e+00
3.7824e+03, 7.4650e+00
3.7826e+03, 5.8335e+00
3.7827e+03, 5.0932e+00
3.7828e+03, 4.4121e+00
3.7829e+03, 3.7935e+00
3.7831e+03, 3.2389e+00
3.7832e+03, 2.7476e+00
3.7833e+03, 2.3175e+00
3.7834e+03, 1.9452e+00
3.7835e+03, 1.6264e+00
3.7836e+03, 1.3563e+00
3.7837e+03, 1.1298e+00
3.7838e+03, 9.4170e-01
3.7839e+03, 7.8689e-01
3.7841e+03, 5.9632e-01
3.7842e+03, 4.6167e-01
3.7844e+03, 3.6831e-01
3.7846e+03, 3.0496e-01
3.7848e+03, 2.6211e-01
3.7849e+03, 2.3389e-01
3.7853e+03, 2.0387e-01
3.7857e+03, 1.9251e-01
3.7862e+03, 1.9817e-01
3.7867e+03, 2.1571e-01
3.7871e+03, 2.4611e-01
3.7876e+03, 2.9494e-01
3.7878e+03, 3.2991e-01
3.7881e+03, 3.7577e-01
3.7882e+03, 4.0440e-01
3.7883e+03, 4.3758e-01
3.7884e+03, 4.7699e-01
3.7885e+03, 5.2331e-01
3.7886e+03, 5.7905e-01
3.7888e+03, 6.4533e-01
3.7889e+03, 7.2581e-01
3.7890e+03, 8.2214e-01
3.7890e+03, 8.8057e-01
3.7891e+03, 9.4510e-01
3.7892e+03, 1.0163e+00
3.7892e+03, 1.0950e+00
3.7893e+03, 1.1817e+00
3.7894e+03, 1.2773e+00
3.7894e+03, 1.3825e+00
3.7895e+03, 1.4982e+00
3.7895e+03, 1.6253e+00
3.7896e+03, 1.7646e+00
3.7897e+03, 1.9170e+00
3.7897e+03, 2.0836e+00
3.7898e+03, 2.2651e+00
3.7898e+03, 2.4626e+00
3.7899e+03, 2.6770e+00
3.7900e+03, 2.9091e+00
3.7901e+03, 3.3345e+00
3.7902e+03, 3.8140e+00
3.7903e+03, 4.3501e+00
3.7904e+03, 4.9382e+00
3.7905e+03, 5.5906e+00
3.7906e+03, 6.2932e+00
3.7907e+03, 7.0575e+00
3.7908e+03, 7.8640e+00
3.7909e+03, 8.9582e+00
3.7910e+03, 1.0096e+01
3.7913e+03, 1.2435e+01
3.7915e+03, 1.4491e+01
3.7917e+03, 1.6254e+01
3.7919e+03, 1.7131e+01
3.7920e+03, 1.7768e+01
3.7922e+03, 1.8105e+01
3.7923e+03, 1.8218e+01
3.7923e+03, 1.8210e+01
3.7924e+03, 1.8117e+01
3.7925e+03, 1.7919e+01
3.7927e+03, 1.7228e+01
3.7928e+03, 1.6476e+01
3.7930e+03, 1.5555e+01
3.7932e+03, 1.3351e+01
3.7937e+03, 9.4202e+00
3.7939e+03, 7.5768e+00
3.7941e+03, 5.9412e+00
3.7943e+03, 4.7058e+00
3.7944e+03, 4.1657e+00
3.7945e+03, 3.6766e+00
3.7946e+03, 3.2372e+00
3.7947e+03, 2.8450e+00
3.7947e+03, 2.4972e+00
3.7948e+03, 2.1908e+00
3.7949e+03, 1.9222e+00
3.7950e+03, 1.6879e+00
3.7951e+03, 1.4845e+00
3.7952e+03, 1.3086e+00
3.7953e+03, 1.1569e+00
3.7954e+03, 1.0265e+00
3.7956e+03, 8.1831e-01
3.7958e+03, 6.6503e-01
3.7960e+03, 5.5162e-01
3.7962e+03, 4.6675e-01
3.7964e+03, 4.0217e-01
3.7966e+03, 3.5200e-01
3.7967e+03, 3.1216e-01
3.7971e+03, 2.5315e-01
3.7975e+03, 2.1121e-01
3.7979e+03, 1.7981e-01
3.7986e+03, 1.3599e-01
3.7993e+03, 1.1027e-01
3.8000e+03, 9.1511e-02
3.8006e+03, 7.7316e-02
3.8013e+03, 6.6328e-02
3.8026e+03, 5.0588e-02
3.8039e+03, 4.0025e-02
3.8053e+03, 3.2061e-02
3.8067e+03, 2.6342e-02
3.8096e+03, 1.8849e-02
3.8124e+03, 1.4298e-02
3.8152e+03, 1.1282e-02
3.8209e+03, 7.6790e-03
3.8266e+03, 5.6796e-03
3.8323e+03, 4.4562e-03
3.8379e+03, 3.6376e-03
3.8509e+03, 2.5523e-03
3.8639e+03, 1.9827e-03
3.8898e+03, 1.4213e-03
3.9173e+03, 1.1571e-03
3.9449e+03, 1.0227e-03
4.0000e+03, 9.3544e-04
4.0421e+03, 9.6862e-04
4.0842e+03, 1.0878e-03
4.1263e+03, 1.3430e-03
4.1473e+03, 1.5593e-03
4.1683e+03, 1.8904e-03
4.1859e+03, 2.3136e-03
4.2034e+03, 2.9775e-03
4.2209e+03, 4.0842e-03
4.2297e+03, 4.9578e-03
4.2385e+03, 6.2092e-03
4.2461e+03, 7.8042e-03
4.2537e+03, 1.0166e-02
4.2613e+03, 1.4016e-02
4.2651e+03, 1.6912e-02
4.2689e+03, 2.0895e-02
4.2730e+03, 2.7124e-02
4.2750e+03, 3.1372e-02
4.2771e+03, 3.6824e-02
4.2791e+03, 4.3954e-02
4.2812e+03, 5.3650e-02
4.2832e+03, 6.6675e-02
4.2842e+03, 7.5093e-02
4.2852e+03, 8.5334e-02
4.2860e+03, 9.5018e-02
4.2869e+03, 1.0653e-01
4.2873e+03, 1.1312e-01
4.2877e+03, 1.2036e-01
4.2881e+03, 1.2834e-01
4.2885e+03, 1.3715e-01
4.2888e+03, 1.4509e-01
4.2891e+03, 1.5377e-01
4.2894e+03, 1.6328e-01
4.2898e+03, 1.7369e-01
4.2901e+03, 1.8519e-01
4.2904e+03, 1.9790e-01
4.2908e+03, 2.1201e-01
4.2911e+03, 2.2767e-01
4.2913e+03, 2.3816e-01
4.2915e+03, 2.4942e-01
4.2917e+03, 2.6151e-01
4.2919e+03, 2.7453e-01
4.2921e+03, 2.8858e-01
4.2923e+03, 3.0376e-01
4.2925e+03, 3.2021e-01
4.2927e+03, 3.3807e-01
4.2929e+03, 3.5751e-01
4.2931e+03, 3.7873e-01
4.2933e+03, 4.0196e-01
4.2935e+03, 4.2746e-01
4.2937e+03, 4.5555e-01
4.2939e+03, 4.8661e-01
4.2941e+03, 5.2107e-01
4.2943e+03, 5.5927e-01
4.2946e+03, 6.1489e-01
4.2948e+03, 6.7962e-01
4.2951e+03, 7.5562e-01
4.2952e+03, 7.9868e-01
4.2953e+03, 8.4530e-01
4.2955e+03, 8.9668e-01
4.2956e+03, 9.5302e-01
4.2957e+03, 1.0150e+00
4.2958e+03, 1.0832e+00
4.2960e+03, 1.1587e+00
4.2961e+03, 1.2421e+00
4.2962e+03, 1.3347e+00
4.2963e+03, 1.4367e+00
4.2965e+03, 1.6219e+00
4.2968e+03, 1.8411e+00
4.2970e+03, 2.1004e+00
4.2972e+03, 2.4065e+00
4.2974e+03, 2.7658e+00
4.2976e+03, 3.1845e+00
4.2978e+03, 3.6670e+00
4.2980e+03, 4.2127e+00
4.2982e+03, 4.8132e+00
4.2983e+03, 5.4710e+00
4.2987e+03, 6.9092e+00
4.2991e+03, 8.3873e+00
4.2995e+03, 9.6924e+00
4.2997e+03, 1.0198e+01
4.2999e+03, 1.0578e+01
4.3001e+03, 1.0815e+01
4.3003e+03, 1.0896e+01
4.3004e+03, 1.0859e+01
4.3007e+03, 1.0615e+01
4.3009e+03, 1.0161e+01
4.3011e+03, 9.5278e+00
4.3014e+03, 8.7650e+00
4.3018e+03, 7.0373e+00
4.3023e+03, 5.3400e+00
4.3026e+03, 4.4860e+00
4.3028e+03, 3.7428e+00
4.3031e+03, 3.1124e+00
4.3033e+03, 2.5901e+00
4.3036e+03, 2.1630e+00
4.3039e+03, 1.8200e+00
4.3041e+03, 1.5449e+00
4.3044e+03, 1.3240e+00
4.3046e+03, 1.1602e+00
4.3049e+03, 1.0252e+00
4.3051e+03, 9.1234e-01
4.3054e+03, 8.1789e-01
4.3056e+03, 7.3749e-01
4.3058e+03, 6.6905e-01
4.3063e+03, 5.5857e-01
4.3068e+03, 4.7417e-01
4.3073e+03, 4.0811e-01
4.3077e+03, 3.5539e-01
4.3082e+03, 3.1261e-01
4.3091e+03, 2.5357e-01
4.3100e+03, 2.1045e-01
4.3108e+03, 1.7795e-01
4.3117e+03, 1.5281e-01
4.3125e+03, 1.3299e-01
4.3134e+03, 1.1711e-01
4.3151e+03, 9.3677e-02
4.3167e+03, 7.9155e-02
4.3182e+03, 6.8616e-02
4.3197e+03, 6.0834e-02
4.3213e+03, 5.5050e-02
4.3243e+03, 4.7938e-02
4.3274e+03, 4.5381e-02
4.3306e+03, 4.7405e-02
4.3323e+03, 5.0131e-02
4.3339e+03, 5.4683e-02
4.3355e+03, 6.1645e-02
4.3372e+03, 7.2075e-02
4.3388e+03, 8.7871e-02
4.3396e+03, 9.8776e-02
4.3404e+03, 1.1257e-01
4.3417e+03, 1.4249e-01
4.3423e+03, 1.6306e-01
4.3429e+03, 1.8907e-01
4.3436e+03, 2.2282e-01
4.3439e+03, 2.4357e-01
4.3442e+03, 2.6769e-01
4.3445e+03, 2.9610e-01
4.3449e+03, 3.2970e-01
4.3450e+03, 3.4899e-01
4.3452e+03, 3.7006e-01
4.3453e+03, 3.9347e-01
4.3455e+03, 4.1925e-01
4.3456e+03, 4.4529e-01
4.3458e+03, 4.7391e-01
4.3459e+03, 5.0596e-01
4.3461e+03, 5.4178e-01
4.3462e+03, 5.8204e-01
4.3463e+03, 6.2717e-01
4.3465e+03, 6.7877e-01
4.3466e+03, 7.3727e-01
4.3467e+03, 7.6989e-01
4.3468e+03, 8.0490e-01
4.3469e+03, 8.4250e-01
4.3469e+03, 8.8237e-01
4.3470e+03, 9.2214e-01
4.3471e+03, 9.6474e-01
4.3471e+03, 1.0104e+00
4.3472e+03, 1.0594e+00
4.3473e+03, 1.1120e+00
4.3473e+03, 1.1684e+00
4.3474e+03, 1.2291e+00
4.3474e+03, 1.2943e+00
4.3476e+03, 1.4397e+00
4.3477e+03, 1.6076e+00
4.3478e+03, 1.8013e+00
4.3480e+03, 2.0225e+00
4.3481e+03, 2.2779e+00
4.3482e+03, 2.5696e+00
4.3484e+03, 2.9008e+00
4.3485e+03, 3.2715e+00
4.3486e+03, 3.6895e+00
4.3488e+03, 4.1498e+00
4.3489e+03, 4.6597e+00
4.3490e+03, 5.2102e+00
4.3492e+03, 5.8068e+00
4.3493e+03, 6.4406e+00
4.3496e+03, 7.7851e+00
4.3501e+03, 1.0491e+01
4.3503e+03, 1.1499e+01
4.3505e+03, 1.2284e+01
4.3508e+03, 1.2784e+01
4.3510e+03, 1.2955e+01
4.3511e+03, 1.2934e+01
4.3513e+03, 1.2662e+01
4.3515e+03, 1.2097e+01
4.3517e+03, 1.1283e+01
4.3520e+03, 1.0289e+01
4.3523e+03, 8.6982e+00
4.3526e+03, 7.0697e+00
4.3529e+03, 5.5591e+00
4.3530e+03, 4.8784e+00
4.3532e+03, 4.2629e+00
4.3533e+03, 3.7921e+00
4.3535e+03, 3.3667e+00
4.3536e+03, 2.9856e+00
4.3537e+03, 2.6470e+00
4.3539e+03, 2.3480e+00
4.3540e+03, 2.0855e+00
4.3541e+03, 1.8561e+00
4.3542e+03, 1.6564e+00
4.3544e+03, 1.4830e+00
4.3545e+03, 1.3326e+00
4.3546e+03, 1.2023e+00
4.3548e+03, 1.0892e+00
4.3550e+03, 9.0557e-01
4.3553e+03, 7.6550e-01
4.3555e+03, 6.6891e-01
4.3558e+03, 5.9098e-01
4.3560e+03, 5.2690e-01
4.3562e+03, 4.7350e-01
4.3567e+03, 3.8995e-01
4.3571e+03, 3.2794e-01
4.3576e+03, 2.8027e-01
4.3580e+03, 2.4282e-01
4.3585e+03, 2.1270e-01
4.3590e+03, 1.8807e-01
4.3599e+03, 1.5043e-01
4.3608e+03, 1.2341e-01
4.3617e+03, 1.0330e-01
4.3626e+03, 8.7952e-02
4.3635e+03, 7.5933e-02
4.3645e+03, 6.6327e-02
4.3663e+03, 5.2028e-02
4.3681e+03, 4.2077e-02
4.3700e+03, 3.4875e-02
4.3718e+03, 2.9479e-02
4.3736e+03, 2.5332e-02
4.3773e+03, 1.9462e-02
4.3810e+03, 1.5524e-02
4.3852e+03, 1.2436e-02
4.3893e+03, 1.0264e-02
4.3977e+03, 7.4792e-03
4.4061e+03, 5.7873e-03
4.4145e+03, 4.6826e-03
4.4323e+03, 3.3104e-03
4.4501e+03, 2.5885e-03
4.4679e+03, 2.1726e-03
4.4857e+03, 1.9429e-03
4.5109e+03, 1.8448e-03
4.5266e+03, 1.9214e-03
4.5423e+03, 2.1577e-03
4.5580e+03, 2.6827e-03
4.5737e+03, 3.9315e-03
4.5792e+03, 4.7588e-03
4.5847e+03, 6.0158e-03
4.5902e+03, 8.0418e-03
4.5957e+03, 1.1584e-02
4.5986e+03, 1.4630e-02
4.6015e+03, 1.9219e-02
4.6044e+03, 2.6598e-02
4.6058e+03, 3.2092e-02
4.6072e+03, 3.9547e-02
4.6087e+03, 5.0098e-02
4.6101e+03, 6.5775e-02
4.6108e+03, 7.6672e-02
4.6116e+03, 9.0616e-02
4.6123e+03, 1.0892e-01
4.6130e+03, 1.3369e-01
4.6138e+03, 1.7442e-01
4.6142e+03, 2.0267e-01
4.6146e+03, 2.3917e-01
4.6148e+03, 2.6179e-01
4.6150e+03, 2.8812e-01
4.6152e+03, 3.1951e-01
4.6154e+03, 3.5712e-01
4.6157e+03, 4.0336e-01
4.6158e+03, 4.3036e-01
4.6159e+03, 4.6059e-01
4.6160e+03, 4.9492e-01
4.6161e+03, 5.3329e-01
4.6162e+03, 5.7671e-01
4.6163e+03, 6.2600e-01
4.6163e+03, 6.6144e-01
4.6164e+03, 7.2566e-01
4.6165e+03, 7.9867e-01
4.6167e+03, 8.8332e-01
4.6168e+03, 9.7967e-01
4.6169e+03, 1.0914e+00
4.6170e+03, 1.2182e+00
4.6171e+03, 1.3634e+00
4.6172e+03, 1.5290e+00
4.6172e+03, 1.6435e+00
4.6173e+03, 1.7654e+00
4.6174e+03, 1.8990e+00
4.6174e+03, 2.0408e+00
4.6176e+03, 2.3595e+00
4.6177e+03, 2.7253e+00
4.6178e+03, 3.1415e+00
4.6180e+03, 3.6102e+00
4.6181e+03, 4.1325e+00
4.6182e+03, 4.7031e+00
4.6184e+03, 5.5792e+00
4.6186e+03, 6.5320e+00
4.6188e+03, 7.5442e+00
4.6189e+03, 8.5856e+00
4.6193e+03, 1.0430e+01
4.6196e+03, 1.1973e+01
4.6198e+03, 1.2651e+01
4.6200e+03, 1.3077e+01
4.6202e+03, 1.3225e+01
4.6202e+03, 1.3216e+01
4.6204e+03, 1.3082e+01
4.6205e+03, 1.2795e+01
4.6207e+03, 1.2366e+01
4.6208e+03, 1.1815e+01
4.6210e+03, 1.1018e+01
4.6212e+03, 1.0109e+01
4.6215e+03, 8.1305e+00
4.6218e+03, 6.5520e+00
4.6221e+03, 5.1117e+00
4.6222e+03, 4.4678e+00
4.6224e+03, 3.8821e+00
4.6225e+03, 3.3564e+00
4.6226e+03, 2.8937e+00
4.6228e+03, 2.5156e+00
4.6229e+03, 2.1863e+00
4.6230e+03, 1.8972e+00
4.6231e+03, 1.6493e+00
4.6233e+03, 1.4346e+00
4.6234e+03, 1.2525e+00
4.6235e+03, 1.0974e+00
4.6237e+03, 9.6561e-01
4.6239e+03, 7.5846e-01
4.6242e+03, 6.0954e-01
4.6244e+03, 5.0143e-01
4.6247e+03, 4.2180e-01
4.6249e+03, 3.6130e-01
4.6252e+03, 3.1435e-01
4.6257e+03, 2.4673e-01
4.6262e+03, 2.0027e-01
4.6267e+03, 1.6656e-01
4.6272e+03, 1.4101e-01
4.6277e+03, 1.2115e-01
4.6288e+03, 9.2526e-02
4.6297e+03, 7.4658e-02
4.6306e+03, 6.1626e-02
4.6325e+03, 4.4163e-02
4.6343e+03, 3.3297e-02
4.6362e+03, 2.6083e-02
4.6397e+03, 1.7722e-02
4.6432e+03, 1.2911e-02
4.6467e+03, 9.8990e-03
4.6502e+03, 7.8910e-03
4.6577e+03, 5.3809e-03
4.6651e+03, 4.0012e-03
4.6799e+03, 2.6319e-03
4.6917e+03, 2.0964e-03
4.7036e+03, 1.7769e-03
4.7273e+03, 1.4441e-03
4.7747e+03, 1.2489e-03
4.7866e+03, 1.2467e-03
4.8222e+03, 1.3188e-03
4.8577e+03, 1.4986e-03
4.8933e+03, 1.8759e-03
4.9111e+03, 2.2045e-03
4.9289e+03, 2.6866e-03
4.9422e+03, 3.2442e-03
4.9555e+03, 4.0895e-03
4.9689e+03, 5.4577e-03
4.9755e+03, 6.4770e-03
4.9822e+03, 7.8971e-03
4.9911e+03, 1.0815e-02
4.9956e+03, 1.3043e-02
4.9961e+03, 1.3503e-02
4.9967e+03, 1.4419e-02
4.9969e+03, 1.5315e-02
4.9972e+03, 1.6781e-02
4.9975e+03, 1.9142e-02
4.9976e+03, 2.0789e-02
4.9978e+03, 2.2810e-02
4.9979e+03, 2.5302e-02
4.9981e+03, 2.8319e-02
4.9982e+03, 3.1930e-02
4.9983e+03, 3.6200e-02
4.9985e+03, 4.1185e-02
4.9986e+03, 4.6935e-02
4.9987e+03, 5.3481e-02
4.9989e+03, 6.0840e-02
4.9990e+03, 6.9007e-02
4.9992e+03, 7.7953e-02
4.9994e+03, 9.7952e-02
5.0000e+03, 1.4341e-01
5.0000e+03, 2.7170e-01
6.0000e+03, 2.4760e-01
7.0000e+03, 2.2880e-01
8.0000e+03, 2.1350e-01
9.0000e+03, 2.0340e-01
1.0000e+04, 1.9560e-01
1.2500e+04, 1.7684e-01
1.5000e+04, 1.6285e-01
1.7000e+04, 1.5390e-01
2.0000e+04, 1.4300e-01
2.5000e+04, 1.3097e-01
3.0000e+04, 1.2190e-01
3.5000e+04, 1.1655e-01
4.0000e+04, 1.1210e-01
5.0000e+04, 1.0610e-01
6.0000e+04, 1.0150e-01
7.0000e+04, 9.7530e-02
8.0000e+04, 9.4020e-02
8.2601e+04, 8.2066e-02
8.4451e+04, 7.4693e-02
8.6300e+04, 6.8121e-02
9.0000e+04, 5.6990e-02
1.0000e+05, 4.9380e-02
1.1000e+05, 4.4657e-02
1.2000e+05, 4.0740e-02
1.2500e+05, 3.9293e-02
1.4000e+05, 3.5540e-02
1.5000e+05, 3.3692e-02
1.6000e+05, 3.2050e-02
1.8000e+05, 2.9530e-02
2.0000e+05, 2.7660e-02
2.5000e+05, 2.4820e-02
2.7326e+05, 2.3747e-02
3.0000e+05, 2.2670e-02
3.5000e+05, 2.1190e-02
4.0000e+05, 2.0270e-02
4.5000e+05, 1.9760e-02
5.0000e+05, 1.9540e-02
5.5000e+05, 1.9580e-02
5.6794e+05, 1.9643e-02
6.0000e+05, 1.9750e-02
6.5000e+05, 2.0120e-02
7.0000e+05, 2.0660e-02
7.5000e+05, 2.1390e-02
8.0000e+05, 2.2180e-02
8.5000e+05, 2.3070e-02
9.0000e+05, 2.4090e-02
9.5000e+05, 2.5340e-02
9.5947e+05, 2.5584e-02
1.0000e+06, 2.6630e-02
1.0560e+06, 2.7843e-02
1.0944e+06, 2.8669e-02
1.1385e+06, 2.9609e-02
1.2000e+06, 3.0910e-02
1.2002e+06, 3.0907e-02
1.2681e+06, 3.0126e-02
1.2908e+06, 2.9879e-02
1.3488e+06, 2.9273e-02
1.4000e+06, 2.8770e-02
1.4399e+06, 2.8747e-02
1.4500e+06, 2.8741e-02
1.6000e+06, 2.8660e-02
1.8000e+06, 2.8750e-02
2.0000e+06, 2.9010e-02
2.2000e+06, 2.8780e-02
2.4000e+06, 2.7860e-02
2.6000e+06, 2.6290e-02
2.8000e+06, 2.4160e-02
3.0000e+06, 2.1650e-02
3.2500e+06, 1.8580e-02
3.3750e+06, 1.6757e-02
3.5000e+06, 1.5170e-02
3.6250e+06, 1.3419e-02
3.7500e+06, 1.1920e-02
3.8750e+06, 1.0657e-02
4.0000e+06, 9.5610e-03
4.1250e+06, 8.4930e-03
4.2500e+06, 7.5710e-03
4.3750e+06, 6.7122e-03
4.5000e+06, 5.9710e-03
4.6250e+06, 5.1480e-03
4.7500e+06, 4.4560e-03
4.8750e+06, 3.9075e-03
5.0000e+06, 3.4380e-03
5.1250e+06, 3.0310e-03
5.2500e+06, 2.6803e-03
5.3750e+06, 2.3771e-03
5.5000e+06, 2.1140e-03
5.6250e+06, 1.8392e-03
5.7500e+06, 1.6050e-03
5.8750e+06, 1.4048e-03
6.0000e+06, 1.2330e-03
6.2500e+06, 1.0296e-03
6.5000e+06, 8.6590e-04
6.7500e+06, 7.4123e-04
7.0000e+06, 6.3810e-04
7.5000e+06, 5.5010e-04
8.0000e+06, 5.6630e-04
8.5000e+06, 5.4060e-04
8.5160e+06, 5.4227e-04
9.0000e+06, 5.9380e-04
9.5000e+06, 6.0220e-04
1.0000e+07, 6.9670e-04
1.1000e+07, 8.1110e-04
1.2000e+07, 8.5190e-04
1.2833e+07, 8.1170e-04
1.3000e+07, 8.0420e-04
1.4000e+07, 7.2540e-04
1.5000e+07, 6.3010e-04
1.5500e+07, 5.6648e-04
1.6000e+07, 5.1100e-04
1.6500e+07, 4.4736e-04
1.7000e+07, 3.9320e-04
1.7500e+07, 3.4331e-04
1.8000e+07, 3.0090e-04
1.8500e+07, 2.6559e-04
1.9000e+07, 2.3520e-04
1.9500e+07, 2.1049e-04
2.0000e+07, 1.8890e-04
