ebin, xs
1.0000e-05, 1.0214e+00
1.0625e-05, 9.9090e-01
1.1250e-05, 9.6298e-01
1.1875e-05, 9.3729e-01
1.2500e-05, 9.1356e-01
1.3750e-05, 8.7105e-01
1.5000e-05, 8.3396e-01
1.6250e-05, 8.0125e-01
1.7500e-05, 7.7210e-01
1.8750e-05, 7.4592e-01
2.0000e-05, 7.2223e-01
2.1875e-05, 6.9059e-01
2.3750e-05, 6.6277e-01
2.5625e-05, 6.3806e-01
2.7500e-05, 6.1592e-01
2.9375e-05, 5.9594e-01
3.1250e-05, 5.7779e-01
3.3125e-05, 5.6120e-01
3.5000e-05, 5.4596e-01
3.8750e-05, 5.1887e-01
4.2500e-05, 4.9545e-01
4.6250e-05, 4.7494e-01
5.0000e-05, 4.5678e-01
5.3125e-05, 4.4314e-01
5.6250e-05, 4.3066e-01
5.9375e-05, 4.1917e-01
6.2500e-05, 4.0856e-01
6.8750e-05, 3.8954e-01
7.5000e-05, 3.7296e-01
8.1250e-05, 3.5833e-01
8.7500e-05, 3.4529e-01
9.3750e-05, 3.3359e-01
1.0000e-04, 3.2299e-01
1.0625e-04, 3.1335e-01
1.1250e-04, 3.0452e-01
1.1875e-04, 2.9640e-01
1.2500e-04, 2.8889e-01
1.3750e-04, 2.7545e-01
1.5000e-04, 2.6372e-01
1.6250e-04, 2.5338e-01
1.7500e-04, 2.4416e-01
1.8750e-04, 2.3588e-01
2.0000e-04, 2.2839e-01
2.1875e-04, 2.1838e-01
2.3750e-04, 2.0959e-01
2.5625e-04, 2.0177e-01
2.7500e-04, 1.9477e-01
2.9375e-04, 1.8845e-01
3.1250e-04, 1.8271e-01
3.3125e-04, 1.7747e-01
3.5000e-04, 1.7265e-01
3.8750e-04, 1.6408e-01
4.2500e-04, 1.5668e-01
4.6250e-04, 1.5019e-01
5.0000e-04, 1.4445e-01
5.3125e-04, 1.4013e-01
5.6250e-04, 1.3619e-01
5.9375e-04, 1.3255e-01
6.2500e-04, 1.2920e-01
6.8750e-04, 1.2319e-01
7.5000e-04, 1.1794e-01
8.1250e-04, 1.1331e-01
8.7500e-04, 1.0919e-01
9.3750e-04, 1.0549e-01
1.0000e-03, 1.0214e-01
1.0625e-03, 9.9091e-02
1.1250e-03, 9.6300e-02
1.1875e-03, 9.3731e-02
1.2500e-03, 9.1358e-02
1.3750e-03, 8.7107e-02
1.5000e-03, 8.3399e-02
1.6250e-03, 8.0127e-02
1.7500e-03, 7.7213e-02
1.8750e-03, 7.4595e-02
2.0000e-03, 7.2226e-02
2.1875e-03, 6.9062e-02
2.3750e-03, 6.6280e-02
2.5625e-03, 6.3810e-02
2.7500e-03, 6.1596e-02
2.9375e-03, 5.9598e-02
3.1250e-03, 5.7783e-02
3.3125e-03, 5.6124e-02
3.5000e-03, 5.4600e-02
3.8750e-03, 5.1892e-02
4.2500e-03, 4.9550e-02
4.6250e-03, 4.7499e-02
5.0000e-03, 4.5683e-02
5.3125e-03, 4.4319e-02
5.6250e-03, 4.3071e-02
5.9375e-03, 4.1922e-02
6.2500e-03, 4.0861e-02
6.8750e-03, 3.8959e-02
7.5000e-03, 3.7301e-02
8.1250e-03, 3.5838e-02
8.7500e-03, 3.4534e-02
9.3750e-03, 3.3363e-02
1.0000e-02, 3.2304e-02
1.0625e-02, 3.1340e-02
1.1250e-02, 3.0458e-02
1.1875e-02, 2.9646e-02
1.2500e-02, 2.8896e-02
1.3750e-02, 2.7553e-02
1.5000e-02, 2.6380e-02
1.6250e-02, 2.5345e-02
1.7500e-02, 2.4423e-02
1.8750e-02, 2.3595e-02
2.0000e-02, 2.2846e-02
2.1325e-02, 2.2125e-02
2.2650e-02, 2.1469e-02
2.3975e-02, 2.0868e-02
2.5300e-02, 2.0315e-02
2.6844e-02, 1.9724e-02
2.8387e-02, 1.9182e-02
3.1475e-02, 1.8219e-02
3.4563e-02, 1.7387e-02
3.7650e-02, 1.6659e-02
4.0738e-02, 1.6016e-02
4.3825e-02, 1.5441e-02
4.6913e-02, 1.4925e-02
5.0000e-02, 1.4457e-02
5.3125e-02, 1.4026e-02
5.6250e-02, 1.3632e-02
5.9375e-02, 1.3270e-02
6.2500e-02, 1.2936e-02
6.8750e-02, 1.2336e-02
7.5000e-02, 1.1812e-02
8.1250e-02, 1.1349e-02
8.7500e-02, 1.0937e-02
9.3750e-02, 1.0567e-02
1.0000e-01, 1.0233e-02
1.0625e-01, 9.9281e-03
1.1250e-01, 9.6495e-03
1.1875e-01, 9.3938e-03
1.2500e-01, 9.1580e-03
1.3750e-01, 8.7350e-03
1.5000e-01, 8.3647e-03
1.6250e-01, 8.0380e-03
1.7500e-01, 7.7471e-03
1.8750e-01, 7.4861e-03
2.0000e-01, 7.2507e-03
2.1875e-01, 6.9360e-03
2.3750e-01, 6.6586e-03
2.5625e-01, 6.4124e-03
2.7500e-01, 6.1919e-03
2.9375e-01, 5.9930e-03
3.1250e-01, 5.8124e-03
3.3125e-01, 5.6475e-03
3.5000e-01, 5.4972e-03
3.8750e-01, 5.2291e-03
4.2500e-01, 4.9962e-03
5.0000e-01, 4.6134e-03
6.2500e-01, 4.1364e-03
7.5000e-01, 3.7846e-03
8.7500e-01, 3.5128e-03
1.0000e+00, 3.2944e-03
1.2500e+00, 2.9603e-03
1.5000e+00, 2.7151e-03
1.7500e+00, 2.5261e-03
2.0000e+00, 2.3744e-03
2.3750e+00, 2.1947e-03
2.7500e+00, 2.0545e-03
3.1250e+00, 1.9410e-03
3.5000e+00, 1.8472e-03
4.2500e+00, 1.7003e-03
5.0000e+00, 1.5902e-03
6.2500e+00, 1.4563e-03
7.5000e+00, 1.3610e-03
8.7500e+00, 1.2899e-03
1.0000e+01, 1.2350e-03
1.2500e+01, 1.1566e-03
1.5000e+01, 1.1051e-03
1.7500e+01, 1.0703e-03
2.0000e+01, 1.0470e-03
2.3750e+01, 1.0266e-03
2.7500e+01, 1.0187e-03
3.5000e+01, 1.0271e-03
4.2500e+01, 1.0578e-03
5.0000e+01, 1.1047e-03
6.2500e+01, 1.2129e-03
7.5000e+01, 1.3564e-03
8.7500e+01, 1.5381e-03
1.0000e+02, 1.7644e-03
1.1250e+02, 2.0458e-03
1.2500e+02, 2.3973e-03
1.3125e+02, 2.6058e-03
1.3750e+02, 2.8410e-03
1.4375e+02, 3.1069e-03
1.5000e+02, 3.4089e-03
1.5625e+02, 3.7533e-03
1.6250e+02, 4.1482e-03
1.6875e+02, 4.6034e-03
1.7500e+02, 5.1315e-03
1.8125e+02, 5.7482e-03
1.8750e+02, 6.4739e-03
1.9375e+02, 7.3353e-03
2.0000e+02, 8.3674e-03
2.0553e+02, 9.4681e-03
2.1105e+02, 1.0790e-02
2.1658e+02, 1.2387e-02
2.1935e+02, 1.3257e-02
2.2211e+02, 1.4268e-02
2.2764e+02, 1.6670e-02
2.3316e+02, 1.9695e-02
2.3593e+02, 2.1505e-02
2.3869e+02, 2.3559e-02
2.4146e+02, 2.5903e-02
2.4422e+02, 2.8607e-02
2.4757e+02, 3.2496e-02
2.5093e+02, 3.7213e-02
2.5429e+02, 4.3002e-02
2.5764e+02, 5.0211e-02
2.5932e+02, 5.4448e-02
2.6100e+02, 5.9335e-02
2.6268e+02, 6.4691e-02
2.6435e+02, 7.0805e-02
2.6603e+02, 7.7937e-02
2.6771e+02, 8.6177e-02
2.6939e+02, 9.5769e-02
2.7107e+02, 1.0703e-01
2.7284e+02, 1.2122e-01
2.7462e+02, 1.3841e-01
2.7640e+02, 1.5946e-01
2.7728e+02, 1.7165e-01
2.7817e+02, 1.8557e-01
2.7906e+02, 2.0089e-01
2.7995e+02, 2.1851e-01
2.8084e+02, 2.3826e-01
2.8173e+02, 2.6080e-01
2.8261e+02, 2.8611e-01
2.8350e+02, 3.1591e-01
2.8439e+02, 3.5062e-01
2.8528e+02, 3.9131e-01
2.8622e+02, 4.4238e-01
2.8715e+02, 5.0405e-01
2.8809e+02, 5.7946e-01
2.8903e+02, 6.7301e-01
2.8997e+02, 7.9103e-01
2.9044e+02, 8.6198e-01
2.9090e+02, 9.4277e-01
2.9137e+02, 1.0348e+00
2.9184e+02, 1.1403e+00
2.9231e+02, 1.2637e+00
2.9278e+02, 1.4089e+00
2.9327e+02, 1.5905e+00
2.9377e+02, 1.8095e+00
2.9426e+02, 2.0771e+00
2.9475e+02, 2.4086e+00
2.9525e+02, 2.8265e+00
2.9549e+02, 3.0774e+00
2.9574e+02, 3.3628e+00
2.9599e+02, 3.6893e+00
2.9623e+02, 4.0650e+00
2.9648e+02, 4.5015e+00
2.9673e+02, 5.0134e+00
2.9700e+02, 5.6869e+00
2.9727e+02, 6.5076e+00
2.9754e+02, 7.5221e+00
2.9781e+02, 8.7971e+00
2.9795e+02, 9.5620e+00
2.9809e+02, 1.0432e+01
2.9822e+02, 1.1428e+01
2.9836e+02, 1.2576e+01
2.9849e+02, 1.3909e+01
2.9863e+02, 1.5472e+01
2.9876e+02, 1.7321e+01
2.9890e+02, 1.9537e+01
2.9904e+02, 2.2231e+01
2.9917e+02, 2.5555e+01
2.9931e+02, 2.9745e+01
2.9937e+02, 3.2271e+01
2.9944e+02, 3.5158e+01
2.9951e+02, 3.8496e+01
2.9958e+02, 4.2376e+01
2.9965e+02, 4.6946e+01
2.9971e+02, 5.2367e+01
2.9978e+02, 5.8881e+01
2.9985e+02, 6.6761e+01
2.9992e+02, 7.6403e+01
2.9999e+02, 8.8243e+01
3.0006e+02, 1.0438e+02
3.0010e+02, 1.1395e+02
3.0013e+02, 1.2469e+02
3.0017e+02, 1.3673e+02
3.0021e+02, 1.5020e+02
3.0024e+02, 1.6525e+02
3.0028e+02, 1.8201e+02
3.0036e+02, 2.2125e+02
3.0043e+02, 2.6879e+02
3.0050e+02, 3.2530e+02
3.0058e+02, 3.9091e+02
3.0067e+02, 4.8480e+02
3.0076e+02, 5.8858e+02
3.0095e+02, 8.0154e+02
3.0103e+02, 8.8118e+02
3.0111e+02, 9.4588e+02
3.0118e+02, 9.9074e+02
3.0126e+02, 1.0120e+03
3.0129e+02, 1.0135e+03
3.0137e+02, 1.0004e+03
3.0145e+02, 9.6288e+02
3.0153e+02, 9.0394e+02
3.0161e+02, 8.2836e+02
3.0180e+02, 6.0803e+02
3.0190e+02, 4.9837e+02
3.0199e+02, 3.9895e+02
3.0208e+02, 3.2354e+02
3.0212e+02, 2.9028e+02
3.0216e+02, 2.6000e+02
3.0221e+02, 2.3265e+02
3.0225e+02, 2.0808e+02
3.0229e+02, 1.8616e+02
3.0233e+02, 1.6669e+02
3.0238e+02, 1.4947e+02
3.0242e+02, 1.3430e+02
3.0246e+02, 1.2096e+02
3.0250e+02, 1.0926e+02
3.0254e+02, 9.9008e+01
3.0259e+02, 9.0023e+01
3.0263e+02, 8.2146e+01
3.0267e+02, 7.5231e+01
3.0274e+02, 6.5250e+01
3.0282e+02, 5.7179e+01
3.0289e+02, 5.0586e+01
3.0296e+02, 4.5140e+01
3.0304e+02, 4.0590e+01
3.0311e+02, 3.6744e+01
3.0318e+02, 3.3459e+01
3.0325e+02, 3.0626e+01
3.0333e+02, 2.8160e+01
3.0340e+02, 2.5998e+01
3.0354e+02, 2.2392e+01
3.0369e+02, 1.9516e+01
3.0384e+02, 1.7180e+01
3.0397e+02, 1.5396e+01
3.0410e+02, 1.3883e+01
3.0424e+02, 1.2586e+01
3.0437e+02, 1.1467e+01
3.0450e+02, 1.0491e+01
3.0463e+02, 9.6380e+00
3.0490e+02, 8.2193e+00
3.0517e+02, 7.0953e+00
3.0543e+02, 6.1900e+00
3.0570e+02, 5.4498e+00
3.0597e+02, 4.8369e+00
3.0622e+02, 4.3450e+00
3.0648e+02, 3.9252e+00
3.0673e+02, 3.5633e+00
3.0699e+02, 3.2490e+00
3.0724e+02, 2.9744e+00
3.0749e+02, 2.7334e+00
3.0800e+02, 2.3320e+00
3.0851e+02, 2.0134e+00
3.0902e+02, 1.7563e+00
3.0953e+02, 1.5458e+00
3.1004e+02, 1.3712e+00
3.1052e+02, 1.2316e+00
3.1101e+02, 1.1133e+00
3.1149e+02, 1.0109e+00
3.1198e+02, 9.2151e-01
3.1246e+02, 8.4349e-01
3.1295e+02, 7.7505e-01
3.1391e+02, 6.6113e-01
3.1488e+02, 5.7075e-01
3.1585e+02, 4.9784e-01
3.1682e+02, 4.3815e-01
3.1779e+02, 3.8867e-01
3.1871e+02, 3.4909e-01
3.1963e+02, 3.1536e-01
3.2055e+02, 2.8687e-01
3.2147e+02, 2.6160e-01
3.2240e+02, 2.3968e-01
3.2332e+02, 2.2016e-01
3.2516e+02, 1.8802e-01
3.2700e+02, 1.6251e-01
3.2884e+02, 1.4187e-01
3.3068e+02, 1.2496e-01
3.3252e+02, 1.1094e-01
3.3407e+02, 1.0093e-01
3.3562e+02, 9.2234e-02
3.3718e+02, 8.4632e-02
3.3873e+02, 7.7985e-02
3.4183e+02, 6.6854e-02
3.4493e+02, 5.7954e-02
3.4803e+02, 5.0751e-02
3.5113e+02, 4.4838e-02
3.5423e+02, 3.9923e-02
3.5733e+02, 3.5792e-02
3.6044e+02, 3.2286e-02
3.6354e+02, 2.9284e-02
3.6664e+02, 2.6693e-02
3.6974e+02, 2.4441e-02
3.7284e+02, 2.2471e-02
3.7594e+02, 2.0742e-02
3.8215e+02, 1.7847e-02
3.8835e+02, 1.5533e-02
3.9455e+02, 1.3657e-02
4.0075e+02, 1.2113e-02
4.0696e+02, 1.0828e-02
4.1277e+02, 9.8088e-03
4.1859e+02, 8.9350e-03
4.2440e+02, 8.1783e-03
4.3022e+02, 7.5182e-03
4.3603e+02, 6.9386e-03
4.4185e+02, 6.4462e-03
4.5348e+02, 5.5789e-03
4.6511e+02, 4.8849e-03
4.7674e+02, 4.3203e-03
4.8837e+02, 3.8544e-03
5.0000e+02, 3.4660e-03
5.1155e+02, 3.1406e-03
5.2309e+02, 2.8625e-03
5.3463e+02, 2.6228e-03
5.4618e+02, 2.4147e-03
5.6927e+02, 2.0722e-03
5.9236e+02, 1.8037e-03
6.1834e+02, 1.5669e-03
6.4431e+02, 1.3784e-03
6.7029e+02, 1.2257e-03
6.9626e+02, 1.1005e-03
7.2224e+02, 9.9704e-04
7.4822e+02, 9.1189e-04
7.7419e+02, 8.4387e-04
8.0017e+02, 7.9756e-04
8.1640e+02, 7.9771e-04
8.3264e+02, 8.3802e-04
8.4076e+02, 9.4288e-04
8.4888e+02, 1.1551e-03
8.5293e+02, 1.3948e-03
8.5699e+02, 1.9696e-03
8.5902e+02, 2.5810e-03
8.6105e+02, 3.5642e-03
8.6207e+02, 4.4421e-03
8.6308e+02, 5.7919e-03
8.6410e+02, 7.9708e-03
8.6511e+02, 1.2080e-02
8.6553e+02, 1.4888e-02
8.6594e+02, 1.8967e-02
8.6636e+02, 2.5499e-02
8.6657e+02, 3.0669e-02
8.6678e+02, 3.8594e-02
8.6699e+02, 5.2187e-02
8.6709e+02, 6.2869e-02
8.6720e+02, 7.7736e-02
8.6730e+02, 9.8595e-02
8.6740e+02, 1.2789e-01
8.6751e+02, 1.6885e-01
8.6761e+02, 2.2549e-01
8.6772e+02, 3.0292e-01
8.6782e+02, 4.0690e-01
8.6787e+02, 4.7092e-01
8.6793e+02, 5.4389e-01
8.6798e+02, 6.2692e-01
8.6803e+02, 7.2052e-01
8.6808e+02, 8.2580e-01
8.6813e+02, 9.4305e-01
8.6819e+02, 1.0733e+00
8.6824e+02, 1.2165e+00
8.6834e+02, 1.5439e+00
8.6845e+02, 1.9244e+00
8.6853e+02, 2.2581e+00
8.6861e+02, 2.6176e+00
8.6877e+02, 3.3902e+00
8.6894e+02, 4.1732e+00
8.6910e+02, 4.8768e+00
8.6920e+02, 5.2315e+00
8.6930e+02, 5.4982e+00
8.6943e+02, 5.6824e+00
8.6950e+02, 5.7112e+00
8.6959e+02, 5.6620e+00
8.6966e+02, 5.5585e+00
8.6967e+02, 5.5438e+00
8.6970e+02, 5.4952e+00
8.6972e+02, 5.4408e+00
8.6978e+02, 5.2692e+00
8.6985e+02, 5.0621e+00
8.6997e+02, 4.5611e+00
8.7034e+02, 2.8363e+00
8.7043e+02, 2.4209e+00
8.7052e+02, 2.0356e+00
8.7062e+02, 1.6865e+00
8.7071e+02, 1.3782e+00
8.7077e+02, 1.1936e+00
8.7083e+02, 1.0281e+00
8.7089e+02, 8.8083e-01
8.7095e+02, 7.5101e-01
8.7102e+02, 6.3754e-01
8.7108e+02, 5.3917e-01
8.7114e+02, 4.5458e-01
8.7120e+02, 3.8237e-01
8.7126e+02, 3.2119e-01
8.7132e+02, 2.6968e-01
8.7139e+02, 2.2660e-01
8.7145e+02, 1.9077e-01
8.7157e+02, 1.3667e-01
8.7169e+02, 1.0016e-01
8.7182e+02, 7.5713e-02
8.7194e+02, 5.9310e-02
8.7219e+02, 4.0404e-02
8.7243e+02, 3.0634e-02
8.7268e+02, 2.4749e-02
8.7318e+02, 1.7720e-02
8.7367e+02, 1.3543e-02
8.7466e+02, 8.8241e-03
8.7560e+02, 6.3689e-03
8.7653e+02, 4.8743e-03
8.7841e+02, 3.2651e-03
8.8029e+02, 2.4002e-03
8.8217e+02, 1.9094e-03
8.8593e+02, 1.3700e-03
8.8969e+02, 1.1000e-03
8.9720e+02, 8.6106e-04
9.0472e+02, 7.4381e-04
9.1975e+02, 6.3107e-04
9.3478e+02, 5.7799e-04
9.6739e+02, 5.1357e-04
1.0000e+03, 4.7129e-04
1.0625e+03, 4.1222e-04
1.1250e+03, 3.6783e-04
1.2500e+03, 3.0369e-04
1.3750e+03, 2.5975e-04
1.5000e+03, 2.2838e-04
1.7500e+03, 1.8870e-04
2.0000e+03, 1.6810e-04
2.2273e+03, 1.6069e-04
2.4688e+03, 1.6347e-04
2.7104e+03, 1.7919e-04
2.9519e+03, 2.1482e-04
3.0726e+03, 2.4623e-04
3.1934e+03, 2.9380e-04
3.3213e+03, 3.7763e-04
3.3852e+03, 4.4037e-04
3.4491e+03, 5.3013e-04
3.5024e+03, 6.3942e-04
3.5557e+03, 8.0418e-04
3.6090e+03, 1.0723e-03
3.6356e+03, 1.2839e-03
3.6622e+03, 1.5927e-03
3.6827e+03, 1.9424e-03
3.7031e+03, 2.4711e-03
3.7235e+03, 3.3383e-03
3.7337e+03, 4.0001e-03
3.7439e+03, 4.9273e-03
3.7533e+03, 6.1632e-03
3.7626e+03, 8.0276e-03
3.7719e+03, 1.1047e-02
3.7766e+03, 1.3323e-02
3.7812e+03, 1.6408e-02
3.7859e+03, 2.0858e-02
3.7882e+03, 2.3840e-02
3.7906e+03, 2.7548e-02
3.7929e+03, 3.2237e-02
3.7952e+03, 3.8289e-02
3.7975e+03, 4.6271e-02
3.7999e+03, 5.7055e-02
3.8011e+03, 6.4348e-02
3.8023e+03, 7.3192e-02
3.8035e+03, 8.4043e-02
3.8048e+03, 9.7551e-02
3.8060e+03, 1.1466e-01
3.8072e+03, 1.3677e-01
3.8078e+03, 1.5034e-01
3.8084e+03, 1.6601e-01
3.8090e+03, 1.8428e-01
3.8096e+03, 2.0578e-01
3.8103e+03, 2.3139e-01
3.8109e+03, 2.6212e-01
3.8115e+03, 2.9958e-01
3.8121e+03, 3.4570e-01
3.8127e+03, 4.0357e-01
3.8133e+03, 4.7714e-01
3.8136e+03, 5.2181e-01
3.8139e+03, 5.7274e-01
3.8142e+03, 6.3129e-01
3.8145e+03, 6.9888e-01
3.8149e+03, 8.0905e-01
3.8154e+03, 9.4418e-01
3.8158e+03, 1.1106e+00
3.8162e+03, 1.3150e+00
3.8166e+03, 1.5643e+00
3.8170e+03, 1.8619e+00
3.8174e+03, 2.2092e+00
3.8179e+03, 2.6005e+00
3.8192e+03, 3.9207e+00
3.8195e+03, 4.1879e+00
3.8198e+03, 4.3933e+00
3.8202e+03, 4.5233e+00
3.8205e+03, 4.5674e+00
3.8209e+03, 4.5021e+00
3.8213e+03, 4.3153e+00
3.8217e+03, 4.0263e+00
3.8221e+03, 3.6654e+00
3.8229e+03, 2.8535e+00
3.8233e+03, 2.4581e+00
3.8237e+03, 2.0969e+00
3.8241e+03, 1.7649e+00
3.8245e+03, 1.4833e+00
3.8249e+03, 1.2493e+00
3.8253e+03, 1.0574e+00
3.8258e+03, 9.0140e-01
3.8262e+03, 7.7465e-01
3.8266e+03, 6.7141e-01
3.8270e+03, 5.8681e-01
3.8274e+03, 5.1972e-01
3.8278e+03, 4.6354e-01
3.8282e+03, 4.1596e-01
3.8286e+03, 3.7535e-01
3.8290e+03, 3.4043e-01
3.8294e+03, 3.1018e-01
3.8298e+03, 2.8380e-01
3.8302e+03, 2.6068e-01
3.8310e+03, 2.2217e-01
3.8318e+03, 1.9172e-01
3.8326e+03, 1.6719e-01
3.8333e+03, 1.4716e-01
3.8341e+03, 1.3130e-01
3.8349e+03, 1.1793e-01
3.8356e+03, 1.0653e-01
3.8364e+03, 9.6730e-02
3.8379e+03, 8.0814e-02
3.8394e+03, 6.8578e-02
3.8409e+03, 5.8983e-02
3.8424e+03, 5.1320e-02
3.8439e+03, 4.5104e-02
3.8454e+03, 3.9992e-02
3.8483e+03, 3.2508e-02
3.8512e+03, 2.7065e-02
3.8540e+03, 2.2930e-02
3.8569e+03, 1.9743e-02
3.8626e+03, 1.5238e-02
3.8684e+03, 1.2285e-02
3.8747e+03, 1.0084e-02
3.8810e+03, 8.5796e-03
3.8937e+03, 6.7281e-03
3.9064e+03, 5.7556e-03
3.9191e+03, 5.2711e-03
3.9287e+03, 5.1085e-03
3.9384e+03, 5.0839e-03
3.9613e+03, 5.4880e-03
3.9728e+03, 5.9230e-03
3.9843e+03, 6.5335e-03
3.9957e+03, 7.3620e-03
4.0072e+03, 8.4854e-03
4.0187e+03, 9.9825e-03
4.0301e+03, 1.2049e-02
4.0365e+03, 1.3531e-02
4.0428e+03, 1.5336e-02
4.0492e+03, 1.7559e-02
4.0555e+03, 2.0351e-02
4.0618e+03, 2.3906e-02
4.0682e+03, 2.8512e-02
4.0745e+03, 3.4663e-02
4.0777e+03, 3.8493e-02
4.0808e+03, 4.2972e-02
4.0842e+03, 4.8661e-02
4.0875e+03, 5.5578e-02
4.0908e+03, 6.4100e-02
4.0941e+03, 7.4764e-02
4.0974e+03, 8.8348e-02
4.1008e+03, 1.0602e-01
4.1024e+03, 1.1693e-01
4.1041e+03, 1.2960e-01
4.1057e+03, 1.4441e-01
4.1074e+03, 1.6178e-01
4.1091e+03, 1.8251e-01
4.1107e+03, 2.0765e-01
4.1124e+03, 2.3841e-01
4.1140e+03, 2.7651e-01
4.1157e+03, 3.2447e-01
4.1165e+03, 3.5324e-01
4.1174e+03, 3.8597e-01
4.1182e+03, 4.2343e-01
4.1190e+03, 4.6652e-01
4.1199e+03, 5.1638e-01
4.1207e+03, 5.7445e-01
4.1216e+03, 6.4943e-01
4.1225e+03, 7.3967e-01
4.1234e+03, 8.4986e-01
4.1243e+03, 9.8581e-01
4.1252e+03, 1.1560e+00
4.1257e+03, 1.2573e+00
4.1261e+03, 1.3714e+00
4.1266e+03, 1.5010e+00
4.1270e+03, 1.6483e+00
4.1275e+03, 1.8163e+00
4.1279e+03, 2.0076e+00
4.1283e+03, 2.2013e+00
4.1287e+03, 2.4191e+00
4.1291e+03, 2.6644e+00
4.1295e+03, 2.9401e+00
4.1299e+03, 3.2486e+00
4.1303e+03, 3.5920e+00
4.1311e+03, 4.3839e+00
4.1320e+03, 5.2975e+00
4.1328e+03, 6.2629e+00
4.1336e+03, 7.1581e+00
4.1340e+03, 7.5298e+00
4.1344e+03, 7.8239e+00
4.1348e+03, 8.0464e+00
4.1353e+03, 8.1214e+00
4.1360e+03, 7.9593e+00
4.1367e+03, 7.5059e+00
4.1373e+03, 6.8362e+00
4.1380e+03, 6.0473e+00
4.1394e+03, 4.4597e+00
4.1401e+03, 3.7717e+00
4.1407e+03, 3.1835e+00
4.1412e+03, 2.8686e+00
4.1416e+03, 2.5899e+00
4.1420e+03, 2.3429e+00
4.1424e+03, 2.1255e+00
4.1428e+03, 1.9333e+00
4.1433e+03, 1.7641e+00
4.1437e+03, 1.6140e+00
4.1441e+03, 1.4814e+00
4.1449e+03, 1.2580e+00
4.1458e+03, 1.0795e+00
4.1466e+03, 9.3517e-01
4.1475e+03, 8.1732e-01
4.1481e+03, 7.4253e-01
4.1487e+03, 6.7737e-01
4.1494e+03, 6.2029e-01
4.1500e+03, 5.7011e-01
4.1512e+03, 4.8619e-01
4.1525e+03, 4.1938e-01
4.1538e+03, 3.6539e-01
4.1550e+03, 3.2124e-01
4.1563e+03, 2.8469e-01
4.1575e+03, 2.5400e-01
4.1587e+03, 2.2993e-01
4.1599e+03, 2.0909e-01
4.1610e+03, 1.9095e-01
4.1622e+03, 1.7506e-01
4.1645e+03, 1.4872e-01
4.1668e+03, 1.2790e-01
4.1691e+03, 1.1118e-01
4.1714e+03, 9.7540e-02
4.1737e+03, 8.6279e-02
4.1760e+03, 7.6935e-02
4.1784e+03, 6.9052e-02
4.1807e+03, 6.2261e-02
4.1853e+03, 5.1377e-02
4.1899e+03, 4.3132e-02
4.1945e+03, 3.6740e-02
4.1992e+03, 3.1680e-02
4.2038e+03, 2.7609e-02
4.2084e+03, 2.4284e-02
4.2130e+03, 2.1533e-02
4.2214e+03, 1.7651e-02
4.2299e+03, 1.4730e-02
4.2383e+03, 1.2478e-02
4.2467e+03, 1.0716e-02
4.2551e+03, 9.3194e-03
4.2635e+03, 8.1876e-03
4.2803e+03, 6.4771e-03
4.2963e+03, 5.3267e-03
4.3123e+03, 4.4765e-03
4.3282e+03, 3.8211e-03
4.3442e+03, 3.3156e-03
4.3761e+03, 2.5858e-03
4.4081e+03, 2.0962e-03
4.4417e+03, 1.7474e-03
4.4754e+03, 1.4970e-03
4.5426e+03, 1.1772e-03
4.6099e+03, 1.0072e-03
4.6771e+03, 9.1928e-04
4.7310e+03, 8.9290e-04
4.7982e+03, 9.0716e-04
4.8655e+03, 9.7026e-04
4.9327e+03, 1.0885e-03
5.0000e+03, 1.2940e-03
5.0541e+03, 1.5579e-03
5.1082e+03, 1.9679e-03
5.1353e+03, 2.2594e-03
5.1623e+03, 2.6389e-03
5.1894e+03, 3.1452e-03
5.2164e+03, 3.8400e-03
5.2384e+03, 4.6210e-03
5.2604e+03, 5.6849e-03
5.2714e+03, 6.3591e-03
5.2823e+03, 7.1851e-03
5.2878e+03, 7.6649e-03
5.2933e+03, 8.1894e-03
5.2961e+03, 8.4763e-03
5.2988e+03, 8.7793e-03
5.3016e+03, 9.0995e-03
5.3043e+03, 9.4382e-03
5.3073e+03, 9.8257e-03
5.3102e+03, 1.0238e-02
5.3132e+03, 1.0676e-02
5.3147e+03, 1.0908e-02
5.3162e+03, 1.1146e-02
5.3173e+03, 1.1340e-02
5.3185e+03, 1.1539e-02
5.3208e+03, 1.1953e-02
5.3231e+03, 1.2390e-02
5.3255e+03, 1.2853e-02
5.3278e+03, 1.3343e-02
5.3301e+03, 1.3861e-02
5.3324e+03, 1.4412e-02
5.3348e+03, 1.4997e-02
5.3371e+03, 1.5620e-02
5.3394e+03, 1.6283e-02
5.3417e+03, 1.6990e-02
5.3441e+03, 1.7745e-02
5.3464e+03, 1.8553e-02
5.3487e+03, 1.9418e-02
5.3510e+03, 2.0346e-02
5.3534e+03, 2.1343e-02
5.3557e+03, 2.2417e-02
5.3580e+03, 2.3575e-02
5.3603e+03, 2.4826e-02
5.3627e+03, 2.6181e-02
5.3650e+03, 2.7651e-02
5.3673e+03, 2.9250e-02
5.3696e+03, 3.0992e-02
5.3720e+03, 3.2896e-02
5.3743e+03, 3.4981e-02
5.3766e+03, 3.7273e-02
5.3789e+03, 3.9798e-02
5.3813e+03, 4.2587e-02
5.3836e+03, 4.5681e-02
5.3859e+03, 4.9124e-02
5.3882e+03, 5.2969e-02
5.3906e+03, 5.7279e-02
5.3929e+03, 6.2134e-02
5.3952e+03, 6.7625e-02
5.3975e+03, 7.3868e-02
5.3999e+03, 8.0996e-02
5.4022e+03, 8.9190e-02
5.4045e+03, 9.8655e-02
5.4068e+03, 1.0967e-01
5.4092e+03, 1.2256e-01
5.4115e+03, 1.3777e-01
5.4138e+03, 1.5585e-01
5.4161e+03, 1.7750e-01
5.4173e+03, 1.8994e-01
5.4184e+03, 2.0364e-01
5.4196e+03, 2.1877e-01
5.4208e+03, 2.3548e-01
5.4219e+03, 2.5401e-01
5.4231e+03, 2.7454e-01
5.4243e+03, 2.9737e-01
5.4254e+03, 3.2274e-01
5.4266e+03, 3.5098e-01
5.4277e+03, 3.8240e-01
5.4289e+03, 4.1571e-01
5.4300e+03, 4.5247e-01
5.4311e+03, 4.9300e-01
5.4322e+03, 5.3742e-01
5.4333e+03, 5.8588e-01
5.4344e+03, 6.3821e-01
5.4366e+03, 7.5285e-01
5.4388e+03, 8.7319e-01
5.4411e+03, 9.8393e-01
5.4422e+03, 1.0292e+00
5.4433e+03, 1.0639e+00
5.4444e+03, 1.0857e+00
5.4455e+03, 1.0929e+00
5.4471e+03, 1.0772e+00
5.4484e+03, 1.0422e+00
5.4497e+03, 9.9109e-01
5.4524e+03, 8.5914e-01
5.4550e+03, 7.1624e-01
5.4576e+03, 5.8578e-01
5.4590e+03, 5.2857e-01
5.4603e+03, 4.7699e-01
5.4616e+03, 4.3084e-01
5.4629e+03, 3.8980e-01
5.4643e+03, 3.5339e-01
5.4656e+03, 3.2117e-01
5.4669e+03, 2.9262e-01
5.4682e+03, 2.6734e-01
5.4696e+03, 2.4394e-01
5.4710e+03, 2.2324e-01
5.4737e+03, 1.8857e-01
5.4765e+03, 1.6098e-01
5.4793e+03, 1.3880e-01
5.4820e+03, 1.2075e-01
5.4848e+03, 1.0591e-01
5.4875e+03, 9.3585e-02
5.4903e+03, 8.3333e-02
5.4931e+03, 7.4671e-02
5.4958e+03, 6.7198e-02
5.5013e+03, 5.5231e-02
5.5068e+03, 4.6187e-02
5.5124e+03, 3.9201e-02
5.5179e+03, 3.3695e-02
5.5234e+03, 2.9285e-02
5.5289e+03, 2.5701e-02
5.5344e+03, 2.2750e-02
5.5450e+03, 1.8442e-02
5.5555e+03, 1.5255e-02
5.5661e+03, 1.2886e-02
5.5766e+03, 1.1056e-02
5.5871e+03, 9.6264e-03
5.5977e+03, 8.5015e-03
5.6187e+03, 6.8574e-03
5.6328e+03, 6.0865e-03
5.6468e+03, 5.5074e-03
5.6749e+03, 4.7148e-03
5.7030e+03, 4.2968e-03
5.7311e+03, 4.1770e-03
5.7612e+03, 4.3772e-03
5.7913e+03, 4.9975e-03
5.8064e+03, 5.5144e-03
5.8214e+03, 6.2562e-03
5.8365e+03, 7.3023e-03
5.8515e+03, 8.8035e-03
5.8596e+03, 9.8748e-03
5.8736e+03, 1.2439e-02
5.8877e+03, 1.6338e-02
5.8947e+03, 1.9134e-02
5.9017e+03, 2.2787e-02
5.9087e+03, 2.7678e-02
5.9158e+03, 3.4431e-02
5.9193e+03, 3.8817e-02
5.9228e+03, 4.4125e-02
5.9263e+03, 5.0608e-02
5.9298e+03, 5.8578e-02
5.9333e+03, 6.8760e-02
5.9368e+03, 8.1916e-02
5.9403e+03, 9.9305e-02
5.9421e+03, 1.1018e-01
5.9439e+03, 1.2295e-01
5.9456e+03, 1.3811e-01
5.9474e+03, 1.5624e-01
5.9491e+03, 1.7812e-01
5.9509e+03, 2.0493e-01
5.9526e+03, 2.3843e-01
5.9544e+03, 2.8102e-01
5.9553e+03, 3.0676e-01
5.9561e+03, 3.3621e-01
5.9570e+03, 3.7013e-01
5.9579e+03, 4.0946e-01
5.9590e+03, 4.6633e-01
5.9600e+03, 5.3584e-01
5.9611e+03, 6.2206e-01
5.9622e+03, 7.3070e-01
5.9627e+03, 7.9604e-01
5.9632e+03, 8.7034e-01
5.9638e+03, 9.5546e-01
5.9643e+03, 1.0536e+00
5.9648e+03, 1.1675e+00
5.9654e+03, 1.3007e+00
5.9659e+03, 1.4574e+00
5.9664e+03, 1.6431e+00
5.9671e+03, 1.9379e+00
5.9675e+03, 2.1136e+00
5.9678e+03, 2.3117e+00
5.9682e+03, 2.5353e+00
5.9685e+03, 2.7878e+00
5.9688e+03, 3.0726e+00
5.9692e+03, 3.3921e+00
5.9695e+03, 3.7512e+00
5.9699e+03, 4.1517e+00
5.9706e+03, 5.0813e+00
5.9713e+03, 6.1719e+00
5.9719e+03, 7.3734e+00
5.9727e+03, 8.6737e+00
5.9734e+03, 9.8145e+00
5.9738e+03, 1.0265e+01
5.9742e+03, 1.0604e+01
5.9745e+03, 1.0815e+01
5.9749e+03, 1.0885e+01
5.9755e+03, 1.0722e+01
5.9760e+03, 1.0258e+01
5.9766e+03, 9.5445e+00
5.9771e+03, 8.6612e+00
5.9782e+03, 6.7079e+00
5.9788e+03, 5.7742e+00
5.9793e+03, 4.9299e+00
5.9800e+03, 4.0779e+00
5.9806e+03, 3.3760e+00
5.9809e+03, 3.0762e+00
5.9813e+03, 2.8086e+00
5.9819e+03, 2.3562e+00
5.9826e+03, 1.9952e+00
5.9832e+03, 1.7068e+00
5.9839e+03, 1.4738e+00
5.9845e+03, 1.2845e+00
5.9850e+03, 1.1596e+00
5.9855e+03, 1.0517e+00
5.9860e+03, 9.5804e-01
5.9865e+03, 8.7624e-01
5.9870e+03, 8.0442e-01
5.9875e+03, 7.4104e-01
5.9886e+03, 6.3480e-01
5.9896e+03, 5.4988e-01
5.9906e+03, 4.8097e-01
5.9916e+03, 4.2433e-01
5.9926e+03, 3.7722e-01
5.9936e+03, 3.3757e-01
5.9947e+03, 3.0385e-01
5.9957e+03, 2.7490e-01
5.9967e+03, 2.4988e-01
5.9987e+03, 2.0908e-01
6.0008e+03, 1.7756e-01
6.0028e+03, 1.5267e-01
6.0048e+03, 1.3270e-01
6.0069e+03, 1.1642e-01
6.0089e+03, 1.0302e-01
6.0108e+03, 9.2335e-02
6.0128e+03, 8.3237e-02
6.0166e+03, 6.8580e-02
6.0205e+03, 5.7494e-02
6.0244e+03, 4.8917e-02
6.0283e+03, 4.2141e-02
6.0322e+03, 3.6696e-02
6.0399e+03, 2.8584e-02
6.0469e+03, 2.3389e-02
6.0539e+03, 1.9543e-02
6.0610e+03, 1.6558e-02
6.0680e+03, 1.4227e-02
6.0820e+03, 1.0857e-02
6.0961e+03, 8.5802e-03
6.1094e+03, 7.0456e-03
6.1227e+03, 5.9147e-03
6.1493e+03, 4.3521e-03
6.1759e+03, 3.3551e-03
6.2024e+03, 2.6811e-03
6.2305e+03, 2.1831e-03
6.2586e+03, 1.8218e-03
6.3148e+03, 1.3376e-03
6.3709e+03, 1.0361e-03
6.4270e+03, 8.3282e-04
6.5512e+03, 5.6709e-04
6.6753e+03, 4.2068e-04
6.7994e+03, 3.3019e-04
6.9235e+03, 2.6976e-04
7.1836e+03, 1.9511e-04
7.4437e+03, 1.5491e-04
7.7037e+03, 1.3337e-04
7.9638e+03, 1.2579e-04
8.2475e+03, 1.3889e-04
8.3893e+03, 1.6304e-04
8.5312e+03, 2.1821e-04
8.6494e+03, 3.2802e-04
8.7085e+03, 4.4080e-04
8.7676e+03, 6.4398e-04
8.8238e+03, 1.0498e-03
8.8518e+03, 1.4347e-03
8.8799e+03, 2.0947e-03
8.8954e+03, 2.6898e-03
8.9109e+03, 3.5898e-03
8.9265e+03, 5.0448e-03
8.9342e+03, 6.1361e-03
8.9420e+03, 7.6075e-03
8.9501e+03, 9.8324e-03
8.9542e+03, 1.1334e-02
8.9582e+03, 1.3208e-02
8.9623e+03, 1.5592e-02
8.9664e+03, 1.8686e-02
8.9704e+03, 2.2801e-02
8.9745e+03, 2.8402e-02
8.9765e+03, 3.2005e-02
8.9785e+03, 3.6358e-02
8.9806e+03, 4.1672e-02
8.9826e+03, 4.8234e-02
8.9846e+03, 5.6472e-02
8.9867e+03, 6.6995e-02
8.9887e+03, 8.0707e-02
8.9897e+03, 8.9162e-02
8.9907e+03, 9.8972e-02
8.9918e+03, 1.1161e-01
8.9929e+03, 1.2677e-01
8.9941e+03, 1.4514e-01
8.9952e+03, 1.6768e-01
8.9963e+03, 1.9567e-01
8.9974e+03, 2.3072e-01
8.9985e+03, 2.7510e-01
8.9990e+03, 3.0165e-01
8.9996e+03, 3.3166e-01
9.0006e+03, 3.9740e-01
9.0016e+03, 4.7898e-01
9.0027e+03, 5.7823e-01
9.0037e+03, 6.9472e-01
9.0057e+03, 9.5555e-01
9.0067e+03, 1.0740e+00
9.0078e+03, 1.1609e+00
9.0084e+03, 1.1913e+00
9.0090e+03, 1.2016e+00
9.0099e+03, 1.1814e+00
9.0107e+03, 1.1242e+00
9.0116e+03, 1.0380e+00
9.0124e+03, 9.3351e-01
9.0142e+03, 7.1209e-01
9.0150e+03, 6.1084e-01
9.0159e+03, 5.2142e-01
9.0165e+03, 4.6659e-01
9.0171e+03, 4.1791e-01
9.0177e+03, 3.7497e-01
9.0183e+03, 3.3727e-01
9.0189e+03, 3.0423e-01
9.0195e+03, 2.7528e-01
9.0201e+03, 2.4989e-01
9.0207e+03, 2.2762e-01
9.0219e+03, 1.9063e-01
9.0231e+03, 1.6161e-01
9.0243e+03, 1.3855e-01
9.0255e+03, 1.2000e-01
9.0265e+03, 1.0766e-01
9.0275e+03, 9.7108e-02
9.0284e+03, 8.8016e-02
9.0294e+03, 8.0137e-02
9.0313e+03, 6.7247e-02
9.0332e+03, 5.7223e-02
9.0352e+03, 4.9258e-02
9.0371e+03, 4.2827e-02
9.0390e+03, 3.7572e-02
9.0409e+03, 3.3228e-02
9.0443e+03, 2.7245e-02
9.0477e+03, 2.2744e-02
9.0510e+03, 1.9275e-02
9.0544e+03, 1.6549e-02
9.0578e+03, 1.4378e-02
9.0612e+03, 1.2601e-02
9.0679e+03, 9.9010e-03
9.0746e+03, 7.9877e-03
9.0814e+03, 6.5831e-03
9.0949e+03, 4.6997e-03
9.1083e+03, 3.5360e-03
9.1218e+03, 2.7551e-03
9.1449e+03, 1.9178e-03
9.1680e+03, 1.4181e-03
9.2143e+03, 8.7707e-04
9.2643e+03, 5.8849e-04
9.3144e+03, 4.2919e-04
9.4145e+03, 2.6808e-04
9.5301e+03, 1.8433e-04
9.6456e+03, 1.4147e-04
9.8767e+03, 9.9921e-05
1.0000e+04, 8.8478e-05
1.0308e+04, 7.2588e-05
1.0616e+04, 6.5215e-05
1.1232e+04, 6.1106e-05
1.1976e+04, 6.8652e-05
1.2348e+04, 8.0429e-05
1.2534e+04, 9.2059e-05
1.2720e+04, 1.1291e-04
1.2900e+04, 1.6267e-04
1.2989e+04, 2.2171e-04
1.3034e+04, 2.7688e-04
1.3079e+04, 3.6932e-04
1.3108e+04, 4.6934e-04
1.3137e+04, 6.3303e-04
1.3166e+04, 9.2672e-04
1.3180e+04, 1.1675e-03
1.3195e+04, 1.5362e-03
1.3206e+04, 1.9724e-03
1.3217e+04, 2.6333e-03
1.3228e+04, 3.7270e-03
1.3240e+04, 5.7185e-03
1.3245e+04, 7.2494e-03
1.3250e+04, 9.4961e-03
1.3255e+04, 1.3025e-02
1.3258e+04, 1.5601e-02
1.3260e+04, 1.9026e-02
1.3263e+04, 2.4643e-02
1.3265e+04, 2.8462e-02
1.3266e+04, 3.3230e-02
1.3268e+04, 3.9394e-02
1.3269e+04, 4.7466e-02
1.3271e+04, 5.8445e-02
1.3272e+04, 6.5505e-02
1.3272e+04, 7.4014e-02
1.3273e+04, 8.5365e-02
1.3274e+04, 9.9606e-02
1.3275e+04, 1.1814e-01
1.3275e+04, 1.2961e-01
1.3276e+04, 1.4299e-01
1.3276e+04, 1.5913e-01
1.3276e+04, 1.7781e-01
1.3277e+04, 2.0003e-01
1.3277e+04, 2.2660e-01
1.3278e+04, 2.5847e-01
1.3278e+04, 2.9674e-01
1.3278e+04, 3.4264e-01
1.3279e+04, 3.9753e-01
1.3279e+04, 4.7175e-01
1.3280e+04, 5.6103e-01
1.3280e+04, 6.6705e-01
1.3281e+04, 7.9093e-01
1.3281e+04, 9.3297e-01
1.3282e+04, 1.0923e+00
1.3282e+04, 1.4520e+00
1.3284e+04, 1.9138e+00
1.3284e+04, 2.1220e+00
1.3285e+04, 2.2913e+00
1.3285e+04, 2.4326e+00
1.3286e+04, 2.4808e+00
1.3287e+04, 2.4394e+00
1.3287e+04, 2.3199e+00
1.3288e+04, 2.1356e+00
1.3288e+04, 1.9094e+00
1.3290e+04, 1.3807e+00
1.3290e+04, 1.1296e+00
1.3291e+04, 9.0957e-01
1.3292e+04, 7.2805e-01
1.3292e+04, 6.4939e-01
1.3292e+04, 5.8087e-01
1.3292e+04, 5.1741e-01
1.3293e+04, 4.6108e-01
1.3293e+04, 4.1133e-01
1.3293e+04, 3.6896e-01
1.3294e+04, 3.3047e-01
1.3294e+04, 2.9684e-01
1.3294e+04, 2.6749e-01
1.3295e+04, 2.4271e-01
1.3295e+04, 2.2029e-01
1.3295e+04, 2.0073e-01
1.3296e+04, 1.6910e-01
1.3296e+04, 1.4528e-01
1.3297e+04, 1.2637e-01
1.3297e+04, 1.1114e-01
1.3298e+04, 9.8885e-02
1.3299e+04, 8.8515e-02
1.3299e+04, 7.9795e-02
1.3300e+04, 6.6100e-02
1.3301e+04, 5.5701e-02
1.3303e+04, 4.7714e-02
1.3304e+04, 4.1325e-02
1.3305e+04, 3.6211e-02
1.3307e+04, 2.8808e-02
1.3309e+04, 2.3522e-02
1.3311e+04, 1.9569e-02
1.3313e+04, 1.6553e-02
1.3318e+04, 1.2298e-02
1.3322e+04, 9.5105e-03
1.3330e+04, 6.4554e-03
1.3337e+04, 4.6886e-03
1.3345e+04, 3.5640e-03
1.3353e+04, 2.8097e-03
1.3369e+04, 1.8548e-03
1.3386e+04, 1.3291e-03
1.3402e+04, 1.0101e-03
1.3418e+04, 8.0348e-04
1.3460e+04, 5.1549e-04
1.3502e+04, 3.8207e-04
1.3543e+04, 3.0702e-04
1.3585e+04, 2.6444e-04
1.3669e+04, 2.2188e-04
1.3752e+04, 2.0485e-04
1.3810e+04, 2.0215e-04
1.3970e+04, 2.1511e-04
1.4130e+04, 2.5061e-04
1.4290e+04, 3.1231e-04
1.4449e+04, 4.1660e-04
1.4544e+04, 5.1604e-04
1.4638e+04, 6.6069e-04
1.4732e+04, 8.9433e-04
1.4827e+04, 1.3107e-03
1.4872e+04, 1.6453e-03
1.4918e+04, 2.1589e-03
1.4963e+04, 3.0462e-03
1.4986e+04, 3.7075e-03
1.5008e+04, 4.7023e-03
1.5030e+04, 6.1919e-03
1.5041e+04, 7.2676e-03
1.5052e+04, 8.6971e-03
1.5064e+04, 1.0862e-02
1.5070e+04, 1.2279e-02
1.5076e+04, 1.4053e-02
1.5081e+04, 1.6288e-02
1.5087e+04, 1.9162e-02
1.5093e+04, 2.2948e-02
1.5096e+04, 2.5311e-02
1.5099e+04, 2.8075e-02
1.5102e+04, 3.1642e-02
1.5105e+04, 3.5973e-02
1.5109e+04, 4.1285e-02
1.5112e+04, 4.7891e-02
1.5115e+04, 5.6372e-02
1.5117e+04, 6.1531e-02
1.5118e+04, 6.7420e-02
1.5120e+04, 7.4274e-02
1.5121e+04, 8.2262e-02
1.5123e+04, 9.1647e-02
1.5125e+04, 1.0270e-01
1.5126e+04, 1.1600e-01
1.5128e+04, 1.3209e-01
1.5129e+04, 1.5182e-01
1.5131e+04, 1.7640e-01
1.5132e+04, 2.0758e-01
1.5133e+04, 2.2652e-01
1.5134e+04, 2.4789e-01
1.5135e+04, 2.7277e-01
1.5136e+04, 3.0118e-01
1.5136e+04, 3.3417e-01
1.5137e+04, 3.7274e-01
1.5138e+04, 4.3338e-01
1.5139e+04, 5.0808e-01
1.5140e+04, 6.0142e-01
1.5141e+04, 6.5656e-01
1.5141e+04, 7.1819e-01
1.5142e+04, 8.6346e-01
1.5143e+04, 1.0415e+00
1.5144e+04, 1.2538e+00
1.5145e+04, 1.4971e+00
1.5148e+04, 2.2043e+00
1.5149e+04, 2.3466e+00
1.5150e+04, 2.4560e+00
1.5150e+04, 2.5248e+00
1.5151e+04, 2.5478e+00
1.5152e+04, 2.5143e+00
1.5153e+04, 2.4191e+00
1.5153e+04, 2.2700e+00
1.5154e+04, 2.0845e+00
1.5156e+04, 1.6601e+00
1.5157e+04, 1.4491e+00
1.5158e+04, 1.2554e+00
1.5159e+04, 1.0334e+00
1.5160e+04, 8.4919e-01
1.5160e+04, 7.7004e-01
1.5161e+04, 7.0064e-01
1.5161e+04, 6.3765e-01
1.5162e+04, 5.8267e-01
1.5163e+04, 4.8942e-01
1.5164e+04, 4.1553e-01
1.5165e+04, 3.5654e-01
1.5166e+04, 3.0939e-01
1.5167e+04, 2.7624e-01
1.5168e+04, 2.4841e-01
1.5169e+04, 2.2460e-01
1.5170e+04, 2.0408e-01
1.5171e+04, 1.8629e-01
1.5172e+04, 1.7077e-01
1.5173e+04, 1.4513e-01
1.5175e+04, 1.2498e-01
1.5177e+04, 1.0883e-01
1.5179e+04, 9.5699e-02
1.5180e+04, 8.4881e-02
1.5182e+04, 7.5826e-02
1.5184e+04, 6.8258e-02
1.5186e+04, 6.1835e-02
1.5188e+04, 5.6341e-02
1.5189e+04, 5.1607e-02
1.5191e+04, 4.7507e-02
1.5195e+04, 4.0808e-02
1.5198e+04, 3.5571e-02
1.5202e+04, 3.1414e-02
1.5205e+04, 2.8074e-02
1.5209e+04, 2.5362e-02
1.5212e+04, 2.3683e-02
1.5214e+04, 2.2231e-02
1.5219e+04, 1.9857e-02
1.5225e+04, 1.8030e-02
1.5230e+04, 1.6621e-02
1.5235e+04, 1.5531e-02
1.5240e+04, 1.4697e-02
1.5245e+04, 1.4068e-02
1.5251e+04, 1.3613e-02
1.5254e+04, 1.3375e-02
1.5258e+04, 1.3208e-02
1.5262e+04, 1.3105e-02
1.5266e+04, 1.3062e-02
1.5271e+04, 1.3096e-02
1.5276e+04, 1.3233e-02
1.5279e+04, 1.3339e-02
1.5282e+04, 1.3469e-02
1.5284e+04, 1.3625e-02
1.5287e+04, 1.3806e-02
1.5292e+04, 1.4245e-02
1.5297e+04, 1.4792e-02
1.5302e+04, 1.5455e-02
1.5308e+04, 1.6243e-02
1.5313e+04, 1.7172e-02
1.5318e+04, 1.8257e-02
1.5323e+04, 1.9523e-02
1.5329e+04, 2.0994e-02
1.5334e+04, 2.2708e-02
1.5339e+04, 2.4702e-02
1.5344e+04, 2.7036e-02
1.5347e+04, 2.8346e-02
1.5350e+04, 2.9765e-02
1.5352e+04, 3.1311e-02
1.5355e+04, 3.2984e-02
1.5357e+04, 3.4802e-02
1.5360e+04, 3.6781e-02
1.5363e+04, 3.8946e-02
1.5365e+04, 4.1300e-02
1.5368e+04, 4.3871e-02
1.5370e+04, 4.6684e-02
1.5373e+04, 4.9775e-02
1.5376e+04, 5.3151e-02
1.5378e+04, 5.6854e-02
1.5381e+04, 6.0919e-02
1.5383e+04, 6.5400e-02
1.5386e+04, 7.0301e-02
1.5389e+04, 7.5679e-02
1.5391e+04, 8.1572e-02
1.5394e+04, 8.7863e-02
1.5396e+04, 9.4684e-02
1.5399e+04, 1.0211e-01
1.5401e+04, 1.1007e-01
1.5407e+04, 1.2762e-01
1.5412e+04, 1.4668e-01
1.5417e+04, 1.6595e-01
1.5422e+04, 1.8302e-01
1.5427e+04, 1.9497e-01
1.5429e+04, 1.9816e-01
1.5432e+04, 1.9920e-01
1.5436e+04, 1.9619e-01
1.5439e+04, 1.9007e-01
1.5443e+04, 1.8126e-01
1.5446e+04, 1.7052e-01
1.5449e+04, 1.5867e-01
1.5456e+04, 1.3399e-01
1.5462e+04, 1.1107e-01
1.5468e+04, 9.1602e-02
1.5475e+04, 7.5741e-02
1.5481e+04, 6.3031e-02
1.5488e+04, 5.2931e-02
1.5495e+04, 4.3862e-02
1.5503e+04, 3.6794e-02
1.5510e+04, 3.1225e-02
1.5517e+04, 2.6783e-02
1.5525e+04, 2.3200e-02
1.5532e+04, 2.0317e-02
1.5539e+04, 1.7889e-02
1.5547e+04, 1.5869e-02
1.5559e+04, 1.3146e-02
1.5572e+04, 1.1064e-02
1.5584e+04, 9.4396e-03
1.5597e+04, 8.1519e-03
1.5609e+04, 7.1100e-03
1.5622e+04, 6.2587e-03
1.5646e+04, 4.9643e-03
1.5671e+04, 4.0450e-03
1.5696e+04, 3.3552e-03
1.5721e+04, 2.8304e-03
1.5746e+04, 2.4264e-03
1.5796e+04, 1.8420e-03
1.5846e+04, 1.4514e-03
1.5894e+04, 1.1908e-03
1.5941e+04, 9.9475e-04
1.6036e+04, 7.3239e-04
1.6132e+04, 5.6805e-04
1.6227e+04, 4.5869e-04
1.6381e+04, 3.4993e-04
1.6535e+04, 2.8630e-04
1.6844e+04, 2.3752e-04
1.7116e+04, 2.7320e-04
1.7252e+04, 3.4393e-04
1.7388e+04, 5.1650e-04
1.7424e+04, 6.0033e-04
1.7510e+04, 9.5206e-04
1.7553e+04, 1.2902e-03
1.7596e+04, 1.8767e-03
1.7619e+04, 2.3806e-03
1.7642e+04, 3.1315e-03
1.7664e+04, 4.3262e-03
1.7687e+04, 6.3726e-03
1.7700e+04, 8.2142e-03
1.7712e+04, 1.1000e-02
1.7725e+04, 1.5510e-02
1.7731e+04, 1.8897e-02
1.7737e+04, 2.3495e-02
1.7743e+04, 3.0035e-02
1.7750e+04, 3.9795e-02
1.7753e+04, 4.6588e-02
1.7756e+04, 5.5293e-02
1.7759e+04, 6.6694e-02
1.7762e+04, 8.1950e-02
1.7764e+04, 9.2672e-02
1.7765e+04, 1.0558e-01
1.7767e+04, 1.2143e-01
1.7769e+04, 1.4119e-01
1.7770e+04, 1.6627e-01
1.7772e+04, 1.9875e-01
1.7773e+04, 2.1870e-01
1.7774e+04, 2.4183e-01
1.7775e+04, 2.6883e-01
1.7776e+04, 3.0061e-01
1.7777e+04, 3.4569e-01
1.7778e+04, 4.0087e-01
1.7779e+04, 4.6979e-01
1.7780e+04, 5.5664e-01
1.7781e+04, 6.6668e-01
1.7782e+04, 8.0598e-01
1.7783e+04, 9.8073e-01
1.7784e+04, 1.1958e+00
1.7784e+04, 1.4028e+00
1.7785e+04, 1.6355e+00
1.7787e+04, 2.1456e+00
1.7788e+04, 2.6304e+00
1.7789e+04, 2.8205e+00
1.7790e+04, 2.9498e+00
1.7790e+04, 2.9960e+00
1.7791e+04, 3.0116e+00
1.7792e+04, 2.9750e+00
1.7793e+04, 2.8690e+00
1.7793e+04, 2.7034e+00
1.7794e+04, 2.4927e+00
1.7797e+04, 1.5198e+00
1.7798e+04, 1.2991e+00
1.7799e+04, 1.1056e+00
1.7800e+04, 9.4009e-01
1.7800e+04, 8.0262e-01
1.7801e+04, 6.8692e-01
1.7802e+04, 5.9147e-01
1.7803e+04, 5.1286e-01
1.7804e+04, 4.4872e-01
1.7804e+04, 3.9846e-01
1.7805e+04, 3.5650e-01
1.7806e+04, 3.2072e-01
1.7807e+04, 2.9002e-01
1.7807e+04, 2.6350e-01
1.7808e+04, 2.4046e-01
1.7810e+04, 2.0261e-01
1.7811e+04, 1.7308e-01
1.7813e+04, 1.4960e-01
1.7814e+04, 1.3064e-01
1.7816e+04, 1.1510e-01
1.7817e+04, 1.0268e-01
1.7818e+04, 9.2248e-02
1.7821e+04, 7.5599e-02
1.7824e+04, 6.3074e-02
1.7827e+04, 5.3456e-02
1.7830e+04, 4.5865e-02
1.7833e+04, 3.9809e-02
1.7838e+04, 3.0811e-02
1.7844e+04, 2.4833e-02
1.7849e+04, 2.0447e-02
1.7860e+04, 1.4544e-02
1.7870e+04, 1.0880e-02
1.7881e+04, 8.4529e-03
1.7901e+04, 5.7610e-03
1.7920e+04, 4.1816e-03
1.7939e+04, 3.1782e-03
1.7959e+04, 2.5026e-03
1.7995e+04, 1.7113e-03
1.8032e+04, 1.2546e-03
1.8105e+04, 7.6747e-04
1.8191e+04, 5.0202e-04
1.8277e+04, 3.6091e-04
1.8364e+04, 2.7937e-04
1.8450e+04, 2.2661e-04
1.8699e+04, 1.4877e-04
1.8949e+04, 1.1508e-04
1.9449e+04, 8.6380e-05
2.0000e+04, 7.5799e-05
2.0587e+04, 7.3159e-05
2.2128e+04, 8.5900e-05
2.2898e+04, 1.0200e-04
2.3669e+04, 1.3152e-04
2.4045e+04, 1.6356e-04
2.4233e+04, 2.0112e-04
2.4327e+04, 2.3770e-04
2.4421e+04, 3.1318e-04
2.4458e+04, 3.6720e-04
2.4494e+04, 4.5119e-04
2.4531e+04, 5.9224e-04
2.4549e+04, 7.0350e-04
2.4568e+04, 8.6262e-04
2.4584e+04, 1.0662e-03
2.4600e+04, 1.3686e-03
2.4608e+04, 1.5813e-03
2.4616e+04, 1.8553e-03
2.4624e+04, 2.2173e-03
2.4632e+04, 2.7082e-03
2.4642e+04, 3.5839e-03
2.4647e+04, 4.2086e-03
2.4651e+04, 5.0450e-03
2.4656e+04, 6.1201e-03
2.4661e+04, 7.5168e-03
2.4664e+04, 8.4319e-03
2.4666e+04, 9.5399e-03
2.4669e+04, 1.0899e-02
2.4670e+04, 1.1693e-02
2.4671e+04, 1.2570e-02
2.4672e+04, 1.3813e-02
2.4674e+04, 1.5242e-02
2.4675e+04, 1.6918e-02
2.4677e+04, 1.8872e-02
2.4678e+04, 1.9994e-02
2.4678e+04, 2.1201e-02
2.4679e+04, 2.2519e-02
2.4680e+04, 2.3963e-02
2.4681e+04, 2.5570e-02
2.4682e+04, 2.7316e-02
2.4682e+04, 2.9244e-02
2.4683e+04, 3.1377e-02
2.4684e+04, 3.3878e-02
2.4685e+04, 3.6676e-02
2.4685e+04, 3.9816e-02
2.4686e+04, 4.3301e-02
2.4687e+04, 4.7279e-02
2.4688e+04, 5.1772e-02
2.4689e+04, 5.6852e-02
2.4689e+04, 6.2519e-02
2.4690e+04, 6.8998e-02
2.4691e+04, 7.6299e-02
2.4692e+04, 8.4491e-02
2.4692e+04, 9.3506e-02
2.4693e+04, 1.0360e-01
2.4694e+04, 1.1464e-01
2.4695e+04, 1.2656e-01
2.4696e+04, 1.3905e-01
2.4697e+04, 1.5457e-01
2.4697e+04, 1.7013e-01
2.4699e+04, 1.9929e-01
2.4701e+04, 2.2044e-01
2.4702e+04, 2.2619e-01
2.4703e+04, 2.2815e-01
2.4704e+04, 2.2643e-01
2.4705e+04, 2.2146e-01
2.4705e+04, 2.1430e-01
2.4706e+04, 2.0515e-01
2.4708e+04, 1.8220e-01
2.4709e+04, 1.5630e-01
2.4711e+04, 1.3087e-01
2.4714e+04, 8.8156e-02
2.4716e+04, 7.2200e-02
2.4717e+04, 5.9586e-02
2.4719e+04, 4.8907e-02
2.4720e+04, 4.0653e-02
2.4722e+04, 3.4226e-02
2.4724e+04, 2.9191e-02
2.4725e+04, 2.5148e-02
2.4727e+04, 2.1898e-02
2.4729e+04, 1.9223e-02
2.4730e+04, 1.7022e-02
2.4734e+04, 1.3744e-02
2.4737e+04, 1.1332e-02
2.4740e+04, 9.5041e-03
2.4743e+04, 8.0929e-03
2.4746e+04, 6.9752e-03
2.4749e+04, 6.0781e-03
2.4756e+04, 4.7478e-03
2.4762e+04, 3.8237e-03
2.4769e+04, 3.1502e-03
2.4775e+04, 2.6462e-03
2.4781e+04, 2.2608e-03
2.4794e+04, 1.7180e-03
2.4807e+04, 1.3627e-03
2.4831e+04, 9.5779e-04
2.4855e+04, 7.2929e-04
2.4879e+04, 5.8919e-04
2.4904e+04, 4.9761e-04
2.4947e+04, 3.9738e-04
2.4991e+04, 3.4033e-04
2.5078e+04, 2.8378e-04
2.5252e+04, 2.4902e-04
2.5330e+04, 2.4613e-04
2.5601e+04, 2.5725e-04
2.5872e+04, 2.8401e-04
2.6415e+04, 3.7097e-04
2.6821e+04, 4.7513e-04
2.7228e+04, 6.3307e-04
2.7635e+04, 8.8776e-04
2.8042e+04, 1.3363e-03
2.8255e+04, 1.7254e-03
2.8468e+04, 2.3119e-03
2.8575e+04, 2.7186e-03
2.8681e+04, 3.2518e-03
2.8788e+04, 3.9547e-03
2.8894e+04, 4.8884e-03
2.8947e+04, 5.4975e-03
2.9001e+04, 6.2200e-03
2.9054e+04, 7.0923e-03
2.9107e+04, 8.1707e-03
2.9161e+04, 9.4885e-03
2.9214e+04, 1.1170e-02
2.9240e+04, 1.2158e-02
2.9267e+04, 1.3322e-02
2.9320e+04, 1.6097e-02
2.9352e+04, 1.8193e-02
2.9383e+04, 2.0719e-02
2.9415e+04, 2.3654e-02
2.9446e+04, 2.7345e-02
2.9478e+04, 3.1882e-02
2.9509e+04, 3.7578e-02
2.9541e+04, 4.4796e-02
2.9556e+04, 4.9097e-02
2.9572e+04, 5.3974e-02
2.9600e+04, 6.4480e-02
2.9614e+04, 7.0646e-02
2.9628e+04, 7.7583e-02
2.9656e+04, 9.4141e-02
2.9670e+04, 1.0374e-01
2.9684e+04, 1.1439e-01
2.9713e+04, 1.3850e-01
2.9741e+04, 1.6449e-01
2.9769e+04, 1.8839e-01
2.9783e+04, 1.9776e-01
2.9797e+04, 2.0429e-01
2.9815e+04, 2.0725e-01
2.9829e+04, 2.0492e-01
2.9843e+04, 1.9892e-01
2.9858e+04, 1.9003e-01
2.9872e+04, 1.7887e-01
2.9928e+04, 1.2744e-01
2.9957e+04, 1.0486e-01
2.9985e+04, 8.6221e-02
2.9999e+04, 7.8296e-02
3.0013e+04, 7.1297e-02
3.0042e+04, 5.9352e-02
3.0072e+04, 4.9403e-02
3.0102e+04, 4.1505e-02
3.0132e+04, 3.5300e-02
3.0163e+04, 3.0280e-02
3.0193e+04, 2.6247e-02
3.0223e+04, 2.2916e-02
3.0254e+04, 2.0229e-02
3.0284e+04, 1.7896e-02
3.0339e+04, 1.4610e-02
3.0367e+04, 1.3250e-02
3.0395e+04, 1.2109e-02
3.0450e+04, 1.0188e-02
3.0506e+04, 8.7053e-03
3.0561e+04, 7.5060e-03
3.0617e+04, 6.5469e-03
3.0672e+04, 5.7602e-03
3.0728e+04, 5.1016e-03
3.0834e+04, 4.1401e-03
3.0939e+04, 3.4172e-03
3.1045e+04, 2.8779e-03
3.1151e+04, 2.4534e-03
3.1257e+04, 2.1168e-03
3.1363e+04, 1.8515e-03
3.1575e+04, 1.4506e-03
3.1777e+04, 1.1890e-03
3.1978e+04, 9.9523e-04
3.2382e+04, 7.3718e-04
3.2785e+04, 5.9049e-04
3.3189e+04, 5.0853e-04
3.3512e+04, 4.8459e-04
3.3754e+04, 4.9645e-04
3.3996e+04, 5.4136e-04
3.4117e+04, 5.8820e-04
3.4238e+04, 6.5718e-04
3.4359e+04, 7.6865e-04
3.4480e+04, 9.3928e-04
3.4571e+04, 1.1461e-03
3.4616e+04, 1.2890e-03
3.4661e+04, 1.4703e-03
3.4707e+04, 1.7044e-03
3.4752e+04, 2.0082e-03
3.4798e+04, 2.4280e-03
3.4843e+04, 3.0198e-03
3.4871e+04, 3.5082e-03
3.4885e+04, 3.7961e-03
3.4898e+04, 4.1287e-03
3.4912e+04, 4.5112e-03
3.4919e+04, 4.7240e-03
3.4926e+04, 4.9525e-03
3.4933e+04, 5.1990e-03
3.4940e+04, 5.4643e-03
3.4947e+04, 5.7500e-03
3.4954e+04, 6.0605e-03
3.4961e+04, 6.3986e-03
3.4968e+04, 6.7659e-03
3.4975e+04, 7.1668e-03
3.4982e+04, 7.6043e-03
3.4989e+04, 8.0841e-03
3.4992e+04, 8.3413e-03
3.4996e+04, 8.6101e-03
3.4999e+04, 8.8930e-03
3.5002e+04, 9.1900e-03
3.5006e+04, 9.5020e-03
3.5009e+04, 9.8290e-03
3.5013e+04, 1.0174e-02
3.5016e+04, 1.0537e-02
3.5020e+04, 1.0920e-02
3.5023e+04, 1.1322e-02
3.5027e+04, 1.1748e-02
3.5030e+04, 1.2197e-02
3.5034e+04, 1.2672e-02
3.5037e+04, 1.3173e-02
3.5041e+04, 1.3705e-02
3.5044e+04, 1.4268e-02
3.5048e+04, 1.4865e-02
3.5051e+04, 1.5496e-02
3.5054e+04, 1.6168e-02
3.5058e+04, 1.6880e-02
3.5061e+04, 1.7640e-02
3.5065e+04, 1.8446e-02
3.5068e+04, 1.9307e-02
3.5072e+04, 2.0224e-02
3.5079e+04, 2.2244e-02
3.5086e+04, 2.4551e-02
3.5093e+04, 2.7184e-02
3.5100e+04, 3.0199e-02
3.5106e+04, 3.3643e-02
3.5113e+04, 3.7574e-02
3.5120e+04, 4.2045e-02
3.5124e+04, 4.4973e-02
3.5129e+04, 4.8098e-02
3.5133e+04, 5.1415e-02
3.5137e+04, 5.4914e-02
3.5145e+04, 6.2381e-02
3.5153e+04, 7.0103e-02
3.5170e+04, 8.3905e-02
3.5178e+04, 8.8406e-02
3.5186e+04, 8.9940e-02
3.5194e+04, 8.8580e-02
3.5201e+04, 8.4787e-02
3.5208e+04, 7.9680e-02
3.5215e+04, 7.3611e-02
3.5229e+04, 6.0590e-02
3.5243e+04, 4.8603e-02
3.5256e+04, 3.8845e-02
3.5270e+04, 3.1191e-02
3.5284e+04, 2.5325e-02
3.5298e+04, 2.0827e-02
3.5312e+04, 1.7354e-02
3.5328e+04, 1.4229e-02
3.5344e+04, 1.1852e-02
3.5361e+04, 1.0017e-02
3.5377e+04, 8.5745e-03
3.5393e+04, 7.4249e-03
3.5409e+04, 6.4950e-03
3.5442e+04, 5.1124e-03
3.5472e+04, 4.2134e-03
3.5502e+04, 3.5430e-03
3.5531e+04, 3.0344e-03
3.5561e+04, 2.6444e-03
3.5621e+04, 2.0900e-03
3.5681e+04, 1.7332e-03
3.5746e+04, 1.4840e-03
3.5811e+04, 1.3210e-03
3.5941e+04, 1.1886e-03
3.6082e+04, 1.2782e-03
3.6153e+04, 1.4331e-03
3.6223e+04, 1.7073e-03
3.6278e+04, 2.0534e-03
3.6332e+04, 2.5935e-03
3.6386e+04, 3.4929e-03
3.6413e+04, 4.1669e-03
3.6440e+04, 5.0823e-03
3.6469e+04, 6.4718e-03
3.6483e+04, 7.4072e-03
3.6497e+04, 8.5725e-03
3.6512e+04, 1.0049e-02
3.6526e+04, 1.1949e-02
3.6540e+04, 1.4454e-02
3.6547e+04, 1.5999e-02
3.6554e+04, 1.7795e-02
3.6562e+04, 2.0042e-02
3.6569e+04, 2.2738e-02
3.6577e+04, 2.5998e-02
3.6584e+04, 2.9980e-02
3.6592e+04, 3.4896e-02
3.6599e+04, 4.1033e-02
3.6607e+04, 4.8773e-02
3.6610e+04, 5.3398e-02
3.6614e+04, 5.8625e-02
3.6618e+04, 6.4272e-02
3.6621e+04, 7.0612e-02
3.6625e+04, 7.7743e-02
3.6628e+04, 8.5748e-02
3.6632e+04, 9.4720e-02
3.6635e+04, 1.0466e-01
3.6642e+04, 1.2751e-01
3.6657e+04, 1.7885e-01
3.6660e+04, 1.8980e-01
3.6664e+04, 1.9841e-01
3.6667e+04, 2.0392e-01
3.6671e+04, 2.0579e-01
3.6674e+04, 2.0401e-01
3.6678e+04, 1.9895e-01
3.6681e+04, 1.9105e-01
3.6685e+04, 1.8100e-01
3.6698e+04, 1.3243e-01
3.6705e+04, 1.0994e-01
3.6712e+04, 9.0989e-02
3.6718e+04, 7.5537e-02
3.6725e+04, 6.3137e-02
3.6732e+04, 5.2860e-02
3.6739e+04, 4.4707e-02
3.6746e+04, 3.8174e-02
3.6753e+04, 3.2907e-02
3.6760e+04, 2.8609e-02
3.6767e+04, 2.5082e-02
3.6774e+04, 2.2176e-02
3.6781e+04, 1.9723e-02
3.6794e+04, 1.6135e-02
3.6807e+04, 1.3434e-02
3.6820e+04, 1.1356e-02
3.6833e+04, 9.7274e-03
3.6846e+04, 8.4258e-03
3.6858e+04, 7.3714e-03
3.6884e+04, 5.7871e-03
3.6909e+04, 4.7242e-03
3.6933e+04, 3.9273e-03
3.6958e+04, 3.3254e-03
3.6983e+04, 2.8546e-03
3.7032e+04, 2.1820e-03
3.7081e+04, 1.7327e-03
3.7137e+04, 1.3841e-03
3.7193e+04, 1.1330e-03
3.7306e+04, 8.1674e-04
3.7418e+04, 6.2869e-04
3.7530e+04, 5.0727e-04
3.7811e+04, 3.3936e-04
3.8092e+04, 2.5630e-04
3.8654e+04, 1.7704e-04
3.9179e+04, 1.4575e-04
3.9703e+04, 1.3514e-04
4.0302e+04, 1.5628e-04
4.0602e+04, 2.0287e-04
4.0752e+04, 2.5308e-04
4.0902e+04, 3.4750e-04
4.0986e+04, 4.4267e-04
4.1070e+04, 6.0168e-04
4.1154e+04, 8.7079e-04
4.1197e+04, 1.0987e-03
4.1239e+04, 1.4405e-03
4.1274e+04, 1.8772e-03
4.1309e+04, 2.5663e-03
4.1344e+04, 3.7268e-03
4.1379e+04, 5.9583e-03
4.1394e+04, 7.6106e-03
4.1410e+04, 1.0053e-02
4.1425e+04, 1.3939e-02
4.1432e+04, 1.6793e-02
4.1440e+04, 2.0621e-02
4.1448e+04, 2.6424e-02
4.1452e+04, 3.0275e-02
4.1456e+04, 3.5014e-02
4.1461e+04, 4.0992e-02
4.1465e+04, 4.8657e-02
4.1469e+04, 5.8687e-02
4.1471e+04, 6.4900e-02
4.1473e+04, 7.2106e-02
4.1475e+04, 8.1934e-02
4.1478e+04, 9.3876e-02
4.1480e+04, 1.0856e-01
4.1482e+04, 1.2687e-01
4.1485e+04, 1.5003e-01
4.1486e+04, 1.6394e-01
4.1487e+04, 1.7977e-01
4.1488e+04, 1.9783e-01
4.1489e+04, 2.1849e-01
4.1490e+04, 2.4217e-01
4.1492e+04, 2.6935e-01
4.1493e+04, 3.1729e-01
4.1495e+04, 3.7565e-01
4.1497e+04, 4.4565e-01
4.1499e+04, 5.2753e-01
4.1505e+04, 9.0431e-01
4.1507e+04, 9.5191e-01
4.1508e+04, 9.8785e-01
4.1509e+04, 1.0105e+00
4.1510e+04, 1.0181e+00
4.1512e+04, 1.0017e+00
4.1513e+04, 9.5499e-01
4.1515e+04, 8.8365e-01
4.1517e+04, 7.9689e-01
4.1520e+04, 6.0951e-01
4.1522e+04, 5.2221e-01
4.1523e+04, 4.4496e-01
4.1525e+04, 3.7217e-01
4.1527e+04, 3.1235e-01
4.1529e+04, 2.6365e-01
4.1530e+04, 2.2426e-01
4.1532e+04, 1.9237e-01
4.1534e+04, 1.6643e-01
4.1536e+04, 1.4518e-01
4.1538e+04, 1.2761e-01
4.1541e+04, 1.0564e-01
4.1543e+04, 8.8790e-02
4.1546e+04, 7.5630e-02
4.1549e+04, 6.5203e-02
4.1552e+04, 5.6757e-02
4.1555e+04, 4.9849e-02
4.1561e+04, 3.9369e-02
4.1566e+04, 3.1869e-02
4.1572e+04, 2.6317e-02
4.1578e+04, 2.2087e-02
4.1583e+04, 1.8808e-02
4.1595e+04, 1.4113e-02
4.1606e+04, 1.0990e-02
4.1617e+04, 8.8975e-03
4.1628e+04, 7.3433e-03
4.1650e+04, 5.2518e-03
4.1671e+04, 3.9479e-03
4.1693e+04, 3.0805e-03
4.1732e+04, 2.1122e-03
4.1772e+04, 1.5425e-03
4.1850e+04, 9.3770e-04
4.1933e+04, 6.3078e-04
4.2016e+04, 4.5868e-04
4.2182e+04, 2.8628e-04
4.2380e+04, 1.9393e-04
4.2579e+04, 1.4733e-04
4.2977e+04, 1.0319e-04
4.3391e+04, 8.2550e-05
4.3805e+04, 7.1461e-05
4.4633e+04, 6.0010e-05
4.6290e+04, 5.3272e-05
4.8145e+04, 5.8389e-05
4.9072e+04, 6.6791e-05
5.0000e+04, 8.2222e-05
5.1089e+04, 1.2140e-04
5.1633e+04, 1.6035e-04
5.2178e+04, 2.3115e-04
5.2420e+04, 2.8442e-04
5.2662e+04, 3.6408e-04
5.2904e+04, 4.9296e-04
5.3025e+04, 5.9118e-04
5.3146e+04, 7.2891e-04
5.3252e+04, 9.0362e-04
5.3358e+04, 1.1587e-03
5.3464e+04, 1.5694e-03
5.3516e+04, 1.8736e-03
5.3569e+04, 2.2867e-03
5.3600e+04, 2.5931e-03
5.3615e+04, 2.7712e-03
5.3630e+04, 2.9707e-03
5.3644e+04, 3.1793e-03
5.3658e+04, 3.4118e-03
5.3672e+04, 3.6719e-03
5.3687e+04, 3.9634e-03
5.3701e+04, 4.2903e-03
5.3715e+04, 4.6625e-03
5.3722e+04, 4.8671e-03
5.3729e+04, 5.0856e-03
5.3736e+04, 5.3191e-03
5.3743e+04, 5.5687e-03
5.3754e+04, 5.9674e-03
5.3764e+04, 6.4092e-03
5.3775e+04, 6.8998e-03
5.3785e+04, 7.4458e-03
5.3795e+04, 8.0546e-03
5.3806e+04, 8.7345e-03
5.3816e+04, 9.4948e-03
5.3827e+04, 1.0345e-02
5.3837e+04, 1.1330e-02
5.3848e+04, 1.2434e-02
5.3859e+04, 1.3670e-02
5.3869e+04, 1.5044e-02
5.3880e+04, 1.6563e-02
5.3891e+04, 1.8224e-02
5.3902e+04, 2.0012e-02
5.3912e+04, 2.1880e-02
5.3929e+04, 2.4837e-02
5.3946e+04, 2.7494e-02
5.3963e+04, 2.9381e-02
5.3980e+04, 3.0071e-02
5.3990e+04, 2.9819e-02
5.4000e+04, 2.9093e-02
5.4010e+04, 2.7962e-02
5.4021e+04, 2.6519e-02
5.4031e+04, 2.4832e-02
5.4041e+04, 2.3054e-02
5.4062e+04, 1.9481e-02
5.4103e+04, 1.3598e-02
5.4124e+04, 1.1428e-02
5.4145e+04, 9.6963e-03
5.4166e+04, 8.3228e-03
5.4186e+04, 7.2289e-03
5.4220e+04, 5.9104e-03
5.4253e+04, 4.9862e-03
5.4286e+04, 4.3139e-03
5.4320e+04, 3.8324e-03
5.4353e+04, 3.4855e-03
5.4386e+04, 3.2383e-03
5.4453e+04, 2.9646e-03
5.4509e+04, 2.9084e-03
5.4537e+04, 2.9294e-03
5.4614e+04, 3.1465e-03
5.4653e+04, 3.3454e-03
5.4691e+04, 3.6159e-03
5.4730e+04, 3.9635e-03
5.4769e+04, 4.4103e-03
5.4807e+04, 4.9749e-03
5.4846e+04, 5.6809e-03
5.4887e+04, 6.6423e-03
5.4928e+04, 7.8505e-03
5.4969e+04, 9.3855e-03
5.5010e+04, 1.1262e-02
5.5051e+04, 1.3493e-02
5.5092e+04, 1.5888e-02
5.5133e+04, 1.8080e-02
5.5154e+04, 1.8938e-02
5.5174e+04, 1.9538e-02
5.5201e+04, 1.9809e-02
5.5222e+04, 1.9586e-02
5.5243e+04, 1.9017e-02
5.5264e+04, 1.8178e-02
5.5285e+04, 1.7126e-02
5.5369e+04, 1.2262e-02
5.5411e+04, 1.0121e-02
5.5453e+04, 8.3538e-03
5.5495e+04, 6.9352e-03
5.5537e+04, 5.7978e-03
5.5582e+04, 4.8421e-03
5.5627e+04, 4.0831e-03
5.5673e+04, 3.4881e-03
5.5718e+04, 3.0063e-03
5.5763e+04, 2.6199e-03
5.5808e+04, 2.3005e-03
5.5899e+04, 1.8192e-03
5.5989e+04, 1.4801e-03
5.6080e+04, 1.2259e-03
5.6170e+04, 1.0393e-03
5.6261e+04, 8.9291e-04
5.6442e+04, 6.8978e-04
5.6623e+04, 5.5892e-04
5.6865e+04, 4.4925e-04
5.7106e+04, 3.8535e-04
5.7589e+04, 3.4500e-04
5.7951e+04, 3.8817e-04
5.8132e+04, 4.4677e-04
5.8313e+04, 5.5099e-04
5.8555e+04, 8.3715e-04
5.8675e+04, 1.1172e-03
5.8796e+04, 1.6093e-03
5.8860e+04, 2.0358e-03
5.8924e+04, 2.6752e-03
5.8988e+04, 3.6802e-03
5.9020e+04, 4.4229e-03
5.9053e+04, 5.4197e-03
5.9070e+04, 6.1326e-03
5.9088e+04, 6.9963e-03
5.9106e+04, 8.0549e-03
5.9124e+04, 9.3699e-03
5.9142e+04, 1.1030e-02
5.9160e+04, 1.3162e-02
5.9178e+04, 1.5917e-02
5.9187e+04, 1.7630e-02
5.9196e+04, 1.9626e-02
5.9206e+04, 2.2365e-02
5.9217e+04, 2.5671e-02
5.9227e+04, 2.9696e-02
5.9237e+04, 3.4634e-02
5.9248e+04, 4.0734e-02
5.9258e+04, 4.8278e-02
5.9269e+04, 5.7594e-02
5.9279e+04, 6.8966e-02
5.9286e+04, 7.8058e-02
5.9293e+04, 8.8107e-02
5.9307e+04, 1.0958e-01
5.9315e+04, 1.1967e-01
5.9322e+04, 1.2807e-01
5.9329e+04, 1.3366e-01
5.9336e+04, 1.3560e-01
5.9342e+04, 1.3431e-01
5.9347e+04, 1.3066e-01
5.9353e+04, 1.2498e-01
5.9359e+04, 1.1782e-01
5.9381e+04, 8.4322e-02
5.9393e+04, 6.9383e-02
5.9404e+04, 5.7008e-02
5.9415e+04, 4.7051e-02
5.9427e+04, 3.9155e-02
5.9438e+04, 3.2792e-02
5.9450e+04, 2.7748e-02
5.9461e+04, 2.3709e-02
5.9473e+04, 2.0450e-02
5.9484e+04, 1.7790e-02
5.9496e+04, 1.5601e-02
5.9507e+04, 1.3779e-02
5.9519e+04, 1.2253e-02
5.9541e+04, 9.9713e-03
5.9563e+04, 8.2480e-03
5.9585e+04, 6.9344e-03
5.9607e+04, 5.9084e-03
5.9629e+04, 5.0938e-03
5.9651e+04, 4.4382e-03
5.9695e+04, 3.4571e-03
5.9737e+04, 2.8056e-03
5.9779e+04, 2.3218e-03
5.9862e+04, 1.6660e-03
5.9946e+04, 1.2617e-03
6.0030e+04, 9.9121e-04
6.0189e+04, 6.7965e-04
6.0349e+04, 5.0098e-04
6.0667e+04, 3.1414e-04
6.1019e+04, 2.1760e-04
6.1371e+04, 1.6673e-04
6.2075e+04, 1.2306e-04
6.2343e+04, 1.2002e-04
6.2578e+04, 1.2547e-04
6.2813e+04, 1.4673e-04
6.3047e+04, 1.9872e-04
6.3165e+04, 2.5519e-04
6.3282e+04, 3.7093e-04
6.3347e+04, 4.9253e-04
6.3412e+04, 7.0782e-04
6.3477e+04, 1.1358e-03
6.3509e+04, 1.5351e-03
6.3542e+04, 2.1983e-03
6.3561e+04, 2.8182e-03
6.3580e+04, 3.7531e-03
6.3599e+04, 5.2513e-03
6.3608e+04, 6.3601e-03
6.3617e+04, 7.8721e-03
6.3628e+04, 1.0290e-02
6.3633e+04, 1.1939e-02
6.3638e+04, 1.4016e-02
6.3644e+04, 1.6677e-02
6.3649e+04, 2.0152e-02
6.3654e+04, 2.4794e-02
6.3659e+04, 3.1163e-02
6.3662e+04, 3.5744e-02
6.3665e+04, 4.1325e-02
6.3668e+04, 4.8201e-02
6.3671e+04, 5.6726e-02
6.3674e+04, 6.7330e-02
6.3677e+04, 8.0487e-02
6.3679e+04, 9.6624e-02
6.3682e+04, 1.1593e-01
6.3686e+04, 1.4865e-01
6.3691e+04, 1.8276e-01
6.3693e+04, 1.9779e-01
6.3695e+04, 2.0969e-01
6.3697e+04, 2.1741e-01
6.3699e+04, 2.2005e-01
6.3701e+04, 2.1858e-01
6.3702e+04, 2.1428e-01
6.3705e+04, 1.9839e-01
6.3708e+04, 1.7569e-01
6.3711e+04, 1.5035e-01
6.3714e+04, 1.2561e-01
6.3717e+04, 1.0370e-01
6.3721e+04, 8.5266e-02
6.3724e+04, 7.0386e-02
6.3727e+04, 5.7281e-02
6.3730e+04, 4.7177e-02
6.3734e+04, 3.9351e-02
6.3737e+04, 3.3246e-02
6.3741e+04, 2.8395e-02
6.3744e+04, 2.4505e-02
6.3748e+04, 2.1349e-02
6.3751e+04, 1.8766e-02
6.3758e+04, 1.4962e-02
6.3764e+04, 1.2198e-02
6.3771e+04, 1.0127e-02
6.3777e+04, 8.5392e-03
6.3790e+04, 6.3079e-03
6.3804e+04, 4.8529e-03
6.3829e+04, 3.1981e-03
6.3854e+04, 2.2673e-03
6.3879e+04, 1.6962e-03
6.3904e+04, 1.3208e-03
6.3966e+04, 8.0045e-04
6.4029e+04, 5.4434e-04
6.4091e+04, 4.0239e-04
6.4154e+04, 3.1186e-04
6.4239e+04, 2.3646e-04
6.4324e+04, 1.8948e-04
6.4494e+04, 1.3636e-04
6.4664e+04, 1.0770e-04
6.4834e+04, 9.0615e-05
6.5254e+04, 6.9069e-05
6.5674e+04, 5.8815e-05
6.6514e+04, 4.9828e-05
6.8194e+04, 4.5224e-05
7.0274e+04, 5.2331e-05
7.1314e+04, 6.3214e-05
7.2354e+04, 8.7920e-05
7.2914e+04, 1.2063e-04
7.3194e+04, 1.5438e-04
7.3334e+04, 1.8452e-04
7.3474e+04, 2.3587e-04
7.3569e+04, 3.0135e-04
7.3617e+04, 3.5374e-04
7.3664e+04, 4.4419e-04
7.3712e+04, 5.5509e-04
7.3759e+04, 7.7611e-04
7.3807e+04, 1.2181e-03
7.3830e+04, 1.6531e-03
7.3854e+04, 2.4102e-03
7.3872e+04, 3.4160e-03
7.3889e+04, 5.3203e-03
7.3898e+04, 6.9542e-03
7.3907e+04, 9.5650e-03
7.3915e+04, 1.4092e-02
7.3920e+04, 1.7738e-02
7.3924e+04, 2.3110e-02
7.3927e+04, 2.7159e-02
7.3929e+04, 3.2455e-02
7.3931e+04, 3.9686e-02
7.3934e+04, 4.9877e-02
7.3935e+04, 5.6697e-02
7.3936e+04, 6.4995e-02
7.3937e+04, 7.5251e-02
7.3938e+04, 8.7993e-02
7.3939e+04, 1.0386e-01
7.3941e+04, 1.2358e-01
7.3942e+04, 1.4795e-01
7.3943e+04, 1.7777e-01
7.3944e+04, 2.0879e-01
7.3945e+04, 2.4485e-01
7.3946e+04, 2.8612e-01
7.3947e+04, 3.3201e-01
7.3949e+04, 4.3717e-01
7.3951e+04, 5.5191e-01
7.3953e+04, 6.4071e-01
7.3954e+04, 7.1706e-01
7.3956e+04, 7.7174e-01
7.3958e+04, 7.9752e-01
7.3958e+04, 7.9897e-01
7.3960e+04, 7.8262e-01
7.3961e+04, 7.3586e-01
7.3963e+04, 6.6501e-01
7.3964e+04, 5.7890e-01
7.3968e+04, 3.7775e-01
7.3970e+04, 2.9129e-01
7.3971e+04, 2.5368e-01
7.3972e+04, 2.2057e-01
7.3973e+04, 1.8756e-01
7.3974e+04, 1.5947e-01
7.3975e+04, 1.3586e-01
7.3976e+04, 1.1635e-01
7.3977e+04, 1.0003e-01
7.3978e+04, 8.6560e-02
7.3979e+04, 7.5454e-02
7.3980e+04, 6.6362e-02
7.3981e+04, 5.8742e-02
7.3982e+04, 5.2388e-02
7.3984e+04, 4.2573e-02
7.3986e+04, 3.5385e-02
7.3988e+04, 3.0000e-02
7.3991e+04, 2.4261e-02
7.3994e+04, 2.0095e-02
7.4000e+04, 1.4530e-02
7.4006e+04, 1.1049e-02
7.4012e+04, 8.7067e-03
7.4024e+04, 5.8429e-03
7.4036e+04, 4.2350e-03
7.4049e+04, 3.1058e-03
7.4063e+04, 2.3912e-03
7.4091e+04, 1.5901e-03
7.4118e+04, 1.1697e-03
7.4146e+04, 9.2201e-04
7.4201e+04, 6.7287e-04
7.4257e+04, 5.5216e-04
7.4383e+04, 4.7362e-04
7.4499e+04, 4.9593e-04
7.4614e+04, 5.7289e-04
7.4672e+04, 6.3240e-04
7.4730e+04, 7.1072e-04
7.4788e+04, 8.1208e-04
7.4846e+04, 9.4280e-04
7.4904e+04, 1.1186e-03
7.4933e+04, 1.2251e-03
7.4962e+04, 1.3526e-03
7.4976e+04, 1.4211e-03
7.4991e+04, 1.4979e-03
7.5005e+04, 1.5820e-03
7.5020e+04, 1.6733e-03
7.5034e+04, 1.7725e-03
7.5048e+04, 1.8810e-03
7.5063e+04, 2.0007e-03
7.5077e+04, 2.1323e-03
7.5092e+04, 2.2774e-03
7.5106e+04, 2.4375e-03
7.5121e+04, 2.6148e-03
7.5128e+04, 2.7107e-03
7.5135e+04, 2.8117e-03
7.5143e+04, 2.9183e-03
7.5150e+04, 3.0307e-03
7.5157e+04, 3.1496e-03
7.5164e+04, 3.2750e-03
7.5171e+04, 3.4079e-03
7.5179e+04, 3.5483e-03
7.5186e+04, 3.6970e-03
7.5193e+04, 3.8539e-03
7.5200e+04, 4.0051e-03
7.5206e+04, 4.1652e-03
7.5213e+04, 4.3340e-03
7.5219e+04, 4.5117e-03
7.5226e+04, 4.6994e-03
7.5233e+04, 4.8975e-03
7.5239e+04, 5.1068e-03
7.5246e+04, 5.3275e-03
7.5252e+04, 5.5609e-03
7.5259e+04, 5.8073e-03
7.5266e+04, 6.0674e-03
7.5272e+04, 6.3415e-03
7.5279e+04, 6.6310e-03
7.5285e+04, 6.9357e-03
7.5298e+04, 7.5941e-03
7.5307e+04, 8.0513e-03
7.5315e+04, 8.5363e-03
7.5324e+04, 9.0495e-03
7.5332e+04, 9.5897e-03
7.5341e+04, 1.0155e-02
7.5349e+04, 1.0741e-02
7.5357e+04, 1.1344e-02
7.5366e+04, 1.1957e-02
7.5383e+04, 1.3177e-02
7.5400e+04, 1.4315e-02
7.5433e+04, 1.5895e-02
7.5451e+04, 1.6132e-02
7.5464e+04, 1.5988e-02
7.5478e+04, 1.5586e-02
7.5491e+04, 1.4966e-02
7.5504e+04, 1.4173e-02
7.5529e+04, 1.2418e-02
7.5555e+04, 1.0602e-02
7.5605e+04, 7.5053e-03
7.5655e+04, 5.3447e-03
7.5706e+04, 3.9149e-03
7.5738e+04, 3.2522e-03
7.5771e+04, 2.7380e-03
7.5804e+04, 2.3335e-03
7.5837e+04, 2.0116e-03
7.5902e+04, 1.5436e-03
7.5968e+04, 1.2221e-03
7.6034e+04, 9.9705e-04
7.6099e+04, 8.3279e-04
7.6165e+04, 7.0935e-04
7.6231e+04, 6.1504e-04
7.6362e+04, 4.8473e-04
7.6493e+04, 3.9937e-04
7.6624e+04, 3.4314e-04
7.6756e+04, 3.0426e-04
7.7018e+04, 2.5915e-04
7.7281e+04, 2.3828e-04
7.7543e+04, 2.3309e-04
7.7843e+04, 2.4166e-04
7.8143e+04, 2.6404e-04
7.8499e+04, 3.1213e-04
7.8856e+04, 3.9270e-04
7.9034e+04, 4.5138e-04
7.9212e+04, 5.3035e-04
7.9390e+04, 6.3542e-04
7.9568e+04, 7.8046e-04
7.9671e+04, 8.9212e-04
7.9774e+04, 1.0288e-03
7.9877e+04, 1.1999e-03
7.9981e+04, 1.4195e-03
8.0084e+04, 1.6960e-03
8.0187e+04, 2.0586e-03
8.0238e+04, 2.2737e-03
8.0290e+04, 2.5273e-03
8.0393e+04, 3.1201e-03
8.0452e+04, 3.5291e-03
8.0511e+04, 3.9840e-03
8.0630e+04, 4.9733e-03
8.0689e+04, 5.4464e-03
8.0748e+04, 5.8423e-03
8.0807e+04, 6.1058e-03
8.0866e+04, 6.1939e-03
8.0914e+04, 6.1178e-03
8.0962e+04, 5.9249e-03
8.1011e+04, 5.6431e-03
8.1059e+04, 5.2961e-03
8.1252e+04, 3.7410e-03
8.1348e+04, 3.0825e-03
8.1445e+04, 2.5582e-03
8.1493e+04, 2.3331e-03
8.1541e+04, 2.1440e-03
8.1638e+04, 1.8241e-03
8.1740e+04, 1.5763e-03
8.1843e+04, 1.3970e-03
8.1946e+04, 1.2836e-03
8.2048e+04, 1.2420e-03
8.2189e+04, 1.3808e-03
8.2259e+04, 1.6341e-03
8.2329e+04, 2.2431e-03
8.2357e+04, 2.7066e-03
8.2385e+04, 3.4460e-03
8.2413e+04, 4.7074e-03
8.2441e+04, 7.0942e-03
8.2453e+04, 8.9641e-03
8.2466e+04, 1.1802e-02
8.2479e+04, 1.6386e-02
8.2486e+04, 1.9808e-02
8.2492e+04, 2.4448e-02
8.2499e+04, 3.1695e-02
8.2502e+04, 3.6611e-02
8.2506e+04, 4.2769e-02
8.2509e+04, 5.0599e-02
8.2513e+04, 6.0712e-02
8.2516e+04, 7.3965e-02
8.2520e+04, 9.1531e-02
8.2523e+04, 1.1098e-01
8.2526e+04, 1.3559e-01
8.2529e+04, 1.6607e-01
8.2532e+04, 2.0226e-01
8.2538e+04, 2.8456e-01
8.2541e+04, 3.2177e-01
8.2544e+04, 3.4828e-01
8.2545e+04, 3.5640e-01
8.2547e+04, 3.5914e-01
8.2550e+04, 3.5244e-01
8.2552e+04, 3.3344e-01
8.2555e+04, 3.0499e-01
8.2557e+04, 2.7092e-01
8.2562e+04, 2.0053e-01
8.2565e+04, 1.6930e-01
8.2567e+04, 1.4233e-01
8.2570e+04, 1.1824e-01
8.2573e+04, 9.8745e-02
8.2576e+04, 8.3133e-02
8.2578e+04, 7.0690e-02
8.2581e+04, 6.0658e-02
8.2584e+04, 5.2542e-02
8.2587e+04, 4.5915e-02
8.2589e+04, 4.0467e-02
8.2594e+04, 3.2675e-02
8.2599e+04, 2.6927e-02
8.2604e+04, 2.2579e-02
8.2609e+04, 1.9217e-02
8.2619e+04, 1.4440e-02
8.2629e+04, 1.1291e-02
8.2641e+04, 8.8589e-03
8.2652e+04, 7.1593e-03
8.2675e+04, 5.0122e-03
8.2698e+04, 3.7684e-03
8.2721e+04, 2.9704e-03
8.2752e+04, 2.2794e-03
8.2783e+04, 1.8410e-03
8.2845e+04, 1.3376e-03
8.2907e+04, 1.0635e-03
8.2969e+04, 8.9967e-04
8.3100e+04, 7.1459e-04
8.3232e+04, 6.2693e-04
8.3494e+04, 5.7410e-04
8.3786e+04, 6.4845e-04
8.3932e+04, 7.7655e-04
8.4006e+04, 8.8771e-04
8.4078e+04, 1.0668e-03
8.4137e+04, 1.2973e-03
8.4195e+04, 1.6759e-03
8.4224e+04, 1.9642e-03
8.4254e+04, 2.3680e-03
8.4283e+04, 2.9638e-03
8.4312e+04, 3.8624e-03
8.4325e+04, 4.3987e-03
8.4338e+04, 5.0795e-03
8.4350e+04, 5.9566e-03
8.4357e+04, 6.4882e-03
8.4363e+04, 7.0950e-03
8.4369e+04, 7.6870e-03
8.4374e+04, 8.3552e-03
8.4380e+04, 9.1167e-03
8.4385e+04, 9.9845e-03
8.4391e+04, 1.0980e-02
8.4393e+04, 1.1531e-02
8.4396e+04, 1.2119e-02
8.4399e+04, 1.2752e-02
8.4402e+04, 1.3432e-02
8.4404e+04, 1.4161e-02
8.4407e+04, 1.4941e-02
8.4412e+04, 1.6353e-02
8.4416e+04, 1.7937e-02
8.4420e+04, 1.9709e-02
8.4425e+04, 2.1684e-02
8.4430e+04, 2.3867e-02
8.4434e+04, 2.6258e-02
8.4438e+04, 2.8836e-02
8.4443e+04, 3.1556e-02
8.4447e+04, 3.3961e-02
8.4451e+04, 3.6342e-02
8.4458e+04, 4.0705e-02
8.4466e+04, 4.3830e-02
8.4474e+04, 4.4977e-02
8.4478e+04, 4.4632e-02
8.4482e+04, 4.3625e-02
8.4487e+04, 4.2038e-02
8.4491e+04, 3.9993e-02
8.4495e+04, 3.7556e-02
8.4500e+04, 3.4937e-02
8.4508e+04, 2.9626e-02
8.4526e+04, 2.0626e-02
8.4543e+04, 1.4532e-02
8.4560e+04, 1.0641e-02
8.4572e+04, 8.7907e-03
8.4584e+04, 7.4065e-03
8.4596e+04, 6.3556e-03
8.4609e+04, 5.5479e-03
8.4633e+04, 4.4297e-03
8.4657e+04, 3.7253e-03
8.4677e+04, 3.3380e-03
8.4698e+04, 3.0918e-03
8.4739e+04, 2.9170e-03
8.4770e+04, 3.0353e-03
8.4801e+04, 3.4113e-03
8.4832e+04, 4.1881e-03
8.4863e+04, 5.7162e-03
8.4879e+04, 7.1286e-03
8.4896e+04, 9.3360e-03
8.4904e+04, 1.0921e-02
8.4912e+04, 1.2990e-02
8.4920e+04, 1.5739e-02
8.4928e+04, 1.9495e-02
8.4933e+04, 2.2292e-02
8.4938e+04, 2.5700e-02
8.4943e+04, 2.9871e-02
8.4947e+04, 3.4980e-02
8.4952e+04, 4.1215e-02
8.4957e+04, 4.8726e-02
8.4961e+04, 5.7541e-02
8.4966e+04, 6.7412e-02
8.4976e+04, 8.8120e-02
8.4981e+04, 9.5131e-02
8.4986e+04, 9.7668e-02
8.4989e+04, 9.6502e-02
8.4992e+04, 9.4087e-02
8.4994e+04, 9.0531e-02
8.5000e+04, 8.0949e-02
8.5010e+04, 5.8809e-02
8.5015e+04, 4.9005e-02
8.5020e+04, 4.0761e-02
8.5025e+04, 3.4045e-02
8.5031e+04, 2.8649e-02
8.5036e+04, 2.3813e-02
8.5042e+04, 2.0045e-02
8.5048e+04, 1.7073e-02
8.5054e+04, 1.4712e-02
8.5066e+04, 1.1266e-02
8.5077e+04, 8.9280e-03
8.5089e+04, 7.2727e-03
8.5101e+04, 6.0674e-03
8.5124e+04, 4.4725e-03
8.5148e+04, 3.5033e-03
8.5171e+04, 2.8649e-03
8.5202e+04, 2.3171e-03
8.5232e+04, 1.9601e-03
8.5294e+04, 1.5455e-03
8.5355e+04, 1.3254e-03
8.5416e+04, 1.2047e-03
8.5474e+04, 1.1422e-03
8.5589e+04, 1.1009e-03
8.5690e+04, 1.1233e-03
8.5791e+04, 1.1864e-03
8.5892e+04, 1.2815e-03
8.5992e+04, 1.4116e-03
8.6093e+04, 1.5756e-03
8.6194e+04, 1.7943e-03
8.6295e+04, 2.0740e-03
8.6396e+04, 2.4336e-03
8.6481e+04, 2.8245e-03
8.6566e+04, 3.3072e-03
8.6651e+04, 3.9254e-03
8.6694e+04, 4.2865e-03
8.6736e+04, 4.6937e-03
8.6822e+04, 5.6710e-03
8.6864e+04, 6.2336e-03
8.6907e+04, 6.8590e-03
8.6992e+04, 8.2747e-03
8.7077e+04, 9.7855e-03
8.7132e+04, 1.0716e-02
8.7187e+04, 1.1494e-02
8.7242e+04, 1.2010e-02
8.7297e+04, 1.2179e-02
8.7339e+04, 1.2038e-02
8.7381e+04, 1.1698e-02
8.7423e+04, 1.1203e-02
8.7465e+04, 1.0577e-02
8.7633e+04, 7.6349e-03
8.7717e+04, 6.3297e-03
8.7801e+04, 5.2334e-03
8.7885e+04, 4.3567e-03
8.7969e+04, 3.6458e-03
8.8057e+04, 3.0695e-03
8.8144e+04, 2.6042e-03
8.8231e+04, 2.2373e-03
8.8318e+04, 1.9364e-03
8.8405e+04, 1.6941e-03
8.8493e+04, 1.4919e-03
8.8667e+04, 1.1852e-03
8.8841e+04, 9.6813e-04
8.9016e+04, 8.0392e-04
8.9190e+04, 6.8324e-04
8.9364e+04, 5.8807e-04
8.9539e+04, 5.1510e-04
8.9713e+04, 4.5585e-04
9.0062e+04, 3.7044e-04
9.0527e+04, 2.9875e-04
9.0992e+04, 2.5670e-04
9.1921e+04, 2.2759e-04
9.2444e+04, 2.3906e-04
9.2967e+04, 2.7673e-04
9.3491e+04, 3.5941e-04
9.4014e+04, 5.5157e-04
9.4166e+04, 6.5649e-04
9.4242e+04, 7.2055e-04
9.4319e+04, 8.0067e-04
9.4395e+04, 8.9927e-04
9.4433e+04, 9.5674e-04
9.4471e+04, 1.0212e-03
9.4509e+04, 1.0941e-03
9.4548e+04, 1.1782e-03
9.4586e+04, 1.2747e-03
9.4624e+04, 1.3866e-03
9.4651e+04, 1.4783e-03
9.4678e+04, 1.5818e-03
9.4706e+04, 1.6993e-03
9.4733e+04, 1.8337e-03
9.4746e+04, 1.9072e-03
9.4760e+04, 1.9873e-03
9.4787e+04, 2.1675e-03
9.4801e+04, 2.2690e-03
9.4814e+04, 2.3794e-03
9.4828e+04, 2.4998e-03
9.4842e+04, 2.6316e-03
9.4862e+04, 2.8488e-03
9.4882e+04, 3.0998e-03
9.4902e+04, 3.3925e-03
9.4922e+04, 3.7368e-03
9.4942e+04, 4.1467e-03
9.4962e+04, 4.6402e-03
9.4972e+04, 4.9257e-03
9.4982e+04, 5.2421e-03
9.4992e+04, 5.5941e-03
9.5002e+04, 5.9868e-03
9.5015e+04, 6.6018e-03
9.5029e+04, 7.3267e-03
9.5042e+04, 8.1897e-03
9.5056e+04, 9.2222e-03
9.5070e+04, 1.0470e-02
9.5076e+04, 1.1201e-02
9.5083e+04, 1.2014e-02
9.5090e+04, 1.2922e-02
9.5097e+04, 1.3937e-02
9.5104e+04, 1.5077e-02
9.5111e+04, 1.6361e-02
9.5121e+04, 1.8568e-02
9.5131e+04, 2.1227e-02
9.5141e+04, 2.4447e-02
9.5151e+04, 2.8360e-02
9.5156e+04, 3.0624e-02
9.5161e+04, 3.3112e-02
9.5166e+04, 3.5851e-02
9.5171e+04, 3.8845e-02
9.5181e+04, 4.5648e-02
9.5191e+04, 5.3464e-02
9.5213e+04, 7.1979e-02
9.5225e+04, 7.8733e-02
9.5230e+04, 8.0628e-02
9.5236e+04, 8.1301e-02
9.5241e+04, 8.0734e-02
9.5247e+04, 7.8797e-02
9.5253e+04, 7.5671e-02
9.5265e+04, 6.7018e-02
9.5288e+04, 4.7788e-02
9.5300e+04, 3.9678e-02
9.5312e+04, 3.3014e-02
9.5324e+04, 2.7669e-02
9.5336e+04, 2.3423e-02
9.5350e+04, 1.9297e-02
9.5365e+04, 1.6178e-02
9.5380e+04, 1.3790e-02
9.5395e+04, 1.1938e-02
9.5409e+04, 1.0480e-02
9.5424e+04, 9.3207e-03
9.5454e+04, 7.6368e-03
9.5483e+04, 6.4886e-03
9.5513e+04, 5.6899e-03
9.5543e+04, 5.1096e-03
9.5574e+04, 4.6968e-03
9.5635e+04, 4.1785e-03
9.5696e+04, 3.8891e-03
9.5756e+04, 3.7269e-03
9.5878e+04, 3.5134e-03
9.5939e+04, 3.4082e-03
9.5970e+04, 3.3464e-03
9.5985e+04, 3.3856e-03
9.5989e+04, 3.5392e-03
9.5990e+04, 3.6870e-03
9.5992e+04, 3.8983e-03
9.5994e+04, 4.1789e-03
9.5996e+04, 4.5259e-03
9.6000e+04, 5.3550e-03
9.6000e+04, 7.4184e-03
1.0000e+05, 7.4184e-03
1.0000e+05, 7.4184e-03
1.0500e+05, 7.3460e-03
1.1000e+05, 7.2737e-03
1.2000e+05, 7.1694e-03
1.2500e+05, 7.1173e-03
1.3000e+05, 7.2211e-03
1.3500e+05, 7.2067e-03
1.4000e+05, 7.1923e-03
1.4107e+05, 7.1893e-03
1.5000e+05, 7.1636e-03
1.5500e+05, 7.1492e-03
1.6000e+05, 7.1357e-03
1.7000e+05, 7.1086e-03
1.7500e+05, 7.0951e-03
1.8000e+05, 7.0816e-03
1.8500e+05, 7.0681e-03
1.9000e+05, 7.0545e-03
1.9500e+05, 7.0410e-03
2.0000e+05, 7.0275e-03
2.1000e+05, 7.0004e-03
2.2000e+05, 6.9403e-03
2.3000e+05, 6.9159e-03
2.4000e+05, 6.8915e-03
2.5000e+05, 6.8671e-03
2.6000e+05, 6.8550e-03
2.7000e+05, 6.8428e-03
2.8000e+05, 6.8307e-03
2.9000e+05, 6.8186e-03
3.0000e+05, 6.8163e-03
3.1000e+05, 6.8140e-03
3.2000e+05, 6.8117e-03
3.3000e+05, 6.8093e-03
3.4000e+05, 6.8070e-03
3.5000e+05, 6.8047e-03
3.6000e+05, 6.5792e-03
3.7000e+05, 6.5995e-03
3.8000e+05, 6.6509e-03
3.9000e+05, 6.6840e-03
4.0000e+05, 6.8201e-03
4.1000e+05, 6.8292e-03
4.2000e+05, 6.8382e-03
4.3000e+05, 6.8472e-03
4.4000e+05, 6.8562e-03
4.5000e+05, 6.8652e-03
4.6000e+05, 6.8742e-03
4.7000e+05, 6.8832e-03
4.8000e+05, 6.9000e-03
4.9000e+05, 6.9168e-03
5.0000e+05, 6.9336e-03
5.2000e+05, 6.9672e-03
5.3000e+05, 6.9840e-03
5.4000e+05, 7.0084e-03
5.5000e+05, 7.0328e-03
5.6000e+05, 7.0572e-03
5.7000e+05, 7.0816e-03
5.8000e+05, 7.1060e-03
6.0000e+05, 7.1694e-03
6.2000e+05, 7.2328e-03
6.4000e+05, 7.2962e-03
6.6000e+05, 7.3770e-03
6.8000e+05, 7.4579e-03
7.0000e+05, 7.5387e-03
7.0041e+05, 7.5407e-03
7.2000e+05, 7.6382e-03
7.4000e+05, 7.7377e-03
7.6000e+05, 7.8372e-03
7.7000e+05, 7.8869e-03
7.8000e+05, 7.9436e-03
8.0000e+05, 8.0569e-03
8.2000e+05, 8.1892e-03
8.4000e+05, 8.3215e-03
8.5848e+05, 8.4438e-03
8.6000e+05, 8.4538e-03
8.6419e+05, 8.4816e-03
8.7120e+05, 8.5279e-03
8.7120e+05, 8.5279e-03
8.8000e+05, 8.5861e-03
9.0000e+05, 8.7340e-03
9.4000e+05, 9.0297e-03
9.5518e+05, 9.1584e-03
9.6000e+05, 9.1992e-03
1.0000e+06, 9.5383e-03
1.0500e+06, 9.9898e-03
1.1000e+06, 1.0507e-02
1.1038e+06, 1.0546e-02
1.1500e+06, 1.1024e-02
1.2000e+06, 1.1625e-02
1.2183e+06, 1.1845e-02
1.2493e+06, 1.2217e-02
1.2500e+06, 1.2226e-02
1.2833e+06, 1.2676e-02
1.3000e+06, 1.2902e-02
1.3140e+06, 1.3091e-02
1.3500e+06, 1.3593e-02
1.3950e+06, 1.4273e-02
1.3980e+06, 1.4319e-02
1.4000e+06, 1.4349e-02
1.4500e+06, 1.5135e-02
1.4761e+06, 1.5545e-02
1.5000e+06, 1.5958e-02
1.5300e+06, 1.6476e-02
1.5983e+06, 1.7656e-02
1.5983e+06, 1.7656e-02
1.6000e+06, 1.7685e-02
1.7689e+06, 1.6352e-02
1.7689e+06, 1.6351e-02
1.8000e+06, 1.6106e-02
1.9000e+06, 1.4057e-02
1.9171e+06, 1.3060e-02
1.9171e+06, 1.3060e-02
2.0000e+06, 8.2315e-03
2.0730e+06, 7.4147e-03
2.2492e+06, 6.9354e-03
2.2860e+06, 6.8354e-03
2.3000e+06, 6.7486e-03
2.4000e+06, 6.4454e-03
2.4644e+06, 6.2120e-03
2.4644e+06, 6.2120e-03
2.5000e+06, 6.0830e-03
2.6000e+06, 5.5736e-03
2.9000e+06, 4.4768e-03
3.0000e+06, 4.1644e-03
3.2000e+06, 3.4573e-03
3.4000e+06, 3.1032e-03
3.6000e+06, 2.9513e-03
3.8000e+06, 2.6852e-03
4.0000e+06, 2.5563e-03
4.2000e+06, 2.3643e-03
4.4000e+06, 2.2490e-03
4.5000e+06, 2.2024e-03
4.6000e+06, 2.0850e-03
4.8000e+06, 1.9493e-03
5.0000e+06, 1.7751e-03
5.0435e+06, 1.7425e-03
5.2000e+06, 1.6253e-03
5.4000e+06, 1.4755e-03
5.5000e+06, 1.4043e-03
5.6000e+06, 1.3541e-03
5.8000e+06, 1.2593e-03
6.0000e+06, 1.1469e-03
6.3844e+06, 9.8482e-04
6.5080e+06, 9.3273e-04
6.8000e+06, 8.0966e-04
7.0000e+06, 7.2820e-04
7.0436e+06, 7.1714e-04
7.2700e+06, 6.5973e-04
7.9366e+06, 4.9849e-04
7.9366e+06, 4.9849e-04
8.0000e+06, 4.8316e-04
8.6000e+06, 3.8122e-04
9.0000e+06, 3.3439e-04
9.3998e+06, 3.0239e-04
9.5000e+06, 2.9437e-04
1.0000e+07, 2.7595e-04
1.0075e+07, 2.7504e-04
1.0200e+07, 2.7352e-04
1.1000e+07, 2.8997e-04
1.1600e+07, 3.2836e-04
1.2000e+07, 3.6169e-04
1.2400e+07, 4.0657e-04
1.2427e+07, 4.0964e-04
1.3000e+07, 4.7390e-04
1.3500e+07, 5.1416e-04
1.4000e+07, 5.6244e-04
1.4468e+07, 5.8880e-04
1.4468e+07, 5.8880e-04
1.4500e+07, 5.9062e-04
1.5000e+07, 5.9847e-04
1.6000e+07, 5.8071e-04
1.7000e+07, 4.8502e-04
1.8000e+07, 3.8441e-04
1.9000e+07, 2.7203e-04
2.0000e+07, 1.9765e-04
